1403638523.0778295994 4.10297 1.18815 -0.85978 0.17589 0.93019 -0.22673 0.22891
1403638523.1778295040 4.10672 1.16241 -0.86497 -0.02420 0.85257 -0.21810 0.47430
1403638523.2778294086 4.08660 1.13568 -0.88880 -0.00701 0.77779 -0.08039 0.62332
1403638523.3778295517 4.06642 1.13154 -0.93493 0.00133 0.77647 -0.08370 0.62457
1403638523.4778294563 4.04020 1.13243 -0.99471 0.00896 0.78059 -0.08409 0.61930
1403638523.5778295994 4.01059 1.13709 -1.06061 0.01755 0.79085 -0.08333 0.60605
1403638523.6778295040 3.97704 1.14700 -1.12771 0.02602 0.80115 -0.08423 0.59193
1403638523.7778294086 3.94297 1.16559 -1.19275 0.03334 0.80669 -0.08562 0.58379
1403638523.8778295517 3.91100 1.19100 -1.25380 0.04082 0.80783 -0.08608 0.58167
1403638523.9778294563 3.88380 1.21898 -1.30571 0.05324 0.80853 -0.08259 0.58020
1403638524.0778295994 3.86008 1.24637 -1.33889 0.06154 0.81271 -0.07636 0.57436
1403638524.1778295040 3.84708 1.25832 -1.34538 0.05991 0.81830 -0.07253 0.56703
1403638524.2778294086 3.88471 1.23336 -1.32702 0.05240 0.82071 -0.07221 0.56434
1403638524.3778295517 3.90270 1.22693 -1.29478 0.04380 0.81827 -0.07428 0.56834
1403638524.4778294563 3.91658 1.22478 -1.25733 0.03859 0.81161 -0.07577 0.57797
1403638524.5778295994 3.93181 1.22454 -1.22063 0.03773 0.80257 -0.07628 0.59046
1403638524.6778295040 3.93791 1.23774 -1.19037 0.04407 0.79497 -0.08158 0.59952
1403638524.7778294086 3.94302 1.25066 -1.17388 0.05823 0.79009 -0.08688 0.60400
1403638524.8778295517 3.94751 1.26183 -1.17233 0.06285 0.78789 -0.08974 0.60600
1403638524.9778294563 3.94622 1.27537 -1.18794 0.05725 0.78637 -0.08729 0.60887
1403638525.0778295994 3.94245 1.28842 -1.22592 0.06049 0.78395 -0.08366 0.61218
1403638525.1778295040 3.93932 1.29771 -1.28579 0.06334 0.78299 -0.07891 0.61375
1403638525.2778294086 3.93618 1.30130 -1.35960 0.06272 0.78627 -0.07408 0.61021
1403638525.3778295517 3.93241 1.31906 -1.44101 0.05889 0.79608 -0.07053 0.59818
1403638525.4778294563 3.92559 1.34086 -1.52282 0.04828 0.80885 -0.07034 0.58179
1403638525.5778295994 3.92248 1.36189 -1.59989 0.04058 0.81794 -0.07209 0.56933
1403638525.6778295040 3.91474 1.37138 -1.66969 0.03883 0.82027 -0.07504 0.56570
1403638525.7778294086 3.90766 1.38649 -1.73129 0.04192 0.81760 -0.08049 0.56858
1403638525.8778295517 3.90644 1.41659 -1.78441 0.05055 0.81307 -0.08502 0.57370
1403638525.9778294563 3.89678 1.44687 -1.82848 0.06045 0.81132 -0.08697 0.57492
1403638526.0778295994 3.87388 1.46849 -1.86380 0.06555 0.81243 -0.09011 0.57231
1403638526.1778295040 3.84274 1.47918 -1.89115 0.06754 0.81334 -0.09988 0.56916
1403638526.2778294086 3.80472 1.48716 -1.91369 0.07188 0.81076 -0.10919 0.57059
1403638526.3778295517 3.75891 1.49433 -1.93621 0.07572 0.80488 -0.11745 0.57675
1403638526.4778294563 3.70664 1.50006 -1.96159 0.07866 0.79764 -0.12785 0.58415
1403638526.5778295994 3.64823 1.50547 -1.99144 0.08189 0.79023 -0.13824 0.59137
1403638526.6778295040 3.58242 1.50914 -2.02427 0.08801 0.78344 -0.14605 0.59761
1403638526.7778294086 3.50854 1.51291 -2.05952 0.09762 0.77919 -0.15142 0.60034
1403638526.8778295517 3.42750 1.52485 -2.09729 0.10640 0.77775 -0.15489 0.59983
1403638526.9778294563 3.33891 1.54442 -2.13653 0.11030 0.77976 -0.16179 0.59468
1403638527.0778295994 3.24960 1.57317 -2.17557 0.11729 0.78198 -0.17589 0.58636
1403638527.1778295040 3.15902 1.60664 -2.21293 0.12448 0.78114 -0.19136 0.58112
1403638527.2778294086 3.07158 1.65110 -2.24920 0.13615 0.77585 -0.20464 0.58108
1403638527.3778295517 2.99143 1.71574 -2.28609 0.15246 0.76915 -0.21281 0.58298
1403638527.4778294563 2.91602 1.79607 -2.32555 0.16310 0.76510 -0.21658 0.58404
1403638527.5778295994 2.84559 1.89561 -2.36781 0.16623 0.76472 -0.21757 0.58330
1403638527.6778295040 2.77619 2.01333 -2.41269 0.16485 0.76634 -0.21410 0.58284
1403638527.7778294086 2.70986 2.14551 -2.45828 0.15981 0.76957 -0.20711 0.58252
1403638527.8778295517 2.64617 2.28525 -2.50179 0.14606 0.77437 -0.20271 0.58132
1403638527.9778294563 2.58255 2.43311 -2.54368 0.13689 0.77688 -0.19844 0.58168
1403638528.0778295994 2.52512 2.59028 -2.58769 0.13183 0.77772 -0.19156 0.58402
1403638528.1778295040 2.46786 2.75099 -2.63619 0.12373 0.78050 -0.18363 0.58463
1403638528.2778294086 2.41550 2.91296 -2.68785 0.11293 0.78464 -0.17443 0.58409
1403638528.3778295517 2.36870 3.07264 -2.74105 0.10798 0.78658 -0.16795 0.58432
1403638528.4778294563 2.32440 3.22859 -2.79407 0.11162 0.78722 -0.16651 0.58318
1403638528.5778295994 2.27778 3.38163 -2.84629 0.11391 0.78932 -0.17300 0.57799
1403638528.6778295040 2.21516 3.52947 -2.89718 0.11305 0.79020 -0.18213 0.57413
1403638528.7778294086 2.13659 3.68033 -2.94480 0.11865 0.78923 -0.18821 0.57237
1403638528.8778295517 2.03459 3.84075 -2.98941 0.11538 0.78769 -0.19625 0.57246
1403638528.9778294563 1.92124 4.01661 -3.02877 0.10905 0.78719 -0.20314 0.57199
1403638529.0778295994 1.77786 4.20499 -3.06594 0.11014 0.78849 -0.20524 0.56924
1403638529.1778295040 1.61593 4.40821 -3.10943 0.12655 0.79106 -0.19905 0.56443
1403638529.2778294086 1.44313 4.62281 -3.16364 0.13734 0.79439 -0.19366 0.55909
1403638529.3778295517 1.27724 4.85431 -3.22761 0.13994 0.80070 -0.19010 0.55060
1403638529.4778294563 1.12182 5.09648 -3.30143 0.13626 0.81138 -0.18950 0.53589
1403638529.5778295994 0.97643 5.34637 -3.37972 0.13185 0.82223 -0.18867 0.52054
1403638529.6778295040 0.83920 5.60385 -3.45803 0.13283 0.82679 -0.18661 0.51377
1403638529.7778294086 0.70692 5.86890 -3.53434 0.13392 0.82360 -0.18525 0.51907
1403638529.8778295517 0.57233 6.14155 -3.60788 0.13532 0.81722 -0.18525 0.52870
1403638529.9778294563 0.43687 6.40948 -3.67725 0.13612 0.81498 -0.18497 0.53205
1403638530.0778295994 0.29355 6.67622 -3.74270 0.13668 0.81647 -0.18599 0.52925
1403638530.1778295040 0.13884 6.94343 -3.80696 0.13733 0.81741 -0.19069 0.52595
1403638530.2778294086 -0.01950 7.21490 -3.87144 0.13943 0.81600 -0.19629 0.52552
1403638530.3778295517 -0.18370 7.49385 -3.93599 0.14200 0.81449 -0.20104 0.52538
1403638530.4778294563 -0.35620 7.78134 -3.99861 0.14233 0.81358 -0.20460 0.52533
1403638530.5778295994 -0.53647 8.07839 -4.05972 0.14166 0.81296 -0.20768 0.52525
1403638530.6778295040 -0.72480 8.38645 -4.12082 0.14209 0.81540 -0.21029 0.52029
1403638530.7778294086 -0.91581 8.70632 -4.18263 0.14147 0.81839 -0.21238 0.51490
1403638530.8778295517 -1.10821 9.03816 -4.24354 0.13988 0.81907 -0.21181 0.51448
1403638530.9778294563 -1.30469 9.38175 -4.30275 0.13977 0.81679 -0.21131 0.51833
1403638531.0778295994 -1.51223 9.73270 -4.36111 0.14163 0.81337 -0.20900 0.52411
1403638531.1778295040 -1.71936 10.09704 -4.41726 0.14336 0.81141 -0.20641 0.52768
1403638531.2778294086 -1.93547 10.46743 -4.47578 0.14657 0.81014 -0.20456 0.52948
1403638531.3778295517 -2.15184 10.85044 -4.53428 0.14731 0.80861 -0.20444 0.53166
1403638531.4778294563 -2.37627 11.24032 -4.59279 0.14801 0.80716 -0.20437 0.53369
1403638531.5778295994 -2.60785 11.64019 -4.65208 0.14884 0.80733 -0.20315 0.53366
1403638531.6778295040 -2.84411 12.04922 -4.71182 0.14838 0.80701 -0.20354 0.53413
1403638531.7778294086 -3.08479 12.46831 -4.77194 0.14900 0.80662 -0.20339 0.53460
1403638531.8778295517 -3.33112 12.89795 -4.83286 0.14949 0.80635 -0.20311 0.53498
1403638531.9778294563 -3.58297 13.33789 -4.89436 0.15004 0.80602 -0.20295 0.53538
1403638532.0778295994 -3.83981 13.78852 -4.95670 0.15059 0.80570 -0.20266 0.53581
1403638532.1778295040 -4.10144 14.25001 -5.01971 0.15092 0.80536 -0.20256 0.53627
1403638532.2778294086 -4.36816 14.72243 -5.08336 0.15121 0.80499 -0.20257 0.53673
1403638532.3778295517 -4.63988 15.20578 -5.14769 0.15154 0.80466 -0.20242 0.53721
1403638532.4778294563 -4.91709 15.70003 -5.21264 0.15189 0.80430 -0.20234 0.53767
1403638532.5778295994 -5.19996 16.20542 -5.27843 0.15232 0.80399 -0.20223 0.53805
1403638532.6778295040 -5.48814 16.72183 -5.34493 0.15278 0.80366 -0.20207 0.53847
1403638532.7778294086 -5.78204 17.24974 -5.41228 0.15330 0.80338 -0.20181 0.53884
1403638532.8778295517 -6.08142 17.78918 -5.48037 0.15379 0.80306 -0.20167 0.53924
1403638532.9778294563 -6.38633 18.34020 -5.54922 0.15419 0.80272 -0.20152 0.53968
1403638533.0778295994 -6.69690 18.90304 -5.61890 0.15463 0.80240 -0.20139 0.54008
1403638533.1778295040 -7.01304 19.47766 -5.68935 0.15504 0.80205 -0.20129 0.54052
1403638533.2778294086 -7.33488 20.06433 -5.76064 0.15547 0.80171 -0.20117 0.54094
1403638533.3778295517 -7.66252 20.66309 -5.83277 0.15598 0.80139 -0.20099 0.54134
1403638533.4778294563 -7.99598 21.27403 -5.90569 0.15640 0.80108 -0.20085 0.54173
1403638533.5778295994 -8.33549 21.89725 -5.97958 0.15681 0.80075 -0.20073 0.54214
1403638533.6778295040 -8.68098 22.53284 -6.05433 0.15721 0.80041 -0.20065 0.54256
1403638533.7778294086 -9.03270 23.18099 -6.13003 0.15766 0.80006 -0.20054 0.54298
1403638533.8778295517 -9.39126 23.84131 -6.20671 0.15787 0.79985 -0.20013 0.54339
1403638533.9778294563 -9.75785 24.51357 -6.28447 0.15842 0.79947 -0.20021 0.54375
1403638534.0778295994 -10.13107 25.19829 -6.36316 0.15923 0.79897 -0.20051 0.54413
1403638534.1778295040 -10.51049 25.89609 -6.44274 0.15934 0.79869 -0.20020 0.54463
1403638534.2778294086 -10.89686 26.60729 -6.52335 0.15953 0.79848 -0.19992 0.54499
1403638534.3778295517 -11.29220 27.33086 -6.60528 0.16001 0.79811 -0.19980 0.54543
1403638534.4778294563 -11.69611 28.06658 -6.68840 0.16058 0.79773 -0.19995 0.54577
1403638534.5778295994 -12.10647 28.81616 -6.77274 0.16084 0.79753 -0.19950 0.54614
1403638534.6778295040 -12.52484 29.57856 -6.85817 0.16102 0.79728 -0.19916 0.54658
1403638534.7778294086 -12.95153 30.35412 -6.94481 0.16154 0.79696 -0.19891 0.54699
1403638534.8778295517 -13.38393 31.14379 -7.03269 0.16225 0.79654 -0.19897 0.54737
1403638534.9778294563 -13.82191 31.94813 -7.12184 0.16277 0.79621 -0.19895 0.54770
1403638535.0778295994 -14.26590 32.76735 -7.21228 0.16312 0.79593 -0.19883 0.54805
1403638535.1778295040 -14.71681 33.60084 -7.30393 0.16351 0.79557 -0.19871 0.54849
1403638535.2778294086 -15.17465 34.44893 -7.39682 0.16390 0.79524 -0.19856 0.54892
1403638535.3778295517 -15.63884 35.31178 -7.49087 0.16436 0.79491 -0.19842 0.54929
1403638535.4778294563 -16.10911 36.18957 -7.58611 0.16490 0.79460 -0.19835 0.54961
1403638535.5778295994 -16.58560 37.08249 -7.68270 0.16534 0.79432 -0.19819 0.54995
1403638535.6778295040 -17.06855 37.99058 -7.78065 0.16577 0.79399 -0.19812 0.55032
1403638535.7778294086 -17.55793 38.91410 -7.87998 0.16630 0.79364 -0.19800 0.55071
1403638535.8778295517 -18.05353 39.85330 -7.98069 0.16668 0.79334 -0.19781 0.55109
1403638535.9778294563 -18.55618 40.80785 -8.08291 0.16708 0.79307 -0.19771 0.55140
1403638536.0778295994 -19.06541 41.77787 -8.18654 0.16752 0.79269 -0.19767 0.55182
1403638536.1778295040 -19.58145 42.76357 -8.29151 0.16798 0.79237 -0.19758 0.55217
1403638536.2778294086 -20.10420 43.76512 -8.39783 0.16848 0.79208 -0.19740 0.55250
1403638536.3778295517 -20.63369 44.78244 -8.50548 0.16895 0.79175 -0.19727 0.55288
1403638536.4778294563 -21.17030 45.81577 -8.61461 0.16941 0.79144 -0.19710 0.55324
1403638536.5778295994 -21.71414 46.86514 -8.72523 0.16979 0.79114 -0.19696 0.55360
1403638536.6778295040 -22.26548 47.93053 -8.83744 0.17024 0.79084 -0.19681 0.55395
1403638536.7778294086 -22.82481 49.01192 -8.95134 0.17076 0.79047 -0.19672 0.55435
1403638536.8778295517 -23.39203 50.10941 -9.06672 0.17117 0.79008 -0.19666 0.55479
1403638536.9778294563 -23.96705 51.22326 -9.18378 0.17155 0.78978 -0.19659 0.55513
1403638537.0778295994 -24.54961 52.35373 -9.30270 0.17202 0.78949 -0.19636 0.55548
1403638537.1778295040 -25.13959 53.50071 -9.42331 0.17260 0.78914 -0.19621 0.55585
1403638537.2778294086 -25.73713 54.66439 -9.54550 0.17318 0.78887 -0.19604 0.55611
1403638537.3778295517 -26.34238 55.84483 -9.66945 0.17363 0.78856 -0.19588 0.55646
1403638537.4778294563 -26.95555 57.04210 -9.79519 0.17404 0.78826 -0.19573 0.55682
1403638537.5778295994 -27.57704 58.25634 -9.92275 0.17450 0.78798 -0.19549 0.55715
1403638537.6778295040 -28.20596 59.48851 -10.05232 0.17502 0.78767 -0.19531 0.55749
1403638537.7778294086 -28.84245 60.73852 -10.18363 0.17546 0.78732 -0.19514 0.55791
1403638537.8778295517 -29.48557 62.00603 -10.31677 0.17600 0.78709 -0.19490 0.55815
1403638537.9778294563 -30.13654 63.29148 -10.45167 0.17653 0.78672 -0.19486 0.55852
1403638538.0778295994 -30.79538 64.59523 -10.58846 0.17699 0.78636 -0.19467 0.55894
1403638538.1778295040 -31.46135 65.91719 -10.72721 0.17747 0.78603 -0.19449 0.55931
1403638538.2778294086 -32.13441 67.25661 -10.86842 0.17793 0.78578 -0.19426 0.55960
1403638538.3778295517 -32.81597 68.61452 -11.01153 0.17859 0.78539 -0.19406 0.56000
1403638538.4778294563 -33.50467 69.99157 -11.15628 0.17903 0.78509 -0.19387 0.56036
1403638538.5778295994 -34.20166 71.38733 -11.30308 0.17971 0.78469 -0.19374 0.56074
1403638538.6778295040 -34.90601 72.80215 -11.45200 0.18007 0.78417 -0.19361 0.56139
1403638538.7778294086 -35.61571 74.23706 -11.60309 0.18060 0.78309 -0.19308 0.56292
1403638538.8778295517 -36.32471 75.69456 -11.75613 0.18061 0.78188 -0.19205 0.56494
1403638538.9778294563 -37.04503 77.16876 -11.90806 0.18288 0.77671 -0.18977 0.57208
1403638539.0778295994 -37.71853 78.69171 -12.06069 0.18644 0.77017 -0.18994 0.57965
1403638539.1778295040 -38.35858 80.25399 -12.21050 0.18786 0.76430 -0.18908 0.58720
1403638539.2778294086 -38.98866 81.84496 -12.35485 0.18953 0.76020 -0.18762 0.59243
1403638539.3778295517 -39.64159 83.44924 -12.49406 0.18992 0.76086 -0.18762 0.59145
1403638539.4778294563 -40.43513 85.00424 -12.62952 0.18963 0.76285 -0.18700 0.58918
1403638539.5778295994 -41.23878 86.57833 -12.76454 0.18966 0.76374 -0.18581 0.58839
1403638539.6778295040 -42.05180 88.17053 -12.90744 0.18842 0.76417 -0.18536 0.58838
1403638539.7778294086 -42.87337 89.78053 -13.06469 0.18910 0.76545 -0.18385 0.58696
1403638539.8778295517 -43.70313 91.40865 -13.23157 0.18815 0.76792 -0.18382 0.58405
1403638539.9778294563 -44.54056 93.05517 -13.40219 0.18588 0.77247 -0.18461 0.57849
1403638540.0778295994 -45.38516 94.71918 -13.57521 0.18473 0.77834 -0.18599 0.57050
1403638540.1778295040 -46.23442 96.40042 -13.75058 0.18401 0.78219 -0.18675 0.56519
1403638540.2778294086 -47.08737 98.09825 -13.92484 0.18609 0.77771 -0.18415 0.57152
1403638540.3778295517 -47.94589 99.81371 -14.10095 0.18882 0.77134 -0.18037 0.58038
1403638540.4778294563 -48.81128 101.54888 -14.28147 0.18713 0.76992 -0.17356 0.58487
1403638540.5778295994 -49.68416 103.30465 -14.46589 0.18123 0.77246 -0.16192 0.58673
1403638540.6778295040 -50.56504 105.08108 -14.65333 0.17458 0.77609 -0.14464 0.58846
1403638540.7778294086 -51.45435 106.87863 -14.84343 0.16875 0.78002 -0.12048 0.59041
1403638540.8778295517 -52.35247 108.69905 -15.03849 0.16048 0.78511 -0.09245 0.59102
1403638540.9778294563 -53.25989 110.54281 -15.23911 0.14869 0.78923 -0.06576 0.59219
1403638541.0778295994 -54.17813 112.40933 -15.44584 0.13657 0.79136 -0.04554 0.59416
1403638541.1778295040 -55.10737 114.29764 -15.66015 0.12801 0.79244 -0.03168 0.59553
1403638541.2778294086 -56.04829 116.20785 -15.87999 0.12360 0.79331 -0.02265 0.59570
1403638541.3778295517 -57.00132 118.14198 -16.09752 0.12104 0.79366 -0.01888 0.59591
1403638541.4778294563 -57.96767 120.09986 -16.31435 0.12020 0.79316 -0.01841 0.59675
1403638541.5778295994 -58.94579 122.08213 -16.52856 0.12153 0.79134 -0.01735 0.59892
1403638541.6778295040 -59.93383 124.09031 -16.73968 0.11802 0.79006 -0.01362 0.60141
1403638541.7778294086 -60.93553 126.12439 -16.94833 0.10887 0.79010 -0.00729 0.60319
1403638541.8778295517 -61.95256 128.18272 -17.15651 0.09766 0.79091 0.00236 0.60409
1403638541.9778294563 -62.98416 130.26263 -17.37200 0.08658 0.79321 0.01701 0.60252
1403638542.0778295994 -64.03084 132.36232 -17.59772 0.07347 0.79519 0.03458 0.60091
1403638542.1778295040 -64.80109 134.62319 -17.83282 0.05938 0.79670 0.05592 0.59884
1403638542.2778294086 -65.00015 137.16563 -18.07728 0.04901 0.80128 0.07947 0.59096
1403638542.3778295517 -63.94777 140.17315 -18.32826 0.04193 0.80638 0.10495 0.58050
1403638542.4778294563 -62.04492 143.26495 -18.58385 0.04151 0.80828 0.13467 0.57168
1403638542.5778295994 -59.91196 146.15185 -18.84494 0.04480 0.81179 0.16658 0.55790
1403638542.6778295040 -57.37209 148.81346 -19.10878 0.03302 0.82417 0.19436 0.53092
1403638542.7778294086 -54.98254 151.22662 -19.37070 0.00915 0.83971 0.20818 0.50147
1403638542.8778295517 -52.71528 153.48297 -19.63004 -0.01322 0.85273 0.21784 0.47457
1403638542.9778294563 -49.49094 155.34390 -19.88660 -0.04278 0.86584 0.23312 0.44061
1403638543.0778295994 -45.38395 156.53566 -20.14694 -0.08483 0.87505 0.25339 0.40358
1403638544.2778294086 0.09619 0.10692 0.03417 -0.09442 0.80747 0.13976 0.56529
1403638544.3778295517 0.13928 0.13882 0.02415 -0.08963 0.81179 0.12623 0.56306
1403638544.4778294563 0.18808 0.18084 0.00931 -0.08588 0.81339 0.12469 0.56168
1403638544.5778295994 0.22466 0.21110 -0.00906 -0.08443 0.81092 0.12312 0.56579
1403638544.6778295040 0.26372 0.24305 -0.02414 -0.08464 0.80469 0.12288 0.57464
1403638544.7778294086 0.29266 0.26272 -0.03745 -0.08453 0.80440 0.12302 0.57504
1403638544.8778295517 0.32271 0.28456 -0.05586 -0.08275 0.80845 0.12308 0.56958
1403638544.9778294563 0.34942 0.29816 -0.08132 -0.08225 0.80966 0.12268 0.56800
1403638545.0778295994 0.37876 0.31842 -0.11431 -0.08205 0.80852 0.12227 0.56975
1403638545.1778295040 0.40540 0.32756 -0.15556 -0.08088 0.80863 0.12287 0.56964
1403638545.2778294086 0.43366 0.34685 -0.20492 -0.07910 0.80844 0.12411 0.56987
1403638545.3778295517 0.45987 0.35597 -0.26087 -0.07870 0.80560 0.12376 0.57402
1403638545.4778294563 0.48286 0.36125 -0.32324 -0.08046 0.80579 0.12431 0.57339
1403638545.5778295994 0.50502 0.37669 -0.38395 -0.08515 0.80543 0.13136 0.57164
1403638545.6778295040 0.52634 0.38593 -0.44043 -0.09426 0.80383 0.14384 0.56945
1403638545.7778294086 0.54621 0.40282 -0.49147 -0.10415 0.80143 0.16205 0.56622
1403638545.8778295517 0.56925 0.42639 -0.53717 -0.11601 0.79735 0.18415 0.56290
1403638545.9778294563 0.62028 0.48295 -0.57724 -0.12580 0.79292 0.20886 0.55842
1403638546.0778295994 0.65814 0.52776 -0.61506 -0.13162 0.78781 0.23057 0.55576
1403638546.1778295040 0.68697 0.56435 -0.65958 -0.13852 0.78363 0.24460 0.55399
1403638546.2778294086 0.71177 0.59970 -0.71313 -0.14286 0.78166 0.25267 0.55205
1403638546.3778295517 0.73354 0.63640 -0.77451 -0.14841 0.78098 0.25442 0.55075
1403638546.4778294563 0.75373 0.67427 -0.84339 -0.14991 0.78117 0.25467 0.54995
1403638546.5778295994 0.77233 0.71489 -0.91466 -0.14916 0.78042 0.25723 0.55003
1403638546.6778295040 0.79344 0.75689 -0.98167 -0.15125 0.77809 0.26342 0.54982
1403638546.7778294086 0.81513 0.80478 -1.04030 -0.15203 0.77590 0.26930 0.54986
1403638546.8778295517 0.83680 0.85766 -1.09213 -0.15080 0.77431 0.27407 0.55008
1403638546.9778294563 0.85641 0.91346 -1.14706 -0.14718 0.77282 0.27817 0.55109
1403638547.0778295994 0.88031 0.97098 -1.21036 -0.14286 0.77179 0.28106 0.55222
1403638547.1778295040 0.90431 1.03199 -1.28161 -0.13770 0.77105 0.28382 0.55314
1403638547.2778294086 0.92935 1.09692 -1.35880 -0.13347 0.77040 0.28474 0.55461
1403638547.3778295517 0.95052 1.16599 -1.44130 -0.13526 0.77111 0.28131 0.55494
1403638547.4778294563 0.97673 1.24066 -1.52915 -0.13910 0.77311 0.27600 0.55388
1403638547.5778295994 0.99978 1.32074 -1.62302 -0.14132 0.77533 0.27076 0.55280
1403638547.6778295040 1.03295 1.40333 -1.72378 -0.13996 0.77624 0.26795 0.55324
1403638547.7778294086 1.06811 1.48589 -1.83064 -0.13555 0.77587 0.26795 0.55485
1403638547.8778295517 1.10873 1.57106 -1.94275 -0.12848 0.77409 0.27000 0.55801
1403638547.9778294563 1.15552 1.65766 -2.05530 -0.12690 0.77439 0.26969 0.55811
1403638548.0778295994 1.20117 1.74759 -2.16289 -0.12884 0.77518 0.27123 0.55581
1403638548.1778295040 1.25628 1.84011 -2.26455 -0.13243 0.77428 0.27703 0.55336
1403638548.2778294086 1.30670 1.93476 -2.36037 -0.13868 0.77197 0.28671 0.55011
1403638548.3778295517 1.35016 2.03544 -2.44956 -0.14558 0.76821 0.30024 0.54636
1403638548.4778294563 1.37603 2.16884 -2.53461 -0.15185 0.76426 0.31251 0.54332
1403638548.5778295994 1.41656 2.30641 -2.62388 -0.15625 0.76075 0.32200 0.54144
1403638548.6778295040 1.46770 2.45050 -2.71995 -0.15908 0.75847 0.32852 0.53991
1403638548.7778294086 1.54482 2.59651 -2.82020 -0.15998 0.75709 0.33354 0.53849
1403638548.8778295517 1.64235 2.73169 -2.91676 -0.15994 0.75674 0.33682 0.53695
1403638548.9778294563 1.72857 2.86517 -3.00829 -0.15943 0.75678 0.33784 0.53640
1403638549.0778295994 1.83911 2.99554 -3.09601 -0.15824 0.75745 0.33848 0.53540
1403638549.1778295040 1.96264 3.10932 -3.17958 -0.15840 0.75729 0.33838 0.53565
1403638549.2778294086 2.10260 3.20839 -3.25999 -0.15952 0.75787 0.33829 0.53455
1403638549.3778295517 2.24791 3.30279 -3.33778 -0.16119 0.75870 0.33618 0.53420
1403638549.4778294563 2.45747 3.35745 -3.41970 -0.16527 0.75916 0.33621 0.53229
1403638549.5778295994 2.64580 3.40595 -3.50920 -0.16616 0.75861 0.33548 0.53325
1403638549.6778295040 2.85235 3.41769 -3.60448 -0.16736 0.75744 0.33544 0.53456
1403638549.7778294086 3.05872 3.41503 -3.70195 -0.16751 0.75717 0.33708 0.53387
1403638549.8778295517 3.29536 3.36598 -3.79439 -0.17011 0.75785 0.33848 0.53119
1403638549.9778294563 3.50808 3.31368 -3.88060 -0.17027 0.75839 0.33821 0.53053
1403638550.0778295994 3.64222 3.33707 -3.95931 -0.16646 0.75922 0.33489 0.53265
1403638550.1778295040 3.79728 3.30550 -4.03183 -0.16576 0.75952 0.33368 0.53321
1403638550.2778294086 3.97715 3.19786 -4.09787 -0.16627 0.75848 0.33485 0.53379
1403638550.3778295517 4.13197 3.08106 -4.16184 -0.16683 0.75665 0.33507 0.53607
1403638550.4778294563 4.28406 2.93943 -4.23442 -0.17124 0.75566 0.33295 0.53740
1403638550.5778295994 4.19101 2.89134 -4.31520 -0.17236 0.75422 0.32645 0.54302
1403638550.6778295040 4.13981 2.84918 -4.40191 -0.17441 0.75016 0.32190 0.55066
1403638550.7778294086 4.14560 2.75938 -4.49420 -0.17741 0.74707 0.31903 0.55555
1403638550.8778295517 4.15761 2.66137 -4.59099 -0.18158 0.74011 0.31555 0.56542
1403638550.9778294563 4.19113 2.52558 -4.69339 -0.18609 0.73245 0.31262 0.57546
1403638551.0778295994 4.23859 2.39413 -4.80204 -0.18952 0.72736 0.31065 0.58183
1403638551.1778295040 4.27439 2.25111 -4.91158 -0.19549 0.72532 0.30757 0.58404
1403638551.2778294086 4.30145 2.09625 -5.01906 -0.19770 0.72520 0.30525 0.58466
1403638551.3778295517 4.31751 1.92676 -5.12676 -0.19497 0.72999 0.29848 0.58311
1403638551.4778294563 4.29550 1.72437 -5.24116 -0.18848 0.73637 0.28299 0.58494
1403638551.5778295994 4.25694 1.50706 -5.36346 -0.18183 0.74224 0.25991 0.59031
1403638551.6778295040 4.19284 1.27603 -5.49424 -0.17463 0.74898 0.23364 0.59494
1403638551.7778294086 4.10656 1.03294 -5.63256 -0.16300 0.75268 0.20797 0.60304
1403638551.8778295517 3.99298 0.77750 -5.77826 -0.14914 0.75404 0.18583 0.61209
1403638551.9778294563 3.85152 0.51264 -5.92427 -0.13112 0.75172 0.17320 0.62268
1403638552.0778295994 3.66879 0.24262 -6.06683 -0.11469 0.74899 0.16302 0.63190
1403638552.1778295040 3.45244 -0.02936 -6.20949 -0.10477 0.75102 0.15318 0.63366
1403638552.2778294086 3.17283 -0.28644 -6.35136 -0.09571 0.75310 0.14410 0.63476
1403638552.3778295517 2.87584 -0.54774 -6.49913 -0.09101 0.75179 0.13516 0.63895
1403638552.4778294563 2.55524 -0.80971 -6.65576 -0.08912 0.74460 0.12729 0.64917
1403638552.5778295994 2.22754 -1.08734 -6.82308 -0.08650 0.73842 0.12213 0.65753
1403638552.6778295040 1.88013 -1.37616 -7.00209 -0.08053 0.73601 0.12044 0.66129
1403638552.7778294086 1.51274 -1.67840 -7.19253 -0.07486 0.73592 0.11915 0.66228
1403638552.8778295517 1.12183 -1.99171 -7.39304 -0.06812 0.73604 0.12036 0.66266
1403638552.9778294563 0.70749 -2.31550 -7.60375 -0.05906 0.73622 0.12370 0.66271
1403638553.0778295994 0.26734 -2.64712 -7.82438 -0.05127 0.73628 0.12709 0.66266
1403638553.1778295040 -0.18852 -2.99410 -8.05294 -0.05199 0.73147 0.12671 0.66798
1403638553.2778294086 -0.67591 -3.34607 -8.28685 -0.05336 0.72376 0.12604 0.67635
1403638553.3778295517 -1.17682 -3.72402 -8.52234 -0.05044 0.71848 0.12874 0.68166
1403638553.4778294563 -1.68908 -4.13462 -8.75965 -0.04286 0.71399 0.13400 0.68587
1403638553.5778295994 -2.21107 -4.58248 -8.99859 -0.03731 0.71028 0.13881 0.68908
1403638553.6778295040 -2.77525 -5.03722 -9.24254 -0.03477 0.70949 0.14140 0.68951
1403638553.7778294086 -3.36726 -5.51282 -9.48755 -0.03378 0.70977 0.14309 0.68892
1403638553.8778295517 -4.02260 -5.96361 -9.73440 -0.03178 0.71133 0.14290 0.68745
1403638553.9778294563 -4.68750 -6.45339 -9.98758 -0.03228 0.71350 0.14137 0.68548
1403638554.0778295994 -5.43288 -6.89276 -10.25226 -0.03051 0.71644 0.13883 0.68301
1403638554.1778295040 -6.16056 -7.39539 -10.52963 -0.02703 0.72016 0.13964 0.67907
1403638554.2778294086 -6.96175 -7.84835 -10.81970 -0.02134 0.72825 0.13955 0.67061
1403638554.3778295517 -7.72961 -8.38585 -11.12014 -0.01813 0.73277 0.14143 0.66537
1403638554.4778294563 -8.51808 -8.93579 -11.42858 -0.01732 0.73401 0.14258 0.66378
1403638554.5778295994 -9.33347 -9.49060 -11.74527 -0.01957 0.73339 0.14170 0.66459
1403638554.6778295040 -10.23719 -9.96440 -12.06605 -0.02512 0.73278 0.13612 0.66624
1403638554.7778294086 -11.10975 -10.53301 -12.38810 -0.03040 0.73056 0.13309 0.66906
1403638554.8778295517 -12.06281 -11.02734 -12.71157 -0.03203 0.72863 0.13006 0.67168
1403638554.9778294563 -13.02285 -11.55804 -13.04022 -0.03367 0.72650 0.12656 0.67457
1403638555.0778295994 -13.99512 -12.11452 -13.38123 -0.03015 0.72572 0.12092 0.67661
1403638555.1778295040 -14.99330 -12.68271 -13.73449 -0.02426 0.72634 0.11138 0.67781
1403638555.2778294086 -16.01806 -13.26150 -14.09996 -0.01883 0.72631 0.10062 0.67970
1403638555.3778295517 -17.07060 -13.85019 -14.47485 -0.01116 0.72509 0.09398 0.68212
1403638555.4778294563 -18.15075 -14.44849 -14.85957 -0.00486 0.72384 0.08952 0.68412
1403638555.5778295994 -19.26024 -15.05552 -15.25329 -0.00225 0.72228 0.08634 0.68618
1403638555.6778295040 -20.40230 -15.67081 -15.64937 -0.00231 0.72191 0.08420 0.68684
1403638555.7778294086 -21.58017 -16.29491 -16.04411 -0.00212 0.72207 0.08389 0.68671
1403638555.8778295517 -22.79343 -16.92731 -16.43750 -0.00167 0.72146 0.08490 0.68723
1403638555.9778294563 -24.03671 -17.56796 -16.83374 0.00025 0.71983 0.08696 0.68868
1403638556.0778295994 -25.31077 -18.21636 -17.23268 0.00150 0.71949 0.08810 0.68889
1403638556.1778295040 -25.86393 -20.13193 -17.64363 -0.02040 0.72236 0.09800 0.68423
1403638556.2778294086 -27.74328 -19.91288 -18.06657 -0.01292 0.72396 0.08521 0.68444
1403638556.3778295517 -28.37750 -21.78643 -18.50160 -0.02810 0.72493 0.09492 0.68167
1403638556.4778294563 -30.11180 -21.94068 -18.94360 -0.02328 0.72649 0.08386 0.68164
1403638556.5778295994 -30.81089 -23.77294 -19.39190 -0.03809 0.72747 0.09115 0.67899
1403638556.6778295040 -32.57483 -24.01737 -19.84474 -0.04245 0.72432 0.07558 0.68399
1403638556.7778294086 -33.03295 -26.26107 -20.29764 -0.06581 0.71548 0.08781 0.68996
1403638556.8778295517 -35.48955 -25.61391 -20.75182 -0.05107 0.70906 0.06039 0.70070
1403638558.0778295994 0.29811 -0.78615 0.11506 -0.33087 0.79274 0.18358 0.47790
1403638558.1778295040 0.27363 -0.88140 0.11270 -0.10246 0.81960 0.13885 0.54633
1403638558.2778294086 0.31053 -0.96455 0.11600 -0.08771 0.82548 0.12845 0.54258
1403638558.3778295517 0.35563 -1.04268 0.12979 -0.08450 0.82763 0.13061 0.53929
1403638558.4778294563 0.40198 -1.11892 0.15225 -0.08104 0.83220 0.13243 0.53230
1403638558.5778295994 0.45454 -1.19305 0.18280 -0.08373 0.83369 0.13016 0.53010
1403638558.6778295040 0.51510 -1.26569 0.22068 -0.09138 0.83143 0.12384 0.53388
1403638558.7778294086 0.58797 -1.33887 0.25800 -0.09860 0.82846 0.11878 0.53835
1403638558.8778295517 0.66139 -1.42403 0.28862 -0.10004 0.82606 0.11726 0.54209
1403638558.9778294563 0.74514 -1.51336 0.31276 -0.09846 0.82099 0.11786 0.54990
1403638559.0778295994 0.83658 -1.60382 0.32948 -0.09600 0.81681 0.11920 0.55624
1403638559.1778295040 0.93351 -1.69246 0.33927 -0.09396 0.81389 0.12057 0.56055
1403638559.2778294086 1.03235 -1.77932 0.34295 -0.09025 0.81229 0.12348 0.56285
1403638559.3778295517 1.13109 -1.86424 0.34012 -0.08539 0.81149 0.12703 0.56396
1403638559.4778294563 1.22783 -1.94404 0.33153 -0.08207 0.81015 0.12972 0.56577
1403638559.5778295994 1.32447 -2.01993 0.31731 -0.08014 0.80865 0.13195 0.56767
1403638559.6778295040 1.41769 -2.08733 0.29954 -0.08065 0.80758 0.13270 0.56894
1403638559.7778294086 1.51014 -2.15149 0.28539 -0.08141 0.80699 0.13399 0.56937
1403638559.8778295517 1.60276 -2.20990 0.27668 -0.08384 0.80727 0.13339 0.56877
1403638559.9778294563 1.69358 -2.26661 0.26861 -0.08325 0.80800 0.12703 0.56927
1403638560.0778295994 1.78733 -2.31995 0.25415 -0.07792 0.80988 0.11263 0.57038
1403638560.1778295040 1.88134 -2.37269 0.23281 -0.06742 0.81143 0.09298 0.57305
1403638560.2778294086 1.97636 -2.42411 0.20663 -0.05426 0.81286 0.07025 0.57566
1403638560.3778295517 2.07215 -2.47498 0.17861 -0.04042 0.81046 0.04605 0.58259
1403638560.4778294563 2.16625 -2.52376 0.14711 -0.02550 0.80806 0.02099 0.58817
1403638560.5778295994 2.25698 -2.57225 0.11121 -0.01309 0.80623 -0.00611 0.59143
1403638560.6778295040 2.34291 -2.62126 0.07162 -0.00323 0.80518 -0.03499 0.59199
1403638560.7778294086 2.41759 -2.67044 0.03521 0.00351 0.80354 -0.06083 0.59213
1403638560.8778295517 2.48534 -2.72493 0.00652 0.01424 0.80099 -0.08320 0.59270
1403638560.9778294563 2.54800 -2.78490 -0.01476 0.02710 0.79723 -0.10307 0.59419
1403638561.0778295994 2.60393 -2.85024 -0.02787 0.04028 0.79234 -0.12132 0.59654
1403638561.1778295040 2.64740 -2.91732 -0.03514 0.05222 0.78711 -0.13730 0.59906
1403638561.2778294086 2.68246 -2.98557 -0.03564 0.05983 0.78255 -0.14898 0.60153
1403638561.3778295517 2.70874 -3.05543 -0.03425 0.06622 0.78535 -0.15432 0.59584
1403638561.4778294563 2.72971 -3.12713 -0.03745 0.07556 0.79256 -0.15240 0.58559
1403638561.5778295994 2.74860 -3.20014 -0.04656 0.08186 0.79795 -0.14849 0.57838
1403638561.6778295040 2.76699 -3.27375 -0.06105 0.08336 0.80089 -0.14565 0.57482
1403638561.7778294086 2.78304 -3.34769 -0.08035 0.08306 0.80205 -0.14300 0.57391
1403638561.8778295517 2.79494 -3.42122 -0.10473 0.08520 0.80179 -0.14167 0.57429
1403638561.9778294563 2.80112 -3.49346 -0.13407 0.09031 0.80086 -0.14593 0.57373
1403638562.0778295994 2.80474 -3.56431 -0.16069 0.09789 0.79908 -0.15466 0.57269
1403638562.1778295040 2.79837 -3.63183 -0.18021 0.10625 0.79676 -0.16472 0.57163
1403638562.2778294086 2.79013 -3.69486 -0.19511 0.11400 0.79418 -0.17332 0.57117
1403638562.3778295517 2.77718 -3.75409 -0.20365 0.12182 0.79003 -0.18542 0.57152
1403638562.4778294563 2.76208 -3.81159 -0.20841 0.13089 0.78566 -0.20187 0.56997
1403638562.5778295994 2.74638 -3.86854 -0.20593 0.14161 0.77969 -0.22202 0.56809
1403638562.6778295040 2.72849 -3.92543 -0.19924 0.15115 0.77255 -0.24611 0.56547
1403638562.7778294086 2.70777 -3.98453 -0.19082 0.16125 0.76337 -0.27173 0.56341
1403638562.8778295517 2.68111 -4.04197 -0.18680 0.17495 0.75456 -0.29532 0.55930
1403638562.9778294563 2.65013 -4.09831 -0.18848 0.18915 0.74613 -0.31679 0.55422
1403638563.0778295994 2.61507 -4.15267 -0.19557 0.19825 0.73629 -0.33928 0.55087
1403638563.1778295040 2.57263 -4.20521 -0.20747 0.20974 0.72811 -0.35770 0.54582
1403638563.2778294086 2.52449 -4.25632 -0.22319 0.22233 0.71952 -0.36950 0.54436
1403638563.3778295517 2.46905 -4.30389 -0.24272 0.23307 0.70817 -0.37582 0.55039
1403638563.4778294563 2.40538 -4.34752 -0.26763 0.23793 0.69943 -0.38025 0.55642
1403638563.5778295994 2.33260 -4.38844 -0.29297 0.24334 0.69974 -0.38051 0.55350
1403638563.6778295040 2.25238 -4.42796 -0.31219 0.24197 0.70272 -0.38212 0.54920
1403638563.7778294086 2.16347 -4.46845 -0.32475 0.23812 0.70448 -0.38332 0.54778
1403638563.8778295517 2.07007 -4.50818 -0.32839 0.23558 0.70443 -0.38237 0.54961
1403638563.9778294563 1.96555 -4.54820 -0.32592 0.23303 0.70399 -0.38030 0.55269
1403638564.0778295994 1.85256 -4.58695 -0.32625 0.22878 0.70537 -0.37851 0.55394
1403638564.1778295040 1.73198 -4.62501 -0.33155 0.22750 0.70709 -0.37421 0.55519
1403638564.2778294086 1.60424 -4.66592 -0.33930 0.22896 0.70783 -0.36814 0.55770
1403638564.3778295517 1.46960 -4.70242 -0.34241 0.22985 0.70852 -0.36294 0.55987
1403638564.4778294563 1.32791 -4.74232 -0.33875 0.23078 0.70914 -0.35803 0.56185
1403638564.5778295994 1.17587 -4.77073 -0.33123 0.22746 0.71087 -0.35829 0.56085
1403638564.6778295040 1.01641 -4.80353 -0.32620 0.22127 0.71134 -0.36108 0.56095
1403638564.7778294086 0.84563 -4.82782 -0.32772 0.21755 0.71054 -0.36413 0.56144
1403638564.8778295517 0.67200 -4.86116 -0.33774 0.21506 0.70916 -0.36553 0.56324
1403638564.9778294563 0.48838 -4.88610 -0.36526 0.21375 0.70789 -0.36696 0.56439
1403638565.0778295994 0.30107 -4.92002 -0.40972 0.21176 0.70799 -0.36715 0.56489
1403638565.1778295040 0.10783 -4.95525 -0.46900 0.21036 0.70866 -0.36703 0.56465
1403638565.2778294086 -0.09348 -4.98847 -0.53316 0.21127 0.70980 -0.36643 0.56326
1403638565.3778295517 -0.30175 -5.02207 -0.59964 0.21331 0.71116 -0.36557 0.56135
1403638565.4778294563 -0.51693 -5.05787 -0.66634 0.21638 0.71086 -0.36428 0.56139
1403638565.5778295994 -0.73883 -5.09463 -0.72658 0.22366 0.70974 -0.36124 0.56192
1403638565.6778295040 -0.96701 -5.13030 -0.77788 0.23477 0.71182 -0.35546 0.55843
1403638565.7778294086 -1.19797 -5.16146 -0.82219 0.24180 0.71600 -0.35248 0.55194
1403638565.8778295517 -1.43218 -5.18461 -0.85881 0.24740 0.71924 -0.35035 0.54657
1403638565.9778294563 -1.66708 -5.20130 -0.89157 0.24876 0.72061 -0.35165 0.54330
1403638566.0778295994 -1.90072 -5.21334 -0.92975 0.24973 0.72131 -0.35249 0.54139
1403638566.1778295040 -2.13255 -5.22064 -0.97586 0.24789 0.72081 -0.35398 0.54192
1403638566.2778294086 -2.36354 -5.22347 -1.02964 0.24884 0.72069 -0.35320 0.54216
1403638566.3778295517 -2.59232 -5.22381 -1.09135 0.24872 0.72195 -0.35278 0.54080
1403638566.4778294563 -2.81864 -5.22140 -1.15873 0.24568 0.72182 -0.35369 0.54177
1403638566.5778295994 -3.04287 -5.21633 -1.23137 0.24356 0.72538 -0.35346 0.53811
1403638566.6778295040 -3.26453 -5.20867 -1.31118 0.23788 0.73468 -0.35557 0.52653
1403638566.7778294086 -3.48193 -5.20160 -1.39565 0.23067 0.74618 -0.35862 0.51127
1403638566.8778295517 -3.69289 -5.19693 -1.48323 0.22453 0.75406 -0.36074 0.50084
1403638566.9778294563 -3.89706 -5.19639 -1.57299 0.22226 0.75881 -0.35972 0.49538
1403638567.0778295994 -4.09257 -5.20037 -1.66044 0.22702 0.75187 -0.35525 0.50690
1403638567.1778295040 -4.28210 -5.20867 -1.75014 0.23603 0.74128 -0.34851 0.52282
1403638567.2778294086 -4.46543 -5.21716 -1.84453 0.24369 0.73399 -0.34355 0.53276
1403638567.3778295517 -4.64510 -5.22225 -1.94417 0.24737 0.73249 -0.34233 0.53392
1403638567.4778294563 -4.82104 -5.22363 -2.04013 0.24863 0.73292 -0.34358 0.53195
1403638567.5778295994 -4.99338 -5.22252 -2.12978 0.24787 0.73555 -0.34665 0.52665
1403638567.6778295040 -5.16299 -5.22036 -2.21062 0.24902 0.73843 -0.34850 0.52082
1403638567.7778294086 -5.32849 -5.21807 -2.28263 0.24889 0.74133 -0.35038 0.51548
1403638567.8778295517 -5.48716 -5.21767 -2.34679 0.24605 0.74372 -0.35385 0.51102
1403638567.9778294563 -5.63614 -5.22078 -2.40456 0.24534 0.74431 -0.35523 0.50953
1403638568.0778295994 -5.77741 -5.22638 -2.45485 0.24808 0.74499 -0.35364 0.50831
1403638568.1778295040 -5.91109 -5.23338 -2.49660 0.25020 0.74497 -0.35224 0.50827
1403638568.2778294086 -6.04051 -5.24067 -2.53132 0.25097 0.74489 -0.35250 0.50784
1403638568.3778295517 -6.16502 -5.24893 -2.56572 0.25053 0.74535 -0.35305 0.50699
1403638568.4778294563 -6.28519 -5.24897 -2.60508 0.25045 0.74616 -0.35331 0.50565
1403638568.5778295994 -6.39925 -5.25738 -2.64786 0.25033 0.74781 -0.35336 0.50323
1403638568.6778295040 -6.50554 -5.25891 -2.69232 0.25048 0.75001 -0.35283 0.50026
1403638568.7778294086 -6.60436 -5.26649 -2.73421 0.24936 0.75128 -0.35354 0.49841
1403638568.8778295517 -6.69543 -5.27272 -2.76798 0.24797 0.75007 -0.35497 0.49989
1403638568.9778294563 -6.77892 -5.27471 -2.79369 0.25010 0.75022 -0.35323 0.49985
1403638569.0778295994 -6.85528 -5.28103 -2.81124 0.25171 0.75040 -0.35236 0.49938
1403638569.1778295040 -6.92365 -5.28300 -2.82179 0.25188 0.75110 -0.35270 0.49800
1403638569.2778294086 -6.98684 -5.28660 -2.83192 0.25316 0.75261 -0.35235 0.49532
1403638569.3778295517 -7.04337 -5.28811 -2.84681 0.25406 0.75258 -0.35213 0.49505
1403638569.4778294563 -7.09284 -5.29235 -2.86638 0.25554 0.75139 -0.35126 0.49671
1403638569.5778295994 -7.13411 -5.29389 -2.88905 0.25704 0.75031 -0.35051 0.49811
1403638569.6778295040 -7.16422 -5.29264 -2.90652 0.25719 0.74877 -0.35106 0.49995
1403638569.7778294086 -7.19140 -5.28801 -2.91788 0.25878 0.74813 -0.35025 0.50066
1403638569.8778295517 -7.21077 -5.28529 -2.92327 0.26079 0.74730 -0.34887 0.50182
1403638569.9778294563 -7.22535 -5.27925 -2.92549 0.26070 0.74548 -0.34908 0.50443
1403638570.0778295994 -7.23624 -5.26828 -2.93118 0.25917 0.74419 -0.35029 0.50627
1403638570.1778295040 -7.24290 -5.25483 -2.94343 0.25481 0.74309 -0.35296 0.50824
1403638570.2778294086 -7.24591 -5.24005 -2.96141 0.24842 0.74065 -0.35704 0.51211
1403638570.3778295517 -7.24477 -5.22415 -2.98405 0.24296 0.73735 -0.36371 0.51478
1403638570.4778294563 -7.24088 -5.21339 -3.01244 0.23915 0.73050 -0.37778 0.51620
1403638570.5778295994 -7.24084 -5.20383 -3.04713 0.23319 0.71715 -0.40154 0.51969
1403638570.6778295040 -7.24941 -5.20231 -3.08668 0.23501 0.70059 -0.42617 0.52184
1403638570.7778294086 -7.26343 -5.21180 -3.12831 0.24554 0.67929 -0.44705 0.52765
1403638570.8778295517 -7.26363 -5.23606 -3.17066 0.26138 0.65867 -0.46518 0.53051
1403638570.9778294563 -7.27719 -5.26346 -3.21548 0.27730 0.64263 -0.48167 0.52738
1403638571.0778295994 -7.30605 -5.28601 -3.26361 0.29132 0.63240 -0.49829 0.51662
1403638571.1778295040 -7.34802 -5.30421 -3.30926 0.30695 0.62974 -0.51087 0.49821
1403638571.2778294086 -7.40185 -5.31879 -3.34616 0.32281 0.62803 -0.51739 0.48340
1403638571.3778295517 -7.47294 -5.33263 -3.37364 0.33315 0.62510 -0.52211 0.47504
1403638571.4778294563 -7.55635 -5.34724 -3.39197 0.33865 0.62070 -0.52514 0.47357
1403638571.5778295994 -7.64803 -5.36230 -3.40709 0.34454 0.61704 -0.52775 0.47121
1403638571.6778295040 -7.74599 -5.37741 -3.42708 0.34770 0.61325 -0.53592 0.46457
1403638571.7778294086 -7.84984 -5.39264 -3.45275 0.35170 0.60761 -0.54770 0.45513
1403638571.8778295517 -7.95805 -5.40813 -3.48274 0.35548 0.59798 -0.56249 0.44683
1403638571.9778294563 -8.07241 -5.42507 -3.51032 0.36051 0.58464 -0.57814 0.44044
1403638572.0778295994 -8.19388 -5.44258 -3.53019 -0.36691 -0.57087 0.59270 -0.43381
1403638572.1778295040 -8.32308 -5.45902 -3.54184 -0.37909 -0.55882 0.60362 -0.42386
1403638572.2778294086 -8.45766 -5.47592 -3.54992 -0.38782 -0.54858 0.61683 -0.41009
1403638572.3778295517 -8.59642 -5.49491 -3.56109 -0.39523 -0.53715 0.63144 -0.39566
1403638572.4778294563 -8.73916 -5.51694 -3.57547 -0.40384 -0.52866 0.64158 -0.38185
1403638572.5778295994 -8.88463 -5.54365 -3.59114 -0.41106 -0.52212 0.64772 -0.37266
1403638572.6778295040 -9.03251 -5.57515 -3.60522 -0.41428 -0.51871 0.65171 -0.36686
1403638572.7778294086 -9.18332 -5.61289 -3.61108 -0.41874 -0.52048 0.65181 -0.35904
1403638572.8778295517 -9.33404 -5.65677 -3.60804 -0.41968 -0.52332 0.65193 -0.35354
1403638572.9778294563 -9.48512 -5.70643 -3.59967 -0.41876 -0.52597 0.65166 -0.35120
1403638573.0778295994 -9.63556 -5.76092 -3.59443 -0.41704 -0.52855 0.65120 -0.35021
1403638573.1778295040 -9.78701 -5.82188 -3.59500 -0.41477 -0.53073 0.65054 -0.35084
1403638573.2778294086 -9.93289 -5.88598 -3.59693 -0.41332 -0.53284 0.64923 -0.35178
1403638573.3778295517 -10.08195 -5.95845 -3.59779 -0.41228 -0.53404 0.64858 -0.35238
1403638573.4778294563 -10.22574 -6.03528 -3.59526 -0.41439 -0.53413 0.64876 -0.34944
1403638573.5778295994 -10.37320 -6.12261 -3.58388 -0.41530 -0.53406 0.64889 -0.34821
1403638573.6778295040 -10.52052 -6.21619 -3.56539 -0.41666 -0.53432 0.64946 -0.34511
1403638573.7778294086 -10.66676 -6.31701 -3.54337 -0.42232 -0.52984 0.65113 -0.34198
1403638573.8778295517 -10.81409 -6.42541 -3.52219 -0.43582 -0.51841 0.65227 -0.34037
1403638573.9778294563 -10.95904 -6.53885 -3.50656 -0.44813 -0.49914 0.65873 -0.34075
1403638574.0778295994 -11.10196 -6.65287 -3.49786 -0.45579 -0.47223 0.67067 -0.34561
1403638574.1778295040 -11.24567 -6.76640 -3.49450 -0.46296 -0.44268 0.68416 -0.34875
1403638574.2778294086 -11.38448 -6.87334 -3.49523 -0.47071 -0.41699 0.69752 -0.34354
1403638574.3778295517 -11.52353 -6.97332 -3.49991 -0.47807 -0.39721 0.71078 -0.32935
1403638574.4778294563 -11.66543 -7.06801 -3.50764 -0.48540 -0.37980 0.72293 -0.31228
1403638574.5778295994 -11.80928 -7.15812 -3.51243 -0.49138 -0.36472 0.73186 -0.29985
1403638574.6778295040 -11.95655 -7.24590 -3.50907 -0.49886 -0.35636 0.73594 -0.28729
1403638574.7778294086 -12.10519 -7.33273 -3.49869 0.50430 0.35553 -0.73819 0.27268
1403638574.8778295517 -12.25503 -7.41938 -3.48551 0.50173 0.35610 -0.74291 0.26372
1403638574.9778294563 -12.40758 -7.50661 -3.47652 -0.49774 -0.35745 0.74665 -0.25884
1403638575.0778295994 -12.56214 -7.59528 -3.47407 -0.49104 -0.35441 0.75089 -0.26351
1403638575.1778295040 -12.72102 -7.68642 -3.47683 -0.48700 -0.35087 0.75284 -0.27009
1403638575.2778294086 -12.88227 -7.77348 -3.48333 -0.48507 -0.34944 0.75304 -0.27482
1403638575.3778295517 -13.04737 -7.85932 -3.49442 -0.48117 -0.35265 0.75425 -0.27426
1403638575.4778294563 -13.21509 -7.94341 -3.50949 -0.47786 -0.35845 0.75474 -0.27116
1403638575.5778295994 -13.38841 -8.02520 -3.52460 -0.47572 -0.36418 0.75423 -0.26870
1403638575.6778295040 -13.56797 -8.10742 -3.53351 -0.47685 -0.37223 0.75168 -0.26273
1403638575.7778294086 -13.75412 -8.19194 -3.53471 -0.47505 -0.37971 0.75121 -0.25656
1403638575.8778295517 -13.94543 -8.28219 -3.52644 -0.47336 -0.38471 0.75069 -0.25376
1403638575.9778294563 -14.14048 -8.37918 -3.50817 -0.47300 -0.38560 0.74991 -0.25539
1403638576.0778295994 -14.33890 -8.48325 -3.48208 -0.47350 -0.38696 0.74869 -0.25598
1403638576.1778295040 -14.54135 -8.59376 -3.44995 -0.47495 -0.38584 0.74756 -0.25827
1403638576.2778294086 -14.74077 -8.70975 -3.42069 -0.47833 -0.38739 0.74536 -0.25606
1403638576.3778295517 -14.93896 -8.83160 -3.39698 -0.48167 -0.38994 0.74322 -0.25211
1403638576.4778294563 -15.13829 -8.95973 -3.37896 -0.48365 -0.39334 0.74188 -0.24696
1403638576.5778295994 -15.33786 -9.09611 -3.36541 -0.48527 -0.39828 0.74076 -0.23906
1403638576.6778295040 -15.53399 -9.24082 -3.35554 -0.48732 -0.40040 0.73937 -0.23565
1403638576.7778294086 -15.72550 -9.39417 -3.34901 -0.49348 -0.39942 0.73523 -0.23744
1403638576.8778295517 -15.91004 -9.55197 -3.34738 -0.49901 -0.39519 0.73186 -0.24329
1403638576.9778294563 -16.08768 -9.71416 -3.35055 0.50086 0.38825 -0.73122 0.25244
1403638577.0778295994 -16.25951 -9.87746 -3.35445 -0.49902 -0.38314 0.73299 -0.25867
1403638577.1778295040 -16.42753 -10.04195 -3.35100 -0.49808 -0.37941 0.73399 -0.26311
1403638577.2778294086 -16.59282 -10.20783 -3.34117 -0.49833 -0.37972 0.73409 -0.26192
1403638577.3778295517 -16.75640 -10.37596 -3.32258 0.50242 0.38529 -0.73135 0.25347
1403638577.4778294563 -16.91615 -10.54640 -3.29836 0.50531 0.38858 -0.72946 0.24812
1403638577.5778295994 -17.07129 -10.72117 -3.27693 0.50293 0.38762 -0.73120 0.24933
1403638577.6778295040 -17.22178 -10.89712 -3.26152 0.50072 0.38558 -0.73282 0.25214
1403638577.7778294086 -17.36885 -11.07464 -3.25325 -0.49882 -0.38429 0.73413 -0.25406
1403638577.8778295517 -17.51671 -11.25257 -3.25076 -0.49874 -0.38448 0.73396 -0.25442
1403638577.9778294563 -17.65946 -11.43533 -3.24984 -0.49968 -0.38534 0.73296 -0.25416
1403638578.0778295994 -17.80101 -11.61876 -3.24326 -0.49964 -0.38450 0.73263 -0.25645
1403638578.1778295040 -17.93880 -11.80751 -3.22954 -0.49753 -0.38057 0.73377 -0.26308
1403638578.2778294086 -18.07700 -11.99920 -3.21024 -0.49259 -0.37366 0.73703 -0.27297
1403638578.3778295517 -18.21682 -12.19080 -3.19175 -0.49195 -0.37062 0.73771 -0.27642
1403638578.4778294563 -18.35895 -12.37998 -3.17974 -0.49213 -0.36996 0.73798 -0.27628
1403638578.5778295994 -18.50192 -12.56744 -3.17317 -0.49216 -0.36905 0.73845 -0.27619
1403638578.6778295040 -18.64726 -12.75123 -3.16989 -0.49437 -0.36928 0.73738 -0.27479
1403638578.7778294086 -18.79280 -12.93326 -3.16994 -0.49783 -0.37292 0.73528 -0.26918
1403638578.8778295517 -18.93890 -13.11375 -3.17293 0.50110 0.37691 -0.73304 0.26360
1403638578.9778294563 -19.08103 -13.29677 -3.17622 0.50278 0.37893 -0.73168 0.26127
1403638579.0778295994 -19.22270 -13.48153 -3.17118 0.50324 0.37986 -0.73103 0.26085
1403638579.1778295040 -19.36347 -13.66717 -3.15583 0.50387 0.38022 -0.73029 0.26120
1403638579.2778294086 -19.50540 -13.85204 -3.13564 0.50256 0.37893 -0.73084 0.26404
1403638579.3778295517 -19.64409 -14.03699 -3.11352 -0.49902 -0.37454 0.73296 -0.27105
1403638579.4778294563 -19.77862 -14.21929 -3.09629 -0.49614 -0.36894 0.73484 -0.27881
1403638579.5778295994 -19.91650 -14.39923 -3.08396 -0.49786 -0.36764 0.73132 -0.28662
1403638579.6778295040 -20.05367 -14.57713 -3.07569 0.50422 0.37279 -0.72038 0.29639
1403638579.7778294086 -20.18933 -14.75383 -3.07293 0.50577 0.38972 -0.70694 0.30423
1403638579.8778295517 -20.31433 -14.93840 -3.07676 -0.49722 -0.41605 0.69529 -0.31025
1403638579.9778294563 -20.43547 -15.11721 -3.08564 -0.48504 -0.44387 0.68007 -0.32438
1403638580.0778295994 -20.55315 -15.28915 -3.09623 -0.47976 -0.47018 0.65401 -0.34790
1403638580.1778295040 -20.66875 -15.45059 -3.10967 -0.46991 -0.49731 0.62544 -0.37509
1403638580.2778294086 -20.77957 -15.60040 -3.12826 -0.45173 -0.52617 0.59971 -0.39928
1403638580.3778295517 -20.88865 -15.73985 -3.15230 -0.42734 -0.55111 0.58147 -0.41899
1403638580.4778294563 -20.99930 -15.87366 -3.18031 -0.40508 -0.56804 0.57057 -0.43323
1403638580.5778295994 -21.11282 -16.00207 -3.21023 0.39042 0.57985 -0.56098 0.44345
1403638580.6778295040 -21.22843 -16.12469 -3.24061 0.37584 0.59482 -0.55130 0.44833
1403638580.7778294086 -21.34684 -16.24151 -3.26443 0.36492 0.61003 -0.54131 0.44908
1403638580.8778295517 -21.46817 -16.35291 -3.28017 0.35922 0.62071 -0.53393 0.44788
1403638580.9778294563 -21.59157 -16.46227 -3.28607 0.35417 0.62347 -0.53114 0.45137
1403638581.0778295994 -21.71775 -16.56919 -3.28366 0.35277 0.62522 -0.52975 0.45169
1403638581.1778295040 -21.84461 -16.67589 -3.27363 0.35513 0.62574 -0.52832 0.45079
1403638581.2778294086 -21.97409 -16.77632 -3.26292 0.35829 0.62598 -0.52802 0.44829
1403638581.3778295517 -22.10475 -16.87329 -3.25232 0.36114 0.62457 -0.52846 0.44746
1403638581.4778294563 -22.23377 -16.96826 -3.23957 0.36420 0.62191 -0.52918 0.44783
1403638581.5778295994 -22.36488 -17.06017 -3.22107 0.36628 0.62080 -0.53068 0.44590
1403638581.6778295040 -22.49457 -17.14914 -3.20344 0.37255 0.61699 -0.52903 0.44794
1403638581.7778294086 -22.62659 -17.23306 -3.19238 0.37561 0.61317 -0.52888 0.45081
1403638581.8778295517 -22.75945 -17.31286 -3.18780 0.37936 0.61041 -0.52742 0.45311
1403638581.9778294563 -22.89094 -17.38654 -3.18647 0.38660 0.60400 -0.52293 0.46073
1403638582.0778295994 -23.02504 -17.45461 -3.18663 0.38417 0.60504 -0.52488 0.45918
1403638582.1778295040 -23.15986 -17.51850 -3.17876 0.37623 0.61073 -0.53036 0.45186
1403638582.2778294086 -23.29325 -17.58036 -3.15884 0.37480 0.61362 -0.53144 0.44784
1403638582.3778295517 -23.42981 -17.64304 -3.12700 0.37876 0.61143 -0.52790 0.45169
1403638582.4778294563 -23.56408 -17.70003 -3.08712 0.38120 0.61100 -0.52595 0.45249
1403638582.5778295994 -23.69744 -17.75133 -3.03590 0.38242 0.61088 -0.52468 0.45309
1403638582.6778295040 -23.83699 -17.79872 -2.97628 0.38140 0.61182 -0.52506 0.45225
1403638582.7778294086 -23.97386 -17.84053 -2.90963 0.37865 0.61268 -0.52717 0.45094
1403638582.8778295517 -24.10964 -17.87827 -2.84083 0.37803 0.61376 -0.52810 0.44889
1403638582.9778294563 -24.24492 -17.91193 -2.77834 0.37546 0.61527 -0.53032 0.44636
1403638583.0778295994 -24.38034 -17.94356 -2.72346 0.37290 0.61697 -0.53265 0.44337
1403638583.1778295040 -24.51442 -17.97159 -2.67598 0.37174 0.61823 -0.53387 0.44112
1403638583.2778294086 -24.64756 -17.99879 -2.63437 0.37006 0.61831 -0.53520 0.44081
1403638583.3778295517 -24.78035 -18.02505 -2.59752 0.37058 0.61819 -0.53462 0.44123
1403638583.4778294563 -24.91265 -18.05022 -2.56239 0.37022 0.61882 -0.53491 0.44030
1403638583.5778295994 -25.04449 -18.07591 -2.52016 0.37027 0.61885 -0.53476 0.44041
1403638583.6778295040 -25.17715 -18.09885 -2.47055 0.37158 0.61961 -0.53371 0.43949
1403638583.7778294086 -25.31039 -18.12176 -2.42027 0.37144 0.61929 -0.53345 0.44039
1403638583.8778295517 -25.44244 -18.14250 -2.37590 0.37241 0.61875 -0.53267 0.44128
1403638583.9778294563 -25.57376 -18.16235 -2.33862 0.37268 0.61891 -0.53233 0.44124
1403638584.0778295994 -25.70564 -18.18176 -2.30569 0.37720 0.61648 -0.52890 0.44490
1403638584.1778295040 -25.83568 -18.19847 -2.27561 0.38578 0.60936 -0.52241 0.45492
1403638584.2778294086 -25.97377 -18.21144 -2.25106 0.39243 0.60170 -0.51677 0.46574
1403638584.3778295517 -26.11322 -18.21753 -2.23445 0.39512 0.59962 -0.51448 0.46867
1403638584.4778294563 -26.21150 -18.19143 -2.22286 0.39674 0.59925 -0.51423 0.46804
1403638584.5778295994 -26.32060 -18.15561 -2.20962 0.39659 0.59923 -0.51450 0.46790
1403638584.6778295040 -26.43927 -18.11131 -2.18797 0.39372 0.60032 -0.51640 0.46684
1403638584.7778294086 -26.56593 -18.05687 -2.16019 0.38689 0.60585 -0.52095 0.46030
1403638584.8778295517 -26.69618 -17.99504 -2.12830 0.37696 0.61132 -0.52793 0.45330
1403638584.9778294563 -26.82989 -17.93647 -2.09766 0.37309 0.61398 -0.53096 0.44935
1403638585.0778295994 -26.96492 -17.87674 -2.07288 0.37194 0.61493 -0.53200 0.44776
1403638585.1778295040 -27.10115 -17.81440 -2.05467 0.36979 0.61412 -0.53334 0.44906
1403638585.2778294086 -27.23989 -17.75419 -2.04059 0.37174 0.61266 -0.53191 0.45115
1403638585.3778295517 -27.37969 -17.69028 -2.03134 0.37342 0.61093 -0.53044 0.45382
1403638585.4778294563 -27.52246 -17.62645 -2.02419 0.37305 0.61115 -0.53070 0.45353
1403638585.5778295994 -27.66567 -17.56037 -2.01090 0.37132 0.61281 -0.53146 0.45181
1403638585.6778295040 -27.81221 -17.49463 -1.98977 0.36970 0.61529 -0.53239 0.44866
1403638585.7778294086 -27.96006 -17.42570 -1.96077 0.36392 0.61925 -0.53617 0.44341
1403638585.8778295517 -28.10942 -17.36395 -1.92302 0.35924 0.62223 -0.53931 0.43923
1403638585.9778294563 -28.25896 -17.30381 -1.87758 0.35740 0.62139 -0.54108 0.43974
1403638586.0778295994 -28.41076 -17.24545 -1.82967 0.36139 0.61770 -0.53895 0.44427
1403638586.1778295040 -28.56414 -17.18642 -1.78804 0.36447 0.61523 -0.53742 0.44703
1403638586.2778294086 -28.72048 -17.12740 -1.75190 0.36787 0.61324 -0.53540 0.44940
1403638586.3778295517 -28.87921 -17.06690 -1.72060 0.37481 0.61173 -0.53095 0.45099
1403638586.4778294563 -29.03966 -17.00497 -1.69392 0.38296 0.61211 -0.52582 0.44964
1403638586.5778295994 -29.19869 -16.93396 -1.67269 0.38529 0.61185 -0.52451 0.44953
1403638586.6778295040 -29.35816 -16.85966 -1.65782 0.38210 0.61183 -0.52678 0.44963
1403638586.7778294086 -29.52017 -16.78609 -1.64897 0.37845 0.61046 -0.52900 0.45196
1403638586.8778295517 -29.68247 -16.70756 -1.64552 0.37706 0.60905 -0.52936 0.45460
1403638586.9778294563 -29.84831 -16.62878 -1.64723 0.37729 0.60895 -0.52897 0.45500
1403638587.0778295994 -30.01534 -16.54343 -1.65157 0.37666 0.60855 -0.52928 0.45569
1403638587.1778295040 -30.18536 -16.45684 -1.65054 0.37557 0.60973 -0.52962 0.45463
1403638587.2778294086 -30.35746 -16.36509 -1.64037 0.37396 0.61128 -0.53030 0.45308
1403638587.3778295517 -30.53271 -16.27319 -1.62383 0.37243 0.61269 -0.53115 0.45142
1403638587.4778294563 -30.70968 -16.17740 -1.60414 0.37052 0.61208 -0.53270 0.45200
1403638587.5778295994 -30.88991 -16.08387 -1.58771 0.36949 0.61180 -0.53356 0.45220
1403638587.6778295040 -31.07196 -15.98686 -1.57660 0.36940 0.61117 -0.53383 0.45281
1403638587.7778294086 -31.25187 -15.87435 -1.57037 0.36956 0.61057 -0.53398 0.45331
1403638587.8778295517 -31.43389 -15.76084 -1.56897 0.36898 0.60977 -0.53456 0.45418
1403638587.9778294563 -31.62112 -15.65156 -1.57175 0.36887 0.60920 -0.53480 0.45476
1403638588.0778295994 -31.81001 -15.53733 -1.57733 0.37028 0.60910 -0.53352 0.45524
1403638588.1778295040 -32.00501 -15.42713 -1.58629 0.37586 0.61159 -0.52985 0.45161
1403638588.2778294086 -32.19832 -15.30972 -1.59490 0.37819 0.61319 -0.52788 0.44980
1403638588.3778295517 -32.39463 -15.19248 -1.59748 0.37856 0.61381 -0.52731 0.44931
1403638588.4778294563 -32.59145 -15.07224 -1.59170 0.37703 0.61331 -0.52809 0.45035
1403638588.5778295994 -32.79251 -14.94854 -1.57808 0.37506 0.61202 -0.52920 0.45244
1403638588.6778295040 -32.99513 -14.81834 -1.55697 0.37334 0.61072 -0.52996 0.45473
1403638588.7778294086 -33.20337 -14.68761 -1.53131 0.37248 0.60881 -0.53054 0.45731
1403638588.8778295517 -33.41261 -14.55046 -1.50956 0.37035 0.60735 -0.53226 0.45898
1403638588.9778294563 -33.62610 -14.41030 -1.49524 0.37047 0.60718 -0.53240 0.45894
1403638589.0778295994 -33.84263 -14.26667 -1.48874 0.37061 0.60726 -0.53264 0.45845
1403638589.1778295040 -34.06421 -14.12283 -1.48772 0.37204 0.60733 -0.53184 0.45814
1403638589.2778294086 -34.28820 -13.97489 -1.49084 0.37227 0.60627 -0.53143 0.45981
1403638589.3778295517 -34.51820 -13.82745 -1.49518 0.37239 0.60621 -0.53109 0.46019
1403638589.4778294563 -34.75110 -13.67428 -1.49552 0.37148 0.60676 -0.53184 0.45933
1403638589.5778295994 -34.98842 -13.51865 -1.49010 0.37076 0.60661 -0.53208 0.45984
1403638589.6778295040 -35.22949 -13.36050 -1.47627 0.37002 0.60712 -0.53223 0.45959
1403638589.7778294086 -35.47569 -13.20149 -1.45572 0.36927 0.60849 -0.53309 0.45737
1403638589.8778295517 -35.72548 -13.03887 -1.43695 0.36867 0.60861 -0.53412 0.45649
1403638589.9778294563 -35.98075 -12.87844 -1.42420 0.36869 0.60851 -0.53445 0.45623
1403638590.0778295994 -36.23840 -12.71349 -1.41679 0.36810 0.60817 -0.53508 0.45642
1403638590.1778295040 -36.50185 -12.54970 -1.41392 0.36891 0.60712 -0.53486 0.45742
1403638590.2778294086 -36.76934 -12.38412 -1.41550 0.36874 0.60622 -0.53502 0.45855
1403638590.3778295517 -37.04311 -12.22041 -1.42046 0.36844 0.60645 -0.53544 0.45800
1403638590.4778294563 -37.32106 -12.05416 -1.42796 0.36793 0.60700 -0.53577 0.45730
1403638590.5778295994 -37.60500 -11.88588 -1.43353 0.36612 0.60788 -0.53668 0.45652
1403638590.6778295040 -37.89358 -11.71672 -1.43154 0.36332 0.60919 -0.53806 0.45539
1403638590.7778294086 -38.18744 -11.54809 -1.42034 0.36194 0.60990 -0.53867 0.45482
1403638590.8778295517 -38.48776 -11.38366 -1.40263 0.36141 0.61081 -0.53887 0.45378
1403638590.9778294563 -38.79429 -11.22233 -1.37672 0.35958 0.61118 -0.53979 0.45365
1403638591.0778295994 -39.10717 -11.05627 -1.34806 0.35743 0.61161 -0.54126 0.45301
1403638591.1778295040 -39.42707 -10.89595 -1.32421 0.35379 0.61538 -0.54375 0.44775
1403638591.2778294086 -39.75095 -10.73992 -1.30746 0.34772 0.62036 -0.54776 0.44070
1403638591.3778295517 -40.07996 -10.58889 -1.29539 0.34170 0.62370 -0.55149 0.43600
1403638591.4778294563 -40.41325 -10.44842 -1.28827 0.33708 0.62572 -0.55429 0.43316
1403638591.5778295994 -40.74791 -10.31581 -1.28727 0.33236 0.62767 -0.55726 0.43014
1403638591.6778295040 -41.08763 -10.19712 -1.29014 0.33051 0.62769 -0.55825 0.43027
1403638591.7778294086 -41.43237 -10.09271 -1.29346 0.33282 0.62646 -0.55659 0.43242
1403638591.8778295517 -41.78454 -10.00339 -1.29520 0.33472 0.62472 -0.55491 0.43562
1403638591.9778294563 -42.14732 -9.92504 -1.28992 0.33655 0.62264 -0.55319 0.43935
1403638592.0778295994 -42.51811 -9.87052 -1.27463 0.33803 0.62083 -0.55127 0.44318
1403638592.1778295040 -42.89233 -9.81897 -1.25093 0.33802 0.61889 -0.54841 0.44940
1403638592.2778294086 -43.27547 -9.78161 -1.21538 0.33757 0.61565 -0.54132 0.46258
1403638592.3778295517 -43.66640 -9.75482 -1.17261 0.33273 0.61650 -0.53205 0.47555
1403638592.4778294563 -44.06554 -9.73310 -1.12250 0.32368 0.62397 -0.51992 0.48536
1403638592.5778295994 -44.47523 -9.71895 -1.06663 0.31514 0.63638 -0.50939 0.48603
1403638592.6778295040 -44.89289 -9.71139 -1.00529 0.30688 0.64781 -0.50164 0.48428
1403638592.7778294086 -45.30914 -9.68667 -0.94573 0.29941 0.65744 -0.49725 0.48049
1403638592.8778295517 -45.73165 -9.65936 -0.89245 0.29345 0.66403 -0.49483 0.47759
1403638592.9778294563 -46.15983 -9.64199 -0.84433 0.29156 0.66796 -0.49247 0.47571
1403638593.0778295994 -46.59293 -9.63927 -0.80173 0.28998 0.66931 -0.49167 0.47560
1403638593.1778295040 -47.03049 -9.64903 -0.75853 0.29064 0.66819 -0.49042 0.47805
1403638593.2778294086 -47.47236 -9.66263 -0.70944 0.29840 0.66664 -0.48608 0.47987
1403638593.3778295517 -47.91871 -9.68401 -0.65519 0.30819 0.66554 -0.48053 0.48080
1403638593.4778294563 -48.36809 -9.70840 -0.60340 0.31775 0.66283 -0.47563 0.48319
1403638593.5778295994 -48.81878 -9.73562 -0.55902 0.32290 0.66080 -0.47374 0.48441
1403638593.6778295040 -49.27049 -9.76329 -0.52175 0.32542 0.65994 -0.47331 0.48431
1403638593.7778294086 -49.72258 -9.78752 -0.49004 0.32785 0.65680 -0.47261 0.48762
1403638593.8778295517 -50.17497 -9.81047 -0.45698 0.32942 0.64675 -0.46911 0.50312
1403638593.9778294563 -50.63168 -9.83381 -0.42098 0.32561 0.64466 -0.46510 0.51193
1403638594.0778295994 -51.09231 -9.83902 -0.38259 0.31573 0.65071 -0.46517 0.51041
1403638594.1778295040 -51.56213 -9.83873 -0.34080 0.31104 0.65829 -0.46310 0.50541
1403638594.2778294086 -52.03916 -9.83558 -0.30157 0.31043 0.66242 -0.45962 0.50356
1403638594.3778295517 -52.52073 -9.83179 -0.26445 0.31339 0.66345 -0.45491 0.50465
1403638594.4778294563 -53.00702 -9.82694 -0.22465 0.31752 0.66434 -0.44959 0.50568
1403638594.5778295994 -53.49852 -9.82188 -0.17933 0.31201 0.66399 -0.45142 0.50792
1403638594.6778295040 -53.99604 -9.81214 -0.12916 0.30609 0.66336 -0.45446 0.50964
1403638594.7778294086 -54.49946 -9.79419 -0.08278 0.30334 0.66339 -0.45658 0.50934
1403638594.8778295517 -55.01005 -9.78758 -0.04346 0.30145 0.66298 -0.45813 0.50961
1403638594.9778294563 -55.52813 -9.78036 -0.01201 0.30093 0.66479 -0.45925 0.50654
1403638595.0778295994 -56.05208 -9.77705 0.01209 0.29846 0.66544 -0.46127 0.50531
1403638595.1778295040 -56.58220 -9.77472 0.02911 0.29750 0.66563 -0.46254 0.50446
1403638595.2778294086 -57.11933 -9.78137 0.03897 0.29714 0.66615 -0.46291 0.50366
1403638595.3778295517 -57.66242 -9.78632 0.04287 0.29654 0.66581 -0.46346 0.50395
1403638595.4778294563 -58.21195 -9.79740 0.04151 0.29595 0.66625 -0.46374 0.50345
1403638595.5778295994 -58.76795 -9.81751 0.03688 0.29510 0.66735 -0.46369 0.50254
1403638595.6778295040 -59.32992 -9.84638 0.03861 0.29682 0.66829 -0.46219 0.50166
1403638595.7778294086 -59.89891 -9.88465 0.04468 0.29978 0.67066 -0.45986 0.49888
1403638595.8778295517 -60.47230 -9.93730 0.04608 0.30014 0.67158 -0.45939 0.49784
1403638595.9778294563 -61.04823 -10.00114 0.03258 0.30193 0.67216 -0.45801 0.49725
1403638596.0778295994 -61.62787 -10.08342 0.00933 0.30783 0.67509 -0.45393 0.49340
1403638596.1778295040 -62.20791 -10.15820 -0.01468 0.31694 0.67995 -0.44733 0.48694
1403638596.2778294086 -62.78779 -10.24835 -0.03272 0.32618 0.68539 -0.44011 0.47974
1403638596.3778295517 -63.36623 -10.34864 -0.04207 0.33400 0.68889 -0.43338 0.47546
1403638596.4778294563 -63.94024 -10.44760 -0.04207 0.33866 0.69076 -0.42895 0.47346
1403638596.5778295994 -64.50786 -10.55287 -0.03276 0.34374 0.69400 -0.42435 0.46918
1403638596.6778295040 -65.06689 -10.65371 -0.01467 0.34990 0.69692 -0.41905 0.46505
1403638596.7778294086 -65.61453 -10.64804 0.01122 0.35329 0.69834 -0.41618 0.46293
1403638596.8778295517 -66.15364 -10.64875 0.04490 0.35665 0.69895 -0.41334 0.46197
1403638596.9778294563 -66.68392 -10.64199 0.08080 0.35875 0.69812 -0.41227 0.46256
1403638597.0778295994 -67.20725 -10.63103 0.11197 0.36134 0.69788 -0.41101 0.46202
1403638597.1778295040 -67.72284 -10.60414 0.13806 0.36412 0.69633 -0.41038 0.46275
1403638597.2778294086 -68.23058 -10.52904 0.15783 0.36338 0.69245 -0.41256 0.46718
1403638597.3778295517 -68.73509 -10.52066 0.17198 0.35956 0.68905 -0.41656 0.47159
1403638597.4778294563 -69.23708 -10.54229 0.18202 0.35272 0.68359 -0.42184 0.47994
1403638597.5778295994 -69.73811 -10.60313 0.18771 0.34237 0.67611 -0.42872 0.49178
1403638597.6778295040 -70.24079 -10.68557 0.18948 0.33774 0.67342 -0.43113 0.49654
1403638597.7778294086 -70.74545 -10.82227 0.18626 0.33833 0.67878 -0.42613 0.49315
1403638597.8778295517 -71.24606 -11.03075 0.17930 0.33792 0.68797 -0.41500 0.49018
1403638597.9778294563 -71.73970 -11.25307 0.17011 0.33500 0.69546 -0.40527 0.48976
1403638598.0778295994 -72.20657 -11.61563 0.16620 0.32382 0.70020 -0.40059 0.49436
1403638598.1778295040 -72.63846 -12.05848 0.16907 0.29808 0.70189 -0.40719 0.50269
1403638598.2778294086 -73.03397 -12.55064 0.17636 0.27582 0.70436 -0.41384 0.50649
1403638598.3778295517 -73.38735 -13.09468 0.18156 0.26006 0.70789 -0.41842 0.50615
1403638598.4778294563 -73.65321 -13.76236 0.18115 0.25109 0.71341 -0.42162 0.50023
1403638598.5778295994 -73.89560 -14.39411 0.17316 0.24465 0.71809 -0.42329 0.49530
1403638598.6778295040 -74.04538 -15.10346 0.15832 0.24109 0.72457 -0.42150 0.48909
1403638598.7778294086 -74.17909 -15.77943 0.14356 0.23499 0.73098 -0.41742 0.48601
1403638598.8778295517 -74.19043 -16.53489 0.13436 0.22994 0.73791 -0.41094 0.48348
1403638598.9778294563 -73.98569 -17.39421 0.12784 0.22626 0.74704 -0.40612 0.47520
1403638599.0778295994 -73.52270 -18.30635 0.12606 0.22687 0.75418 -0.40583 0.46372
1403638599.1778295040 -72.92645 -19.14982 0.12971 0.23322 0.75919 -0.40872 0.44966
1403638599.2778294086 -72.30742 -19.89644 0.13664 0.24005 0.76563 -0.41203 0.43177
1403638599.3778295517 -71.73704 -20.55142 0.14819 0.24330 0.77161 -0.41458 0.41660
1403638599.4778294563 -71.22153 -21.16415 0.16137 0.24806 0.77545 -0.41707 0.40398
1403638599.5778295994 -70.77811 -21.76507 0.16954 0.25200 0.77828 -0.42036 0.39251
1403638599.6778295040 -70.41317 -22.37833 0.16648 0.25501 0.77965 -0.42365 0.38422
1403638599.7778294086 -70.12989 -23.02253 0.15177 0.25731 0.77971 -0.42635 0.37956
1403638599.8778295517 -69.91733 -23.70673 0.12610 0.25538 0.77971 -0.43036 0.37633
1403638599.9778294563 -69.78043 -24.43769 0.09243 0.25046 0.77808 -0.43483 0.37787
1403638600.0778295994 -69.73075 -25.21722 0.05081 0.23905 0.77706 -0.43981 0.38157
1403638600.1778295040 -69.77483 -26.04132 0.00199 0.21986 0.77487 -0.44728 0.38882
1403638600.2778294086 -69.93845 -26.90450 -0.05501 0.19867 0.77440 -0.45176 0.39591
1403638600.3778295517 -70.20527 -27.80336 -0.11771 0.17750 0.77486 -0.45249 0.40416
1403638600.4778294563 -70.57263 -28.72831 -0.18052 0.15595 0.77613 -0.44986 0.41343
1403638600.5778295994 -70.95364 -29.67428 -0.23866 0.14325 0.77946 -0.44153 0.42068
1403638600.6778295040 -71.34496 -30.64527 -0.29444 0.12677 0.78156 -0.43660 0.42718
1403638600.7778294086 -71.72733 -31.64755 -0.34890 0.11258 0.78671 -0.42975 0.42864
1403638600.8778295517 -72.09342 -32.68538 -0.40400 0.10930 0.79613 -0.41503 0.42659
1403638600.9778294563 -72.43451 -33.75634 -0.46702 0.11393 0.80628 -0.39617 0.42425
1403638601.0778295994 -72.74954 -34.85832 -0.54103 0.11430 0.81178 -0.38339 0.42540
1403638601.1778295040 -73.02547 -35.99340 -0.62489 0.11624 0.81477 -0.37297 0.42840
1403638601.2778294086 -73.26689 -37.16253 -0.71695 0.12424 0.81396 -0.36156 0.43739
1403638601.3778295517 -73.46948 -38.36277 -0.81478 0.12170 0.81138 -0.35580 0.44751
1403638601.4778294563 -73.63670 -39.59395 -0.91257 0.11033 0.80831 -0.35102 0.45963
1403638601.5778295994 -73.76828 -40.85728 -1.00802 0.10131 0.80854 -0.33766 0.47115
1403638601.6778295040 -73.87600 -42.14925 -1.10268 0.09055 0.81255 -0.31984 0.47881
1403638601.7778294086 -73.95471 -43.46885 -1.19417 0.07806 0.81810 -0.29731 0.48603
1403638601.8778295517 -74.01335 -44.81227 -1.28137 0.06524 0.82302 -0.27127 0.49476
1403638601.9778294563 -74.05843 -46.17739 -1.37043 0.05062 0.82738 -0.25095 0.49990
1403638602.0778295994 -74.09762 -47.56430 -1.46809 0.03870 0.83110 -0.23671 0.50173
1403638602.1778295040 -74.13561 -48.97199 -1.57486 0.03389 0.83258 -0.22252 0.50611
1403638602.2778294086 -74.17694 -50.39705 -1.68971 0.02809 0.83254 -0.20596 0.51349
1403638602.3778295517 -74.22284 -51.84092 -1.80652 0.01049 0.82550 -0.19378 0.52999
1403638602.4778294563 -74.27398 -53.30767 -1.91494 -0.01264 0.80565 -0.18529 0.56253
1403638602.5778295994 -74.32542 -54.79894 -2.01819 -0.03674 0.78552 -0.17844 0.59141
1403638602.6778295040 -74.40238 -56.31825 -2.11912 -0.05517 0.77934 -0.16490 0.60199
1403638602.7778294086 -74.51635 -57.86592 -2.21763 -0.06932 0.78116 -0.14557 0.60315
1403638602.8778295517 -74.66434 -59.44245 -2.31490 -0.08487 0.78341 -0.12583 0.60269
1403638602.9778294563 -74.84117 -61.04738 -2.41323 -0.11105 0.78550 -0.11085 0.59863
1403638603.0778295994 -75.05267 -62.68129 -2.51861 -0.13407 0.78298 -0.09479 0.59998
1403638603.1778295040 -75.29610 -64.34532 -2.63533 -0.14914 0.77912 -0.07779 0.60389
1403638603.2778294086 -75.55618 -66.03926 -2.76898 -0.15845 0.79001 -0.06039 0.58918
1403638603.3778295517 -75.82779 -67.76333 -2.91671 -0.16532 0.80491 -0.04588 0.56805
1403638603.4778294563 -76.07726 -69.52069 -3.07535 -0.17144 0.81353 -0.03719 0.55444
1403638603.5778295994 -76.30911 -71.30985 -3.24227 -0.17513 0.81223 -0.02991 0.55562
1403638603.6778295040 -76.53896 -73.12858 -3.41962 -0.17567 0.80584 -0.02381 0.56498
1403638603.7778294086 -76.74076 -74.98039 -3.60910 -0.16668 0.80152 -0.01477 0.57407
1403638603.8778295517 -76.96770 -76.85574 -3.80929 -0.15750 0.79773 -0.00757 0.58204
1403638603.9778294563 -77.16457 -78.75969 -4.01834 -0.15001 0.79378 -0.00275 0.58941
1403638604.0778295994 -77.38957 -80.68368 -4.23419 -0.14263 0.79284 0.00077 0.59251
1403638604.1778295040 -77.60273 -82.63273 -4.44749 -0.14191 0.79289 0.00204 0.59261
1403638604.2778294086 -77.82707 -84.60548 -4.65463 -0.14992 0.79428 -0.00280 0.58876
1403638604.3778295517 -78.04586 -86.60627 -4.85924 -0.15932 0.79900 -0.00749 0.57979
1403638604.4778294563 -78.27386 -88.63411 -5.06135 -0.16262 0.80620 -0.00671 0.56881
1403638604.5778295994 -78.47986 -90.69307 -5.26224 -0.16381 0.81092 -0.00630 0.56173
1403638604.6778295040 -78.69298 -92.77809 -5.47143 -0.16826 0.81293 -0.00870 0.55746
1403638604.7778294086 -78.88719 -94.89301 -5.68925 -0.17322 0.81338 -0.01203 0.55521
1403638604.8778295517 -79.05279 -97.04121 -5.91114 -0.17624 0.81598 -0.01365 0.55038
1403638604.9778294563 -79.23522 -99.21787 -6.13485 -0.17753 0.82224 -0.01345 0.54057
1403638605.0778295994 -79.39589 -101.42801 -6.35677 -0.17928 0.82879 -0.01291 0.52991
1403638605.1778295040 -79.48049 -103.67331 -6.57496 -0.17992 0.83355 -0.01234 0.52218
1403638605.2778294086 -79.60216 -105.94601 -6.79686 -0.17673 0.83633 -0.01089 0.51884
1403638605.3778295517 -79.71778 -108.24707 -7.02810 -0.16844 0.83531 -0.00620 0.52330
1403638605.4778294563 -79.82225 -110.57410 -7.26773 -0.15618 0.83043 0.00098 0.53478
1403638605.5778295994 -79.89337 -112.92685 -7.51626 -0.14656 0.82632 0.00643 0.54375
1403638605.6778295040 -79.94020 -115.30271 -7.77218 -0.13923 0.82400 0.01022 0.54912
1403638605.7778294086 -79.96147 -117.70191 -8.02734 -0.13718 0.82456 0.01070 0.54878
1403638605.8778295517 -80.00217 -120.12225 -8.27521 -0.13436 0.82612 0.01165 0.54711
1403638605.9778294563 -79.92449 -122.56879 -8.51841 -0.12987 0.82767 0.01267 0.54584
1403638606.0778295994 -79.92501 -125.03097 -8.76577 -0.12669 0.82938 0.01222 0.54399
1403638606.1778295040 -79.86139 -127.51476 -9.02187 -0.12300 0.83099 0.01301 0.54236
1403638606.2778294086 -79.86358 -130.01318 -9.28722 -0.12124 0.83305 0.01251 0.53960
1403638606.3778295517 -79.74476 -132.53236 -9.56291 -0.13022 0.83825 0.00484 0.52949
1403638606.4778294563 -79.57529 -135.07126 -9.84778 -0.14204 0.84418 -0.00578 0.51686
1403638606.5778295994 -79.26758 -137.63144 -10.14236 -0.15210 0.84996 -0.01471 0.50421
1403638606.6778295040 -79.08908 -140.21670 -10.44735 -0.15973 0.85342 -0.01534 0.49592
1403638606.7778294086 -78.86199 -142.82578 -10.76211 -0.16770 0.85613 -0.00775 0.48873
1403638606.8778295517 -78.50136 -145.44791 -11.08317 -0.17850 0.85697 0.00282 0.48346
1403638606.9778294563 -78.18075 -148.10072 -11.40597 -0.19055 0.85555 0.01665 0.48110
1403638607.0778295994 -77.91737 -150.79140 -11.72702 -0.20572 0.85148 0.03077 0.48136
1403638607.1778295040 -77.65825 -153.51859 -12.04709 -0.22055 0.84376 0.03835 0.48780
1403638607.2778294086 -77.37997 -156.27867 -12.37276 -0.22909 0.83282 0.04447 0.50194
1403638607.3778295517 -77.09374 -159.07000 -12.71253 -0.23821 0.82451 0.04545 0.51125
1403638607.4778294563 -76.78165 -161.89105 -13.06701 -0.24349 0.82174 0.04681 0.51309
1403638607.5778295994 -76.46851 -164.74549 -13.43483 -0.24576 0.82125 0.04813 0.51268
1403638607.6778295040 -76.16333 -167.63512 -13.81323 -0.24679 0.81984 0.04845 0.51439
1403638607.7778294086 -75.87159 -170.56091 -14.20188 -0.24476 0.81912 0.04965 0.51640
1403638607.8778295517 -75.54838 -173.51770 -14.60117 -0.24709 0.81995 0.04740 0.51418
1403638607.9778294563 -75.20743 -176.50625 -15.01182 -0.25133 0.82192 0.04326 0.50933
1403638608.0778295994 -74.88705 -179.53323 -15.43302 -0.25069 0.82021 0.04123 0.51255
1403638608.1778295040 -74.52361 -182.59108 -15.86593 -0.24501 0.81878 0.04279 0.51744
1403638608.2778294086 -74.17555 -185.68455 -16.30970 -0.24078 0.81535 0.04351 0.52473
1403638608.3778295517 -73.80972 -188.81013 -16.76372 -0.23754 0.81062 0.04390 0.53343
1403638608.4778294563 -73.42229 -191.96560 -17.23019 -0.23795 0.81032 0.04388 0.53369
1403638608.5778295994 -73.03508 -195.15493 -17.70778 -0.23751 0.81207 0.04462 0.53116
1403638608.6778295040 -72.62796 -198.37730 -18.18856 -0.24092 0.80788 0.04128 0.53626
1403638608.7778294086 -72.21255 -201.63606 -18.67144 -0.24173 0.80796 0.04111 0.53580
1403638608.8778295517 -71.80862 -204.93354 -19.15526 -0.24336 0.81108 0.04213 0.53024
1403638608.9778294563 -71.37558 -208.26635 -19.63778 -0.24574 0.81444 0.04264 0.52391
1403638609.0778295994 -70.91542 -211.63362 -20.12081 -0.24712 0.81686 0.04270 0.51948
1403638609.1778295040 -70.45197 -215.03923 -20.60430 -0.24931 0.81665 0.04131 0.51887
1403638609.2778294086 -69.98793 -218.48107 -21.09539 -0.25647 0.81370 0.03535 0.52045
1403638609.3778295517 -69.49796 -221.95532 -21.60098 -0.25586 0.81421 0.03617 0.51990
1403638609.4778294563 -68.99021 -225.46122 -22.12110 -0.25274 0.81564 0.03860 0.51900
1403638609.5778295994 -68.47018 -228.99959 -22.65456 -0.24975 0.81695 0.04087 0.51822
1403638609.6778295040 -67.93677 -232.56939 -23.19987 -0.24760 0.81714 0.04281 0.51880
1403638609.7778294086 -67.38947 -236.17187 -23.75227 -0.24671 0.81780 0.04368 0.51811
1403638609.8778295517 -66.82606 -239.80864 -24.30481 -0.24742 0.81793 0.04342 0.51757
1403638609.9778294563 -66.24790 -243.48154 -24.85668 -0.24794 0.81737 0.04270 0.51828
1403638610.0778295994 -65.65372 -247.18995 -25.40731 -0.24942 0.81461 0.04050 0.52207
1403638610.1778295040 -65.04623 -250.93373 -25.96066 -0.24852 0.81208 0.04024 0.52644
1403638610.2778294086 -64.42706 -254.71003 -26.52469 -0.24975 0.81033 0.03842 0.52868
1403638610.3778295517 -63.79630 -258.51828 -27.10144 -0.25035 0.80990 0.03786 0.52910
1403638610.4778294563 -63.15425 -262.35947 -27.68949 -0.24946 0.80873 0.03783 0.53131
1403638610.5778295994 -62.50176 -266.23404 -28.28711 -0.24879 0.80393 0.03660 0.53895
1403638610.6778295040 -61.84081 -270.14326 -28.89153 -0.24973 0.79866 0.03426 0.54645
1403638610.7778294086 -61.17341 -274.08865 -29.50020 -0.25137 0.80392 0.03609 0.53780
1403638610.8778295517 -60.49336 -278.07078 -30.10835 -0.25270 0.81048 0.03908 0.52701
1403638610.9778294563 -59.79646 -282.08921 -30.71485 -0.25396 0.81087 0.03942 0.52577
1403638611.0778295994 -59.08730 -286.14198 -31.32857 -0.25528 0.80787 0.03812 0.52984
1403638611.1778295040 -58.36694 -290.22731 -31.95495 -0.25650 0.80709 0.03848 0.53041
1403638611.2778294086 -57.63409 -294.34691 -32.58855 -0.25624 0.80730 0.03966 0.53013
1403638611.3778295517 -56.89008 -298.50349 -33.22435 -0.24956 0.80805 0.04516 0.53173
1403638611.4778294563 -56.13290 -302.69455 -33.85972 -0.23673 0.80936 0.05498 0.53467
1403638611.5778295994 -55.36441 -306.91732 -34.49360 -0.22891 0.81217 0.06104 0.53316
1403638611.6778295040 -54.58448 -311.16910 -35.12678 -0.22875 0.81452 0.06114 0.52962
1403638611.7778294086 -53.79218 -315.44746 -35.76730 -0.23688 0.81682 0.05533 0.52310
1403638611.8778295517 -52.98698 -319.75360 -36.41871 -0.24440 0.81903 0.04946 0.51673
1403638611.9778294563 -52.16645 -324.08906 -37.08007 -0.24853 0.82050 0.04605 0.51273
1403638612.0778295994 -51.32812 -328.45582 -37.74591 -0.24907 0.82212 0.04553 0.50991
1403638612.1778295040 -50.47218 -332.85631 -38.41119 -0.25088 0.82253 0.04368 0.50853
1403638612.2778294086 -49.59451 -337.29032 -39.07487 -0.25131 0.82242 0.04308 0.50853
1403638612.3778295517 -48.69807 -341.75803 -39.74006 -0.24955 0.82273 0.04394 0.50883
1403638612.4778294563 -47.78503 -346.25629 -40.41446 -0.24785 0.82199 0.04362 0.51089
1403638612.5778295994 -46.85695 -350.78407 -41.10185 -0.24360 0.82128 0.04490 0.51394
1403638612.6778295040 -45.91337 -355.33969 -41.80134 -0.23704 0.82176 0.04825 0.51594
1403638612.7778294086 -44.95464 -359.92262 -42.51176 -0.23327 0.82178 0.04857 0.51759
1403638612.8778295517 -43.98220 -364.53428 -43.22760 -0.23196 0.82054 0.04657 0.52033
1403638612.9778294563 -43.73604 -369.32211 -43.94434 -0.23293 0.82041 0.04518 0.52022
1403638614.1778295040 -0.83226 -0.04232 -0.20981 0.05602 0.79620 -0.07915 0.59721
1403638614.2778294086 -0.95923 -0.05193 -0.24514 0.06478 0.79709 -0.09388 0.59299
1403638614.3778295517 -1.08899 -0.06144 -0.27547 0.07237 0.79808 -0.10502 0.58890
1403638614.4778294563 -1.21708 -0.06983 -0.29713 0.07535 0.79726 -0.11472 0.58782
1403638614.5778295994 -1.34485 -0.08010 -0.31086 0.07841 0.79650 -0.12369 0.58663
1403638614.6778295040 -1.47157 -0.09190 -0.31811 0.08096 0.79434 -0.13622 0.58644
1403638614.7778294086 -1.59825 -0.10666 -0.31554 0.07958 0.79372 -0.15505 0.58278
1403638614.8778295517 -1.72924 -0.12481 -0.30517 0.08321 0.79359 -0.17535 0.57667
1403638614.9778294563 -1.85991 -0.14928 -0.28800 0.09418 0.79094 -0.19606 0.57194
1403638615.0778295994 -1.99142 -0.18256 -0.26671 0.11124 0.78578 -0.21705 0.56839
1403638615.1778295040 -2.12279 -0.22409 -0.24034 0.13401 0.77653 -0.23698 0.56823
1403638615.2778294086 -2.25325 -0.27233 -0.20916 0.15978 0.76685 -0.25568 0.56661
1403638615.3778295517 -2.38299 -0.32275 -0.18149 0.18031 0.75636 -0.27839 0.56384
1403638615.4778294563 -2.51094 -0.37620 -0.15871 0.19903 0.74536 -0.30110 0.56050
1403638615.5778295994 -2.63728 -0.43172 -0.14134 0.21330 0.73570 -0.32251 0.55609
1403638615.6778295040 -2.76215 -0.48846 -0.12666 0.22357 0.72890 -0.33718 0.55229
1403638615.7778294086 -2.88464 -0.54478 -0.10664 0.22876 0.72404 -0.34728 0.55031
1403638615.8778295517 -3.01001 -0.60106 -0.07909 0.23154 0.71950 -0.35682 0.54899
1403638615.9778294563 -3.13717 -0.65759 -0.05268 0.23599 0.71523 -0.36687 0.54604
1403638616.0778295994 -3.26794 -0.71315 -0.03176 0.24292 0.70993 -0.37708 0.54296
1403638616.1778295040 -3.40269 -0.76579 -0.02209 0.25059 0.70410 -0.38957 0.53822
1403638616.2778294086 -3.54174 -0.81558 -0.02942 0.25948 0.69584 -0.40595 0.53262
1403638616.3778295517 -3.68502 -0.86025 -0.05189 0.27122 0.68645 -0.42372 0.52506
1403638616.4778294563 -3.82999 -0.90025 -0.08211 0.28093 0.67729 -0.44057 0.51793
1403638616.5778295994 -3.97508 -0.93424 -0.11544 0.28921 0.67160 -0.45372 0.50936
1403638616.6778295040 -4.12052 -0.96364 -0.15177 0.29252 0.66974 -0.46616 0.49857
1403638616.7778294086 -4.26587 -0.99128 -0.19266 0.28520 0.67074 -0.48109 0.48715
1403638616.8778295517 -4.40954 -1.02345 -0.23365 0.27916 0.67113 -0.49172 0.47945
1403638616.9778294563 -4.55352 -1.05917 -0.26595 0.28774 0.66960 -0.49097 0.47728
1403638617.0778295994 -4.69463 -1.10006 -0.28774 0.29829 0.66787 -0.48702 0.47727
1403638617.1778295040 -4.83152 -1.14159 -0.29997 0.30851 0.66787 -0.48195 0.47591
1403638617.2778294086 -4.96277 -1.18537 -0.30594 0.31049 0.67139 -0.48148 0.47011
1403638617.3778295517 -5.08935 -1.23422 -0.30603 0.30880 0.67559 -0.48332 0.46327
1403638617.4778294563 -5.21176 -1.29339 -0.29812 0.30734 0.67931 -0.48380 0.45827
1403638617.5778295994 -5.32904 -1.36305 -0.28241 0.30694 0.68149 -0.48302 0.45612
1403638617.6778295040 -5.43947 -1.44321 -0.25876 0.30885 0.68271 -0.47982 0.45638
1403638617.7778294086 -5.54628 -1.52749 -0.22727 0.30992 0.68316 -0.47687 0.45809
1403638617.8778295517 -5.64638 -1.62079 -0.18929 0.31021 0.68543 -0.47440 0.45706
1403638617.9778294563 -5.73812 -1.71966 -0.14707 0.30877 0.68526 -0.47362 0.45909
1403638618.0778295994 -5.82124 -1.82279 -0.10963 0.30787 0.68613 -0.47244 0.45961
1403638618.1778295040 -5.89437 -1.92959 -0.07897 0.30519 0.68681 -0.47252 0.46031
1403638618.2778294086 -5.96772 -2.02849 -0.05441 0.30543 0.68783 -0.47144 0.45973
1403638618.3778295517 -6.02711 -2.13927 -0.03408 0.30534 0.68827 -0.47022 0.46038
1403638618.4778294563 -6.09102 -2.24195 -0.01652 0.30490 0.68923 -0.46936 0.46010
1403638618.5778295994 -6.14037 -2.35841 -0.00053 0.30620 0.68931 -0.46819 0.46031
1403638618.6778295040 -6.19502 -2.46721 0.01365 0.30938 0.68769 -0.47087 0.45788
1403638618.7778294086 -6.23262 -2.58973 0.03132 0.31160 0.68582 -0.47329 0.45668
1403638618.8778295517 -6.26111 -2.71338 0.05459 0.31509 0.68296 -0.47543 0.45635
1403638618.9778294563 -6.29200 -2.83681 0.07942 0.32276 0.67502 -0.48098 0.45698
1403638619.0778295994 -6.32367 -2.95656 0.09646 0.33457 0.66487 -0.49074 0.45297
1403638619.1778295040 -6.35609 -3.07442 0.10544 0.34709 0.65190 -0.50475 0.44697
1403638619.2778294086 -6.38840 -3.19283 0.10633 0.35915 0.63578 -0.52282 0.43984
1403638619.3778295517 -6.41861 -3.31087 0.09722 0.37247 0.61904 -0.54088 0.43071
1403638619.4778294563 -6.44547 -3.42699 0.08330 0.38100 0.60425 -0.55626 0.42462
1403638619.5778295994 -6.46905 -3.54311 0.06755 0.38632 0.59291 -0.56737 0.42107
1403638619.6778295040 -6.49169 -3.65872 0.04820 0.38350 0.58125 -0.57916 0.42386
1403638619.7778294086 -6.51524 -3.77310 0.02677 -0.38058 -0.57306 0.58745 -0.42622
1403638619.8778295517 -6.54183 -3.88627 0.00391 -0.38072 -0.56791 0.59164 -0.42719
1403638619.9778294563 -6.57307 -3.99676 -0.02097 -0.38172 -0.56528 0.59421 -0.42622
1403638620.0778295994 -6.61034 -4.10638 -0.04457 -0.38488 -0.56240 0.59410 -0.42735
1403638620.1778295040 -6.65237 -4.21353 -0.06106 -0.39080 -0.56051 0.59149 -0.42806
1403638620.2778294086 -6.70156 -4.31749 -0.07051 -0.39260 -0.56167 0.59077 -0.42589
1403638620.3778295517 -6.75383 -4.41601 -0.07150 -0.39397 -0.56403 0.58960 -0.42312
1403638620.4778294563 -6.81314 -4.51065 -0.06600 -0.39439 -0.56604 0.58843 -0.42167
1403638620.5778295994 -6.87018 -4.60296 -0.06147 -0.39337 -0.56803 0.58770 -0.42097
1403638620.6778295040 -6.92757 -4.69707 -0.06216 -0.38925 -0.57031 0.58885 -0.42011
1403638620.7778294086 -6.99723 -4.78514 -0.06859 -0.38411 -0.57281 0.59093 -0.41851
1403638620.8778295517 -7.06111 -4.87085 -0.07845 -0.38491 -0.57790 0.58870 -0.41390
1403638620.9778294563 -7.12417 -4.96122 -0.09107 -0.38876 -0.58171 0.58395 -0.41167
1403638621.0778295994 -7.20358 -5.04561 -0.10500 0.39378 0.58296 -0.57885 0.41235
1403638621.1778295040 -7.27106 -5.13349 -0.11433 0.39402 0.58292 -0.57649 0.41546
1403638621.2778294086 -7.35597 -5.21429 -0.11607 0.39583 0.58313 -0.57364 0.41739
1403638621.3778295517 -7.42623 -5.30360 -0.11327 0.39677 0.58557 -0.57133 0.41625
1403638621.4778294563 -7.52157 -5.37964 -0.11517 0.39918 0.58496 -0.56846 0.41872
1403638621.5778295994 -7.59353 -5.45890 -0.12265 0.40104 0.58427 -0.56529 0.42219
1403638621.6778295040 -7.65669 -5.54559 -0.13476 0.40146 0.58414 -0.56381 0.42394
1403638621.7778294086 -7.77298 -5.60085 -0.15102 0.40370 0.58338 -0.56141 0.42605
1403638621.8778295517 -7.85021 -5.68829 -0.17039 0.40739 0.58173 -0.55774 0.42959
1403638621.9778294563 -7.91682 -5.77609 -0.19283 0.40919 0.58022 -0.55574 0.43251
1403638622.0778295994 -8.00886 -5.82243 -0.21895 0.40837 0.57940 -0.55607 0.43395
1403638622.1778295040 -8.07597 -5.88226 -0.24794 0.40477 0.57934 -0.55795 0.43500
1403638622.2778294086 -8.14007 -5.94969 -0.27286 0.40245 0.57768 -0.55957 0.43726
1403638622.3778295517 -8.20520 -6.01470 -0.29122 0.40177 0.57842 -0.56052 0.43569
1403638622.4778294563 -8.31055 -6.04722 -0.30024 0.40403 0.58022 -0.55927 0.43281
1403638622.5778295994 -8.38601 -6.08415 -0.30383 0.40663 0.58092 -0.55778 0.43136
1403638622.6778295040 -8.48226 -6.07998 -0.29947 0.41287 0.57848 -0.55385 0.43375
1403638622.7778294086 -8.55616 -6.10527 -0.28239 0.42259 0.56991 -0.54658 0.44483
1403638622.8778295517 -8.64046 -6.09740 -0.26033 0.42727 0.56624 -0.54345 0.44886
1403638622.9778294563 -8.71498 -6.07148 -0.23998 0.42350 0.56832 -0.54725 0.44517
1403638623.0778295994 -8.77998 -6.06175 -0.22559 0.41557 0.57204 -0.55350 0.44012
1403638623.1778295040 -8.84768 -6.05575 -0.21629 0.40820 0.57350 -0.55865 0.43861
1403638623.2778294086 -8.92508 -6.01071 -0.21246 0.40322 0.57523 -0.56231 0.43627
1403638623.3778295517 -8.99116 -5.97925 -0.21266 0.39919 0.57659 -0.56496 0.43475
1403638623.4778294563 -9.07179 -5.93112 -0.21657 0.39843 0.57833 -0.56562 0.43227
1403638623.5778295994 -9.13871 -5.88757 -0.21803 0.39935 0.57890 -0.56488 0.43163
1403638623.6778295040 -9.21759 -5.83364 -0.21152 0.40012 0.57978 -0.56466 0.43002
1403638623.7778294086 -9.28708 -5.78419 -0.19803 0.40098 0.58084 -0.56481 0.42758
1403638623.8778295517 -9.36651 -5.75919 -0.18042 0.40074 0.58207 -0.56537 0.42539
1403638623.9778294563 -9.45763 -5.71310 -0.16460 0.40066 0.58311 -0.56631 0.42279
1403638624.0778295994 -9.54115 -5.66305 -0.15491 0.39852 0.58206 -0.56858 0.42320
1403638624.1778295040 -9.63258 -5.61313 -0.15019 0.39605 0.58089 -0.57055 0.42448
1403638624.2778294086 -9.71524 -5.55652 -0.15012 0.39423 0.57929 -0.57241 0.42585
1403638624.3778295517 -9.80144 -5.51276 -0.15376 0.39377 0.57813 -0.57347 0.42643
1403638624.4778294563 -9.89996 -5.46874 -0.16190 0.39448 0.57816 -0.57351 0.42569
1403638624.5778295994 -9.99318 -5.42185 -0.17182 -0.39608 -0.56867 0.57303 -0.43745
1403638624.6778295040 -10.09710 -5.38089 -0.18396 -0.40036 -0.56652 0.56867 -0.44202
1403638624.7778294086 -10.20662 -5.33655 -0.19342 0.40079 0.57722 -0.56333 0.43456
1403638624.8778295517 -10.30479 -5.28282 -0.19480 0.39844 0.58692 -0.55940 0.42876
1403638624.9778294563 -10.48978 -5.21440 -0.19125 0.38943 0.59176 -0.55836 0.43174
1403638625.0778295994 -10.63863 -5.15792 -0.18689 0.38211 0.59371 -0.55739 0.43682
1403638625.1778295040 -10.77415 -5.11037 -0.18705 0.37587 0.59480 -0.55751 0.44058
1403638625.2778294086 -10.91134 -5.05561 -0.19176 0.37316 0.59681 -0.55622 0.44181
1403638625.3778295517 -11.03773 -5.01246 -0.19703 0.37183 0.59779 -0.55514 0.44295
1403638625.4778294563 -11.17430 -4.95671 -0.19661 0.37091 0.59789 -0.55423 0.44473
1403638625.5778295994 -11.30665 -4.90920 -0.19062 0.37068 0.59902 -0.55363 0.44415
1403638625.6778295040 -11.44451 -4.86874 -0.17736 0.36912 0.60074 -0.55414 0.44248
1403638625.7778294086 -11.58936 -4.82227 -0.16217 0.36409 0.60441 -0.55714 0.43785
1403638625.8778295517 -11.72953 -4.78593 -0.15100 0.36184 0.60671 -0.55860 0.43468
1403638625.9778294563 -11.87850 -4.74558 -0.14368 0.36182 0.60733 -0.55872 0.43367
1403638626.0778295994 -12.02234 -4.71242 -0.14209 0.35909 0.60768 -0.56068 0.43293
1403638626.1778295040 -12.17280 -4.67660 -0.14417 0.35850 0.60804 -0.56110 0.43236
1403638626.2778294086 -12.32340 -4.64485 -0.15056 0.36184 0.60771 -0.55892 0.43287
1403638626.3778295517 -12.47706 -4.61022 -0.15955 0.36977 0.60912 -0.55334 0.43135
1403638626.4778294563 -12.62485 -4.57772 -0.17164 0.37271 0.60936 -0.55057 0.43202
1403638626.5778295994 -12.77691 -4.53892 -0.18533 0.37140 0.61202 -0.55078 0.42911
1403638626.6778295040 -12.92521 -4.50204 -0.19817 0.36884 0.61354 -0.55177 0.42787
1403638626.7778294086 -13.14793 -4.47456 -0.20763 0.36221 0.61686 -0.55445 0.42529
1403638626.8778295517 -13.34989 -4.46187 -0.20801 0.35887 0.61979 -0.55504 0.42308
1403638626.9778294563 -13.55469 -4.43515 -0.20129 0.35685 0.62098 -0.55499 0.42312
1403638627.0778295994 -13.74986 -4.41875 -0.19594 0.35567 0.62162 -0.55414 0.42428
1403638627.1778295040 -13.96755 -4.38045 -0.19460 0.35437 0.62207 -0.55331 0.42579
1403638627.2778294086 -14.17318 -4.35232 -0.19654 0.35494 0.62312 -0.55152 0.42610
1403638627.3778295517 -14.37335 -4.32870 -0.20078 0.35674 0.62386 -0.54906 0.42669
1403638627.4778294563 -14.57410 -4.30621 -0.20807 0.35620 0.62460 -0.54844 0.42686
1403638627.5778295994 -14.77309 -4.28474 -0.21640 0.35772 0.62402 -0.54702 0.42825
1403638627.6778295040 -14.97866 -4.24197 -0.22447 0.36137 0.62202 -0.54442 0.43140
1403638627.7778294086 -15.17848 -4.20174 -0.23367 0.36395 0.62099 -0.54217 0.43355
1403638627.8778295517 -15.37894 -4.15681 -0.24346 0.36491 0.62054 -0.54128 0.43450
1403638627.9778294563 -15.59461 -4.09216 -0.25358 0.36341 0.62243 -0.54199 0.43215
1403638628.0778295994 -15.80390 -4.02596 -0.26226 0.36308 0.62336 -0.54212 0.43093
1403638628.1778295040 -16.00709 -3.93749 -0.26888 0.36335 0.62362 -0.54220 0.43022
1403638628.2778294086 -16.20042 -3.80854 -0.27315 0.36343 0.62334 -0.54218 0.43059
1403638628.3778295517 -16.42134 -3.71511 -0.27464 0.36141 0.62326 -0.54344 0.43082
1403638628.4778294563 -16.62714 -3.59647 -0.27378 0.35830 0.61831 -0.54532 0.43811
1403638628.5778295994 -16.83149 -3.46572 -0.26893 0.35654 0.60895 -0.54590 0.45172
1403638628.6778295040 -17.03916 -3.32453 -0.26326 0.35457 0.60322 -0.54658 0.46007
1403638628.7778294086 -17.27267 -3.16948 -0.26054 0.35508 0.60478 -0.54628 0.45796
1403638628.8778295517 -17.50038 -2.99284 -0.26388 0.35862 0.60659 -0.54352 0.45609
1403638628.9778294563 -17.71596 -2.79491 -0.26997 0.36263 0.60851 -0.54068 0.45374
1403638629.0778295994 -17.91461 -2.56998 -0.27357 0.36644 0.61102 -0.53767 0.45086
1403638629.1778295040 -18.16276 -2.33106 -0.27438 0.36762 0.61319 -0.53636 0.44853
1403638629.2778294086 -18.38748 -2.06395 -0.27229 0.36835 0.61353 -0.53516 0.44890
1403638629.3778295517 -18.63704 -1.78615 -0.26854 0.36669 0.61630 -0.53660 0.44471
1403638629.4778294563 -18.85344 -1.48299 -0.26446 0.36259 0.61896 -0.53973 0.44057
1403638629.5778295994 -19.08541 -1.23739 -0.25934 0.35714 0.62033 -0.54346 0.43852
1403638629.6778295040 -19.39817 -1.81124 -0.25286 0.34605 0.61604 -0.54964 0.44570
1403638629.7778294086 -19.75983 -2.60639 -0.24560 0.33923 0.61139 -0.55263 0.45357
1403638629.8778295517 -20.09594 -2.91794 -0.24224 0.34059 0.60634 -0.55162 0.46050
1403638629.9778294563 -20.41307 -3.07410 -0.24662 0.35306 0.60604 -0.54330 0.46140
1403638630.0778295994 -20.72317 -3.13635 -0.26057 0.36272 0.60666 -0.53621 0.46139
1403638630.1778295040 -21.02949 -3.14006 -0.28400 0.36419 0.61124 -0.53414 0.45656
1403638630.2778294086 -21.34002 -3.14523 -0.31374 0.36125 0.61591 -0.53523 0.45131
1403638630.3778295517 -21.64923 -3.11134 -0.33443 0.34366 0.63283 -0.54456 0.42998
1403638630.4778294563 -21.95821 -3.04121 -0.31800 0.35683 0.61735 -0.53409 0.45421
1403638630.5778295994 -22.26857 -2.91719 -0.31421 0.35741 0.61575 -0.53404 0.45598
1403638630.6778295040 -22.57203 -2.70788 -0.33128 0.34327 0.63338 -0.53953 0.43578
1403638630.7778294086 -22.85842 -2.37827 -0.33303 0.34326 0.64116 -0.53678 0.42774
1403638630.8778295517 -23.08638 -1.91962 -0.33421 0.34401 0.63758 -0.53605 0.43336
1403638630.9778294563 -23.22324 -1.36862 -0.33366 0.34960 0.63457 -0.53603 0.43332
1403638631.0778295994 -23.21761 -0.69950 -0.33358 0.35742 0.63092 -0.53684 0.43127
1403638631.1778295040 -22.93988 0.12938 -0.33349 0.36805 0.62471 -0.54030 0.42704
1403638631.2778294086 -22.36603 0.96914 -0.33325 0.38096 0.61685 -0.54618 0.41958
1403638631.3778295517 -21.57863 1.68293 -0.33295 0.39379 0.60831 -0.55402 0.40983
1403638631.4778294563 -20.75940 2.20829 -0.33271 0.40446 0.60064 -0.56169 0.40018
1403638631.5778295994 -19.87719 2.58532 -0.33285 0.41383 0.59375 -0.56905 0.39036
1403638631.6778295040 -18.94279 2.81613 -0.33307 0.42157 0.58747 -0.57635 0.38077
