1403638523.0778295994 0.02776 0.00548 0.35699 -0.07288 0.80754 0.01771 0.58502
1403638523.1778295040 0.03169 -0.00012 0.38862 -0.07267 0.80722 0.01816 0.58548
1403638523.2778294086 0.03000 -0.00838 0.38175 -0.06349 0.80495 0.01800 0.58967
1403638523.3778295517 0.02913 -0.01375 0.35082 -0.05896 0.80390 0.01709 0.59158
1403638523.4778294563 0.02732 -0.01967 0.30763 -0.05423 0.80758 0.01960 0.58693
1403638523.5778295994 0.02235 -0.02699 0.25805 -0.04727 0.81680 0.02393 0.57448
1403638523.6778295040 0.01708 -0.03290 0.20795 -0.04027 0.82617 0.02676 0.56134
1403638523.7778294086 0.01234 -0.03882 0.15981 -0.03666 0.83074 0.02967 0.55465
1403638523.8778295517 0.00710 -0.04442 0.11588 -0.03350 0.83134 0.03265 0.55380
1403638523.9778294563 0.00146 -0.04824 0.08246 -0.02430 0.83133 0.03874 0.55389
1403638524.0778295994 -0.00269 -0.04992 0.06961 -0.01716 0.83443 0.04707 0.54883
1403638524.1778295040 -0.00361 -0.04861 0.08908 -0.01756 0.83897 0.05195 0.54140
1403638524.2778294086 -0.00242 -0.04884 0.13615 -0.02407 0.83995 0.05326 0.53951
1403638524.3778295517 0.00158 -0.04836 0.19113 -0.03389 0.83708 0.05201 0.54355
1403638524.4778294563 0.00844 -0.04707 0.25138 -0.04123 0.83041 0.05049 0.55332
1403638524.5778295994 0.01704 -0.04455 0.31105 -0.04469 0.82149 0.04931 0.56633
1403638524.6778295040 0.02616 -0.04127 0.36489 -0.04093 0.81496 0.04393 0.57640
1403638524.7778294086 0.03334 -0.03650 0.40556 -0.02840 0.81106 0.03890 0.58298
1403638524.8778295517 0.03900 -0.03171 0.43159 -0.02490 0.80949 0.03634 0.58548
1403638524.9778294563 0.04125 -0.02771 0.44128 -0.03160 0.80782 0.03872 0.58730
1403638525.0778295994 0.04288 -0.02586 0.42863 -0.02974 0.80504 0.04240 0.59096
1403638525.1778295040 0.04498 -0.02428 0.39459 -0.02785 0.80348 0.04722 0.59281
1403638525.2778294086 0.04365 -0.02490 0.34803 -0.02829 0.80599 0.05238 0.58893
1403638525.3778295517 0.04304 -0.02484 0.29365 -0.03128 0.81478 0.05766 0.57605
1403638525.4778294563 0.04049 -0.02407 0.24020 -0.04014 0.82690 0.05989 0.55771
1403638525.5778295994 0.03517 -0.02520 0.19351 -0.04662 0.83579 0.05959 0.54381
1403638525.6778295040 0.03191 -0.02714 0.15451 -0.04782 0.83859 0.05672 0.53968
1403638525.7778294086 0.03079 -0.02950 0.12368 -0.04541 0.83695 0.05106 0.54300
1403638525.8778295517 0.03035 -0.03334 0.10152 -0.03900 0.83325 0.04701 0.54952
1403638525.9778294563 0.02512 -0.04179 0.08899 -0.03091 0.83173 0.04599 0.55241
1403638526.0778295994 0.02140 -0.06203 0.08818 -0.02683 0.83326 0.04408 0.55046
1403638526.1778295040 0.01896 -0.09140 0.09755 -0.02524 0.83567 0.03518 0.54753
1403638526.2778294086 0.01541 -0.12781 0.11068 -0.02204 0.83475 0.02630 0.54956
1403638526.3778295517 0.00946 -0.16927 0.12490 -0.01997 0.83061 0.01772 0.55622
1403638526.4778294563 0.00131 -0.21561 0.13714 -0.01893 0.82553 0.00673 0.56400
1403638526.5778295994 -0.00787 -0.26803 0.14576 -0.01779 0.82024 -0.00425 0.57173
1403638526.6778295040 -0.01869 -0.32830 0.15246 -0.01355 0.81511 -0.01263 0.57901
1403638526.7778294086 -0.03242 -0.39383 0.15749 -0.00518 0.81204 -0.01815 0.58330
1403638526.8778295517 -0.04864 -0.45982 0.16078 0.00294 0.81129 -0.02150 0.58424
1403638526.9778294563 -0.06595 -0.52174 0.16359 0.00766 0.81440 -0.02813 0.57958
1403638527.0778295994 -0.08084 -0.58008 0.16697 0.01572 0.81899 -0.04147 0.57209
1403638527.1778295040 -0.09303 -0.63262 0.17251 0.02379 0.82084 -0.05684 0.56783
1403638527.2778294086 -0.10075 -0.67414 0.17938 0.03556 0.81796 -0.07085 0.56979
1403638527.3778295517 -0.10318 -0.69873 0.18602 0.05124 0.81285 -0.07987 0.57469
1403638527.4778294563 -0.10130 -0.70297 0.19048 0.06180 0.80923 -0.08451 0.57808
1403638527.5778295994 -0.09474 -0.68614 0.19251 0.06506 0.80857 -0.08588 0.57845
1403638527.6778295040 -0.08330 -0.64771 0.19166 0.06372 0.80915 -0.08255 0.57827
1403638527.7778294086 -0.07000 -0.60196 0.19208 0.05838 0.81062 -0.07534 0.57776
1403638527.8778295517 -0.05578 -0.54774 0.19531 0.04460 0.81388 -0.07049 0.57501
1403638527.9778294563 -0.03894 -0.48691 0.19986 0.03450 0.81495 -0.06561 0.57477
1403638528.0778295994 -0.02070 -0.42591 0.20249 0.02742 0.81394 -0.05796 0.57740
1403638528.1778295040 -0.00171 -0.36848 0.20080 0.01708 0.81459 -0.04864 0.57774
1403638528.2778294086 0.02279 -0.31736 0.19604 0.00396 0.81621 -0.03763 0.57652
1403638528.3778295517 0.05329 -0.27818 0.19049 -0.00381 0.81602 -0.02916 0.57728
1403638528.4778294563 0.08878 -0.25081 0.18615 -0.00292 0.81546 -0.02544 0.57824
1403638528.5778295994 0.12518 -0.22966 0.18342 -0.00192 0.81763 -0.02956 0.57498
1403638528.6778295040 0.16085 -0.21447 0.18337 -0.00340 0.81915 -0.03697 0.57238
1403638528.7778294086 0.19081 -0.20416 0.18672 0.00147 0.81853 -0.04205 0.57293
1403638528.8778295517 0.20694 -0.19607 0.19391 -0.00232 0.81775 -0.04959 0.57343
1403638528.9778294563 0.20967 -0.18483 0.20640 -0.00892 0.81777 -0.05642 0.57271
1403638529.0778295994 0.19258 -0.17507 0.22350 -0.00764 0.81882 -0.05777 0.57109
1403638529.1778295040 0.16543 -0.15774 0.23404 0.00946 0.81989 -0.05097 0.57016
1403638529.2778294086 0.13150 -0.13641 0.23385 0.02135 0.82193 -0.04506 0.56741
1403638529.3778295517 0.09549 -0.11179 0.22189 0.02583 0.82725 -0.04088 0.55975
1403638529.4778294563 0.06387 -0.09323 0.20094 0.02474 0.83736 -0.03848 0.54473
1403638529.5778295994 0.03889 -0.08042 0.17589 0.02268 0.84757 -0.03564 0.52900
1403638529.6778295040 0.01801 -0.07821 0.15091 0.02381 0.85143 -0.03251 0.52292
1403638529.7778294086 0.00780 -0.07291 0.12735 0.02306 0.84788 -0.03186 0.52873
1403638529.8778295517 0.00455 -0.06721 0.10561 0.02164 0.84149 -0.03303 0.53883
1403638529.9778294563 0.00233 -0.06168 0.08970 0.02138 0.83882 -0.03338 0.54296
1403638530.0778295994 0.00481 -0.05767 0.07516 0.02233 0.84006 -0.03412 0.54095
1403638530.1778295040 0.01703 -0.05736 0.06440 0.02371 0.84175 -0.03878 0.53796
1403638530.2778294086 0.03206 -0.05886 0.05415 0.02615 0.84131 -0.04499 0.53804
1403638530.3778295517 0.04554 -0.06207 0.04405 0.02891 0.84066 -0.05034 0.53844
1403638530.4778294563 0.05767 -0.06576 0.03619 0.02937 0.84039 -0.05434 0.53846
1403638530.5778295994 0.06579 -0.07002 0.03022 0.02880 0.84032 -0.05776 0.53824
1403638530.6778295040 0.06976 -0.07345 0.02530 0.03019 0.84319 -0.06002 0.53340
1403638530.7778294086 0.07258 -0.07562 0.01997 0.03050 0.84655 -0.06166 0.52784
1403638530.8778295517 0.07461 -0.07692 0.01558 0.02877 0.84716 -0.06115 0.52702
1403638530.9778294563 0.07580 -0.07734 0.01267 0.02772 0.84489 -0.06131 0.53069
1403638531.0778295994 0.07582 -0.07701 0.01072 0.02871 0.84140 -0.06015 0.53628
1403638531.1778295040 0.07560 -0.07534 0.01153 0.02959 0.83922 -0.05817 0.53986
1403638531.2778294086 0.07591 -0.07430 0.01009 0.03257 0.83801 -0.05694 0.54170
1403638531.3778295517 0.07574 -0.07352 0.00972 0.03260 0.83684 -0.05715 0.54347
1403638531.4778294563 0.07554 -0.07390 0.00990 0.03288 0.83584 -0.05757 0.54496
1403638531.5778295994 0.07537 -0.07395 0.00982 0.03355 0.83618 -0.05649 0.54450
1403638531.6778295040 0.07537 -0.07373 0.00971 0.03285 0.83627 -0.05709 0.54435
1403638531.7778294086 0.07548 -0.07381 0.00972 0.03325 0.83618 -0.05713 0.54446
1403638531.8778295517 0.07541 -0.07382 0.00968 0.03344 0.83621 -0.05704 0.54440
1403638531.9778294563 0.07547 -0.07387 0.00965 0.03371 0.83617 -0.05706 0.54445
1403638532.0778295994 0.07546 -0.07389 0.00959 0.03388 0.83615 -0.05697 0.54448
1403638532.1778295040 0.07548 -0.07387 0.00956 0.03384 0.83611 -0.05707 0.54453
1403638532.2778294086 0.07549 -0.07384 0.00956 0.03373 0.83607 -0.05727 0.54458
1403638532.3778295517 0.07547 -0.07382 0.00954 0.03366 0.83603 -0.05731 0.54464
1403638532.4778294563 0.07548 -0.07383 0.00954 0.03360 0.83598 -0.05742 0.54472
1403638532.5778295994 0.07546 -0.07383 0.00951 0.03363 0.83599 -0.05748 0.54469
1403638532.6778295040 0.07550 -0.07386 0.00950 0.03370 0.83593 -0.05747 0.54478
1403638532.7778294086 0.07546 -0.07387 0.00949 0.03381 0.83595 -0.05738 0.54475
1403638532.8778295517 0.07545 -0.07387 0.00949 0.03387 0.83593 -0.05742 0.54478
1403638532.9778294563 0.07545 -0.07388 0.00951 0.03388 0.83589 -0.05741 0.54484
1403638533.0778295994 0.07542 -0.07388 0.00950 0.03389 0.83589 -0.05744 0.54484
1403638533.1778295040 0.07543 -0.07388 0.00949 0.03387 0.83583 -0.05749 0.54492
1403638533.2778294086 0.07541 -0.07389 0.00948 0.03385 0.83580 -0.05752 0.54496
1403638533.3778295517 0.07541 -0.07389 0.00948 0.03391 0.83578 -0.05750 0.54499
1403638533.4778294563 0.07542 -0.07391 0.00949 0.03388 0.83575 -0.05752 0.54503
1403638533.5778295994 0.07539 -0.07389 0.00948 0.03387 0.83575 -0.05754 0.54503
1403638533.6778295040 0.07539 -0.07389 0.00949 0.03385 0.83573 -0.05759 0.54507
1403638533.7778294086 0.07538 -0.07389 0.00949 0.03387 0.83571 -0.05762 0.54509
1403638533.8778295517 0.07539 -0.07386 0.00948 0.03366 0.83575 -0.05735 0.54508
1403638533.9778294563 0.07541 -0.07390 0.00947 0.03382 0.83576 -0.05760 0.54502
1403638534.0778295994 0.07533 -0.07391 0.00949 0.03424 0.83569 -0.05796 0.54506
1403638534.1778295040 0.07535 -0.07393 0.00954 0.03389 0.83574 -0.05779 0.54503
1403638534.2778294086 0.07535 -0.07387 0.00957 0.03365 0.83583 -0.05771 0.54491
1403638534.3778295517 0.07537 -0.07388 0.00956 0.03370 0.83586 -0.05778 0.54485
1403638534.4778294563 0.07539 -0.07393 0.00953 0.03389 0.83590 -0.05807 0.54475
1403638534.5778295994 0.07539 -0.07391 0.00954 0.03378 0.83603 -0.05778 0.54459
1403638534.6778295040 0.07542 -0.07385 0.00955 0.03360 0.83602 -0.05757 0.54463
1403638534.7778294086 0.07540 -0.07389 0.00956 0.03371 0.83604 -0.05750 0.54460
1403638534.8778295517 0.07540 -0.07393 0.00954 0.03402 0.83599 -0.05766 0.54464
1403638534.9778294563 0.07539 -0.07398 0.00955 0.03409 0.83605 -0.05771 0.54454
1403638535.0778295994 0.07539 -0.07398 0.00955 0.03397 0.83614 -0.05773 0.54442
1403638535.1778295040 0.07539 -0.07398 0.00954 0.03389 0.83611 -0.05778 0.54446
1403638535.2778294086 0.07538 -0.07398 0.00955 0.03382 0.83612 -0.05778 0.54444
1403638535.3778295517 0.07536 -0.07396 0.00958 0.03387 0.83613 -0.05774 0.54443
1403638535.4778294563 0.07537 -0.07396 0.00960 0.03397 0.83613 -0.05774 0.54443
1403638535.5778295994 0.07538 -0.07395 0.00960 0.03392 0.83614 -0.05768 0.54442
1403638535.6778295040 0.07539 -0.07395 0.00959 0.03386 0.83612 -0.05772 0.54444
1403638535.7778294086 0.07537 -0.07396 0.00958 0.03390 0.83611 -0.05772 0.54446
1403638535.8778295517 0.07538 -0.07396 0.00959 0.03380 0.83613 -0.05767 0.54444
1403638535.9778294563 0.07537 -0.07395 0.00959 0.03377 0.83619 -0.05765 0.54435
1403638536.0778295994 0.07538 -0.07395 0.00959 0.03375 0.83614 -0.05770 0.54442
1403638536.1778295040 0.07537 -0.07396 0.00960 0.03373 0.83613 -0.05772 0.54444
1403638536.2778294086 0.07537 -0.07396 0.00961 0.03376 0.83613 -0.05767 0.54444
1403638536.3778295517 0.07537 -0.07396 0.00961 0.03377 0.83608 -0.05768 0.54452
1403638536.4778294563 0.07536 -0.07395 0.00962 0.03375 0.83607 -0.05764 0.54454
1403638536.5778295994 0.07536 -0.07395 0.00962 0.03365 0.83608 -0.05764 0.54454
1403638536.6778295040 0.07536 -0.07395 0.00962 0.03364 0.83608 -0.05761 0.54454
1403638536.7778294086 0.07535 -0.07394 0.00960 0.03369 0.83605 -0.05765 0.54457
1403638536.8778295517 0.07535 -0.07394 0.00959 0.03360 0.83599 -0.05774 0.54466
1403638536.9778294563 0.07535 -0.07395 0.00960 0.03354 0.83603 -0.05778 0.54460
1403638537.0778295994 0.07539 -0.07393 0.00961 0.03355 0.83605 -0.05769 0.54457
1403638537.1778295040 0.07538 -0.07391 0.00961 0.03371 0.83601 -0.05765 0.54464
1403638537.2778294086 0.07538 -0.07391 0.00964 0.03384 0.83603 -0.05758 0.54460
1403638537.3778295517 0.07538 -0.07392 0.00962 0.03383 0.83601 -0.05756 0.54463
1403638537.4778294563 0.07539 -0.07391 0.00962 0.03378 0.83601 -0.05755 0.54465
1403638537.5778295994 0.07539 -0.07390 0.00966 0.03384 0.83606 -0.05742 0.54457
1403638537.6778295040 0.07541 -0.07391 0.00970 0.03390 0.83611 -0.05744 0.54449
1403638537.7778294086 0.07540 -0.07390 0.00970 0.03385 0.83609 -0.05748 0.54452
1403638537.8778295517 0.07543 -0.07389 0.00970 0.03396 0.83608 -0.05738 0.54455
1403638537.9778294563 0.07541 -0.07389 0.00973 0.03399 0.83605 -0.05750 0.54457
1403638538.0778295994 0.07541 -0.07388 0.00977 0.03395 0.83605 -0.05750 0.54457
1403638538.1778295040 0.07541 -0.07389 0.00977 0.03399 0.83603 -0.05747 0.54461
1403638538.2778294086 0.07551 -0.07385 0.00970 0.03399 0.83600 -0.05735 0.54466
1403638538.3778295517 0.07546 -0.07388 0.00975 0.03414 0.83599 -0.05734 0.54467
1403638538.4778294563 0.07542 -0.07388 0.00985 0.03412 0.83601 -0.05730 0.54464
1403638538.5778295994 0.07546 -0.07387 0.00991 0.03436 0.83601 -0.05731 0.54463
1403638538.6778295040 0.07545 -0.07386 0.00995 0.03418 0.83583 -0.05740 0.54491
1403638538.7778294086 0.07556 -0.07392 0.01025 0.03402 0.83508 -0.05722 0.54609
1403638538.8778295517 0.07695 -0.07350 0.01063 0.03327 0.83408 -0.05671 0.54772
1403638538.9778294563 0.08024 -0.07332 0.01323 0.03407 0.82934 -0.05601 0.55489
1403638539.0778295994 0.08424 -0.07315 0.01695 0.03569 0.82372 -0.05758 0.56294
1403638539.1778295040 0.09133 -0.07276 0.02521 0.03498 0.81842 -0.05807 0.57060
1403638539.2778294086 0.09954 -0.07243 0.04131 0.03483 0.81471 -0.05740 0.57597
1403638539.3778295517 0.10716 -0.07206 0.06531 0.03452 0.81563 -0.05695 0.57473
1403638539.4778294563 0.11528 -0.07222 0.09577 0.03422 0.81768 -0.05598 0.57193
1403638539.5778295994 0.12379 -0.07292 0.12925 0.03388 0.81864 -0.05467 0.57069
1403638539.6778295040 0.13314 -0.07396 0.15749 0.03225 0.81925 -0.05430 0.56994
1403638539.7778294086 0.14217 -0.07407 0.17453 0.03268 0.82051 -0.05251 0.56828
1403638539.8778295517 0.15284 -0.07384 0.18448 0.03182 0.82306 -0.05192 0.56468
1403638539.9778294563 0.16633 -0.07338 0.19312 0.03010 0.82763 -0.05163 0.55808
1403638540.0778295994 0.18545 -0.07367 0.20062 0.02995 0.83357 -0.05150 0.54919
1403638540.1778295040 0.20883 -0.07456 0.20847 0.02966 0.83753 -0.05123 0.54317
1403638540.2778294086 0.24315 -0.07802 0.21791 0.02999 0.83342 -0.04987 0.54957
1403638540.3778295517 0.28032 -0.07852 0.22814 0.03072 0.82736 -0.04789 0.55879
1403638540.4778294563 0.32160 -0.07834 0.23634 0.02752 0.82508 -0.04190 0.56279
1403638540.5778295994 0.36908 -0.07665 0.24211 0.02028 0.82536 -0.03043 0.56342
1403638540.6778295040 0.41913 -0.07396 0.24820 0.01193 0.82554 -0.01328 0.56406
1403638540.7778294086 0.47129 -0.06924 0.25415 0.00399 0.82468 0.01068 0.56549
1403638540.8778295517 0.52604 -0.06146 0.25828 -0.00638 0.82397 0.03865 0.56528
1403638540.9778294563 0.58035 -0.04908 0.26028 -0.02018 0.82235 0.06492 0.56490
1403638541.0778295994 0.63420 -0.03294 0.25982 -0.03405 0.82010 0.08440 0.56494
1403638541.1778295040 0.68859 -0.01368 0.25484 -0.04394 0.81830 0.09772 0.56472
1403638541.2778294086 0.74271 0.00987 0.24716 -0.04917 0.81749 0.10655 0.56386
1403638541.3778295517 0.79684 0.03810 0.24676 -0.05228 0.81731 0.11023 0.56313
1403638541.4778294563 0.85024 0.07067 0.25200 -0.05357 0.81713 0.11053 0.56321
1403638541.5778295994 0.90328 0.10929 0.26399 -0.05293 0.81570 0.11112 0.56523
1403638541.6778295040 0.95908 0.15477 0.28366 -0.05717 0.81398 0.11415 0.56670
1403638541.7778294086 1.01241 0.20530 0.30939 -0.06714 0.81256 0.11974 0.56648
1403638541.8778295517 1.06355 0.26027 0.34190 -0.07905 0.81105 0.12867 0.56515
1403638541.9778294563 1.11253 0.31749 0.37135 -0.09075 0.80981 0.14295 0.56172
1403638542.0778295994 1.15956 0.37600 0.39446 -0.10463 0.80754 0.15993 0.55800
1403638542.1778295040 1.20465 0.43545 0.41171 -0.11995 0.80350 0.17980 0.55468
1403638542.2778294086 1.24845 0.49630 0.42275 -0.13476 0.79932 0.20307 0.54926
1403638542.3778295517 1.29173 0.55788 0.43072 -0.14849 0.79138 0.22484 0.54874
1403638542.4778294563 1.33371 0.61906 0.43663 -0.15489 0.77758 0.24509 0.55796
1403638542.5778295994 1.37387 0.68135 0.43974 -0.15122 0.76534 0.26353 0.56740
1403638542.6778295040 1.40826 0.74729 0.44472 -0.15198 0.76178 0.27291 0.56755
1403638542.7778294086 1.43564 0.81742 0.45638 -0.16104 0.76581 0.27191 0.56006
1403638542.8778295517 1.45783 0.89151 0.47533 -0.16770 0.77118 0.26879 0.55218
1403638542.9778294563 1.47640 0.96774 0.50151 -0.17164 0.77583 0.26555 0.54599
1403638543.0778295994 1.49227 1.04460 0.52981 -0.17413 0.77948 0.26233 0.54155
1403638543.1778295040 1.50619 1.12186 0.55182 -0.17419 0.78074 0.25977 0.54095
1403638543.2778294086 1.52228 1.20028 0.57043 -0.17419 0.78116 0.25726 0.54154
1403638543.3778295517 1.53662 1.27974 0.58070 -0.17348 0.78233 0.25622 0.54057
1403638543.4778294563 1.55224 1.36135 0.58795 -0.17561 0.78132 0.26056 0.53927
1403638543.5778295994 1.56843 1.44277 0.59553 -0.18064 0.77833 0.27155 0.53651
1403638543.6778295040 1.58368 1.52724 0.59945 -0.18738 0.77266 0.28900 0.53326
1403638543.7778294086 1.59601 1.61178 0.60501 -0.19753 0.76455 0.31019 0.52937
1403638543.8778295517 1.60634 1.69433 0.61764 -0.20929 0.75437 0.33268 0.52579
1403638543.9778294563 1.61757 1.78076 0.63731 -0.22339 0.74580 0.35098 0.52029
1403638544.0778295994 1.62815 1.86628 0.66060 -0.23833 0.74176 0.36229 0.51160
1403638544.1778295040 1.64053 1.95250 0.68311 -0.24877 0.73865 0.36884 0.50643
1403638544.2778294086 1.65522 2.04246 0.69935 -0.25550 0.73612 0.37218 0.50431
1403638544.3778295517 1.67043 2.13164 0.70902 -0.25703 0.73552 0.37473 0.50252
1403638544.4778294563 1.68775 2.22200 0.71560 -0.25610 0.73614 0.37580 0.50128
1403638544.5778295994 1.70516 2.31405 0.72018 -0.25794 0.73352 0.37492 0.50483
1403638544.6778295040 1.72469 2.40797 0.73305 -0.26290 0.72710 0.37415 0.51207
1403638544.7778294086 1.74172 2.49729 0.74710 -0.26420 0.72630 0.37511 0.51183
1403638544.8778295517 1.76000 2.58652 0.76233 -0.26219 0.72960 0.37742 0.50646
1403638544.9778294563 1.77711 2.67448 0.76936 -0.26236 0.73046 0.37811 0.50460
1403638545.0778295994 1.79484 2.76352 0.77169 -0.26384 0.72926 0.37802 0.50564
1403638545.1778295040 1.81199 2.85165 0.77265 -0.26359 0.72888 0.37911 0.50549
1403638545.2778294086 1.83002 2.94096 0.76271 -0.26284 0.72831 0.38069 0.50552
1403638545.3778295517 1.84922 3.03215 0.74944 -0.26453 0.72572 0.37971 0.50910
1403638545.4778294563 1.86560 3.12054 0.73799 -0.26666 0.72562 0.38065 0.50742
1403638545.5778295994 1.88172 3.21034 0.72324 -0.27076 0.72341 0.38720 0.50343
1403638545.6778295040 1.89717 3.30001 0.72136 -0.27959 0.71779 0.39871 0.49764
1403638545.7778294086 1.91136 3.38468 0.72539 -0.28858 0.70992 0.41529 0.49017
1403638545.8778295517 1.92551 3.47090 0.73579 -0.29962 0.69917 0.43483 0.48198
1403638545.9778294563 1.94008 3.55702 0.75278 -0.30953 0.68662 0.45681 0.47336
1403638546.0778295994 1.95541 3.64409 0.77255 -0.31602 0.67459 0.47575 0.46768
1403638546.1778295040 1.97157 3.73355 0.78678 -0.32366 0.66590 0.48802 0.46224
1403638546.2778294086 1.98707 3.82670 0.79365 -0.32862 0.66119 0.49560 0.45741
1403638546.3778295517 2.00193 3.92075 0.79470 -0.33490 0.65966 0.49781 0.45263
1403638546.4778294563 2.01607 4.01542 0.78993 -0.33762 0.65934 0.49910 0.44965
1403638546.5778295994 2.02976 4.11178 0.78487 -0.33863 0.65733 0.50231 0.44825
1403638546.6778295040 2.04127 4.20870 0.78576 -0.34219 0.65251 0.50816 0.44599
1403638546.7778294086 2.05328 4.30979 0.79668 -0.34464 0.64799 0.51383 0.44420
1403638546.8778295517 2.06394 4.41282 0.81615 -0.34533 0.64437 0.51875 0.44321
1403638546.9778294563 2.07356 4.51905 0.83395 -0.34401 0.64113 0.52315 0.44375
1403638547.0778295994 2.08185 4.62626 0.84604 -0.34198 0.63867 0.52644 0.44498
1403638547.1778295040 2.08686 4.73737 0.85003 -0.33898 0.63668 0.52970 0.44626
1403638547.2778294086 2.08844 4.84674 0.85204 -0.33704 0.63531 0.53119 0.44791
1403638547.3778295517 2.08364 4.95805 0.84718 -0.34014 0.63681 0.52897 0.44606
1403638547.4778294563 2.07732 5.07010 0.84223 -0.34473 0.63997 0.52525 0.44240
1403638547.5778295994 2.06887 5.18278 0.83245 -0.34780 0.64343 0.52186 0.43898
1403638547.6778295040 2.05560 5.29047 0.81359 -0.34851 0.64460 0.52033 0.43850
1403638547.7778294086 2.04422 5.40478 0.79488 -0.34643 0.64399 0.52089 0.44038
1403638547.8778295517 2.02677 5.50747 0.76796 -0.34311 0.64103 0.52309 0.44468
1403638547.9778294563 2.01089 5.62505 0.74669 -0.34326 0.64090 0.52346 0.44431
1403638548.0778295994 1.98860 5.73178 0.72865 -0.34615 0.64036 0.52585 0.43999
1403638548.1778295040 1.96914 5.86130 0.72295 -0.35050 0.63662 0.53124 0.43549
1403638548.2778294086 1.94441 5.98376 0.72237 -0.35715 0.63019 0.53972 0.42895
1403638548.3778295517 1.91906 6.11199 0.73112 -0.36483 0.62075 0.55111 0.42172
1403638548.4778294563 1.89315 6.24221 0.74701 -0.37296 0.61114 0.56168 0.41464
1403638548.5778295994 1.86771 6.36995 0.76186 -0.37953 0.60319 0.56953 0.40959
1403638548.6778295040 1.84301 6.49723 0.77248 -0.38441 0.59766 0.57494 0.40555
1403638548.7778294086 1.81854 6.62592 0.78104 -0.38720 0.59376 0.57892 0.40296
1403638548.8778295517 1.79335 6.75591 0.79540 -0.38854 0.59160 0.58159 0.40101
1403638548.9778294563 1.76781 6.88482 0.81713 -0.39000 0.59050 0.58256 0.39980
1403638549.0778295994 1.74074 7.01632 0.84209 -0.39051 0.59022 0.58300 0.39906
1403638549.1778295040 1.71487 7.14167 0.87514 -0.39179 0.59010 0.58211 0.39930
1403638549.2778294086 1.68765 7.27334 0.91152 -0.39251 0.59096 0.58115 0.39870
1403638549.3778295517 1.66189 7.40108 0.95431 -0.39484 0.59241 0.57884 0.39760
1403638549.4778294563 1.63501 7.53558 0.99220 -0.39666 0.59386 0.57673 0.39670
1403638549.5778295994 1.61031 7.66524 1.02666 -0.39810 0.59390 0.57504 0.39765
1403638549.6778295040 1.58553 7.80268 1.05434 -0.39941 0.59341 0.57352 0.39926
1403638549.7778294086 1.56417 7.93153 1.08386 -0.39788 0.59357 0.57409 0.39974
1403638549.8778295517 1.54208 8.06783 1.11786 -0.39687 0.59508 0.57427 0.39824
1403638549.9778294563 1.52097 8.20281 1.16198 -0.39658 0.59595 0.57433 0.39713
1403638550.0778295994 1.50080 8.34400 1.21260 -0.39686 0.59629 0.57409 0.39668
1403638550.1778295040 1.48318 8.48302 1.27228 -0.39767 0.59677 0.57397 0.39532
1403638550.2778294086 1.46643 8.63043 1.33784 -0.39711 0.59635 0.57483 0.39526
1403638550.3778295517 1.45090 8.77605 1.40752 -0.39717 0.59541 0.57520 0.39609
1403638550.4778294563 1.43702 8.92560 1.46972 -0.39982 0.59601 0.57366 0.39476
1403638550.5778295994 1.42568 9.07601 1.52453 -0.40370 0.59672 0.57125 0.39322
1403638550.6778295040 1.41779 9.22488 1.57373 -0.40860 0.59516 0.56782 0.39548
1403638550.7778294086 1.41373 9.36998 1.61841 -0.41160 0.59444 0.56560 0.39665
1403638550.8778295517 1.41366 9.51582 1.66033 -0.41749 0.59074 0.56130 0.40208
1403638550.9778294563 1.41564 9.65983 1.69856 -0.42310 0.58663 0.55679 0.40846
1403638551.0778295994 1.41963 9.79510 1.73283 -0.42672 0.58420 0.55387 0.41212
1403638551.1778295040 1.42682 9.92402 1.76845 -0.43103 0.58471 0.55106 0.41068
1403638551.2778294086 1.43901 10.04513 1.80844 -0.43162 0.58650 0.54994 0.40901
1403638551.3778295517 1.45803 10.15584 1.85305 -0.42690 0.59419 0.54695 0.40685
1403638551.4778294563 1.48246 10.26292 1.89133 -0.41940 0.60684 0.53767 0.40836
1403638551.5778295994 1.51495 10.36384 1.92668 -0.41322 0.62199 0.52143 0.41290
1403638551.6778295040 1.55274 10.46832 1.95532 -0.40627 0.63912 0.50299 0.41650
1403638551.7778294086 1.60013 10.56934 1.97951 -0.39698 0.65339 0.48454 0.42510
1403638551.8778295517 1.65626 10.66521 1.99943 -0.38679 0.66409 0.46900 0.43523
1403638551.9778294563 1.72042 10.75379 2.02229 -0.37483 0.66755 0.46134 0.44838
1403638552.0778295994 1.79020 10.83324 2.05216 -0.36523 0.66914 0.45632 0.45894
1403638552.1778295040 1.86314 10.90419 2.08650 -0.35931 0.67406 0.45323 0.45948
1403638552.2778294086 1.93985 10.96919 2.12587 -0.35515 0.67804 0.45225 0.45783
1403638552.3778295517 2.01976 11.02792 2.16404 -0.35714 0.67908 0.44940 0.45754
1403638552.4778294563 2.10384 11.08213 2.19751 -0.36438 0.67544 0.44389 0.46257
1403638552.5778295994 2.19106 11.12453 2.22490 -0.36996 0.67170 0.44044 0.46686
1403638552.6778295040 2.28127 11.15788 2.24597 -0.37061 0.66935 0.44168 0.46854
1403638552.7778294086 2.37457 11.18090 2.26055 -0.37007 0.66864 0.44394 0.46786
1403638552.8778295517 2.47177 11.20162 2.27066 -0.36794 0.66725 0.44789 0.46776
1403638552.9778294563 2.57004 11.20694 2.27574 -0.36369 0.66480 0.45394 0.46873
1403638553.0778295994 2.67130 11.21522 2.27636 -0.36001 0.66254 0.45935 0.46950
1403638553.1778295040 2.76946 11.20962 2.27401 -0.36548 0.65861 0.45802 0.47209
1403638553.2778294086 2.87114 11.20613 2.27294 -0.37274 0.65289 0.45479 0.47746
1403638553.3778295517 2.96944 11.18546 2.27636 -0.37441 0.64761 0.45562 0.48251
1403638553.4778294563 3.06700 11.15624 2.28554 -0.37092 0.64211 0.45919 0.48914
1403638553.5778295994 3.16277 11.11755 2.30122 -0.36785 0.63779 0.46220 0.49424
1403638553.6778295040 3.25643 11.06724 2.32049 -0.36568 0.63680 0.46457 0.49490
1403638553.7778294086 3.34653 11.00607 2.34775 -0.36390 0.63724 0.46653 0.49382
1403638553.8778295517 3.42880 10.93478 2.37937 -0.36168 0.63903 0.46804 0.49171
1403638553.9778294563 3.51376 10.86101 2.41467 -0.36109 0.64201 0.46855 0.48775
1403638554.0778295994 3.58563 10.77350 2.44059 -0.35953 0.64530 0.46945 0.48368
1403638554.1778295040 3.66775 10.69164 2.46740 -0.35485 0.64812 0.47323 0.47967
1403638554.2778294086 3.73733 10.59735 2.48103 -0.34693 0.65394 0.47907 0.47169
1403638554.3778295517 3.81489 10.51203 2.49799 -0.34120 0.65711 0.48372 0.46670
1403638554.4778294563 3.88656 10.42677 2.51182 -0.33862 0.65851 0.48591 0.46433
1403638554.5778295994 3.95289 10.34202 2.52167 -0.33974 0.65941 0.48555 0.46260
1403638554.6778295040 4.01589 10.25218 2.52761 -0.34564 0.66163 0.48176 0.45901
1403638554.7778294086 4.07935 10.16905 2.54462 -0.35055 0.66233 0.47847 0.45771
1403638554.8778295517 4.14262 10.08130 2.56027 -0.35362 0.66246 0.47651 0.45721
1403638554.9778294563 4.20753 9.99444 2.57722 -0.35617 0.66316 0.47331 0.45753
1403638555.0778295994 4.27544 9.91639 2.59477 -0.35251 0.66645 0.46899 0.46003
1403638555.1778295040 4.34314 9.82567 2.59809 -0.34587 0.67254 0.46234 0.46293
1403638555.2778294086 4.41447 9.74759 2.60522 -0.33974 0.67885 0.45430 0.46621
1403638555.3778295517 4.48793 9.66457 2.60710 -0.33266 0.68210 0.44959 0.47111
1403638555.4778294563 4.56259 9.57717 2.60380 -0.32691 0.68421 0.44651 0.47499
1403638555.5778295994 4.63818 9.48869 2.59833 -0.32462 0.68554 0.44385 0.47713
1403638555.6778295040 4.71391 9.39941 2.59845 -0.32407 0.68725 0.44219 0.47658
1403638555.7778294086 4.78820 9.30859 2.60794 -0.32315 0.68843 0.44236 0.47534
1403638555.8778295517 4.85997 9.21712 2.62356 -0.32247 0.68845 0.44337 0.47485
1403638555.9778294563 4.93352 9.13099 2.64732 -0.32119 0.68718 0.44503 0.47600
1403638556.0778295994 5.00707 9.04588 2.67205 -0.31965 0.68729 0.44640 0.47559
1403638556.1778295040 5.07999 8.96730 2.69537 -0.31865 0.69171 0.44691 0.46933
1403638556.2778294086 5.15510 8.88647 2.70892 -0.31717 0.69498 0.44798 0.46447
1403638556.3778295517 5.22912 8.81794 2.72247 -0.31582 0.69721 0.44871 0.46132
1403638556.4778294563 5.30829 8.74222 2.73035 -0.31344 0.70027 0.45002 0.45701
1403638556.5778295994 5.38423 8.68793 2.74291 -0.31276 0.70338 0.44958 0.45311
1403638556.6778295040 5.46246 8.63817 2.75592 -0.32005 0.70606 0.44341 0.44993
1403638556.7778294086 5.54857 8.57939 2.77428 -0.32663 0.70291 0.43862 0.45481
1403638556.8778295517 5.63193 8.53664 2.80212 -0.33220 0.70158 0.43422 0.45703
1403638556.9778294563 5.71981 8.49570 2.83318 -0.33545 0.70029 0.43152 0.45920
1403638557.0778295994 5.81383 8.45401 2.85784 -0.33394 0.69895 0.43288 0.46106
1403638557.1778295040 5.91365 8.41099 2.87505 -0.33230 0.69744 0.43442 0.46306
1403638557.2778294086 6.01656 8.36671 2.88597 -0.33118 0.69644 0.43550 0.46436
1403638557.3778295517 6.12526 8.32013 2.89280 -0.32872 0.69525 0.43768 0.46585
1403638557.4778294563 6.23584 8.27405 2.90188 -0.32325 0.69227 0.44213 0.46989
1403638557.5778295994 6.34663 8.22782 2.91675 -0.31877 0.68989 0.44533 0.47342
1403638557.6778295040 6.45700 8.18283 2.93573 -0.31625 0.68873 0.44728 0.47496
1403638557.7778294086 6.56631 8.13865 2.95729 -0.31624 0.68842 0.44697 0.47569
1403638557.8778295517 6.67511 8.09404 2.97338 -0.31336 0.68837 0.44841 0.47632
1403638557.9778294563 6.78212 8.05032 2.98325 -0.31058 0.68960 0.45004 0.47482
1403638558.0778295994 6.88802 8.00813 2.98698 -0.30956 0.69335 0.45080 0.46928
1403638558.1778295040 6.99489 7.96804 2.98786 -0.30665 0.69911 0.45233 0.46108
1403638558.2778294086 7.10356 7.93276 2.99429 -0.30312 0.70321 0.45407 0.45545
1403638558.3778295517 7.21275 7.90556 3.01104 -0.29839 0.70452 0.45683 0.45378
1403638558.4778294563 7.32142 7.88484 3.03588 -0.29202 0.70817 0.46047 0.44853
1403638558.5778295994 7.43132 7.87373 3.06835 -0.29324 0.71074 0.45916 0.44502
1403638558.6778295040 7.54432 7.87232 3.10725 -0.30152 0.71149 0.45265 0.44495
1403638558.7778294086 7.65953 7.87876 3.14512 -0.30933 0.71118 0.44653 0.44626
1403638558.8778295517 7.78010 7.88856 3.17608 -0.31199 0.70993 0.44436 0.44856
1403638558.9778294563 7.90401 7.90250 3.20005 -0.31388 0.70515 0.44312 0.45594
1403638559.0778295994 8.03071 7.91943 3.21617 -0.31459 0.70070 0.44296 0.46243
1403638559.1778295040 8.15804 7.93940 3.22526 -0.31496 0.69729 0.44337 0.46691
1403638559.2778294086 8.28528 7.96081 3.22796 -0.31296 0.69446 0.44573 0.47022
1403638559.3778295517 8.41240 7.98278 3.22426 -0.30940 0.69214 0.44901 0.47286
1403638559.4778294563 8.53481 8.00613 3.21553 -0.30733 0.68982 0.45120 0.47551
1403638559.5778295994 8.65427 8.03096 3.20173 -0.30629 0.68765 0.45273 0.47787
1403638559.6778295040 8.76987 8.05793 3.18475 -0.30692 0.68661 0.45289 0.47881
1403638559.7778294086 8.88126 8.08596 3.17132 -0.30726 0.68576 0.45357 0.47916
1403638559.8778295517 8.98906 8.11705 3.16321 -0.30855 0.68655 0.45280 0.47793
1403638559.9778294563 9.09545 8.14916 3.15601 -0.30740 0.69011 0.44688 0.47912
1403638560.0778295994 9.20212 8.18249 3.14323 -0.30198 0.69802 0.43403 0.48290
1403638560.1778295040 9.30742 8.21539 3.12342 -0.29220 0.70776 0.41598 0.49056
1403638560.2778294086 9.41180 8.24890 3.09853 -0.27984 0.71859 0.39482 0.49945
1403638560.3778295517 9.51493 8.28180 3.07164 -0.26857 0.72642 0.37057 0.51270
1403638560.4778294563 9.61435 8.31275 3.04125 -0.25582 0.73446 0.34544 0.52517
1403638560.5778295994 9.70957 8.33947 3.00630 -0.24449 0.74368 0.31858 0.53448
1403638560.6778295040 9.80112 8.36192 2.96751 -0.23478 0.75417 0.29059 0.54005
1403638560.7778294086 9.88912 8.37773 2.93212 -0.22755 0.76294 0.26500 0.54398
1403638560.8778295517 9.97451 8.38531 2.90464 -0.21680 0.76939 0.24216 0.54992
1403638560.9778294563 10.05971 8.38599 2.88476 -0.20452 0.77365 0.22121 0.55740
1403638561.0778295994 10.14288 8.37860 2.87302 -0.19227 0.77618 0.20132 0.56573
1403638561.1778295040 10.22163 8.36237 2.86742 -0.18137 0.77753 0.18364 0.57344
1403638561.2778294086 10.29551 8.33880 2.86873 -0.17451 0.77777 0.17026 0.57933
1403638561.3778295517 10.36316 8.30743 2.87219 -0.16550 0.78234 0.16551 0.57720
1403638561.4778294563 10.42627 8.26959 2.87184 -0.15200 0.78815 0.16914 0.57193
1403638561.5778295994 10.48686 8.22831 2.86592 -0.14245 0.79155 0.17391 0.56825
1403638561.6778295040 10.54471 8.18579 2.85523 -0.13871 0.79316 0.17681 0.56604
1403638561.7778294086 10.59900 8.14223 2.83975 -0.13787 0.79328 0.17914 0.56534
1403638561.8778295517 10.65032 8.09703 2.81729 -0.13540 0.79263 0.17982 0.56663
1403638561.9778294563 10.70056 8.05042 2.79217 -0.13033 0.79356 0.17551 0.56786
1403638562.0778295994 10.74737 8.00307 2.76769 -0.12302 0.79532 0.16684 0.56965
1403638562.1778295040 10.78911 7.95378 2.75196 -0.11550 0.79714 0.15717 0.57142
1403638562.2778294086 10.82911 7.90656 2.74075 -0.10911 0.79816 0.14900 0.57344
1403638562.3778295517 10.86598 7.85888 2.73602 -0.10318 0.79905 0.13717 0.57624
1403638562.4778294563 10.89958 7.80980 2.73521 -0.09537 0.80138 0.12123 0.57792
1403638562.5778295994 10.93125 7.76068 2.74159 -0.08587 0.80371 0.10122 0.58003
1403638562.6778295040 10.96019 7.71048 2.75239 -0.07721 0.80653 0.07713 0.58103
1403638562.7778294086 10.98691 7.65829 2.76456 -0.06845 0.80813 0.05097 0.58279
1403638562.8778295517 11.00969 7.60261 2.77249 -0.05502 0.80934 0.02642 0.58416
1403638562.9778294563 11.02840 7.54390 2.77438 -0.04057 0.81007 0.00383 0.58492
1403638563.0778295994 11.04298 7.48245 2.77095 -0.03159 0.80994 -0.02020 0.58531
1403638563.1778295040 11.05126 7.41691 2.76324 -0.01971 0.80977 -0.03986 0.58507
1403638563.2778294086 11.05546 7.34699 2.75171 -0.00822 0.80664 -0.05359 0.58855
1403638563.3778295517 11.05300 7.27342 2.73594 -0.00161 0.79886 -0.06322 0.59818
1403638563.4778294563 11.04310 7.19656 2.71450 -0.00025 0.79276 -0.07019 0.60547
1403638563.5778295994 11.02586 7.11465 2.69259 0.00539 0.79332 -0.06992 0.60475
1403638563.6778295040 11.00148 7.02819 2.67675 0.00560 0.79683 -0.07002 0.60010
1403638563.7778294086 10.97142 6.93605 2.66779 0.00259 0.79909 -0.07037 0.59707
1403638563.8778295517 10.93739 6.83944 2.66708 -0.00055 0.79876 -0.06943 0.59763
1403638563.9778294563 10.89718 6.73712 2.67295 -0.00408 0.79773 -0.06774 0.59918
1403638564.0778295994 10.85028 6.63070 2.67582 -0.00852 0.79843 -0.06548 0.59845
1403638564.1778295040 10.79775 6.51865 2.67368 -0.01026 0.79842 -0.06077 0.59894
1403638564.2778294086 10.74138 6.39855 2.66974 -0.00952 0.79687 -0.05519 0.60155
1403638564.3778295517 10.67752 6.27694 2.67042 -0.00962 0.79552 -0.05007 0.60377
1403638564.4778294563 10.60877 6.14937 2.67868 -0.00899 0.79431 -0.04573 0.60572
1403638564.5778295994 10.52915 6.02160 2.69032 -0.01171 0.79611 -0.04523 0.60334
1403638564.6778295040 10.44510 5.89050 2.70177 -0.01680 0.79787 -0.04811 0.60068
1403638564.7778294086 10.35113 5.75608 2.70528 -0.02049 0.79846 -0.05117 0.59952
1403638564.8778295517 10.25683 5.61666 2.70380 -0.02262 0.79800 -0.05370 0.59984
1403638564.9778294563 10.15479 5.46798 2.68061 -0.02446 0.79747 -0.05535 0.60031
1403638565.0778295994 10.05077 5.31574 2.64534 -0.02565 0.79786 -0.05614 0.59967
1403638565.1778295040 9.94313 5.15722 2.59488 -0.02611 0.79863 -0.05639 0.59861
1403638565.2778294086 9.83150 4.99145 2.53811 -0.02448 0.79960 -0.05559 0.59745
1403638565.3778295517 9.71630 4.82030 2.47834 -0.02173 0.80061 -0.05434 0.59632
1403638565.4778294563 9.59732 4.64281 2.41794 -0.01879 0.79992 -0.05334 0.59743
1403638565.5778295994 9.47585 4.46143 2.36396 -0.01221 0.79777 -0.05103 0.60067
1403638565.6778295040 9.34961 4.27771 2.31877 -0.00045 0.79746 -0.04498 0.60170
1403638565.7778294086 9.22057 4.09492 2.27976 0.00858 0.80014 -0.04057 0.59838
1403638565.8778295517 9.08481 3.91469 2.24842 0.01581 0.80228 -0.03726 0.59557
1403638565.9778294563 8.94514 3.73805 2.22082 0.01827 0.80408 -0.03781 0.59304
1403638566.0778295994 8.80399 3.56633 2.18759 0.01984 0.80507 -0.03821 0.59161
1403638566.1778295040 8.66169 3.39868 2.14592 0.01781 0.80524 -0.03965 0.59135
1403638566.2778294086 8.51763 3.23460 2.09610 0.01844 0.80485 -0.03883 0.59192
1403638566.3778295517 8.37407 3.07384 2.03792 0.01870 0.80585 -0.03778 0.59062
1403638566.4778294563 8.23118 2.91628 1.97380 0.01534 0.80610 -0.03849 0.59032
1403638566.5778295994 8.08927 2.76291 1.90398 0.01465 0.80927 -0.03672 0.58611
1403638566.6778295040 7.94784 2.61375 1.82689 0.01390 0.81857 -0.03491 0.57318
1403638566.7778294086 7.81161 2.46876 1.74494 0.01322 0.83025 -0.03311 0.55625
1403638566.8778295517 7.68349 2.32738 1.66009 0.01162 0.83828 -0.03188 0.54419
1403638566.9778294563 7.56427 2.18878 1.57313 0.01164 0.84221 -0.02901 0.53825
1403638567.0778295994 7.45419 2.05459 1.48830 0.01141 0.83412 -0.02754 0.55078
1403638567.1778295040 7.35178 1.92285 1.40103 0.01338 0.82179 -0.02543 0.56907
1403638567.2778294086 7.25179 1.79288 1.30875 0.01641 0.81312 -0.02361 0.58138
1403638567.3778295517 7.15120 1.66699 1.21133 0.01929 0.81120 -0.02297 0.58400
1403638567.4778294563 7.04878 1.54437 1.11755 0.02118 0.81199 -0.02383 0.58281
1403638567.5778295994 6.94627 1.42593 1.03033 0.02253 0.81551 -0.02552 0.57775
1403638567.6778295040 6.84113 1.30717 0.95172 0.02583 0.81875 -0.02595 0.57298
1403638567.7778294086 6.73822 1.19281 0.88197 0.02781 0.82199 -0.02642 0.56821
1403638567.8778295517 6.63969 1.08249 0.82029 0.02696 0.82538 -0.02860 0.56321
1403638567.9778294563 6.54938 0.97758 0.76534 0.02688 0.82631 -0.02954 0.56180
1403638568.0778295994 6.46422 0.87639 0.71829 0.02984 0.82613 -0.02771 0.56200
1403638568.1778295040 6.38300 0.77984 0.68030 0.03181 0.82540 -0.02636 0.56304
1403638568.2778294086 6.30512 0.68862 0.64964 0.03272 0.82525 -0.02656 0.56320
1403638568.3778295517 6.23190 0.60213 0.61968 0.03270 0.82571 -0.02682 0.56250
1403638568.4778294563 6.16253 0.52310 0.58316 0.03322 0.82654 -0.02676 0.56125
1403638568.5778295994 6.09808 0.44593 0.54577 0.03401 0.82791 -0.02604 0.55923
1403638568.6778295040 6.03783 0.37584 0.50368 0.03537 0.82967 -0.02467 0.55658
1403638568.7778294086 5.98344 0.31067 0.46749 0.03493 0.83098 -0.02465 0.55466
1403638568.8778295517 5.93348 0.25321 0.44063 0.03293 0.83032 -0.02625 0.55570
1403638568.9778294563 5.88912 0.19966 0.41776 0.03487 0.82976 -0.02456 0.55649
1403638569.0778295994 5.84837 0.15112 0.40716 0.03635 0.82949 -0.02350 0.55684
1403638569.1778295040 5.81210 0.10649 0.39893 0.03695 0.83028 -0.02347 0.55563
1403638569.2778294086 5.77581 0.06768 0.39530 0.03901 0.83144 -0.02241 0.55380
1403638569.3778295517 5.74790 0.03344 0.38298 0.03988 0.83134 -0.02217 0.55389
1403638569.4778294563 5.72037 0.00217 0.36872 0.04034 0.82984 -0.02169 0.55612
1403638569.5778295994 5.70261 -0.02096 0.34924 0.04105 0.82856 -0.02135 0.55799
1403638569.6778295040 5.68902 -0.03833 0.33561 0.04014 0.82742 -0.02229 0.55970
1403638569.7778294086 5.67842 -0.05004 0.32850 0.04108 0.82658 -0.02167 0.56090
1403638569.8778295517 5.66763 -0.05791 0.32922 0.04205 0.82529 -0.02057 0.56276
1403638569.9778294563 5.66382 -0.05913 0.33221 0.04080 0.82378 -0.02142 0.56504
1403638570.0778295994 5.66359 -0.05421 0.33294 0.03847 0.82320 -0.02295 0.56598
1403638570.1778295040 5.66555 -0.04526 0.32779 0.03350 0.82337 -0.02575 0.56593
1403638570.2778294086 5.66891 -0.03385 0.31697 0.02590 0.82286 -0.03040 0.56684
1403638570.3778295517 5.67397 -0.02122 0.30171 0.01958 0.82260 -0.03773 0.56702
1403638570.4778294563 5.67869 -0.00970 0.28307 0.01532 0.82210 -0.05332 0.56664
1403638570.5778295994 5.68301 -0.00312 0.25489 0.00832 0.81943 -0.08035 0.56745
1403638570.6778295040 5.68649 -0.00330 0.22521 0.00920 0.81423 -0.10961 0.57003
1403638570.7778294086 5.68933 -0.01359 0.19205 0.01653 0.80311 -0.13724 0.57957
1403638570.8778295517 5.68710 -0.03460 0.15651 0.02922 0.79139 -0.16176 0.58879
1403638570.9778294563 5.67796 -0.06655 0.11720 0.04481 0.78319 -0.18317 0.59250
1403638571.0778295994 5.66071 -0.10897 0.07313 0.06180 0.78039 -0.20233 0.58842
1403638571.1778295040 5.63397 -0.15965 0.03059 0.08336 0.78294 -0.21476 0.57787
1403638571.2778294086 5.60085 -0.21760 -0.00211 0.10350 0.78416 -0.22115 0.57051
1403638571.3778295517 5.56057 -0.27999 -0.02485 0.11616 0.78343 -0.22653 0.56694
1403638571.4778294563 5.51509 -0.34599 -0.03820 0.12211 0.78055 -0.23125 0.56776
1403638571.5778295994 5.46456 -0.41510 -0.04805 0.12898 0.77810 -0.23540 0.56791
1403638571.6778295040 5.41007 -0.48695 -0.06219 0.13514 0.77772 -0.24470 0.56304
1403638571.7778294086 5.35227 -0.56212 -0.08157 0.14317 0.77706 -0.25804 0.55596
1403638571.8778295517 5.29231 -0.64047 -0.10510 0.15047 0.77397 -0.27566 0.54985
1403638571.9778294563 5.22955 -0.72311 -0.12557 0.15815 0.76781 -0.29553 0.54600
1403638572.0778295994 5.16367 -0.80931 -0.13812 0.16729 0.76077 -0.31463 0.54245
1403638572.1778295040 5.09352 -0.89927 -0.14187 0.18305 0.75383 -0.32971 0.53807
1403638572.2778294086 5.02010 -0.99167 -0.14126 0.19721 0.74941 -0.34623 0.52879
1403638572.3778295517 4.94583 -1.08751 -0.14297 0.21039 0.74443 -0.36451 0.51836
1403638572.4778294563 4.87157 -1.18663 -0.14726 0.22442 0.74034 -0.37755 0.50891
1403638572.5778295994 4.79913 -1.28911 -0.15247 0.23536 0.73645 -0.38617 0.50312
1403638572.6778295040 4.72874 -1.39484 -0.15599 0.24125 0.73460 -0.39155 0.49884
1403638572.7778294086 4.66149 -1.50469 -0.15094 0.24908 0.73597 -0.39133 0.49312
1403638572.8778295517 4.59840 -1.61718 -0.13736 0.25272 0.73837 -0.39066 0.48819
1403638572.9778294563 4.53955 -1.73217 -0.11874 0.25338 0.74047 -0.38968 0.48543
1403638573.0778295994 4.48491 -1.84975 -0.10396 0.25270 0.74251 -0.38849 0.48363
1403638573.1778295040 4.43439 -1.97050 -0.09579 0.25090 0.74410 -0.38727 0.48311
1403638573.2778294086 4.38903 -2.09424 -0.08987 0.24924 0.74551 -0.38525 0.48340
1403638573.3778295517 4.34620 -2.22184 -0.08266 0.24838 0.74629 -0.38430 0.48340
1403638573.4778294563 4.31133 -2.35165 -0.07214 0.25146 0.74640 -0.38442 0.48154
1403638573.5778295994 4.27940 -2.48622 -0.05339 0.25309 0.74630 -0.38465 0.48065
1403638573.6778295040 4.25338 -2.62136 -0.02752 0.25593 0.74664 -0.38517 0.47819
1403638573.7778294086 4.23317 -2.75833 0.00238 0.26277 0.74301 -0.38854 0.47741
1403638573.8778295517 4.21859 -2.89762 0.03147 0.27629 0.73273 -0.39409 0.48111
1403638573.9778294563 4.20976 -3.03620 0.05502 0.28794 0.71728 -0.40759 0.48627
1403638574.0778295994 4.20370 -3.17135 0.07148 0.29361 0.69698 -0.42914 0.49382
1403638574.1778295040 4.19754 -3.30208 0.08222 0.29953 0.67476 -0.45316 0.49963
1403638574.2778294086 4.18864 -3.42785 0.08828 0.30895 0.65606 -0.47545 0.49808
1403638574.3778295517 4.17215 -3.55154 0.09042 0.32138 0.64274 -0.49533 0.48810
1403638574.4778294563 4.14867 -3.67320 0.08925 0.33486 0.63115 -0.51330 0.47544
1403638574.5778295994 4.12055 -3.79073 0.09137 0.34531 0.62050 -0.52740 0.46647
1403638574.6778295040 4.08837 -3.90677 0.10182 0.35719 0.61414 -0.53443 0.45786
1403638574.7778294086 4.05503 -4.02263 0.11889 0.36801 0.61400 -0.53691 0.44643
1403638574.8778295517 4.02227 -4.13689 0.13927 0.36939 0.61614 -0.54124 0.43701
1403638574.9778294563 3.98899 -4.24846 0.15501 0.36800 0.61859 -0.54443 0.43072
1403638575.0778295994 3.95572 -4.35825 0.16353 0.36042 0.61727 -0.54974 0.43227
1403638575.1778295040 3.92118 -4.46701 0.16611 0.35452 0.61466 -0.55300 0.43669
1403638575.2778294086 3.88414 -4.57791 0.16617 0.35106 0.61338 -0.55383 0.44022
1403638575.3778295517 3.84385 -4.68904 0.16007 0.34790 0.61678 -0.55377 0.43805
1403638575.4778294563 3.80098 -4.80240 0.15132 0.34610 0.62230 -0.55209 0.43376
1403638575.5778295994 3.75552 -4.91768 0.14103 0.34523 0.62736 -0.54950 0.43045
1403638575.6778295040 3.70845 -5.03933 0.13764 0.34875 0.63372 -0.54417 0.42503
1403638575.7778294086 3.66052 -5.16710 0.14244 0.34971 0.64033 -0.54106 0.41825
1403638575.8778295517 3.61521 -5.29719 0.15669 0.34959 0.64459 -0.53889 0.41459
1403638575.9778294563 3.57418 -5.43037 0.18169 0.34906 0.64496 -0.53807 0.41553
1403638576.0778295994 3.53663 -5.56680 0.21410 0.34972 0.64557 -0.53665 0.41587
1403638576.1778295040 3.50200 -5.70933 0.25179 0.35053 0.64399 -0.53620 0.41820
1403638576.2778294086 3.47085 -5.85537 0.28667 0.35459 0.64452 -0.53363 0.41725
1403638576.3778295517 3.44301 -6.00576 0.31547 0.35915 0.64608 -0.53062 0.41477
1403638576.4778294563 3.42035 -6.15877 0.33858 0.36300 0.64869 -0.52809 0.41056
1403638576.5778295994 3.40385 -6.31493 0.35671 0.36759 0.65277 -0.52516 0.40369
1403638576.6778295040 3.39478 -6.47450 0.37065 0.37074 0.65425 -0.52295 0.40128
1403638576.7778294086 3.39436 -6.63793 0.38056 0.37558 0.65190 -0.51928 0.40535
1403638576.8778295517 3.40125 -6.80215 0.38530 0.37820 0.64693 -0.51754 0.41304
1403638576.9778294563 3.41550 -6.96532 0.38499 0.37611 0.64058 -0.51936 0.42244
1403638577.0778295994 3.43541 -7.12492 0.38364 0.37178 0.63682 -0.52279 0.42771
1403638577.1778295040 3.45902 -7.28221 0.38955 0.36892 0.63404 -0.52492 0.43168
1403638577.2778294086 3.48562 -7.43769 0.40142 0.36929 0.63457 -0.52467 0.43089
1403638577.3778295517 3.51473 -7.59332 0.42212 0.37595 0.63879 -0.51972 0.42486
1403638577.4778294563 3.54794 -7.74669 0.44840 0.38031 0.64125 -0.51643 0.42126
1403638577.5778295994 3.58659 -7.89930 0.47138 0.37732 0.64128 -0.51818 0.42175
1403638577.6778295040 3.62986 -8.04900 0.48850 0.37393 0.64026 -0.52028 0.42374
1403638577.7778294086 3.67659 -8.19729 0.49801 0.37116 0.63981 -0.52180 0.42498
1403638577.8778295517 3.72756 -8.34507 0.50246 0.37082 0.64002 -0.52154 0.42528
1403638577.9778294563 3.78190 -8.48975 0.50395 0.37160 0.64058 -0.52012 0.42551
1403638578.0778295994 3.84114 -8.63677 0.51227 0.37049 0.63983 -0.52007 0.42765
1403638578.1778295040 3.90396 -8.77935 0.52638 0.36586 0.63685 -0.52251 0.43307
1403638578.2778294086 3.96839 -8.92327 0.54630 0.35734 0.63202 -0.52807 0.44046
1403638578.3778295517 4.03163 -9.06679 0.56584 0.35527 0.62968 -0.52971 0.44350
1403638578.4778294563 4.09271 -9.20874 0.57899 0.35544 0.62928 -0.53011 0.44344
1403638578.5778295994 4.15179 -9.34838 0.58719 0.35546 0.62872 -0.53080 0.44340
1403638578.6778295040 4.20923 -9.48978 0.59150 0.35793 0.62859 -0.52966 0.44297
1403638578.7778294086 4.26430 -9.62566 0.59292 0.36329 0.63113 -0.52624 0.43905
1403638578.8778295517 4.32007 -9.76472 0.59085 0.36838 0.63395 -0.52258 0.43511
1403638578.9778294563 4.37831 -9.89424 0.58821 0.37092 0.63527 -0.52050 0.43350
1403638579.0778295994 4.43922 -10.03053 0.59392 0.37137 0.63597 -0.51946 0.43334
1403638579.1778295040 4.50351 -10.15761 0.60849 0.37201 0.63600 -0.51863 0.43376
1403638579.2778294086 4.57041 -10.28901 0.62893 0.36980 0.63505 -0.51971 0.43574
1403638579.3778295517 4.63893 -10.40851 0.65005 0.36417 0.63183 -0.52346 0.44064
1403638579.4778294563 4.70833 -10.53613 0.66776 0.35841 0.62760 -0.52738 0.44668
1403638579.5778295994 4.77568 -10.65158 0.67859 0.35724 0.62506 -0.52470 0.45428
1403638579.6778295040 4.84180 -10.76690 0.68511 0.35940 0.62568 -0.51258 0.46543
1403638579.7778294086 4.90716 -10.87880 0.68624 0.35784 0.63617 -0.49363 0.47283
1403638579.8778295517 4.97199 -10.98484 0.68007 0.34724 0.65620 -0.47248 0.47496
1403638579.9778294563 5.03705 -11.08585 0.66848 0.33012 0.67630 -0.44750 0.48310
1403638580.0778295994 5.10209 -11.18079 0.65538 0.31562 0.69086 -0.41307 0.50247
1403638580.1778295040 5.16684 -11.26573 0.63929 0.29571 0.70514 -0.37625 0.52323
1403638580.2778294086 5.22765 -11.33824 0.61801 0.26929 0.72212 -0.34148 0.53798
1403638580.3778295517 5.28459 -11.40348 0.59075 0.23897 0.73833 -0.31519 0.54627
1403638580.4778294563 5.33417 -11.46167 0.55881 0.21275 0.74996 -0.29864 0.55055
1403638580.5778295994 5.37848 -11.51657 0.52492 0.19510 0.75729 -0.28517 0.55419
1403638580.6778295040 5.41871 -11.56888 0.49104 0.17966 0.76741 -0.27041 0.55288
1403638580.7778294086 5.45434 -11.61916 0.46383 0.16918 0.77756 -0.25524 0.54922
1403638580.8778295517 5.48792 -11.67135 0.44537 0.16435 0.78450 -0.24427 0.54579
1403638580.9778294563 5.52397 -11.72590 0.43764 0.15848 0.78598 -0.24077 0.54694
1403638581.0778295994 5.55909 -11.77880 0.43873 0.15733 0.78701 -0.23899 0.54657
1403638581.1778295040 5.59330 -11.83210 0.44756 0.15990 0.78696 -0.23746 0.54658
1403638581.2778294086 5.62597 -11.88287 0.45735 0.16398 0.78705 -0.23720 0.54535
1403638581.3778295517 5.66088 -11.93080 0.46957 0.16744 0.78581 -0.23846 0.54553
1403638581.4778294563 5.69021 -11.97513 0.48060 0.17013 0.78369 -0.24009 0.54703
1403638581.5778295994 5.72318 -12.01240 0.50332 0.17344 0.78310 -0.24227 0.54587
1403638581.6778295040 5.75462 -12.05206 0.51901 0.17852 0.77901 -0.24220 0.55010
1403638581.7778294086 5.78048 -12.07224 0.53953 0.18090 0.77532 -0.24389 0.55379
1403638581.8778295517 5.79886 -12.07948 0.55817 0.18413 0.77208 -0.24397 0.55720
1403638581.9778294563 5.82805 -12.10737 0.55976 0.18799 0.76453 -0.24231 0.56695
1403638582.0778295994 5.83992 -12.10189 0.57477 0.18703 0.76615 -0.24423 0.56426
1403638582.1778295040 5.85665 -12.10508 0.59282 0.18312 0.77346 -0.24764 0.55399
1403638582.2778294086 5.88012 -12.12004 0.61450 0.18352 0.77648 -0.24765 0.54961
1403638582.3778295517 5.90644 -12.13305 0.65289 0.18603 0.77326 -0.24553 0.55424
1403638582.4778294563 5.93078 -12.14272 0.69332 0.18812 0.77210 -0.24392 0.55586
1403638582.5778295994 5.95477 -12.15011 0.74501 0.18911 0.77152 -0.24281 0.55681
1403638582.6778295040 5.98186 -12.15922 0.80756 0.18881 0.77264 -0.24309 0.55524
1403638582.7778294086 6.00282 -12.15194 0.87813 0.18710 0.77419 -0.24492 0.55284
1403638582.8778295517 6.02333 -12.14239 0.94984 0.18757 0.77551 -0.24549 0.55058
1403638582.9778294563 6.04311 -12.12900 1.01506 0.18642 0.77771 -0.24711 0.54714
1403638583.0778295994 6.06151 -12.11181 1.07259 0.18550 0.78020 -0.24881 0.54312
1403638583.1778295040 6.08069 -12.09272 1.12242 0.18548 0.78178 -0.24955 0.54050
1403638583.2778294086 6.10224 -12.07287 1.16618 0.18423 0.78236 -0.25084 0.53949
1403638583.3778295517 6.13174 -12.06001 1.20342 0.18463 0.78207 -0.25039 0.53999
1403638583.4778294563 6.15794 -12.03642 1.24105 0.18484 0.78275 -0.25051 0.53887
1403638583.5778295994 6.18623 -12.01364 1.28506 0.18497 0.78273 -0.25041 0.53890
1403638583.6778295040 6.21541 -11.98876 1.33654 0.18667 0.78303 -0.24920 0.53845
1403638583.7778294086 6.24618 -11.96157 1.38865 0.18640 0.78273 -0.24921 0.53897
1403638583.8778295517 6.28609 -11.93025 1.42608 0.18722 0.78190 -0.24875 0.54010
1403638583.9778294563 6.32005 -11.89705 1.46514 0.18764 0.78192 -0.24844 0.54007
1403638584.0778295994 6.35508 -11.86105 1.49841 0.19059 0.77848 -0.24623 0.54499
1403638584.1778295040 6.40643 -11.83610 1.52335 0.19473 0.76960 -0.24282 0.55753
1403638584.2778294086 6.44176 -11.79843 1.55050 0.19690 0.76062 -0.24050 0.56995
1403638584.3778295517 6.48249 -11.75562 1.55949 0.19858 0.75789 -0.23925 0.57353
1403638584.4778294563 6.50854 -11.69644 1.56132 0.19942 0.75780 -0.23858 0.57363
1403638584.5778295994 6.52786 -11.63492 1.57414 0.19907 0.75800 -0.23866 0.57346
1403638584.6778295040 6.54449 -11.56723 1.59500 0.19678 0.75980 -0.23999 0.57130
1403638584.7778294086 6.55416 -11.48641 1.60691 0.19313 0.76662 -0.24224 0.56242
1403638584.8778295517 6.56593 -11.40849 1.64034 0.18680 0.77428 -0.24686 0.55196
1403638584.9778294563 6.56873 -11.32125 1.64985 0.18485 0.77789 -0.24876 0.54666
1403638585.0778295994 6.57095 -11.23249 1.65251 0.18442 0.77918 -0.24935 0.54469
1403638585.1778295040 6.58149 -11.15036 1.67002 0.18204 0.77901 -0.25099 0.54498
1403638585.2778294086 6.57468 -11.06061 1.65176 0.18298 0.77720 -0.25009 0.54767
1403638585.3778295517 6.58644 -10.97681 1.65785 0.18357 0.77514 -0.24941 0.55069
1403638585.4778294563 6.56008 -10.89447 1.62250 0.18291 0.77551 -0.24921 0.55048
1403638585.5778295994 6.57026 -10.81002 1.63045 0.18205 0.77734 -0.24938 0.54809
1403638585.6778295040 6.51577 -10.74636 1.59921 0.18063 0.78012 -0.24843 0.54504
1403638585.7778294086 6.51654 -10.66389 1.61612 0.17738 0.78515 -0.25049 0.53789
1403638585.8778295517 6.49723 -10.59438 1.62371 0.17425 0.78910 -0.25186 0.53246
1403638585.9778294563 6.49927 -10.51791 1.65011 0.17234 0.78901 -0.25376 0.53232
1403638586.0778295994 6.50613 -10.43956 1.68293 0.17428 0.78482 -0.25306 0.53819
1403638586.1778295040 6.52267 -10.36322 1.71192 0.17618 0.78200 -0.25263 0.54186
1403638586.2778294086 6.53037 -10.28239 1.73325 0.17848 0.77933 -0.25148 0.54548
1403638586.3778295517 6.54636 -10.20752 1.75181 0.18434 0.77626 -0.24790 0.54953
1403638586.4778294563 6.55201 -10.11912 1.76269 0.19251 0.77445 -0.24298 0.55148
1403638586.5778295994 6.56577 -10.03932 1.77017 0.19475 0.77374 -0.24182 0.55220
1403638586.6778295040 6.56859 -9.94181 1.76713 0.19199 0.77446 -0.24397 0.55121
1403638586.7778294086 6.58172 -9.85846 1.76167 0.18789 0.77414 -0.24669 0.55187
1403638586.8778295517 6.58436 -9.76221 1.74741 0.18570 0.77294 -0.24754 0.55391
1403638586.9778294563 6.59426 -9.67531 1.73080 0.18589 0.77270 -0.24726 0.55429
1403638587.0778295994 6.59481 -9.58069 1.70940 0.18507 0.77245 -0.24771 0.55472
1403638587.1778295040 6.60197 -9.48931 1.69568 0.18460 0.77367 -0.24766 0.55319
1403638587.2778294086 6.60387 -9.39559 1.68689 0.18379 0.77535 -0.24774 0.55107
1403638587.3778295517 6.60796 -9.30005 1.68797 0.18318 0.77695 -0.24808 0.54886
1403638587.4778294563 6.61092 -9.20666 1.68723 0.18129 0.77704 -0.24979 0.54858
1403638587.5778295994 6.61579 -9.10777 1.68915 0.18051 0.77709 -0.25079 0.54832
1403638587.6778295040 6.62218 -9.01501 1.68062 0.18029 0.77670 -0.25129 0.54871
1403638587.7778294086 6.62637 -8.91886 1.67107 0.18023 0.77632 -0.25169 0.54908
1403638587.8778295517 6.63370 -8.82994 1.65321 0.17935 0.77599 -0.25251 0.54946
1403638587.9778294563 6.63777 -8.73437 1.63495 0.17913 0.77559 -0.25301 0.54986
1403638588.0778295994 6.64380 -8.65166 1.60936 0.18011 0.77522 -0.25178 0.55064
1403638588.1778295040 6.64496 -8.56014 1.58352 0.18668 0.77603 -0.24737 0.54931
1403638588.2778294086 6.64940 -8.47889 1.55446 0.18931 0.77692 -0.24481 0.54829
1403638588.3778295517 6.65239 -8.38213 1.53564 0.18995 0.77727 -0.24410 0.54789
1403638588.4778294563 6.65926 -8.29283 1.52175 0.18810 0.77728 -0.24504 0.54810
1403638588.5778295994 6.66252 -8.18989 1.51894 0.18569 0.77655 -0.24669 0.54922
1403638588.6778295040 6.66541 -8.09299 1.52109 0.18324 0.77581 -0.24793 0.55052
1403638588.7778294086 6.66752 -7.98488 1.53157 0.18175 0.77429 -0.24934 0.55251
1403638588.8778295517 6.67071 -7.88477 1.53650 0.17923 0.77378 -0.25160 0.55303
1403638588.9778294563 6.67007 -7.78013 1.53561 0.17951 0.77370 -0.25190 0.55291
1403638589.0778295994 6.67113 -7.68087 1.52658 0.17991 0.77397 -0.25214 0.55229
1403638589.1778295040 6.66859 -7.57416 1.51159 0.18154 0.77372 -0.25146 0.55241
1403638589.2778294086 6.66917 -7.47559 1.49427 0.18120 0.77275 -0.25158 0.55383
1403638589.3778295517 6.66428 -7.36853 1.47423 0.18141 0.77255 -0.25139 0.55413
1403638589.4778294563 6.66242 -7.26834 1.46056 0.18105 0.77345 -0.25199 0.55272
1403638589.5778295994 6.65499 -7.16078 1.45098 0.18040 0.77339 -0.25239 0.55283
1403638589.6778295040 6.65353 -7.06118 1.45291 0.17997 0.77404 -0.25242 0.55205
1403638589.7778294086 6.64535 -6.95567 1.45905 0.18036 0.77558 -0.25280 0.54958
1403638589.8778295517 6.64018 -6.85738 1.46913 0.18034 0.77617 -0.25376 0.54832
1403638589.9778294563 6.63144 -6.75243 1.46762 0.18073 0.77615 -0.25422 0.54799
1403638590.0778295994 6.62515 -6.65602 1.46797 0.18032 0.77615 -0.25499 0.54777
1403638590.1778295040 6.61689 -6.55130 1.45748 0.18097 0.77508 -0.25531 0.54892
1403638590.2778294086 6.61179 -6.46178 1.45040 0.18060 0.77439 -0.25589 0.54975
1403638590.3778295517 6.60261 -6.35829 1.43192 0.18086 0.77468 -0.25634 0.54904
1403638590.4778294563 6.59696 -6.26412 1.41644 0.18092 0.77531 -0.25662 0.54800
1403638590.5778295994 6.58606 -6.16301 1.39752 0.17987 0.77638 -0.25730 0.54652
1403638590.6778295040 6.57899 -6.06901 1.38912 0.17794 0.77812 -0.25831 0.54420
1403638590.7778294086 6.56942 -5.97299 1.38730 0.17716 0.77892 -0.25876 0.54308
1403638590.8778295517 6.56116 -5.88349 1.39380 0.17729 0.77978 -0.25872 0.54182
1403638590.9778294563 6.55344 -5.78994 1.40622 0.17600 0.78036 -0.25962 0.54098
1403638591.0778295994 6.54186 -5.69732 1.42246 0.17457 0.78122 -0.26098 0.53955
1403638591.1778295040 6.53590 -5.60432 1.43305 0.17369 0.78541 -0.26219 0.53312
1403638591.2778294086 6.52646 -5.51120 1.43528 0.17120 0.79122 -0.26434 0.52421
1403638591.3778295517 6.52219 -5.42655 1.43326 0.16784 0.79549 -0.26684 0.51751
1403638591.4778294563 6.52414 -5.34762 1.42619 0.16513 0.79820 -0.26893 0.51311
1403638591.5778295994 6.53259 -5.27555 1.41310 0.16239 0.80092 -0.27118 0.50854
1403638591.6778295040 6.54758 -5.21303 1.39611 0.16100 0.80118 -0.27227 0.50800
1403638591.7778294086 6.56945 -5.16005 1.37914 0.16268 0.79931 -0.27119 0.51097
1403638591.8778295517 6.60001 -5.12103 1.36445 0.16354 0.79704 -0.27031 0.51469
1403638591.9778294563 6.63587 -5.09216 1.35722 0.16414 0.79447 -0.26952 0.51888
1403638592.0778295994 6.67535 -5.07369 1.35893 0.16436 0.79196 -0.26832 0.52324
1403638592.1778295040 6.72081 -5.05317 1.36951 0.16230 0.78914 -0.26647 0.52907
1403638592.2778294086 6.76805 -5.05171 1.39240 0.15697 0.78371 -0.26101 0.54132
1403638592.3778295517 6.81544 -5.04762 1.42378 0.14781 0.78114 -0.25210 0.55174
1403638592.4778294563 6.86068 -5.04089 1.46234 0.13600 0.78360 -0.23822 0.55743
1403638592.5778295994 6.90229 -5.03769 1.50672 0.12819 0.79094 -0.22395 0.55483
1403638592.6778295040 6.94149 -5.03762 1.55669 0.12160 0.79838 -0.21262 0.55009
1403638592.7778294086 6.98017 -5.04108 1.60542 0.11645 0.80543 -0.20501 0.54378
1403638592.8778295517 7.01930 -5.04812 1.64864 0.11234 0.81046 -0.20031 0.53890
1403638592.9778294563 7.06036 -5.05781 1.68656 0.11166 0.81297 -0.19656 0.53664
1403638593.0778295994 7.10626 -5.07292 1.71802 0.11060 0.81372 -0.19525 0.53620
1403638593.1778295040 7.15502 -5.09107 1.75164 0.11072 0.81200 -0.19431 0.53911
1403638593.2778294086 7.20938 -5.11450 1.78980 0.11747 0.80873 -0.19053 0.54393
1403638593.3778295517 7.26409 -5.13900 1.83504 0.12648 0.80530 -0.18541 0.54873
1403638593.4778294563 7.31860 -5.16283 1.87768 0.13469 0.80064 -0.18147 0.55488
1403638593.5778295994 7.37430 -5.18446 1.91331 0.13929 0.79776 -0.18019 0.55830
1403638593.6778295040 7.43054 -5.20252 1.94218 0.14202 0.79652 -0.17990 0.55949
1403638593.7778294086 7.48686 -5.21678 1.96584 0.14335 0.79316 -0.18024 0.56379
1403638593.8778295517 7.54288 -5.22761 1.98885 0.13905 0.78272 -0.18031 0.57923
1403638593.9778294563 7.59326 -5.23166 2.01757 0.13254 0.77928 -0.17723 0.58629
1403638594.0778295994 7.63672 -5.23253 2.04923 0.12431 0.78483 -0.17520 0.58128
1403638594.1778295040 7.67426 -5.23167 2.08518 0.12215 0.79094 -0.17059 0.57480
1403638594.2778294086 7.70816 -5.22960 2.11927 0.12255 0.79336 -0.16580 0.57278
1403638594.3778295517 7.73877 -5.22512 2.14862 0.12504 0.79239 -0.16091 0.57497
1403638594.4778294563 7.76496 -5.21669 2.18429 0.12876 0.79104 -0.15547 0.57750
1403638594.5778295994 7.78769 -5.20388 2.22217 0.12317 0.79133 -0.15738 0.57780
1403638594.6778295040 7.80439 -5.18666 2.26948 0.11754 0.79187 -0.16060 0.57735
1403638594.7778294086 7.82109 -5.16998 2.30914 0.11540 0.79260 -0.16263 0.57621
1403638594.8778295517 7.82889 -5.14958 2.34660 0.11414 0.79260 -0.16430 0.57599
1403638594.9778294563 7.83987 -5.13056 2.37250 0.11527 0.79445 -0.16482 0.57306
1403638595.0778295994 7.84925 -5.11047 2.39294 0.11394 0.79565 -0.16663 0.57114
1403638595.1778295040 7.85779 -5.09050 2.40710 0.11382 0.79615 -0.16787 0.57009
1403638595.2778294086 7.86545 -5.07084 2.41497 0.11439 0.79662 -0.16816 0.56924
1403638595.3778295517 7.86476 -5.04289 2.42662 0.11446 0.79620 -0.16895 0.56958
1403638595.4778294563 7.86781 -5.02260 2.42278 0.11455 0.79655 -0.16918 0.56900
1403638595.5778295994 7.87054 -5.00178 2.41850 0.11463 0.79736 -0.16889 0.56794
1403638595.6778295040 7.87169 -4.98011 2.42035 0.11706 0.79743 -0.16722 0.56784
1403638595.7778294086 7.87133 -4.95631 2.42677 0.12142 0.79841 -0.16429 0.56640
1403638595.8778295517 7.87199 -4.93132 2.42959 0.12276 0.79884 -0.16365 0.56569
1403638595.9778294563 7.87318 -4.90553 2.41861 0.12521 0.79858 -0.16221 0.56594
1403638596.0778295994 7.86632 -4.86440 2.41625 0.13301 0.79915 -0.15743 0.56470
1403638596.1778295040 7.86577 -4.83173 2.39379 0.14433 0.80062 -0.14955 0.56197
1403638596.2778294086 7.86639 -4.79036 2.37899 0.15613 0.80235 -0.14088 0.55857
1403638596.3778295517 7.86033 -4.73296 2.38516 0.16560 0.80245 -0.13336 0.55755
1403638596.4778294563 7.86375 -4.67235 2.38598 0.17112 0.80215 -0.12853 0.55745
1403638596.5778295994 7.86755 -4.59582 2.40581 0.17793 0.80291 -0.12312 0.55544
1403638596.6778295040 7.87825 -4.50762 2.42383 0.18556 0.80318 -0.11712 0.55386
1403638596.7778294086 7.89515 -4.40290 2.44996 0.18948 0.80329 -0.11374 0.55307
1403638596.8778295517 7.91759 -4.28144 2.49155 0.19308 0.80270 -0.11092 0.55326
1403638596.9778294563 7.94180 -4.14293 2.52518 0.19487 0.80141 -0.11000 0.55467
1403638597.0778295994 7.97299 -3.99177 2.56189 0.19764 0.80060 -0.10900 0.55507
1403638597.1778295040 8.00755 -3.82540 2.59097 0.19994 0.79880 -0.10880 0.55687
1403638597.2778294086 8.04516 -3.64123 2.61232 0.19751 0.79613 -0.11191 0.56093
1403638597.3778295517 8.08716 -3.44188 2.62600 0.19276 0.79441 -0.11680 0.56401
1403638597.4778294563 8.13157 -3.22871 2.63610 0.18416 0.79119 -0.12389 0.56988
1403638597.5778295994 8.17424 -3.00478 2.64093 0.17139 0.78660 -0.13344 0.57800
1403638597.6778295040 8.21401 -2.77239 2.64123 0.16698 0.78428 -0.13748 0.58148
1403638597.7778294086 8.25052 -2.53213 2.63645 0.17117 0.78606 -0.13237 0.57904
1403638597.8778295517 8.28461 -2.28285 2.62721 0.17540 0.78865 -0.12102 0.57673
1403638597.9778294563 8.31620 -2.02376 2.61495 0.17656 0.79028 -0.11186 0.57600
1403638598.0778295994 8.34860 -1.75323 2.60724 0.16972 0.79048 -0.10933 0.57826
1403638598.1778295040 8.37853 -1.47106 2.60559 0.14812 0.79202 -0.11850 0.58027
1403638598.2778294086 8.40538 -1.18260 2.60836 0.13069 0.79397 -0.12693 0.58002
1403638598.3778295517 8.43104 -0.89325 2.60925 0.11981 0.79581 -0.13222 0.57867
1403638598.4778294563 8.45585 -0.60497 2.60459 0.11563 0.79815 -0.13398 0.57587
1403638598.5778295994 8.47839 -0.31787 2.59242 0.11073 0.80021 -0.13199 0.57444
1403638598.6778295040 8.49953 -0.03268 2.57456 0.10645 0.80260 -0.12344 0.57381
1403638598.7778294086 8.51910 0.25010 2.55800 0.09807 0.80489 -0.11258 0.57434
1403638598.8778295517 8.53621 0.53062 2.54813 0.08885 0.80602 -0.09809 0.57691
1403638598.9778294563 8.54966 0.80813 2.54176 0.07892 0.80859 -0.08163 0.57731
1403638599.0778295994 8.56166 1.08392 2.54044 0.06681 0.81011 -0.06489 0.57884
1403638599.1778295040 8.57110 1.35848 2.54535 0.05478 0.81153 -0.04719 0.57982
1403638599.2778294086 8.57745 1.63086 2.55468 0.04375 0.81359 -0.02808 0.57911
1403638599.3778295517 8.58157 1.90167 2.57152 0.03119 0.81690 -0.01068 0.57583
1403638599.4778294563 8.58383 2.17063 2.59340 0.02206 0.81912 0.00277 0.57319
1403638599.5778295994 8.58551 2.43823 2.61355 0.01650 0.82147 0.01139 0.56990
1403638599.6778295040 8.58657 2.70479 2.62534 0.01283 0.82296 0.01608 0.56773
1403638599.7778294086 8.58886 2.97053 2.62882 0.01157 0.82310 0.01719 0.56752
1403638599.8778295517 8.59442 3.23443 2.62534 0.00965 0.82443 0.01478 0.56570
1403638599.9778294563 8.60198 3.49677 2.61766 0.00589 0.82465 0.00920 0.56554
1403638600.0778295994 8.61384 3.75653 2.60602 -0.00046 0.82582 0.00141 0.56393
1403638600.1778295040 8.62897 4.01041 2.59070 -0.01253 0.82759 -0.01033 0.56110
1403638600.2778294086 8.64568 4.25688 2.56989 -0.02245 0.82973 -0.02099 0.55732
1403638600.3778295517 8.66644 4.49227 2.54761 -0.03001 0.83117 -0.02959 0.55441
1403638600.4778294563 8.69146 4.71309 2.53086 -0.03625 0.83236 -0.03605 0.55187
1403638600.5778295994 8.72151 4.91794 2.52457 -0.03422 0.83294 -0.03667 0.55108
1403638600.6778295040 8.75560 5.10800 2.52611 -0.03708 0.83446 -0.03962 0.54839
1403638600.7778294086 8.79535 5.28459 2.53469 -0.03677 0.83819 -0.03943 0.54271
1403638600.8778295517 8.84237 5.44566 2.54879 -0.02584 0.84202 -0.03057 0.53796
1403638600.9778294563 8.89515 5.59542 2.56008 -0.00914 0.84416 -0.01703 0.53575
1403638601.0778295994 8.95475 5.73651 2.56586 -0.00009 0.84457 -0.00892 0.53537
1403638601.1778295040 9.02229 5.87274 2.56707 0.00771 0.84321 -0.00244 0.53752
1403638601.2778294086 9.09765 6.00846 2.56479 0.01705 0.83683 0.00511 0.54718
1403638601.3778295517 9.17856 6.14476 2.56105 0.01424 0.83179 0.00900 0.55484
1403638601.4778294563 9.26306 6.28481 2.56118 0.00113 0.82739 0.01368 0.56146
1403638601.5778295994 9.34873 6.42528 2.56868 -0.00969 0.82260 0.02800 0.56785
1403638601.6778295040 9.43485 6.56491 2.58104 -0.02090 0.82000 0.04809 0.56996
1403638601.7778294086 9.51933 6.70451 2.60015 -0.03352 0.81710 0.07360 0.57080
1403638601.8778295517 9.60140 6.84373 2.62719 -0.04743 0.81205 0.10267 0.57252
1403638601.9778294563 9.68005 6.98543 2.65542 -0.06227 0.80887 0.12610 0.57092
1403638602.0778295994 9.75639 7.12827 2.67803 -0.07378 0.80720 0.14305 0.56790
1403638602.1778295040 9.82928 7.27304 2.69446 -0.07968 0.80249 0.15870 0.56963
1403638602.2778294086 9.89791 7.42003 2.70584 -0.08727 0.79545 0.17615 0.57325
1403638602.3778295517 9.96151 7.57075 2.71749 -0.10975 0.78438 0.18865 0.58062
1403638602.4778294563 10.01738 7.72227 2.73960 -0.14466 0.76237 0.19499 0.59987
1403638602.5778295994 10.06166 7.86661 2.76941 -0.17985 0.74075 0.19984 0.61564
1403638602.6778295040 10.09196 7.99647 2.80446 -0.20051 0.73048 0.21319 0.61704
1403638602.7778294086 10.10546 8.10950 2.84449 -0.21148 0.72615 0.23279 0.61138
1403638602.8778295517 10.10034 8.20398 2.88859 -0.22253 0.72275 0.25239 0.60367
1403638602.9778294563 10.08006 8.28336 2.93510 -0.24207 0.72287 0.26773 0.58923
1403638603.0778295994 10.05093 8.34900 2.97857 -0.26083 0.71787 0.28235 0.58044
1403638603.1778295040 10.01642 8.40079 3.01544 -0.27298 0.71056 0.29664 0.57671
1403638603.2778294086 9.97537 8.43733 3.03996 -0.27116 0.71793 0.31375 0.55912
1403638603.3778295517 9.92980 8.46260 3.05503 -0.26429 0.73068 0.32813 0.53721
1403638603.4778294563 9.88338 8.48279 3.06504 -0.26073 0.73906 0.33526 0.52289
1403638603.5778295994 9.83935 8.50224 3.07260 -0.26194 0.73694 0.33945 0.52258
1403638603.6778295040 9.79461 8.52049 3.07569 -0.26385 0.72931 0.34165 0.53081
1403638603.7778294086 9.75069 8.53215 3.07027 -0.25752 0.72070 0.34789 0.54152
1403638603.8778295517 9.69903 8.54062 3.06056 -0.25070 0.71311 0.35266 0.55160
1403638603.9778294563 9.63974 8.54760 3.04587 -0.24544 0.70641 0.35525 0.56083
1403638604.0778295994 9.57370 8.54978 3.02355 -0.23935 0.70300 0.35786 0.56608
1403638604.1778295040 9.49408 8.55328 3.00817 -0.23792 0.70251 0.35852 0.56687
1403638604.2778294086 9.40578 8.54802 2.99817 -0.24428 0.70650 0.35473 0.56157
1403638604.3778295517 9.30418 8.54070 2.99641 -0.24952 0.71425 0.35149 0.55140
1403638604.4778294563 9.19719 8.52730 3.00089 -0.24733 0.72213 0.35303 0.54104
1403638604.5778295994 9.08800 8.51179 3.01061 -0.24536 0.72681 0.35430 0.53481
1403638604.6778295040 8.97648 8.49501 3.01582 -0.24800 0.73006 0.35267 0.53021
1403638604.7778294086 8.86406 8.47758 3.01632 -0.25205 0.73210 0.34994 0.52730
1403638604.8778295517 8.75262 8.45766 3.01624 -0.25307 0.73531 0.34927 0.52277
1403638604.9778294563 8.64274 8.43442 3.01966 -0.25066 0.74131 0.35107 0.51418
1403638605.0778295994 8.53556 8.40957 3.03039 -0.24817 0.74771 0.35309 0.50465
1403638605.1778295040 8.43328 8.38550 3.04939 -0.24579 0.75160 0.35519 0.49852
1403638605.2778294086 8.33699 8.36709 3.07043 -0.24205 0.75238 0.35797 0.49718
1403638605.3778295517 8.24418 8.35342 3.08666 -0.23605 0.74769 0.36226 0.50400
1403638605.4778294563 8.15451 8.34677 3.09940 -0.22877 0.73763 0.36775 0.51800
1403638605.5778295994 8.06076 8.34143 3.10446 -0.22328 0.72926 0.37194 0.52913
1403638605.6778295040 7.96344 8.34017 3.10479 -0.21879 0.72349 0.37521 0.53657
1403638605.7778294086 7.85930 8.34347 3.10826 -0.21723 0.72257 0.37631 0.53768
1403638605.8778295517 7.75228 8.35357 3.12361 -0.21444 0.72252 0.37794 0.53771
1403638605.9778294563 7.63585 8.36995 3.14249 -0.21039 0.72181 0.37984 0.53893
1403638606.0778295994 7.51550 8.39221 3.16239 -0.20777 0.72195 0.38055 0.53926
1403638606.1778295040 7.38358 8.41869 3.17153 -0.20434 0.72175 0.38208 0.53976
1403638606.2778294086 7.24942 8.45201 3.17744 -0.20220 0.72297 0.38244 0.53868
1403638606.3778295517 7.10410 8.49102 3.17000 -0.20776 0.73150 0.37765 0.52832
1403638606.4778294563 6.95652 8.53574 3.15742 -0.21590 0.74173 0.37103 0.51533
1403638606.5778295994 6.80923 8.58578 3.13927 -0.22286 0.75029 0.36644 0.50310
1403638606.6778295040 6.66571 8.64288 3.11718 -0.22833 0.75343 0.36859 0.49431
1403638606.7778294086 6.52717 8.70715 3.09076 -0.23317 0.75331 0.37781 0.48519
1403638606.8778295517 6.39379 8.77831 3.06293 -0.24174 0.74964 0.39049 0.47657
1403638606.9778294563 6.26657 8.85803 3.04067 -0.25268 0.74237 0.40595 0.46931
1403638607.0778295994 6.14856 8.94463 3.02886 -0.26672 0.73359 0.42036 0.46261
1403638607.1778295040 6.03935 9.03803 3.02543 -0.28318 0.72386 0.42739 0.46172
1403638607.2778294086 5.93714 9.13515 3.02252 -0.29703 0.71030 0.43175 0.46994
1403638607.3778295517 5.83870 9.23364 3.01143 -0.30977 0.70184 0.43177 0.47437
1403638607.4778294563 5.74468 9.33170 2.99141 -0.31561 0.69875 0.43292 0.47404
1403638607.5778295994 5.65460 9.42671 2.96402 -0.31759 0.69771 0.43427 0.47302
1403638607.6778295040 5.56851 9.51889 2.93292 -0.31924 0.69600 0.43427 0.47442
1403638607.7778294086 5.48813 9.60924 2.89853 -0.31767 0.69456 0.43473 0.47716
1403638607.8778295517 5.41070 9.69759 2.85997 -0.31879 0.69682 0.43265 0.47500
1403638607.9778294563 5.33911 9.78306 2.81816 -0.32098 0.70125 0.42929 0.47004
1403638608.0778295994 5.27420 9.86776 2.77115 -0.32170 0.70004 0.42674 0.47365
1403638608.1778295040 5.21338 9.94912 2.71941 -0.31784 0.69704 0.42713 0.48027
1403638608.2778294086 5.15548 10.02592 2.66467 -0.31655 0.69246 0.42644 0.48830
1403638608.3778295517 5.10129 10.09847 2.60413 -0.31685 0.68667 0.42525 0.49723
1403638608.4778294563 5.04526 10.16745 2.53899 -0.31697 0.68658 0.42486 0.49762
1403638608.5778295994 4.99142 10.23060 2.46741 -0.31518 0.68810 0.42556 0.49607
1403638608.6778295040 4.93564 10.28996 2.40014 -0.32066 0.68537 0.42161 0.49969
1403638608.7778294086 4.88057 10.34183 2.33623 -0.32110 0.68552 0.42132 0.49945
1403638608.8778295517 4.82621 10.38702 2.27763 -0.31981 0.68893 0.42269 0.49441
1403638608.9778294563 4.77158 10.42566 2.22812 -0.31892 0.69302 0.42357 0.48848
1403638609.0778295994 4.71944 10.46180 2.18427 -0.31830 0.69576 0.42408 0.48452
1403638609.1778295040 4.66861 10.49404 2.14674 -0.32020 0.69621 0.42271 0.48382
1403638609.2778294086 4.61960 10.52228 2.10864 -0.32813 0.69634 0.41696 0.48331
1403638609.3778295517 4.57524 10.54504 2.06371 -0.32697 0.69659 0.41744 0.48333
1403638609.4778294563 4.53318 10.56580 2.01091 -0.32328 0.69666 0.41956 0.48387
1403638609.5778295994 4.49490 10.58005 1.95251 -0.31980 0.69665 0.42153 0.48447
1403638609.6778295040 4.45736 10.59933 1.88685 -0.31765 0.69574 0.42300 0.48591
1403638609.7778294086 4.42406 10.60866 1.82278 -0.31644 0.69585 0.42374 0.48590
1403638609.8778295517 4.39277 10.62364 1.76388 -0.31689 0.69612 0.42343 0.48549
1403638609.9778294563 4.36409 10.62775 1.71470 -0.31780 0.69565 0.42259 0.48631
1403638610.0778295994 4.34071 10.63506 1.67357 -0.32121 0.69344 0.42008 0.48939
1403638610.1778295040 4.31708 10.63410 1.63696 -0.32229 0.69038 0.41919 0.49374
1403638610.2778294086 4.29476 10.62905 1.59601 -0.32467 0.68911 0.41719 0.49565
1403638610.3778295517 4.27361 10.61933 1.54842 -0.32551 0.68876 0.41652 0.49614
1403638610.4778294563 4.25692 10.60582 1.49621 -0.32576 0.68714 0.41604 0.49864
1403638610.5778295994 4.23668 10.58576 1.43999 -0.32853 0.68194 0.41382 0.50574
1403638610.6778295040 4.21549 10.55801 1.38304 -0.33294 0.67691 0.41061 0.51219
1403638610.7778294086 4.19158 10.52055 1.32827 -0.33049 0.68223 0.41330 0.50450
1403638610.8778295517 4.16725 10.47781 1.28158 -0.32669 0.68859 0.41725 0.49500
1403638610.9778294563 4.14668 10.43442 1.24136 -0.32728 0.68899 0.41754 0.49380
1403638611.0778295994 4.12721 10.38409 1.20031 -0.33043 0.68616 0.41569 0.49720
1403638611.1778295040 4.10945 10.32726 1.15547 -0.33179 0.68520 0.41585 0.49748
1403638611.2778294086 4.09218 10.26407 1.11005 -0.33125 0.68481 0.41682 0.49756
1403638611.3778295517 4.07451 10.19373 1.06886 -0.32486 0.68241 0.42130 0.50129
1403638611.4778294563 4.05177 10.12021 1.02977 -0.31255 0.67818 0.42918 0.50812
1403638611.5778295994 4.02944 10.04330 1.00260 -0.30371 0.67776 0.43444 0.50957
1403638611.6778295040 3.99622 9.96405 0.97467 -0.30191 0.68020 0.43477 0.50710
1403638611.7778294086 3.96175 9.88366 0.94666 -0.30753 0.68600 0.43046 0.49953
1403638611.8778295517 3.92903 9.80317 0.91728 -0.31274 0.69162 0.42607 0.49227
1403638611.9778294563 3.89420 9.72215 0.88150 -0.31537 0.69502 0.42342 0.48806
1403638612.0778295994 3.86150 9.64206 0.84861 -0.31475 0.69699 0.42312 0.48591
1403638612.1778295040 3.83186 9.55994 0.82281 -0.31616 0.69823 0.42155 0.48457
1403638612.2778294086 3.80487 9.48080 0.80606 -0.31665 0.69827 0.42084 0.48482
1403638612.3778295517 3.78148 9.39937 0.79441 -0.31501 0.69783 0.42143 0.48601
1403638612.4778294563 3.75855 9.31626 0.77904 -0.31434 0.69663 0.42069 0.48879
1403638612.5778295994 3.73797 9.23305 0.75847 -0.31144 0.69447 0.42125 0.49322
1403638612.6778295040 3.71691 9.14946 0.73077 -0.30562 0.69256 0.42368 0.49744
1403638612.7778294086 3.69293 9.06397 0.69483 -0.30272 0.69164 0.42351 0.50063
1403638612.8778295517 3.66883 8.98079 0.66244 -0.30290 0.69052 0.42121 0.50400
1403638612.9778294563 3.63830 8.89242 0.63005 -0.30381 0.69112 0.41911 0.50438
1403638613.0778295994 3.60929 8.81012 0.60958 -0.30440 0.69393 0.41795 0.50113
1403638613.1778295040 3.57701 8.72555 0.59584 -0.30393 0.69635 0.41768 0.49826
1403638613.2778294086 3.54138 8.63659 0.58700 -0.30312 0.69679 0.41787 0.49799
1403638613.3778295517 3.50755 8.55288 0.58683 -0.30239 0.69635 0.41837 0.49862
1403638613.4778294563 3.46992 8.46123 0.58206 -0.30307 0.69577 0.41728 0.49993
1403638613.5778295994 3.43420 8.37747 0.57364 -0.30229 0.69708 0.41294 0.50218
1403638613.6778295040 3.39697 8.29321 0.55890 -0.30616 0.69775 0.40621 0.50438
1403638613.7778294086 3.35630 8.20039 0.53506 -0.31001 0.69643 0.39854 0.50995
1403638613.8778295517 3.31857 8.11157 0.50567 -0.30691 0.69866 0.39043 0.51502
1403638613.9778294563 3.27761 8.00952 0.46945 -0.29927 0.70464 0.38050 0.51879
1403638614.0778295994 3.23743 7.90727 0.43042 -0.28733 0.71268 0.36863 0.52310
1403638614.1778295040 3.19533 7.80122 0.39141 -0.27265 0.72293 0.35568 0.52586
1403638614.2778294086 3.15113 7.69066 0.35729 -0.26168 0.73180 0.34215 0.52814
1403638614.3778295517 3.10529 7.57979 0.32849 -0.25311 0.73845 0.33266 0.52912
1403638614.4778294563 3.05882 7.47126 0.30901 -0.24965 0.74315 0.32370 0.52975
1403638614.5778295994 3.01172 7.35970 0.29740 -0.24575 0.74760 0.31532 0.53035
1403638614.6778295040 2.96742 7.24905 0.29281 -0.24272 0.75278 0.30329 0.53144
1403638614.7778294086 2.92594 7.13809 0.29910 -0.24091 0.76266 0.28665 0.52740
1403638614.8778295517 2.88698 7.02571 0.31460 -0.23331 0.77380 0.26903 0.52386
1403638614.9778294563 2.85556 6.91477 0.33793 -0.22015 0.78304 0.24981 0.52534
1403638615.0778295994 2.83187 6.80347 0.36670 -0.20203 0.79044 0.22897 0.53100
1403638615.1778295040 2.81652 6.69477 0.40243 -0.18046 0.79393 0.20680 0.54253
1403638615.2778294086 2.80612 6.58707 0.44306 -0.15525 0.79635 0.18533 0.55441
1403638615.3778295517 2.79530 6.47973 0.47895 -0.13366 0.80005 0.15984 0.56259
1403638615.4778294563 2.78358 6.36936 0.50789 -0.11321 0.80312 0.13387 0.56943
1403638615.5778295994 2.77005 6.25683 0.52948 -0.09600 0.80642 0.10948 0.57313
1403638615.6778295040 2.75470 6.14326 0.54680 -0.08271 0.80849 0.09213 0.57534
1403638615.7778294086 2.73867 6.03233 0.56927 -0.07495 0.80977 0.07965 0.57646
1403638615.8778295517 2.72034 5.92194 0.59905 -0.06971 0.81099 0.06783 0.57692
1403638615.9778294563 2.70195 5.81159 0.62725 -0.06251 0.81254 0.05593 0.57684
1403638616.0778295994 2.68245 5.69944 0.64920 -0.05364 0.81313 0.04370 0.57796
1403638616.1778295040 2.66184 5.58574 0.65887 -0.04393 0.81430 0.02966 0.57802
1403638616.2778294086 2.64090 5.47120 0.65146 -0.03337 0.81526 0.01152 0.57801
1403638616.3778295517 2.61956 5.35423 0.62946 -0.02023 0.81592 -0.00770 0.57776
1403638616.4778294563 2.59759 5.23527 0.60019 -0.00983 0.81638 -0.02551 0.57687
1403638616.5778295994 2.57528 5.11514 0.56801 -0.00067 0.81801 -0.03789 0.57395
1403638616.6778295040 2.55337 4.99458 0.53224 0.00494 0.82262 -0.04743 0.56659
1403638616.7778294086 2.53294 4.87398 0.49182 0.00172 0.83104 -0.05759 0.55323
1403638616.8778295517 2.51815 4.75326 0.45093 -0.00229 0.83675 -0.06429 0.54380
1403638616.9778294563 2.51125 4.62820 0.41879 0.00284 0.83500 -0.06185 0.54676
1403638617.0778295994 2.51125 4.50014 0.39675 0.00841 0.83139 -0.05678 0.55272
1403638617.1778295040 2.51501 4.37110 0.38352 0.01439 0.82857 -0.04988 0.55748
1403638617.2778294086 2.52218 4.24268 0.37547 0.01603 0.83098 -0.04522 0.55423
1403638617.3778295517 2.53311 4.11406 0.37230 0.01562 0.83504 -0.04236 0.54833
1403638617.4778294563 2.54923 3.98685 0.37680 0.01527 0.83783 -0.03912 0.54431
1403638617.5778295994 2.57131 3.86081 0.38885 0.01502 0.83859 -0.03613 0.54336
1403638617.6778295040 2.60009 3.73680 0.40884 0.01602 0.83723 -0.03212 0.54568
1403638617.7778294086 2.63739 3.61877 0.43785 0.01623 0.83565 -0.02941 0.54823
1403638617.8778295517 2.67721 3.50132 0.47239 0.01718 0.83567 -0.02600 0.54834
1403638617.9778294563 2.72270 3.38926 0.51139 0.01515 0.83464 -0.02549 0.55000
1403638618.0778295994 2.77291 3.28082 0.54578 0.01440 0.83428 -0.02417 0.55062
1403638618.1778295040 2.82769 3.17667 0.57389 0.01204 0.83444 -0.02405 0.55044
1403638618.2778294086 2.88618 3.07476 0.59582 0.01255 0.83446 -0.02255 0.55046
1403638618.3778295517 2.94749 2.97859 0.61419 0.01242 0.83374 -0.02153 0.55160
1403638618.4778294563 3.01285 2.88346 0.62936 0.01222 0.83388 -0.02030 0.55144
1403638618.5778295994 3.08144 2.79343 0.64361 0.01345 0.83288 -0.01951 0.55294
1403638618.6778295040 3.15411 2.70231 0.65477 0.01735 0.83276 -0.02262 0.55290
1403638618.7778294086 3.23051 2.61820 0.67105 0.01999 0.83206 -0.02582 0.55372
1403638618.8778295517 3.31051 2.53674 0.69301 0.02308 0.83032 -0.02915 0.55604
1403638618.9778294563 3.39280 2.45762 0.71653 0.02914 0.82619 -0.03808 0.56134
1403638619.0778295994 3.47632 2.37982 0.73265 0.04109 0.82258 -0.05174 0.56480
1403638619.1778295040 3.56020 2.30417 0.74083 0.05469 0.81898 -0.07058 0.56683
1403638619.2778294086 3.64449 2.23171 0.74148 0.06872 0.81499 -0.09465 0.56755
1403638619.3778295517 3.72786 2.16209 0.73241 0.08496 0.81043 -0.11915 0.56726
1403638619.4778294563 3.81093 2.09619 0.71907 0.09560 0.80608 -0.14037 0.56692
1403638619.5778295994 3.89517 2.03305 0.70424 0.10219 0.80235 -0.15611 0.56695
1403638619.6778295040 3.97893 1.97128 0.68647 0.09853 0.79876 -0.17256 0.56789
1403638619.7778294086 4.06114 1.90866 0.66704 0.09498 0.79624 -0.18414 0.56839
1403638619.8778295517 4.14081 1.84318 0.64653 0.09470 0.79409 -0.19059 0.56932
1403638619.9778294563 4.21405 1.77595 0.62049 0.09605 0.79322 -0.19425 0.56907
1403638620.0778295994 4.28582 1.70272 0.60045 0.09821 0.79070 -0.19582 0.57167
1403638620.1778295040 4.34884 1.62851 0.58247 0.10282 0.78765 -0.19470 0.57543
1403638620.2778294086 4.40784 1.54929 0.57630 0.10552 0.78825 -0.19350 0.57453
1403638620.3778295517 4.45767 1.47191 0.57382 0.10824 0.78966 -0.19137 0.57280
1403638620.4778294563 4.50271 1.39135 0.58170 0.10927 0.79080 -0.18923 0.57173
1403638620.5778295994 4.54373 1.31191 0.58491 0.10886 0.79217 -0.18766 0.57044
1403638620.6778295040 4.58095 1.23219 0.58304 0.10597 0.79468 -0.18756 0.56752
1403638620.7778294086 4.61174 1.15063 0.57918 0.10235 0.79802 -0.18788 0.56338
1403638620.8778295517 4.64361 1.06726 0.56808 0.10554 0.80121 -0.18337 0.55972
1403638620.9778294563 4.67330 0.98456 0.55414 0.11010 0.80182 -0.17746 0.55989
1403638621.0778295994 4.69477 0.90353 0.54299 0.11378 0.80020 -0.17231 0.56306
1403638621.1778295040 4.72361 0.82130 0.53220 0.11246 0.79898 -0.17050 0.56561
1403638621.2778294086 4.74653 0.74346 0.53178 0.11275 0.79782 -0.16783 0.56799
1403638621.3778295517 4.77329 0.66547 0.53266 0.11442 0.79869 -0.16482 0.56731
1403638621.4778294563 4.79261 0.59382 0.53267 0.11503 0.79688 -0.16268 0.57034
1403638621.5778295994 4.81694 0.52118 0.52317 0.11500 0.79471 -0.16064 0.57394
1403638621.6778295040 4.83674 0.45415 0.50926 0.11465 0.79372 -0.15964 0.57565
1403638621.7778294086 4.84708 0.39629 0.49435 0.11565 0.79209 -0.15832 0.57806
1403638621.8778295517 4.86103 0.33452 0.47281 0.11751 0.78865 -0.15649 0.58286
1403638621.9778294563 4.86949 0.28041 0.44872 0.11798 0.78610 -0.15588 0.58637
1403638622.0778295994 4.86577 0.24201 0.42323 0.11667 0.78567 -0.15696 0.58692
1403638622.1778295040 4.86464 0.19539 0.39193 0.11350 0.78661 -0.15889 0.58576
1403638622.2778294086 4.85744 0.15557 0.36518 0.11074 0.78593 -0.16131 0.58655
1403638622.3778295517 4.84523 0.11881 0.34560 0.11143 0.78689 -0.16187 0.58496
1403638622.4778294563 4.82102 0.09664 0.33848 0.11521 0.78769 -0.16031 0.58359
1403638622.5778295994 4.79933 0.06159 0.33382 0.11866 0.78749 -0.15900 0.58352
1403638622.6778295040 4.76956 0.04413 0.34179 0.12271 0.78342 -0.15734 0.58859
1403638622.7778294086 4.73795 0.01931 0.35698 0.12549 0.77223 -0.15592 0.60299
1403638622.8778295517 4.69999 0.00979 0.38046 0.12730 0.76745 -0.15552 0.60879
1403638622.9778294563 4.65333 0.00467 0.40109 0.12589 0.77128 -0.15794 0.60360
1403638623.0778295994 4.59779 0.00022 0.41338 0.12223 0.77776 -0.16150 0.59504
1403638623.1778295040 4.53533 0.00219 0.42083 0.11721 0.78165 -0.16531 0.58988
1403638623.2778294086 4.46570 0.01390 0.42496 0.11422 0.78501 -0.16774 0.58530
1403638623.3778295517 4.39390 0.01700 0.42295 0.11189 0.78759 -0.16950 0.58176
1403638623.4778294563 4.31717 0.02848 0.41843 0.11263 0.78927 -0.16940 0.57937
1403638623.5778295994 4.23958 0.03408 0.41465 0.11397 0.78941 -0.16871 0.57911
1403638623.6778295040 4.15707 0.04274 0.41941 0.11540 0.78990 -0.16819 0.57832
1403638623.7778294086 4.07166 0.05014 0.43010 0.11762 0.79092 -0.16797 0.57654
1403638623.8778295517 3.98183 0.06019 0.44564 0.11902 0.79206 -0.16807 0.57466
1403638623.9778294563 3.88828 0.07222 0.45947 0.12061 0.79318 -0.16859 0.57262
1403638624.0778295994 3.79409 0.08531 0.46794 0.11894 0.79346 -0.17138 0.57175
1403638624.1778295040 3.69810 0.09917 0.47161 0.11650 0.79333 -0.17381 0.57171
1403638624.2778294086 3.60044 0.11442 0.46912 0.11447 0.79297 -0.17646 0.57180
1403638624.3778295517 3.50321 0.12912 0.46343 0.11408 0.79246 -0.17825 0.57203
1403638624.4778294563 3.40578 0.14150 0.45633 0.11550 0.79226 -0.17847 0.57196
1403638624.5778295994 3.30454 0.15603 0.44249 0.11091 0.78390 -0.18323 0.58278
1403638624.6778295040 3.20052 0.16944 0.42690 0.11259 0.77964 -0.18094 0.58885
1403638624.7778294086 3.09381 0.18015 0.41743 0.11737 0.78568 -0.17098 0.58283
1403638624.8778295517 2.98078 0.19704 0.41217 0.11873 0.79180 -0.16281 0.57659
1403638624.9778294563 2.87211 0.21062 0.41737 0.11137 0.79510 -0.16063 0.57411
1403638625.0778295994 2.76366 0.22501 0.42286 0.10368 0.79618 -0.15961 0.57435
1403638625.1778295040 2.64894 0.24464 0.42138 0.09734 0.79705 -0.15985 0.57418
1403638625.2778294086 2.54156 0.25558 0.41908 0.09521 0.79800 -0.15818 0.57368
1403638625.3778295517 2.42692 0.27175 0.41266 0.09407 0.79813 -0.15718 0.57396
1403638625.4778294563 2.32021 0.27784 0.41566 0.09292 0.79768 -0.15671 0.57490
1403638625.5778295994 2.20618 0.29089 0.42082 0.09358 0.79823 -0.15602 0.57422
1403638625.6778295040 2.09483 0.30080 0.43397 0.09367 0.79986 -0.15597 0.57194
1403638625.7778294086 1.98607 0.30243 0.45142 0.09229 0.80445 -0.15696 0.56543
1403638625.8778295517 1.87467 0.31119 0.46111 0.09251 0.80705 -0.15741 0.56155
1403638625.9778294563 1.76875 0.31026 0.46975 0.09344 0.80752 -0.15744 0.56071
1403638626.0778295994 1.66278 0.31403 0.47001 0.09189 0.80878 -0.15926 0.55863
1403638626.1778295040 1.56340 0.31097 0.46783 0.09203 0.80922 -0.15959 0.55788
1403638626.2778294086 1.46302 0.30983 0.45956 0.09500 0.80776 -0.15821 0.55988
1403638626.3778295517 1.36248 0.30532 0.44971 0.10285 0.80592 -0.15286 0.56263
1403638626.4778294563 1.26704 0.30355 0.43525 0.10529 0.80469 -0.15069 0.56451
1403638626.5778295994 1.17094 0.30097 0.42003 0.10589 0.80705 -0.14971 0.56129
1403638626.6778295040 1.08104 0.30057 0.40517 0.10464 0.80896 -0.15014 0.55865
1403638626.7778294086 0.99360 0.30189 0.39413 0.10201 0.81285 -0.15191 0.55298
1403638626.8778295517 0.91091 0.30089 0.39193 0.10142 0.81559 -0.15166 0.54911
1403638626.9778294563 0.83561 0.30023 0.39634 0.10071 0.81652 -0.15177 0.54783
1403638627.0778295994 0.76450 0.30014 0.39922 0.10006 0.81662 -0.15140 0.54790
1403638627.1778295040 0.70102 0.29763 0.39669 0.09928 0.81659 -0.15128 0.54812
1403638627.2778294086 0.64118 0.29522 0.39262 0.10058 0.81663 -0.14995 0.54819
1403638627.3778295517 0.58681 0.29290 0.38583 0.10264 0.81607 -0.14808 0.54915
1403638627.4778294563 0.53780 0.29061 0.37581 0.10285 0.81648 -0.14780 0.54858
1403638627.5778295994 0.49369 0.28853 0.36426 0.10413 0.81535 -0.14741 0.55013
1403638627.6778295040 0.46839 0.28528 0.34787 0.10623 0.81246 -0.14668 0.55417
1403638627.7778294086 0.43199 0.28429 0.33506 0.10800 0.81060 -0.14580 0.55678
1403638627.8778295517 0.39992 0.28511 0.32057 0.10897 0.80995 -0.14582 0.55753
1403638627.9778294563 0.36910 0.28758 0.30577 0.10937 0.81191 -0.14595 0.55457
1403638628.0778295994 0.36872 0.29098 0.28415 0.11044 0.81315 -0.14630 0.55244
1403638628.1778295040 0.34112 0.29606 0.27373 0.11149 0.81371 -0.14680 0.55127
1403638628.2778294086 0.32261 0.30283 0.26388 0.11166 0.81393 -0.14751 0.55072
1403638628.3778295517 0.33130 0.30983 0.24862 0.11036 0.81458 -0.14909 0.54960
1403638628.4778294563 0.32038 0.31902 0.24465 0.10447 0.81176 -0.15373 0.55363
1403638628.5778295994 0.31474 0.32821 0.24338 0.09650 0.80457 -0.15940 0.56387
1403638628.6778295040 0.30791 0.33651 0.24338 0.09102 0.80049 -0.16340 0.56941
1403638628.7778294086 0.33963 0.34735 0.23621 0.09311 0.80177 -0.16288 0.56742
1403638628.8778295517 0.33215 0.35120 0.22789 0.09758 0.80239 -0.16013 0.56658
1403638628.9778294563 0.32562 0.35366 0.21595 0.10251 0.80308 -0.15721 0.56555
1403638629.0778295994 0.31634 0.35715 0.20613 0.10730 0.80424 -0.15379 0.56394
1403638629.1778295040 0.30575 0.36137 0.19553 0.10970 0.80542 -0.15173 0.56235
1403638629.2778294086 0.29316 0.36695 0.19101 0.11031 0.80572 -0.15096 0.56201
1403638629.3778295517 0.27910 0.37544 0.18514 0.11118 0.80875 -0.15104 0.55746
1403638629.4778294563 0.27279 0.38324 0.18307 0.10979 0.81315 -0.15283 0.55079
1403638629.5778295994 0.27423 0.39107 0.18328 0.10624 0.81613 -0.15560 0.54629
1403638629.6778295040 0.28099 0.39719 0.18466 0.09528 0.81397 -0.16389 0.54910
1403638629.7778294086 0.28804 0.40156 0.18713 0.08860 0.80831 -0.16915 0.55693
1403638629.8778295517 0.29537 0.40246 0.18689 0.08705 0.80187 -0.17073 0.56593
1403638629.9778294563 0.30075 0.39989 0.17863 0.09808 0.79634 -0.16385 0.57391
1403638630.0778295994 0.30256 0.39658 0.16039 0.10723 0.79279 -0.15772 0.57888
1403638630.1778295040 0.30163 0.39475 0.13238 0.11163 0.79557 -0.15432 0.57514
1403638630.2778294086 0.29728 0.39417 0.09792 0.11240 0.80011 -0.15364 0.56885
1403638630.3778295517 0.29797 0.39728 0.07208 0.10841 0.81951 -0.15466 0.54105
1403638630.4778294563 0.30918 0.39877 0.08323 0.10800 0.80151 -0.15300 0.56790
1403638630.5778295994 0.31872 0.40011 0.08172 0.10762 0.80079 -0.15414 0.56868
1403638630.6778295040 0.32521 0.40135 0.05931 0.10493 0.81974 -0.15119 0.54236
1403638630.7778294086 0.32425 0.39603 0.05304 0.10752 0.82660 -0.14541 0.53294
1403638630.8778295517 0.31625 0.39612 0.04676 0.10271 0.82529 -0.14642 0.53565
1403638630.9778294563 0.31031 0.39718 0.04216 0.10288 0.82516 -0.14665 0.53575
1403638631.0778295994 0.30269 0.39852 0.03724 0.10357 0.82522 -0.14618 0.53565
1403638631.1778295040 0.29549 0.39968 0.03237 0.10350 0.82525 -0.14642 0.53554
1403638631.2778294086 0.28764 0.40107 0.02776 0.10339 0.82531 -0.14641 0.53547
1403638631.3778295517 0.27990 0.40244 0.02335 0.10314 0.82538 -0.14660 0.53536
1403638631.4778294563 0.27236 0.40381 0.01915 0.10291 0.82532 -0.14689 0.53543
1403638631.5778295994 0.26451 0.40520 0.01489 0.10280 0.82530 -0.14698 0.53546
1403638631.6778295040 0.25706 0.40643 0.01089 0.10249 0.82529 -0.14739 0.53541
