1403638523.0778295994 0.02776 0.00539 0.35672 -0.07282 0.80759 0.01753 0.58497
1403638523.1778295040 0.03154 -0.00037 0.38915 -0.07255 0.80724 0.01798 0.58547
1403638523.2778294086 0.02973 -0.00863 0.38155 -0.06334 0.80495 0.01782 0.58968
1403638523.3778295517 0.02862 -0.01418 0.35033 -0.05882 0.80390 0.01692 0.59161
1403638523.4778294563 0.02673 -0.02020 0.30684 -0.05411 0.80756 0.01945 0.58697
1403638523.5778295994 0.02132 -0.02778 0.25741 -0.04715 0.81679 0.02381 0.57451
1403638523.6778295040 0.01503 -0.03454 0.20734 -0.04015 0.82619 0.02669 0.56132
1403638523.7778294086 0.01155 -0.03926 0.15929 -0.03647 0.83078 0.02951 0.55463
1403638523.8778295517 0.00609 -0.04509 0.11555 -0.03327 0.83139 0.03248 0.55374
1403638523.9778294563 0.00159 -0.04872 0.08176 -0.02411 0.83138 0.03858 0.55384
1403638524.0778295994 -0.00260 -0.05052 0.06880 -0.01692 0.83449 0.04689 0.54876
1403638524.1778295040 -0.00395 -0.04954 0.08654 -0.01715 0.83904 0.05166 0.54134
1403638524.2778294086 -0.00140 -0.04918 0.13605 -0.02357 0.84006 0.05296 0.53939
1403638524.3778295517 0.00257 -0.04864 0.19091 -0.03312 0.83728 0.05149 0.54333
1403638524.4778294563 0.00951 -0.04710 0.25115 -0.04076 0.83054 0.05024 0.55318
1403638524.5778295994 0.01834 -0.04415 0.31059 -0.04456 0.82154 0.04933 0.56627
1403638524.6778295040 0.02769 -0.04054 0.36425 -0.04114 0.81492 0.04418 0.57642
1403638524.7778294086 0.03497 -0.03554 0.40480 -0.02895 0.81093 0.03935 0.58310
1403638524.8778295517 0.04076 -0.03046 0.43091 -0.02575 0.80928 0.03697 0.58569
1403638524.9778294563 0.04329 -0.02602 0.44061 -0.03273 0.80753 0.03952 0.58759
1403638525.0778295994 0.04526 -0.02356 0.42772 -0.03115 0.80465 0.04335 0.59134
1403638525.1778295040 0.04787 -0.02117 0.39333 -0.02950 0.80300 0.04831 0.59329
1403638525.2778294086 0.04743 -0.02077 0.34625 -0.03017 0.80542 0.05359 0.58951
1403638525.3778295517 0.04738 -0.01950 0.29141 -0.03333 0.81411 0.05900 0.57674
1403638525.4778294563 0.04533 -0.01761 0.23701 -0.04235 0.82613 0.06138 0.55852
1403638525.5778295994 0.04067 -0.01774 0.18884 -0.04898 0.83491 0.06120 0.54478
1403638525.6778295040 0.03754 -0.01882 0.14845 -0.05031 0.83758 0.05838 0.54085
1403638525.7778294086 0.03627 -0.02033 0.11674 -0.04803 0.83581 0.05273 0.54437
1403638525.8778295517 0.03713 -0.02551 0.09410 -0.04198 0.83200 0.04884 0.55103
1403638525.9778294563 0.03251 -0.03555 0.08123 -0.03426 0.83037 0.04802 0.55408
1403638526.0778295994 0.02830 -0.05763 0.07852 -0.03051 0.83176 0.04633 0.55236
1403638526.1778295040 0.02769 -0.08680 0.08639 -0.02886 0.83409 0.03737 0.54960
1403638526.2778294086 0.02595 -0.12235 0.09915 -0.02541 0.83309 0.02824 0.55183
1403638526.3778295517 0.02132 -0.16383 0.11254 -0.02312 0.82882 0.01940 0.55870
1403638526.4778294563 0.01439 -0.21067 0.12360 -0.02192 0.82358 0.00821 0.56671
1403638526.5778295994 0.00652 -0.26375 0.13105 -0.02060 0.81811 -0.00298 0.57469
1403638526.6778295040 -0.00344 -0.32573 0.13709 -0.01620 0.81277 -0.01157 0.58224
1403638526.7778294086 -0.01635 -0.39319 0.14188 -0.00754 0.80950 -0.01738 0.58681
1403638526.8778295517 -0.03117 -0.46165 0.14504 0.00096 0.80857 -0.02106 0.58802
1403638526.9778294563 -0.04745 -0.52618 0.14796 0.00626 0.81152 -0.02811 0.58362
1403638527.0778295994 -0.06295 -0.58636 0.15158 0.01521 0.81596 -0.04211 0.57638
1403638527.1778295040 -0.07693 -0.64067 0.15761 0.02432 0.81762 -0.05824 0.57229
1403638527.2778294086 -0.08692 -0.68475 0.16504 0.03711 0.81450 -0.07302 0.57435
1403638527.3778295517 -0.09221 -0.71245 0.17224 0.05383 0.80912 -0.08283 0.57927
1403638527.4778294563 -0.09345 -0.72038 0.17736 0.06540 0.80528 -0.08819 0.58265
1403638527.5778295994 -0.09028 -0.70768 0.18019 0.06966 0.80445 -0.09024 0.58298
1403638527.6778295040 -0.08264 -0.67306 0.18049 0.06938 0.80502 -0.08761 0.58262
1403638527.7778294086 -0.07237 -0.63085 0.18119 0.06500 0.80655 -0.08103 0.58197
1403638527.8778295517 -0.06145 -0.57975 0.18461 0.05208 0.80993 -0.07672 0.57915
1403638527.9778294563 -0.04809 -0.51774 0.18958 0.04291 0.81128 -0.07240 0.57857
1403638528.0778295994 -0.03197 -0.45444 0.19270 0.03635 0.81072 -0.06499 0.58068
1403638528.1778295040 -0.01314 -0.39433 0.19165 0.02591 0.81196 -0.05557 0.58048
1403638528.2778294086 0.01220 -0.34242 0.18796 0.01215 0.81421 -0.04417 0.57875
1403638528.3778295517 0.04267 -0.30292 0.18331 0.00382 0.81449 -0.03541 0.57908
1403638528.4778294563 0.07819 -0.27607 0.17987 0.00405 0.81425 -0.03134 0.57965
1403638528.5778295994 0.11437 -0.25573 0.17789 0.00439 0.81660 -0.03512 0.57612
1403638528.6778295040 0.14867 -0.23988 0.17790 0.00271 0.81820 -0.04246 0.57335
1403638528.7778294086 0.17677 -0.22919 0.18177 0.00755 0.81764 -0.04753 0.57372
1403638528.8778295517 0.19082 -0.22126 0.18962 0.00366 0.81688 -0.05501 0.57416
1403638528.9778294563 0.19176 -0.20978 0.20332 -0.00339 0.81696 -0.06154 0.57339
1403638529.0778295994 0.17301 -0.19895 0.22073 -0.00228 0.81804 -0.06278 0.57172
1403638529.1778295040 0.14428 -0.17991 0.23238 0.01474 0.81917 -0.05592 0.57062
1403638529.2778294086 0.10921 -0.15711 0.23392 0.02655 0.82126 -0.04997 0.56774
1403638529.3778295517 0.07485 -0.12908 0.22525 0.03078 0.82675 -0.04569 0.55987
1403638529.4778294563 0.04464 -0.10736 0.20709 0.02938 0.83701 -0.04324 0.54469
1403638529.5778295994 0.02064 -0.09200 0.18453 0.02714 0.84734 -0.04043 0.52882
1403638529.6778295040 0.00229 -0.08468 0.16170 0.02853 0.85131 -0.03758 0.52253
1403638529.7778294086 -0.00773 -0.07848 0.14057 0.02792 0.84785 -0.03697 0.52821
1403638529.8778295517 -0.01150 -0.07812 0.12141 0.02631 0.84154 -0.03790 0.53822
1403638529.9778294563 -0.00894 -0.07878 0.10715 0.02567 0.83896 -0.03794 0.54226
1403638530.0778295994 -0.00237 -0.07877 0.09503 0.02620 0.84025 -0.03835 0.54020
1403638530.1778295040 0.00487 -0.07686 0.08166 0.02715 0.84167 -0.04257 0.53763
1403638530.2778294086 0.01773 -0.07761 0.07043 0.02913 0.84105 -0.04838 0.53800
1403638530.3778295517 0.03233 -0.08032 0.05617 0.03087 0.84018 -0.05292 0.53884
1403638530.4778294563 0.04594 -0.08346 0.04617 0.03039 0.83971 -0.05622 0.53926
1403638530.5778295994 0.05535 -0.08737 0.03897 0.02915 0.83949 -0.05917 0.53936
1403638530.6778295040 0.06054 -0.09060 0.03282 0.03011 0.84222 -0.06117 0.53481
1403638530.7778294086 0.06309 -0.09264 0.02708 0.03018 0.84539 -0.06265 0.52961
1403638530.8778295517 0.06487 -0.09385 0.02269 0.02831 0.84596 -0.06205 0.52887
1403638530.9778294563 0.06597 -0.09421 0.01990 0.02704 0.84374 -0.06208 0.53247
1403638531.0778295994 0.06585 -0.09384 0.01799 0.02779 0.84026 -0.06081 0.53804
1403638531.1778295040 0.06549 -0.09215 0.01881 0.02845 0.83811 -0.05872 0.54159
1403638531.2778294086 0.06573 -0.09106 0.01738 0.03120 0.83698 -0.05731 0.54332
1403638531.3778295517 0.06513 -0.09042 0.01663 0.03109 0.83586 -0.05743 0.54504
1403638531.4778294563 0.06498 -0.09083 0.01684 0.03124 0.83513 -0.05771 0.54612
1403638531.5778295994 0.06489 -0.09065 0.01703 0.03190 0.83579 -0.05651 0.54520
1403638531.6778295040 0.06485 -0.09032 0.01711 0.03115 0.83610 -0.05703 0.54471
1403638531.7778294086 0.06501 -0.09039 0.01712 0.03143 0.83612 -0.05695 0.54467
1403638531.8778295517 0.06493 -0.09035 0.01712 0.03159 0.83624 -0.05680 0.54449
1403638531.9778294563 0.06500 -0.09038 0.01711 0.03178 0.83626 -0.05676 0.54446
1403638532.0778295994 0.06500 -0.09034 0.01704 0.03191 0.83630 -0.05665 0.54440
1403638532.1778295040 0.06501 -0.09028 0.01702 0.03180 0.83632 -0.05672 0.54437
1403638532.2778294086 0.06501 -0.09022 0.01703 0.03162 0.83633 -0.05690 0.54434
1403638532.3778295517 0.06500 -0.09019 0.01702 0.03149 0.83633 -0.05693 0.54436
1403638532.4778294563 0.06502 -0.09018 0.01703 0.03137 0.83630 -0.05703 0.54440
1403638532.5778295994 0.06500 -0.09017 0.01696 0.03134 0.83633 -0.05709 0.54434
1403638532.6778295040 0.06507 -0.09019 0.01696 0.03137 0.83629 -0.05707 0.54440
1403638532.7778294086 0.06500 -0.09022 0.01693 0.03142 0.83633 -0.05699 0.54434
1403638532.8778295517 0.06500 -0.09021 0.01692 0.03144 0.83633 -0.05703 0.54435
1403638532.9778294563 0.06497 -0.09024 0.01694 0.03141 0.83629 -0.05701 0.54441
1403638533.0778295994 0.06493 -0.09025 0.01692 0.03139 0.83630 -0.05705 0.54439
1403638533.1778295040 0.06494 -0.09025 0.01691 0.03134 0.83624 -0.05710 0.54448
1403638533.2778294086 0.06491 -0.09026 0.01690 0.03128 0.83621 -0.05714 0.54452
1403638533.3778295517 0.06490 -0.09027 0.01689 0.03131 0.83620 -0.05712 0.54455
1403638533.4778294563 0.06490 -0.09029 0.01691 0.03125 0.83616 -0.05715 0.54460
1403638533.5778295994 0.06486 -0.09028 0.01688 0.03123 0.83616 -0.05718 0.54460
1403638533.6778295040 0.06486 -0.09029 0.01690 0.03121 0.83613 -0.05722 0.54465
1403638533.7778294086 0.06484 -0.09029 0.01689 0.03122 0.83612 -0.05726 0.54465
1403638533.8778295517 0.06485 -0.09027 0.01686 0.03101 0.83616 -0.05700 0.54463
1403638533.9778294563 0.06490 -0.09031 0.01681 0.03117 0.83621 -0.05726 0.54451
1403638534.0778295994 0.06480 -0.09033 0.01686 0.03162 0.83615 -0.05759 0.54456
1403638534.1778295040 0.06480 -0.09035 0.01693 0.03125 0.83621 -0.05743 0.54450
1403638534.2778294086 0.06480 -0.09030 0.01696 0.03099 0.83632 -0.05738 0.54435
1403638534.3778295517 0.06487 -0.09032 0.01687 0.03103 0.83641 -0.05746 0.54420
1403638534.4778294563 0.06492 -0.09038 0.01682 0.03123 0.83647 -0.05775 0.54406
1403638534.5778295994 0.06495 -0.09036 0.01680 0.03112 0.83664 -0.05746 0.54383
1403638534.6778295040 0.06496 -0.09032 0.01684 0.03094 0.83663 -0.05724 0.54389
1403638534.7778294086 0.06496 -0.09036 0.01682 0.03105 0.83667 -0.05717 0.54384
1403638534.8778295517 0.06497 -0.09039 0.01678 0.03137 0.83663 -0.05733 0.54386
1403638534.9778294563 0.06497 -0.09045 0.01677 0.03146 0.83671 -0.05738 0.54372
1403638535.0778295994 0.06497 -0.09045 0.01675 0.03133 0.83683 -0.05741 0.54354
1403638535.1778295040 0.06497 -0.09046 0.01675 0.03123 0.83680 -0.05747 0.54358
1403638535.2778294086 0.06495 -0.09046 0.01677 0.03115 0.83683 -0.05748 0.54354
1403638535.3778295517 0.06492 -0.09045 0.01683 0.03121 0.83683 -0.05743 0.54355
1403638535.4778294563 0.06491 -0.09045 0.01687 0.03131 0.83683 -0.05742 0.54355
1403638535.5778295994 0.06493 -0.09044 0.01686 0.03127 0.83685 -0.05736 0.54353
1403638535.6778295040 0.06493 -0.09044 0.01685 0.03120 0.83683 -0.05741 0.54354
1403638535.7778294086 0.06492 -0.09045 0.01683 0.03124 0.83684 -0.05741 0.54354
1403638535.8778295517 0.06493 -0.09045 0.01683 0.03115 0.83687 -0.05737 0.54350
1403638535.9778294563 0.06494 -0.09045 0.01680 0.03114 0.83695 -0.05735 0.54337
1403638536.0778295994 0.06495 -0.09045 0.01680 0.03113 0.83690 -0.05741 0.54344
1403638536.1778295040 0.06493 -0.09046 0.01685 0.03111 0.83689 -0.05743 0.54346
1403638536.2778294086 0.06490 -0.09046 0.01689 0.03114 0.83688 -0.05738 0.54348
1403638536.3778295517 0.06487 -0.09046 0.01693 0.03115 0.83681 -0.05739 0.54359
1403638536.4778294563 0.06486 -0.09046 0.01694 0.03114 0.83680 -0.05737 0.54360
1403638536.5778295994 0.06485 -0.09046 0.01695 0.03106 0.83681 -0.05737 0.54359
1403638536.6778295040 0.06486 -0.09046 0.01693 0.03106 0.83682 -0.05735 0.54358
1403638536.7778294086 0.06486 -0.09046 0.01689 0.03112 0.83681 -0.05740 0.54359
1403638536.8778295517 0.06484 -0.09046 0.01690 0.03102 0.83674 -0.05750 0.54369
1403638536.9778294563 0.06486 -0.09047 0.01689 0.03097 0.83679 -0.05753 0.54361
1403638537.0778295994 0.06494 -0.09045 0.01682 0.03100 0.83685 -0.05745 0.54353
1403638537.1778295040 0.06493 -0.09043 0.01682 0.03117 0.83680 -0.05740 0.54359
1403638537.2778294086 0.06492 -0.09043 0.01688 0.03131 0.83682 -0.05733 0.54357
1403638537.3778295517 0.06492 -0.09044 0.01685 0.03130 0.83680 -0.05731 0.54360
1403638537.4778294563 0.06494 -0.09044 0.01682 0.03126 0.83680 -0.05731 0.54360
1403638537.5778295994 0.06495 -0.09042 0.01685 0.03133 0.83688 -0.05718 0.54349
1403638537.6778295040 0.06501 -0.09043 0.01682 0.03139 0.83697 -0.05720 0.54335
1403638537.7778294086 0.06497 -0.09043 0.01686 0.03133 0.83694 -0.05724 0.54340
1403638537.8778295517 0.06501 -0.09042 0.01683 0.03144 0.83691 -0.05714 0.54344
1403638537.9778294563 0.06496 -0.09042 0.01692 0.03147 0.83689 -0.05725 0.54346
1403638538.0778295994 0.06495 -0.09041 0.01697 0.03143 0.83689 -0.05726 0.54346
1403638538.1778295040 0.06496 -0.09042 0.01696 0.03148 0.83687 -0.05723 0.54349
1403638538.2778294086 0.06521 -0.09038 0.01665 0.03149 0.83688 -0.05710 0.54349
1403638538.3778295517 0.06511 -0.09041 0.01677 0.03164 0.83686 -0.05709 0.54350
1403638538.4778294563 0.06499 -0.09041 0.01701 0.03162 0.83687 -0.05705 0.54350
1403638538.5778295994 0.06502 -0.09041 0.01708 0.03188 0.83688 -0.05706 0.54347
1403638538.6778295040 0.06503 -0.09040 0.01709 0.03169 0.83671 -0.05715 0.54374
1403638538.7778294086 0.06521 -0.09045 0.01726 0.03151 0.83599 -0.05696 0.54487
1403638538.8778295517 0.06658 -0.09002 0.01763 0.03074 0.83498 -0.05643 0.54651
1403638538.9778294563 0.06952 -0.08988 0.02066 0.03151 0.83019 -0.05576 0.55379
1403638539.0778295994 0.07288 -0.08974 0.02500 0.03308 0.82455 -0.05735 0.56190
1403638539.1778295040 0.07933 -0.08907 0.03399 0.03238 0.81921 -0.05785 0.56965
1403638539.2778294086 0.08659 -0.08845 0.05099 0.03219 0.81548 -0.05716 0.57506
1403638539.3778295517 0.09326 -0.08777 0.07586 0.03181 0.81637 -0.05667 0.57386
1403638539.4778294563 0.10026 -0.08754 0.10722 0.03145 0.81839 -0.05567 0.57109
1403638539.5778295994 0.10734 -0.08763 0.14170 0.03115 0.81932 -0.05438 0.56991
1403638539.6778295040 0.11489 -0.08797 0.17104 0.02954 0.81989 -0.05405 0.56920
1403638539.7778294086 0.12269 -0.08761 0.18894 0.02997 0.82115 -0.05225 0.56753
1403638539.8778295517 0.13197 -0.08686 0.19976 0.02910 0.82370 -0.05164 0.56392
1403638539.9778294563 0.14388 -0.08590 0.20932 0.02737 0.82826 -0.05132 0.55732
1403638540.0778295994 0.16007 -0.08601 0.21824 0.02719 0.83416 -0.05118 0.54847
1403638540.1778295040 0.18182 -0.08599 0.22706 0.02693 0.83812 -0.05091 0.54244
1403638540.2778294086 0.21436 -0.08913 0.23781 0.02720 0.83404 -0.04958 0.54879
1403638540.3778295517 0.24945 -0.08923 0.24953 0.02796 0.82797 -0.04764 0.55805
1403638540.4778294563 0.28853 -0.08853 0.25923 0.02478 0.82566 -0.04169 0.56208
1403638540.5778295994 0.33326 -0.08735 0.26703 0.01748 0.82593 -0.03022 0.56269
1403638540.6778295040 0.38074 -0.08543 0.27489 0.00907 0.82609 -0.01307 0.56331
1403638540.7778294086 0.43099 -0.08159 0.28306 0.00108 0.82522 0.01086 0.56471
1403638540.8778295517 0.48317 -0.07447 0.28961 -0.00932 0.82447 0.03878 0.56449
1403638540.9778294563 0.53632 -0.06212 0.29413 -0.02307 0.82283 0.06494 0.56409
1403638541.0778295994 0.58945 -0.04588 0.29615 -0.03685 0.82057 0.08430 0.56410
1403638541.1778295040 0.64278 -0.02598 0.29396 -0.04665 0.81878 0.09752 0.56384
1403638541.2778294086 0.69680 -0.00232 0.28951 -0.05184 0.81801 0.10628 0.56292
1403638541.3778295517 0.75013 0.02571 0.29137 -0.05493 0.81786 0.10992 0.56214
1403638541.4778294563 0.80247 0.05767 0.29793 -0.05622 0.81770 0.11023 0.56219
1403638541.5778295994 0.85460 0.09551 0.31138 -0.05556 0.81626 0.11081 0.56422
1403638541.6778295040 0.90982 0.13999 0.33147 -0.05982 0.81458 0.11383 0.56562
1403638541.7778294086 0.96281 0.18973 0.35878 -0.06977 0.81315 0.11939 0.56539
1403638541.8778295517 1.01363 0.24369 0.39057 -0.08170 0.81163 0.12828 0.56402
1403638541.9778294563 1.06184 0.29999 0.41918 -0.09343 0.81035 0.14256 0.56060
1403638542.0778295994 1.10791 0.35760 0.44124 -0.10731 0.80800 0.15951 0.55693
1403638542.1778295040 1.15243 0.41617 0.45744 -0.12258 0.80390 0.17930 0.55369
1403638542.2778294086 1.19563 0.47600 0.46754 -0.13731 0.79964 0.20249 0.54838
1403638542.3778295517 1.23877 0.53672 0.47436 -0.15089 0.79165 0.22413 0.54799
1403638542.4778294563 1.28075 0.59726 0.47914 -0.15708 0.77781 0.24421 0.55740
1403638542.5778295994 1.32054 0.65883 0.48161 -0.15324 0.76555 0.26253 0.56703
1403638542.6778295040 1.35437 0.72409 0.48619 -0.15384 0.76196 0.27180 0.56734
1403638542.7778294086 1.38087 0.79336 0.49716 -0.16281 0.76591 0.27073 0.55998
1403638542.8778295517 1.40170 0.86599 0.51510 -0.16944 0.77119 0.26759 0.55222
1403638542.9778294563 1.41885 0.94053 0.54003 -0.17339 0.77576 0.26436 0.54612
1403638543.0778295994 1.43351 1.01577 0.56695 -0.17591 0.77935 0.26114 0.54173
1403638543.1778295040 1.44536 1.09158 0.58837 -0.17611 0.78054 0.25867 0.54114
1403638543.2778294086 1.46095 1.16858 0.60457 -0.17607 0.78092 0.25611 0.54181
1403638543.3778295517 1.47291 1.24641 0.61379 -0.17546 0.78205 0.25514 0.54085
1403638543.4778294563 1.48608 1.32593 0.61941 -0.17767 0.78099 0.25952 0.53957
1403638543.5778295994 1.50551 1.40663 0.62301 -0.18246 0.77802 0.27037 0.53692
1403638543.6778295040 1.52257 1.48848 0.62375 -0.18906 0.77235 0.28777 0.53379
1403638543.7778294086 1.53577 1.57019 0.62645 -0.19914 0.76420 0.30892 0.53001
1403638543.8778295517 1.54698 1.65139 0.63660 -0.21076 0.75398 0.33131 0.52662
1403638543.9778294563 1.55815 1.73523 0.65448 -0.22477 0.74535 0.34954 0.52130
1403638544.0778295994 1.56812 1.81775 0.67624 -0.23969 0.74123 0.36080 0.51279
1403638544.1778295040 1.57966 1.90038 0.69728 -0.25014 0.73803 0.36733 0.50775
1403638544.2778294086 1.59385 1.98658 0.71179 -0.25690 0.73543 0.37066 0.50572
1403638544.3778295517 1.60874 2.07301 0.71961 -0.25841 0.73481 0.37319 0.50400
1403638544.4778294563 1.62543 2.15904 0.72352 -0.25751 0.73539 0.37427 0.50281
1403638544.5778295994 1.64053 2.24758 0.72535 -0.25933 0.73276 0.37336 0.50637
1403638544.6778295040 1.65918 2.33489 0.73428 -0.26435 0.72626 0.37261 0.51364
1403638544.7778294086 1.67357 2.42082 0.74558 -0.26561 0.72548 0.37354 0.51342
1403638544.8778295517 1.69121 2.50087 0.75607 -0.26372 0.72869 0.37590 0.50809
1403638544.9778294563 1.70592 2.58482 0.75955 -0.26384 0.72959 0.37655 0.50626
1403638545.0778295994 1.72130 2.66946 0.75794 -0.26526 0.72841 0.37639 0.50733
1403638545.1778295040 1.73917 2.74826 0.75319 -0.26504 0.72795 0.37745 0.50732
1403638545.2778294086 1.75503 2.83325 0.73904 -0.26418 0.72745 0.37894 0.50737
1403638545.3778295517 1.77160 2.92040 0.72097 -0.26579 0.72488 0.37788 0.51099
1403638545.4778294563 1.79071 3.00898 0.70372 -0.26778 0.72472 0.37859 0.50965
1403638545.5778295994 1.80299 3.09360 0.68430 -0.27181 0.72255 0.38511 0.50570
1403638545.6778295040 1.82242 3.19366 0.67880 -0.28036 0.71690 0.39635 0.50036
1403638545.7778294086 1.84104 3.29411 0.68124 -0.28902 0.70904 0.41269 0.49337
1403638545.8778295517 1.85914 3.39777 0.69123 -0.29975 0.69833 0.43212 0.48555
1403638545.9778294563 1.87709 3.50141 0.70852 -0.30944 0.68583 0.45407 0.47718
1403638546.0778295994 1.89547 3.60179 0.72916 -0.31585 0.67382 0.47306 0.47161
1403638546.1778295040 1.91430 3.70341 0.74460 -0.32350 0.66510 0.48545 0.46619
1403638546.2778294086 1.93326 3.81316 0.75219 -0.32835 0.66045 0.49307 0.46138
1403638546.3778295517 1.94961 3.91746 0.75281 -0.33465 0.65890 0.49536 0.45660
1403638546.4778294563 1.96397 4.01515 0.74746 -0.33757 0.65843 0.49682 0.45352
1403638546.5778295994 1.97737 4.11238 0.74175 -0.33881 0.65628 0.50021 0.45199
1403638546.6778295040 1.98624 4.21191 0.74083 -0.34234 0.65147 0.50607 0.44975
1403638546.7778294086 1.99879 4.31080 0.75184 -0.34505 0.64679 0.51194 0.44780
1403638546.8778295517 2.00983 4.41077 0.77157 -0.34597 0.64303 0.51703 0.44665
1403638546.9778294563 2.01961 4.51332 0.78992 -0.34486 0.63968 0.52158 0.44703
1403638547.0778295994 2.02485 4.62071 0.80085 -0.34281 0.63724 0.52483 0.44828
1403638547.1778295040 2.03083 4.72864 0.80657 -0.33997 0.63519 0.52820 0.44940
1403638547.2778294086 2.02980 4.83958 0.80765 -0.33798 0.63386 0.52966 0.45106
1403638547.3778295517 2.02741 4.95255 0.80573 -0.34113 0.63536 0.52752 0.44907
1403638547.4778294563 2.01876 5.06683 0.80023 -0.34569 0.63855 0.52378 0.44544
1403638547.5778295994 2.00830 5.18208 0.79050 -0.34873 0.64205 0.52036 0.44202
1403638547.6778295040 1.99914 5.29811 0.77557 -0.34934 0.64332 0.51885 0.44147
1403638547.7778294086 1.98637 5.41472 0.75679 -0.34722 0.64275 0.51938 0.44335
1403638547.8778295517 1.97293 5.52578 0.73371 -0.34373 0.63992 0.52156 0.44758
1403638547.9778294563 1.95610 5.64594 0.71304 -0.34387 0.63981 0.52192 0.44720
1403638548.0778295994 1.93715 5.75694 0.69822 -0.34667 0.63937 0.52436 0.44281
1403638548.1778295040 1.91692 5.89122 0.69296 -0.35099 0.63564 0.52976 0.43831
1403638548.2778294086 1.89460 6.01780 0.69438 -0.35760 0.62926 0.53833 0.43169
1403638548.3778295517 1.86997 6.14864 0.70453 -0.36523 0.61983 0.54981 0.42441
1403638548.4778294563 1.84404 6.28233 0.72108 -0.37332 0.61024 0.56044 0.41731
1403638548.5778295994 1.81820 6.41621 0.73555 -0.37983 0.60231 0.56832 0.41227
1403638548.6778295040 1.79268 6.55011 0.74515 -0.38469 0.59678 0.57376 0.40825
1403638548.7778294086 1.76698 6.68592 0.75251 -0.38747 0.59287 0.57775 0.40568
1403638548.8778295517 1.74040 6.82249 0.76562 -0.38883 0.59069 0.58042 0.40375
1403638548.9778294563 1.71308 6.95809 0.78571 -0.39032 0.58955 0.58138 0.40258
1403638549.0778295994 1.68370 7.09288 0.81049 -0.39085 0.58927 0.58182 0.40185
1403638549.1778295040 1.65612 7.22139 0.84210 -0.39226 0.58904 0.58095 0.40208
1403638549.2778294086 1.62621 7.35643 0.87778 -0.39300 0.58990 0.57998 0.40149
1403638549.3778295517 1.59928 7.48248 0.91899 -0.39554 0.59118 0.57772 0.40036
1403638549.4778294563 1.56960 7.61974 0.95647 -0.39737 0.59263 0.57561 0.39944
1403638549.5778295994 1.54475 7.74227 0.98947 -0.39908 0.59247 0.57399 0.40031
1403638549.6778295040 1.51715 7.88114 1.01682 -0.40040 0.59197 0.57247 0.40190
1403638549.7778294086 1.49710 7.99841 1.04485 -0.39917 0.59194 0.57312 0.40226
1403638549.8778295517 1.47293 8.13449 1.07822 -0.39819 0.59345 0.57331 0.40073
1403638549.9778294563 1.45567 8.25307 1.12083 -0.39820 0.59413 0.57349 0.39944
1403638550.0778295994 1.43416 8.39185 1.17098 -0.39850 0.59447 0.57326 0.39897
1403638550.1778295040 1.42143 8.51144 1.22976 -0.39957 0.59478 0.57326 0.39743
1403638550.2778294086 1.40365 8.65398 1.29523 -0.39905 0.59436 0.57413 0.39733
1403638550.3778295517 1.39144 8.78692 1.36467 -0.39923 0.59334 0.57457 0.39803
1403638550.4778294563 1.37576 8.93333 1.42654 -0.40188 0.59395 0.57302 0.39668
1403638550.5778295994 1.36668 9.07463 1.48197 -0.40582 0.59463 0.57068 0.39504
1403638550.6778295040 1.36005 9.21784 1.53225 -0.41075 0.59304 0.56729 0.39720
1403638550.7778294086 1.35652 9.35993 1.57828 -0.41375 0.59231 0.56509 0.39830
1403638550.8778295517 1.35638 9.50318 1.62170 -0.41965 0.58860 0.56081 0.40366
1403638550.9778294563 1.35809 9.64505 1.66161 -0.42526 0.58449 0.55629 0.40996
1403638551.0778295994 1.36186 9.77844 1.69759 -0.42886 0.58207 0.55337 0.41358
1403638551.1778295040 1.36887 9.90521 1.73534 -0.43317 0.58258 0.55059 0.41208
1403638551.2778294086 1.38085 10.02381 1.77783 -0.43376 0.58439 0.54950 0.41035
1403638551.3778295517 1.39958 10.12848 1.82277 -0.42908 0.59209 0.54653 0.40819
1403638551.4778294563 1.42391 10.23313 1.86364 -0.42160 0.60481 0.53728 0.40963
1403638551.5778295994 1.45604 10.32721 1.89943 -0.41550 0.61998 0.52103 0.41414
1403638551.6778295040 1.49320 10.42902 1.92997 -0.40854 0.63720 0.50262 0.41766
1403638551.7778294086 1.53981 10.52756 1.95611 -0.39924 0.65158 0.48417 0.42617
1403638551.8778295517 1.59514 10.62228 1.97834 -0.38899 0.66240 0.46863 0.43623
1403638551.9778294563 1.65882 10.71109 2.00398 -0.37695 0.66598 0.46096 0.44932
1403638552.0778295994 1.72856 10.79296 2.03709 -0.36724 0.66770 0.45595 0.45981
1403638552.1778295040 1.80182 10.86819 2.07456 -0.36119 0.67275 0.45287 0.46027
1403638552.2778294086 1.87933 10.93831 2.11655 -0.35688 0.67686 0.45191 0.45856
1403638552.3778295517 1.96061 11.00226 2.15732 -0.35874 0.67800 0.44908 0.45820
1403638552.4778294563 2.04602 11.05732 2.19347 -0.36597 0.67436 0.44356 0.46321
1403638552.5778295994 2.13579 11.10486 2.22319 -0.37146 0.67068 0.44013 0.46742
1403638552.6778295040 2.22911 11.14304 2.24638 -0.37205 0.66839 0.44139 0.46905
1403638552.7778294086 2.32626 11.17053 2.26315 -0.37147 0.66772 0.44369 0.46830
1403638552.8778295517 2.42627 11.19263 2.27590 -0.36934 0.66633 0.44764 0.46819
1403638552.9778294563 2.52910 11.20158 2.28250 -0.36507 0.66392 0.45372 0.46912
1403638553.0778295994 2.63323 11.21040 2.28568 -0.36139 0.66166 0.45912 0.46991
1403638553.1778295040 2.73562 11.20572 2.28411 -0.36681 0.65774 0.45780 0.47249
1403638553.2778294086 2.84007 11.20210 2.28491 -0.37405 0.65201 0.45454 0.47786
1403638553.3778295517 2.94134 11.18061 2.28811 -0.37560 0.64678 0.45534 0.48298
1403638553.4778294563 3.04106 11.15051 2.29708 -0.37194 0.64133 0.45886 0.48970
1403638553.5778295994 3.13747 11.11041 2.31230 -0.36871 0.63706 0.46181 0.49491
1403638553.6778295040 3.23042 11.05797 2.33105 -0.36638 0.63612 0.46412 0.49569
1403638553.7778294086 3.32009 10.99556 2.35756 -0.36451 0.63659 0.46602 0.49468
1403638553.8778295517 3.40596 10.92556 2.39002 -0.36234 0.63836 0.46755 0.49255
1403638553.9778294563 3.48943 10.85020 2.42325 -0.36171 0.64135 0.46801 0.48867
1403638554.0778295994 3.56502 10.76378 2.45027 -0.36017 0.64465 0.46891 0.48460
1403638554.1778295040 3.64448 10.67951 2.47348 -0.35547 0.64745 0.47263 0.48069
1403638554.2778294086 3.71613 10.58529 2.48747 -0.34754 0.65331 0.47847 0.47273
1403638554.3778295517 3.79102 10.49713 2.49980 -0.34183 0.65645 0.48304 0.46785
1403638554.4778294563 3.86178 10.40966 2.50937 -0.33931 0.65780 0.48517 0.46558
1403638554.5778295994 3.92761 10.32327 2.51558 -0.34048 0.65867 0.48474 0.46396
1403638554.6778295040 3.99207 10.23269 2.52061 -0.34637 0.66089 0.48094 0.46037
1403638554.7778294086 4.05439 10.14789 2.53350 -0.35132 0.66155 0.47755 0.45921
1403638554.8778295517 4.11949 10.05889 2.54728 -0.35440 0.66168 0.47559 0.45870
1403638554.9778294563 4.18588 9.97081 2.56182 -0.35696 0.66237 0.47238 0.45903
1403638555.0778295994 4.25154 9.89104 2.57386 -0.35335 0.66562 0.46790 0.46170
1403638555.1778295040 4.32146 9.79850 2.57505 -0.34673 0.67172 0.46125 0.46456
1403638555.2778294086 4.39025 9.71894 2.57555 -0.34066 0.67799 0.45302 0.46804
1403638555.3778295517 4.46202 9.63586 2.57230 -0.33364 0.68122 0.44812 0.47309
1403638555.4778294563 4.53682 9.54785 2.56468 -0.32800 0.68327 0.44491 0.47708
1403638555.5778295994 4.61416 9.45777 2.55458 -0.32588 0.68452 0.44216 0.47931
1403638555.6778295040 4.69213 9.36615 2.54973 -0.32550 0.68614 0.44043 0.47884
1403638555.7778294086 4.76960 9.27197 2.55451 -0.32476 0.68722 0.44054 0.47769
1403638555.8778295517 4.84299 9.17692 2.56628 -0.32407 0.68724 0.44154 0.47721
1403638555.9778294563 4.92081 9.08669 2.58495 -0.32299 0.68585 0.44312 0.47847
1403638556.0778295994 4.99625 8.99611 2.60466 -0.32144 0.68597 0.44447 0.47808
1403638556.1778295040 5.07486 8.91293 2.62264 -0.32069 0.69027 0.44494 0.47193
1403638556.2778294086 5.15317 8.82343 2.63050 -0.31925 0.69352 0.44603 0.46708
1403638556.3778295517 5.23478 8.74914 2.63883 -0.31816 0.69560 0.44674 0.46405
1403638556.4778294563 5.31757 8.66419 2.64140 -0.31581 0.69866 0.44808 0.45974
1403638556.5778295994 5.40099 8.60688 2.64917 -0.31530 0.70167 0.44762 0.45595
1403638556.6778295040 5.48349 8.55877 2.65856 -0.32261 0.70429 0.44136 0.45287
1403638556.7778294086 5.57519 8.48806 2.67142 -0.32924 0.70107 0.43657 0.45773
1403638556.8778295517 5.66000 8.45242 2.69597 -0.33469 0.69976 0.43203 0.46007
1403638556.9778294563 5.74195 8.42602 2.72491 -0.33759 0.69861 0.42911 0.46243
1403638557.0778295994 5.82045 8.40486 2.74871 -0.33549 0.69755 0.43014 0.46460
1403638557.1778295040 5.89879 8.38641 2.76504 -0.33308 0.69641 0.43129 0.46697
1403638557.2778294086 5.98422 8.36145 2.77429 -0.33136 0.69569 0.43207 0.46854
1403638557.3778295517 6.08051 8.32760 2.77976 -0.32851 0.69467 0.43405 0.47023
1403638557.4778294563 6.18059 8.28985 2.78771 -0.32272 0.69183 0.43835 0.47442
1403638557.5778295994 6.28186 8.24907 2.80173 -0.31800 0.68954 0.44144 0.47807
1403638557.6778295040 6.38390 8.20775 2.81941 -0.31531 0.68844 0.44330 0.47970
1403638557.7778294086 6.48526 8.16619 2.83954 -0.31521 0.68815 0.44294 0.48053
1403638557.8778295517 6.58709 8.12360 2.85422 -0.31229 0.68810 0.44433 0.48120
1403638557.9778294563 6.68672 8.08261 2.86203 -0.30949 0.68935 0.44593 0.47976
1403638558.0778295994 6.78526 8.04339 2.86313 -0.30849 0.69310 0.44666 0.47428
1403638558.1778295040 6.88482 8.00641 2.86107 -0.30565 0.69888 0.44818 0.46613
1403638558.2778294086 6.98603 7.97415 2.86435 -0.30217 0.70298 0.44989 0.46054
1403638558.3778295517 7.08750 7.94996 2.87801 -0.29747 0.70431 0.45263 0.45890
1403638558.4778294563 7.18822 7.93197 2.90006 -0.29116 0.70798 0.45625 0.45368
1403638558.5778295994 7.28976 7.92341 2.92991 -0.29243 0.71051 0.45494 0.45021
1403638558.6778295040 7.39469 7.92383 2.96679 -0.30080 0.71116 0.44847 0.45017
1403638558.7778294086 7.50231 7.93052 3.00204 -0.30866 0.71078 0.44238 0.45148
1403638558.8778295517 7.61635 7.94051 3.03149 -0.31141 0.70943 0.44027 0.45377
1403638558.9778294563 7.73372 7.95378 3.05428 -0.31335 0.70456 0.43907 0.46111
1403638559.0778295994 7.85414 7.96934 3.06959 -0.31410 0.70004 0.43895 0.46756
1403638559.1778295040 7.97514 7.98742 3.07807 -0.31451 0.69658 0.43939 0.47201
1403638559.2778294086 8.09698 8.00613 3.08056 -0.31257 0.69372 0.44177 0.47528
1403638559.3778295517 8.21920 8.02519 3.07679 -0.30907 0.69139 0.44507 0.47787
1403638559.4778294563 8.33681 8.04564 3.06773 -0.30706 0.68905 0.44728 0.48049
1403638559.5778295994 8.45161 8.06762 3.05341 -0.30609 0.68684 0.44882 0.48283
1403638559.6778295040 8.56203 8.09201 3.03572 -0.30677 0.68576 0.44899 0.48377
1403638559.7778294086 8.66660 8.11754 3.02120 -0.30712 0.68490 0.44968 0.48412
1403638559.8778295517 8.77107 8.14589 3.01313 -0.30851 0.68565 0.44893 0.48287
1403638559.9778294563 8.87006 8.17465 3.00479 -0.30739 0.68918 0.44299 0.48405
1403638560.0778295994 8.97493 8.20602 2.99207 -0.30208 0.69704 0.43009 0.48775
1403638560.1778295040 9.07925 8.23676 2.97241 -0.29244 0.70672 0.41198 0.49528
1403638560.2778294086 9.18318 8.26780 2.94790 -0.28021 0.71749 0.39074 0.50400
1403638560.3778295517 9.28613 8.29874 2.92157 -0.26902 0.72526 0.36643 0.51707
1403638560.4778294563 9.38634 8.32895 2.89194 -0.25631 0.73326 0.34124 0.52933
1403638560.5778295994 9.48335 8.35575 2.85789 -0.24503 0.74245 0.31436 0.53843
1403638560.6778295040 9.57718 8.37852 2.82006 -0.23539 0.75291 0.28639 0.54379
1403638560.7778294086 9.66774 8.39469 2.78532 -0.22824 0.76163 0.26085 0.54751
1403638560.8778295517 9.75534 8.40190 2.75817 -0.21756 0.76806 0.23805 0.55324
1403638560.9778294563 9.84289 8.40171 2.73843 -0.20535 0.77232 0.21715 0.56053
1403638561.0778295994 9.92771 8.39271 2.72665 -0.19313 0.77485 0.19728 0.56868
1403638561.1778295040 10.00785 8.37427 2.72062 -0.18224 0.77618 0.17960 0.57625
1403638561.2778294086 10.08424 8.34850 2.72138 -0.17538 0.77644 0.16626 0.58202
1403638561.3778295517 10.15425 8.31413 2.72398 -0.16638 0.78106 0.16152 0.57981
1403638561.4778294563 10.22203 8.27391 2.72209 -0.15290 0.78698 0.16520 0.57445
1403638561.5778295994 10.28809 8.23028 2.71432 -0.14332 0.79048 0.16998 0.57070
1403638561.6778295040 10.35195 8.18483 2.70130 -0.13955 0.79215 0.17288 0.56846
1403638561.7778294086 10.41346 8.13825 2.68352 -0.13865 0.79232 0.17519 0.56773
1403638561.8778295517 10.46822 8.08810 2.65989 -0.13616 0.79168 0.17585 0.56901
1403638561.9778294563 10.52639 8.03850 2.63218 -0.13098 0.79267 0.17145 0.57020
1403638562.0778295994 10.57653 7.98546 2.60628 -0.12365 0.79442 0.16274 0.57195
1403638562.1778295040 10.62466 7.93227 2.58822 -0.11602 0.79626 0.15295 0.57368
1403638562.2778294086 10.67037 7.88037 2.57476 -0.10951 0.79729 0.14465 0.57569
1403638562.3778295517 10.71254 7.82762 2.56769 -0.10346 0.79817 0.13268 0.57847
1403638562.4778294563 10.75145 7.77312 2.56440 -0.09554 0.80048 0.11660 0.58010
1403638562.5778295994 10.78807 7.71823 2.56836 -0.08596 0.80275 0.09647 0.58215
1403638562.6778295040 10.82195 7.66186 2.57658 -0.07725 0.80549 0.07229 0.58309
1403638562.7778294086 10.85346 7.60326 2.58637 -0.06844 0.80698 0.04603 0.58479
1403638562.8778295517 10.88104 7.54062 2.59195 -0.05499 0.80808 0.02139 0.58611
1403638562.9778294563 10.90505 7.47421 2.59188 -0.04056 0.80871 -0.00126 0.58680
1403638563.0778295994 10.92485 7.40474 2.58648 -0.03162 0.80845 -0.02533 0.58717
1403638563.1778295040 10.93899 7.33048 2.57640 -0.01980 0.80817 -0.04502 0.58690
1403638563.2778294086 10.94843 7.25170 2.56256 -0.00831 0.80494 -0.05881 0.59038
1403638563.3778295517 10.95058 7.16909 2.54475 -0.00164 0.79704 -0.06851 0.60003
1403638563.4778294563 10.94390 7.08358 2.52135 -0.00017 0.79081 -0.07558 0.60737
1403638563.5778295994 10.92747 6.99414 2.49737 0.00567 0.79130 -0.07550 0.60672
1403638563.6778295040 10.90075 6.90246 2.47928 0.00619 0.79471 -0.07589 0.60220
1403638563.7778294086 10.86711 6.80579 2.46785 0.00351 0.79686 -0.07649 0.59929
1403638563.8778295517 10.83534 6.69898 2.46499 0.00045 0.79650 -0.07558 0.59989
1403638563.9778294563 10.78873 6.59318 2.46851 -0.00267 0.79535 -0.07413 0.60159
1403638564.0778295994 10.74331 6.47591 2.46897 -0.00708 0.79603 -0.07188 0.60093
1403638564.1778295040 10.69138 6.35354 2.46445 -0.00874 0.79602 -0.06720 0.60147
1403638564.2778294086 10.62231 6.23517 2.45811 -0.00741 0.79432 -0.06195 0.60428
1403638564.3778295517 10.55891 6.10187 2.45575 -0.00748 0.79300 -0.05682 0.60652
1403638564.4778294563 10.47778 5.97465 2.46129 -0.00641 0.79166 -0.05268 0.60866
1403638564.5778295994 10.39797 5.83391 2.46980 -0.00920 0.79346 -0.05213 0.60631
1403638564.6778295040 10.30232 5.70090 2.47770 -0.01403 0.79504 -0.05511 0.60389
1403638564.7778294086 10.20693 5.55273 2.47731 -0.01781 0.79561 -0.05811 0.60275
1403638564.8778295517 10.09985 5.41234 2.47154 -0.01965 0.79493 -0.06073 0.60333
1403638564.9778294563 9.99456 5.25152 2.44460 -0.02152 0.79441 -0.06236 0.60379
1403638565.0778295994 9.87820 5.09910 2.40474 -0.02247 0.79462 -0.06325 0.60338
1403638565.1778295040 9.75878 4.94207 2.35019 -0.02267 0.79523 -0.06363 0.60253
1403638565.2778294086 9.63614 4.77839 2.28938 -0.02081 0.79609 -0.06299 0.60153
1403638565.3778295517 9.51166 4.60737 2.22530 -0.01789 0.79704 -0.06187 0.60048
1403638565.4778294563 9.38385 4.42663 2.16016 -0.01483 0.79631 -0.06094 0.60163
1403638565.5778295994 9.25323 4.23988 2.10136 -0.00814 0.79414 -0.05865 0.60484
1403638565.6778295040 9.11733 4.04968 2.05135 0.00371 0.79386 -0.05268 0.60580
1403638565.7778294086 8.97800 3.86058 2.00816 0.01281 0.79661 -0.04837 0.60242
1403638565.8778295517 8.83198 3.67445 1.97273 0.02011 0.79882 -0.04515 0.59953
1403638565.9778294563 8.68177 3.49182 1.94115 0.02262 0.80063 -0.04579 0.59698
1403638566.0778295994 8.52972 3.31386 1.90414 0.02425 0.80164 -0.04625 0.59552
1403638566.1778295040 8.37620 3.13974 1.85907 0.02228 0.80180 -0.04772 0.59527
1403638566.2778294086 8.22061 2.96945 1.80631 0.02300 0.80142 -0.04695 0.59581
1403638566.3778295517 8.06520 2.80293 1.74554 0.02334 0.80245 -0.04597 0.59449
1403638566.4778294563 7.91026 2.63953 1.67912 0.02007 0.80271 -0.04673 0.59420
1403638566.5778295994 7.75577 2.48066 1.60749 0.01945 0.80593 -0.04506 0.58997
1403638566.6778295040 7.60164 2.32603 1.52876 0.01869 0.81533 -0.04341 0.57706
1403638566.7778294086 7.45242 2.17595 1.44543 0.01796 0.82713 -0.04182 0.56016
1403638566.8778295517 7.31106 2.02984 1.35918 0.01638 0.83525 -0.04077 0.54811
1403638566.9778294563 7.17890 1.88750 1.27085 0.01651 0.83926 -0.03808 0.54214
1403638567.0778295994 7.05709 1.75134 1.18495 0.01661 0.83116 -0.03669 0.55457
1403638567.1778295040 6.94376 1.61896 1.09695 0.01902 0.81881 -0.03464 0.57270
1403638567.2778294086 6.83733 1.49165 1.00454 0.02245 0.81020 -0.03296 0.58479
1403638567.3778295517 6.73104 1.36900 0.90700 0.02560 0.80836 -0.03252 0.58724
1403638567.4778294563 6.62432 1.25027 0.81315 0.02770 0.80922 -0.03358 0.58589
1403638567.5778295994 6.51705 1.13456 0.72555 0.02916 0.81280 -0.03546 0.58073
1403638567.6778295040 6.40797 1.02005 0.64626 0.03256 0.81611 -0.03607 0.57585
1403638567.7778294086 6.30102 0.90895 0.57562 0.03460 0.81941 -0.03668 0.57098
1403638567.8778295517 6.19933 0.80202 0.51277 0.03379 0.82285 -0.03896 0.56591
1403638567.9778294563 6.10624 0.69934 0.45639 0.03376 0.82383 -0.03997 0.56442
1403638568.0778295994 6.01826 0.59907 0.40740 0.03676 0.82373 -0.03818 0.56450
1403638568.1778295040 5.93354 0.50218 0.36680 0.03875 0.82306 -0.03684 0.56544
1403638568.2778294086 5.85126 0.40948 0.33315 0.03964 0.82294 -0.03704 0.56553
1403638568.3778295517 5.77275 0.32077 0.29978 0.03958 0.82342 -0.03730 0.56481
1403638568.4778294563 5.69624 0.23977 0.26103 0.04008 0.82425 -0.03724 0.56357
1403638568.5778295994 5.62654 0.15921 0.21949 0.04079 0.82564 -0.03650 0.56153
1403638568.6778295040 5.56020 0.08749 0.17538 0.04212 0.82744 -0.03515 0.55887
1403638568.7778294086 5.50100 0.01818 0.13477 0.04162 0.82876 -0.03510 0.55695
1403638568.8778295517 5.44551 -0.04460 0.10262 0.03957 0.82806 -0.03663 0.55804
1403638568.9778294563 5.39572 -0.10049 0.07743 0.04153 0.82753 -0.03494 0.55880
1403638569.0778295994 5.35141 -0.15349 0.06189 0.04297 0.82726 -0.03381 0.55916
1403638569.1778295040 5.31128 -0.19973 0.05182 0.04357 0.82806 -0.03380 0.55792
1403638569.2778294086 5.27472 -0.24084 0.04445 0.04558 0.82922 -0.03269 0.55610
1403638569.3778295517 5.24385 -0.27685 0.03026 0.04647 0.82914 -0.03246 0.55616
1403638569.4778294563 5.21890 -0.30718 0.01425 0.04697 0.82761 -0.03191 0.55842
1403638569.5778295994 5.19855 -0.33242 -0.00749 0.04773 0.82634 -0.03156 0.56026
1403638569.6778295040 5.18384 -0.35044 -0.02323 0.04690 0.82518 -0.03250 0.56198
1403638569.7778294086 5.17242 -0.36236 -0.03252 0.04791 0.82433 -0.03189 0.56318
1403638569.8778295517 5.16817 -0.36430 -0.03119 0.04899 0.82297 -0.03074 0.56513
1403638569.9778294563 5.16151 -0.36709 -0.03143 0.04780 0.82142 -0.03157 0.56744
1403638570.0778295994 5.15911 -0.36199 -0.03408 0.04554 0.82078 -0.03312 0.56846
1403638570.1778295040 5.15786 -0.35283 -0.04343 0.04063 0.82088 -0.03593 0.56852
1403638570.2778294086 5.15704 -0.34147 -0.05888 0.03309 0.82027 -0.04056 0.56958
1403638570.3778295517 5.15696 -0.32975 -0.07927 0.02680 0.81989 -0.04787 0.56988
1403638570.4778294563 5.18395 -0.30802 -0.09191 0.02239 0.81912 -0.06332 0.56967
1403638570.5778295994 5.18374 -0.30341 -0.12570 0.01532 0.81613 -0.09028 0.57057
1403638570.6778295040 5.19996 -0.29778 -0.15135 0.01596 0.81048 -0.11927 0.57328
1403638570.7778294086 5.20714 -0.30632 -0.18282 0.02312 0.79895 -0.14658 0.58281
1403638570.8778295517 5.20595 -0.32659 -0.21784 0.03568 0.78687 -0.17084 0.59193
1403638570.9778294563 5.19570 -0.35943 -0.25791 0.05109 0.77840 -0.19208 0.59548
1403638571.0778295994 5.17604 -0.40316 -0.30348 0.06789 0.77542 -0.21119 0.59120
1403638571.1778295040 5.14698 -0.45426 -0.34732 0.08925 0.77790 -0.22374 0.58038
1403638571.2778294086 5.11247 -0.51126 -0.38033 0.10928 0.77907 -0.23026 0.57279
1403638571.3778295517 5.07008 -0.57496 -0.40482 0.12181 0.77834 -0.23564 0.56906
1403638571.4778294563 5.02241 -0.64328 -0.42005 0.12760 0.77546 -0.24026 0.56978
1403638571.5778295994 4.96973 -0.71523 -0.43204 0.13433 0.77302 -0.24434 0.56982
1403638571.6778295040 4.91293 -0.79040 -0.44882 0.14029 0.77260 -0.25362 0.56487
1403638571.7778294086 4.85241 -0.86921 -0.47127 0.14811 0.77187 -0.26695 0.55769
1403638571.8778295517 4.78920 -0.95148 -0.49813 0.15520 0.76863 -0.28454 0.55150
1403638571.9778294563 4.72277 -1.03851 -0.52255 0.16270 0.76228 -0.30435 0.54756
1403638572.0778295994 4.65251 -1.12960 -0.53929 0.17164 0.75506 -0.32338 0.54391
1403638572.1778295040 4.57739 -1.22500 -0.54767 0.18720 0.74799 -0.33841 0.53939
1403638572.2778294086 4.49843 -1.32353 -0.55228 0.20109 0.74344 -0.35490 0.53000
1403638572.3778295517 4.41799 -1.42636 -0.55979 0.21398 0.73833 -0.37312 0.51948
1403638572.4778294563 4.33707 -1.53356 -0.57038 0.22774 0.73417 -0.38611 0.50996
1403638572.5778295994 4.25765 -1.64481 -0.58209 0.23847 0.73024 -0.39466 0.50411
1403638572.6778295040 4.18007 -1.76037 -0.59205 0.24417 0.72839 -0.39998 0.49985
1403638572.7778294086 4.10556 -1.88092 -0.59344 0.25185 0.72981 -0.39975 0.49412
1403638572.8778295517 4.03547 -2.00459 -0.58572 0.25539 0.73225 -0.39910 0.48919
1403638572.9778294563 3.97042 -2.13051 -0.57245 0.25604 0.73436 -0.39819 0.48642
1403638573.0778295994 3.91008 -2.25780 -0.56211 0.25544 0.73635 -0.39713 0.48458
1403638573.1778295040 3.85466 -2.38705 -0.55749 0.25381 0.73786 -0.39609 0.48400
1403638573.2778294086 3.80166 -2.52036 -0.55569 0.25225 0.73927 -0.39414 0.48426
1403638573.3778295517 3.75669 -2.65399 -0.55085 0.25169 0.73992 -0.39345 0.48411
1403638573.4778294563 3.71414 -2.79426 -0.54464 0.25483 0.74004 -0.39362 0.48215
1403638573.5778295994 3.68236 -2.93184 -0.52710 0.25684 0.73978 -0.39415 0.48105
1403638573.6778295040 3.65521 -3.06932 -0.50254 0.26002 0.73995 -0.39495 0.47842
1403638573.7778294086 3.63399 -3.20666 -0.47405 0.26722 0.73609 -0.39856 0.47740
1403638573.8778295517 3.61784 -3.34577 -0.44658 0.28113 0.72553 -0.40426 0.48077
1403638573.9778294563 3.60650 -3.48440 -0.42482 0.29312 0.70973 -0.41777 0.48563
1403638574.0778295994 3.59700 -3.62024 -0.41012 0.29906 0.68896 -0.43919 0.49296
1403638574.1778295040 3.58717 -3.75207 -0.40091 0.30521 0.66625 -0.46302 0.49856
1403638574.2778294086 3.57318 -3.88048 -0.39617 0.31473 0.64713 -0.48516 0.49678
1403638574.3778295517 3.55233 -4.00562 -0.39554 0.32719 0.63342 -0.50501 0.48652
1403638574.4778294563 3.52407 -4.12874 -0.39807 0.34064 0.62147 -0.52294 0.47357
1403638574.5778295994 3.49085 -4.24794 -0.39760 0.35109 0.61052 -0.53699 0.46437
1403638574.6778295040 3.45351 -4.36600 -0.38889 0.36300 0.60396 -0.54403 0.45552
1403638574.7778294086 3.41523 -4.48433 -0.37304 0.37383 0.60372 -0.54661 0.44384
1403638574.8778295517 3.37722 -4.60149 -0.35427 0.37523 0.60574 -0.55104 0.43432
1403638574.9778294563 3.33924 -4.71854 -0.33953 0.37388 0.60811 -0.55434 0.42794
1403638575.0778295994 3.30090 -4.83463 -0.33118 0.36645 0.60664 -0.55969 0.42946
1403638575.1778295040 3.26078 -4.95045 -0.32821 0.36077 0.60387 -0.56301 0.43382
1403638575.2778294086 3.21666 -5.06754 -0.32986 0.35742 0.60257 -0.56381 0.43735
1403638575.3778295517 3.17020 -5.18493 -0.33500 0.35442 0.60586 -0.56395 0.43508
1403638575.4778294563 3.11998 -5.30536 -0.34520 0.35261 0.61140 -0.56239 0.43078
1403638575.5778295994 3.06825 -5.42723 -0.35414 0.35190 0.61638 -0.56005 0.42730
1403638575.6778295040 3.01447 -5.55295 -0.35691 0.35552 0.62271 -0.55500 0.42168
1403638575.7778294086 2.95944 -5.68401 -0.35165 0.35658 0.62926 -0.55217 0.41472
1403638575.8778295517 2.90661 -5.81782 -0.33697 0.35654 0.63347 -0.55020 0.41094
1403638575.9778294563 2.85774 -5.95634 -0.31225 0.35612 0.63377 -0.54950 0.41178
1403638576.0778295994 2.81227 -6.09794 -0.28006 0.35688 0.63433 -0.54818 0.41203
1403638576.1778295040 2.77027 -6.24358 -0.24238 0.35785 0.63266 -0.54780 0.41425
1403638576.2778294086 2.73198 -6.39179 -0.20762 0.36205 0.63312 -0.54534 0.41313
1403638576.3778295517 2.69864 -6.54039 -0.17846 0.36683 0.63457 -0.54251 0.41042
1403638576.4778294563 2.67110 -6.68949 -0.15502 0.37087 0.63706 -0.54017 0.40599
1403638576.5778295994 2.65025 -6.83998 -0.13627 0.37563 0.64103 -0.53747 0.39888
1403638576.6778295040 2.63681 -6.99409 -0.12146 0.37901 0.64239 -0.53543 0.39624
1403638576.7778294086 2.63064 -7.15482 -0.11043 0.38411 0.63999 -0.53179 0.40009
1403638576.8778295517 2.63100 -7.31835 -0.10452 0.38698 0.63498 -0.52998 0.40764
1403638576.9778294563 2.63864 -7.48136 -0.10360 0.38516 0.62854 -0.53170 0.41701
1403638577.0778295994 2.65213 -7.64099 -0.10361 0.38101 0.62466 -0.53506 0.42229
1403638577.1778295040 2.66933 -7.79874 -0.09641 0.37832 0.62179 -0.53717 0.42626
1403638577.2778294086 2.68929 -7.95639 -0.08303 0.37873 0.62230 -0.53697 0.42540
1403638577.3778295517 2.71201 -8.11368 -0.06098 0.38535 0.62658 -0.53217 0.41916
1403638577.4778294563 2.73894 -8.26912 -0.03339 0.38970 0.62908 -0.52898 0.41542
1403638577.5778295994 2.77143 -8.42425 -0.00880 0.38676 0.62906 -0.53075 0.41593
1403638577.6778295040 2.80865 -8.57618 0.00972 0.38343 0.62799 -0.53284 0.41795
1403638577.7778294086 2.84940 -8.72726 0.02093 0.38070 0.62751 -0.53435 0.41924
1403638577.8778295517 2.89398 -8.87829 0.02647 0.38038 0.62773 -0.53408 0.41955
1403638577.9778294563 2.94255 -9.02687 0.03002 0.38116 0.62832 -0.53268 0.41974
1403638578.0778295994 2.99552 -9.17747 0.03949 0.38011 0.62758 -0.53260 0.42190
1403638578.1778295040 3.05269 -9.32405 0.05569 0.37558 0.62456 -0.53497 0.42740
1403638578.2778294086 3.11138 -9.47247 0.07750 0.36719 0.61964 -0.54040 0.43496
1403638578.3778295517 3.16885 -9.62010 0.09858 0.36517 0.61727 -0.54199 0.43804
1403638578.4778294563 3.22432 -9.76623 0.11315 0.36535 0.61687 -0.54238 0.43797
1403638578.5778295994 3.27798 -9.91021 0.12232 0.36538 0.61629 -0.54306 0.43791
1403638578.6778295040 3.32953 -10.05563 0.12810 0.36783 0.61619 -0.54191 0.43744
1403638578.7778294086 3.37952 -10.19615 0.13051 0.37313 0.61878 -0.53857 0.43339
1403638578.8778295517 3.42946 -10.33939 0.12999 0.37813 0.62169 -0.53496 0.42935
1403638578.9778294563 3.48295 -10.47374 0.12865 0.38066 0.62305 -0.53293 0.42767
1403638579.0778295994 3.53844 -10.61417 0.13589 0.38112 0.62376 -0.53190 0.42749
1403638579.1778295040 3.59886 -10.74727 0.15275 0.38181 0.62379 -0.53111 0.42783
1403638579.2778294086 3.66028 -10.88372 0.17509 0.37962 0.62283 -0.53215 0.42987
1403638579.3778295517 3.72560 -11.01103 0.19868 0.37412 0.61954 -0.53584 0.43483
1403638579.4778294563 3.79002 -11.14354 0.21786 0.36848 0.61524 -0.53965 0.44100
1403638579.5778295994 3.85468 -11.26682 0.23135 0.36749 0.61275 -0.53693 0.44855
1403638579.6778295040 3.91812 -11.39000 0.24074 0.36992 0.61361 -0.52483 0.45957
1403638579.7778294086 3.98092 -11.50877 0.24457 0.36858 0.62448 -0.50612 0.46692
1403638579.8778295517 4.04379 -11.62207 0.24165 0.35812 0.64498 -0.48541 0.46918
1403638579.9778294563 4.10774 -11.73079 0.23348 0.34125 0.66564 -0.46086 0.47758
1403638580.0778295994 4.17228 -11.83266 0.22346 0.32724 0.68094 -0.42673 0.49713
1403638580.1778295040 4.23669 -11.92387 0.21054 0.30783 0.69603 -0.39018 0.51821
1403638580.2778294086 4.29867 -12.00398 0.19242 0.28178 0.71379 -0.35574 0.53343
1403638580.3778295517 4.35691 -12.07553 0.16873 0.25167 0.73063 -0.32976 0.54230
1403638580.4778294563 4.40824 -12.13856 0.14081 0.22554 0.74268 -0.31341 0.54712
1403638580.5778295994 4.45386 -12.19583 0.11081 0.20792 0.75036 -0.29998 0.55113
1403638580.6778295040 4.49389 -12.24694 0.08025 0.19233 0.76086 -0.28525 0.55021
1403638580.7778294086 4.52701 -12.29157 0.05599 0.18160 0.77138 -0.26997 0.54691
1403638580.8778295517 4.55564 -12.33501 0.03997 0.17651 0.77857 -0.25881 0.54377
1403638580.9778294563 4.58371 -12.37887 0.03386 0.17040 0.78014 -0.25493 0.54530
1403638581.0778295994 4.61203 -12.42430 0.03625 0.16897 0.78123 -0.25282 0.54517
1403638581.1778295040 4.64640 -12.47812 0.04687 0.17146 0.78122 -0.25126 0.54513
1403638581.2778294086 4.68109 -12.53090 0.05835 0.17550 0.78133 -0.25105 0.54378
1403638581.3778295517 4.71361 -12.57785 0.06972 0.17878 0.78009 -0.25213 0.54399
1403638581.4778294563 4.74781 -12.62422 0.08329 0.18158 0.77793 -0.25386 0.54535
1403638581.5778295994 4.77826 -12.66338 0.10291 0.18454 0.77735 -0.25578 0.54429
1403638581.6778295040 4.81180 -12.70079 0.12098 0.18975 0.77322 -0.25569 0.54840
1403638581.7778294086 4.84002 -12.73061 0.13387 0.19183 0.76956 -0.25708 0.55217
1403638581.8778295517 4.86648 -12.75508 0.14114 0.19482 0.76638 -0.25692 0.55560
1403638581.9778294563 4.89858 -12.78228 0.14263 0.19889 0.75884 -0.25515 0.56524
1403638582.0778295994 4.91992 -12.79539 0.14598 0.19765 0.76045 -0.25694 0.56270
1403638582.1778295040 4.93849 -12.80357 0.15768 0.19346 0.76765 -0.26036 0.55272
1403638582.2778294086 4.96400 -12.81682 0.17839 0.19383 0.77068 -0.26043 0.54833
1403638582.3778295517 4.98216 -12.82263 0.21494 0.19632 0.76735 -0.25816 0.55316
1403638582.4778294563 5.00874 -12.83158 0.25549 0.19843 0.76624 -0.25655 0.55470
1403638582.5778295994 5.03572 -12.83968 0.30730 0.19941 0.76571 -0.25544 0.55559
1403638582.6778295040 5.05876 -12.84759 0.37067 0.19894 0.76680 -0.25572 0.55413
1403638582.7778294086 5.08518 -12.84307 0.43841 0.19718 0.76835 -0.25754 0.55175
1403638582.8778295517 5.10932 -12.83339 0.50836 0.19761 0.76966 -0.25815 0.54948
1403638582.9778294563 5.13156 -12.81778 0.57214 0.19642 0.77184 -0.25982 0.54606
1403638583.0778295994 5.15222 -12.79819 0.62828 0.19544 0.77430 -0.26158 0.54207
1403638583.1778295040 5.17503 -12.77759 0.67691 0.19538 0.77587 -0.26235 0.53946
1403638583.2778294086 5.20052 -12.75628 0.71957 0.19411 0.77644 -0.26365 0.53847
1403638583.3778295517 5.22462 -12.74383 0.75873 0.19437 0.77613 -0.26317 0.53905
1403638583.4778294563 5.25225 -12.71786 0.79500 0.19454 0.77682 -0.26329 0.53795
1403638583.5778295994 5.28326 -12.69334 0.83812 0.19467 0.77679 -0.26319 0.53799
1403638583.6778295040 5.31481 -12.66628 0.88864 0.19636 0.77710 -0.26199 0.53751
1403638583.7778294086 5.34788 -12.63650 0.93976 0.19610 0.77679 -0.26199 0.53805
1403638583.8778295517 5.38181 -12.61208 0.98428 0.19673 0.77598 -0.26148 0.53925
1403638583.9778294563 5.41674 -12.57590 1.02253 0.19714 0.77600 -0.26114 0.53923
1403638584.0778295994 5.45428 -12.53930 1.05618 0.20014 0.77260 -0.25887 0.54408
1403638584.1778295040 5.50125 -12.51810 1.08703 0.20440 0.76372 -0.25529 0.55658
1403638584.2778294086 5.53916 -12.47939 1.11302 0.20677 0.75473 -0.25282 0.56895
1403638584.3778295517 5.58244 -12.44466 1.13052 0.20841 0.75204 -0.25152 0.57248
1403638584.4778294563 5.61255 -12.38830 1.14185 0.20920 0.75200 -0.25081 0.57256
1403638584.5778295994 5.63510 -12.32432 1.15604 0.20886 0.75219 -0.25089 0.57240
1403638584.6778295040 5.65492 -12.25415 1.17876 0.20655 0.75399 -0.25224 0.57028
1403638584.7778294086 5.67008 -12.17145 1.20541 0.20277 0.76081 -0.25460 0.56145
1403638584.8778295517 5.68413 -12.09063 1.23912 0.19626 0.76842 -0.25934 0.55114
1403638584.9778294563 5.69546 -11.99913 1.26787 0.19428 0.77203 -0.26132 0.54584
1403638585.0778295994 5.70892 -11.90420 1.29034 0.19395 0.77332 -0.26200 0.54379
1403638585.1778295040 5.72285 -11.81921 1.30996 0.19155 0.77313 -0.26362 0.54414
1403638585.2778294086 5.73732 -11.72037 1.32107 0.19282 0.77131 -0.26285 0.54663
1403638585.3778295517 5.75325 -11.63324 1.33149 0.19344 0.76925 -0.26212 0.54966
1403638585.4778294563 5.76753 -11.53165 1.33499 0.19345 0.76961 -0.26239 0.54902
1403638585.5778295994 5.78487 -11.44304 1.34927 0.19253 0.77145 -0.26258 0.54668
1403638585.6778295040 5.79612 -11.34251 1.36568 0.19228 0.77418 -0.26262 0.54287
1403638585.7778294086 5.81651 -11.25188 1.39540 0.18900 0.77919 -0.26487 0.53572
1403638585.8778295517 5.82777 -11.15132 1.42713 0.18628 0.78315 -0.26681 0.52989
1403638585.9778294563 5.83313 -11.05127 1.46536 0.18426 0.78316 -0.26864 0.52966
1403638586.0778295994 5.83149 -10.95087 1.50613 0.18603 0.77907 -0.26759 0.53557
1403638586.1778295040 5.86329 -10.86598 1.54720 0.18798 0.77627 -0.26708 0.53921
1403638586.2778294086 5.85332 -10.76515 1.57546 0.18984 0.77375 -0.26544 0.54296
1403638586.3778295517 5.88379 -10.68155 1.60582 0.19575 0.77076 -0.26179 0.54688
1403638586.4778294563 5.85769 -10.57417 1.62298 0.20324 0.76920 -0.25626 0.54896
1403638586.5778295994 5.88582 -10.48552 1.64294 0.20549 0.76853 -0.25511 0.54959
1403638586.6778295040 5.84658 -10.36616 1.64706 0.20191 0.76938 -0.25666 0.54901
1403638586.7778294086 5.87019 -10.27236 1.65419 0.19782 0.76902 -0.25938 0.54973
1403638586.8778295517 5.82447 -10.14281 1.64678 0.19497 0.76787 -0.25957 0.55226
1403638586.9778294563 5.84354 -10.04330 1.64287 0.19522 0.76764 -0.25933 0.55260
1403638587.0778295994 5.80629 -9.89760 1.62949 0.19420 0.76724 -0.25946 0.55345
1403638587.1778295040 5.81961 -9.79104 1.62798 0.19375 0.76847 -0.25947 0.55190
1403638587.2778294086 5.80866 -9.65127 1.63080 0.19301 0.77006 -0.25962 0.54986
1403638587.3778295517 5.81687 -9.53575 1.64456 0.19242 0.77164 -0.26001 0.54766
1403638587.4778294563 5.80904 -9.40136 1.65650 0.19051 0.77170 -0.26176 0.54742
1403638587.5778295994 5.81698 -9.28187 1.66986 0.18976 0.77171 -0.26276 0.54718
1403638587.6778295040 5.81192 -9.15248 1.67245 0.18942 0.77136 -0.26329 0.54755
1403638587.7778294086 5.81705 -9.03341 1.67573 0.18938 0.77094 -0.26368 0.54795
1403638587.8778295517 5.80647 -8.91701 1.66780 0.18812 0.77073 -0.26438 0.54836
1403638587.9778294563 5.81105 -8.79826 1.66191 0.18795 0.77030 -0.26485 0.54879
1403638588.0778295994 5.79618 -8.69633 1.64644 0.18843 0.77014 -0.26338 0.54956
1403638588.1778295040 5.79745 -8.57951 1.63428 0.19506 0.77099 -0.25901 0.54813
1403638588.2778294086 5.78466 -8.48670 1.61531 0.19715 0.77219 -0.25617 0.54701
1403638588.3778295517 5.78853 -8.36527 1.60904 0.19786 0.77254 -0.25550 0.54659
1403638588.4778294563 5.78020 -8.27465 1.60404 0.19540 0.77286 -0.25607 0.54675
1403638588.5778295994 5.78387 -8.14671 1.61363 0.19310 0.77207 -0.25775 0.54789
1403638588.6778295040 5.77996 -8.04377 1.62360 0.19026 0.77162 -0.25877 0.54905
1403638588.7778294086 5.78001 -7.91144 1.64517 0.18884 0.77003 -0.26017 0.55110
1403638588.8778295517 5.77974 -7.79052 1.65578 0.18618 0.76966 -0.26237 0.55147
1403638588.9778294563 5.77730 -7.66049 1.66550 0.18651 0.76954 -0.26266 0.55139
1403638589.0778295994 5.77843 -7.53877 1.66080 0.18682 0.76999 -0.26292 0.55053
1403638589.1778295040 5.77429 -7.41216 1.65722 0.18844 0.76974 -0.26220 0.55068
1403638589.2778294086 5.77053 -7.30520 1.64219 0.18779 0.76901 -0.26213 0.55194
1403638589.3778295517 5.76375 -7.18196 1.63294 0.18793 0.76881 -0.26189 0.55229
1403638589.4778294563 5.75967 -7.09840 1.62000 0.18692 0.77009 -0.26223 0.55069
1403638589.5778295994 5.75163 -6.97476 1.62026 0.18624 0.77002 -0.26261 0.55083
1403638589.6778295040 5.75037 -6.89835 1.62131 0.18520 0.77106 -0.26236 0.54985
1403638589.7778294086 5.74275 -6.77390 1.63642 0.18559 0.77257 -0.26279 0.54739
1403638589.8778295517 5.74621 -6.68859 1.64149 0.18513 0.77352 -0.26358 0.54582
1403638589.9778294563 5.73864 -6.56608 1.64843 0.18555 0.77346 -0.26407 0.54552
1403638590.0778295994 5.74003 -6.44819 1.64194 0.18507 0.77367 -0.26481 0.54503
1403638590.1778295040 5.73212 -6.33088 1.63879 0.18568 0.77257 -0.26509 0.54624
1403638590.2778294086 5.73129 -6.21952 1.62418 0.18523 0.77205 -0.26555 0.54691
1403638590.3778295517 5.72424 -6.10921 1.61287 0.18537 0.77235 -0.26597 0.54624
1403638590.4778294563 5.71954 -6.01863 1.59244 0.18506 0.77320 -0.26597 0.54513
1403638590.5778295994 5.71461 -5.91120 1.58052 0.18396 0.77427 -0.26668 0.54364
1403638590.6778295040 5.70768 -5.84715 1.56967 0.18142 0.77628 -0.26729 0.54132
1403638590.7778294086 5.70496 -5.73858 1.57415 0.18069 0.77706 -0.26781 0.54019
1403638590.8778295517 5.69604 -5.67577 1.57896 0.18028 0.77817 -0.26737 0.53895
1403638590.9778294563 5.69586 -5.56780 1.59765 0.17908 0.77871 -0.26834 0.53809
1403638591.0778295994 5.68475 -5.47311 1.61343 0.17740 0.77968 -0.26951 0.53665
1403638591.1778295040 5.68720 -5.37215 1.63020 0.17652 0.78383 -0.27078 0.53021
1403638591.2778294086 5.67884 -5.25684 1.63378 0.17390 0.78966 -0.27288 0.52129
1403638591.3778295517 5.67244 -5.15210 1.63301 0.17037 0.79392 -0.27526 0.51467
1403638591.4778294563 5.66888 -5.05920 1.62709 0.16739 0.79664 -0.27712 0.51044
1403638591.5778295994 5.66999 -4.97145 1.61497 0.16437 0.79936 -0.27908 0.50608
1403638591.6778295040 5.67683 -4.89017 1.59872 0.16273 0.79962 -0.27986 0.50577
1403638591.7778294086 5.69302 -4.81900 1.58240 0.16425 0.79777 -0.27855 0.50891
1403638591.8778295517 5.72622 -4.76795 1.57017 0.16516 0.79547 -0.27769 0.51267
1403638591.9778294563 5.76516 -4.72899 1.56478 0.16582 0.79288 -0.27691 0.51688
1403638592.0778295994 5.80168 -4.70449 1.56630 0.16586 0.79045 -0.27550 0.52133
1403638592.1778295040 5.85224 -4.67712 1.57917 0.16389 0.78762 -0.27367 0.52717
1403638592.2778294086 5.89822 -4.68186 1.60085 0.15834 0.78231 -0.26796 0.53955
1403638592.3778295517 5.94615 -4.69107 1.63026 0.14889 0.77988 -0.25877 0.55014
1403638592.4778294563 5.99326 -4.69322 1.66788 0.13687 0.78244 -0.24473 0.55602
1403638592.5778295994 6.03723 -4.69729 1.71176 0.12887 0.78986 -0.23035 0.55358
1403638592.6778295040 6.07915 -4.70304 1.76157 0.12213 0.79734 -0.21897 0.54899
1403638592.7778294086 6.12059 -4.71208 1.81006 0.11685 0.80439 -0.21131 0.54282
1403638592.8778295517 6.16286 -4.72406 1.85282 0.11265 0.80940 -0.20658 0.53806
1403638592.9778294563 6.20701 -4.73792 1.89076 0.11188 0.81191 -0.20275 0.53588
1403638593.0778295994 6.25762 -4.75534 1.92289 0.11083 0.81267 -0.20144 0.53545
1403638593.1778295040 6.30954 -4.77639 1.95623 0.11097 0.81092 -0.20041 0.53845
1403638593.2778294086 6.36921 -4.80252 1.99499 0.11780 0.80768 -0.19666 0.54324
1403638593.3778295517 6.42614 -4.82928 2.03967 0.12689 0.80424 -0.19145 0.54813
1403638593.4778294563 6.48227 -4.85524 2.08191 0.13520 0.79953 -0.18742 0.55438
1403638593.5778295994 6.53866 -4.87883 2.11678 0.13989 0.79657 -0.18606 0.55794
1403638593.6778295040 6.59474 -4.89865 2.14461 0.14270 0.79521 -0.18572 0.55927
1403638593.7778294086 6.65039 -4.91408 2.16690 0.14417 0.79172 -0.18603 0.56373
1403638593.8778295517 6.71050 -4.92871 2.18973 0.13997 0.78126 -0.18608 0.57915
1403638593.9778294563 6.75992 -4.93279 2.21643 0.13370 0.77766 -0.18301 0.58640
1403638594.0778295994 6.80265 -4.93319 2.24577 0.12564 0.78307 -0.18103 0.58158
1403638594.1778295040 6.83968 -4.93168 2.27872 0.12364 0.78908 -0.17648 0.57526
1403638594.2778294086 6.87287 -4.92881 2.30912 0.12423 0.79139 -0.17176 0.57338
1403638594.3778295517 6.90581 -4.92674 2.33694 0.12673 0.79045 -0.16687 0.57556
1403638594.4778294563 6.93027 -4.91619 2.36777 0.13071 0.78899 -0.16151 0.57821
1403638594.5778295994 6.95478 -4.90538 2.40389 0.12510 0.78927 -0.16339 0.57854
1403638594.6778295040 6.96881 -4.88523 2.44519 0.11969 0.78962 -0.16668 0.57827
1403638594.7778294086 6.98714 -4.87036 2.48264 0.11749 0.79036 -0.16868 0.57712
1403638594.8778295517 6.99267 -4.84761 2.51342 0.11638 0.79020 -0.17044 0.57705
1403638594.9778294563 7.00441 -4.83025 2.53657 0.11743 0.79208 -0.17093 0.57411
1403638595.0778295994 7.01422 -4.81201 2.55293 0.11602 0.79328 -0.17272 0.57221
1403638595.1778295040 7.02281 -4.79376 2.56251 0.11584 0.79379 -0.17394 0.57117
1403638595.2778294086 7.03012 -4.77572 2.56525 0.11636 0.79426 -0.17422 0.57032
1403638595.3778295517 7.03020 -4.74975 2.56471 0.11641 0.79376 -0.17502 0.57076
1403638595.4778294563 7.03227 -4.73125 2.55611 0.11645 0.79413 -0.17522 0.57017
1403638595.5778295994 7.03419 -4.71226 2.54500 0.11650 0.79495 -0.17492 0.56911
1403638595.6778295040 7.03439 -4.69290 2.54027 0.11889 0.79504 -0.17326 0.56900
1403638595.7778294086 7.03213 -4.67233 2.53995 0.12317 0.79606 -0.17032 0.56754
1403638595.8778295517 7.02853 -4.65011 2.53495 0.12445 0.79649 -0.16966 0.56685
1403638595.9778294563 7.02397 -4.62638 2.51485 0.12685 0.79624 -0.16821 0.56711
1403638596.0778295994 7.04782 -4.59134 2.49668 0.13487 0.79689 -0.16355 0.56570
1403638596.1778295040 7.03895 -4.56165 2.46450 0.14608 0.79844 -0.15568 0.56295
1403638596.2778294086 7.03335 -4.52405 2.43934 0.15780 0.80026 -0.14701 0.55953
1403638596.3778295517 7.06519 -4.46549 2.43767 0.16778 0.80032 -0.13968 0.55841
1403638596.4778294563 7.06404 -4.40737 2.42883 0.17325 0.80007 -0.13486 0.55829
1403638596.5778295994 7.09661 -4.32767 2.44583 0.18049 0.80069 -0.12957 0.55635
1403638596.6778295040 7.10642 -4.24194 2.45395 0.18807 0.80105 -0.12358 0.55468
1403638596.7778294086 7.12085 -4.13886 2.47023 0.19195 0.80119 -0.12018 0.55391
1403638596.8778295517 7.15891 -4.01111 2.50971 0.19585 0.80039 -0.11736 0.55430
1403638596.9778294563 7.17666 -3.87215 2.53280 0.19760 0.79910 -0.11641 0.55573
1403638597.0778295994 7.21339 -3.71385 2.56735 0.20058 0.79806 -0.11535 0.55639
1403638597.1778295040 7.25168 -3.54066 2.59531 0.20307 0.79607 -0.11506 0.55839
1403638597.2778294086 7.29463 -3.34677 2.61657 0.20091 0.79319 -0.11816 0.56260
1403638597.3778295517 7.35040 -3.12984 2.62974 0.19676 0.79122 -0.12340 0.56572
1403638597.4778294563 7.40947 -2.90865 2.63426 0.18863 0.78777 -0.13072 0.57162
1403638597.5778295994 7.46215 -2.68500 2.63333 0.17588 0.78304 -0.14011 0.57989
1403638597.6778295040 7.50896 -2.45625 2.62779 0.17120 0.78071 -0.14385 0.58351
1403638597.7778294086 7.55234 -2.21785 2.61603 0.17512 0.78260 -0.13843 0.58113
1403638597.8778295517 7.59372 -1.96657 2.59929 0.17931 0.78529 -0.12688 0.57886
1403638597.9778294563 7.63315 -1.70322 2.57959 0.18056 0.78696 -0.11759 0.57816
1403638598.0778295994 7.67313 -1.42668 2.56442 0.17389 0.78710 -0.11495 0.58053
1403638598.1778295040 7.71163 -1.13680 2.55530 0.15243 0.78853 -0.12399 0.58276
1403638598.2778294086 7.74620 -0.83907 2.55030 0.13520 0.79033 -0.13237 0.58273
1403638598.3778295517 7.77916 -0.53908 2.54339 0.12456 0.79204 -0.13769 0.58154
1403638598.4778294563 7.81156 -0.23847 2.53133 0.12072 0.79426 -0.13959 0.57887
1403638598.5778295994 7.84293 0.06216 2.51223 0.11625 0.79624 -0.13778 0.57751
1403638598.6778295040 7.87390 0.36231 2.48728 0.11247 0.79859 -0.12948 0.57692
1403638598.7778294086 7.90472 0.66176 2.46388 0.10463 0.80089 -0.11882 0.57750
1403638598.8778295517 7.93272 0.96007 2.44735 0.09590 0.80210 -0.10444 0.58012
1403638598.9778294563 7.95628 1.25588 2.43482 0.08636 0.80482 -0.08801 0.58057
1403638599.0778295994 7.97653 1.55003 2.42848 0.07458 0.80649 -0.07125 0.58219
1403638599.1778295040 7.99264 1.84334 2.42920 0.06285 0.80809 -0.05355 0.58325
1403638599.2778294086 8.00487 2.13502 2.43468 0.05205 0.81036 -0.03448 0.58260
1403638599.3778295517 8.01397 2.42520 2.44821 0.03964 0.81388 -0.01712 0.57943
1403638599.4778294563 8.02058 2.71345 2.46701 0.03058 0.81626 -0.00369 0.57686
1403638599.5778295994 8.02696 2.99970 2.48449 0.02504 0.81873 0.00490 0.57362
1403638599.6778295040 8.03160 3.28456 2.49410 0.02134 0.82029 0.00962 0.57147
1403638599.7778294086 8.03662 3.56881 2.49562 0.02000 0.82044 0.01080 0.57128
1403638599.8778295517 8.04454 3.85153 2.49054 0.01797 0.82177 0.00843 0.56948
1403638599.9778294563 8.05426 4.13361 2.48133 0.01411 0.82196 0.00293 0.56936
1403638600.0778295994 8.06757 4.41431 2.46841 0.00763 0.82311 -0.00478 0.56782
1403638600.1778295040 8.08338 4.68988 2.45233 -0.00460 0.82483 -0.01640 0.56512
1403638600.2778294086 8.09946 4.95907 2.43134 -0.01471 0.82695 -0.02694 0.56143
1403638600.3778295517 8.11879 5.21778 2.40915 -0.02245 0.82839 -0.03542 0.55857
1403638600.4778294563 8.14153 5.46206 2.39220 -0.02885 0.82959 -0.04176 0.55606
1403638600.5778295994 8.16865 5.68981 2.38591 -0.02698 0.83021 -0.04227 0.55519
1403638600.6778295040 8.19877 5.90171 2.38749 -0.03005 0.83177 -0.04509 0.55248
1403638600.7778294086 8.23490 6.09609 2.39680 -0.03005 0.83560 -0.04471 0.54669
1403638600.8778295517 8.27711 6.27261 2.41212 -0.01944 0.83955 -0.03566 0.54176
1403638600.9778294563 8.32483 6.43545 2.42530 -0.00307 0.84182 -0.02191 0.53930
1403638601.0778295994 8.37998 6.58622 2.43323 0.00558 0.84235 -0.01353 0.53873
1403638601.1778295040 8.44269 6.73188 2.43623 0.01303 0.84107 -0.00680 0.54073
1403638601.2778294086 8.51373 6.87493 2.43595 0.02205 0.83474 0.00101 0.55020
1403638601.3778295517 8.59391 7.01353 2.43444 0.01886 0.82981 0.00516 0.55771
1403638601.4778294563 8.67755 7.15636 2.43663 0.00544 0.82553 0.01008 0.56424
1403638601.5778295994 8.76279 7.29936 2.44524 -0.00562 0.82089 0.02458 0.57053
1403638601.6778295040 8.84788 7.44368 2.45823 -0.01700 0.81845 0.04480 0.57257
1403638601.7778294086 8.93109 7.58872 2.47759 -0.02971 0.81572 0.07042 0.57337
1403638601.8778295517 9.01230 7.73166 2.50448 -0.04372 0.81084 0.09961 0.57507
1403638601.9778294563 9.08959 7.87703 2.53233 -0.05867 0.80778 0.12316 0.57348
1403638602.0778295994 9.16474 8.01968 2.55475 -0.07039 0.80619 0.14027 0.57046
1403638602.1778295040 9.23622 8.16386 2.57090 -0.07648 0.80151 0.15608 0.57216
1403638602.2778294086 9.30299 8.30999 2.58141 -0.08424 0.79449 0.17371 0.57578
1403638602.3778295517 9.36438 8.45859 2.59214 -0.10691 0.78340 0.18646 0.58318
1403638602.4778294563 9.41741 8.60947 2.61338 -0.14195 0.76131 0.19309 0.60247
1403638602.5778295994 9.45843 8.75454 2.64228 -0.17726 0.73962 0.19820 0.61827
1403638602.6778295040 9.48515 8.88442 2.67636 -0.19807 0.72934 0.21175 0.61967
1403638602.7778294086 9.49606 8.99827 2.71578 -0.20922 0.72504 0.23150 0.61396
1403638602.8778295517 9.49195 9.09585 2.75951 -0.22047 0.72171 0.25126 0.60613
1403638602.9778294563 9.47346 9.17800 2.80539 -0.24027 0.72190 0.26678 0.59158
1403638603.0778295994 9.44489 9.24588 2.84825 -0.25926 0.71691 0.28160 0.58268
1403638603.1778295040 9.41073 9.29765 2.88470 -0.27172 0.70956 0.29610 0.57880
1403638603.2778294086 9.36906 9.33300 2.90882 -0.27023 0.71690 0.31340 0.56108
1403638603.3778295517 9.32297 9.35784 2.92347 -0.26368 0.72961 0.32797 0.53904
1403638603.4778294563 9.27551 9.37706 2.93229 -0.26046 0.73789 0.33538 0.52459
1403638603.5778295994 9.23019 9.39454 2.93818 -0.26207 0.73558 0.33994 0.52411
1403638603.6778295040 9.18595 9.41204 2.93892 -0.26438 0.72776 0.34249 0.53213
1403638603.7778294086 9.13886 9.42569 2.93129 -0.25812 0.71909 0.34876 0.54281
1403638603.8778295517 9.08875 9.43168 2.91825 -0.25178 0.71126 0.35391 0.55268
1403638603.9778294563 9.03119 9.43768 2.89982 -0.24691 0.70438 0.35678 0.56178
1403638604.0778295994 8.96236 9.44129 2.87504 -0.24089 0.70092 0.35940 0.56702
1403638604.1778295040 8.88392 9.44399 2.85691 -0.23979 0.70028 0.36026 0.56773
1403638604.2778294086 8.79234 9.44027 2.84486 -0.24615 0.70428 0.35650 0.56241
1403638604.3778295517 8.68986 9.43181 2.84005 -0.25158 0.71194 0.35342 0.55222
1403638604.4778294563 8.58046 9.41803 2.84169 -0.24946 0.71977 0.35499 0.54192
1403638604.5778295994 8.46798 9.40274 2.84844 -0.24751 0.72442 0.35624 0.53576
1403638604.6778295040 8.35288 9.38589 2.85084 -0.25020 0.72766 0.35459 0.53121
1403638604.7778294086 8.23615 9.36832 2.84876 -0.25430 0.72966 0.35180 0.52836
1403638604.8778295517 8.12072 9.34788 2.84645 -0.25538 0.73284 0.35111 0.52388
1403638604.9778294563 8.00638 9.32417 2.84776 -0.25302 0.73879 0.35290 0.51539
1403638605.0778295994 7.89532 9.29923 2.85642 -0.25060 0.74515 0.35494 0.50593
1403638605.1778295040 7.79032 9.27463 2.87342 -0.24838 0.74897 0.35714 0.49980
1403638605.2778294086 7.69300 9.25481 2.89335 -0.24486 0.74964 0.36008 0.49842
1403638605.3778295517 7.59968 9.23942 2.90921 -0.23906 0.74484 0.36449 0.50519
1403638605.4778294563 7.50547 9.23200 2.92028 -0.23182 0.73475 0.36991 0.51920
1403638605.5778295994 7.41207 9.22422 2.92628 -0.22654 0.72629 0.37416 0.53027
1403638605.6778295040 7.31385 9.22086 2.92749 -0.22218 0.72047 0.37747 0.53766
1403638605.7778294086 7.20855 9.22208 2.93183 -0.22070 0.71952 0.37862 0.53872
1403638605.8778295517 7.09737 9.23044 2.94637 -0.21793 0.71948 0.38026 0.53877
1403638605.9778294563 6.97868 9.24436 2.96708 -0.21393 0.71876 0.38218 0.53996
1403638606.0778295994 6.85416 9.26478 2.98648 -0.21130 0.71890 0.38289 0.54030
1403638606.1778295040 6.71918 9.28867 2.99843 -0.20789 0.71871 0.38444 0.54078
1403638606.2778294086 6.58141 9.32021 3.00406 -0.20574 0.71994 0.38481 0.53970
1403638606.3778295517 6.43242 9.35704 2.99967 -0.21126 0.72854 0.38011 0.52927
1403638606.4778294563 6.28111 9.39985 2.98895 -0.21934 0.73883 0.37358 0.51619
1403638606.5778295994 6.12948 9.44794 2.97228 -0.22624 0.74745 0.36908 0.50390
1403638606.6778295040 5.98268 9.50335 2.95129 -0.23166 0.75061 0.37130 0.49503
1403638606.7778294086 5.84124 9.56620 2.92597 -0.23641 0.75049 0.38059 0.48583
1403638606.8778295517 5.70492 9.63604 2.89911 -0.24490 0.74678 0.39332 0.47712
1403638606.9778294563 5.57408 9.71447 2.87785 -0.25575 0.73945 0.40881 0.46977
1403638607.0778295994 5.45302 9.79986 2.86673 -0.26975 0.73059 0.42326 0.46296
1403638607.1778295040 5.34011 9.89180 2.86442 -0.28619 0.72080 0.43032 0.46192
1403638607.2778294086 5.23390 9.98734 2.86347 -0.30005 0.70721 0.43466 0.47000
1403638607.3778295517 5.13165 10.08397 2.85479 -0.31282 0.69874 0.43469 0.47429
1403638607.4778294563 5.03416 10.17999 2.83772 -0.31868 0.69564 0.43587 0.47386
1403638607.5778295994 4.94038 10.27289 2.81382 -0.32068 0.69461 0.43724 0.47276
1403638607.6778295040 4.85161 10.36276 2.78617 -0.32238 0.69292 0.43728 0.47405
1403638607.7778294086 4.76860 10.45065 2.75524 -0.32088 0.69148 0.43777 0.47670
1403638607.8778295517 4.68997 10.53591 2.72002 -0.32209 0.69376 0.43576 0.47442
1403638607.9778294563 4.61499 10.61918 2.68070 -0.32429 0.69819 0.43245 0.46941
1403638608.0778295994 4.55105 10.69979 2.63726 -0.32515 0.69699 0.42998 0.47285
1403638608.1778295040 4.49309 10.77633 2.58898 -0.32148 0.69399 0.43043 0.47932
1403638608.2778294086 4.43218 10.85143 2.53729 -0.32022 0.68942 0.42971 0.48734
1403638608.3778295517 4.38485 10.91735 2.48032 -0.32079 0.68360 0.42862 0.49606
1403638608.4778294563 4.32899 10.98254 2.41774 -0.32096 0.68348 0.42826 0.49642
1403638608.5778295994 4.28663 11.03703 2.34907 -0.31940 0.68491 0.42915 0.49468
1403638608.6778295040 4.23138 11.09280 2.28443 -0.32492 0.68220 0.42519 0.49825
1403638608.7778294086 4.18625 11.13761 2.22334 -0.32549 0.68229 0.42504 0.49788
1403638608.8778295517 4.13841 11.17778 2.16799 -0.32421 0.68568 0.42651 0.49278
1403638608.9778294563 4.08588 11.21235 2.12150 -0.32331 0.68975 0.42743 0.48684
1403638609.0778295994 4.03898 11.24406 2.08136 -0.32267 0.69249 0.42801 0.48286
1403638609.1778295040 3.99286 11.27294 2.04727 -0.32452 0.69298 0.42665 0.48212
1403638609.2778294086 3.94720 11.29807 2.01269 -0.33242 0.69317 0.42088 0.48154
1403638609.3778295517 3.90525 11.31663 1.97101 -0.33126 0.69340 0.42136 0.48157
1403638609.4778294563 3.86580 11.33442 1.92183 -0.32750 0.69351 0.42346 0.48215
1403638609.5778295994 3.82974 11.34527 1.86646 -0.32402 0.69350 0.42543 0.48279
1403638609.6778295040 3.79389 11.36166 1.80491 -0.32177 0.69263 0.42685 0.48427
1403638609.7778294086 3.76263 11.36771 1.74364 -0.32053 0.69274 0.42758 0.48429
1403638609.8778295517 3.73127 11.38258 1.68830 -0.32078 0.69312 0.42721 0.48393
1403638609.9778294563 3.70412 11.38499 1.64173 -0.32163 0.69267 0.42634 0.48476
1403638610.0778295994 3.68026 11.39351 1.60306 -0.32486 0.69057 0.42377 0.48785
1403638610.1778295040 3.65811 11.39101 1.56926 -0.32591 0.68753 0.42285 0.49222
1403638610.2778294086 3.63679 11.38477 1.53102 -0.32824 0.68629 0.42082 0.49414
1403638610.3778295517 3.61666 11.37378 1.48637 -0.32901 0.68596 0.42014 0.49466
1403638610.4778294563 3.59910 11.36469 1.43610 -0.32906 0.68446 0.41961 0.49716
1403638610.5778295994 3.58069 11.34419 1.38350 -0.33183 0.67929 0.41736 0.50425
1403638610.6778295040 3.56085 11.31606 1.33027 -0.33622 0.67428 0.41411 0.51069
1403638610.7778294086 3.53823 11.27804 1.27916 -0.33369 0.67960 0.41684 0.50303
1403638610.8778295517 3.51514 11.23407 1.23583 -0.32981 0.68593 0.42082 0.49360
1403638610.9778294563 3.49543 11.19704 1.20010 -0.33021 0.68642 0.42116 0.49235
1403638611.0778295994 3.47841 11.15083 1.16391 -0.33329 0.68366 0.41933 0.49567
1403638611.1778295040 3.46283 11.09445 1.12324 -0.33465 0.68270 0.41949 0.49595
1403638611.2778294086 3.44748 11.03248 1.08202 -0.33409 0.68230 0.42047 0.49604
1403638611.3778295517 3.43193 10.96279 1.04564 -0.32770 0.67988 0.42495 0.49980
1403638611.4778294563 3.41188 10.89615 1.01323 -0.31529 0.67568 0.43288 0.50661
1403638611.5778295994 3.39254 10.81960 0.99103 -0.30649 0.67521 0.43813 0.50812
1403638611.6778295040 3.36126 10.74814 0.96992 -0.30450 0.67775 0.43856 0.50557
1403638611.7778294086 3.32870 10.67665 0.94606 -0.30991 0.68371 0.43436 0.49783
1403638611.8778295517 3.29856 10.59959 0.92028 -0.31509 0.68934 0.43000 0.49054
1403638611.9778294563 3.26569 10.52745 0.88656 -0.31755 0.69290 0.42746 0.48615
1403638612.0778295994 3.23570 10.45640 0.85567 -0.31677 0.69499 0.42724 0.48385
1403638612.1778295040 3.20915 10.38017 0.83493 -0.31817 0.69624 0.42568 0.48251
1403638612.2778294086 3.18515 10.30998 0.82029 -0.31852 0.69640 0.42503 0.48261
1403638612.3778295517 3.16538 10.23552 0.81410 -0.31690 0.69595 0.42563 0.48381
1403638612.4778294563 3.14582 10.16203 0.80160 -0.31612 0.69489 0.42494 0.48644
1403638612.5778295994 3.12906 10.08762 0.78612 -0.31325 0.69272 0.42550 0.49088
1403638612.6778295040 3.11229 10.01344 0.76375 -0.30746 0.69080 0.42795 0.49511
1403638612.7778294086 3.09183 9.93817 0.73044 -0.30446 0.68999 0.42785 0.49815
1403638612.8778295517 3.07224 9.86535 0.70306 -0.30468 0.68887 0.42556 0.50153
1403638612.9778294563 3.04559 9.78812 0.67413 -0.30548 0.68958 0.42353 0.50178
1403638613.0778295994 3.02105 9.71690 0.65792 -0.30607 0.69237 0.42238 0.49854
1403638613.1778295040 2.99378 9.64354 0.64827 -0.30561 0.69479 0.42214 0.49565
1403638613.2778294086 2.96349 9.56479 0.64100 -0.30478 0.69528 0.42243 0.49522
1403638613.3778295517 2.93517 9.49379 0.64498 -0.30408 0.69484 0.42294 0.49584
1403638613.4778294563 2.90303 9.40967 0.64050 -0.30482 0.69431 0.42191 0.49701
1403638613.5778295994 2.87309 9.33956 0.63639 -0.30406 0.69564 0.41760 0.49925
1403638613.6778295040 2.84203 9.26866 0.62557 -0.30795 0.69637 0.41089 0.50141
1403638613.7778294086 2.80681 9.18177 0.60147 -0.31189 0.69512 0.40327 0.50685
1403638613.8778295517 2.77605 9.10987 0.57730 -0.30882 0.69740 0.39519 0.51195
1403638613.9778294563 2.74070 9.01196 0.54024 -0.30129 0.70341 0.38536 0.51569
1403638614.0778295994 2.70578 8.91550 0.50075 -0.28947 0.71147 0.37358 0.52006
1403638614.1778295040 2.66953 8.81774 0.46186 -0.27489 0.72172 0.36068 0.52293
1403638614.2778294086 2.63148 8.71597 0.42864 -0.26403 0.73058 0.34719 0.52535
1403638614.3778295517 2.59252 8.61473 0.40065 -0.25558 0.73720 0.33774 0.52644
1403638614.4778294563 2.55328 8.51680 0.38190 -0.25222 0.74188 0.32882 0.52715
1403638614.5778295994 2.51352 8.41678 0.37106 -0.24842 0.74630 0.32047 0.52785
1403638614.6778295040 2.47586 8.31625 0.36643 -0.24551 0.75145 0.30844 0.52907
1403638614.7778294086 2.44022 8.21498 0.37156 -0.24375 0.76132 0.29182 0.52518
1403638614.8778295517 2.40616 8.11015 0.38459 -0.23625 0.77245 0.27422 0.52184
1403638614.9778294563 2.37899 8.00608 0.40453 -0.22321 0.78169 0.25501 0.52355
1403638615.0778295994 2.35828 7.90006 0.42867 -0.20525 0.78910 0.23416 0.52950
1403638615.1778295040 2.34441 7.79439 0.45834 -0.18391 0.79258 0.21196 0.54136
1403638615.2778294086 2.33442 7.68888 0.49270 -0.15892 0.79499 0.19042 0.55360
1403638615.3778295517 2.32508 7.58516 0.52327 -0.13750 0.79875 0.16489 0.56206
1403638615.4778294563 2.31571 7.48018 0.54799 -0.11718 0.80191 0.13890 0.56913
1403638615.5778295994 2.30496 7.37474 0.56635 -0.10001 0.80533 0.11447 0.57301
1403638615.6778295040 2.29242 7.26889 0.58107 -0.08671 0.80748 0.09707 0.57535
1403638615.7778294086 2.27917 7.16584 0.60084 -0.07894 0.80882 0.08455 0.57657
1403638615.8778295517 2.26308 7.06299 0.62780 -0.07369 0.81007 0.07269 0.57712
1403638615.9778294563 2.24677 6.96011 0.65330 -0.06648 0.81166 0.06077 0.57714
1403638616.0778295994 2.22954 6.85581 0.67285 -0.05761 0.81231 0.04851 0.57834
1403638616.1778295040 2.21123 6.75001 0.68066 -0.04789 0.81355 0.03444 0.57849
1403638616.2778294086 2.19304 6.64390 0.67138 -0.03733 0.81462 0.01627 0.57857
1403638616.3778295517 2.17512 6.53625 0.64695 -0.02421 0.81538 -0.00295 0.57841
1403638616.4778294563 2.15683 6.42760 0.61469 -0.01381 0.81592 -0.02078 0.57762
1403638616.5778295994 2.13899 6.31757 0.57931 -0.00468 0.81760 -0.03314 0.57481
1403638616.6778295040 2.12188 6.20485 0.54091 0.00082 0.82225 -0.04254 0.56754
1403638616.7778294086 2.10705 6.08957 0.49791 -0.00259 0.83071 -0.05245 0.55422
1403638616.8778295517 2.09791 5.97031 0.45480 -0.00693 0.83644 -0.05881 0.54485
1403638616.9778294563 2.09737 5.84139 0.42069 -0.00241 0.83464 -0.05596 0.54793
1403638617.0778295994 2.10382 5.70953 0.39680 0.00262 0.83098 -0.05057 0.55399
1403638617.1778295040 2.11349 5.57757 0.38220 0.00821 0.82808 -0.04341 0.55886
1403638617.2778294086 2.12527 5.44830 0.37343 0.00967 0.83042 -0.03858 0.55571
1403638617.3778295517 2.14019 5.32002 0.37025 0.00919 0.83443 -0.03557 0.54988
1403638617.4778294563 2.15953 5.19400 0.37485 0.00882 0.83717 -0.03225 0.54593
1403638617.5778295994 2.18422 5.06946 0.38705 0.00855 0.83786 -0.02922 0.54503
1403638617.6778295040 2.21462 4.94661 0.40701 0.00952 0.83643 -0.02522 0.54741
1403638617.7778294086 2.25499 4.83039 0.43489 0.00973 0.83483 -0.02254 0.54996
1403638617.8778295517 2.29521 4.71334 0.46903 0.01068 0.83478 -0.01913 0.55015
1403638617.9778294563 2.34071 4.60079 0.50738 0.00860 0.83369 -0.01862 0.55185
1403638618.0778295994 2.39079 4.49220 0.54101 0.00784 0.83328 -0.01731 0.55252
1403638618.1778295040 2.44532 4.38880 0.56812 0.00553 0.83339 -0.01723 0.55239
1403638618.2778294086 2.50491 4.28812 0.58883 0.00609 0.83339 -0.01575 0.55243
1403638618.3778295517 2.56506 4.19509 0.60594 0.00610 0.83261 -0.01486 0.55363
1403638618.4778294563 2.63060 4.10062 0.61956 0.00594 0.83272 -0.01363 0.55349
1403638618.5778295994 2.69685 4.01667 0.63250 0.00738 0.83167 -0.01303 0.55507
1403638618.6778295040 2.76865 3.92469 0.64234 0.01123 0.83156 -0.01610 0.55508
1403638618.7778294086 2.84165 3.84868 0.65709 0.01411 0.83084 -0.01950 0.55598
1403638618.8778295517 2.91811 3.77452 0.67734 0.01737 0.82908 -0.02301 0.55838
1403638618.9778294563 2.99685 3.70128 0.69891 0.02353 0.82498 -0.03212 0.56376
1403638619.0778295994 3.07639 3.62885 0.71272 0.03554 0.82143 -0.04596 0.56734
1403638619.1778295040 3.15599 3.55832 0.71839 0.04920 0.81795 -0.06497 0.56949
1403638619.2778294086 3.23584 3.49060 0.71628 0.06325 0.81411 -0.08920 0.57032
1403638619.3778295517 3.31443 3.42551 0.70402 0.07954 0.80971 -0.11388 0.57015
1403638619.4778294563 3.39188 3.36452 0.68682 0.09025 0.80547 -0.13527 0.56989
1403638619.5778295994 3.46998 3.30651 0.66759 0.09693 0.80178 -0.15117 0.57000
1403638619.6778295040 3.54762 3.24952 0.64485 0.09333 0.79823 -0.16771 0.57095
1403638619.7778294086 3.62413 3.19086 0.62018 0.08983 0.79573 -0.17935 0.57147
1403638619.8778295517 3.69903 3.12818 0.59426 0.08958 0.79357 -0.18584 0.57244
1403638619.9778294563 3.76601 3.06262 0.56449 0.09091 0.79274 -0.18950 0.57218
1403638620.0778295994 3.83541 2.99042 0.53829 0.09309 0.79020 -0.19109 0.57481
1403638620.1778295040 3.89207 2.91802 0.51656 0.09773 0.78715 -0.19003 0.57856
1403638620.2778294086 3.95535 2.83704 0.50523 0.10054 0.78777 -0.18883 0.57763
1403638620.3778295517 3.99970 2.76089 0.49880 0.10335 0.78918 -0.18672 0.57589
1403638620.4778294563 4.05598 2.67579 0.50291 0.10457 0.79036 -0.18461 0.57472
1403638620.5778295994 4.09219 2.59638 0.50192 0.10420 0.79173 -0.18304 0.57341
1403638620.6778295040 4.12747 2.51556 0.49594 0.10135 0.79428 -0.18292 0.57042
1403638620.7778294086 4.17990 2.42346 0.48893 0.09788 0.79770 -0.18325 0.56613
1403638620.8778295517 4.21074 2.33813 0.47356 0.10113 0.80092 -0.17873 0.56246
1403638620.9778294563 4.24212 2.25136 0.45562 0.10568 0.80154 -0.17280 0.56259
1403638621.0778295994 4.29665 2.15171 0.44191 0.10942 0.79998 -0.16775 0.56562
1403638621.1778295040 4.32867 2.06650 0.42733 0.10816 0.79876 -0.16598 0.56810
1403638621.2778294086 4.37872 1.96957 0.42511 0.10842 0.79759 -0.16339 0.57043
1403638621.3778295517 4.40857 1.88750 0.42247 0.11015 0.79847 -0.16039 0.56973
1403638621.4778294563 4.44755 1.79743 0.41946 0.11068 0.79660 -0.15829 0.57282
1403638621.5778295994 4.47454 1.71964 0.40659 0.11064 0.79442 -0.15625 0.57640
1403638621.6778295040 4.49863 1.64553 0.38918 0.11027 0.79344 -0.15524 0.57809
1403638621.7778294086 4.52272 1.57011 0.37179 0.11124 0.79171 -0.15395 0.58062
1403638621.8778295517 4.53986 1.50115 0.34712 0.11305 0.78828 -0.15214 0.58540
1403638621.9778294563 4.55258 1.43830 0.31954 0.11349 0.78572 -0.15152 0.58890
1403638622.0778295994 4.55593 1.38663 0.29213 0.11226 0.78517 -0.15268 0.58957
1403638622.1778295040 4.55713 1.33227 0.25754 0.10909 0.78614 -0.15457 0.58838
1403638622.2778294086 4.55227 1.28443 0.22722 0.10634 0.78546 -0.15698 0.58916
1403638622.3778295517 4.54213 1.23870 0.20333 0.10703 0.78643 -0.15751 0.58759
1403638622.4778294563 4.51614 1.21477 0.19418 0.11110 0.78701 -0.15606 0.58644
1403638622.5778295994 4.49648 1.16937 0.18452 0.11450 0.78684 -0.15474 0.58638
1403638622.6778295040 4.46255 1.15006 0.18967 0.11874 0.78254 -0.15321 0.59165
1403638622.7778294086 4.43124 1.11532 0.20077 0.12140 0.77133 -0.15183 0.60602
1403638622.8778295517 4.38913 1.10544 0.22245 0.12340 0.76637 -0.15152 0.61196
1403638622.9778294563 4.33810 1.10005 0.24164 0.12219 0.77008 -0.15397 0.60690
1403638623.0778295994 4.27998 1.08780 0.25054 0.11856 0.77661 -0.15745 0.59835
1403638623.1778295040 4.21517 1.08160 0.25450 0.11355 0.78054 -0.16121 0.59319
1403638623.2778294086 4.13958 1.10167 0.25898 0.11091 0.78375 -0.16371 0.58876
1403638623.3778295517 4.06368 1.09715 0.25301 0.10858 0.78636 -0.16544 0.58522
1403638623.4778294563 3.97954 1.12442 0.25001 0.10973 0.78786 -0.16545 0.58298
1403638623.5778295994 3.89660 1.12506 0.24308 0.11109 0.78800 -0.16475 0.58273
1403638623.6778295040 3.80669 1.14769 0.24895 0.11284 0.78834 -0.16431 0.58205
1403638623.7778294086 3.71461 1.15280 0.25672 0.11508 0.78935 -0.16409 0.58030
1403638623.8778295517 3.61815 1.16195 0.26936 0.11654 0.79047 -0.16420 0.57846
1403638623.9778294563 3.51722 1.18697 0.28438 0.11838 0.79148 -0.16479 0.57653
1403638624.0778295994 3.41444 1.19821 0.28790 0.11670 0.79176 -0.16757 0.57569
1403638624.1778295040 3.31174 1.22089 0.29131 0.11441 0.79152 -0.17009 0.57573
1403638624.2778294086 3.20410 1.23555 0.28454 0.11236 0.79117 -0.17273 0.57584
1403638624.3778295517 3.09680 1.25055 0.27457 0.11197 0.79065 -0.17452 0.57609
1403638624.4778294563 2.99194 1.26996 0.26504 0.11349 0.79032 -0.17486 0.57614
1403638624.5778295994 2.87898 1.28508 0.24776 0.10883 0.78195 -0.17960 0.58690
1403638624.6778295040 2.76257 1.29964 0.22871 0.11047 0.77764 -0.17732 0.59298
1403638624.7778294086 2.64456 1.31491 0.21715 0.11536 0.78355 -0.16742 0.58712
1403638624.8778295517 2.51793 1.33376 0.20833 0.11679 0.78966 -0.15923 0.58089
1403638624.9778294563 2.39383 1.35067 0.21146 0.10945 0.79288 -0.15703 0.57854
1403638625.0778295994 2.26853 1.36688 0.21437 0.10170 0.79390 -0.15592 0.57885
1403638625.1778295040 2.13827 1.39051 0.20860 0.09540 0.79478 -0.15615 0.57866
1403638625.2778294086 2.01242 1.40304 0.20294 0.09320 0.79566 -0.15441 0.57826
1403638625.3778295517 1.88041 1.42383 0.19259 0.09211 0.79579 -0.15342 0.57853
1403638625.4778294563 1.75460 1.43030 0.19248 0.09084 0.79529 -0.15287 0.57956
1403638625.5778295994 1.62132 1.44853 0.19358 0.09154 0.79583 -0.15220 0.57889
1403638625.6778295040 1.48974 1.46414 0.20248 0.09167 0.79746 -0.15216 0.57663
1403638625.7778294086 1.36368 1.46255 0.21677 0.09011 0.80207 -0.15300 0.57022
1403638625.8778295517 1.23151 1.47628 0.22268 0.09037 0.80470 -0.15345 0.56634
1403638625.9778294563 1.11227 1.47018 0.22948 0.09108 0.80519 -0.15335 0.56557
1403638626.0778295994 0.98393 1.47795 0.22620 0.08953 0.80647 -0.15515 0.56348
1403638626.1778295040 0.87260 1.46820 0.22324 0.08945 0.80695 -0.15538 0.56276
1403638626.2778294086 0.74887 1.47004 0.21189 0.09239 0.80547 -0.15400 0.56477
1403638626.3778295517 0.63947 1.45772 0.20138 0.10004 0.80363 -0.14863 0.56752
1403638626.4778294563 0.52033 1.45840 0.18430 0.10246 0.80240 -0.14646 0.56939
1403638626.5778295994 0.41562 1.44863 0.16879 0.10290 0.80484 -0.14540 0.56613
1403638626.6778295040 0.30059 1.45056 0.15121 0.10164 0.80677 -0.14581 0.56350
1403638626.7778294086 0.19043 1.45399 0.13795 0.09903 0.81070 -0.14756 0.55783
1403638626.8778295517 0.10458 1.44524 0.13724 0.09832 0.81358 -0.14725 0.55385
1403638626.9778294563 0.02513 1.43965 0.14311 0.09755 0.81463 -0.14739 0.55240
1403638627.0778295994 -0.06711 1.44135 0.14514 0.09690 0.81473 -0.14703 0.55245
1403638627.1778295040 -0.12976 1.43428 0.14623 0.09611 0.81485 -0.14698 0.55244
1403638627.2778294086 -0.21266 1.43386 0.14153 0.09742 0.81487 -0.14567 0.55252
1403638627.3778295517 -0.28725 1.43337 0.13487 0.09950 0.81431 -0.14385 0.55346
1403638627.4778294563 -0.35690 1.43269 0.12507 0.09973 0.81472 -0.14359 0.55287
1403638627.5778295994 -0.42420 1.43220 0.11394 0.10099 0.81358 -0.14321 0.55442
1403638627.6778295040 -0.43073 1.42069 0.10658 0.10307 0.81092 -0.14263 0.55807
1403638627.7778294086 -0.50029 1.42151 0.09356 0.10479 0.80899 -0.14171 0.56078
1403638627.8778295517 -0.55751 1.42342 0.08044 0.10573 0.80832 -0.14173 0.56156
1403638627.9778294563 -0.61313 1.42671 0.06680 0.10613 0.81028 -0.14185 0.55862
1403638628.0778295994 -0.57541 1.42482 0.05863 0.10736 0.81188 -0.14243 0.55591
1403638628.1778295040 -0.63802 1.43351 0.04775 0.10844 0.81237 -0.14291 0.55486
1403638628.2778294086 -0.68617 1.44216 0.03939 0.10860 0.81257 -0.14360 0.55435
1403638628.3778295517 -0.61817 1.44617 0.03712 0.10758 0.81367 -0.14546 0.55246
1403638628.4778294563 -0.66024 1.45719 0.03368 0.10162 0.81079 -0.15006 0.55657
1403638628.5778295994 -0.68781 1.46767 0.03457 0.09356 0.80358 -0.15574 0.56679
1403638628.6778295040 -0.71747 1.47734 0.03628 0.08804 0.79949 -0.15973 0.57233
1403638628.7778294086 -0.61686 1.48259 0.03738 0.09026 0.80122 -0.15942 0.56964
1403638628.8778295517 -0.65260 1.48477 0.03012 0.09464 0.80179 -0.15663 0.56890
1403638628.9778294563 -0.67535 1.48583 0.02041 0.09953 0.80248 -0.15371 0.56789
1403638629.0778295994 -0.69651 1.48727 0.01301 0.10431 0.80366 -0.15030 0.56628
1403638629.1778295040 -0.52878 1.50443 0.01100 0.10771 0.80544 -0.14887 0.56347
1403638629.2778294086 -0.54354 1.51138 0.00886 0.10836 0.80576 -0.14811 0.56309
1403638629.3778295517 -0.45270 1.51319 0.00536 0.10950 0.80919 -0.14835 0.55786
1403638629.4778294563 -0.44561 1.52107 0.00506 0.10816 0.81363 -0.15019 0.55114
1403638629.5778295994 -0.43625 1.52728 -0.00444 0.10457 0.81659 -0.15302 0.54665
1403638629.6778295040 -0.43877 1.53904 -0.01280 0.09370 0.81433 -0.16138 0.54959
1403638629.7778294086 -0.43375 1.54543 -0.01316 0.08704 0.80866 -0.16664 0.55742
1403638629.8778295517 -0.42571 1.54634 -0.01462 0.08542 0.80224 -0.16822 0.56640
1403638629.9778294563 -0.41906 1.54314 -0.02398 0.09635 0.79668 -0.16129 0.57446
1403638630.0778295994 -0.41613 1.53892 -0.04284 0.10541 0.79309 -0.15510 0.57951
1403638630.1778295040 -0.41614 1.53670 -0.07133 0.10985 0.79584 -0.15167 0.57582
1403638630.2778294086 -0.41890 1.53573 -0.10613 0.11064 0.80038 -0.15100 0.56951
1403638630.3778295517 -0.41746 1.53870 -0.13222 0.10674 0.81978 -0.15196 0.54174
1403638630.4778294563 -0.40560 1.54035 -0.12125 0.10627 0.80175 -0.15037 0.56859
1403638630.5778295994 -0.39507 1.54187 -0.12291 0.10591 0.80102 -0.15151 0.56938
1403638630.6778295040 -0.38756 1.54325 -0.14546 0.10331 0.81997 -0.14851 0.54307
1403638630.7778294086 -0.38776 1.53841 -0.15234 0.10596 0.82680 -0.14272 0.53368
1403638630.8778295517 -0.39480 1.53911 -0.15887 0.10116 0.82547 -0.14373 0.53638
1403638630.9778294563 -0.39971 1.54062 -0.16375 0.10134 0.82533 -0.14396 0.53650
1403638631.0778295994 -0.40559 1.54211 -0.16902 0.10203 0.82540 -0.14349 0.53640
1403638631.1778295040 -0.41093 1.54348 -0.17426 0.10196 0.82543 -0.14372 0.53630
1403638631.2778294086 -0.41677 1.54511 -0.17929 0.10186 0.82549 -0.14370 0.53623
1403638631.3778295517 -0.42236 1.54672 -0.18413 0.10160 0.82556 -0.14390 0.53612
1403638631.4778294563 -0.42760 1.54837 -0.18878 0.10137 0.82550 -0.14418 0.53618
1403638631.5778295994 -0.43300 1.55007 -0.19352 0.10127 0.82548 -0.14426 0.53621
1403638631.6778295040 -0.43788 1.55163 -0.19802 0.10096 0.82547 -0.14467 0.53617
