1403638523.0778295994 0.02772 0.00552 0.35705 -0.07285 0.80757 0.01762 0.58499
1403638523.1778295040 0.03155 -0.00026 0.38910 -0.07261 0.80723 0.01808 0.58547
1403638523.2778294086 0.02979 -0.00851 0.38163 -0.06341 0.80495 0.01791 0.58967
1403638523.3778295517 0.02875 -0.01402 0.35046 -0.05889 0.80390 0.01701 0.59160
1403638523.4778294563 0.02688 -0.02003 0.30705 -0.05417 0.80757 0.01954 0.58696
1403638523.5778295994 0.02170 -0.02744 0.25753 -0.04721 0.81679 0.02388 0.57451
1403638523.6778295040 0.01653 -0.03339 0.20757 -0.04019 0.82617 0.02671 0.56136
1403638523.7778294086 0.01198 -0.03958 0.15962 -0.03658 0.83074 0.02963 0.55467
1403638523.8778295517 0.00665 -0.04518 0.11575 -0.03337 0.83134 0.03259 0.55380
1403638523.9778294563 0.00169 -0.04893 0.08203 -0.02420 0.83133 0.03869 0.55391
1403638524.0778295994 -0.00265 -0.05046 0.06907 -0.01698 0.83444 0.04698 0.54884
1403638524.1778295040 -0.00383 -0.04934 0.08721 -0.01726 0.83898 0.05178 0.54142
1403638524.2778294086 -0.00171 -0.04913 0.13622 -0.02372 0.83999 0.05309 0.53948
1403638524.3778295517 0.00220 -0.04861 0.19130 -0.03374 0.83707 0.05203 0.54357
1403638524.4778294563 0.00922 -0.04705 0.25141 -0.04131 0.83034 0.05072 0.55341
1403638524.5778295994 0.01790 -0.04427 0.31096 -0.04498 0.82134 0.04969 0.56648
1403638524.6778295040 0.02699 -0.04076 0.36475 -0.04140 0.81474 0.04441 0.57663
1403638524.7778294086 0.03418 -0.03575 0.40536 -0.02904 0.81079 0.03948 0.58328
1403638524.8778295517 0.03982 -0.03060 0.43141 -0.02569 0.80916 0.03701 0.58586
1403638524.9778294563 0.04249 -0.02631 0.44107 -0.03260 0.80745 0.03951 0.58771
1403638525.0778295994 0.04432 -0.02398 0.42825 -0.03092 0.80460 0.04329 0.59143
1403638525.1778295040 0.04677 -0.02180 0.39397 -0.02920 0.80297 0.04820 0.59335
1403638525.2778294086 0.04624 -0.02181 0.34703 -0.02982 0.80542 0.05347 0.58953
1403638525.3778295517 0.04599 -0.02087 0.29233 -0.03293 0.81414 0.05884 0.57673
1403638525.4778294563 0.04374 -0.01930 0.23821 -0.04189 0.82619 0.06119 0.55849
1403638525.5778295994 0.03892 -0.01987 0.19049 -0.04850 0.83501 0.06099 0.54469
1403638525.6778295040 0.03573 -0.02130 0.15058 -0.04981 0.83772 0.05817 0.54070
1403638525.7778294086 0.03452 -0.02321 0.11921 -0.04751 0.83599 0.05254 0.54415
1403638525.8778295517 0.03507 -0.02887 0.09675 -0.04146 0.83221 0.04865 0.55076
1403638525.9778294563 0.02973 -0.03821 0.08396 -0.03360 0.83061 0.04775 0.55378
1403638526.0778295994 0.02572 -0.05952 0.08211 -0.02974 0.83206 0.04599 0.55197
1403638526.1778295040 0.02412 -0.08874 0.09163 -0.02812 0.83443 0.03707 0.54914
1403638526.2778294086 0.02135 -0.12489 0.10484 -0.02484 0.83347 0.02808 0.55130
1403638526.3778295517 0.01601 -0.16670 0.11878 -0.02272 0.82926 0.01940 0.55807
1403638526.4778294563 0.00858 -0.21365 0.13044 -0.02167 0.82411 0.00834 0.56596
1403638526.5778295994 0.00035 -0.26668 0.13844 -0.02048 0.81874 -0.00274 0.57379
1403638526.6778295040 -0.00985 -0.32821 0.14498 -0.01622 0.81353 -0.01120 0.58119
1403638526.7778294086 -0.02280 -0.39506 0.14995 -0.00775 0.81039 -0.01685 0.58560
1403638526.8778295517 -0.03781 -0.46284 0.15322 0.00051 0.80960 -0.02033 0.58663
1403638526.9778294563 -0.05438 -0.52657 0.15614 0.00553 0.81267 -0.02714 0.58206
1403638527.0778295994 -0.06988 -0.58582 0.15971 0.01418 0.81726 -0.04087 0.57465
1403638527.1778295040 -0.08336 -0.63925 0.16558 0.02292 0.81908 -0.05669 0.57042
1403638527.2778294086 -0.09259 -0.68219 0.17280 0.03533 0.81613 -0.07116 0.57237
1403638527.3778295517 -0.09683 -0.70848 0.17981 0.05165 0.81094 -0.08066 0.57723
1403638527.4778294563 -0.09697 -0.71470 0.18471 0.06285 0.80725 -0.08575 0.58056
1403638527.5778295994 -0.09260 -0.70015 0.18733 0.06674 0.80654 -0.08754 0.58085
1403638527.6778295040 -0.08372 -0.66378 0.18731 0.06606 0.80715 -0.08464 0.58050
1403638527.7778294086 -0.07227 -0.61949 0.18797 0.06133 0.80868 -0.07783 0.57984
1403638527.8778295517 -0.06009 -0.56631 0.19137 0.04809 0.81204 -0.07333 0.57698
1403638527.9778294563 -0.04549 -0.50439 0.19640 0.03851 0.81330 -0.06877 0.57648
1403638528.0778295994 -0.02860 -0.44190 0.19974 0.03164 0.81257 -0.06122 0.57877
1403638528.1778295040 -0.00984 -0.38277 0.19890 0.02117 0.81356 -0.05180 0.57878
1403638528.2778294086 0.01476 -0.33100 0.19526 0.00768 0.81553 -0.04058 0.57724
1403638528.3778295517 0.04523 -0.29087 0.19054 -0.00037 0.81561 -0.03198 0.57772
1403638528.4778294563 0.08094 -0.26334 0.18708 0.00009 0.81523 -0.02804 0.57845
1403638528.5778295994 0.11746 -0.24225 0.18500 0.00067 0.81751 -0.03193 0.57503
1403638528.6778295040 0.15251 -0.22580 0.18512 -0.00087 0.81908 -0.03933 0.57232
1403638528.7778294086 0.18137 -0.21434 0.18899 0.00407 0.81850 -0.04446 0.57277
1403638528.8778295517 0.19641 -0.20614 0.19686 0.00026 0.81774 -0.05199 0.57324
1403638528.9778294563 0.19788 -0.19501 0.21034 -0.00659 0.81778 -0.05867 0.57250
1403638529.0778295994 0.17992 -0.18440 0.22800 -0.00537 0.81883 -0.05997 0.57088
1403638529.1778295040 0.15175 -0.16578 0.23958 0.01175 0.81991 -0.05316 0.56989
1403638529.2778294086 0.11710 -0.14361 0.24075 0.02366 0.82195 -0.04726 0.56710
1403638529.3778295517 0.08176 -0.11794 0.23084 0.02806 0.82735 -0.04305 0.55934
1403638529.4778294563 0.05069 -0.09821 0.21147 0.02684 0.83751 -0.04064 0.54425
1403638529.5778295994 0.02619 -0.08444 0.18768 0.02471 0.84775 -0.03782 0.52847
1403638529.6778295040 0.00661 -0.08069 0.16346 0.02602 0.85165 -0.03485 0.52230
1403638529.7778294086 -0.00375 -0.07692 0.14069 0.02530 0.84812 -0.03419 0.52809
1403638529.8778295517 -0.00627 -0.07556 0.11935 0.02363 0.84174 -0.03512 0.53821
1403638529.9778294563 -0.00558 -0.07302 0.10347 0.02317 0.83908 -0.03529 0.54237
1403638530.0778295994 -0.00201 -0.07034 0.08775 0.02390 0.84023 -0.03584 0.54051
1403638530.1778295040 0.00830 -0.06850 0.07243 0.02485 0.84167 -0.04012 0.53793
1403638530.2778294086 0.02331 -0.06987 0.06156 0.02688 0.84113 -0.04600 0.53821
1403638530.3778295517 0.03706 -0.07297 0.05099 0.02936 0.84041 -0.05113 0.53874
1403638530.4778294563 0.04953 -0.07652 0.04279 0.02962 0.84007 -0.05498 0.53887
1403638530.5778295994 0.05820 -0.08072 0.03641 0.02886 0.83996 -0.05827 0.53874
1403638530.6778295040 0.06269 -0.08416 0.03095 0.03007 0.84279 -0.06043 0.53399
1403638530.7778294086 0.06492 -0.08626 0.02575 0.03027 0.84607 -0.06198 0.52859
1403638530.8778295517 0.06662 -0.08747 0.02154 0.02843 0.84669 -0.06139 0.52777
1403638530.9778294563 0.06769 -0.08783 0.01879 0.02719 0.84447 -0.06144 0.53138
1403638531.0778295994 0.06757 -0.08745 0.01688 0.02797 0.84100 -0.06016 0.53694
1403638531.1778295040 0.06718 -0.08572 0.01778 0.02867 0.83886 -0.05807 0.54049
1403638531.2778294086 0.06744 -0.08463 0.01634 0.03145 0.83770 -0.05670 0.54226
1403638531.3778295517 0.06707 -0.08391 0.01576 0.03137 0.83660 -0.05681 0.54396
1403638531.4778294563 0.06693 -0.08426 0.01602 0.03157 0.83574 -0.05713 0.54523
1403638531.5778295994 0.06676 -0.08421 0.01607 0.03222 0.83622 -0.05597 0.54458
1403638531.6778295040 0.06675 -0.08394 0.01602 0.03145 0.83639 -0.05652 0.54431
1403638531.7778294086 0.06689 -0.08400 0.01603 0.03175 0.83634 -0.05646 0.54437
1403638531.8778295517 0.06683 -0.08398 0.01600 0.03189 0.83641 -0.05632 0.54427
1403638531.9778294563 0.06690 -0.08402 0.01597 0.03208 0.83639 -0.05628 0.54429
1403638532.0778295994 0.06690 -0.08400 0.01590 0.03220 0.83640 -0.05617 0.54429
1403638532.1778295040 0.06692 -0.08396 0.01588 0.03209 0.83638 -0.05623 0.54431
1403638532.2778294086 0.06692 -0.08391 0.01588 0.03192 0.83636 -0.05642 0.54433
1403638532.3778295517 0.06691 -0.08388 0.01586 0.03178 0.83634 -0.05643 0.54438
1403638532.4778294563 0.06692 -0.08388 0.01587 0.03165 0.83629 -0.05652 0.54444
1403638532.5778295994 0.06689 -0.08387 0.01581 0.03162 0.83632 -0.05657 0.54440
1403638532.6778295040 0.06694 -0.08389 0.01581 0.03165 0.83627 -0.05654 0.54448
1403638532.7778294086 0.06689 -0.08391 0.01578 0.03170 0.83630 -0.05645 0.54443
1403638532.8778295517 0.06688 -0.08390 0.01577 0.03172 0.83629 -0.05647 0.54445
1403638532.9778294563 0.06687 -0.08391 0.01579 0.03169 0.83625 -0.05645 0.54451
1403638533.0778295994 0.06684 -0.08391 0.01578 0.03167 0.83626 -0.05647 0.54450
1403638533.1778295040 0.06684 -0.08391 0.01577 0.03161 0.83620 -0.05651 0.54459
1403638533.2778294086 0.06682 -0.08392 0.01576 0.03156 0.83617 -0.05654 0.54463
1403638533.3778295517 0.06681 -0.08392 0.01575 0.03159 0.83616 -0.05651 0.54466
1403638533.4778294563 0.06681 -0.08394 0.01577 0.03153 0.83613 -0.05653 0.54470
1403638533.5778295994 0.06678 -0.08392 0.01575 0.03151 0.83613 -0.05654 0.54470
1403638533.6778295040 0.06678 -0.08392 0.01577 0.03148 0.83611 -0.05658 0.54473
1403638533.7778294086 0.06676 -0.08392 0.01577 0.03149 0.83610 -0.05661 0.54474
1403638533.8778295517 0.06677 -0.08389 0.01575 0.03127 0.83614 -0.05634 0.54471
1403638533.9778294563 0.06680 -0.08393 0.01573 0.03143 0.83619 -0.05660 0.54461
1403638534.0778295994 0.06671 -0.08395 0.01576 0.03187 0.83613 -0.05693 0.54464
1403638534.1778295040 0.06672 -0.08396 0.01583 0.03151 0.83618 -0.05677 0.54460
1403638534.2778294086 0.06671 -0.08391 0.01586 0.03125 0.83629 -0.05670 0.54445
1403638534.3778295517 0.06675 -0.08392 0.01582 0.03130 0.83636 -0.05679 0.54433
1403638534.4778294563 0.06679 -0.08398 0.01578 0.03149 0.83642 -0.05708 0.54419
1403638534.5778295994 0.06680 -0.08396 0.01577 0.03138 0.83659 -0.05679 0.54398
1403638534.6778295040 0.06683 -0.08391 0.01580 0.03120 0.83658 -0.05657 0.54403
1403638534.7778294086 0.06681 -0.08395 0.01579 0.03130 0.83661 -0.05649 0.54398
1403638534.8778295517 0.06682 -0.08398 0.01576 0.03161 0.83657 -0.05665 0.54401
1403638534.9778294563 0.06681 -0.08403 0.01576 0.03169 0.83665 -0.05670 0.54388
1403638535.0778295994 0.06681 -0.08404 0.01575 0.03156 0.83676 -0.05673 0.54371
1403638535.1778295040 0.06681 -0.08404 0.01575 0.03147 0.83673 -0.05678 0.54375
1403638535.2778294086 0.06679 -0.08404 0.01576 0.03139 0.83675 -0.05679 0.54372
1403638535.3778295517 0.06677 -0.08402 0.01581 0.03145 0.83676 -0.05673 0.54372
1403638535.4778294563 0.06677 -0.08402 0.01584 0.03154 0.83675 -0.05672 0.54372
1403638535.5778295994 0.06679 -0.08401 0.01584 0.03150 0.83677 -0.05667 0.54371
1403638535.6778295040 0.06679 -0.08401 0.01582 0.03144 0.83675 -0.05672 0.54373
1403638535.7778294086 0.06678 -0.08402 0.01581 0.03148 0.83675 -0.05671 0.54373
1403638535.8778295517 0.06679 -0.08402 0.01582 0.03138 0.83677 -0.05667 0.54370
1403638535.9778294563 0.06678 -0.08401 0.01580 0.03136 0.83685 -0.05664 0.54359
1403638536.0778295994 0.06679 -0.08402 0.01580 0.03134 0.83680 -0.05670 0.54366
1403638536.1778295040 0.06678 -0.08403 0.01583 0.03133 0.83679 -0.05672 0.54367
1403638536.2778294086 0.06677 -0.08403 0.01585 0.03136 0.83679 -0.05667 0.54368
1403638536.3778295517 0.06675 -0.08403 0.01588 0.03137 0.83672 -0.05668 0.54379
1403638536.4778294563 0.06674 -0.08402 0.01589 0.03136 0.83671 -0.05665 0.54380
1403638536.5778295994 0.06673 -0.08402 0.01589 0.03126 0.83672 -0.05665 0.54380
1403638536.6778295040 0.06674 -0.08402 0.01588 0.03127 0.83672 -0.05663 0.54380
1403638536.7778294086 0.06674 -0.08402 0.01585 0.03132 0.83670 -0.05668 0.54382
1403638536.8778295517 0.06672 -0.08402 0.01586 0.03123 0.83664 -0.05677 0.54391
1403638536.9778294563 0.06673 -0.08403 0.01586 0.03118 0.83668 -0.05681 0.54384
1403638537.0778295994 0.06679 -0.08401 0.01583 0.03120 0.83674 -0.05672 0.54377
1403638537.1778295040 0.06679 -0.08399 0.01582 0.03137 0.83669 -0.05668 0.54383
1403638537.2778294086 0.06678 -0.08399 0.01587 0.03150 0.83671 -0.05661 0.54380
1403638537.3778295517 0.06678 -0.08400 0.01584 0.03149 0.83669 -0.05659 0.54383
1403638537.4778294563 0.06679 -0.08399 0.01583 0.03145 0.83669 -0.05658 0.54384
1403638537.5778295994 0.06679 -0.08398 0.01586 0.03152 0.83676 -0.05645 0.54374
1403638537.6778295040 0.06683 -0.08399 0.01587 0.03157 0.83685 -0.05648 0.54360
1403638537.7778294086 0.06680 -0.08398 0.01589 0.03151 0.83682 -0.05651 0.54364
1403638537.8778295517 0.06684 -0.08397 0.01587 0.03162 0.83680 -0.05641 0.54368
1403638537.9778294563 0.06681 -0.08397 0.01593 0.03166 0.83678 -0.05653 0.54370
1403638538.0778295994 0.06680 -0.08396 0.01598 0.03161 0.83678 -0.05653 0.54370
1403638538.1778295040 0.06681 -0.08397 0.01597 0.03166 0.83675 -0.05651 0.54374
1403638538.2778294086 0.06697 -0.08393 0.01578 0.03166 0.83676 -0.05638 0.54374
1403638538.3778295517 0.06689 -0.08396 0.01587 0.03181 0.83675 -0.05637 0.54374
1403638538.4778294563 0.06682 -0.08396 0.01603 0.03179 0.83677 -0.05632 0.54373
1403638538.5778295994 0.06686 -0.08395 0.01610 0.03204 0.83676 -0.05633 0.54372
1403638538.6778295040 0.06686 -0.08394 0.01613 0.03186 0.83659 -0.05642 0.54399
1403638538.7778294086 0.06700 -0.08400 0.01636 0.03168 0.83586 -0.05624 0.54513
1403638538.8778295517 0.06838 -0.08356 0.01674 0.03092 0.83486 -0.05571 0.54677
1403638538.9778294563 0.07149 -0.08341 0.01957 0.03167 0.83008 -0.05502 0.55403
1403638539.0778295994 0.07518 -0.08322 0.02357 0.03324 0.82443 -0.05659 0.56215
1403638539.1778295040 0.08193 -0.08263 0.03210 0.03252 0.81910 -0.05710 0.56988
1403638539.2778294086 0.08966 -0.08212 0.04863 0.03232 0.81536 -0.05641 0.57529
1403638539.3778295517 0.09683 -0.08154 0.07306 0.03195 0.81627 -0.05592 0.57407
1403638539.4778294563 0.10442 -0.08140 0.10400 0.03159 0.81830 -0.05493 0.57128
1403638539.5778295994 0.11217 -0.08166 0.13804 0.03127 0.81925 -0.05363 0.57007
1403638539.6778295040 0.12047 -0.08222 0.16691 0.02963 0.81984 -0.05328 0.56933
1403638539.7778294086 0.12888 -0.08201 0.18437 0.03005 0.82110 -0.05148 0.56767
1403638539.8778295517 0.13883 -0.08139 0.19476 0.02919 0.82364 -0.05087 0.56407
1403638539.9778294563 0.15148 -0.08054 0.20385 0.02747 0.82820 -0.05055 0.55747
1403638540.0778295994 0.16875 -0.08078 0.21225 0.02731 0.83412 -0.05041 0.54859
1403638540.1778295040 0.19127 -0.08107 0.22059 0.02703 0.83808 -0.05013 0.54256
1403638540.2778294086 0.22539 -0.08535 0.23008 0.02722 0.83403 -0.04877 0.54889
1403638540.3778295517 0.26121 -0.08548 0.24143 0.02799 0.82795 -0.04683 0.55814
1403638540.4778294563 0.30136 -0.08507 0.25043 0.02479 0.82565 -0.04087 0.56215
1403638540.5778295994 0.34719 -0.08381 0.25723 0.01751 0.82591 -0.02941 0.56277
1403638540.6778295040 0.39549 -0.08147 0.26419 0.00915 0.82605 -0.01227 0.56339
1403638540.7778294086 0.44620 -0.07699 0.27138 0.00120 0.82514 0.01165 0.56480
1403638540.8778295517 0.49887 -0.06897 0.27698 -0.00913 0.82438 0.03955 0.56458
1403638540.9778294563 0.55245 -0.05584 0.28043 -0.02284 0.82272 0.06570 0.56418
1403638541.0778295994 0.60591 -0.03907 0.28136 -0.03662 0.82043 0.08507 0.56419
1403638541.1778295040 0.65937 -0.01903 0.27783 -0.04644 0.81863 0.09831 0.56394
1403638541.2778294086 0.71305 0.00467 0.27170 -0.05165 0.81783 0.10710 0.56304
1403638541.3778295517 0.76627 0.03280 0.27218 -0.05476 0.81766 0.11077 0.56228
1403638541.4778294563 0.81853 0.06497 0.27767 -0.05607 0.81748 0.11108 0.56235
1403638541.5778295994 0.87074 0.10313 0.29021 -0.05541 0.81605 0.11166 0.56438
1403638541.6778295040 0.92558 0.14781 0.30951 -0.05967 0.81432 0.11469 0.56583
1403638541.7778294086 0.97833 0.19776 0.33585 -0.06963 0.81289 0.12026 0.56560
1403638541.8778295517 1.02868 0.25174 0.36731 -0.08155 0.81134 0.12916 0.56426
1403638541.9778294563 1.07678 0.30804 0.39577 -0.09325 0.81005 0.14344 0.56084
1403638542.0778295994 1.12278 0.36556 0.41778 -0.10712 0.80770 0.16039 0.55715
1403638542.1778295040 1.16712 0.42406 0.43397 -0.12239 0.80360 0.18020 0.55388
1403638542.2778294086 1.20998 0.48377 0.44402 -0.13713 0.79934 0.20341 0.54853
1403638542.3778295517 1.25276 0.54439 0.45095 -0.15075 0.79134 0.22506 0.54809
1403638542.4778294563 1.29453 0.60486 0.45590 -0.15699 0.77751 0.24517 0.55743
1403638542.5778295994 1.33434 0.66648 0.45836 -0.15316 0.76526 0.26348 0.56701
1403638542.6778295040 1.36835 0.73185 0.46287 -0.15376 0.76168 0.27276 0.56727
1403638542.7778294086 1.39525 0.80138 0.47395 -0.16270 0.76568 0.27167 0.55987
1403638542.8778295517 1.41671 0.87455 0.49218 -0.16928 0.77101 0.26851 0.55207
1403638542.9778294563 1.43465 0.94986 0.51757 -0.17318 0.77562 0.26525 0.54595
1403638543.0778295994 1.45027 1.02589 0.54489 -0.17565 0.77925 0.26201 0.54154
1403638543.1778295040 1.46263 1.10222 0.56630 -0.17577 0.78047 0.25950 0.54096
1403638543.2778294086 1.47883 1.18017 0.58354 -0.17573 0.78089 0.25695 0.54158
1403638543.3778295517 1.49148 1.25860 0.59284 -0.17508 0.78203 0.25595 0.54062
1403638543.4778294563 1.50555 1.33909 0.59885 -0.17725 0.78098 0.26031 0.53935
1403638543.5778295994 1.52463 1.42084 0.60445 -0.18214 0.77801 0.27123 0.53662
1403638543.6778295040 1.54149 1.50429 0.60703 -0.18879 0.77233 0.28867 0.53341
1403638543.7778294086 1.55455 1.58765 0.61139 -0.19892 0.76419 0.30986 0.52956
1403638543.8778295517 1.56541 1.66989 0.62305 -0.21063 0.75397 0.33231 0.52606
1403638543.9778294563 1.57637 1.75469 0.64213 -0.22472 0.74534 0.35061 0.52061
1403638544.0778295994 1.58628 1.83823 0.66497 -0.23969 0.74124 0.36194 0.51197
1403638544.1778295040 1.59785 1.92203 0.68705 -0.25018 0.73807 0.36851 0.50682
1403638544.2778294086 1.61200 2.00967 0.70270 -0.25696 0.73549 0.37187 0.50471
1403638544.3778295517 1.62687 2.09742 0.71164 -0.25849 0.73488 0.37442 0.50293
1403638544.4778294563 1.64366 2.18542 0.71694 -0.25758 0.73549 0.37551 0.50170
1403638544.5778295994 1.65957 2.27542 0.71988 -0.25941 0.73286 0.37461 0.50527
1403638544.6778295040 1.67852 2.36578 0.73079 -0.26443 0.72640 0.37385 0.51250
1403638544.7778294086 1.69388 2.45301 0.74315 -0.26570 0.72561 0.37479 0.51228
1403638544.8778295517 1.71183 2.53639 0.75607 -0.26379 0.72886 0.37716 0.50689
1403638544.9778294563 1.72748 2.62199 0.76091 -0.26392 0.72974 0.37783 0.50505
1403638545.0778295994 1.74385 2.70903 0.76096 -0.26534 0.72855 0.37768 0.50612
1403638545.1778295040 1.76156 2.79173 0.76000 -0.26515 0.72812 0.37880 0.50601
1403638545.2778294086 1.77847 2.87970 0.74750 -0.26429 0.72760 0.38029 0.50609
1403638545.3778295517 1.79655 2.97058 0.73165 -0.26589 0.72503 0.37922 0.50973
1403638545.4778294563 1.81493 3.06197 0.71955 -0.26796 0.72490 0.38008 0.50819
1403638545.5778295994 1.82929 3.15053 0.70211 -0.27198 0.72271 0.38656 0.50427
1403638545.6778295040 1.84743 3.24915 0.70140 -0.28067 0.71706 0.39799 0.49865
1403638545.7778294086 1.86417 3.34345 0.70729 -0.28954 0.70918 0.41453 0.49131
1403638545.8778295517 1.88058 3.43885 0.71985 -0.30051 0.69843 0.43410 0.48317
1403638545.9778294563 1.89686 3.53278 0.73912 -0.31041 0.68586 0.45614 0.47453
1403638546.0778295994 1.91323 3.62392 0.76104 -0.31695 0.67379 0.47516 0.46879
1403638546.1778295040 1.92982 3.71605 0.77726 -0.32467 0.66504 0.48754 0.46327
1403638546.2778294086 1.94592 3.81364 0.78553 -0.32964 0.66032 0.49517 0.45840
1403638546.3778295517 1.96063 3.90926 0.78722 -0.33596 0.65876 0.49744 0.45356
1403638546.4778294563 1.97422 4.00274 0.78300 -0.33877 0.65838 0.49881 0.45050
1403638546.5778295994 1.98726 4.09757 0.77837 -0.33986 0.65633 0.50210 0.44903
1403638546.6778295040 1.99750 4.19474 0.77916 -0.34340 0.65151 0.50794 0.44677
1403638546.7778294086 2.00927 4.29343 0.79088 -0.34591 0.64696 0.51367 0.44489
1403638546.8778295517 2.01965 4.39482 0.81108 -0.34661 0.64334 0.51863 0.44385
1403638546.9778294563 2.02884 4.49992 0.82972 -0.34528 0.64012 0.52303 0.44436
1403638547.0778295994 2.03555 4.60670 0.84209 -0.34323 0.63768 0.52631 0.44561
1403638547.1778295040 2.04041 4.71743 0.84754 -0.34018 0.63574 0.52955 0.44687
1403638547.2778294086 2.04071 4.82641 0.85000 -0.33823 0.63438 0.53104 0.44851
1403638547.3778295517 2.03680 4.93933 0.84730 -0.34124 0.63596 0.52882 0.44661
1403638547.4778294563 2.02947 5.05150 0.84297 -0.34581 0.63913 0.52511 0.44295
1403638547.5778295994 2.02013 5.16478 0.83417 -0.34885 0.64261 0.52172 0.43951
1403638547.6778295040 2.00883 5.27658 0.81783 -0.34942 0.64389 0.52019 0.43899
1403638547.7778294086 1.99683 5.39132 0.80003 -0.34732 0.64330 0.52074 0.44087
1403638547.8778295517 1.98121 5.49670 0.77528 -0.34387 0.64043 0.52294 0.44512
1403638547.9778294563 1.96501 5.61494 0.75524 -0.34401 0.64031 0.52332 0.44474
1403638548.0778295994 1.94423 5.72067 0.73872 -0.34685 0.63982 0.52576 0.44034
1403638548.1778295040 1.92428 5.85072 0.73384 -0.35118 0.63607 0.53116 0.43584
1403638548.2778294086 1.90012 5.97125 0.73404 -0.35782 0.62966 0.53968 0.42923
1403638548.3778295517 1.87480 6.09836 0.74334 -0.36547 0.62021 0.55110 0.42197
1403638548.4778294563 1.84872 6.22848 0.75942 -0.37358 0.61060 0.56169 0.41486
1403638548.5778295994 1.82299 6.35703 0.77381 -0.38012 0.60265 0.56953 0.40982
1403638548.6778295040 1.79785 6.48571 0.78360 -0.38500 0.59712 0.57494 0.40579
1403638548.7778294086 1.77279 6.61666 0.79131 -0.38778 0.59321 0.57892 0.40321
1403638548.8778295517 1.74695 6.74904 0.80485 -0.38912 0.59105 0.58158 0.40126
1403638548.9778294563 1.72057 6.88097 0.82557 -0.39058 0.58995 0.58254 0.40008
1403638549.0778295994 1.69253 7.01347 0.85065 -0.39109 0.58967 0.58298 0.39934
1403638549.1778295040 1.66583 7.14054 0.88287 -0.39241 0.58951 0.58209 0.39957
1403638549.2778294086 1.63750 7.27335 0.91902 -0.39313 0.59038 0.58113 0.39898
1403638549.3778295517 1.61117 7.40082 0.96091 -0.39553 0.59177 0.57885 0.39786
1403638549.4778294563 1.58315 7.53630 0.99872 -0.39736 0.59323 0.57673 0.39695
1403638549.5778295994 1.55829 7.66350 1.03237 -0.39889 0.59320 0.57508 0.39785
1403638549.6778295040 1.53245 7.80143 1.06001 -0.40020 0.59271 0.57356 0.39945
1403638549.7778294086 1.51146 7.92622 1.08867 -0.39878 0.59280 0.57417 0.39987
1403638549.8778295517 1.48861 8.06240 1.12242 -0.39778 0.59431 0.57435 0.39836
1403638549.9778294563 1.46865 8.19176 1.16559 -0.39758 0.59512 0.57446 0.39718
1403638550.0778295994 1.44800 8.33241 1.21601 -0.39786 0.59546 0.57423 0.39673
1403638550.1778295040 1.43172 8.46542 1.27512 -0.39874 0.59589 0.57415 0.39530
1403638550.2778294086 1.41434 8.61215 1.34072 -0.39819 0.59548 0.57501 0.39524
1403638550.3778295517 1.39965 8.75375 1.41028 -0.39828 0.59452 0.57540 0.39603
1403638550.4778294563 1.38501 8.90282 1.47241 -0.40092 0.59512 0.57386 0.39469
1403638550.5778295994 1.37415 9.05063 1.52771 -0.40481 0.59583 0.57146 0.39313
1403638550.6778295040 1.36643 9.19830 1.57775 -0.40971 0.59427 0.56803 0.39536
1403638550.7778294086 1.36226 9.34329 1.62346 -0.41270 0.59356 0.56581 0.39652
1403638550.8778295517 1.36185 9.48938 1.66658 -0.41859 0.58986 0.56151 0.40194
1403638550.9778294563 1.36347 9.63383 1.70616 -0.42419 0.58577 0.55698 0.40830
1403638551.0778295994 1.36720 9.76982 1.74180 -0.42780 0.58336 0.55406 0.41195
1403638551.1778295040 1.37418 9.89946 1.77911 -0.43210 0.58387 0.55125 0.41049
1403638551.2778294086 1.38622 10.02133 1.82106 -0.43267 0.58568 0.55015 0.40880
1403638551.3778295517 1.40511 10.13054 1.86609 -0.42797 0.59337 0.54718 0.40664
1403638551.4778294563 1.42958 10.23832 1.90632 -0.42045 0.60606 0.53791 0.40812
1403638551.5778295994 1.46192 10.33746 1.94221 -0.41430 0.62122 0.52169 0.41265
1403638551.6778295040 1.49964 10.44188 1.97218 -0.40733 0.63840 0.50328 0.41622
1403638551.7778294086 1.54691 10.54279 1.99761 -0.39802 0.65273 0.48485 0.42478
1403638551.8778295517 1.60301 10.63908 2.01887 -0.38780 0.66349 0.46932 0.43488
1403638551.9778294563 1.66735 10.72856 2.04319 -0.37581 0.66701 0.46168 0.44801
1403638552.0778295994 1.73756 10.80990 2.07467 -0.36617 0.66866 0.45668 0.45854
1403638552.1778295040 1.81115 10.88328 2.11038 -0.36020 0.67363 0.45361 0.45904
1403638552.2778294086 1.88870 10.95078 2.15071 -0.35598 0.67766 0.45263 0.45737
1403638552.3778295517 1.96972 11.01195 2.18981 -0.35795 0.67872 0.44979 0.45706
1403638552.4778294563 2.05476 11.06770 2.22470 -0.36519 0.67508 0.44427 0.46208
1403638552.5778295994 2.14354 11.11238 2.25266 -0.37076 0.67136 0.44082 0.46635
1403638552.6778295040 2.23543 11.14774 2.27417 -0.37143 0.66901 0.44206 0.46803
1403638552.7778294086 2.33060 11.17248 2.28919 -0.37090 0.66828 0.44433 0.46733
1403638552.8778295517 2.42932 11.19483 2.30045 -0.36877 0.66689 0.44828 0.46724
1403638552.9778294563 2.52927 11.20000 2.30514 -0.36456 0.66441 0.45433 0.46824
1403638553.0778295994 2.63179 11.20888 2.30671 -0.36088 0.66215 0.45972 0.46903
1403638553.1778295040 2.73112 11.20248 2.30356 -0.36634 0.65820 0.45837 0.47165
1403638553.2778294086 2.83382 11.19930 2.30292 -0.37359 0.65248 0.45512 0.47703
1403638553.3778295517 2.93254 11.17702 2.30516 -0.37523 0.64720 0.45591 0.48216
1403638553.4778294563 3.03049 11.14693 2.31364 -0.37170 0.64170 0.45943 0.48886
1403638553.5778295994 3.12624 11.10748 2.32872 -0.36861 0.63738 0.46241 0.49402
1403638553.6778295040 3.21944 11.05642 2.34744 -0.36641 0.63638 0.46476 0.49473
1403638553.7778294086 3.30937 10.99490 2.37401 -0.36463 0.63681 0.46670 0.49367
1403638553.8778295517 3.39331 10.92449 2.40558 -0.36243 0.63858 0.46822 0.49155
1403638553.9778294563 3.47789 10.85016 2.43940 -0.36188 0.64154 0.46873 0.48761
1403638554.0778295994 3.55131 10.76319 2.46527 -0.36031 0.64483 0.46963 0.48354
1403638554.1778295040 3.63254 10.68016 2.48954 -0.35568 0.64761 0.47340 0.47957
1403638554.2778294086 3.70290 10.58589 2.50267 -0.34775 0.65344 0.47925 0.47160
1403638554.3778295517 3.77995 10.49927 2.51649 -0.34209 0.65656 0.48388 0.46666
1403638554.4778294563 3.85180 10.41318 2.52753 -0.33958 0.65791 0.48604 0.46433
1403638554.5778295994 3.91812 10.32792 2.53511 -0.34075 0.65878 0.48563 0.46266
1403638554.6778295040 3.98176 10.23756 2.53983 -0.34664 0.66101 0.48184 0.45906
1403638554.7778294086 4.04486 10.15397 2.55451 -0.35158 0.66169 0.47848 0.45784
1403638554.8778295517 4.10892 10.06528 2.56820 -0.35464 0.66182 0.47652 0.45733
1403638554.9778294563 4.17452 9.97756 2.58290 -0.35720 0.66252 0.47331 0.45766
1403638555.0778295994 4.24139 9.89929 2.59758 -0.35357 0.66580 0.46890 0.46026
1403638555.1778295040 4.31015 9.80727 2.59875 -0.34694 0.67190 0.46226 0.46314
1403638555.2778294086 4.38006 9.72932 2.60247 -0.34083 0.67821 0.45411 0.46654
1403638555.3778295517 4.45264 9.64721 2.60199 -0.33377 0.68146 0.44929 0.47154
1403638555.4778294563 4.52770 9.55984 2.59673 -0.32809 0.68355 0.44613 0.47549
1403638555.5778295994 4.60466 9.47061 2.58895 -0.32589 0.68483 0.44341 0.47769
1403638555.6778295040 4.68201 9.38016 2.58660 -0.32542 0.68650 0.44171 0.47719
1403638555.7778294086 4.75851 9.28768 2.59398 -0.32459 0.68763 0.44185 0.47599
1403638555.8778295517 4.83125 9.19454 2.60708 -0.32391 0.68765 0.44285 0.47551
1403638555.9778294563 4.90737 9.10715 2.62888 -0.32271 0.68633 0.44447 0.47671
1403638556.0778295994 4.98190 9.01936 2.65018 -0.32117 0.68645 0.44583 0.47632
1403638556.1778295040 5.05775 8.93997 2.67151 -0.32025 0.69083 0.44631 0.47010
1403638556.2778294086 5.13475 8.85442 2.68117 -0.31880 0.69407 0.44739 0.46526
1403638556.3778295517 5.21214 8.78552 2.69314 -0.31752 0.69628 0.44810 0.46216
1403638556.4778294563 5.29344 8.70487 2.69749 -0.31516 0.69933 0.44943 0.45786
1403638556.5778295994 5.37163 8.65293 2.70906 -0.31446 0.70245 0.44895 0.45400
1403638556.6778295040 5.44959 8.60865 2.72169 -0.32163 0.70519 0.44272 0.45085
1403638556.7778294086 5.53835 8.54441 2.73671 -0.32824 0.70200 0.43791 0.45573
1403638556.8778295517 5.61832 8.51026 2.76428 -0.33359 0.70078 0.43340 0.45803
1403638556.9778294563 5.69898 8.48035 2.79562 -0.33653 0.69963 0.43056 0.46030
1403638557.0778295994 5.78302 8.44921 2.82082 -0.33467 0.69847 0.43176 0.46230
1403638557.1778295040 5.87276 8.41572 2.83813 -0.33270 0.69713 0.43315 0.46444
1403638557.2778294086 5.96802 8.37857 2.84874 -0.33135 0.69624 0.43412 0.46583
1403638557.3778295517 6.07223 8.33549 2.85552 -0.32877 0.69510 0.43625 0.46737
1403638557.4778294563 6.17937 8.29126 2.86457 -0.32322 0.69215 0.44067 0.47144
1403638557.5778295994 6.28710 8.24607 2.87959 -0.31869 0.68979 0.44386 0.47499
1403638557.6778295040 6.39453 8.20192 2.89842 -0.31613 0.68865 0.44579 0.47654
1403638557.7778294086 6.50105 8.15836 2.91973 -0.31611 0.68834 0.44548 0.47730
1403638557.8778295517 6.60755 8.11423 2.93558 -0.31324 0.68828 0.44692 0.47792
1403638557.9778294563 6.71184 8.07151 2.94476 -0.31046 0.68952 0.44855 0.47643
1403638558.0778295994 6.81494 8.03052 2.94744 -0.30946 0.69326 0.44931 0.47090
1403638558.1778295040 6.91908 7.99169 2.94709 -0.30658 0.69903 0.45085 0.46271
1403638558.2778294086 7.02506 7.95763 2.95220 -0.30308 0.70313 0.45258 0.45708
1403638558.3778295517 7.13156 7.93162 2.96764 -0.29837 0.70444 0.45534 0.45541
1403638558.4778294563 7.23757 7.91191 2.99135 -0.29203 0.70810 0.45899 0.45015
1403638558.5778295994 7.34469 7.90173 3.02282 -0.29328 0.71064 0.45769 0.44664
1403638558.6778295040 7.45517 7.90081 3.06110 -0.30160 0.71135 0.45121 0.44656
1403638558.7778294086 7.56767 7.90746 3.09795 -0.30943 0.71102 0.44510 0.44787
1403638558.8778295517 7.68640 7.91703 3.12860 -0.31213 0.70973 0.44296 0.45015
1403638558.9778294563 7.80854 7.93039 3.15247 -0.31405 0.70492 0.44175 0.45751
1403638559.0778295994 7.93355 7.94657 3.16870 -0.31479 0.70044 0.44161 0.46397
1403638559.1778295040 8.05922 7.96561 3.17801 -0.31518 0.69702 0.44204 0.46843
1403638559.2778294086 8.18528 7.98580 3.18118 -0.31321 0.69417 0.44442 0.47171
1403638559.3778295517 8.31143 8.00652 3.17801 -0.30968 0.69185 0.44773 0.47432
1403638559.4778294563 8.43266 8.02869 3.16954 -0.30763 0.68952 0.44993 0.47695
1403638559.5778295994 8.55092 8.05247 3.15585 -0.30662 0.68734 0.45147 0.47929
1403638559.6778295040 8.66492 8.07847 3.13886 -0.30726 0.68629 0.45164 0.48023
1403638559.7778294086 8.77418 8.10558 3.12530 -0.30760 0.68544 0.45232 0.48058
1403638559.8778295517 8.88093 8.13556 3.11754 -0.30893 0.68621 0.45157 0.47934
1403638559.9778294563 8.98513 8.16649 3.11022 -0.30778 0.68977 0.44564 0.48052
1403638560.0778295994 9.09109 8.19894 3.09772 -0.30239 0.69767 0.43278 0.48427
1403638560.1778295040 9.19600 8.23100 3.07825 -0.29264 0.70741 0.41472 0.49187
1403638560.2778294086 9.30017 8.26365 3.05386 -0.28029 0.71824 0.39353 0.50070
1403638560.3778295517 9.40296 8.29597 3.02750 -0.26902 0.72608 0.36927 0.51388
1403638560.4778294563 9.50203 8.32662 2.99762 -0.25626 0.73413 0.34411 0.52628
1403638560.5778295994 9.59708 8.35310 2.96316 -0.24494 0.74335 0.31725 0.53553
1403638560.6778295040 9.68852 8.37543 2.92490 -0.23524 0.75384 0.28927 0.54103
1403638560.7778294086 9.77664 8.39121 2.88990 -0.22803 0.76260 0.26369 0.54489
1403638560.8778295517 9.86197 8.39849 2.86266 -0.21729 0.76905 0.24085 0.55077
1403638560.9778294563 9.94720 8.39881 2.84295 -0.20502 0.77332 0.21992 0.55819
1403638561.0778295994 10.03053 8.39102 2.83132 -0.19277 0.77585 0.20003 0.56646
1403638561.1778295040 10.10944 8.37426 2.82560 -0.18186 0.77720 0.18236 0.57413
1403638561.2778294086 10.18404 8.35024 2.82671 -0.17500 0.77746 0.16900 0.57998
1403638561.3778295517 10.25234 8.31816 2.82978 -0.16598 0.78205 0.16424 0.57782
1403638561.4778294563 10.31741 8.28001 2.82855 -0.15249 0.78790 0.16790 0.57252
1403638561.5778295994 10.38021 8.23845 2.82153 -0.14293 0.79133 0.17268 0.56881
1403638561.6778295040 10.44061 8.19548 2.80945 -0.13918 0.79295 0.17558 0.56659
1403638561.7778294086 10.49766 8.15141 2.79266 -0.13832 0.79309 0.17790 0.56589
1403638561.8778295517 10.55028 8.10509 2.76965 -0.13584 0.79244 0.17857 0.56719
1403638561.9778294563 10.60313 8.05788 2.74313 -0.13073 0.79338 0.17422 0.56842
1403638562.0778295994 10.65121 8.00922 2.71795 -0.12341 0.79514 0.16554 0.57020
1403638562.1778295040 10.69491 7.95903 2.70110 -0.11585 0.79696 0.15583 0.57197
1403638562.2778294086 10.73656 7.91064 2.68888 -0.10942 0.79796 0.14762 0.57401
1403638562.3778295517 10.77491 7.86166 2.68313 -0.10345 0.79884 0.13573 0.57682
1403638562.4778294563 10.81017 7.81122 2.68122 -0.09561 0.80116 0.11975 0.57850
1403638562.5778295994 10.84344 7.76058 2.68657 -0.08609 0.80346 0.09970 0.58060
1403638562.6778295040 10.87394 7.70877 2.69627 -0.07740 0.80625 0.07558 0.58160
1403638562.7778294086 10.90213 7.65495 2.70750 -0.06863 0.80782 0.04938 0.58334
1403638562.8778295517 10.92640 7.59760 2.71449 -0.05519 0.80899 0.02481 0.58470
1403638562.9778294563 10.94665 7.53722 2.71567 -0.04073 0.80968 0.00218 0.58545
1403638563.0778295994 10.96267 7.47417 2.71153 -0.03173 0.80951 -0.02188 0.58584
1403638563.1778295040 10.97284 7.40689 2.70288 -0.01985 0.80930 -0.04156 0.58559
1403638563.2778294086 10.97860 7.33540 2.69049 -0.00833 0.80613 -0.05533 0.58909
1403638563.3778295517 10.97749 7.26034 2.67405 -0.00166 0.79830 -0.06502 0.59873
1403638563.4778294563 10.96844 7.18222 2.65198 -0.00022 0.79215 -0.07206 0.60605
1403638563.5778295994 10.95103 7.09964 2.62939 0.00554 0.79267 -0.07189 0.60537
1403638563.6778295040 10.92574 7.01296 2.61280 0.00589 0.79614 -0.07211 0.60077
1403638563.7778294086 10.89465 6.92050 2.60301 0.00299 0.79836 -0.07254 0.59779
1403638563.8778295517 10.86150 6.82195 2.60153 -0.00012 0.79801 -0.07161 0.59837
1403638563.9778294563 10.81944 6.71944 2.60675 -0.00351 0.79694 -0.07000 0.59998
1403638564.0778295994 10.77289 6.61128 2.60875 -0.00792 0.79763 -0.06776 0.59927
1403638564.1778295040 10.72049 6.49765 2.60579 -0.00961 0.79762 -0.06306 0.59978
1403638564.2778294086 10.66063 6.37886 2.60129 -0.00869 0.79602 -0.05759 0.60246
1403638564.3778295517 10.59725 6.25484 2.60075 -0.00879 0.79468 -0.05246 0.60469
1403638564.4778294563 10.52509 6.12825 2.60828 -0.00802 0.79343 -0.04818 0.60669
1403638564.5778295994 10.44564 5.99790 2.61871 -0.01075 0.79523 -0.04767 0.60433
1403638564.6778295040 10.35861 5.86722 2.62899 -0.01576 0.79693 -0.05059 0.60174
1403638564.7778294086 10.26430 5.73023 2.63087 -0.01947 0.79751 -0.05363 0.60060
1403638564.8778295517 10.16678 5.59233 2.62796 -0.02149 0.79698 -0.05621 0.60100
1403638564.9778294563 10.06385 5.44148 2.60313 -0.02334 0.79645 -0.05786 0.60147
1403638565.0778295994 9.95687 5.29191 2.56623 -0.02443 0.79679 -0.05871 0.60090
1403638565.1778295040 9.84673 5.13645 2.51431 -0.02478 0.79751 -0.05903 0.59990
1403638565.2778294086 9.73307 4.97330 2.45598 -0.02308 0.79845 -0.05829 0.59879
1403638565.3778295517 9.61634 4.80345 2.39444 -0.02030 0.79944 -0.05707 0.59768
1403638565.4778294563 9.49558 4.62515 2.33200 -0.01736 0.79873 -0.05607 0.59882
1403638565.5778295994 9.37181 4.44191 2.27590 -0.01080 0.79656 -0.05372 0.60208
1403638565.6778295040 9.24286 4.25535 2.22861 0.00091 0.79624 -0.04763 0.60310
1403638565.7778294086 9.11039 4.06917 2.18783 0.00989 0.79892 -0.04320 0.59980
1403638565.8778295517 8.97132 3.88604 2.15474 0.01707 0.80108 -0.03986 0.59699
1403638565.9778294563 8.82824 3.70663 2.12547 0.01949 0.80286 -0.04039 0.59448
1403638566.0778295994 8.68370 3.53244 2.09074 0.02104 0.80385 -0.04078 0.59305
1403638566.1778295040 8.53803 3.36271 2.04787 0.01901 0.80402 -0.04222 0.59280
1403638566.2778294086 8.39056 3.19690 1.99720 0.01966 0.80363 -0.04141 0.59336
1403638566.3778295517 8.24352 3.03482 1.93842 0.01994 0.80464 -0.04039 0.59205
1403638566.4778294563 8.09710 2.87612 1.87389 0.01662 0.80490 -0.04112 0.59175
1403638566.5778295994 7.95142 2.72172 1.80398 0.01596 0.80809 -0.03939 0.58752
1403638566.6778295040 7.80622 2.57159 1.72690 0.01521 0.81744 -0.03763 0.57459
1403638566.7778294086 7.66612 2.42571 1.64509 0.01452 0.82917 -0.03590 0.55766
1403638566.8778295517 7.53401 2.28350 1.56033 0.01293 0.83723 -0.03473 0.54559
1403638566.9778294563 7.41113 2.14445 1.47346 0.01299 0.84120 -0.03192 0.53963
1403638567.0778295994 7.29816 2.01060 1.38883 0.01287 0.83311 -0.03049 0.55211
1403638567.1778295040 7.19314 1.87957 1.30195 0.01498 0.82079 -0.02840 0.57033
1403638567.2778294086 7.09174 1.75118 1.21016 0.01814 0.81215 -0.02662 0.58256
1403638567.3778295517 6.98982 1.62678 1.11319 0.02109 0.81025 -0.02605 0.58512
1403638567.4778294563 6.88666 1.50590 1.01981 0.02303 0.81106 -0.02696 0.58388
1403638567.5778295994 6.78330 1.38886 0.93284 0.02441 0.81461 -0.02871 0.57879
1403638567.6778295040 6.67737 1.27188 0.85414 0.02773 0.81787 -0.02918 0.57399
1403638567.7778294086 6.57337 1.15874 0.78412 0.02971 0.82113 -0.02968 0.56919
1403638567.8778295517 6.47413 1.04965 0.72191 0.02885 0.82454 -0.03187 0.56417
1403638567.9778294563 6.38338 0.94564 0.66626 0.02877 0.82549 -0.03283 0.56273
1403638568.0778295994 6.29764 0.84466 0.61812 0.03172 0.82533 -0.03099 0.56290
1403638568.1778295040 6.21528 0.74755 0.57854 0.03366 0.82461 -0.02962 0.56392
1403638568.2778294086 6.13584 0.65530 0.54609 0.03453 0.82447 -0.02980 0.56406
1403638568.3778295517 6.06074 0.56741 0.51413 0.03446 0.82494 -0.03003 0.56337
1403638568.4778294563 5.98926 0.48767 0.47654 0.03498 0.82577 -0.02997 0.56213
1403638568.5778295994 5.92300 0.40853 0.43676 0.03571 0.82714 -0.02920 0.56011
1403638568.6778295040 5.86111 0.33794 0.39371 0.03705 0.82891 -0.02784 0.55745
1403638568.7778294086 5.80528 0.27047 0.35509 0.03656 0.83022 -0.02777 0.55554
1403638568.8778295517 5.75359 0.21018 0.32541 0.03450 0.82954 -0.02931 0.55661
1403638568.9778294563 5.70791 0.15585 0.30146 0.03645 0.82899 -0.02763 0.55739
1403638569.0778295994 5.66680 0.10553 0.28850 0.03789 0.82871 -0.02651 0.55776
1403638569.1778295040 5.63008 0.06064 0.27952 0.03851 0.82951 -0.02649 0.55653
1403638569.2778294086 5.59510 0.02173 0.27460 0.04053 0.83067 -0.02538 0.55471
1403638569.3778295517 5.56708 -0.01275 0.26158 0.04141 0.83058 -0.02515 0.55479
1403638569.4778294563 5.54168 -0.04242 0.24735 0.04187 0.82906 -0.02462 0.55705
1403638569.5778295994 5.52372 -0.06601 0.22698 0.04260 0.82778 -0.02428 0.55890
1403638569.6778295040 5.51064 -0.08295 0.21278 0.04172 0.82664 -0.02523 0.56062
1403638569.7778294086 5.50077 -0.09398 0.20517 0.04269 0.82580 -0.02461 0.56181
1403638569.8778295517 5.49215 -0.09876 0.20737 0.04368 0.82447 -0.02349 0.56372
1403638569.9778294563 5.48826 -0.10013 0.20935 0.04244 0.82295 -0.02432 0.56600
1403638570.0778295994 5.48855 -0.09455 0.20929 0.04013 0.82236 -0.02586 0.56697
1403638570.1778295040 5.49118 -0.08492 0.20316 0.03517 0.82251 -0.02866 0.56694
1403638570.2778294086 5.49522 -0.07291 0.19138 0.02758 0.82197 -0.03330 0.56789
1403638570.3778295517 5.50091 -0.05990 0.17513 0.02125 0.82168 -0.04062 0.56810
1403638570.4778294563 5.50856 -0.04547 0.15943 0.01691 0.82108 -0.05614 0.56779
1403638570.5778295994 5.51290 -0.03930 0.12921 0.00988 0.81833 -0.08315 0.56862
1403638570.6778295040 5.51754 -0.03802 0.10123 0.01066 0.81299 -0.11232 0.57124
1403638570.7778294086 5.52044 -0.04781 0.06893 0.01793 0.80177 -0.13986 0.58076
1403638570.8778295517 5.51794 -0.06864 0.03380 0.03057 0.78996 -0.16431 0.58994
1403638570.9778294563 5.50816 -0.10101 -0.00561 0.04612 0.78169 -0.18569 0.59359
1403638571.0778295994 5.48990 -0.14413 -0.05012 0.06308 0.77886 -0.20484 0.58944
1403638571.1778295040 5.46221 -0.19532 -0.09322 0.08462 0.78141 -0.21732 0.57880
1403638571.2778294086 5.42857 -0.25314 -0.12609 0.10475 0.78263 -0.22377 0.57135
1403638571.3778295517 5.38780 -0.31619 -0.14965 0.11740 0.78191 -0.22917 0.56773
1403638571.4778294563 5.34185 -0.38325 -0.16392 0.12331 0.77904 -0.23387 0.56851
1403638571.5778295994 5.29093 -0.45365 -0.17488 0.13015 0.77659 -0.23800 0.56862
1403638571.6778295040 5.23601 -0.52703 -0.19043 0.13625 0.77620 -0.24730 0.56373
1403638571.7778294086 5.17761 -0.60386 -0.21144 0.14422 0.77553 -0.26063 0.55662
1403638571.8778295517 5.11683 -0.68400 -0.23672 0.15144 0.77240 -0.27823 0.55050
1403638571.9778294563 5.05316 -0.76868 -0.25932 0.15906 0.76619 -0.29808 0.54663
1403638572.0778295994 4.98605 -0.85719 -0.27410 0.16811 0.75910 -0.31715 0.54306
1403638572.1778295040 4.91448 -0.94973 -0.28033 0.18379 0.75214 -0.33221 0.53866
1403638572.2778294086 4.83945 -1.04501 -0.28254 0.19785 0.74768 -0.34871 0.52937
1403638572.3778295517 4.76334 -1.14412 -0.28741 0.21092 0.74267 -0.36696 0.51893
1403638572.4778294563 4.68710 -1.24702 -0.29512 0.22485 0.73857 -0.37998 0.50948
1403638572.5778295994 4.61269 -1.35347 -0.30379 0.23570 0.73468 -0.38856 0.50369
1403638572.6778295040 4.54035 -1.46355 -0.31061 0.24152 0.73284 -0.39392 0.49944
1403638572.7778294086 4.47129 -1.57784 -0.30870 0.24931 0.73422 -0.39370 0.49373
1403638572.8778295517 4.40664 -1.69457 -0.29773 0.25294 0.73662 -0.39305 0.48879
1403638572.9778294563 4.34675 -1.81313 -0.28129 0.25364 0.73871 -0.39213 0.48601
1403638573.0778295994 4.29126 -1.93313 -0.26796 0.25306 0.74070 -0.39103 0.48418
1403638573.1778295040 4.24014 -2.05561 -0.26075 0.25137 0.74222 -0.38992 0.48361
1403638573.2778294086 4.19323 -2.18233 -0.25649 0.24977 0.74363 -0.38794 0.48387
1403638573.3778295517 4.15093 -2.31009 -0.24945 0.24908 0.74433 -0.38713 0.48380
1403638573.4778294563 4.11457 -2.44311 -0.24079 0.25220 0.74444 -0.38727 0.48189
1403638573.5778295994 4.08335 -2.57671 -0.22169 0.25401 0.74427 -0.38762 0.48093
1403638573.6778295040 4.05720 -2.71114 -0.19565 0.25699 0.74454 -0.38825 0.47842
1403638573.7778294086 4.03703 -2.84675 -0.16583 0.26397 0.74082 -0.39171 0.47756
1403638573.8778295517 4.02199 -2.98528 -0.13715 0.27762 0.73045 -0.39731 0.48116
1403638573.9778294563 4.01256 -3.12337 -0.11416 0.28938 0.71490 -0.41081 0.48622
1403638574.0778295994 4.00550 -3.25839 -0.09823 0.29513 0.69445 -0.43232 0.49370
1403638574.1778295040 3.99809 -3.38929 -0.08783 0.30111 0.67209 -0.45628 0.49944
1403638574.2778294086 3.98725 -3.51576 -0.08187 0.31056 0.65326 -0.47852 0.49782
1403638574.3778295517 3.96907 -3.64002 -0.07997 0.32298 0.63983 -0.49839 0.48775
1403638574.4778294563 3.94388 -3.76215 -0.08122 0.33644 0.62814 -0.51635 0.47500
1403638574.5778295994 3.91404 -3.88012 -0.07936 0.34689 0.61740 -0.53044 0.46595
1403638574.6778295040 3.88011 -3.99676 -0.06918 0.35879 0.61098 -0.53748 0.45726
1403638574.7778294086 3.84494 -4.11337 -0.05202 0.36961 0.61082 -0.53999 0.44575
1403638574.8778295517 3.81038 -4.22834 -0.03181 0.37100 0.61293 -0.54436 0.43629
1403638574.9778294563 3.77554 -4.34202 -0.01594 0.36961 0.61536 -0.54758 0.42996
1403638575.0778295994 3.74053 -4.45451 -0.00694 0.36207 0.61402 -0.55291 0.43149
1403638575.1778295040 3.70411 -4.56617 -0.00359 0.35622 0.61137 -0.55619 0.43588
1403638575.2778294086 3.66494 -4.67928 -0.00383 0.35281 0.61008 -0.55701 0.43940
1403638575.3778295517 3.62267 -4.79301 -0.00908 0.34969 0.61345 -0.55701 0.43719
1403638575.4778294563 3.57749 -4.90851 -0.01804 0.34789 0.61898 -0.55537 0.43290
1403638575.5778295994 3.53003 -5.02554 -0.02756 0.34706 0.62402 -0.55285 0.42954
1403638575.6778295040 3.48089 -5.14813 -0.03067 0.35062 0.63038 -0.54759 0.42406
1403638575.7778294086 3.43068 -5.27760 -0.02573 0.35160 0.63698 -0.54456 0.41723
1403638575.8778295517 3.38304 -5.40941 -0.01146 0.35150 0.64123 -0.54245 0.41355
1403638575.9778294563 3.33955 -5.54494 0.01330 0.35099 0.64159 -0.54166 0.41446
1403638576.0778295994 3.29963 -5.68316 0.04558 0.35168 0.64218 -0.54026 0.41478
1403638576.1778295040 3.26289 -5.82631 0.08328 0.35255 0.64057 -0.53983 0.41708
1403638576.2778294086 3.22971 -5.97273 0.11823 0.35666 0.64109 -0.53729 0.41608
1403638576.3778295517 3.20015 -6.12266 0.14743 0.36128 0.64262 -0.53433 0.41354
1403638576.4778294563 3.17579 -6.27472 0.17092 0.36517 0.64521 -0.53184 0.40926
1403638576.5778295994 3.15749 -6.42988 0.18961 0.36979 0.64928 -0.52897 0.40234
1403638576.6778295040 3.14633 -6.58940 0.20426 0.37298 0.65075 -0.52680 0.39988
1403638576.7778294086 3.14372 -6.75311 0.21508 0.37788 0.64840 -0.52314 0.40388
1403638576.8778295517 3.14830 -6.91819 0.22076 0.38055 0.64343 -0.52137 0.41153
1403638576.9778294563 3.16037 -7.08226 0.22138 0.37854 0.63706 -0.52317 0.42090
1403638577.0778295994 3.17827 -7.24261 0.22096 0.37426 0.63327 -0.52659 0.42616
1403638577.1778295040 3.19990 -7.40071 0.22770 0.37145 0.63046 -0.52873 0.43012
1403638577.2778294086 3.22457 -7.55751 0.24047 0.37184 0.63099 -0.52849 0.42929
1403638577.3778295517 3.25196 -7.71396 0.26189 0.37850 0.63521 -0.52360 0.42319
1403638577.4778294563 3.28350 -7.86830 0.28883 0.38287 0.63769 -0.52034 0.41954
1403638577.5778295994 3.32051 -8.02220 0.31273 0.37990 0.63770 -0.52210 0.42003
1403638577.6778295040 3.36213 -8.17312 0.33067 0.37652 0.63666 -0.52420 0.42202
1403638577.7778294086 3.40720 -8.32308 0.34118 0.37375 0.63621 -0.52571 0.42328
1403638577.8778295517 3.45631 -8.47278 0.34639 0.37342 0.63643 -0.52545 0.42359
1403638577.9778294563 3.50908 -8.61997 0.34909 0.37418 0.63700 -0.52403 0.42381
1403638578.0778295994 3.56654 -8.76900 0.35824 0.37309 0.63625 -0.52397 0.42595
1403638578.1778295040 3.62781 -8.91443 0.37358 0.36847 0.63328 -0.52639 0.43140
1403638578.2778294086 3.69073 -9.06141 0.39461 0.35997 0.62842 -0.53191 0.43883
1403638578.3778295517 3.75245 -9.20790 0.41506 0.35791 0.62608 -0.53354 0.44188
1403638578.4778294563 3.81215 -9.35287 0.42898 0.35808 0.62568 -0.53394 0.44182
1403638578.5778295994 3.86995 -9.49574 0.43764 0.35811 0.62512 -0.53463 0.44176
1403638578.6778295040 3.92578 -9.64002 0.44285 0.36057 0.62500 -0.53348 0.44132
1403638578.7778294086 3.97977 -9.77933 0.44473 0.36592 0.62756 -0.53009 0.43735
1403638578.8778295517 4.03385 -9.92153 0.44368 0.37096 0.63041 -0.52644 0.43339
1403638578.9778294563 4.09129 -10.05459 0.44154 0.37352 0.63174 -0.52438 0.43175
1403638579.0778295994 4.15083 -10.19397 0.44815 0.37398 0.63244 -0.52335 0.43158
1403638579.1778295040 4.21510 -10.32509 0.46388 0.37467 0.63245 -0.52256 0.43194
1403638579.2778294086 4.28054 -10.46055 0.48572 0.37245 0.63150 -0.52362 0.43394
1403638579.3778295517 4.34941 -10.58520 0.50835 0.36690 0.62825 -0.52738 0.43882
1403638579.4778294563 4.41769 -10.71664 0.52695 0.36118 0.62400 -0.53127 0.44490
1403638579.5778295994 4.48570 -10.83732 0.53925 0.36009 0.62146 -0.52860 0.45245
1403638579.6778295040 4.55228 -10.95778 0.54735 0.36235 0.62214 -0.51650 0.46354
1403638579.7778294086 4.61820 -11.07413 0.54995 0.36089 0.63274 -0.49764 0.47091
1403638579.8778295517 4.68380 -11.18449 0.54555 0.35035 0.65291 -0.47663 0.47306
1403638579.9778294563 4.75006 -11.28984 0.53574 0.33332 0.67317 -0.45181 0.48126
1403638580.0778295994 4.81662 -11.38877 0.52412 0.31900 0.68794 -0.41749 0.50068
1403638580.1778295040 4.88279 -11.47755 0.50971 0.29926 0.70246 -0.38078 0.52154
1403638580.2778294086 4.94565 -11.55463 0.49015 0.27296 0.71967 -0.34612 0.53644
1403638580.3778295517 5.00439 -11.62367 0.46488 0.24270 0.73608 -0.31992 0.54492
1403638580.4778294563 5.05561 -11.68432 0.43507 0.21649 0.74783 -0.30341 0.54939
1403638580.5778295994 5.10063 -11.73943 0.40306 0.19882 0.75527 -0.28989 0.55317
1403638580.6778295040 5.14015 -11.78954 0.37056 0.18328 0.76551 -0.27504 0.55204
1403638580.7778294086 5.17292 -11.83441 0.34440 0.17265 0.77577 -0.25969 0.54857
1403638580.8778295517 5.20264 -11.88034 0.32678 0.16770 0.78278 -0.24855 0.54530
1403638580.9778294563 5.23493 -11.92998 0.31959 0.16176 0.78428 -0.24491 0.54659
1403638581.0778295994 5.26762 -11.98026 0.32104 0.16054 0.78532 -0.24304 0.54629
1403638581.1778295040 5.30327 -12.03562 0.33067 0.16310 0.78528 -0.24153 0.54625
1403638581.2778294086 5.33832 -12.08893 0.34120 0.16721 0.78538 -0.24134 0.54496
1403638581.3778295517 5.37356 -12.13801 0.35225 0.17063 0.78414 -0.24257 0.54513
1403638581.4778294563 5.40621 -12.18462 0.36481 0.17338 0.78201 -0.24427 0.54657
1403638581.5778295994 5.43954 -12.22435 0.38459 0.17660 0.78142 -0.24637 0.54544
1403638581.6778295040 5.47131 -12.26320 0.40117 0.18170 0.77732 -0.24627 0.54965
1403638581.7778294086 5.50028 -12.29133 0.41548 0.18394 0.77365 -0.24783 0.55337
1403638581.8778295517 5.52584 -12.31223 0.42533 0.18705 0.77044 -0.24780 0.55680
1403638581.9778294563 5.55741 -12.34131 0.42597 0.19100 0.76289 -0.24613 0.56651
1403638582.0778295994 5.57437 -12.34432 0.43378 0.19000 0.76446 -0.24800 0.56391
1403638582.1778295040 5.58751 -12.34222 0.44943 0.18610 0.77164 -0.25142 0.55383
1403638582.2778294086 5.61058 -12.35502 0.47009 0.18651 0.77465 -0.25144 0.54946
1403638582.3778295517 5.62766 -12.35695 0.50939 0.18904 0.77133 -0.24930 0.55423
1403638582.4778294563 5.65284 -12.36693 0.54951 0.19112 0.77019 -0.24769 0.55581
1403638582.5778295994 5.67888 -12.37639 0.60052 0.19209 0.76965 -0.24659 0.55672
1403638582.6778295040 5.70256 -12.38240 0.66452 0.19174 0.77075 -0.24690 0.55518
1403638582.7778294086 5.72606 -12.37769 0.73245 0.19000 0.77231 -0.24870 0.55280
1403638582.8778295517 5.74840 -12.36879 0.80248 0.19046 0.77363 -0.24929 0.55053
1403638582.9778294563 5.76928 -12.35502 0.86658 0.18930 0.77582 -0.25093 0.54708
1403638583.0778295994 5.78877 -12.33832 0.92302 0.18834 0.77831 -0.25264 0.54307
1403638583.1778295040 5.80835 -12.31778 0.97189 0.18831 0.77989 -0.25339 0.54046
1403638583.2778294086 5.83013 -12.29613 1.01473 0.18707 0.78047 -0.25468 0.53945
1403638583.3778295517 5.85835 -12.28352 1.05380 0.18742 0.78017 -0.25425 0.53996
1403638583.4778294563 5.88566 -12.25933 1.09033 0.18763 0.78086 -0.25438 0.53884
1403638583.5778295994 5.91459 -12.23618 1.13358 0.18776 0.78084 -0.25428 0.53887
1403638583.6778295040 5.94416 -12.21090 1.18428 0.18944 0.78114 -0.25307 0.53842
1403638583.7778294086 5.97541 -12.18323 1.23562 0.18917 0.78084 -0.25308 0.53894
1403638583.8778295517 6.01410 -12.15578 1.27810 0.18992 0.78002 -0.25261 0.54008
1403638583.9778294563 6.04893 -12.12071 1.31633 0.19037 0.78003 -0.25230 0.54005
1403638584.0778295994 6.08289 -12.08401 1.34975 0.19331 0.77661 -0.25006 0.54496
1403638584.1778295040 6.13267 -12.06009 1.37932 0.19750 0.76772 -0.24661 0.55748
1403638584.2778294086 6.16788 -12.02200 1.40570 0.19972 0.75873 -0.24424 0.56989
1403638584.3778295517 6.20875 -11.98034 1.42081 0.20140 0.75601 -0.24297 0.57345
1403638584.4778294563 6.23678 -11.92166 1.42953 0.20224 0.75594 -0.24230 0.57354
1403638584.5778295994 6.25657 -11.85882 1.44326 0.20190 0.75613 -0.24238 0.57337
1403638584.6778295040 6.27379 -11.78989 1.46542 0.19960 0.75794 -0.24371 0.57122
1403638584.7778294086 6.28675 -11.70747 1.48835 0.19595 0.76476 -0.24601 0.56234
1403638584.8778295517 6.29844 -11.62827 1.52197 0.18956 0.77240 -0.25067 0.55193
1403638584.9778294563 6.30667 -11.53820 1.54605 0.18764 0.77601 -0.25261 0.54661
1403638585.0778295994 6.31610 -11.44497 1.56337 0.18731 0.77731 -0.25325 0.54457
1403638585.1778295040 6.32727 -11.36145 1.58245 0.18492 0.77713 -0.25488 0.54489
1403638585.2778294086 6.33524 -11.26487 1.58696 0.18610 0.77532 -0.25410 0.54743
1403638585.3778295517 6.34830 -11.17930 1.59647 0.18669 0.77325 -0.25340 0.55047
1403638585.4778294563 6.35282 -11.08148 1.59133 0.18660 0.77362 -0.25359 0.54990
1403638585.5778295994 6.36692 -10.99461 1.60450 0.18570 0.77545 -0.25376 0.54754
1403638585.6778295040 6.36326 -10.90069 1.60982 0.18528 0.77820 -0.25360 0.54385
1403638585.7778294086 6.37989 -10.81200 1.63788 0.18210 0.78321 -0.25580 0.53664
1403638585.8778295517 6.36812 -10.72082 1.65616 0.17906 0.78723 -0.25737 0.53100
1403638585.9778294563 6.34059 -10.63435 1.67896 0.17642 0.78734 -0.25866 0.53110
1403638586.0778295994 6.30417 -10.54954 1.70538 0.17735 0.78334 -0.25699 0.53747
1403638586.1778295040 6.32568 -10.46709 1.74214 0.17930 0.78052 -0.25656 0.54112
1403638586.2778294086 6.29280 -10.38324 1.75836 0.18068 0.77803 -0.25459 0.54517
1403638586.3778295517 6.30951 -10.30364 1.78357 0.18653 0.77499 -0.25098 0.54919
1403638586.4778294563 6.29109 -10.20732 1.79287 0.19433 0.77327 -0.24571 0.55129
1403638586.5778295994 6.30382 -10.12236 1.80687 0.19654 0.77258 -0.24454 0.55200
1403638586.6778295040 6.29485 -10.01056 1.80594 0.19373 0.77331 -0.24660 0.55104
1403638586.7778294086 6.30643 -9.92156 1.80722 0.18961 0.77298 -0.24931 0.55172
1403638586.8778295517 6.30586 -9.80769 1.79659 0.18755 0.77177 -0.25021 0.55371
1403638586.9778294563 6.31421 -9.71316 1.78662 0.18774 0.77154 -0.24993 0.55409
1403638587.0778295994 6.31456 -9.60096 1.76881 0.18707 0.77127 -0.25048 0.55444
1403638587.1778295040 6.32042 -9.50133 1.76174 0.18658 0.77249 -0.25043 0.55293
1403638587.2778294086 6.32127 -9.39419 1.75665 0.18578 0.77421 -0.25056 0.55073
1403638587.3778295517 6.32488 -9.28768 1.76496 0.18519 0.77579 -0.25092 0.54853
1403638587.4778294563 6.32554 -9.18371 1.76709 0.18324 0.77595 -0.25264 0.54818
1403638587.5778295994 6.32994 -9.07502 1.77478 0.18248 0.77598 -0.25364 0.54793
1403638587.6778295040 6.33362 -8.97696 1.76658 0.18214 0.77569 -0.25411 0.54823
1403638587.7778294086 6.33636 -8.86957 1.76385 0.18209 0.77528 -0.25453 0.54863
1403638587.8778295517 6.33926 -8.78504 1.74401 0.18093 0.77511 -0.25521 0.54894
1403638587.9778294563 6.34182 -8.68041 1.73146 0.18072 0.77469 -0.25570 0.54937
1403638588.0778295994 6.34336 -8.60673 1.70412 0.18140 0.77451 -0.25424 0.55008
1403638588.1778295040 6.34310 -8.50447 1.68508 0.18800 0.77531 -0.24985 0.54876
1403638588.2778294086 6.34390 -8.43848 1.65407 0.19026 0.77643 -0.24696 0.54768
1403638588.3778295517 6.34605 -8.33380 1.64055 0.19090 0.77677 -0.24627 0.54730
1403638588.4778294563 6.35109 -8.26824 1.62339 0.18863 0.77704 -0.24685 0.54745
1403638588.5778295994 6.35355 -8.15666 1.62552 0.18626 0.77626 -0.24854 0.54859
1403638588.6778295040 6.35736 -8.08224 1.62361 0.18345 0.77576 -0.24949 0.54981
1403638588.7778294086 6.35871 -7.96606 1.63785 0.18202 0.77420 -0.25094 0.55183
1403638588.8778295517 6.36334 -7.87902 1.63854 0.17928 0.77384 -0.25299 0.55229
1403638588.9778294563 6.36356 -7.77077 1.64037 0.17958 0.77375 -0.25330 0.55218
1403638589.0778295994 6.36651 -7.68418 1.62739 0.17978 0.77417 -0.25336 0.55150
1403638589.1778295040 6.36478 -7.57750 1.61555 0.18139 0.77392 -0.25268 0.55163
1403638589.2778294086 6.36637 -7.49419 1.59506 0.18084 0.77307 -0.25261 0.55304
1403638589.3778295517 6.36200 -7.38919 1.57736 0.18101 0.77286 -0.25241 0.55336
1403638589.4778294563 6.36054 -7.30569 1.56128 0.18041 0.77385 -0.25284 0.55198
1403638589.5778295994 6.35417 -7.19974 1.55367 0.17975 0.77379 -0.25324 0.55210
1403638589.6778295040 6.35231 -7.11281 1.55347 0.17915 0.77449 -0.25313 0.55136
1403638589.7778294086 6.34587 -7.00900 1.56118 0.17954 0.77603 -0.25352 0.54889
1403638589.8778295517 6.34084 -6.91598 1.56821 0.17943 0.77663 -0.25440 0.54767
1403638589.9778294563 6.33403 -6.81347 1.56796 0.17983 0.77661 -0.25487 0.54734
1403638590.0778295994 6.32711 -6.71512 1.56434 0.17940 0.77657 -0.25561 0.54720
1403638590.1778295040 6.32005 -6.61383 1.55441 0.18004 0.77549 -0.25591 0.54837
1403638590.2778294086 6.31470 -6.52238 1.54310 0.17967 0.77475 -0.25648 0.54927
1403638590.3778295517 6.30776 -6.42288 1.52527 0.17992 0.77505 -0.25693 0.54856
1403638590.4778294563 6.30164 -6.32856 1.50693 0.17999 0.77563 -0.25719 0.54759
1403638590.5778295994 6.29245 -6.23240 1.48849 0.17890 0.77670 -0.25786 0.54612
1403638590.6778295040 6.28428 -6.14120 1.47855 0.17695 0.77839 -0.25883 0.54388
1403638590.7778294086 6.27725 -6.04913 1.47698 0.17617 0.77920 -0.25929 0.54275
1403638590.8778295517 6.26871 -5.96115 1.48236 0.17630 0.78001 -0.25925 0.54156
1403638590.9778294563 6.26430 -5.87076 1.49519 0.17503 0.78060 -0.26016 0.54069
1403638591.0778295994 6.25213 -5.77832 1.51057 0.17360 0.78140 -0.26153 0.53934
1403638591.1778295040 6.24923 -5.68833 1.52165 0.17274 0.78560 -0.26274 0.53289
1403638591.2778294086 6.23843 -5.59234 1.52339 0.17027 0.79134 -0.26488 0.52405
1403638591.3778295517 6.23207 -5.50568 1.52073 0.16690 0.79556 -0.26736 0.51745
1403638591.4778294563 6.23160 -5.42527 1.51309 0.16416 0.79821 -0.26941 0.51315
1403638591.5778295994 6.23797 -5.35143 1.49949 0.16140 0.80089 -0.27162 0.50867
1403638591.6778295040 6.25142 -5.28713 1.48209 0.15999 0.80111 -0.27268 0.50820
1403638591.7778294086 6.27222 -5.23260 1.46454 0.16167 0.79921 -0.27159 0.51124
1403638591.8778295517 6.30314 -5.19265 1.44942 0.16255 0.79692 -0.27072 0.51499
1403638591.9778294563 6.33951 -5.16262 1.44155 0.16318 0.79431 -0.26996 0.51919
1403638592.0778295994 6.37768 -5.13983 1.44290 0.16344 0.79176 -0.26878 0.52360
1403638592.1778295040 6.42434 -5.12065 1.45296 0.16141 0.78892 -0.26694 0.52943
1403638592.2778294086 6.47083 -5.11454 1.47512 0.15613 0.78344 -0.26150 0.54172
1403638592.3778295517 6.51814 -5.10864 1.50551 0.14701 0.78081 -0.25261 0.55218
1403638592.4778294563 6.56347 -5.10129 1.54342 0.13523 0.78323 -0.23874 0.55791
1403638592.5778295994 6.60501 -5.09787 1.58742 0.12743 0.79055 -0.22446 0.55535
1403638592.6778295040 6.64415 -5.09792 1.63710 0.12086 0.79797 -0.21314 0.55064
1403638592.7778294086 6.68277 -5.10191 1.68536 0.11571 0.80502 -0.20552 0.54436
1403638592.8778295517 6.72200 -5.10949 1.72783 0.11161 0.81004 -0.20080 0.53950
1403638592.9778294563 6.76304 -5.11966 1.76497 0.11094 0.81254 -0.19702 0.53726
1403638593.0778295994 6.80911 -5.13501 1.79578 0.10990 0.81329 -0.19571 0.53682
1403638593.1778295040 6.85761 -5.15312 1.82833 0.11006 0.81156 -0.19475 0.53975
1403638593.2778294086 6.91204 -5.17664 1.86584 0.11684 0.80827 -0.19100 0.54457
1403638593.3778295517 6.96591 -5.20075 1.90985 0.12590 0.80482 -0.18588 0.54942
1403638593.4778294563 7.01930 -5.22422 1.95131 0.13417 0.80013 -0.18193 0.55560
1403638593.5778295994 7.07347 -5.24535 1.98553 0.13881 0.79721 -0.18064 0.55907
1403638593.6778295040 7.12789 -5.26281 2.01281 0.14158 0.79592 -0.18035 0.56030
1403638593.7778294086 7.18208 -5.27628 2.03470 0.14296 0.79252 -0.18070 0.56464
1403638593.8778295517 7.23721 -5.28703 2.05660 0.13866 0.78207 -0.18078 0.58006
1403638593.9778294563 7.28531 -5.29004 2.08333 0.13221 0.77858 -0.17770 0.58716
1403638594.0778295994 7.32652 -5.28984 2.11295 0.12402 0.78409 -0.17568 0.58220
1403638594.1778295040 7.36190 -5.28792 2.14655 0.12189 0.79018 -0.17107 0.57576
1403638594.2778294086 7.39380 -5.28506 2.17802 0.12230 0.79257 -0.16629 0.57378
1403638594.3778295517 7.42287 -5.28030 2.20566 0.12478 0.79161 -0.16140 0.57597
1403638594.4778294563 7.44799 -5.27173 2.23871 0.12849 0.79024 -0.15597 0.57851
1403638594.5778295994 7.46887 -5.25875 2.27481 0.12287 0.79054 -0.15787 0.57881
1403638594.6778295040 7.48496 -5.24190 2.31924 0.11720 0.79107 -0.16108 0.57838
1403638594.7778294086 7.49998 -5.22523 2.35696 0.11501 0.79182 -0.16310 0.57723
1403638594.8778295517 7.50807 -5.20595 2.39141 0.11370 0.79181 -0.16476 0.57703
1403638594.9778294563 7.51703 -5.18697 2.41511 0.11480 0.79368 -0.16526 0.57410
1403638595.0778295994 7.52486 -5.16735 2.43270 0.11343 0.79489 -0.16706 0.57216
1403638595.1778295040 7.53154 -5.14789 2.44363 0.11327 0.79541 -0.16830 0.57111
1403638595.2778294086 7.53658 -5.12862 2.44765 0.11381 0.79588 -0.16859 0.57026
1403638595.3778295517 7.54328 -5.10630 2.45496 0.11378 0.79551 -0.16937 0.57055
1403638595.4778294563 7.54292 -5.08703 2.44741 0.11382 0.79587 -0.16957 0.56998
1403638595.5778295994 7.54299 -5.06742 2.43800 0.11387 0.79670 -0.16927 0.56891
1403638595.6778295040 7.54214 -5.04727 2.43509 0.11627 0.79678 -0.16760 0.56880
1403638595.7778294086 7.53902 -5.02556 2.43650 0.12057 0.79779 -0.16466 0.56735
1403638595.8778295517 7.53418 -5.00225 2.43291 0.12186 0.79821 -0.16400 0.56666
1403638595.9778294563 7.52778 -4.97787 2.41401 0.12426 0.79795 -0.16256 0.56693
1403638596.0778295994 7.56074 -4.94457 2.41333 0.13228 0.79864 -0.15789 0.56546
1403638596.1778295040 7.55409 -4.91462 2.38289 0.14353 0.80013 -0.15000 0.56276
1403638596.2778294086 7.54882 -4.87647 2.35965 0.15527 0.80188 -0.14131 0.55939
1403638596.3778295517 7.57315 -4.81555 2.37555 0.16519 0.80188 -0.13391 0.55835
1403638596.4778294563 7.57561 -4.75674 2.36927 0.17070 0.80160 -0.12911 0.55824
1403638596.5778295994 7.58607 -4.67523 2.39885 0.17774 0.80218 -0.12366 0.55644
1403638596.6778295040 7.59695 -4.58894 2.41058 0.18534 0.80248 -0.11766 0.55482
1403638596.7778294086 7.61302 -4.48524 2.43047 0.18925 0.80261 -0.11429 0.55402
1403638596.8778295517 7.63310 -4.35839 2.48323 0.19296 0.80184 -0.11138 0.55445
1403638596.9778294563 7.65392 -4.21941 2.51034 0.19474 0.80055 -0.11046 0.55587
1403638597.0778295994 7.67980 -4.06432 2.55728 0.19755 0.79961 -0.10942 0.55644
1403638597.1778295040 7.71057 -3.89653 2.59477 0.19987 0.79775 -0.10925 0.55832
1403638597.2778294086 7.74593 -3.71000 2.62371 0.19749 0.79502 -0.11250 0.56239
1403638597.3778295517 7.79150 -3.50542 2.64239 0.19296 0.79328 -0.11763 0.56537
1403638597.4778294563 7.83947 -3.29153 2.65256 0.18449 0.79003 -0.12484 0.57116
1403638597.5778295994 7.88381 -3.06906 2.65661 0.17169 0.78545 -0.13436 0.57926
1403638597.6778295040 7.92427 -2.83839 2.65571 0.16720 0.78315 -0.13834 0.58273
1403638597.7778294086 7.96115 -2.59875 2.64915 0.17136 0.78496 -0.13317 0.58030
1403638597.8778295517 7.99580 -2.34896 2.63813 0.17563 0.78755 -0.12177 0.57800
1403638597.9778294563 8.02798 -2.08877 2.62422 0.17684 0.78918 -0.11257 0.57728
1403638598.0778295994 8.06083 -1.81666 2.61495 0.17008 0.78936 -0.11002 0.57955
1403638598.1778295040 8.09141 -1.53249 2.61185 0.14853 0.79089 -0.11914 0.58158
1403638598.2778294086 8.11868 -1.24172 2.61301 0.13116 0.79282 -0.12753 0.58135
1403638598.3778295517 8.14469 -0.94971 2.61234 0.12036 0.79465 -0.13281 0.58000
1403638598.4778294563 8.16984 -0.65841 2.60637 0.11627 0.79700 -0.13458 0.57720
1403638598.5778295994 8.19307 -0.36805 2.59320 0.11148 0.79907 -0.13261 0.57574
1403638598.6778295040 8.21544 -0.07926 2.57429 0.10733 0.80148 -0.12411 0.57507
1403638598.7778294086 8.23667 0.20755 2.55681 0.09908 0.80379 -0.11328 0.57556
1403638598.8778295517 8.25526 0.49246 2.54609 0.08997 0.80496 -0.09878 0.57809
1403638598.9778294563 8.26970 0.77448 2.53907 0.08012 0.80758 -0.08229 0.57846
1403638599.0778295994 8.28204 1.05473 2.53774 0.06806 0.80914 -0.06551 0.57997
1403638599.1778295040 8.29109 1.33384 2.54306 0.05605 0.81061 -0.04777 0.58093
1403638599.2778294086 8.29677 1.61085 2.55301 0.04502 0.81272 -0.02865 0.58020
1403638599.3778295517 8.30004 1.88632 2.57077 0.03245 0.81609 -0.01122 0.57691
1403638599.4778294563 8.30153 2.15999 2.59367 0.02329 0.81835 0.00226 0.57424
1403638599.5778295994 8.30284 2.43209 2.61497 0.01769 0.82075 0.01089 0.57092
1403638599.6778295040 8.30330 2.70318 2.62813 0.01398 0.82228 0.01560 0.56870
1403638599.7778294086 8.30470 2.97363 2.63310 0.01265 0.82244 0.01674 0.56846
1403638599.8778295517 8.30925 3.24243 2.63121 0.01067 0.82380 0.01436 0.56660
1403638599.9778294563 8.31588 3.51007 2.62517 0.00687 0.82405 0.00881 0.56641
1403638600.0778295994 8.32654 3.77539 2.61527 0.00045 0.82525 0.00104 0.56477
1403638600.1778295040 8.34040 4.03511 2.60199 -0.01168 0.82704 -0.01065 0.56192
1403638600.2778294086 8.35554 4.28766 2.58359 -0.02167 0.82922 -0.02127 0.55809
1403638600.3778295517 8.37458 4.52911 2.56374 -0.02931 0.83071 -0.02981 0.55513
1403638600.4778294563 8.39768 4.75526 2.54889 -0.03564 0.83194 -0.03621 0.55254
1403638600.5778295994 8.42554 4.96471 2.54436 -0.03373 0.83256 -0.03675 0.55168
1403638600.6778295040 8.45738 5.15868 2.54756 -0.03672 0.83412 -0.03962 0.54894
1403638600.7778294086 8.49506 5.33853 2.55788 -0.03653 0.83789 -0.03935 0.54319
1403638600.8778295517 8.54006 5.50204 2.57392 -0.02574 0.84177 -0.03037 0.53837
1403638600.9778294563 8.59053 5.65498 2.58724 -0.00917 0.84393 -0.01675 0.53612
1403638601.0778295994 8.64815 5.79842 2.59493 -0.00027 0.84437 -0.00854 0.53569
1403638601.1778295040 8.71387 5.93729 2.59774 0.00740 0.84304 -0.00197 0.53779
1403638601.2778294086 8.78779 6.07576 2.59709 0.01663 0.83669 0.00565 0.54739
1403638601.3778295517 8.86817 6.21439 2.59479 0.01371 0.83169 0.00959 0.55499
1403638601.4778294563 8.95224 6.35706 2.59634 0.00051 0.82732 0.01431 0.56154
1403638601.5778295994 9.03784 6.49927 2.60468 -0.01040 0.82255 0.02866 0.56788
1403638601.6778295040 9.12399 6.64084 2.61770 -0.02167 0.81995 0.04878 0.56995
1403638601.7778294086 9.20851 6.78250 2.63723 -0.03434 0.81703 0.07430 0.57076
1403638601.8778295517 9.29080 6.92285 2.66434 -0.04832 0.81195 0.10339 0.57246
1403638601.9778294563 9.36987 7.06586 2.69251 -0.06320 0.80873 0.12683 0.57085
1403638602.0778295994 9.44670 7.21020 2.71510 -0.07474 0.80704 0.14379 0.56782
1403638602.1778295040 9.52030 7.35692 2.73148 -0.08066 0.80230 0.15945 0.56954
1403638602.2778294086 9.58963 7.50564 2.74246 -0.08828 0.79523 0.17690 0.57317
1403638602.3778295517 9.65388 7.65793 2.75366 -0.11080 0.78413 0.18940 0.58052
1403638602.4778294563 9.71040 7.81131 2.77543 -0.14574 0.76209 0.19571 0.59973
1403638602.5778295994 9.75535 7.95758 2.80490 -0.18097 0.74043 0.20054 0.61546
1403638602.6778295040 9.78640 8.08913 2.83960 -0.20165 0.73013 0.21389 0.61685
1403638602.7778294086 9.80093 8.20426 2.87946 -0.21264 0.72576 0.23351 0.61117
1403638602.8778295517 9.79717 8.30082 2.92338 -0.22371 0.72231 0.25312 0.60345
1403638602.9778294563 9.77795 8.38151 2.96944 -0.24327 0.72238 0.26849 0.58899
1403638603.0778295994 9.74914 8.44737 3.01242 -0.26206 0.71731 0.28314 0.58019
1403638603.1778295040 9.71423 8.49813 3.04870 -0.27428 0.70992 0.29746 0.57646
1403638603.2778294086 9.67276 8.53334 3.07261 -0.27250 0.71721 0.31463 0.55890
1403638603.3778295517 9.62674 8.55702 3.08700 -0.26567 0.72989 0.32909 0.53701
1403638603.4778294563 9.58036 8.57602 3.09595 -0.26216 0.73822 0.33629 0.52270
1403638603.5778295994 9.53654 8.59408 3.10218 -0.26346 0.73603 0.34056 0.52237
1403638603.6778295040 9.49268 8.61110 3.10346 -0.26547 0.72835 0.34282 0.53058
1403638603.7778294086 9.44980 8.62320 3.09672 -0.25916 0.71973 0.34904 0.54129
1403638603.8778295517 9.39983 8.63100 3.08476 -0.25242 0.71209 0.35383 0.55137
1403638603.9778294563 9.34237 8.63802 3.06785 -0.24721 0.70537 0.35642 0.56063
1403638604.0778295994 9.27726 8.64008 3.04410 -0.24115 0.70194 0.35902 0.56589
1403638604.1778295040 9.19855 8.64414 3.02749 -0.23970 0.70144 0.35964 0.56673
1403638604.2778294086 9.11075 8.63881 3.01626 -0.24604 0.70544 0.35585 0.56142
1403638604.3778295517 9.00903 8.63253 3.01347 -0.25119 0.71321 0.35255 0.55132
1403638604.4778294563 8.90149 8.61945 3.01708 -0.24894 0.72109 0.35403 0.54104
1403638604.5778295994 8.79160 8.60414 3.02578 -0.24693 0.72576 0.35526 0.53487
1403638604.6778295040 8.67938 8.58743 3.03014 -0.24955 0.72902 0.35359 0.53031
1403638604.7778294086 8.56568 8.57059 3.03014 -0.25357 0.73107 0.35079 0.52744
1403638604.8778295517 8.45324 8.55104 3.02952 -0.25455 0.73429 0.35006 0.52295
1403638604.9778294563 8.34213 8.52824 3.03254 -0.25210 0.74029 0.35183 0.51442
1403638605.0778295994 8.23456 8.50330 3.04272 -0.24965 0.74667 0.35387 0.50491
1403638605.1778295040 8.13265 8.47937 3.06111 -0.24734 0.75054 0.35602 0.49877
1403638605.2778294086 8.03732 8.46070 3.08198 -0.24367 0.75129 0.35886 0.49740
1403638605.3778295517 7.94545 8.44655 3.09836 -0.23773 0.74656 0.36319 0.50421
1403638605.4778294563 7.85530 8.43957 3.11055 -0.23047 0.73650 0.36865 0.51822
1403638605.5778295994 7.76254 8.43341 3.11656 -0.22504 0.72811 0.37284 0.52934
1403638605.6778295040 7.66551 8.43135 3.11785 -0.22058 0.72233 0.37611 0.53678
1403638605.7778294086 7.56139 8.43372 3.12223 -0.21903 0.72140 0.37721 0.53788
1403638605.8778295517 7.45395 8.44305 3.13761 -0.21625 0.72136 0.37884 0.53792
1403638605.9778294563 7.33659 8.45810 3.15797 -0.21221 0.72065 0.38075 0.53914
1403638606.0778295994 7.21582 8.47948 3.17812 -0.20959 0.72079 0.38146 0.53947
1403638606.1778295040 7.08192 8.50425 3.18929 -0.20616 0.72059 0.38298 0.53998
1403638606.2778294086 6.94718 8.53645 3.19551 -0.20402 0.72181 0.38334 0.53890
1403638606.3778295517 6.79856 8.57338 3.19004 -0.20955 0.73036 0.37858 0.52853
1403638606.4778294563 6.64859 8.61648 3.17863 -0.21767 0.74060 0.37200 0.51550
1403638606.5778295994 6.49905 8.66496 3.16141 -0.22460 0.74918 0.36746 0.50324
1403638606.6778295040 6.35432 8.72070 3.14001 -0.23006 0.75233 0.36964 0.49442
1403638606.7778294086 6.21498 8.78378 3.11421 -0.23486 0.75220 0.37889 0.48526
1403638606.8778295517 6.08093 8.85389 3.08694 -0.24340 0.74851 0.39159 0.47660
1403638606.9778294563 5.95270 8.93267 3.06535 -0.25430 0.74121 0.40706 0.46931
1403638607.0778295994 5.83422 9.01835 3.05406 -0.26833 0.73238 0.42149 0.46256
1403638607.1778295040 5.72425 9.11066 3.05147 -0.28478 0.72263 0.42853 0.46160
1403638607.2778294086 5.62105 9.20659 3.04993 -0.29864 0.70905 0.43288 0.46976
1403638607.3778295517 5.52176 9.30367 3.04053 -0.31139 0.70059 0.43290 0.47413
1403638607.4778294563 5.42692 9.40017 3.02250 -0.31724 0.69750 0.43405 0.47376
1403638607.5778295994 5.33579 9.49354 2.99740 -0.31923 0.69646 0.43541 0.47271
1403638607.6778295040 5.24902 9.58394 2.96843 -0.32091 0.69476 0.43543 0.47406
1403638607.7778294086 5.16786 9.67234 2.93607 -0.31937 0.69332 0.43590 0.47676
1403638607.8778295517 5.09056 9.75833 2.89938 -0.32053 0.69558 0.43385 0.47455
1403638607.9778294563 5.01828 9.84202 2.85922 -0.32273 0.70001 0.43052 0.46956
1403638608.0778295994 4.95509 9.92363 2.81396 -0.32353 0.69880 0.42800 0.47309
1403638608.1778295040 4.89691 10.00169 2.76385 -0.31976 0.69580 0.42842 0.47965
1403638608.2778294086 4.83819 10.07714 2.71112 -0.31847 0.69123 0.42772 0.48768
1403638608.3778295517 4.78783 10.14593 2.65227 -0.31887 0.68543 0.42656 0.49654
1403638608.4778294563 4.73317 10.21219 2.58863 -0.31902 0.68532 0.42619 0.49691
1403638608.5778295994 4.68351 10.27172 2.51841 -0.31727 0.68682 0.42693 0.49532
1403638608.6778295040 4.62849 10.32897 2.45277 -0.32276 0.68410 0.42297 0.49892
1403638608.7778294086 4.57652 10.37831 2.39026 -0.32319 0.68425 0.42270 0.49866
1403638608.8778295517 4.52445 10.42148 2.33338 -0.32187 0.68767 0.42409 0.49362
1403638608.9778294563 4.47109 10.45756 2.28566 -0.32098 0.69175 0.42499 0.48768
1403638609.0778295994 4.42107 10.49186 2.24380 -0.32032 0.69451 0.42552 0.48372
1403638609.1778295040 4.37228 10.52278 2.20808 -0.32218 0.69499 0.42414 0.48301
1403638609.2778294086 4.32479 10.54977 2.17183 -0.33007 0.69515 0.41837 0.48247
1403638609.3778295517 4.28169 10.56990 2.12878 -0.32891 0.69539 0.41885 0.48250
1403638609.4778294563 4.24069 10.58937 2.07777 -0.32518 0.69550 0.42096 0.48305
1403638609.5778295994 4.20340 10.60168 2.02101 -0.32169 0.69549 0.42293 0.48367
1403638609.6778295040 4.16642 10.61950 1.95733 -0.31948 0.69461 0.42437 0.48514
1403638609.7778294086 4.13389 10.62699 1.89472 -0.31825 0.69472 0.42510 0.48514
1403638609.8778295517 4.10225 10.64191 1.83728 -0.31861 0.69505 0.42475 0.48475
1403638609.9778294563 4.07422 10.64468 1.78944 -0.31949 0.69458 0.42390 0.48558
1403638610.0778295994 4.05012 10.65314 1.74903 -0.32281 0.69243 0.42136 0.48866
1403638610.1778295040 4.02689 10.65128 1.71381 -0.32386 0.68939 0.42046 0.49303
1403638610.2778294086 4.00480 10.64540 1.67410 -0.32622 0.68813 0.41844 0.49494
1403638610.3778295517 3.98390 10.63459 1.62792 -0.32703 0.68779 0.41776 0.49545
1403638610.4778294563 3.96635 10.62455 1.57583 -0.32717 0.68623 0.41726 0.49794
1403638610.5778295994 3.94655 10.60479 1.52131 -0.32991 0.68107 0.41502 0.50504
1403638610.6778295040 3.92575 10.57701 1.46613 -0.33431 0.67605 0.41180 0.51148
1403638610.7778294086 3.90231 10.53901 1.41317 -0.33183 0.68136 0.41452 0.50379
1403638610.8778295517 3.87830 10.49497 1.36815 -0.32801 0.68770 0.41847 0.49433
1403638610.9778294563 3.85823 10.45472 1.32945 -0.32853 0.68814 0.41879 0.49310
1403638611.0778295994 3.83995 10.40640 1.29019 -0.33167 0.68534 0.41695 0.49644
1403638611.1778295040 3.82300 10.35032 1.24730 -0.33301 0.68439 0.41712 0.49672
1403638611.2778294086 3.80634 10.28853 1.20368 -0.33245 0.68401 0.41810 0.49679
1403638611.3778295517 3.78945 10.21827 1.16491 -0.32606 0.68160 0.42258 0.50054
1403638611.4778294563 3.76805 10.14848 1.12805 -0.31371 0.67739 0.43049 0.50734
1403638611.5778295994 3.74705 10.07098 1.10359 -0.30490 0.67695 0.43575 0.50882
1403638611.6778295040 3.71437 9.99508 1.07759 -0.30303 0.67942 0.43612 0.50631
1403638611.7778294086 3.68019 9.91887 1.04964 -0.30857 0.68529 0.43185 0.49867
1403638611.8778295517 3.64841 9.84005 1.02150 -0.31376 0.69091 0.42748 0.49138
1403638611.9778294563 3.61389 9.76289 0.98457 -0.31633 0.69438 0.42487 0.48710
1403638612.0778295994 3.58200 9.68633 0.95121 -0.31565 0.69639 0.42459 0.48490
1403638612.1778295040 3.55362 9.60664 0.92734 -0.31706 0.69764 0.42303 0.48355
1403638612.2778294086 3.52774 9.53040 0.91044 -0.31753 0.69770 0.42233 0.48376
1403638612.3778295517 3.50576 9.45190 0.90082 -0.31589 0.69726 0.42293 0.48495
1403638612.4778294563 3.48398 9.37157 0.88585 -0.31522 0.69609 0.42221 0.48769
1403638612.5778295994 3.46493 9.29191 0.86713 -0.31233 0.69393 0.42277 0.49212
1403638612.6778295040 3.44557 9.21191 0.84137 -0.30652 0.69201 0.42522 0.49634
1403638612.7778294086 3.42267 9.12889 0.80593 -0.30363 0.69110 0.42507 0.49950
1403638612.8778295517 3.40040 9.04982 0.77548 -0.30381 0.68998 0.42278 0.50287
1403638612.9778294563 3.37104 8.96466 0.74408 -0.30471 0.69060 0.42070 0.50323
1403638613.0778295994 3.34379 8.88666 0.72512 -0.30530 0.69340 0.41954 0.49997
1403638613.1778295040 3.31342 8.80606 0.71263 -0.30484 0.69582 0.41929 0.49709
1403638613.2778294086 3.27945 8.71948 0.70357 -0.30405 0.69625 0.41951 0.49679
1403638613.3778295517 3.24777 8.64030 0.70464 -0.30334 0.69581 0.42001 0.49742
1403638613.4778294563 3.21171 8.54966 0.69901 -0.30408 0.69521 0.41893 0.49871
1403638613.5778295994 3.17813 8.47046 0.69191 -0.30331 0.69653 0.41460 0.50095
1403638613.6778295040 3.14303 8.39024 0.67816 -0.30720 0.69722 0.40788 0.50314
1403638613.7778294086 3.10378 8.29776 0.65329 -0.31111 0.69589 0.40021 0.50870
1403638613.8778295517 3.06862 8.21488 0.62583 -0.30802 0.69815 0.39212 0.51377
1403638613.9778294563 3.02915 8.11271 0.58842 -0.30046 0.70411 0.38221 0.51756
1403638614.0778295994 2.99045 8.01148 0.54858 -0.28858 0.71215 0.37037 0.52192
1403638614.1778295040 2.95021 7.90776 0.50900 -0.27395 0.72239 0.35743 0.52474
1403638614.2778294086 2.90803 7.79982 0.47461 -0.26303 0.73125 0.34392 0.52707
1403638614.3778295517 2.86441 7.69165 0.44541 -0.25452 0.73788 0.33445 0.52810
1403638614.4778294563 2.82036 7.58631 0.42550 -0.25110 0.74257 0.32550 0.52877
1403638614.5778295994 2.77568 7.47805 0.41338 -0.24725 0.74700 0.31713 0.52942
1403638614.6778295040 2.73344 7.36975 0.40771 -0.24428 0.75216 0.30510 0.53056
1403638614.7778294086 2.69357 7.26065 0.41211 -0.24251 0.76203 0.28847 0.52658
1403638614.8778295517 2.65564 7.14887 0.42490 -0.23497 0.77315 0.27085 0.52313
1403638614.9778294563 2.62494 7.03814 0.44501 -0.22188 0.78239 0.25164 0.52471
1403638615.0778295994 2.60145 6.92642 0.46996 -0.20385 0.78979 0.23078 0.53049
1403638615.1778295040 2.58592 6.81690 0.50133 -0.18241 0.79327 0.20859 0.54216
1403638615.2778294086 2.57634 6.71111 0.53855 -0.15727 0.79571 0.18708 0.55418
1403638615.3778295517 2.56814 6.61015 0.57266 -0.13566 0.79948 0.16155 0.56243
1403638615.4778294563 2.55893 6.50712 0.60026 -0.11513 0.80264 0.13553 0.56934
1403638615.5778295994 2.54788 6.40216 0.62083 -0.09781 0.80602 0.11109 0.57308
1403638615.6778295040 2.53447 6.29513 0.63709 -0.08443 0.80815 0.09369 0.57532
1403638615.7778294086 2.52011 6.18996 0.65817 -0.07661 0.80946 0.08116 0.57647
1403638615.8778295517 2.50322 6.08493 0.68642 -0.07132 0.81070 0.06931 0.57695
1403638615.9778294563 2.48614 5.97983 0.71315 -0.06408 0.81227 0.05738 0.57690
1403638616.0778295994 2.46798 5.87278 0.73376 -0.05518 0.81289 0.04513 0.57804
1403638616.1778295040 2.44872 5.76392 0.74246 -0.04546 0.81409 0.03108 0.57812
1403638616.2778294086 2.42923 5.65414 0.73409 -0.03490 0.81509 0.01293 0.57814
1403638616.3778295517 2.40971 5.54221 0.71077 -0.02177 0.81579 -0.00628 0.57791
1403638616.4778294563 2.38966 5.42856 0.67994 -0.01138 0.81627 -0.02410 0.57705
1403638616.5778295994 2.36965 5.31283 0.64634 -0.00228 0.81792 -0.03644 0.57418
1403638616.6778295040 2.35003 5.19435 0.60983 0.00320 0.82254 -0.04587 0.56685
1403638616.7778294086 2.33210 5.07390 0.56882 -0.00020 0.83096 -0.05586 0.55352
1403638616.8778295517 2.31956 4.95174 0.52751 -0.00442 0.83668 -0.06238 0.54411
1403638616.9778294563 2.31434 4.82289 0.49524 0.00042 0.83491 -0.05975 0.54714
1403638617.0778295994 2.31594 4.69262 0.47287 0.00579 0.83127 -0.05458 0.55315
1403638617.1778295040 2.32135 4.56268 0.45949 0.01166 0.82842 -0.04762 0.55796
1403638617.2778294086 2.33009 4.43444 0.45170 0.01327 0.83080 -0.04292 0.55475
1403638617.3778295517 2.34249 4.30687 0.44920 0.01287 0.83485 -0.04003 0.54887
1403638617.4778294563 2.35974 4.18096 0.45435 0.01253 0.83762 -0.03678 0.54487
1403638617.5778295994 2.38264 4.05604 0.46694 0.01229 0.83835 -0.03378 0.54394
1403638617.6778295040 2.41166 3.93240 0.48718 0.01327 0.83697 -0.02976 0.54628
1403638617.7778294086 2.45028 3.81489 0.51593 0.01347 0.83539 -0.02705 0.54883
1403638617.8778295517 2.48975 3.69652 0.55027 0.01439 0.83538 -0.02361 0.54898
1403638617.9778294563 2.53495 3.58311 0.58895 0.01232 0.83432 -0.02308 0.55066
1403638618.0778295994 2.58500 3.47372 0.62301 0.01156 0.83395 -0.02173 0.55130
1403638618.1778295040 2.63971 3.36911 0.65068 0.00922 0.83409 -0.02162 0.55113
1403638618.2778294086 2.69870 3.26741 0.67225 0.00974 0.83410 -0.02013 0.55116
1403638618.3778295517 2.75963 3.17198 0.69007 0.00968 0.83335 -0.01916 0.55232
1403638618.4778294563 2.82509 3.07716 0.70470 0.00952 0.83348 -0.01794 0.55217
1403638618.5778295994 2.89289 2.98919 0.71837 0.01084 0.83247 -0.01723 0.55369
1403638618.6778295040 2.96528 2.89777 0.72911 0.01473 0.83236 -0.02033 0.55367
1403638618.7778294086 3.04050 2.81667 0.74469 0.01749 0.83166 -0.02361 0.55451
1403638618.8778295517 3.11932 2.73785 0.76586 0.02065 0.82991 -0.02701 0.55686
1403638618.9778294563 3.20043 2.66077 0.78847 0.02676 0.82580 -0.03601 0.56218
1403638619.0778295994 3.28264 2.58484 0.80347 0.03875 0.82221 -0.04975 0.56568
1403638619.1778295040 3.36511 2.51100 0.81040 0.05239 0.81866 -0.06866 0.56775
1403638619.2778294086 3.44801 2.44010 0.80966 0.06644 0.81473 -0.09279 0.56849
1403638619.3778295517 3.52988 2.37196 0.79894 0.08272 0.81024 -0.11737 0.56824
1403638619.4778294563 3.61118 2.30772 0.78351 0.09341 0.80592 -0.13866 0.56792
1403638619.5778295994 3.69357 2.24635 0.76626 0.10006 0.80221 -0.15448 0.56797
1403638619.6778295040 3.77568 2.18603 0.74574 0.09643 0.79863 -0.17097 0.56892
1403638619.7778294086 3.85669 2.12438 0.72352 0.09292 0.79611 -0.18258 0.56942
1403638619.8778295517 3.93591 2.05927 0.70022 0.09267 0.79396 -0.18906 0.57035
1403638619.9778294563 4.00758 1.99204 0.67215 0.09399 0.79311 -0.19271 0.57010
1403638620.0778295994 4.08085 1.91799 0.64911 0.09618 0.79058 -0.19429 0.57269
1403638620.1778295040 4.14230 1.84396 0.62905 0.10079 0.78754 -0.19319 0.57646
1403638620.2778294086 4.20645 1.76230 0.62077 0.10356 0.78816 -0.19200 0.57552
1403638620.3778295517 4.25568 1.68482 0.61622 0.10632 0.78957 -0.18987 0.57378
1403638620.4778294563 4.30808 1.60047 0.62264 0.10741 0.79074 -0.18774 0.57267
1403638620.5778295994 4.34973 1.52023 0.62393 0.10702 0.79211 -0.18617 0.57136
1403638620.6778295040 4.38893 1.43908 0.62021 0.10415 0.79463 -0.18607 0.56841
1403638620.7778294086 4.43063 1.35132 0.61510 0.10057 0.79800 -0.18640 0.56422
1403638620.8778295517 4.46520 1.26616 0.60193 0.10379 0.80120 -0.18189 0.56055
1403638620.9778294563 4.49863 1.18073 0.58614 0.10835 0.80182 -0.17597 0.56070
1403638621.0778295994 4.53151 1.09144 0.57341 0.11201 0.80019 -0.17085 0.56388
1403638621.1778295040 4.56323 1.00684 0.56069 0.11068 0.79897 -0.16904 0.56642
1403638621.2778294086 4.59281 0.92190 0.55936 0.11091 0.79776 -0.16637 0.56886
1403638621.3778295517 4.62186 0.84144 0.55854 0.11259 0.79863 -0.16336 0.56818
1403638621.4778294563 4.64488 0.76329 0.55766 0.11315 0.79675 -0.16121 0.57130
1403638621.5778295994 4.67124 0.68799 0.54668 0.11311 0.79458 -0.15916 0.57490
1403638621.6778295040 4.69341 0.61785 0.53129 0.11277 0.79359 -0.15817 0.57662
1403638621.7778294086 4.70354 0.55565 0.51667 0.11376 0.79187 -0.15683 0.57914
1403638621.8778295517 4.71900 0.49056 0.49373 0.11559 0.78843 -0.15500 0.58394
1403638621.9778294563 4.72905 0.43312 0.46821 0.11607 0.78587 -0.15439 0.58745
1403638622.0778295994 4.72231 0.39394 0.44375 0.11481 0.78536 -0.15548 0.58809
1403638622.1778295040 4.72202 0.34434 0.41113 0.11165 0.78631 -0.15739 0.58692
1403638622.2778294086 4.71519 0.30227 0.38311 0.10891 0.78561 -0.15981 0.58771
1403638622.3778295517 4.70310 0.26323 0.36198 0.10963 0.78657 -0.16037 0.58615
1403638622.4778294563 4.67367 0.24581 0.35640 0.11357 0.78728 -0.15885 0.58486
1403638622.5778295994 4.65316 0.20669 0.34965 0.11700 0.78709 -0.15754 0.58480
1403638622.6778295040 4.61897 0.19263 0.35866 0.12117 0.78294 -0.15595 0.58992
1403638622.7778294086 4.58725 0.16439 0.37245 0.12391 0.77174 -0.15454 0.60431
1403638622.8778295517 4.54617 0.15781 0.39704 0.12582 0.76690 -0.15419 0.61013
1403638622.9778294563 4.49720 0.15463 0.41850 0.12449 0.77071 -0.15663 0.60496
1403638623.0778295994 4.44036 0.14842 0.43010 0.12085 0.77721 -0.16016 0.59640
1403638623.1778295040 4.37660 0.14915 0.43706 0.11586 0.78111 -0.16396 0.59124
1403638623.2778294086 4.30453 0.16649 0.44312 0.11301 0.78444 -0.16644 0.58666
1403638623.3778295517 4.23099 0.16818 0.44023 0.11069 0.78703 -0.16818 0.58313
1403638623.4778294563 4.15221 0.18483 0.43737 0.11154 0.78869 -0.16813 0.58074
1403638623.5778295994 4.07253 0.18959 0.43304 0.11290 0.78883 -0.16744 0.58048
1403638623.6778295040 3.98828 0.20142 0.43863 0.11440 0.78931 -0.16694 0.57968
1403638623.7778294086 3.90046 0.20844 0.44880 0.11663 0.79033 -0.16672 0.57791
1403638623.8778295517 3.80836 0.21856 0.46384 0.11805 0.79146 -0.16682 0.57604
1403638623.9778294563 3.71315 0.23297 0.47817 0.11968 0.79259 -0.16736 0.57400
1403638624.0778295994 3.61616 0.24573 0.48520 0.11801 0.79286 -0.17015 0.57315
1403638624.1778295040 3.51836 0.26167 0.48874 0.11560 0.79272 -0.17260 0.57310
1403638624.2778294086 3.41745 0.27695 0.48494 0.11357 0.79235 -0.17525 0.57321
1403638624.3778295517 3.31691 0.29191 0.47787 0.11317 0.79184 -0.17703 0.57345
1403638624.4778294563 3.21718 0.30612 0.46969 0.11461 0.79161 -0.17728 0.57341
1403638624.5778295994 3.11212 0.32116 0.45494 0.11000 0.78324 -0.18204 0.58421
1403638624.6778295040 3.00394 0.33521 0.43843 0.11166 0.77896 -0.17976 0.59029
1403638624.7778294086 2.89323 0.34699 0.42840 0.11646 0.78498 -0.16980 0.58431
1403638624.8778295517 2.77580 0.36492 0.42211 0.11785 0.79109 -0.16162 0.57808
1403638624.9778294563 2.66162 0.37943 0.42697 0.11049 0.79437 -0.15942 0.57563
1403638625.0778295994 2.54730 0.39460 0.43181 0.10277 0.79544 -0.15836 0.57588
1403638625.1778295040 2.42758 0.41593 0.42879 0.09645 0.79631 -0.15860 0.57570
1403638625.2778294086 2.31414 0.42739 0.42552 0.09428 0.79725 -0.15691 0.57523
1403638625.3778295517 2.19382 0.44551 0.41777 0.09316 0.79738 -0.15591 0.57550
1403638625.4778294563 2.08123 0.45132 0.42006 0.09194 0.79693 -0.15541 0.57646
1403638625.5778295994 1.96093 0.46645 0.42380 0.09262 0.79747 -0.15472 0.57578
1403638625.6778295040 1.84322 0.47844 0.43550 0.09273 0.79910 -0.15468 0.57351
1403638625.7778294086 1.73054 0.47740 0.45215 0.09124 0.80372 -0.15559 0.56701
1403638625.8778295517 1.61276 0.48779 0.46056 0.09146 0.80633 -0.15604 0.56314
1403638625.9778294563 1.50527 0.48363 0.46917 0.09228 0.80683 -0.15602 0.56229
1403638626.0778295994 1.39269 0.48847 0.46837 0.09073 0.80810 -0.15783 0.56021
1403638626.1778295040 1.29188 0.48214 0.46660 0.09077 0.80857 -0.15813 0.55944
1403638626.2778294086 1.18478 0.48170 0.45753 0.09372 0.80711 -0.15675 0.56145
1403638626.3778295517 1.08354 0.47418 0.44790 0.10150 0.80528 -0.15139 0.56418
1403638626.4778294563 0.98155 0.47279 0.43291 0.10393 0.80406 -0.14922 0.56605
1403638626.5778295994 0.88476 0.46758 0.41804 0.10447 0.80646 -0.14822 0.56280
1403638626.6778295040 0.78822 0.46745 0.40256 0.10322 0.80838 -0.14864 0.56015
1403638626.7778294086 0.69514 0.46891 0.39110 0.10059 0.81229 -0.15040 0.55448
1403638626.8778295517 0.61323 0.46563 0.38996 0.09997 0.81508 -0.15014 0.55055
1403638626.9778294563 0.53803 0.46340 0.39544 0.09925 0.81606 -0.15027 0.54920
1403638627.0778295994 0.46179 0.46338 0.39864 0.09859 0.81617 -0.14990 0.54925
1403638627.1778295040 0.39927 0.45953 0.39809 0.09781 0.81619 -0.14980 0.54938
1403638627.2778294086 0.33432 0.45722 0.39459 0.09911 0.81624 -0.14848 0.54944
1403638627.3778295517 0.27606 0.45499 0.38870 0.10118 0.81568 -0.14663 0.55038
1403638627.4778294563 0.22341 0.45276 0.37964 0.10140 0.81611 -0.14637 0.54979
1403638627.5778295994 0.17491 0.45068 0.36931 0.10268 0.81498 -0.14598 0.55132
1403638627.6778295040 0.15630 0.44531 0.35714 0.10479 0.81220 -0.14531 0.55519
1403638627.7778294086 0.11156 0.44428 0.34553 0.10654 0.81032 -0.14441 0.55784
1403638627.8778295517 0.07355 0.44477 0.33282 0.10749 0.80967 -0.14443 0.55859
1403638627.9778294563 0.03664 0.44741 0.31957 0.10790 0.81163 -0.14457 0.55562
1403638628.0778295994 0.05104 0.45070 0.30298 0.10908 0.81303 -0.14501 0.55322
1403638628.1778295040 0.01614 0.45629 0.29366 0.11015 0.81357 -0.14551 0.55208
1403638628.2778294086 -0.01058 0.46252 0.28579 0.11030 0.81379 -0.14619 0.55154
1403638628.3778295517 0.01498 0.46936 0.27443 0.10909 0.81461 -0.14784 0.55014
1403638628.4778294563 -0.00185 0.47830 0.27185 0.10318 0.81178 -0.15248 0.55419
1403638628.5778295994 -0.01210 0.48724 0.27233 0.09517 0.80459 -0.15816 0.56442
1403638628.6778295040 -0.02383 0.49547 0.27383 0.08968 0.80050 -0.16216 0.56996
1403638628.7778294086 0.03094 0.50703 0.26658 0.09187 0.80192 -0.16169 0.56775
1403638628.8778295517 0.02255 0.51130 0.25972 0.09637 0.80253 -0.15895 0.56691
1403638628.9778294563 0.01229 0.51257 0.24900 0.10126 0.80323 -0.15601 0.56589
1403638629.0778295994 -0.00070 0.51358 0.24036 0.10599 0.80440 -0.15256 0.56430
1403638629.1778295040 0.04712 0.52002 0.22524 0.10872 0.80572 -0.15068 0.56240
1403638629.2778294086 0.03294 0.52646 0.22187 0.10937 0.80601 -0.14990 0.56206
1403638629.3778295517 0.01798 0.53598 0.21292 0.11024 0.80903 -0.14999 0.55752
1403638629.4778294563 0.01008 0.54440 0.21130 0.10887 0.81342 -0.15177 0.55087
1403638629.5778295994 0.00663 0.55411 0.20602 0.10533 0.81635 -0.15458 0.54643
1403638629.6778295040 0.00813 0.56301 0.20286 0.09441 0.81413 -0.16289 0.54931
1403638629.7778294086 0.01334 0.56855 0.20387 0.08774 0.80846 -0.16814 0.55716
1403638629.8778295517 0.02078 0.56941 0.20313 0.08615 0.80202 -0.16972 0.56616
1403638629.9778294563 0.02638 0.56661 0.19449 0.09714 0.79648 -0.16281 0.57418
1403638630.0778295994 0.02850 0.56309 0.17614 0.10627 0.79292 -0.15666 0.57918
1403638630.1778295040 0.02713 0.56140 0.14856 0.11068 0.79567 -0.15322 0.57548
1403638630.2778294086 0.02367 0.56074 0.11364 0.11148 0.80021 -0.15255 0.56917
1403638630.3778295517 0.02406 0.56403 0.08807 0.10753 0.81960 -0.15353 0.54141
1403638630.4778294563 0.03536 0.56585 0.09925 0.10711 0.80158 -0.15191 0.56826
1403638630.5778295994 0.04516 0.56750 0.09777 0.10674 0.80086 -0.15306 0.56904
1403638630.6778295040 0.05195 0.56903 0.07535 0.10409 0.81981 -0.15008 0.54273
1403638630.7778294086 0.05106 0.56436 0.06860 0.10672 0.82665 -0.14430 0.53333
1403638630.8778295517 0.04322 0.56520 0.06213 0.10192 0.82533 -0.14532 0.53603
1403638630.9778294563 0.03751 0.56685 0.05732 0.10210 0.82519 -0.14555 0.53614
1403638631.0778295994 0.03052 0.56860 0.05215 0.10280 0.82526 -0.14507 0.53604
1403638631.1778295040 0.02398 0.57025 0.04702 0.10272 0.82529 -0.14531 0.53593
1403638631.2778294086 0.01685 0.57217 0.04211 0.10262 0.82535 -0.14530 0.53586
1403638631.3778295517 0.00987 0.57409 0.03741 0.10237 0.82542 -0.14549 0.53575
1403638631.4778294563 0.00316 0.57606 0.03289 0.10214 0.82536 -0.14578 0.53582
1403638631.5778295994 -0.00382 0.57811 0.02831 0.10203 0.82534 -0.14586 0.53585
1403638631.6778295040 -0.01035 0.58002 0.02396 0.10172 0.82533 -0.14627 0.53580
