1403638523.0778295994 2.46124 0.67908 -0.58778 -0.34744 0.88530 0.03387 0.30720
1403638523.1778295040 2.47733 0.64919 -0.59640 -0.10177 0.81549 -0.13490 0.55355
1403638523.2778294086 2.45311 0.61875 -0.61925 0.04930 0.78723 -0.14630 0.59703
1403638523.3778295517 2.44997 0.61849 -0.66577 0.06098 0.78502 -0.15086 0.59772
1403638523.4778294563 2.44656 0.61989 -0.72598 0.06670 0.78839 -0.15017 0.59282
1403638523.5778295994 2.44456 0.62180 -0.79209 0.07200 0.79786 -0.14850 0.57981
1403638523.6778295040 2.43725 0.62481 -0.85925 0.07626 0.80707 -0.14768 0.56657
1403638523.7778294086 2.42566 0.63086 -0.92416 0.07908 0.81160 -0.14612 0.56010
1403638523.8778295517 2.41251 0.64020 -0.98481 0.08287 0.81225 -0.14383 0.55919
1403638523.9778294563 2.40219 0.64613 -1.03605 0.09216 0.81320 -0.13830 0.55775
1403638524.0778295994 2.39338 0.65666 -1.06856 0.09848 0.81769 -0.13112 0.55180
1403638524.1778295040 2.38788 0.65930 -1.07414 0.09588 0.82315 -0.12694 0.54509
1403638524.2778294086 2.38232 0.64542 -1.05099 0.08762 0.82468 -0.12491 0.54463
1403638524.3778295517 2.37912 0.64936 -1.01742 0.07935 0.82145 -0.12601 0.55050
1403638524.4778294563 2.37761 0.65397 -0.97927 0.07476 0.81431 -0.12659 0.56150
1403638524.5778295994 2.37725 0.65861 -0.94202 0.07457 0.80499 -0.12620 0.57490
1403638524.6778295040 2.37667 0.66343 -0.91144 0.08068 0.79713 -0.13032 0.58403
1403638524.7778294086 2.37449 0.66852 -0.89483 0.09443 0.79196 -0.13463 0.58801
1403638524.8778295517 2.36970 0.67225 -0.89334 0.09851 0.78962 -0.13687 0.58996
1403638524.9778294563 2.36429 0.67572 -0.90922 0.09236 0.78839 -0.13407 0.59325
1403638525.0778295994 2.35033 0.67893 -0.94752 0.09493 0.78629 -0.12985 0.59655
1403638525.1778295040 2.33572 0.68833 -1.00806 0.09764 0.78561 -0.12506 0.59804
1403638525.2778294086 2.32491 0.69739 -1.08295 0.09699 0.78907 -0.12073 0.59447
1403638525.3778295517 2.30528 0.70149 -1.16530 0.09117 0.79900 -0.11724 0.58270
1403638525.4778294563 2.28012 0.71291 -1.24823 0.07859 0.81157 -0.11743 0.56691
1403638525.5778295994 2.25751 0.72394 -1.32674 0.06929 0.82038 -0.11922 0.55494
1403638525.6778295040 2.23269 0.73504 -1.39824 0.06706 0.82252 -0.12224 0.55138
1403638525.7778294086 2.20791 0.75181 -1.46172 0.07025 0.81958 -0.12740 0.55419
1403638525.8778295517 2.18403 0.77070 -1.51674 0.07826 0.81505 -0.13077 0.55899
1403638525.9778294563 2.15786 0.79760 -1.56305 0.08821 0.81326 -0.13248 0.55971
1403638526.0778295994 2.12444 0.81241 -1.60066 0.09301 0.81435 -0.13549 0.55663
1403638526.1778295040 2.08496 0.80083 -1.62981 0.09363 0.81510 -0.14437 0.55318
1403638526.2778294086 2.03771 0.79034 -1.65469 0.09701 0.81244 -0.15279 0.55424
1403638526.3778295517 1.98204 0.77672 -1.67967 0.09987 0.80673 -0.15989 0.56004
1403638526.4778294563 1.91739 0.75496 -1.70756 0.10138 0.79960 -0.16888 0.56731
1403638526.5778295994 1.84333 0.73785 -1.74016 0.10373 0.79190 -0.17837 0.57473
1403638526.6778295040 1.75970 0.70435 -1.77584 0.10807 0.78515 -0.18489 0.58110
1403638526.7778294086 1.66592 0.66558 -1.81412 0.11555 0.78109 -0.18895 0.58381
1403638526.8778295517 1.56607 0.62202 -1.85503 0.12136 0.77999 -0.19092 0.58346
1403638526.9778294563 1.46177 0.58340 -1.89758 0.12254 0.78200 -0.19669 0.57860
1403638527.0778295994 1.35521 0.54214 -1.94006 0.12611 0.78417 -0.20920 0.57045
1403638527.1778295040 1.24841 0.50513 -1.98085 0.13047 0.78320 -0.22330 0.56543
1403638527.2778294086 1.14567 0.47916 -2.02043 0.14003 0.77781 -0.23541 0.56567
1403638527.3778295517 1.05004 0.46840 -2.06031 0.15437 0.77123 -0.24244 0.56798
1403638527.4778294563 0.96182 0.47200 -2.10230 0.16355 0.76701 -0.24542 0.56984
1403638527.5778295994 0.88076 0.49116 -2.14659 0.16532 0.76627 -0.24578 0.57017
1403638527.6778295040 0.80517 0.52476 -2.19299 0.16274 0.76749 -0.24179 0.57097
1403638527.7778294086 0.73280 0.57135 -2.23967 0.15681 0.77027 -0.23444 0.57196
1403638527.8778295517 0.65970 0.63074 -2.28410 0.14260 0.77411 -0.22986 0.57235
1403638527.9778294563 0.58678 0.69851 -2.32701 0.13358 0.77541 -0.22563 0.57444
1403638528.0778295994 0.51387 0.77686 -2.37218 0.12927 0.77502 -0.21920 0.57843
1403638528.1778295040 0.44062 0.86443 -2.42212 0.12227 0.77657 -0.21197 0.58057
1403638528.2778294086 0.36934 0.95544 -2.47588 0.11235 0.77943 -0.20315 0.58189
1403638528.3778295517 0.29827 1.03703 -2.53165 0.10817 0.78021 -0.19680 0.58382
1403638528.4778294563 0.22374 1.10949 -2.58761 0.11248 0.77985 -0.19548 0.58393
1403638528.5778295994 0.14515 1.17892 -2.64319 0.11548 0.78060 -0.20210 0.58007
1403638528.6778295040 0.05592 1.23600 -2.69730 0.11585 0.78040 -0.21209 0.57669
1403638528.7778294086 -0.04468 1.29476 -2.74855 0.12280 0.77855 -0.21921 0.57509
1403638528.8778295517 -0.16482 1.36261 -2.79727 0.12095 0.77600 -0.22826 0.57540
1403638528.9778294563 -0.30566 1.44320 -2.84117 0.11573 0.77447 -0.23619 0.57534
1403638529.0778295994 -0.46905 1.53860 -2.88307 0.11816 0.77515 -0.23952 0.57255
1403638529.1778295040 -0.64911 1.64784 -2.93157 0.13591 0.77768 -0.23490 0.56706
1403638529.2778294086 -0.83805 1.76386 -2.99110 0.14779 0.78102 -0.23098 0.56109
1403638529.3778295517 -1.02979 1.89530 -3.06118 0.15101 0.78729 -0.22886 0.55226
1403638529.4778294563 -1.22214 2.03290 -3.14138 0.14738 0.79784 -0.22960 0.53760
1403638529.5778295994 -1.41546 2.17208 -3.22635 0.14272 0.80861 -0.23006 0.52235
1403638529.6778295040 -1.60944 2.31339 -3.31157 0.14376 0.81313 -0.22917 0.51540
1403638529.7778294086 -1.80353 2.45931 -3.39491 0.14561 0.80975 -0.22883 0.52033
1403638529.8778295517 -1.99997 2.61142 -3.47555 0.14794 0.80314 -0.22956 0.52952
1403638529.9778294563 -2.20623 2.74205 -3.55053 0.14942 0.80047 -0.22972 0.53306
1403638530.0778295994 -2.39818 2.88781 -3.62294 0.15098 0.80160 -0.23181 0.53000
1403638530.1778295040 -2.58818 3.03942 -3.69479 0.15306 0.80205 -0.23815 0.52590
1403638530.2778294086 -2.78324 3.19200 -3.76708 0.15665 0.80010 -0.24531 0.52452
1403638530.3778295517 -2.98803 3.34736 -3.83968 0.16037 0.79822 -0.25133 0.52341
1403638530.4778294563 -3.20185 3.50713 -3.91052 0.16156 0.79711 -0.25589 0.52253
1403638530.5778295994 -3.42561 3.67095 -3.98004 0.16145 0.79641 -0.25975 0.52173
1403638530.6778295040 -3.65914 3.84479 -4.04964 0.16204 0.79886 -0.26317 0.51605
1403638530.7778294086 -3.90114 4.02427 -4.12004 0.16134 0.80188 -0.26601 0.51009
1403638530.8778295517 -4.15065 4.20775 -4.18962 0.15979 0.80270 -0.26602 0.50929
1403638530.9778294563 -4.40460 4.39975 -4.25755 0.16003 0.80052 -0.26597 0.51266
1403638531.0778295994 -4.66865 4.59621 -4.32460 0.16245 0.79734 -0.26412 0.51778
1403638531.1778295040 -4.93789 4.79584 -4.38943 0.16416 0.79561 -0.26175 0.52110
1403638531.2778294086 -5.20758 5.00836 -4.45683 0.16782 0.79467 -0.26051 0.52199
1403638531.3778295517 -5.49265 5.21851 -4.52405 0.16834 0.79315 -0.26048 0.52415
1403638531.4778294563 -5.77644 5.44023 -4.59135 0.16925 0.79179 -0.26081 0.52574
1403638531.5778295994 -6.06652 5.67127 -4.65957 0.17018 0.79221 -0.26013 0.52515
1403638531.6778295040 -6.36497 5.90095 -4.72807 0.16968 0.79190 -0.26082 0.52542
1403638531.7778294086 -6.66874 6.13974 -4.79692 0.17029 0.79157 -0.26100 0.52564
1403638531.8778295517 -6.98016 6.38563 -4.86656 0.17072 0.79134 -0.26102 0.52583
1403638531.9778294563 -7.29965 6.63831 -4.93677 0.17118 0.79105 -0.26112 0.52608
1403638532.0778295994 -7.62574 6.89698 -5.00779 0.17160 0.79077 -0.26107 0.52639
1403638532.1778295040 -7.95798 7.16315 -5.07943 0.17182 0.79043 -0.26118 0.52677
1403638532.2778294086 -8.29728 7.43531 -5.15169 0.17196 0.79007 -0.26137 0.52716
1403638532.3778295517 -8.64264 7.71430 -5.22458 0.17214 0.78974 -0.26140 0.52758
1403638532.4778294563 -8.99463 8.00023 -5.29805 0.17234 0.78939 -0.26149 0.52800
1403638532.5778295994 -9.35345 8.29329 -5.37231 0.17261 0.78908 -0.26154 0.52835
1403638532.6778295040 -9.71844 8.59369 -5.44721 0.17291 0.78876 -0.26154 0.52873
1403638532.7778294086 -10.09055 8.90179 -5.52291 0.17327 0.78849 -0.26143 0.52908
1403638532.8778295517 -10.46916 9.21766 -5.59929 0.17360 0.78816 -0.26143 0.52945
1403638532.9778294563 -10.85476 9.54084 -5.67634 0.17384 0.78782 -0.26141 0.52989
1403638533.0778295994 -11.24721 9.87207 -5.75416 0.17411 0.78750 -0.26142 0.53028
1403638533.1778295040 -11.64611 10.21114 -5.83267 0.17438 0.78714 -0.26144 0.53071
1403638533.2778294086 -12.05167 10.55862 -5.91191 0.17466 0.78679 -0.26145 0.53112
1403638533.3778295517 -12.46356 10.91490 -5.99191 0.17503 0.78647 -0.26141 0.53150
1403638533.4778294563 -12.88207 11.27940 -6.07259 0.17532 0.78615 -0.26140 0.53188
1403638533.5778295994 -13.30737 11.65236 -6.15413 0.17560 0.78582 -0.26141 0.53227
1403638533.6778295040 -13.74015 12.03319 -6.23643 0.17587 0.78546 -0.26146 0.53269
1403638533.7778294086 -14.18068 12.42195 -6.31955 0.17620 0.78511 -0.26148 0.53309
1403638533.8778295517 -14.62972 12.81731 -6.40351 0.17626 0.78490 -0.26120 0.53351
1403638533.9778294563 -15.08760 13.22084 -6.48841 0.17670 0.78452 -0.26140 0.53383
1403638534.0778295994 -15.54897 13.63556 -6.57411 0.17742 0.78401 -0.26182 0.53414
1403638534.1778295040 -16.01746 14.05773 -6.66054 0.17744 0.78373 -0.26165 0.53463
1403638534.2778294086 -16.49487 14.48858 -6.74784 0.17750 0.78352 -0.26150 0.53499
1403638534.3778295517 -16.97867 14.93216 -6.83629 0.17789 0.78316 -0.26148 0.53539
1403638534.4778294563 -17.46922 15.38445 -6.92575 0.17838 0.78277 -0.26174 0.53568
1403638534.5778295994 -17.96432 15.84983 -7.01625 0.17861 0.78259 -0.26144 0.53601
1403638534.6778295040 -18.46393 16.32951 -7.10766 0.17878 0.78236 -0.26121 0.53640
1403638534.7778294086 -18.96903 16.82242 -7.20009 0.17928 0.78206 -0.26106 0.53673
1403638534.8778295517 -19.47722 17.32846 -7.29356 0.18001 0.78165 -0.26123 0.53701
1403638534.9778294563 -19.98912 17.84799 -7.38808 0.18055 0.78132 -0.26132 0.53725
1403638535.0778295994 -20.50491 18.38127 -7.48367 0.18092 0.78106 -0.26131 0.53752
1403638535.1778295040 -21.02590 18.92717 -7.58025 0.18135 0.78072 -0.26130 0.53788
1403638535.2778294086 -21.55216 19.48576 -7.67782 0.18178 0.78041 -0.26125 0.53821
1403638535.3778295517 -22.08445 20.05643 -7.77629 0.18226 0.78011 -0.26121 0.53850
1403638535.4778294563 -22.62258 20.63876 -7.87572 0.18281 0.77982 -0.26123 0.53872
1403638535.5778295994 -23.16608 21.23358 -7.97622 0.18327 0.77956 -0.26117 0.53897
1403638535.6778295040 -23.71508 21.84099 -8.07780 0.18372 0.77926 -0.26119 0.53925
1403638535.7778294086 -24.26984 22.46097 -8.18048 0.18425 0.77894 -0.26115 0.53955
1403638535.8778295517 -24.83019 23.09366 -8.28424 0.18465 0.77867 -0.26105 0.53984
1403638535.9778294563 -25.40044 23.73495 -8.38921 0.18501 0.77843 -0.26102 0.54008
1403638536.0778295994 -25.97599 24.38915 -8.49529 0.18544 0.77808 -0.26105 0.54042
1403638536.1778295040 -26.55653 25.05692 -8.60237 0.18588 0.77779 -0.26102 0.54070
1403638536.2778294086 -27.14193 25.73850 -8.71048 0.18636 0.77755 -0.26091 0.54094
1403638536.3778295517 -27.73143 26.43432 -8.81958 0.18683 0.77726 -0.26084 0.54123
1403638536.4778294563 -28.32511 27.14502 -8.92980 0.18731 0.77698 -0.26074 0.54150
1403638536.5778295994 -28.92246 27.87122 -9.04115 0.18770 0.77673 -0.26067 0.54176
1403638536.6778295040 -29.52320 28.61328 -9.15373 0.18819 0.77647 -0.26058 0.54201
1403638536.7778294086 -30.12690 29.37159 -9.26760 0.18877 0.77615 -0.26055 0.54229
1403638536.8778295517 -30.73274 30.14683 -9.38255 0.18925 0.77580 -0.26056 0.54260
1403638536.9778294563 -31.34046 30.93942 -9.49878 0.18972 0.77554 -0.26056 0.54281
1403638537.0778295994 -31.94963 31.74989 -9.61646 0.19028 0.77531 -0.26040 0.54303
1403638537.1778295040 -32.55991 32.57858 -9.73540 0.19098 0.77502 -0.26032 0.54323
1403638537.2778294086 -33.17119 33.42519 -9.85548 0.19169 0.77481 -0.26023 0.54332
1403638537.3778295517 -33.78389 34.28956 -9.97687 0.19231 0.77456 -0.26017 0.54349
1403638537.4778294563 -34.39697 35.17254 -10.09958 0.19290 0.77431 -0.26011 0.54367
1403638537.5778295994 -35.01126 36.07401 -10.22364 0.19354 0.77410 -0.25997 0.54380
1403638537.6778295040 -35.62392 36.99669 -10.34919 0.19427 0.77386 -0.25989 0.54393
1403638537.7778294086 -36.23258 37.94275 -10.47597 0.19494 0.77358 -0.25980 0.54413
1403638537.8778295517 -36.83259 38.91488 -10.60405 0.19572 0.77343 -0.25964 0.54414
1403638537.9778294563 -37.42366 39.91461 -10.73337 0.19653 0.77314 -0.25965 0.54425
1403638538.0778295994 -38.01263 40.93529 -10.86399 0.19728 0.77287 -0.25953 0.54442
1403638538.1778295040 -38.62938 41.94878 -10.99602 0.19801 0.77260 -0.25950 0.54455
1403638538.2778294086 -39.27728 42.95126 -11.12994 0.19864 0.77240 -0.25943 0.54465
1403638538.3778295517 -39.93037 43.96921 -11.26515 0.19947 0.77208 -0.25934 0.54483
1403638538.4778294563 -40.56234 45.02629 -11.40138 0.20013 0.77186 -0.25921 0.54497
1403638538.5778295994 -41.16662 46.12798 -11.53904 0.20109 0.77157 -0.25911 0.54507
1403638538.6778295040 -41.74508 47.27134 -11.67816 0.20181 0.77116 -0.25900 0.54544
1403638538.7778294086 -42.31327 48.44186 -11.81881 0.20274 0.77021 -0.25844 0.54670
1403638538.8778295517 -42.89868 49.61426 -11.96075 0.20320 0.76912 -0.25752 0.54849
1403638538.9778294563 -43.50359 50.78764 -12.10089 0.20639 0.76420 -0.25524 0.55521
1403638539.0778295994 -44.11459 51.97456 -12.24104 0.21039 0.75785 -0.25479 0.56256
1403638539.1778295040 -44.74218 53.16409 -12.37776 0.21218 0.75214 -0.25350 0.57009
1403638539.2778294086 -45.31800 54.41638 -12.50829 0.21434 0.74834 -0.25169 0.57506
1403638539.3778295517 -45.89140 55.69040 -12.63296 0.21484 0.74909 -0.25168 0.57391
1403638539.4778294563 -46.45211 56.99518 -12.75312 0.21497 0.75112 -0.25151 0.57127
1403638539.5778295994 -47.02605 58.31284 -12.87215 0.21557 0.75212 -0.25072 0.57007
1403638539.6778295040 -48.01074 59.57287 -12.99728 0.21678 0.75289 -0.25043 0.56872
1403638539.7778294086 -48.16966 61.47771 -13.13746 0.22166 0.75400 -0.24964 0.56571
1403638539.8778295517 -47.74037 63.81099 -13.28687 0.22581 0.75607 -0.25114 0.56062
1403638539.9778294563 -46.90542 66.40416 -13.43956 0.22914 0.76011 -0.25418 0.55238
1403638540.0778295994 -45.78709 69.02700 -13.59593 0.23347 0.76579 -0.25755 0.54104
1403638540.1778295040 -44.23187 71.85363 -13.75475 0.24060 0.76879 -0.26179 0.53154
1403638540.2778294086 -42.09196 74.57192 -13.88690 0.25257 0.76392 -0.26131 0.53324
1403638540.3778295517 -38.85105 77.68519 -14.02795 0.26729 0.75715 -0.26073 0.53600
1403638541.5778295994 0.08233 0.04460 0.02330 -0.09968 0.80279 0.16130 0.56531
1403638541.6778295040 0.16491 0.09836 0.04254 -0.09588 0.80208 0.15899 0.56763
1403638541.7778294086 0.22085 0.14401 0.06921 -0.10264 0.80050 0.16262 0.56764
1403638541.8778295517 0.27343 0.19631 0.10097 -0.11119 0.79911 0.16915 0.56608
1403638541.9778294563 0.32384 0.25027 0.12935 -0.12031 0.79797 0.18154 0.56197
1403638542.0778295994 0.37320 0.30626 0.15080 -0.13226 0.79572 0.19710 0.55721
1403638542.1778295040 0.42234 0.36430 0.16590 -0.14626 0.79158 0.21599 0.55260
1403638542.2778294086 0.46957 0.42522 0.17457 -0.15981 0.78706 0.23850 0.54600
1403638542.3778295517 0.51805 0.48999 0.17958 -0.17239 0.77884 0.25941 0.54442
1403638542.4778294563 0.56469 0.55652 0.18232 -0.17792 0.76474 0.27851 0.55312
1403638542.5778295994 0.60590 0.62238 0.18287 -0.17343 0.75220 0.29586 0.56266
1403638542.6778295040 0.63354 0.68367 0.18562 -0.17315 0.74863 0.30451 0.56289
1403638542.7778294086 0.65255 0.74595 0.19472 -0.18090 0.75309 0.30306 0.55523
1403638542.8778295517 0.66504 0.80831 0.21070 -0.18630 0.75903 0.29955 0.54720
1403638542.9778294563 0.67423 0.87057 0.23367 -0.18896 0.76437 0.29585 0.54084
1403638543.0778295994 0.68217 0.93255 0.25862 -0.19010 0.76883 0.29205 0.53616
1403638543.1778295040 0.68983 0.99673 0.27872 -0.18855 0.77098 0.28864 0.53547
1403638543.2778294086 0.70163 1.05937 0.29237 -0.18711 0.77229 0.28529 0.53587
1403638543.3778295517 0.71323 1.12382 0.30027 -0.18464 0.77435 0.28336 0.53479
1403638543.4778294563 0.72683 1.18905 0.30423 -0.18510 0.77399 0.28677 0.53333
1403638543.5778295994 0.74167 1.25282 0.30395 -0.18867 0.77137 0.29689 0.53033
1403638543.6778295040 0.75600 1.31801 0.30071 -0.19407 0.76584 0.31349 0.52683
1403638543.7778294086 0.76911 1.38594 0.29966 -0.20283 0.75780 0.33362 0.52278
1403638543.8778295517 0.78210 1.45620 0.30626 -0.21321 0.74766 0.35495 0.51919
1403638543.9778294563 0.79516 1.53080 0.32094 -0.22612 0.73919 0.37223 0.51373
1403638544.0778295994 0.80718 1.60655 0.33981 -0.24012 0.73528 0.38281 0.50514
1403638544.1778295040 0.81939 1.68459 0.35860 -0.25020 0.73210 0.38901 0.50011
1403638544.2778294086 0.83244 1.76364 0.37061 -0.25715 0.72925 0.39240 0.49809
1403638544.3778295517 0.84651 1.84369 0.37609 -0.25908 0.72821 0.39517 0.49642
1403638544.4778294563 0.86173 1.92573 0.37762 -0.25871 0.72830 0.39656 0.49536
1403638544.5778295994 0.88164 2.00920 0.37837 -0.26111 0.72544 0.39593 0.49880
1403638544.6778295040 0.89694 2.09614 0.38470 -0.26689 0.71850 0.39538 0.50617
1403638544.7778294086 0.91730 2.18067 0.39544 -0.26860 0.71747 0.39656 0.50580
1403638544.8778295517 0.92850 2.26550 0.40327 -0.26699 0.72011 0.39908 0.50088
1403638544.9778294563 0.94833 2.34895 0.40640 -0.26754 0.72074 0.40002 0.49894
1403638545.0778295994 0.96869 2.43267 0.40414 -0.26938 0.71936 0.40009 0.49988
1403638545.1778295040 0.97594 2.51776 0.39545 -0.26950 0.71835 0.40125 0.50034
1403638545.2778294086 0.99542 2.60010 0.38109 -0.26924 0.71750 0.40307 0.50024
1403638545.3778295517 1.01553 2.68251 0.36214 -0.27141 0.71473 0.40227 0.50366
1403638545.4778294563 1.01801 2.76735 0.33870 -0.27368 0.71402 0.40314 0.50274
1403638545.5778295994 1.03324 2.85001 0.31943 -0.27807 0.71150 0.40985 0.49846
1403638545.6778295040 1.03369 2.93649 0.30629 -0.28684 0.70505 0.42111 0.49324
1403638545.7778294086 1.03615 3.02260 0.30108 -0.29561 0.69635 0.43737 0.48624
1403638545.8778295517 1.04003 3.11254 0.30433 -0.30641 0.68485 0.45665 0.47808
1403638545.9778294563 1.04583 3.23460 0.32136 -0.31619 0.67174 0.47852 0.46883
1403638546.0778295994 1.04803 3.34127 0.34417 -0.32346 0.65883 0.49778 0.46210
1403638546.1778295040 1.04846 3.44427 0.36239 -0.33237 0.64909 0.51079 0.45531
1403638546.2778294086 1.05029 3.54935 0.37144 -0.33832 0.64360 0.51902 0.44938
1403638546.3778295517 1.05338 3.65119 0.37309 -0.34538 0.64152 0.52185 0.44367
1403638546.4778294563 1.05696 3.74910 0.36865 -0.34888 0.64063 0.52375 0.43996
1403638546.5778295994 1.05989 3.84694 0.36424 -0.35072 0.63798 0.52749 0.43788
1403638546.6778295040 1.06046 3.94525 0.36640 -0.35508 0.63240 0.53373 0.43489
1403638546.7778294086 1.06080 4.04502 0.37890 -0.35826 0.62715 0.53975 0.43244
1403638546.8778295517 1.05957 4.14666 0.40026 -0.35964 0.62288 0.54500 0.43088
1403638546.9778294563 1.05655 4.24951 0.42057 -0.35909 0.61899 0.54972 0.43094
1403638547.0778295994 1.05130 4.35397 0.43479 -0.35767 0.61601 0.55323 0.43191
1403638547.1778295040 1.04300 4.46196 0.44288 -0.35529 0.61353 0.55671 0.43293
1403638547.2778294086 1.03138 4.57081 0.44743 -0.35373 0.61187 0.55833 0.43446
1403638547.3778295517 1.01412 4.68266 0.44845 -0.35715 0.61325 0.55642 0.43217
1403638547.4778294563 0.99453 4.79528 0.44649 -0.36174 0.61645 0.55296 0.42822
1403638547.5778295994 0.97268 4.90952 0.44059 -0.36478 0.61998 0.54982 0.42457
1403638547.6778295040 0.94846 5.02604 0.42937 -0.36565 0.62115 0.54856 0.42374
1403638547.7778294086 0.92384 5.14300 0.41437 -0.36366 0.62048 0.54913 0.42568
1403638547.8778295517 0.89616 5.26129 0.39579 -0.36062 0.61742 0.55140 0.42977
1403638547.9778294563 0.86674 5.37998 0.37903 -0.36078 0.61724 0.55183 0.42936
1403638548.0778295994 0.83340 5.49965 0.36914 -0.36363 0.61656 0.55449 0.42447
1403638548.1778295040 0.79868 5.62259 0.36736 -0.36786 0.61252 0.55979 0.41968
1403638548.2778294086 0.75990 5.74686 0.37321 -0.37443 0.60564 0.56827 0.41239
1403638548.3778295517 0.72003 5.87086 0.38758 -0.38201 0.59558 0.57947 0.40444
1403638548.4778294563 0.68104 5.98115 0.40727 -0.39014 0.58532 0.58981 0.39663
1403638548.5778295994 0.64283 6.09993 0.42418 -0.39654 0.57700 0.59737 0.39112
1403638548.6778295040 0.60581 6.22211 0.43583 -0.40120 0.57126 0.60255 0.38681
1403638548.7778294086 0.56858 6.34953 0.44559 -0.40378 0.56725 0.60636 0.38407
1403638548.8778295517 0.52996 6.48144 0.46125 -0.40491 0.56505 0.60893 0.38206
1403638548.9778294563 0.48997 6.61710 0.48394 -0.40613 0.56407 0.60977 0.38087
1403638549.0778295994 0.44791 6.75168 0.51223 -0.40643 0.56391 0.61013 0.38022
1403638549.1778295040 0.40640 6.88772 0.54669 -0.40754 0.56399 0.60915 0.38047
1403638549.2778294086 0.36314 7.02675 0.58612 -0.40804 0.56502 0.60817 0.37998
1403638549.3778295517 0.32074 7.16858 0.63013 -0.41016 0.56673 0.60585 0.37886
1403638549.4778294563 0.27709 7.31110 0.67167 -0.41180 0.56837 0.60376 0.37796
1403638549.5778295994 0.23524 7.45543 0.70755 -0.41316 0.56859 0.60202 0.37891
1403638549.6778295040 0.19330 7.60008 0.73917 -0.41446 0.56822 0.60047 0.38050
1403638549.7778294086 0.15473 7.74462 0.77020 -0.41286 0.56845 0.60099 0.38109
1403638549.8778295517 0.11537 7.89178 0.80793 -0.41171 0.57000 0.60121 0.37966
1403638549.9778294563 0.07748 8.04284 0.85367 -0.41132 0.57093 0.60128 0.37856
1403638550.0778295994 0.03925 8.19797 0.90841 -0.41150 0.57135 0.60104 0.37813
1403638550.1778295040 0.00465 8.35477 0.97082 -0.41223 0.57188 0.60091 0.37674
1403638550.2778294086 -0.03000 8.51187 1.04117 -0.41165 0.57145 0.60175 0.37669
1403638550.3778295517 -0.06137 8.67093 1.11503 -0.41182 0.57048 0.60206 0.37746
1403638550.4778294563 -0.09300 8.83103 1.18177 -0.41438 0.57119 0.60054 0.37601
1403638550.5778295994 -0.11932 8.99417 1.24182 -0.41826 0.57202 0.59812 0.37430
1403638550.6778295040 -0.14246 9.15748 1.29697 -0.42332 0.57064 0.59455 0.37640
1403638550.7778294086 -0.16166 9.31798 1.34791 -0.42640 0.57005 0.59221 0.37751
1403638550.8778295517 -0.17650 9.47851 1.39608 -0.43258 0.56656 0.58770 0.38275
1403638550.9778294563 -0.18884 9.63712 1.44068 -0.43853 0.56267 0.58296 0.38892
1403638551.0778295994 -0.19839 9.78827 1.48164 -0.44238 0.56038 0.57989 0.39244
1403638551.1778295040 -0.20399 9.93290 1.52448 -0.44671 0.56100 0.57708 0.39079
1403638551.2778294086 -0.20400 10.07095 1.57232 -0.44730 0.56282 0.57601 0.38906
1403638551.3778295517 -0.19756 10.19965 1.62276 -0.44244 0.57068 0.57331 0.38716
1403638551.4778294563 -0.18231 10.32378 1.66926 -0.43517 0.58362 0.56460 0.38890
1403638551.5778295994 -0.16057 10.44301 1.71074 -0.42916 0.59947 0.54901 0.39376
1403638551.6778295040 -0.12957 10.56106 1.74653 -0.42258 0.61727 0.53137 0.39755
1403638551.7778294086 -0.08891 10.67688 1.77796 -0.41384 0.63225 0.51360 0.40645
1403638551.8778295517 -0.03872 10.78978 1.80558 -0.40425 0.64356 0.49860 0.41691
1403638551.9778294563 0.02085 10.89807 1.83684 -0.39304 0.64729 0.49118 0.43043
1403638552.0778295994 0.08793 10.99999 1.87580 -0.38409 0.64905 0.48633 0.44124
1403638552.1778295040 0.16060 11.09375 1.91899 -0.37841 0.65403 0.48354 0.44185
1403638552.2778294086 0.23947 11.17833 1.96603 -0.37439 0.65798 0.48277 0.44026
1403638552.3778295517 0.32320 11.25814 2.01211 -0.37671 0.65899 0.48006 0.43974
1403638552.4778294563 0.40682 11.33795 2.05366 -0.38404 0.65571 0.47419 0.44464
1403638552.5778295994 0.50159 11.40826 2.08983 -0.39010 0.65202 0.47071 0.44847
1403638552.6778295040 0.60281 11.46833 2.11958 -0.39135 0.64935 0.47206 0.44983
1403638552.7778294086 0.71019 11.51724 2.14324 -0.39141 0.64817 0.47455 0.44886
1403638552.8778295517 0.81426 11.56514 2.16206 -0.38922 0.64663 0.47830 0.44900
1403638552.9778294563 0.93191 11.59575 2.17599 -0.38559 0.64357 0.48450 0.44990
1403638553.0778295994 1.04289 11.62832 2.18503 -0.38196 0.64105 0.48964 0.45101
1403638553.1778295040 1.16510 11.64339 2.19157 -0.38817 0.63676 0.48840 0.45312
1403638553.2778294086 1.27981 11.66348 2.19817 -0.39565 0.63123 0.48474 0.45830
1403638553.3778295517 1.40606 11.65852 2.20961 -0.39811 0.62554 0.48549 0.46314
1403638553.4778294563 1.53296 11.63768 2.22595 -0.39558 0.61937 0.48891 0.46996
1403638553.5778295994 1.65646 11.60068 2.24705 -0.39314 0.61453 0.49166 0.47547
1403638553.6778295040 1.77491 11.54865 2.27121 -0.39111 0.61315 0.49380 0.47671
1403638553.7778294086 1.88418 11.47859 2.30068 -0.38891 0.61344 0.49545 0.47641
1403638553.8778295517 1.98532 11.41070 2.33513 -0.38607 0.61542 0.49663 0.47494
1403638553.9778294563 2.06859 11.31161 2.36651 -0.38370 0.61910 0.49647 0.47224
1403638554.0778295994 2.15024 11.21657 2.39264 -0.38095 0.62294 0.49675 0.46911
1403638554.1778295040 2.22277 11.10828 2.41446 -0.37453 0.62625 0.49977 0.46664
1403638554.2778294086 2.29865 11.00975 2.42892 -0.36550 0.63234 0.50524 0.45966
1403638554.3778295517 2.36830 10.90797 2.44056 -0.35850 0.63584 0.50932 0.45583
1403638554.4778294563 2.43799 10.81153 2.45017 -0.35518 0.63748 0.51101 0.45425
1403638554.5778295994 2.50382 10.71812 2.45650 -0.35569 0.63870 0.51017 0.45306
1403638554.6778295040 2.57218 10.62907 2.46384 -0.36096 0.64144 0.50614 0.44953
1403638554.7778294086 2.63500 10.53740 2.47625 -0.36547 0.64248 0.50246 0.44853
1403638554.8778295517 2.70524 10.45108 2.49234 -0.36824 0.64291 0.50031 0.44806
1403638554.9778294563 2.77825 10.36414 2.50901 -0.37064 0.64385 0.49700 0.44842
1403638555.0778295994 2.84836 10.27545 2.51972 -0.36707 0.64726 0.49249 0.45142
1403638555.1778295040 2.92403 10.18597 2.52396 -0.36036 0.65373 0.48591 0.45461
1403638555.2778294086 2.99603 10.09928 2.52270 -0.35440 0.66027 0.47776 0.45846
1403638555.3778295517 3.07228 10.01220 2.51884 -0.34754 0.66366 0.47291 0.46382
1403638555.4778294563 3.15216 9.92338 2.51162 -0.34196 0.66586 0.46973 0.46803
1403638555.5778295994 3.23524 9.83346 2.50224 -0.33985 0.66723 0.46701 0.47033
1403638555.6778295040 3.31991 9.74241 2.49834 -0.33944 0.66893 0.46536 0.46986
1403638555.7778294086 3.40594 9.64927 2.50534 -0.33864 0.67002 0.46553 0.46870
1403638555.8778295517 3.48899 9.55291 2.52110 -0.33791 0.67001 0.46648 0.46830
1403638555.9778294563 3.57627 9.45995 2.54059 -0.33697 0.66850 0.46805 0.46956
1403638556.0778295994 3.66107 9.36681 2.56402 -0.33540 0.66857 0.46935 0.46928
1403638556.1778295040 3.75014 9.27688 2.58214 -0.33468 0.67273 0.47006 0.46311
1403638556.2778294086 3.83666 9.18481 2.59361 -0.33301 0.67598 0.47118 0.45841
1403638556.3778295517 3.93006 9.10035 2.60144 -0.33221 0.67782 0.47212 0.45530
1403638556.4778294563 4.01949 9.01511 2.60779 -0.32955 0.68094 0.47347 0.45115
1403638556.5778295994 4.11804 8.94188 2.61450 -0.32947 0.68365 0.47334 0.44725
1403638556.6778295040 4.22054 8.87788 2.62297 -0.33735 0.68613 0.46753 0.44365
1403638556.7778294086 4.31763 8.80682 2.63949 -0.34395 0.68320 0.46253 0.44834
1403638556.8778295517 4.42710 8.74816 2.66271 -0.35031 0.68159 0.45832 0.45017
1403638556.9778294563 4.53903 8.70032 2.69070 -0.35416 0.68010 0.45576 0.45201
1403638557.0778295994 4.62800 8.68829 2.71598 -0.35210 0.67910 0.45680 0.45407
1403638557.1778295040 4.72305 8.66852 2.73375 -0.35002 0.67784 0.45801 0.45633
1403638557.2778294086 4.82272 8.64592 2.74448 -0.34853 0.67706 0.45886 0.45779
1403638557.3778295517 4.92867 8.61925 2.75138 -0.34572 0.67605 0.46081 0.45944
1403638557.4778294563 5.03781 8.59058 2.76113 -0.34001 0.67317 0.46500 0.46369
1403638557.5778295994 5.14047 8.56720 2.77734 -0.33493 0.67111 0.46786 0.46748
1403638557.6778295040 5.24441 8.53892 2.79731 -0.33189 0.67022 0.46958 0.46920
1403638557.7778294086 5.34574 8.51097 2.81960 -0.33132 0.67026 0.46908 0.47005
1403638557.8778295517 5.44577 8.47976 2.83627 -0.32790 0.67047 0.47026 0.47096
1403638557.9778294563 5.54459 8.44782 2.84577 -0.32465 0.67189 0.47172 0.46973
1403638558.0778295994 5.64233 8.41674 2.84831 -0.32313 0.67582 0.47243 0.46440
1403638558.1778295040 5.74054 8.38767 2.84753 -0.31971 0.68173 0.47399 0.45646
1403638558.2778294086 5.84069 8.36306 2.85200 -0.31582 0.68591 0.47572 0.45108
1403638558.3778295517 5.94240 8.34597 2.86683 -0.31095 0.68720 0.47844 0.44963
1403638558.4778294563 6.04419 8.33449 2.89020 -0.30440 0.69079 0.48215 0.44461
1403638558.5778295994 6.14592 8.33259 2.92144 -0.30549 0.69342 0.48089 0.44111
1403638558.6778295040 6.24974 8.33997 2.95983 -0.31380 0.69436 0.47444 0.44080
1403638558.7778294086 6.35594 8.35227 2.99744 -0.32152 0.69430 0.46823 0.44198
1403638558.8778295517 6.46675 8.37053 3.02825 -0.32429 0.69307 0.46606 0.44416
1403638558.9778294563 6.58234 8.39187 3.05260 -0.32643 0.68827 0.46471 0.45141
1403638559.0778295994 6.70195 8.41511 3.06971 -0.32737 0.68377 0.46444 0.45780
1403638559.1778295040 6.82357 8.44076 3.08022 -0.32794 0.68029 0.46481 0.46218
1403638559.2778294086 6.94609 8.46728 3.08486 -0.32610 0.67734 0.46713 0.46546
1403638559.3778295517 7.06849 8.49427 3.08321 -0.32267 0.67490 0.47037 0.46813
1403638559.4778294563 7.18641 8.52275 3.07609 -0.32074 0.67248 0.47254 0.47075
1403638559.5778295994 7.30115 8.55235 3.06351 -0.31980 0.67024 0.47401 0.47309
1403638559.6778295040 7.41043 8.58401 3.04754 -0.32056 0.66914 0.47421 0.47394
1403638559.7778294086 7.51501 8.61538 3.03530 -0.32091 0.66827 0.47486 0.47429
1403638559.8778295517 7.61570 8.64996 3.02856 -0.32225 0.66904 0.47416 0.47298
1403638559.9778294563 7.71444 8.68413 3.02256 -0.32119 0.67277 0.46832 0.47423
1403638560.0778295994 7.81232 8.72100 3.01031 -0.31610 0.68101 0.45573 0.47814
1403638560.1778295040 7.90975 8.75729 2.99132 -0.30678 0.69125 0.43796 0.48606
1403638560.2778294086 8.00703 8.79411 2.96763 -0.29491 0.70268 0.41712 0.49526
1403638560.3778295517 8.10340 8.83071 2.94225 -0.28423 0.71122 0.39308 0.50879
1403638560.4778294563 8.19718 8.86639 2.91361 -0.27202 0.72001 0.36818 0.52157
1403638560.5778295994 8.28817 8.89822 2.88081 -0.26106 0.73009 0.34157 0.53118
1403638560.6778295040 8.37612 8.92551 2.84463 -0.25149 0.74151 0.31382 0.53706
1403638560.7778294086 8.46075 8.94553 2.81147 -0.24457 0.75105 0.28856 0.54114
1403638560.8778295517 8.54326 8.95631 2.78593 -0.23419 0.75820 0.26598 0.54731
1403638560.9778294563 8.62589 8.95949 2.76788 -0.22228 0.76312 0.24519 0.55509
1403638561.0778295994 8.70675 8.95377 2.75801 -0.21039 0.76626 0.22538 0.56372
1403638561.1778295040 8.78293 8.93794 2.75393 -0.19982 0.76815 0.20773 0.57172
1403638561.2778294086 8.85498 8.91419 2.75658 -0.19321 0.76881 0.19439 0.57776
1403638561.3778295517 8.92188 8.88201 2.76104 -0.18418 0.77358 0.18982 0.57586
1403638561.4778294563 8.98641 8.84376 2.76090 -0.17053 0.77937 0.19368 0.57095
1403638561.5778295994 9.04964 8.80226 2.75485 -0.16080 0.78273 0.19859 0.56748
1403638561.6778295040 9.11134 8.75903 2.74345 -0.15694 0.78434 0.20159 0.56528
1403638561.7778294086 9.17199 8.71482 2.72727 -0.15602 0.78450 0.20396 0.56447
1403638561.8778295517 9.22657 8.66512 2.70597 -0.15357 0.78386 0.20462 0.56579
1403638561.9778294563 9.28246 8.61769 2.67973 -0.14848 0.78501 0.20033 0.56708
1403638562.0778295994 9.33279 8.56539 2.65622 -0.14118 0.78710 0.19167 0.56903
1403638562.1778295040 9.38085 8.51522 2.63976 -0.13370 0.78932 0.18204 0.57093
1403638562.2778294086 9.43018 8.46672 2.62800 -0.12737 0.79071 0.17390 0.57298
1403638562.3778295517 9.47548 8.41712 2.62262 -0.12149 0.79209 0.16203 0.57582
1403638562.4778294563 9.51951 8.36548 2.62109 -0.11371 0.79506 0.14610 0.57758
1403638562.5778295994 9.56362 8.31334 2.62686 -0.10430 0.79816 0.12618 0.57978
1403638562.6778295040 9.60512 8.25913 2.63683 -0.09569 0.80187 0.10221 0.58086
1403638562.7778294086 9.64404 8.20279 2.64839 -0.08698 0.80443 0.07610 0.58270
1403638562.8778295517 9.67659 8.14129 2.65563 -0.07368 0.80645 0.05163 0.58441
1403638562.9778294563 9.70511 8.07500 2.65724 -0.05939 0.80792 0.02910 0.58557
1403638563.0778295994 9.72991 8.00536 2.65343 -0.05054 0.80857 0.00512 0.58620
1403638563.1778295040 9.74960 7.92975 2.64482 -0.03881 0.80902 -0.01448 0.58632
1403638563.2778294086 9.76435 7.84942 2.63238 -0.02752 0.80631 -0.02831 0.59017
1403638563.3778295517 9.77214 7.76477 2.61611 -0.02124 0.79882 -0.03821 0.59998
1403638563.4778294563 9.77101 7.67678 2.59437 -0.02007 0.79293 -0.04545 0.60729
1403638563.5778295994 9.75965 7.58517 2.57215 -0.01418 0.79347 -0.04535 0.60675
1403638563.6778295040 9.73807 7.49122 2.55596 -0.01342 0.79699 -0.04565 0.60212
1403638563.7778294086 9.70887 7.39327 2.54637 -0.01588 0.79925 -0.04625 0.59901
1403638563.8778295517 9.67779 7.28960 2.54570 -0.01872 0.79886 -0.04552 0.59950
1403638563.9778294563 9.63749 7.18102 2.55108 -0.02187 0.79776 -0.04415 0.60095
1403638564.0778295994 9.59364 7.06556 2.55366 -0.02610 0.79837 -0.04199 0.60014
1403638564.1778295040 9.54491 6.94328 2.55132 -0.02766 0.79820 -0.03739 0.60059
1403638564.2778294086 9.48589 6.81698 2.54657 -0.02659 0.79643 -0.03211 0.60329
1403638564.3778295517 9.42679 6.68461 2.54637 -0.02663 0.79493 -0.02710 0.60551
1403638564.4778294563 9.35658 6.54790 2.55311 -0.02581 0.79352 -0.02292 0.60757
1403638564.5778295994 9.28150 6.40512 2.56364 -0.02847 0.79528 -0.02233 0.60516
1403638564.6778295040 9.19757 6.25863 2.57185 -0.03346 0.79702 -0.02513 0.60250
1403638564.7778294086 9.10848 6.10657 2.57355 -0.03714 0.79769 -0.02813 0.60126
1403638564.8778295517 9.01377 5.94884 2.56691 -0.03932 0.79713 -0.03059 0.60174
1403638564.9778294563 8.91595 5.78488 2.54271 -0.04110 0.79668 -0.03231 0.60214
1403638565.0778295994 8.81242 5.61494 2.50169 -0.04230 0.79694 -0.03302 0.60167
1403638565.1778295040 8.70549 5.43875 2.44590 -0.04273 0.79757 -0.03319 0.60080
1403638565.2778294086 8.59575 5.25805 2.38483 -0.04087 0.79842 -0.03248 0.59983
1403638565.3778295517 8.48308 5.07342 2.32103 -0.03795 0.79933 -0.03129 0.59887
1403638565.4778294563 8.36729 4.88204 2.25689 -0.03492 0.79858 -0.03039 0.60011
1403638565.5778295994 8.24878 4.68438 2.19914 -0.02835 0.79633 -0.02819 0.60355
1403638565.6778295040 8.12491 4.48309 2.15038 -0.01654 0.79582 -0.02223 0.60490
1403638565.7778294086 7.99734 4.28296 2.10874 -0.00730 0.79842 -0.01785 0.60180
1403638565.8778295517 7.86265 4.08531 2.07491 0.00012 0.80051 -0.01458 0.59914
1403638565.9778294563 7.72368 3.89150 2.04495 0.00276 0.80236 -0.01519 0.59663
1403638566.0778295994 7.58253 3.70227 2.00960 0.00446 0.80340 -0.01564 0.59521
1403638566.1778295040 7.43947 3.51654 1.96627 0.00252 0.80364 -0.01713 0.59487
1403638566.2778294086 7.29391 3.33414 1.91530 0.00323 0.80325 -0.01638 0.59541
1403638566.3778295517 7.14810 3.15537 1.85635 0.00362 0.80426 -0.01537 0.59407
1403638566.4778294563 7.00236 2.97946 1.79175 0.00036 0.80457 -0.01613 0.59364
1403638566.5778295994 6.85609 2.80706 1.72188 -0.00013 0.80773 -0.01434 0.58937
1403638566.6778295040 6.70973 2.63892 1.64489 -0.00044 0.81707 -0.01235 0.57641
1403638566.7778294086 6.56705 2.47469 1.56318 -0.00057 0.82878 -0.01032 0.55947
1403638566.8778295517 6.43098 2.31415 1.47835 -0.00175 0.83684 -0.00895 0.54737
1403638566.9778294563 6.30287 2.15715 1.39130 -0.00146 0.84073 -0.00607 0.54142
1403638567.0778295994 6.18382 2.00595 1.30651 -0.00191 0.83258 -0.00488 0.55387
1403638567.1778295040 6.07229 1.85877 1.21953 -0.00029 0.82017 -0.00316 0.57211
1403638567.2778294086 5.96630 1.71600 1.12790 0.00257 0.81150 -0.00167 0.58435
1403638567.3778295517 5.86060 1.57881 1.03116 0.00554 0.80963 -0.00122 0.58691
1403638567.4778294563 5.75541 1.44761 0.93822 0.00766 0.81056 -0.00223 0.58561
1403638567.5778295994 5.65115 1.32155 0.85173 0.00934 0.81424 -0.00401 0.58044
1403638567.6778295040 5.54820 1.19966 0.77416 0.01300 0.81761 -0.00458 0.57561
1403638567.7778294086 5.44929 1.08253 0.70550 0.01530 0.82099 -0.00514 0.57072
1403638567.8778295517 5.35633 0.97057 0.64473 0.01477 0.82456 -0.00737 0.56554
1403638567.9778294563 5.27232 0.86311 0.59037 0.01486 0.82563 -0.00839 0.56396
1403638568.0778295994 5.19466 0.75907 0.54353 0.01791 0.82552 -0.00664 0.56405
1403638568.1778295040 5.12147 0.65934 0.50524 0.01993 0.82484 -0.00537 0.56498
1403638568.2778294086 5.04984 0.56334 0.47394 0.02087 0.82477 -0.00563 0.56505
1403638568.3778295517 4.98079 0.47125 0.44288 0.02090 0.82530 -0.00592 0.56428
1403638568.4778294563 4.91169 0.38613 0.40672 0.02146 0.82612 -0.00584 0.56305
1403638568.5778295994 4.84948 0.30291 0.36714 0.02234 0.82749 -0.00512 0.56101
1403638568.6778295040 4.78998 0.22772 0.32563 0.02376 0.82924 -0.00371 0.55837
1403638568.7778294086 4.73692 0.15623 0.28670 0.02340 0.83057 -0.00369 0.55641
1403638568.8778295517 4.68685 0.09072 0.25589 0.02137 0.82996 -0.00531 0.55739
1403638568.9778294563 4.64177 0.03175 0.23298 0.02328 0.82936 -0.00362 0.55821
1403638569.0778295994 4.60167 -0.02327 0.21830 0.02477 0.82906 -0.00257 0.55860
1403638569.1778295040 4.56607 -0.07133 0.21046 0.02542 0.82987 -0.00252 0.55737
1403638569.2778294086 4.53169 -0.11506 0.20315 0.02755 0.83100 -0.00144 0.55558
1403638569.3778295517 4.50348 -0.15292 0.19095 0.02842 0.83091 -0.00119 0.55568
1403638569.4778294563 4.47919 -0.18615 0.17423 0.02890 0.82939 -0.00076 0.55792
1403638569.5778295994 4.46081 -0.21273 0.15431 0.02957 0.82811 -0.00044 0.55978
1403638569.6778295040 4.44687 -0.23261 0.13950 0.02866 0.82700 -0.00141 0.56147
1403638569.7778294086 4.43534 -0.24626 0.13085 0.02963 0.82613 -0.00082 0.56271
1403638569.8778295517 4.42601 -0.25486 0.12830 0.03070 0.82476 0.00022 0.56466
1403638569.9778294563 4.42005 -0.25861 0.12895 0.02942 0.82324 -0.00064 0.56693
1403638570.0778295994 4.41658 -0.25608 0.12620 0.02713 0.82266 -0.00219 0.56789
1403638570.1778295040 4.41504 -0.24857 0.11697 0.02225 0.82286 -0.00499 0.56779
1403638570.2778294086 4.41479 -0.23778 0.10206 0.01471 0.82243 -0.00965 0.56860
1403638570.3778295517 4.41616 -0.22564 0.08253 0.00845 0.82232 -0.01699 0.56870
1403638570.4778294563 4.42472 -0.21379 0.05752 0.00432 0.82204 -0.03254 0.56849
1403638570.5778295994 4.42959 -0.20645 0.02631 -0.00274 0.82005 -0.05959 0.56918
1403638570.6778295040 4.43555 -0.20609 -0.00958 -0.00191 0.81535 -0.08888 0.57211
1403638570.7778294086 4.43992 -0.21631 -0.04740 0.00512 0.80471 -0.11665 0.58207
1403638570.8778295517 4.43986 -0.23680 -0.08483 0.01736 0.79342 -0.14129 0.59180
1403638570.9778294563 4.43253 -0.26979 -0.12478 0.03255 0.78563 -0.16276 0.59601
1403638571.0778295994 4.41739 -0.31371 -0.16839 0.04934 0.78328 -0.18189 0.59241
1403638571.1778295040 4.39332 -0.36587 -0.20996 0.07094 0.78614 -0.19429 0.58241
1403638571.2778294086 4.36248 -0.42538 -0.24303 0.09118 0.78746 -0.20072 0.57560
1403638571.3778295517 4.32468 -0.49186 -0.26705 0.10374 0.78688 -0.20605 0.57237
1403638571.4778294563 4.28200 -0.56292 -0.28194 0.10941 0.78416 -0.21070 0.57335
1403638571.5778295994 4.23462 -0.63799 -0.29361 0.11604 0.78185 -0.21479 0.57368
1403638571.6778295040 4.18330 -0.71664 -0.31013 0.12208 0.78176 -0.22401 0.56901
1403638571.7778294086 4.12859 -0.79930 -0.33232 0.13007 0.78149 -0.23729 0.56219
1403638571.8778295517 4.07152 -0.88562 -0.35881 0.13729 0.77889 -0.25492 0.55632
1403638571.9778294563 4.01173 -0.97696 -0.38289 0.14484 0.77328 -0.27489 0.55272
1403638572.0778295994 3.94834 -1.07263 -0.39925 0.15382 0.76676 -0.29412 0.54946
1403638572.1778295040 3.88037 -1.17290 -0.40735 0.16945 0.76024 -0.30934 0.54556
1403638572.2778294086 3.80853 -1.27678 -0.41186 0.18358 0.75629 -0.32592 0.53675
1403638572.3778295517 3.73540 -1.38525 -0.41939 0.19674 0.75186 -0.34425 0.52677
1403638572.4778294563 3.66206 -1.49832 -0.43008 0.21071 0.74820 -0.35731 0.51782
1403638572.5778295994 3.59040 -1.61548 -0.44201 0.22152 0.74462 -0.36591 0.51242
1403638572.6778295040 3.52091 -1.73729 -0.45227 0.22723 0.74303 -0.37121 0.50841
1403638572.7778294086 3.45491 -1.86450 -0.45418 0.23495 0.74450 -0.37083 0.50300
1403638572.8778295517 3.39397 -1.99490 -0.44709 0.23850 0.74699 -0.37001 0.49822
1403638572.9778294563 3.33857 -2.12778 -0.43454 0.23910 0.74915 -0.36897 0.49545
1403638573.0778295994 3.28839 -2.26178 -0.42502 0.23845 0.75118 -0.36781 0.49355
1403638573.1778295040 3.24260 -2.39817 -0.42122 0.23667 0.75272 -0.36667 0.49289
1403638573.2778294086 3.19878 -2.53380 -0.41885 0.23515 0.75406 -0.36471 0.49303
1403638573.3778295517 3.16431 -2.67443 -0.41529 0.23445 0.75476 -0.36396 0.49285
1403638573.4778294563 3.13122 -2.81499 -0.40834 0.23774 0.75486 -0.36417 0.49097
1403638573.5778295994 3.11044 -2.95988 -0.39245 0.23963 0.75469 -0.36468 0.48992
1403638573.6778295040 3.09458 -3.10422 -0.36937 0.24278 0.75496 -0.36546 0.48738
1403638573.7778294086 3.08435 -3.24864 -0.34263 0.24987 0.75130 -0.36918 0.48663
1403638573.8778295517 3.07986 -3.39152 -0.31653 0.26360 0.74099 -0.37527 0.49053
1403638573.9778294563 3.07992 -3.53129 -0.29574 0.27542 0.72570 -0.38940 0.49585
1403638574.0778295994 3.08122 -3.66576 -0.28156 0.28116 0.70573 -0.41163 0.50344
1403638574.1778295040 3.08144 -3.79211 -0.27206 0.28727 0.68386 -0.43636 0.50931
1403638574.2778294086 3.07786 -3.91813 -0.26725 0.29699 0.66553 -0.45927 0.50787
1403638574.3778295517 3.06727 -4.04207 -0.26675 0.30996 0.65253 -0.47967 0.49804
1403638574.4778294563 3.04889 -4.16233 -0.26936 0.32402 0.64117 -0.49809 0.48561
1403638574.5778295994 3.02457 -4.27959 -0.26904 0.33487 0.63070 -0.51255 0.47684
1403638574.6778295040 2.99594 -4.39593 -0.26056 0.34714 0.62436 -0.51983 0.46845
1403638574.7778294086 2.96673 -4.51166 -0.24510 0.35846 0.62415 -0.52243 0.45718
1403638574.8778295517 2.93813 -4.62646 -0.22690 0.36026 0.62631 -0.52680 0.44770
1403638574.9778294563 2.91028 -4.74189 -0.21292 0.35919 0.62878 -0.53003 0.44123
1403638575.0778295994 2.88273 -4.85725 -0.20544 0.35177 0.62753 -0.53549 0.44241
1403638575.1778295040 2.85338 -4.97240 -0.20318 0.34598 0.62488 -0.53897 0.44647
1403638575.2778294086 2.81925 -5.08793 -0.20473 0.34255 0.62360 -0.53987 0.44980
1403638575.3778295517 2.78378 -5.20490 -0.21079 0.33963 0.62689 -0.53993 0.44737
1403638575.4778294563 2.74376 -5.32408 -0.22085 0.33800 0.63237 -0.53820 0.44295
1403638575.5778295994 2.70354 -5.44704 -0.23081 0.33737 0.63728 -0.53570 0.43941
1403638575.6778295040 2.66089 -5.57470 -0.23444 0.34111 0.64345 -0.53040 0.43393
1403638575.7778294086 2.61760 -5.70608 -0.23019 0.34235 0.64990 -0.52733 0.42702
1403638575.8778295517 2.57638 -5.84166 -0.21629 0.34235 0.65407 -0.52521 0.42324
1403638575.9778294563 2.53922 -5.98193 -0.19221 0.34179 0.65440 -0.52450 0.42407
1403638576.0778295994 2.50542 -6.12504 -0.16018 0.34245 0.65495 -0.52318 0.42433
1403638576.1778295040 2.47520 -6.27119 -0.12204 0.34331 0.65327 -0.52292 0.42653
1403638576.2778294086 2.44924 -6.41920 -0.08719 0.34753 0.65364 -0.52051 0.42549
1403638576.3778295517 2.42764 -6.56895 -0.05801 0.35235 0.65501 -0.51766 0.42290
1403638576.4778294563 2.41152 -6.71881 -0.03458 0.35648 0.65745 -0.51523 0.41861
1403638576.5778295994 2.40203 -6.86914 -0.01570 0.36142 0.66134 -0.51237 0.41168
1403638576.6778295040 2.40052 -7.02046 -0.00069 0.36486 0.66265 -0.51026 0.40915
1403638576.7778294086 2.40715 -7.17556 0.01076 0.36980 0.66013 -0.50670 0.41320
1403638576.8778295517 2.42056 -7.33302 0.01711 0.37237 0.65508 -0.50505 0.42086
1403638576.9778294563 2.44091 -7.49095 0.01852 0.37017 0.64876 -0.50699 0.43018
1403638577.0778295994 2.46631 -7.64706 0.01909 0.36574 0.64507 -0.51047 0.43535
1403638577.1778295040 2.49521 -7.80128 0.02692 0.36280 0.64235 -0.51266 0.43926
1403638577.2778294086 2.52703 -7.95421 0.04105 0.36317 0.64289 -0.51240 0.43844
1403638577.3778295517 2.56161 -8.10679 0.06386 0.36995 0.64702 -0.50741 0.43248
1403638577.4778294563 2.60048 -8.25638 0.09224 0.37440 0.64942 -0.50410 0.42891
1403638577.5778295994 2.64499 -8.40501 0.11772 0.37142 0.64949 -0.50586 0.42930
1403638577.6778295040 2.69364 -8.55077 0.13716 0.36797 0.64854 -0.50797 0.43123
1403638577.7778294086 2.74568 -8.69546 0.14941 0.36514 0.64815 -0.50948 0.43244
1403638577.8778295517 2.80248 -8.83922 0.15586 0.36481 0.64837 -0.50923 0.43269
1403638577.9778294563 2.86212 -8.98114 0.16068 0.36554 0.64893 -0.50780 0.43291
1403638578.0778295994 2.92649 -9.12225 0.17121 0.36437 0.64820 -0.50773 0.43508
1403638578.1778295040 2.99442 -9.26205 0.18882 0.35959 0.64532 -0.51021 0.44039
1403638578.2778294086 3.06402 -9.40300 0.21199 0.35086 0.64066 -0.51583 0.44764
1403638578.3778295517 3.13237 -9.54401 0.23439 0.34866 0.63841 -0.51749 0.45064
1403638578.4778294563 3.19884 -9.68427 0.25032 0.34876 0.63808 -0.51789 0.45058
1403638578.5778295994 3.26304 -9.82292 0.26080 0.34868 0.63760 -0.51855 0.45055
1403638578.6778295040 3.32540 -9.96014 0.26806 0.35111 0.63747 -0.51737 0.45020
1403638578.7778294086 3.38560 -10.09657 0.27198 0.35645 0.64001 -0.51389 0.44638
1403638578.8778295517 3.44675 -10.23115 0.27295 0.36163 0.64275 -0.51018 0.44251
1403638578.9778294563 3.50912 -10.36150 0.27356 0.36410 0.64410 -0.50804 0.44098
1403638579.0778295994 3.57453 -10.49407 0.28255 0.36451 0.64479 -0.50697 0.44085
1403638579.1778295040 3.64534 -10.62378 0.30164 0.36514 0.64484 -0.50619 0.44116
1403638579.2778294086 3.71528 -10.74783 0.32557 0.36285 0.64394 -0.50722 0.44318
1403638579.3778295517 3.79093 -10.87028 0.35137 0.35717 0.64082 -0.51111 0.44782
1403638579.4778294563 3.86490 -10.99389 0.37231 0.35128 0.63669 -0.51507 0.45380
1403638579.5778295994 3.93988 -11.11351 0.38828 0.34999 0.63413 -0.51251 0.46122
1403638579.6778295040 4.01169 -11.22995 0.40014 0.35189 0.63457 -0.50040 0.47233
1403638579.7778294086 4.08049 -11.34032 0.40640 0.35006 0.64480 -0.48119 0.47974
1403638579.8778295517 4.14584 -11.44153 0.40620 0.33921 0.66455 -0.45953 0.48181
1403638579.9778294563 4.21587 -11.54074 0.40083 0.32192 0.68425 -0.43418 0.48955
1403638580.0778295994 4.28718 -11.63454 0.39367 0.30708 0.69821 -0.39951 0.50852
1403638580.1778295040 4.35769 -11.71830 0.38362 0.28680 0.71186 -0.36245 0.52880
1403638580.2778294086 4.42531 -11.79198 0.36842 0.26014 0.72825 -0.32742 0.54293
1403638580.3778295517 4.48958 -11.85868 0.34784 0.22975 0.74403 -0.30095 0.55051
1403638580.4778294563 4.54750 -11.92074 0.32345 0.20346 0.75541 -0.28429 0.55420
1403638580.5778295994 4.60017 -11.97921 0.29724 0.18572 0.76256 -0.27074 0.55741
1403638580.6778295040 4.64744 -12.03306 0.27064 0.17020 0.77249 -0.25578 0.55576
1403638580.7778294086 4.68958 -12.08405 0.25061 0.15966 0.78242 -0.24036 0.55186
1403638580.8778295517 4.72540 -12.13138 0.23873 0.15469 0.78920 -0.22905 0.54842
1403638580.9778294563 4.75855 -12.17636 0.23663 0.14848 0.79067 -0.22512 0.54965
1403638581.0778295994 4.79040 -12.22055 0.24281 0.14702 0.79170 -0.22292 0.54946
1403638581.1778295040 4.82346 -12.26639 0.25664 0.14942 0.79161 -0.22111 0.54967
1403638581.2778294086 4.85771 -12.31140 0.27121 0.15350 0.79169 -0.22077 0.54857
1403638581.3778295517 4.89295 -12.35424 0.28566 0.15681 0.79054 -0.22193 0.54882
1403638581.4778294563 4.92742 -12.39554 0.30233 0.15955 0.78842 -0.22365 0.55038
1403638581.5778295994 4.96306 -12.43395 0.32472 0.16264 0.78797 -0.22569 0.54928
1403638581.6778295040 4.99888 -12.47042 0.34627 0.16769 0.78383 -0.22573 0.55366
1403638581.7778294086 5.03393 -12.50312 0.36125 0.16969 0.78032 -0.22734 0.55734
1403638581.8778295517 5.06662 -12.53129 0.36980 0.17255 0.77723 -0.22732 0.56077
1403638581.9778294563 5.09734 -12.55450 0.37513 0.17624 0.76961 -0.22582 0.57065
1403638582.0778295994 5.12383 -12.57199 0.37912 0.17507 0.77136 -0.22751 0.56797
1403638582.1778295040 5.14706 -12.58443 0.39129 0.17128 0.77870 -0.23061 0.55777
1403638582.2778294086 5.17072 -12.59484 0.41548 0.17181 0.78169 -0.23053 0.55344
1403638582.3778295517 5.19366 -12.60263 0.45165 0.17419 0.77833 -0.22834 0.55832
1403638582.4778294563 5.21902 -12.60876 0.49581 0.17625 0.77713 -0.22675 0.55999
1403638582.5778295994 5.24515 -12.61132 0.55135 0.17729 0.77652 -0.22570 0.56094
1403638582.6778295040 5.27140 -12.61484 0.61531 0.17701 0.77760 -0.22588 0.55944
1403638582.7778294086 5.29800 -12.60976 0.68657 0.17536 0.77919 -0.22767 0.55702
1403638582.8778295517 5.32363 -12.60123 0.75999 0.17588 0.78052 -0.22822 0.55477
1403638582.9778294563 5.34842 -12.58794 0.82706 0.17485 0.78275 -0.22980 0.55129
1403638583.0778295994 5.37226 -12.57149 0.88650 0.17406 0.78527 -0.23147 0.54724
1403638583.1778295040 5.39699 -12.55269 0.93855 0.17413 0.78687 -0.23218 0.54461
1403638583.2778294086 5.42384 -12.53236 0.98468 0.17293 0.78748 -0.23347 0.54356
1403638583.3778295517 5.45242 -12.51087 1.02595 0.17343 0.78714 -0.23303 0.54409
1403638583.4778294563 5.48241 -12.48870 1.06547 0.17359 0.78783 -0.23310 0.54301
1403638583.5778295994 5.51472 -12.46426 1.11208 0.17374 0.78779 -0.23300 0.54306
1403638583.6778295040 5.54754 -12.43586 1.16607 0.17548 0.78805 -0.23178 0.54265
1403638583.7778294086 5.58157 -12.40430 1.22068 0.17525 0.78772 -0.23181 0.54318
1403638583.8778295517 5.61850 -12.36902 1.26928 0.17602 0.78691 -0.23128 0.54434
1403638583.9778294563 5.65644 -12.33314 1.31067 0.17644 0.78690 -0.23095 0.54435
1403638584.0778295994 5.69462 -12.29421 1.34772 0.17928 0.78341 -0.22880 0.54934
1403638584.1778295040 5.73476 -12.25079 1.38192 0.18321 0.77439 -0.22549 0.56206
1403638584.2778294086 5.77290 -12.20581 1.41062 0.18515 0.76531 -0.22336 0.57457
1403638584.3778295517 5.80846 -12.15534 1.43141 0.18665 0.76255 -0.22205 0.57826
1403638584.4778294563 5.83838 -12.09364 1.44748 0.18743 0.76249 -0.22130 0.57837
1403638584.5778295994 5.86315 -12.02757 1.46542 0.18715 0.76266 -0.22140 0.57820
1403638584.6778295040 5.88322 -11.95647 1.49199 0.18492 0.76448 -0.22269 0.57601
1403638584.7778294086 5.90698 -11.87896 1.52425 0.18135 0.77146 -0.22473 0.56697
1403638584.8778295517 5.92097 -11.79820 1.56135 0.17522 0.77922 -0.22916 0.55642
1403638584.9778294563 5.93173 -11.70501 1.59664 0.17343 0.78287 -0.23100 0.55106
1403638585.0778295994 5.94296 -11.60901 1.62579 0.17313 0.78419 -0.23158 0.54904
1403638585.1778295040 5.95639 -11.52161 1.64899 0.17072 0.78403 -0.23318 0.54934
1403638585.2778294086 5.96818 -11.42512 1.66785 0.17174 0.78222 -0.23241 0.55192
1403638585.3778295517 5.98278 -11.33492 1.68218 0.17226 0.78010 -0.23175 0.55503
1403638585.4778294563 5.99329 -11.23579 1.69426 0.17212 0.78050 -0.23190 0.55446
1403638585.5778295994 6.00953 -11.14229 1.71260 0.17135 0.78228 -0.23203 0.55213
1403638585.6778295040 6.02173 -11.04376 1.73871 0.17115 0.78502 -0.23192 0.54833
1403638585.7778294086 6.04015 -10.94815 1.77275 0.16821 0.79004 -0.23397 0.54112
1403638585.8778295517 6.05544 -10.85116 1.81534 0.16562 0.79410 -0.23573 0.53517
1403638585.9778294563 6.08468 -10.74852 1.86489 0.16400 0.79415 -0.23793 0.53463
1403638586.0778295994 6.11155 -10.64621 1.91695 0.16608 0.79001 -0.23753 0.54026
1403638586.1778295040 6.14231 -10.54880 1.96290 0.16803 0.78706 -0.23718 0.54411
1403638586.2778294086 6.16658 -10.44867 2.00335 0.17025 0.78452 -0.23609 0.54755
1403638586.3778295517 6.19487 -10.35154 2.03907 0.17605 0.78127 -0.23252 0.55187
1403638586.4778294563 6.22240 -10.23555 2.06945 0.18437 0.77947 -0.22776 0.55368
1403638586.5778295994 6.25458 -10.12682 2.09494 0.18678 0.77860 -0.22670 0.55453
1403638586.6778295040 6.27001 -10.00777 2.11399 0.18393 0.77956 -0.22882 0.55327
1403638586.7778294086 6.29303 -9.89289 2.12717 0.17985 0.77915 -0.23151 0.55406
1403638586.8778295517 6.30328 -9.76995 2.13497 0.17747 0.77814 -0.23230 0.55592
1403638586.9778294563 6.31889 -9.64884 2.13769 0.17766 0.77775 -0.23193 0.55655
1403638587.0778295994 6.32167 -9.51916 2.13790 0.17667 0.77762 -0.23223 0.55692
1403638587.1778295040 6.32916 -9.39057 2.14346 0.17619 0.77868 -0.23204 0.55567
1403638587.2778294086 6.32728 -9.25587 2.15836 0.17522 0.78041 -0.23194 0.55359
1403638587.3778295517 6.32910 -9.12085 2.17955 0.17461 0.78186 -0.23214 0.55165
1403638587.4778294563 6.32191 -8.97776 2.20377 0.17254 0.78199 -0.23373 0.55144
1403638587.5778295994 6.31912 -8.83639 2.22476 0.17169 0.78191 -0.23458 0.55146
1403638587.6778295040 6.31005 -8.65524 2.23950 0.17179 0.78127 -0.23528 0.55204
1403638587.7778294086 6.31635 -8.49773 2.24999 0.17197 0.78069 -0.23574 0.55260
1403638587.8778295517 6.30107 -8.33480 2.25565 0.17098 0.78029 -0.23652 0.55315
1403638587.9778294563 6.30250 -8.18535 2.25765 0.17080 0.77978 -0.23694 0.55374
1403638588.0778295994 6.28066 -8.03244 2.25677 0.17153 0.77935 -0.23558 0.55471
1403638588.1778295040 6.27559 -7.88797 2.25302 0.17808 0.77998 -0.23104 0.55366
1403638588.2778294086 6.24245 -7.73988 2.24937 0.18037 0.78083 -0.22824 0.55288
1403638588.3778295517 6.22926 -7.59447 2.25200 0.18079 0.78112 -0.22731 0.55272
1403638588.4778294563 6.18535 -7.44872 2.26271 0.17829 0.78124 -0.22782 0.55315
1403638588.5778295994 6.15872 -7.30267 2.28163 0.17542 0.78054 -0.22912 0.55452
1403638588.6778295040 6.09350 -7.15614 2.30781 0.17200 0.77996 -0.22974 0.55615
1403638588.7778294086 6.05200 -7.01002 2.33893 0.16985 0.77847 -0.23069 0.55849
1403638588.8778295517 5.99100 -6.86182 2.36591 0.16648 0.77818 -0.23240 0.55921
1403638588.9778294563 5.96198 -6.71444 2.38593 0.16649 0.77812 -0.23243 0.55927
1403638589.0778295994 5.92898 -6.56143 2.39798 0.16656 0.77858 -0.23252 0.55857
1403638589.1778295040 5.90076 -6.40935 2.40495 0.16800 0.77830 -0.23167 0.55889
1403638589.2778294086 5.83743 -6.25828 2.40758 0.16696 0.77745 -0.23140 0.56049
1403638589.3778295517 5.78168 -6.11075 2.40938 0.16670 0.77721 -0.23084 0.56113
1403638589.4778294563 5.70380 -5.96781 2.41500 0.16548 0.77830 -0.23090 0.55996
1403638589.5778295994 5.65846 -5.82165 2.42681 0.16453 0.77827 -0.23105 0.56021
1403638589.6778295040 5.62159 -5.67276 2.44687 0.16381 0.77913 -0.23099 0.55926
1403638589.7778294086 5.58438 -5.52241 2.47412 0.16415 0.78069 -0.23124 0.55687
1403638589.8778295517 5.55532 -5.36751 2.49936 0.16396 0.78154 -0.23226 0.55532
1403638589.9778294563 5.51850 -5.21471 2.51898 0.16430 0.78152 -0.23266 0.55506
1403638590.0778295994 5.49140 -5.05179 2.53291 0.16373 0.78183 -0.23354 0.55444
1403638590.1778295040 5.45487 -4.89458 2.54269 0.16432 0.78073 -0.23386 0.55567
1403638590.2778294086 5.42653 -4.72896 2.54768 0.16379 0.78033 -0.23453 0.55611
1403638590.3778295517 5.38879 -4.57088 2.54974 0.16405 0.78059 -0.23494 0.55549
1403638590.4778294563 5.35491 -4.40900 2.54895 0.16387 0.78150 -0.23514 0.55418
1403638590.5778295994 5.31599 -4.25291 2.55055 0.16284 0.78255 -0.23575 0.55274
1403638590.6778295040 5.28042 -4.09974 2.55944 0.16064 0.78460 -0.23661 0.55011
1403638590.7778294086 5.24415 -3.95053 2.57798 0.15985 0.78541 -0.23697 0.54902
1403638590.8778295517 5.21249 -3.80477 2.60265 0.15968 0.78667 -0.23681 0.54734
1403638590.9778294563 5.17904 -3.66088 2.63593 0.15832 0.78729 -0.23761 0.54650
1403638591.0778295994 5.15159 -3.51419 2.67167 0.15664 0.78862 -0.23893 0.54448
1403638591.1778295040 5.12075 -3.37408 2.70302 0.15582 0.79285 -0.23988 0.53812
1403638591.2778294086 5.09962 -3.22848 2.72687 0.15329 0.79913 -0.24185 0.52859
1403638591.3778295517 5.08283 -3.08530 2.74569 0.14990 0.80381 -0.24425 0.52130
1403638591.4778294563 5.07006 -2.94894 2.75921 0.14699 0.80693 -0.24621 0.51638
1403638591.5778295994 5.06164 -2.82054 2.76636 0.14399 0.81004 -0.24825 0.51135
1403638591.6778295040 5.05773 -2.69913 2.76947 0.14224 0.81061 -0.24919 0.51047
1403638591.7778294086 5.06004 -2.58371 2.77202 0.14350 0.80897 -0.24805 0.51327
1403638591.8778295517 5.07443 -2.47724 2.77641 0.14434 0.80659 -0.24729 0.51713
1403638591.9778294563 5.09637 -2.37845 2.78795 0.14499 0.80391 -0.24670 0.52139
1403638592.0778295994 5.11918 -2.28394 2.80915 0.14500 0.80151 -0.24565 0.52556
1403638592.1778295040 5.15579 -2.19505 2.83879 0.14300 0.79854 -0.24399 0.53137
1403638592.2778294086 5.19464 -2.11296 2.88032 0.13749 0.79300 -0.23899 0.54326
1403638592.3778295517 5.23547 -2.03788 2.92924 0.12806 0.79021 -0.23034 0.55326
1403638592.4778294563 5.27892 -1.96915 2.98580 0.11606 0.79231 -0.21656 0.55846
1403638592.5778295994 5.32401 -1.90860 3.04852 0.10831 0.79928 -0.20225 0.55545
1403638592.6778295040 5.37140 -1.85789 3.11690 0.10185 0.80643 -0.19089 0.55032
1403638592.7778294086 5.42314 -1.82011 3.18344 0.09681 0.81332 -0.18324 0.54365
1403638592.8778295517 5.49219 -1.82134 3.24310 0.09249 0.81849 -0.17861 0.53816
1403638592.9778294563 5.54837 -1.81843 3.29780 0.09137 0.82102 -0.17472 0.53577
1403638593.0778295994 5.60550 -1.81417 3.34676 0.08972 0.82192 -0.17311 0.53519
1403638593.1778295040 5.66540 -1.81762 3.39666 0.08936 0.82024 -0.17209 0.53816
1403638593.2778294086 5.73240 -1.83148 3.45219 0.09524 0.81711 -0.16808 0.54315
1403638593.3778295517 5.80173 -1.85692 3.51298 0.10367 0.81370 -0.16287 0.54828
1403638593.4778294563 5.87030 -1.89154 3.57131 0.11113 0.80914 -0.15878 0.55474
1403638593.5778295994 5.93839 -1.93536 3.62208 0.11484 0.80644 -0.15714 0.55836
1403638593.6778295040 6.00368 -1.99399 3.66544 0.11626 0.80550 -0.15618 0.55970
1403638593.7778294086 6.06954 -2.07267 3.70260 0.11543 0.80270 -0.15563 0.56402
1403638593.8778295517 6.14692 -2.14013 3.74045 0.10875 0.79281 -0.15539 0.57921
1403638593.9778294563 6.23778 -2.20387 3.78060 0.10066 0.78978 -0.15207 0.58565
1403638594.0778295994 6.34499 -2.25009 3.82215 0.09185 0.79562 -0.14961 0.57980
1403638594.1778295040 6.43283 -2.26619 3.86881 0.09026 0.80165 -0.14494 0.57289
1403638594.2778294086 6.50738 -2.27507 3.91403 0.09128 0.80389 -0.14036 0.57073
1403638594.3778295517 6.57424 -2.29061 3.95750 0.09366 0.80282 -0.13555 0.57301
1403638594.4778294563 6.63928 -2.29464 4.00403 0.09772 0.80131 -0.13039 0.57563
1403638594.5778295994 6.69821 -2.30476 4.05641 0.09209 0.80164 -0.13231 0.57567
1403638594.6778295040 6.75580 -2.30160 4.11397 0.08698 0.80220 -0.13578 0.57487
1403638594.7778294086 6.81089 -2.30968 4.16795 0.08490 0.80299 -0.13779 0.57360
1403638594.8778295517 6.86405 -2.30465 4.21515 0.08418 0.80298 -0.13978 0.57323
1403638594.9778294563 6.91463 -2.31147 4.25473 0.08542 0.80485 -0.14019 0.57033
1403638595.0778295994 6.96420 -2.31803 4.28720 0.08420 0.80607 -0.14196 0.56834
1403638595.1778295040 7.01307 -2.32615 4.31281 0.08415 0.80660 -0.14318 0.56729
1403638595.2778294086 7.06146 -2.33488 4.33149 0.08481 0.80705 -0.14346 0.56648
1403638595.3778295517 7.10751 -2.32953 4.34445 0.08506 0.80663 -0.14446 0.56679
1403638595.4778294563 7.15276 -2.33858 4.35224 0.08527 0.80696 -0.14469 0.56623
1403638595.5778295994 7.19857 -2.35103 4.35697 0.08537 0.80773 -0.14434 0.56519
1403638595.6778295040 7.24547 -2.36553 4.36827 0.08775 0.80776 -0.14265 0.56522
1403638595.7778294086 7.29187 -2.37825 4.38413 0.09212 0.80866 -0.13965 0.56398
1403638595.8778295517 7.33865 -2.38581 4.39545 0.09362 0.80903 -0.13904 0.56336
1403638595.9778294563 7.38654 -2.39257 4.39195 0.09619 0.80870 -0.13768 0.56374
1403638596.0778295994 7.43473 -2.38371 4.37871 0.10409 0.80919 -0.13300 0.56275
1403638596.1778295040 7.48068 -2.38257 4.36470 0.11568 0.81041 -0.12507 0.56054
1403638596.2778294086 7.52927 -2.37439 4.35652 0.12769 0.81188 -0.11632 0.55768
1403638596.3778295517 7.57927 -2.34274 4.35674 0.13747 0.81175 -0.10896 0.55704
1403638596.4778294563 7.62962 -2.30472 4.36582 0.14340 0.81120 -0.10432 0.55723
1403638596.5778295994 7.68108 -2.24164 4.38361 0.15070 0.81167 -0.09903 0.55558
1403638596.6778295040 7.73432 -2.17161 4.40940 0.15879 0.81166 -0.09314 0.55436
1403638596.7778294086 7.79441 -2.08876 4.44231 0.16303 0.81158 -0.08984 0.55379
1403638596.8778295517 7.81330 -1.94598 4.48121 0.16711 0.81054 -0.08714 0.55453
1403638596.9778294563 7.85875 -1.81953 4.52114 0.16911 0.80908 -0.08628 0.55619
1403638597.0778295994 7.89927 -1.63061 4.55488 0.17269 0.80794 -0.08566 0.55684
1403638597.1778295040 7.93078 -1.41542 4.58101 0.17591 0.80583 -0.08613 0.55882
1403638597.2778294086 7.93759 -1.18493 4.59556 0.17376 0.80296 -0.08960 0.56306
1403638597.3778295517 7.94298 -0.94978 4.60694 0.16919 0.80108 -0.09483 0.56626
1403638597.4778294563 7.94525 -0.71519 4.61510 0.16048 0.79762 -0.10212 0.57238
1403638597.5778295994 7.94859 -0.47484 4.61868 0.14769 0.79280 -0.11212 0.58059
1403638597.6778295040 7.94845 -0.22939 4.61798 0.14351 0.79005 -0.11675 0.58447
1403638597.7778294086 7.95002 0.01612 4.61257 0.14811 0.79113 -0.11220 0.58274
1403638597.8778295517 7.95021 0.26570 4.60315 0.15263 0.79287 -0.10134 0.58119
1403638597.9778294563 7.94239 0.52329 4.59075 0.15398 0.79370 -0.09266 0.58116
1403638598.0778295994 7.93365 0.78980 4.58278 0.14722 0.79326 -0.09061 0.58383
1403638598.1778295040 7.92637 1.06562 4.58095 0.12570 0.79446 -0.10010 0.58568
1403638598.2778294086 7.92644 1.34681 4.58346 0.10849 0.79618 -0.10874 0.58524
1403638598.3778295517 7.93229 1.62915 4.58427 0.09793 0.79784 -0.11422 0.58380
1403638598.4778294563 7.93976 1.91135 4.57994 0.09417 0.79999 -0.11619 0.58108
1403638598.5778295994 7.94659 2.19240 4.56865 0.08966 0.80180 -0.11438 0.57966
1403638598.6778295040 7.95316 2.47163 4.55134 0.08577 0.80378 -0.10604 0.57908
1403638598.7778294086 7.95885 2.74946 4.53529 0.07782 0.80558 -0.09539 0.57955
1403638598.8778295517 7.96293 3.02635 4.52592 0.06902 0.80616 -0.08115 0.58203
1403638598.9778294563 7.96329 3.30094 4.52033 0.05954 0.80818 -0.06485 0.58232
1403638599.0778295994 7.96175 3.57429 4.52096 0.04783 0.80915 -0.04826 0.58366
1403638599.1778295040 7.95678 3.84640 4.52876 0.03614 0.81006 -0.03068 0.58443
1403638599.2778294086 7.94804 4.11607 4.54136 0.02543 0.81161 -0.01165 0.58353
1403638599.3778295517 7.93618 4.38372 4.56192 0.01318 0.81447 0.00577 0.58003
1403638599.4778294563 7.92213 4.64886 4.58772 0.00427 0.81636 0.01921 0.57720
1403638599.5778295994 7.90812 4.91228 4.61198 -0.00108 0.81854 0.02781 0.57377
1403638599.6778295040 7.89273 5.17387 4.62841 -0.00463 0.81998 0.03249 0.57145
1403638599.7778294086 7.87749 5.43435 4.63684 -0.00590 0.82015 0.03359 0.57113
1403638599.8778295517 7.86540 5.69347 4.63855 -0.00780 0.82161 0.03121 0.56914
1403638599.9778294563 7.85542 5.95175 4.63619 -0.01157 0.82203 0.02562 0.56875
1403638600.0778295994 7.84900 6.20838 4.63017 -0.01792 0.82344 0.01787 0.56684
1403638600.1778295040 7.84588 6.46041 4.62093 -0.02995 0.82552 0.00622 0.56355
1403638600.2778294086 7.84349 6.70506 4.60695 -0.03986 0.82796 -0.00432 0.55935
1403638600.3778295517 7.84509 6.93943 4.59164 -0.04741 0.82968 -0.01281 0.55608
1403638600.4778294563 7.85131 7.16068 4.58112 -0.05358 0.83108 -0.01920 0.55323
1403638600.5778295994 7.86309 7.36709 4.58091 -0.05149 0.83179 -0.01983 0.55234
1403638600.6778295040 7.87879 7.55945 4.58827 -0.05424 0.83344 -0.02276 0.54947
1403638600.7778294086 7.90157 7.73794 4.60289 -0.05375 0.83728 -0.02247 0.54366
1403638600.8778295517 7.93147 7.90262 4.62314 -0.04263 0.84105 -0.01355 0.53910
1403638600.9778294563 7.96701 8.05739 4.64109 -0.02578 0.84304 -0.00003 0.53723
1403638601.0778295994 8.01054 8.20675 4.65335 -0.01658 0.84342 0.00797 0.53695
1403638601.1778295040 8.06174 8.35276 4.66065 -0.00869 0.84204 0.01429 0.53915
1403638601.2778294086 8.12102 8.49770 4.66467 0.00054 0.83563 0.02157 0.54887
1403638601.3778295517 8.18905 8.64411 4.66700 -0.00233 0.83063 0.02520 0.55624
1403638601.4778294563 8.26111 8.79352 4.67336 -0.01550 0.82623 0.02967 0.56234
1403638601.5778295994 8.33492 8.94310 4.68595 -0.02638 0.82122 0.04375 0.56832
1403638601.6778295040 8.40928 9.09219 4.70305 -0.03754 0.81827 0.06367 0.57007
1403638601.7778294086 8.48171 9.24048 4.72648 -0.05009 0.81486 0.08902 0.57058
1403638601.8778295517 8.55226 9.38761 4.75717 -0.06395 0.80922 0.11787 0.57199
1403638601.9778294563 8.61905 9.53427 4.78886 -0.07875 0.80554 0.14120 0.57006
1403638602.0778295994 8.68361 9.68064 4.81497 -0.09024 0.80352 0.15812 0.56675
1403638602.1778295040 8.74483 9.82823 4.83481 -0.09623 0.79850 0.17366 0.56831
1403638602.2778294086 8.80170 9.97884 4.84884 -0.10390 0.79109 0.19092 0.57178
1403638602.3778295517 8.85326 10.13196 4.86296 -0.12654 0.77968 0.20314 0.57864
1403638602.4778294563 8.89648 10.28527 4.88774 -0.16182 0.75741 0.20888 0.59708
1403638602.5778295994 8.92799 10.43240 4.92018 -0.19725 0.73557 0.21313 0.61205
1403638602.6778295040 8.94629 10.56468 4.95763 -0.21787 0.72495 0.22621 0.61303
1403638602.7778294086 8.94927 10.67905 5.00030 -0.22873 0.72018 0.24574 0.60716
1403638602.8778295517 8.93749 10.77581 5.04708 -0.23967 0.71636 0.26530 0.59917
1403638602.9778294563 8.91268 10.85694 5.09582 -0.25898 0.71610 0.28071 0.58423
1403638603.0778295994 8.87918 10.92356 5.14141 -0.27762 0.71073 0.29528 0.57497
1403638603.1778295040 8.84004 10.97425 5.18029 -0.28982 0.70305 0.30946 0.57093
1403638603.2778294086 8.79440 11.00836 5.20685 -0.28784 0.71000 0.32692 0.55332
1403638603.3778295517 8.74482 11.02994 5.22394 -0.28079 0.72238 0.34185 0.53147
1403638603.4778294563 8.69456 11.04459 5.23514 -0.27725 0.73049 0.34948 0.51709
1403638603.5778295994 8.64632 11.05688 5.24316 -0.27880 0.72811 0.35392 0.51660
1403638603.6778295040 8.59974 11.06799 5.24568 -0.28130 0.72026 0.35625 0.52458
1403638603.7778294086 8.55013 11.07512 5.24081 -0.27517 0.71159 0.36219 0.53548
1403638603.8778295517 8.49727 11.08005 5.22901 -0.26870 0.70387 0.36682 0.54571
1403638603.9778294563 8.43744 11.08440 5.21154 -0.26369 0.69715 0.36924 0.55508
1403638604.0778295994 8.36640 11.08552 5.18975 -0.25746 0.69388 0.37155 0.56054
1403638604.1778295040 8.28557 11.08903 5.17277 -0.25590 0.69347 0.37209 0.56140
1403638604.2778294086 8.19119 11.08304 5.16421 -0.26181 0.69773 0.36817 0.55595
1403638604.3778295517 8.08694 11.07185 5.16082 -0.26672 0.70559 0.36508 0.54564
1403638604.4778294563 7.97603 11.05535 5.16374 -0.26408 0.71358 0.36666 0.53537
1403638604.5778295994 7.86170 11.03614 5.17187 -0.26177 0.71836 0.36789 0.52924
1403638604.6778295040 7.74454 11.01473 5.17551 -0.26413 0.72173 0.36622 0.52462
1403638604.7778294086 7.62592 10.99296 5.17465 -0.26791 0.72390 0.36341 0.52165
1403638604.8778295517 7.50840 10.96650 5.17378 -0.26876 0.72716 0.36278 0.51710
1403638604.9778294563 7.39218 10.93805 5.17633 -0.26604 0.73318 0.36468 0.50861
1403638605.0778295994 7.27826 10.90720 5.18619 -0.26330 0.73955 0.36682 0.49918
1403638605.1778295040 7.16906 10.87709 5.20422 -0.26078 0.74340 0.36899 0.49316
1403638605.2778294086 7.06651 10.85267 5.22526 -0.25700 0.74414 0.37178 0.49192
1403638605.3778295517 6.96910 10.83284 5.24280 -0.25115 0.73940 0.37602 0.49881
1403638605.4778294563 6.87313 10.81830 5.25632 -0.24422 0.72929 0.38135 0.51291
1403638605.5778295994 6.77608 10.80674 5.26441 -0.23899 0.72091 0.38542 0.52405
1403638605.6778295040 6.67448 10.79876 5.26788 -0.23468 0.71512 0.38863 0.53150
1403638605.7778294086 6.56570 10.79574 5.27448 -0.23310 0.71425 0.38976 0.53254
1403638605.8778295517 6.44894 10.79673 5.29096 -0.23030 0.71418 0.39138 0.53267
1403638605.9778294563 6.32701 10.80605 5.31428 -0.22625 0.71351 0.39333 0.53387
1403638606.0778295994 6.19788 10.81879 5.33579 -0.22362 0.71365 0.39405 0.53425
1403638606.1778295040 6.06077 10.83786 5.35076 -0.22017 0.71349 0.39567 0.53470
1403638606.2778294086 5.91550 10.86117 5.35823 -0.21797 0.71472 0.39602 0.53370
1403638606.3778295517 5.76360 10.89296 5.35689 -0.22323 0.72340 0.39151 0.52304
1403638606.4778294563 5.60837 10.93179 5.34896 -0.23096 0.73384 0.38516 0.50969
1403638606.5778295994 5.45373 10.97680 5.33506 -0.23750 0.74259 0.38080 0.49713
1403638606.6778295040 5.30232 11.02753 5.31674 -0.24271 0.74573 0.38309 0.48808
1403638606.7778294086 5.15601 11.08753 5.29411 -0.24721 0.74548 0.39238 0.47873
1403638606.8778295517 5.01479 11.15498 5.26984 -0.25549 0.74158 0.40503 0.46982
1403638606.9778294563 4.87875 11.22902 5.25119 -0.26625 0.73396 0.42039 0.46226
1403638607.0778295994 4.74975 11.31059 5.24242 -0.28011 0.72485 0.43461 0.45525
1403638607.1778295040 4.62896 11.39820 5.24253 -0.29652 0.71494 0.44140 0.45398
1403638607.2778294086 4.51512 11.49014 5.24423 -0.31050 0.70133 0.44545 0.46185
1403638607.3778295517 4.40635 11.58282 5.23834 -0.32335 0.69288 0.44530 0.46590
1403638607.4778294563 4.30139 11.67510 5.22419 -0.32919 0.68978 0.44640 0.46536
1403638607.5778295994 4.19999 11.76433 5.20339 -0.33117 0.68874 0.44776 0.46420
1403638607.6778295040 4.10190 11.85140 5.17889 -0.33283 0.68710 0.44773 0.46548
1403638607.7778294086 4.00860 11.93689 5.15113 -0.33129 0.68571 0.44815 0.46819
1403638607.8778295517 3.91877 12.02056 5.11916 -0.33234 0.68808 0.44613 0.46591
1403638607.9778294563 3.83300 12.10243 5.08255 -0.33435 0.69258 0.44284 0.46090
1403638608.0778295994 3.75428 12.18300 5.04272 -0.33509 0.69152 0.44027 0.46440
1403638608.1778295040 3.68267 12.25949 4.99824 -0.33141 0.68862 0.44063 0.47097
1403638608.2778294086 3.61443 12.33244 4.94958 -0.33033 0.68409 0.43986 0.47899
1403638608.3778295517 3.55006 12.39967 4.89677 -0.33086 0.67844 0.43856 0.48776
1403638608.4778294563 3.48712 12.46140 4.83735 -0.33114 0.67829 0.43824 0.48808
1403638608.5778295994 3.42904 12.51566 4.77282 -0.32944 0.67980 0.43910 0.48634
1403638608.6778295040 3.37480 12.56602 4.71139 -0.33526 0.67708 0.43523 0.48963
1403638608.7778294086 3.32304 12.60412 4.65434 -0.33593 0.67718 0.43514 0.48911
1403638608.8778295517 3.27821 12.63580 4.60299 -0.33479 0.68046 0.43690 0.48374
1403638608.9778294563 3.23403 12.66212 4.56001 -0.33411 0.68435 0.43813 0.47758
1403638609.0778295994 3.19684 12.68485 4.52408 -0.33356 0.68699 0.43903 0.47333
1403638609.1778295040 3.17629 12.70389 4.49414 -0.33577 0.68735 0.43811 0.47209
1403638609.2778294086 3.14915 12.71982 4.46373 -0.34396 0.68751 0.43260 0.47104
1403638609.3778295517 3.11342 12.73357 4.42589 -0.34293 0.68768 0.43316 0.47102
1403638609.4778294563 3.08580 12.74719 4.38107 -0.33934 0.68773 0.43542 0.47147
1403638609.5778295994 3.05224 12.75522 4.32956 -0.33586 0.68770 0.43740 0.47218
1403638609.6778295040 3.02029 12.76733 4.27263 -0.33360 0.68683 0.43881 0.47373
1403638609.7778294086 2.99157 12.77117 4.21522 -0.33233 0.68694 0.43954 0.47379
1403638609.8778295517 2.96221 12.78337 4.16472 -0.33241 0.68738 0.43911 0.47349
1403638609.9778294563 2.93793 12.78495 4.12220 -0.33320 0.68700 0.43822 0.47432
1403638610.0778295994 2.91508 12.79297 4.08826 -0.33624 0.68506 0.43550 0.47747
1403638610.1778295040 2.89633 12.79058 4.05867 -0.33730 0.68210 0.43451 0.48183
1403638610.2778294086 2.87814 12.78219 4.02482 -0.33959 0.68093 0.43242 0.48377
1403638610.3778295517 2.86124 12.76917 3.98463 -0.34032 0.68061 0.43171 0.48433
1403638610.4778294563 2.84259 12.76228 3.93971 -0.34007 0.67926 0.43108 0.48696
1403638610.5778295994 2.82824 12.74188 3.89172 -0.34294 0.67418 0.42871 0.49404
1403638610.6778295040 2.81264 12.71119 3.84329 -0.34746 0.66925 0.42533 0.50047
1403638610.7778294086 2.79509 12.66963 3.79698 -0.34484 0.67442 0.42816 0.49287
1403638610.8778295517 2.77859 12.62408 3.75840 -0.34084 0.68061 0.43228 0.48346
1403638610.9778294563 2.75584 12.58465 3.72923 -0.34100 0.68109 0.43255 0.48243
1403638611.0778295994 2.73694 12.54758 3.69980 -0.34373 0.67856 0.43062 0.48577
1403638611.1778295040 2.72575 12.49561 3.66422 -0.34500 0.67765 0.43075 0.48602
1403638611.2778294086 2.71591 12.43560 3.62833 -0.34444 0.67725 0.43173 0.48612
1403638611.3778295517 2.70701 12.36730 3.59740 -0.33817 0.67475 0.43620 0.48999
1403638611.4778294563 2.68660 12.31270 3.57364 -0.32559 0.67056 0.44415 0.49706
1403638611.5778295994 2.67418 12.23965 3.55685 -0.31684 0.67002 0.44942 0.49871
1403638611.6778295040 2.64300 12.17596 3.54535 -0.31455 0.67261 0.44991 0.49623
1403638611.7778294086 2.61147 12.11403 3.53104 -0.31950 0.67874 0.44579 0.48838
1403638611.8778295517 2.58594 12.04196 3.51110 -0.32449 0.68444 0.44148 0.48098
1403638611.9778294563 2.55712 11.98110 3.48697 -0.32664 0.68815 0.43904 0.47645
1403638612.0778295994 2.53251 11.92353 3.46498 -0.32559 0.69040 0.43895 0.47399
1403638612.1778295040 2.51108 11.85453 3.45082 -0.32696 0.69167 0.43737 0.47264
1403638612.2778294086 2.49321 11.79975 3.44558 -0.32708 0.69202 0.43682 0.47256
1403638612.3778295517 2.47838 11.73504 3.44636 -0.32548 0.69156 0.43739 0.47381
1403638612.4778294563 2.46638 11.68015 3.44422 -0.32450 0.69072 0.43678 0.47626
1403638612.5778295994 2.45452 11.61768 3.43545 -0.32172 0.68856 0.43729 0.48079
1403638612.6778295040 2.44381 11.55652 3.42032 -0.31604 0.68660 0.43976 0.48510
1403638612.7778294086 2.43154 11.50693 3.39920 -0.31278 0.68605 0.43973 0.48800
1403638612.8778295517 2.41736 11.44838 3.37825 -0.31305 0.68498 0.43742 0.49139
1403638612.9778294563 2.40148 11.39825 3.36092 -0.31359 0.68597 0.43553 0.49135
1403638613.0778295994 2.38259 11.34370 3.35144 -0.31410 0.68878 0.43438 0.48810
1403638613.1778295040 2.36317 11.28881 3.34951 -0.31360 0.69120 0.43419 0.48515
1403638613.2778294086 2.34720 11.24324 3.35476 -0.31256 0.69191 0.43471 0.48435
1403638613.3778295517 2.32796 11.19424 3.36650 -0.31191 0.69145 0.43523 0.48496
1403638613.4778294563 2.30936 11.15265 3.37600 -0.31226 0.69127 0.43436 0.48577
1403638613.5778295994 2.28702 11.10769 3.37983 -0.31151 0.69268 0.43004 0.48808
1403638613.6778295040 2.26469 11.06377 3.37773 -0.31541 0.69356 0.42332 0.49020
1403638613.7778294086 2.24707 11.02368 3.36828 -0.31913 0.69279 0.41584 0.49525
1403638613.8778295517 2.22617 10.97876 3.35150 -0.31615 0.69519 0.40784 0.50042
1403638613.9778294563 2.20719 10.93222 3.32797 -0.30816 0.70175 0.39824 0.50397
1403638614.0778295994 2.19204 10.87431 3.29903 -0.29614 0.71024 0.38693 0.50808
1403638614.1778295040 2.17502 10.81405 3.26909 -0.28133 0.72090 0.37457 0.51074
1403638614.2778294086 2.15722 10.74608 3.24524 -0.27046 0.73004 0.36157 0.51298
1403638614.3778295517 2.13818 10.67884 3.22638 -0.26202 0.73686 0.35254 0.51391
1403638614.4778294563 2.11848 10.61393 3.21653 -0.25874 0.74170 0.34400 0.51439
1403638614.5778295994 2.09751 10.54818 3.21474 -0.25503 0.74623 0.33593 0.51503
1403638614.6778295040 2.07910 10.48697 3.21938 -0.25214 0.75157 0.32414 0.51624
1403638614.7778294086 2.06222 10.42583 3.23347 -0.25013 0.76174 0.30773 0.51234
1403638614.8778295517 2.04680 10.35937 3.25492 -0.24241 0.77311 0.29045 0.50909
1403638614.9778294563 2.03858 10.29222 3.28262 -0.22930 0.78262 0.27167 0.51100
1403638615.0778295994 2.03600 10.22223 3.31393 -0.21128 0.79036 0.25125 0.51726
1403638615.1778295040 2.03943 10.15035 3.34980 -0.19001 0.79426 0.22947 0.52951
1403638615.2778294086 2.04727 10.07791 3.38988 -0.16509 0.79708 0.20841 0.54219
1403638615.3778295517 2.05689 10.00643 3.42590 -0.14373 0.80131 0.18337 0.55102
1403638615.4778294563 2.06833 9.93708 3.45652 -0.12343 0.80496 0.15786 0.55847
1403638615.5778295994 2.07977 9.86943 3.48118 -0.10623 0.80883 0.13387 0.56266
1403638615.6778295040 2.09140 9.80417 3.50266 -0.09297 0.81131 0.11687 0.56521
1403638615.7778294086 2.10449 9.74273 3.52900 -0.08536 0.81292 0.10472 0.56649
1403638615.8778295517 2.11755 9.68315 3.56259 -0.08030 0.81446 0.09325 0.56701
1403638615.9778294563 2.13031 9.62452 3.59471 -0.07321 0.81630 0.08166 0.56712
1403638616.0778295994 2.14370 9.56631 3.62103 -0.06450 0.81721 0.06974 0.56846
1403638616.1778295040 2.15787 9.50816 3.63578 -0.05493 0.81875 0.05605 0.56877
1403638616.2778294086 2.17206 9.45029 3.63327 -0.04446 0.82018 0.03825 0.56909
1403638616.3778295517 2.18441 9.39126 3.61537 -0.03135 0.82131 0.01933 0.56930
1403638616.4778294563 2.19589 9.33154 3.58937 -0.02097 0.82221 0.00177 0.56880
1403638616.5778295994 2.20809 9.27194 3.55996 -0.01187 0.82411 -0.01032 0.56621
1403638616.6778295040 2.22171 9.21128 3.52732 -0.00632 0.82888 -0.01945 0.55905
1403638616.7778294086 2.24101 9.14865 3.48989 -0.00962 0.83753 -0.02901 0.54554
1403638616.8778295517 2.26613 9.08493 3.45215 -0.01391 0.84339 -0.03514 0.53598
1403638616.9778294563 2.29676 9.01602 3.42296 -0.00957 0.84150 -0.03215 0.53922
1403638617.0778295994 2.33324 8.94390 3.40418 -0.00496 0.83760 -0.02654 0.54562
1403638617.1778295040 2.36946 8.86965 3.39493 0.00005 0.83430 -0.01906 0.55098
1403638617.2778294086 2.40945 8.79461 3.39182 0.00092 0.83625 -0.01366 0.54818
1403638617.3778295517 2.45467 8.71794 3.39444 -0.00024 0.83994 -0.00990 0.54259
1403638617.4778294563 2.50529 8.64456 3.40489 -0.00128 0.84239 -0.00589 0.53884
1403638617.5778295994 2.56251 8.57283 3.42298 -0.00231 0.84288 -0.00222 0.53809
1403638617.6778295040 2.62716 8.50289 3.44876 -0.00220 0.84132 0.00231 0.54054
1403638617.7778294086 2.70733 8.45075 3.48210 -0.00238 0.83966 0.00513 0.54308
1403638617.8778295517 2.78666 8.39800 3.52172 -0.00161 0.83960 0.00865 0.54314
1403638617.9778294563 2.86819 8.34641 3.56532 -0.00401 0.83859 0.00927 0.54467
1403638618.0778295994 2.95231 8.29525 3.60394 -0.00519 0.83819 0.01081 0.54525
1403638618.1778295040 3.03926 8.24245 3.63563 -0.00814 0.83832 0.01129 0.54500
1403638618.2778294086 3.13656 8.20269 3.66131 -0.00809 0.83819 0.01309 0.54516
1403638618.3778295517 3.23405 8.15948 3.68234 -0.00867 0.83749 0.01434 0.54619
1403638618.4778294563 3.34014 8.12863 3.70065 -0.00917 0.83752 0.01578 0.54610
1403638618.5778295994 3.44678 8.09649 3.71693 -0.00812 0.83657 0.01664 0.54755
1403638618.6778295040 3.56184 8.07023 3.73149 -0.00450 0.83652 0.01374 0.54774
1403638618.7778294086 3.67814 8.04450 3.74909 -0.00196 0.83604 0.01060 0.54857
1403638618.8778295517 3.79602 8.01323 3.77210 0.00073 0.83446 0.00744 0.55102
1403638618.9778294563 3.92184 7.99069 3.79659 0.00635 0.83080 -0.00144 0.55654
1403638619.0778295994 4.04741 7.96107 3.81324 0.01774 0.82783 -0.01486 0.56051
1403638619.1778295040 4.17346 7.92191 3.82194 0.03052 0.82509 -0.03325 0.56320
1403638619.2778294086 4.30056 7.84201 3.82355 0.04238 0.82228 -0.05603 0.56472
1403638619.3778295517 4.42835 7.80424 3.81474 0.05777 0.81904 -0.07997 0.56519
1403638619.4778294563 4.55618 7.78059 3.80062 0.06798 0.81584 -0.10091 0.56533
1403638619.5778295994 4.68553 7.76622 3.78434 0.07435 0.81299 -0.11653 0.56563
1403638619.6778295040 4.81393 7.74511 3.76453 0.07010 0.81033 -0.13272 0.56643
1403638619.7778294086 4.94062 7.71955 3.74268 0.06582 0.80852 -0.14392 0.56679
1403638619.8778295517 5.06580 7.69180 3.71941 0.06486 0.80681 -0.15002 0.56776
1403638619.9778294563 5.18916 7.66902 3.69405 0.06586 0.80617 -0.15353 0.56761
1403638620.0778295994 5.30858 7.63917 3.66970 0.06772 0.80380 -0.15504 0.57033
1403638620.1778295040 5.42599 7.60322 3.65250 0.07163 0.80081 -0.15380 0.57438
1403638620.2778294086 5.53917 7.56745 3.64207 0.07442 0.80140 -0.15250 0.57355
1403638620.3778295517 5.64736 7.52294 3.64019 0.07668 0.80277 -0.14998 0.57200
1403638620.4778294563 5.75269 7.48858 3.64447 0.07813 0.80382 -0.14790 0.57087
1403638620.5778295994 5.85624 7.45221 3.64774 0.07775 0.80512 -0.14624 0.56952
1403638620.6778295040 5.96159 7.42689 3.64553 0.07540 0.80760 -0.14623 0.56631
1403638620.7778294086 6.06408 7.40158 3.63737 0.07273 0.81092 -0.14677 0.56176
1403638620.8778295517 6.16341 7.36314 3.62576 0.07610 0.81386 -0.14207 0.55826
1403638620.9778294563 6.26757 7.33555 3.61126 0.08093 0.81418 -0.13628 0.55856
1403638621.0778295994 6.37263 7.30728 3.59528 0.08499 0.81238 -0.13156 0.56170
1403638621.1778295040 6.47513 7.27496 3.58388 0.08365 0.81107 -0.12985 0.56419
1403638621.2778294086 6.58180 7.23887 3.57997 0.08398 0.80982 -0.12740 0.56649
1403638621.3778295517 6.68998 7.20453 3.58060 0.08566 0.81057 -0.12426 0.56585
1403638621.4778294563 6.79646 7.15869 3.57659 0.08596 0.80873 -0.12218 0.56889
1403638621.5778295994 6.90257 7.11690 3.56705 0.08540 0.80655 -0.11999 0.57253
1403638621.6778295040 6.98471 6.89893 3.55481 0.08068 0.80596 -0.11644 0.57477
1403638621.7778294086 7.08475 6.78430 3.53849 0.07961 0.80451 -0.11425 0.57739
1403638621.8778295517 7.16683 6.66074 3.51914 0.07954 0.80121 -0.11164 0.58247
1403638621.9778294563 7.26351 6.60153 3.49586 0.07934 0.79877 -0.11099 0.58596
1403638622.0778295994 7.32658 6.46790 3.46944 0.07590 0.79856 -0.11097 0.58671
1403638622.1778295040 7.41957 6.42835 3.43932 0.07290 0.79968 -0.11295 0.58519
1403638622.2778294086 7.51877 6.41267 3.41274 0.07062 0.79918 -0.11581 0.58559
1403638622.3778295517 7.61637 6.40370 3.39235 0.07195 0.80021 -0.11669 0.58385
1403638622.4778294563 7.62602 6.30200 3.38210 0.07423 0.80087 -0.11402 0.58318
1403638622.5778295994 7.65207 6.24915 3.37712 0.07706 0.80053 -0.11227 0.58361
1403638622.6778295040 7.68326 6.20406 3.38027 0.08059 0.79636 -0.11073 0.58911
1403638622.7778294086 7.70507 6.15775 3.39602 0.08197 0.78514 -0.10976 0.60397
1403638622.8778295517 7.73954 6.12997 3.41667 0.08359 0.78032 -0.10977 0.60997
1403638622.9778294563 7.74500 6.07830 3.43574 0.08203 0.78415 -0.11160 0.60491
1403638623.0778295994 7.75770 6.04199 3.44870 0.07847 0.79080 -0.11446 0.59613
1403638623.1778295040 7.77248 6.02353 3.45641 0.07378 0.79487 -0.11802 0.59060
1403638623.2778294086 7.76633 5.99107 3.45931 0.07098 0.79829 -0.12010 0.58589
1403638623.3778295517 7.76197 5.96446 3.45790 0.06864 0.80094 -0.12156 0.58224
1403638623.4778294563 7.75155 5.93257 3.45321 0.06954 0.80260 -0.12123 0.57992
1403638623.5778295994 7.73519 5.89551 3.45075 0.07042 0.80270 -0.12024 0.57988
1403638623.6778295040 7.70895 5.85658 3.45590 0.07181 0.80315 -0.11951 0.57923
1403638623.7778294086 7.68332 5.81904 3.46782 0.07372 0.80416 -0.11894 0.57770
1403638623.8778295517 7.67070 5.78807 3.48384 0.07510 0.80533 -0.11887 0.57592
1403638623.9778294563 7.64439 5.75928 3.49766 0.07695 0.80648 -0.11929 0.57396
1403638624.0778295994 7.61815 5.73102 3.50522 0.07521 0.80694 -0.12195 0.57299
1403638624.1778295040 7.59997 5.70874 3.50734 0.07311 0.80694 -0.12466 0.57268
1403638624.2778294086 7.57550 5.68045 3.50469 0.07093 0.80676 -0.12726 0.57264
1403638624.3778295517 7.58007 5.65797 3.49821 0.07071 0.80642 -0.12921 0.57270
1403638624.4778294563 7.58662 5.63836 3.48711 0.07258 0.80626 -0.12982 0.57256
1403638624.5778295994 7.57199 5.61226 3.47444 0.06744 0.79826 -0.13530 0.58303
1403638624.6778295040 7.57932 5.58822 3.45931 0.06895 0.79396 -0.13351 0.58911
1403638624.7778294086 7.58496 5.56849 3.44669 0.07447 0.79931 -0.12352 0.58335
1403638624.8778295517 7.56482 5.54466 3.44229 0.07628 0.80486 -0.11498 0.57720
1403638624.9778294563 7.45665 5.56892 3.44376 0.06994 0.80751 -0.11323 0.57464
1403638625.0778295994 7.31214 5.60772 3.44461 0.06314 0.80789 -0.11271 0.57501
1403638625.1778295040 7.19507 5.63862 3.44005 0.05735 0.80843 -0.11317 0.57476
1403638625.2778294086 7.04529 5.73760 3.43011 0.05709 0.80852 -0.11247 0.57478
1403638625.3778295517 6.91764 5.81079 3.41952 0.05689 0.80815 -0.11194 0.57544
1403638625.4778294563 6.78615 5.85576 3.41560 0.05634 0.80705 -0.11168 0.57708
1403638625.5778295994 6.67962 5.86386 3.41734 0.05703 0.80734 -0.11082 0.57677
1403638625.6778295040 6.59969 5.86260 3.42673 0.05727 0.80884 -0.11060 0.57469
1403638625.7778294086 6.51454 5.86367 3.43881 0.05654 0.81315 -0.11126 0.56851
1403638625.8778295517 6.44187 5.85886 3.44655 0.05698 0.81574 -0.11149 0.56471
1403638625.9778294563 6.36106 5.84982 3.45085 0.05807 0.81597 -0.11127 0.56430
1403638626.0778295994 6.28723 5.84122 3.44916 0.05662 0.81727 -0.11298 0.56223
1403638626.1778295040 6.21887 5.82943 3.44359 0.05672 0.81749 -0.11302 0.56190
1403638626.2778294086 6.15030 5.81721 3.43360 0.05954 0.81589 -0.11169 0.56418
1403638626.3778295517 6.09257 5.80427 3.42086 0.06711 0.81360 -0.10627 0.56768
1403638626.4778294563 6.03443 5.79294 3.40499 0.06946 0.81221 -0.10418 0.56977
1403638626.5778295994 5.98292 5.78418 3.38738 0.07020 0.81436 -0.10289 0.56683
1403638626.6778295040 5.93250 5.77567 3.37069 0.06911 0.81627 -0.10324 0.56415
1403638626.7778294086 5.88894 5.76730 3.35798 0.06673 0.82025 -0.10473 0.55836
1403638626.8778295517 5.84896 5.77977 3.35474 0.06732 0.82259 -0.10490 0.55481
1403638626.9778294563 5.79333 5.77631 3.35859 0.06662 0.82321 -0.10487 0.55397
1403638627.0778295994 5.75711 5.77221 3.36070 0.06594 0.82328 -0.10451 0.55402
1403638627.1778295040 5.70478 5.76842 3.35905 0.06502 0.82294 -0.10428 0.55467
1403638627.2778294086 5.67099 5.76304 3.35425 0.06626 0.82287 -0.10292 0.55488
1403638627.3778295517 5.64664 5.75881 3.34717 0.06822 0.82215 -0.10109 0.55605
1403638627.4778294563 5.63027 5.75484 3.33699 0.06842 0.82251 -0.10077 0.55556
1403638627.5778295994 5.61718 5.75143 3.32577 0.06953 0.82131 -0.10044 0.55725
1403638627.6778295040 5.57488 5.75044 3.31421 0.07122 0.81803 -0.09980 0.56196
1403638627.7778294086 5.54219 5.74704 3.30138 0.07270 0.81606 -0.09895 0.56477
1403638627.8778295517 5.51951 5.74568 3.28783 0.07347 0.81535 -0.09895 0.56570
1403638627.9778294563 5.50271 5.74724 3.27383 0.07396 0.81727 -0.09894 0.56286
1403638628.0778295994 5.46065 5.74675 3.26143 0.07473 0.81822 -0.09903 0.56137
1403638628.1778295040 5.43202 5.74590 3.25093 0.07564 0.81884 -0.09938 0.56027
1403638628.2778294086 5.41374 5.74974 3.24251 0.07568 0.81909 -0.10002 0.55978
1403638628.3778295517 5.38596 5.75185 3.23684 0.07409 0.81965 -0.10135 0.55894
1403638628.4778294563 5.35861 5.75787 3.23341 0.06783 0.81707 -0.10609 0.56262
1403638628.5778295994 5.33840 5.76297 3.23381 0.05905 0.81016 -0.11212 0.57235
1403638628.6778295040 5.32236 5.77054 3.23494 0.05319 0.80628 -0.11637 0.57753
1403638628.7778294086 5.29214 5.76722 3.23323 0.05473 0.80743 -0.11545 0.57596
1403638628.8778295517 5.26119 5.76392 3.22560 0.05903 0.80790 -0.11257 0.57545
1403638628.9778294563 5.23886 5.76198 3.21527 0.06389 0.80841 -0.10961 0.57478
1403638629.0778295994 5.22218 5.76077 3.20744 0.06868 0.80939 -0.10614 0.57350
1403638629.1778295040 5.19921 5.74620 3.20251 0.07052 0.81054 -0.10387 0.57207
1403638629.2778294086 5.18207 5.74801 3.20051 0.07122 0.81090 -0.10309 0.57161
1403638629.3778295517 5.17022 5.75231 3.20041 0.07240 0.81406 -0.10278 0.56701
1403638629.4778294563 5.15741 5.75923 3.20064 0.07147 0.81864 -0.10436 0.56020
1403638629.5778295994 5.16106 5.77179 3.20173 0.06845 0.82182 -0.10707 0.55540
1403638629.6778295040 5.16085 5.77792 3.20499 0.05744 0.82025 -0.11539 0.55730
1403638629.7778294086 5.16562 5.77955 3.20978 0.05031 0.81505 -0.12093 0.56439
1403638629.8778295517 5.16888 5.77993 3.21054 0.04828 0.80879 -0.12292 0.57308
1403638629.9778294563 5.17081 5.77623 3.20324 0.05883 0.80294 -0.11643 0.58162
1403638630.0778295994 5.16920 5.77076 3.18610 0.06756 0.79906 -0.11049 0.58714
1403638630.1778295040 5.16437 5.76871 3.15876 0.07239 0.80168 -0.10703 0.58362
1403638630.2778294086 5.15368 5.76750 3.12541 0.07362 0.80617 -0.10608 0.57743
1403638630.3778295517 5.14740 5.77126 3.10044 0.07143 0.82572 -0.10587 0.54943
1403638630.4778294563 5.15110 5.77477 3.11266 0.06963 0.80756 -0.10554 0.57607
1403638630.5778295994 5.15312 5.77840 3.11225 0.06942 0.80692 -0.10688 0.57674
1403638630.6778295040 5.15232 5.78182 3.09088 0.06850 0.82576 -0.10287 0.55031
1403638630.7778294086 5.14361 5.77835 3.08528 0.07188 0.83229 -0.09684 0.54107
1403638630.8778295517 5.12664 5.77948 3.08012 0.06711 0.83100 -0.09810 0.54343
1403638630.9778294563 5.11079 5.78165 3.07664 0.06743 0.83088 -0.09847 0.54351
1403638631.0778295994 5.09228 5.78301 3.07285 0.06815 0.83091 -0.09804 0.54345
1403638631.1778295040 5.07359 5.78420 3.06912 0.06809 0.83095 -0.09831 0.54335
1403638631.2778294086 5.05361 5.78547 3.06562 0.06799 0.83101 -0.09833 0.54327
1403638631.3778295517 5.03310 5.78585 3.06234 0.06768 0.83109 -0.09853 0.54314
1403638631.4778294563 5.01198 5.78247 3.05926 0.06716 0.83107 -0.09878 0.54318
1403638631.5778295994 4.99035 5.78212 3.05613 0.06701 0.83106 -0.09890 0.54320
1403638631.6778295040 4.96850 5.77954 3.05325 0.06655 0.83110 -0.09932 0.54312
