1403638523.0778295994 0.02987 0.00334 0.27762 -0.07275 0.81331 0.01694 0.57702
1403638523.1778295040 0.03674 -0.00159 0.26386 -0.08456 0.81778 0.02362 0.56879
1403638523.2778294086 0.04752 -0.02281 0.27017 -0.16646 0.81298 0.07221 0.55330
1403638523.3778295517 0.03615 -0.01280 0.24465 -0.10036 0.81228 0.03911 0.57323
1403638523.4778294563 0.03595 -0.01314 0.22069 -0.07079 0.82082 0.02686 0.56614
1403638523.5778295994 0.03027 -0.01906 0.17945 -0.08168 0.82521 0.04298 0.55724
1403638523.6778295040 0.02466 -0.02092 0.14518 -0.07588 0.83533 0.04720 0.54244
1403638523.7778294086 0.01876 -0.02347 0.11041 -0.06418 0.83903 0.04547 0.53837
1403638523.8778295517 0.00958 -0.03067 0.08010 -0.04933 0.84877 0.03873 0.52503
1403638523.9778294563 0.00361 -0.03310 0.05879 -0.03489 0.84775 0.04199 0.52758
1403638524.0778295994 0.00190 -0.03339 0.05255 -0.03161 0.84867 0.05339 0.52528
1403638524.1778295040 -0.00112 -0.03488 0.06190 -0.02992 0.85489 0.05612 0.51490
1403638524.2778294086 -0.00296 -0.03722 0.08896 -0.02804 0.85975 0.04963 0.50753
1403638524.3778295517 0.00571 -0.03688 0.13470 -0.04488 0.85354 0.05469 0.51621
1403638524.4778294563 0.01354 -0.03695 0.17938 -0.05569 0.84629 0.05558 0.52689
1403638524.5778295994 0.02624 -0.03800 0.21846 -0.06109 0.83761 0.05534 0.54001
1403638524.6778295040 0.03296 -0.03481 0.25650 -0.06115 0.82959 0.05258 0.55252
1403638524.7778294086 0.03056 -0.03320 0.28368 -0.05313 0.82407 0.05065 0.56172
1403638524.8778295517 0.03185 -0.02918 0.30152 -0.04455 0.82234 0.04521 0.56544
1403638524.9778294563 0.03354 -0.02859 0.30132 -0.05399 0.81741 0.04892 0.57143
1403638525.0778295994 0.03310 -0.02763 0.29108 -0.04995 0.81409 0.05120 0.57632
1403638525.1778295040 0.03365 -0.02719 0.26904 -0.04786 0.81263 0.05583 0.57812
1403638525.2778294086 0.03264 -0.02802 0.23756 -0.04779 0.81467 0.06077 0.57475
1403638525.3778295517 0.03251 -0.02869 0.20188 -0.05036 0.82325 0.06612 0.56157
1403638525.4778294563 0.03089 -0.02792 0.16866 -0.05938 0.83523 0.06885 0.54233
1403638525.5778295994 0.02852 -0.02795 0.13871 -0.06268 0.84552 0.06711 0.52598
1403638525.6778295040 0.02559 -0.02802 0.11275 -0.06113 0.85042 0.06289 0.51874
1403638525.7778294086 0.02402 -0.02690 0.09135 -0.05844 0.84848 0.05719 0.52288
1403638525.8778295517 0.02184 -0.02894 0.07668 -0.04884 0.84627 0.05122 0.52804
1403638525.9778294563 0.01827 -0.03526 0.06726 -0.03529 0.84668 0.04665 0.52888
1403638526.0778295994 0.01726 -0.04821 0.06859 -0.03079 0.84723 0.04461 0.52845
1403638526.1778295040 0.01387 -0.06809 0.07193 -0.02165 0.85173 0.03036 0.52265
1403638526.2778294086 0.01342 -0.08954 0.08669 -0.01739 0.84841 0.02064 0.52866
1403638526.3778295517 0.01164 -0.11294 0.09794 -0.01931 0.84136 0.01439 0.53994
1403638526.4778294563 0.00785 -0.14167 0.10457 -0.02722 0.83506 0.00910 0.54942
1403638526.5778295994 0.00277 -0.17181 0.10979 -0.02937 0.82855 -0.00011 0.55914
1403638526.6778295040 -0.00403 -0.21242 0.11333 -0.02680 0.82498 -0.00738 0.56448
1403638526.7778294086 -0.02077 -0.25781 0.12114 -0.00084 0.82655 -0.02202 0.56243
1403638526.8778295517 -0.04070 -0.29717 0.12820 0.02080 0.82422 -0.03306 0.56493
1403638526.9778294563 -0.05004 -0.33484 0.12942 0.02292 0.82586 -0.03843 0.56210
1403638527.0778295994 -0.05831 -0.36813 0.12936 0.03080 0.82914 -0.05176 0.55578
1403638527.1778295040 -0.06393 -0.39381 0.13096 0.03806 0.82939 -0.06673 0.55336
1403638527.2778294086 -0.06753 -0.41544 0.13436 0.04530 0.82579 -0.07785 0.55673
1403638527.3778295517 -0.06646 -0.42241 0.13606 0.06235 0.81932 -0.08756 0.56317
1403638527.4778294563 -0.06194 -0.42058 0.13631 0.07305 0.81507 -0.09213 0.56731
1403638527.5778295994 -0.05556 -0.40837 0.13659 0.07705 0.81414 -0.09397 0.56781
1403638527.6778295040 -0.04553 -0.38624 0.13483 0.07612 0.81418 -0.09100 0.56837
1403638527.7778294086 -0.03125 -0.35786 0.13240 0.07124 0.81551 -0.08427 0.56812
1403638527.8778295517 -0.01754 -0.32516 0.13205 0.05808 0.81850 -0.08014 0.56592
1403638527.9778294563 -0.00430 -0.29140 0.13316 0.04557 0.82000 -0.07375 0.56577
1403638528.0778295994 0.00798 -0.25547 0.13363 0.03225 0.82055 -0.06184 0.56730
1403638528.1778295040 0.01753 -0.21960 0.13291 0.01929 0.82223 -0.05101 0.56654
1403638528.2778294086 0.03208 -0.18564 0.13116 0.00377 0.82490 -0.03889 0.56392
1403638528.3778295517 0.05341 -0.16194 0.12574 -0.00387 0.82427 -0.03056 0.56536
1403638528.4778294563 0.07675 -0.14331 0.12026 -0.00165 0.82336 -0.02758 0.56684
1403638528.5778295994 0.10068 -0.12945 0.11749 0.00107 0.82530 -0.03278 0.56374
1403638528.6778295040 0.12538 -0.11902 0.11759 0.00039 0.82649 -0.04062 0.56149
1403638528.7778294086 0.14455 -0.11213 0.11760 0.00593 0.82552 -0.04596 0.56247
1403638528.8778295517 0.15424 -0.10857 0.12215 0.00261 0.82440 -0.05372 0.56344
1403638528.9778294563 0.15427 -0.10472 0.13092 -0.00271 0.82419 -0.06142 0.56296
1403638529.0778295994 0.14113 -0.09949 0.14237 -0.00116 0.82484 -0.06283 0.56187
1403638529.1778295040 0.12045 -0.08850 0.14877 0.01581 0.82577 -0.05580 0.56102
1403638529.2778294086 0.09733 -0.07468 0.14888 0.02743 0.82773 -0.04966 0.55825
1403638529.3778295517 0.07249 -0.06149 0.14134 0.03199 0.83261 -0.04549 0.55107
1403638529.4778294563 0.05220 -0.05026 0.12836 0.02978 0.84271 -0.04249 0.53585
1403638529.5778295994 0.03647 -0.04564 0.11423 0.02812 0.85241 -0.04002 0.52058
1403638529.6778295040 0.02730 -0.03782 0.09823 0.02965 0.85614 -0.03721 0.51455
1403638529.7778294086 0.01915 -0.03173 0.08378 0.02889 0.85248 -0.03645 0.52069
1403638529.8778295517 0.01460 -0.02707 0.07088 0.02898 0.84596 -0.03858 0.53105
1403638529.9778294563 0.01324 -0.02280 0.06106 0.02658 0.84408 -0.03746 0.53424
1403638530.0778295994 0.01825 -0.02193 0.05367 0.02628 0.84566 -0.03739 0.53176
1403638530.1778295040 0.02634 -0.02266 0.04683 0.02697 0.84743 -0.04157 0.52859
1403638530.2778294086 0.03514 -0.02360 0.04008 0.02899 0.84717 -0.04747 0.52840
1403638530.3778295517 0.04180 -0.02492 0.03216 0.02914 0.84762 -0.05106 0.52733
1403638530.4778294563 0.04876 -0.02709 0.02648 0.02856 0.84772 -0.05434 0.52688
1403638530.5778295994 0.05418 -0.03109 0.02505 0.03411 0.84542 -0.06157 0.52945
1403638530.6778295040 0.05774 -0.03253 0.01994 0.03150 0.84725 -0.06145 0.52669
1403638530.7778294086 0.06068 -0.03314 0.01460 0.02736 0.85095 -0.06047 0.52103
1403638530.8778295517 0.06388 -0.03318 0.00927 0.02048 0.85193 -0.05682 0.52016
1403638530.9778294563 0.06314 -0.03437 0.00744 0.02590 0.85176 -0.06129 0.51969
1403638531.0778295994 0.06302 -0.03409 0.00620 0.02668 0.84856 -0.06005 0.52500
1403638531.1778295040 0.06260 -0.03325 0.00677 0.02966 0.84695 -0.05948 0.52751
1403638531.2778294086 0.06266 -0.03247 0.00597 0.03256 0.84591 -0.05825 0.52913
1403638531.3778295517 0.06245 -0.03143 0.00578 0.02858 0.84547 -0.05612 0.53030
1403638531.4778294563 0.06223 -0.03163 0.00593 0.02844 0.84431 -0.05640 0.53212
1403638531.5778295994 0.06216 -0.03167 0.00586 0.02891 0.84462 -0.05526 0.53173
1403638531.6778295040 0.06210 -0.03154 0.00576 0.02812 0.84475 -0.05587 0.53149
1403638531.7778294086 0.06210 -0.03156 0.00580 0.02833 0.84477 -0.05591 0.53145
1403638531.8778295517 0.06206 -0.03156 0.00580 0.02837 0.84485 -0.05576 0.53134
1403638531.9778294563 0.06204 -0.03159 0.00582 0.02848 0.84490 -0.05576 0.53125
1403638532.0778295994 0.06202 -0.03160 0.00583 0.02862 0.84493 -0.05565 0.53121
1403638532.1778295040 0.06202 -0.03159 0.00582 0.02854 0.84494 -0.05574 0.53118
1403638532.2778294086 0.06201 -0.03158 0.00582 0.02843 0.84496 -0.05594 0.53113
1403638532.3778295517 0.06200 -0.03156 0.00580 0.02830 0.84498 -0.05595 0.53111
1403638532.4778294563 0.06200 -0.03157 0.00581 0.02823 0.84500 -0.05606 0.53108
1403638532.5778295994 0.06198 -0.03157 0.00580 0.02825 0.84504 -0.05612 0.53099
1403638532.6778295040 0.06198 -0.03159 0.00582 0.02831 0.84506 -0.05613 0.53096
1403638532.7778294086 0.06198 -0.03160 0.00581 0.02838 0.84509 -0.05603 0.53093
1403638532.8778295517 0.06198 -0.03159 0.00582 0.02841 0.84508 -0.05604 0.53093
1403638532.9778294563 0.06199 -0.03161 0.00582 0.02837 0.84508 -0.05606 0.53094
1403638533.0778295994 0.06198 -0.03161 0.00581 0.02837 0.84511 -0.05610 0.53089
1403638533.1778295040 0.06197 -0.03161 0.00581 0.02836 0.84511 -0.05617 0.53088
1403638533.2778294086 0.06196 -0.03162 0.00581 0.02838 0.84513 -0.05624 0.53083
1403638533.3778295517 0.06196 -0.03162 0.00581 0.02844 0.84515 -0.05622 0.53080
1403638533.4778294563 0.06196 -0.03164 0.00582 0.02839 0.84516 -0.05623 0.53079
1403638533.5778295994 0.06194 -0.03163 0.00581 0.02837 0.84518 -0.05627 0.53075
1403638533.6778295040 0.06194 -0.03163 0.00581 0.02836 0.84520 -0.05637 0.53072
1403638533.7778294086 0.06193 -0.03164 0.00580 0.02840 0.84521 -0.05644 0.53069
1403638533.8778295517 0.06194 -0.03163 0.00581 0.02823 0.84525 -0.05623 0.53066
1403638533.9778294563 0.06190 -0.03166 0.00583 0.02845 0.84527 -0.05654 0.53058
1403638534.0778295994 0.06180 -0.03167 0.00584 0.02887 0.84528 -0.05701 0.53048
1403638534.1778295040 0.06184 -0.03168 0.00583 0.02846 0.84532 -0.05681 0.53047
1403638534.2778294086 0.06189 -0.03164 0.00583 0.02811 0.84534 -0.05661 0.53047
1403638534.3778295517 0.06187 -0.03163 0.00584 0.02816 0.84535 -0.05666 0.53045
1403638534.4778294563 0.06180 -0.03173 0.00583 0.02889 0.84542 -0.05733 0.53023
1403638534.5778295994 0.06184 -0.03179 0.00580 0.02928 0.84540 -0.05741 0.53023
1403638534.6778295040 0.06190 -0.03177 0.00579 0.02903 0.84536 -0.05723 0.53033
1403638534.7778294086 0.06189 -0.03179 0.00580 0.02910 0.84533 -0.05712 0.53038
1403638534.8778295517 0.06188 -0.03182 0.00579 0.02940 0.84529 -0.05735 0.53040
1403638534.9778294563 0.06186 -0.03186 0.00579 0.02951 0.84533 -0.05745 0.53032
1403638535.0778295994 0.06186 -0.03186 0.00578 0.02943 0.84537 -0.05747 0.53027
1403638535.1778295040 0.06187 -0.03187 0.00577 0.02938 0.84534 -0.05752 0.53031
1403638535.2778294086 0.06186 -0.03186 0.00576 0.02930 0.84536 -0.05751 0.53029
1403638535.3778295517 0.06185 -0.03185 0.00577 0.02928 0.84538 -0.05751 0.53025
1403638535.4778294563 0.06185 -0.03186 0.00577 0.02937 0.84540 -0.05756 0.53021
1403638535.5778295994 0.06187 -0.03187 0.00578 0.02938 0.84539 -0.05755 0.53023
1403638535.6778295040 0.06187 -0.03187 0.00577 0.02937 0.84537 -0.05763 0.53025
1403638535.7778294086 0.06185 -0.03188 0.00577 0.02942 0.84538 -0.05765 0.53024
1403638535.8778295517 0.06185 -0.03188 0.00576 0.02931 0.84541 -0.05760 0.53020
1403638535.9778294563 0.06184 -0.03188 0.00576 0.02927 0.84544 -0.05763 0.53014
1403638536.0778295994 0.06184 -0.03190 0.00575 0.02932 0.84541 -0.05778 0.53017
1403638536.1778295040 0.06184 -0.03192 0.00575 0.02936 0.84542 -0.05785 0.53015
1403638536.2778294086 0.06184 -0.03192 0.00575 0.02938 0.84544 -0.05781 0.53012
1403638536.3778295517 0.06184 -0.03193 0.00575 0.02940 0.84543 -0.05786 0.53013
1403638536.4778294563 0.06184 -0.03193 0.00574 0.02940 0.84543 -0.05785 0.53013
1403638536.5778295994 0.06184 -0.03193 0.00574 0.02932 0.84545 -0.05788 0.53009
1403638536.6778295040 0.06183 -0.03194 0.00574 0.02933 0.84547 -0.05788 0.53007
1403638536.7778294086 0.06182 -0.03194 0.00573 0.02941 0.84545 -0.05797 0.53009
1403638536.8778295517 0.06180 -0.03195 0.00572 0.02937 0.84545 -0.05808 0.53007
1403638536.9778294563 0.06180 -0.03196 0.00572 0.02931 0.84550 -0.05816 0.52999
1403638537.0778295994 0.06182 -0.03195 0.00573 0.02932 0.84547 -0.05810 0.53004
1403638537.1778295040 0.06182 -0.03195 0.00573 0.02944 0.84544 -0.05813 0.53008
1403638537.2778294086 0.06182 -0.03197 0.00574 0.02958 0.84546 -0.05813 0.53004
1403638537.3778295517 0.06182 -0.03198 0.00573 0.02958 0.84544 -0.05814 0.53007
1403638537.4778294563 0.06182 -0.03198 0.00574 0.02955 0.84545 -0.05816 0.53006
1403638537.5778295994 0.06183 -0.03199 0.00574 0.02956 0.84544 -0.05810 0.53008
1403638537.6778295040 0.06185 -0.03199 0.00576 0.02961 0.84541 -0.05811 0.53012
1403638537.7778294086 0.06185 -0.03198 0.00574 0.02955 0.84537 -0.05812 0.53018
1403638537.8778295517 0.06187 -0.03199 0.00578 0.02963 0.84540 -0.05805 0.53015
1403638537.9778294563 0.06187 -0.03199 0.00577 0.02971 0.84532 -0.05819 0.53025
1403638538.0778295994 0.06187 -0.03198 0.00578 0.02966 0.84530 -0.05819 0.53028
1403638538.1778295040 0.06187 -0.03200 0.00578 0.02964 0.84531 -0.05818 0.53027
1403638538.2778294086 0.06193 -0.03199 0.00580 0.02964 0.84531 -0.05811 0.53028
1403638538.3778295517 0.06191 -0.03201 0.00581 0.02981 0.84522 -0.05810 0.53042
1403638538.4778294563 0.06190 -0.03201 0.00583 0.02974 0.84520 -0.05809 0.53044
1403638538.5778295994 0.06193 -0.03201 0.00584 0.02990 0.84515 -0.05813 0.53052
1403638538.6778295040 0.06192 -0.03201 0.00586 0.02969 0.84501 -0.05822 0.53074
1403638538.7778294086 0.06200 -0.03205 0.00607 0.02948 0.84427 -0.05805 0.53195
1403638538.8778295517 0.06299 -0.03177 0.00628 0.02860 0.84329 -0.05744 0.53362
1403638538.9778294563 0.06521 -0.03161 0.00791 0.02884 0.83875 -0.05669 0.54079
1403638539.0778295994 0.06860 -0.03121 0.01004 0.02811 0.83381 -0.05632 0.54845
1403638539.1778295040 0.07346 -0.03110 0.01436 0.02536 0.82803 -0.05528 0.55737
1403638539.2778294086 0.08028 -0.03127 0.02369 0.02294 0.82367 -0.05301 0.56412
1403638539.3778295517 0.08701 -0.03219 0.03727 0.02454 0.82370 -0.05321 0.56399
1403638539.4778294563 0.09281 -0.03243 0.05597 0.02467 0.82533 -0.05219 0.56169
1403638539.5778295994 0.09888 -0.03287 0.07735 0.02648 0.82509 -0.05166 0.56202
1403638539.6778295040 0.10632 -0.03376 0.09663 0.02479 0.82542 -0.05111 0.56166
1403638539.7778294086 0.11313 -0.03292 0.10935 0.02544 0.82667 -0.04944 0.55993
1403638539.8778295517 0.12210 -0.03325 0.11582 0.02453 0.82921 -0.04882 0.55626
1403638539.9778294563 0.13282 -0.03385 0.12057 0.02282 0.83372 -0.04848 0.54957
1403638540.0778295994 0.14576 -0.03421 0.12575 0.02225 0.83988 -0.04801 0.54018
1403638540.1778295040 0.16312 -0.03597 0.12936 0.02215 0.84365 -0.04775 0.53431
1403638540.2778294086 0.18128 -0.03489 0.13416 0.02200 0.83916 -0.04603 0.54149
1403638540.3778295517 0.20469 -0.03505 0.13754 0.02271 0.83319 -0.04419 0.55075
1403638540.4778294563 0.23410 -0.03710 0.13864 0.01946 0.83085 -0.03828 0.55483
1403638540.5778295994 0.26285 -0.03675 0.14180 0.01111 0.83140 -0.02635 0.55494
1403638540.6778295040 0.29483 -0.03570 0.14509 0.00189 0.83164 -0.00889 0.55524
1403638540.7778294086 0.32534 -0.03245 0.14657 -0.00641 0.83052 0.01507 0.55675
1403638540.8778295517 0.35649 -0.02707 0.14898 -0.01808 0.82950 0.04363 0.55650
1403638540.9778294563 0.38889 -0.01919 0.14998 -0.03244 0.82800 0.06974 0.55543
1403638541.0778295994 0.41809 -0.01035 0.15058 -0.04507 0.82458 0.08859 0.55695
1403638541.1778295040 0.44808 0.00074 0.14659 -0.05284 0.82188 0.10082 0.55817
1403638541.2778294086 0.48161 0.01609 0.14298 -0.05799 0.82130 0.10939 0.55690
1403638541.3778295517 0.50980 0.03425 0.14294 -0.06057 0.82082 0.11284 0.55664
1403638541.4778294563 0.54510 0.05606 0.14697 -0.06222 0.82091 0.11322 0.55625
1403638541.5778295994 0.57808 0.08045 0.15417 -0.06189 0.81960 0.11393 0.55808
1403638541.6778295040 0.61216 0.10830 0.16604 -0.06630 0.81794 0.11694 0.55938
1403638541.7778294086 0.64606 0.13951 0.18150 -0.07651 0.81659 0.12249 0.55886
1403638541.8778295517 0.67817 0.17388 0.20381 -0.08876 0.81510 0.13139 0.55719
1403638541.9778294563 0.70836 0.20937 0.22418 -0.10085 0.81381 0.14570 0.55346
1403638542.0778295994 0.73814 0.24603 0.23895 -0.11506 0.81139 0.16264 0.54951
1403638542.1778295040 0.77096 0.28579 0.25046 -0.13100 0.80713 0.18261 0.54592
1403638542.2778294086 0.79953 0.32523 0.25952 -0.14573 0.80269 0.20554 0.54056
1403638542.3778295517 0.83275 0.36616 0.26391 -0.15944 0.79456 0.22697 0.54013
1403638542.4778294563 0.86409 0.40628 0.26584 -0.16580 0.78076 0.24684 0.54954
1403638542.5778295994 0.88954 0.44459 0.26556 -0.16190 0.76842 0.26490 0.55959
1403638542.6778295040 0.91014 0.48553 0.26988 -0.16247 0.76466 0.27408 0.56016
1403638542.7778294086 0.92743 0.53020 0.27760 -0.17154 0.76848 0.27306 0.55267
1403638542.8778295517 0.93936 0.57297 0.28953 -0.17794 0.77356 0.26983 0.54510
1403638542.9778294563 0.94869 0.61922 0.30696 -0.18218 0.77797 0.26684 0.53886
1403638543.0778295994 0.95718 0.66472 0.32709 -0.18481 0.78148 0.26375 0.53438
1403638543.1778295040 0.96480 0.71091 0.34301 -0.18505 0.78263 0.26134 0.53380
1403638543.2778294086 0.97030 0.75583 0.35411 -0.18496 0.78313 0.25878 0.53435
1403638543.3778295517 0.97802 0.80325 0.36313 -0.18445 0.78421 0.25789 0.53338
1403638543.4778294563 0.98575 0.85144 0.36807 -0.18685 0.78304 0.26234 0.53209
1403638543.5778295994 0.99090 0.90166 0.37279 -0.19244 0.77981 0.27361 0.52915
1403638543.6778295040 0.99998 0.96203 0.37780 -0.20122 0.77352 0.29232 0.52510
1403638543.7778294086 1.00783 1.01622 0.38169 -0.21222 0.76482 0.31383 0.52109
1403638543.8778295517 1.01629 1.07576 0.38951 -0.22451 0.75421 0.33648 0.51724
1403638543.9778294563 1.02642 1.14004 0.40154 -0.23875 0.74521 0.35459 0.51178
1403638544.0778295994 1.03333 1.19149 0.41668 -0.25318 0.74080 0.36525 0.50369
1403638544.1778295040 1.03854 1.24245 0.43282 -0.26289 0.73748 0.37107 0.49931
1403638544.2778294086 1.04628 1.30054 0.44540 -0.26976 0.73466 0.37439 0.49734
1403638544.3778295517 1.05277 1.35750 0.45355 -0.27106 0.73409 0.37679 0.49564
1403638544.4778294563 1.06195 1.41724 0.46061 -0.27063 0.73452 0.37822 0.49416
1403638544.5778295994 1.07103 1.47613 0.46559 -0.27259 0.73187 0.37733 0.49767
1403638544.6778295040 1.08016 1.53624 0.47396 -0.27797 0.72537 0.37664 0.50469
1403638544.7778294086 1.08981 1.59413 0.48485 -0.27926 0.72457 0.37760 0.50441
1403638544.8778295517 1.09955 1.65116 0.49611 -0.27726 0.72784 0.38003 0.49895
1403638544.9778294563 1.10887 1.70931 0.50269 -0.27749 0.72870 0.38084 0.49696
1403638545.0778295994 1.11891 1.76604 0.50542 -0.27898 0.72752 0.38073 0.49792
1403638545.1778295040 1.12590 1.81070 0.50265 -0.27820 0.72708 0.38131 0.49856
1403638545.2778294086 1.13704 1.86790 0.49941 -0.27746 0.72657 0.38297 0.49844
1403638545.3778295517 1.14686 1.92374 0.49245 -0.27929 0.72397 0.38202 0.50192
1403638545.4778294563 1.15664 1.97207 0.48295 -0.28094 0.72390 0.38251 0.50073
1403638545.5778295994 1.16675 2.02983 0.47541 -0.28519 0.72154 0.38921 0.49654
1403638545.6778295040 1.17792 2.07382 0.47032 -0.29298 0.71593 0.39974 0.49174
1403638545.7778294086 1.18882 2.13355 0.47017 -0.30203 0.70787 0.41634 0.48410
1403638545.8778295517 1.19843 2.19825 0.47611 -0.31358 0.69657 0.43606 0.47572
1403638545.9778294563 1.20705 2.25653 0.48730 -0.32388 0.68338 0.45808 0.46718
1403638546.0778295994 1.21711 2.31733 0.49802 -0.33088 0.67070 0.47711 0.46157
1403638546.1778295040 1.22543 2.37834 0.50625 -0.33956 0.66104 0.48984 0.45582
1403638546.2778294086 1.23159 2.43450 0.51327 -0.34498 0.65582 0.49760 0.45087
1403638546.3778295517 1.23764 2.48643 0.51605 -0.35090 0.65427 0.49952 0.44641
1403638546.4778294563 1.24382 2.53549 0.51431 -0.35253 0.65445 0.50008 0.44423
1403638546.5778295994 1.24917 2.59505 0.51239 -0.35410 0.65205 0.50364 0.44248
1403638546.6778295040 1.25517 2.65389 0.51297 -0.35763 0.64713 0.50941 0.44026
1403638546.7778294086 1.25980 2.70826 0.51809 -0.35935 0.64303 0.51465 0.43878
1403638546.8778295517 1.26341 2.76502 0.52839 -0.36006 0.63936 0.51957 0.43774
1403638546.9778294563 1.26797 2.81777 0.53572 -0.35743 0.63699 0.52322 0.43901
1403638547.0778295994 1.27050 2.87635 0.54222 -0.35556 0.63443 0.52655 0.44025
1403638547.1778295040 1.27193 2.93141 0.54406 -0.35161 0.63311 0.52933 0.44199
1403638547.2778294086 1.27051 2.99150 0.54358 -0.34964 0.63180 0.53080 0.44367
1403638547.3778295517 1.26902 3.04304 0.53949 -0.35072 0.63463 0.52776 0.44239
1403638547.4778294563 1.26476 3.10232 0.53594 -0.35505 0.63793 0.52398 0.43867
1403638547.5778295994 1.25871 3.16392 0.53035 -0.35803 0.64141 0.52056 0.43523
1403638547.6778295040 1.25266 3.22123 0.52010 -0.35734 0.64356 0.51859 0.43497
1403638547.7778294086 1.24527 3.28202 0.50801 -0.35498 0.64317 0.51903 0.43695
1403638547.8778295517 1.23558 3.34683 0.49317 -0.35128 0.64054 0.52108 0.44134
1403638547.9778294563 1.22520 3.41421 0.48190 -0.35151 0.64039 0.52149 0.44091
1403638548.0778295994 1.21392 3.48751 0.47535 -0.35464 0.63970 0.52405 0.43634
1403638548.1778295040 1.20354 3.55553 0.47518 -0.35912 0.63580 0.52953 0.43173
1403638548.2778294086 1.18990 3.63445 0.47979 -0.36633 0.62895 0.53838 0.42470
1403638548.3778295517 1.17659 3.71095 0.48720 -0.37433 0.61916 0.54994 0.41723
1403638548.4778294563 1.16147 3.79134 0.49931 -0.38274 0.60927 0.56081 0.40963
1403638548.5778295994 1.14524 3.87080 0.50860 -0.38934 0.60123 0.56892 0.40407
1403638548.6778295040 1.12907 3.94973 0.51619 -0.39408 0.59577 0.57457 0.39953
1403638548.7778294086 1.11350 4.02843 0.52059 -0.39711 0.59167 0.57876 0.39656
1403638548.8778295517 1.10166 4.09547 0.52734 -0.39718 0.59041 0.58087 0.39530
1403638548.9778294563 1.09047 4.16366 0.53690 -0.39682 0.59069 0.58130 0.39461
1403638549.0778295994 1.07538 4.23944 0.55173 -0.39732 0.59041 0.58176 0.39383
1403638549.1778295040 1.06239 4.30803 0.56931 -0.39703 0.59146 0.58022 0.39482
1403638549.2778294086 1.04703 4.38434 0.59202 -0.39758 0.59245 0.57923 0.39424
1403638549.3778295517 1.02929 4.46731 0.61838 -0.40013 0.59376 0.57712 0.39277
1403638549.4778294563 1.01400 4.54649 0.64274 -0.40194 0.59520 0.57497 0.39191
1403638549.5778295994 0.99923 4.62376 0.66273 -0.40342 0.59521 0.57322 0.39295
1403638549.6778295040 0.98467 4.70649 0.68029 -0.40478 0.59468 0.57175 0.39447
1403638549.7778294086 0.97253 4.77613 0.69603 -0.40309 0.59494 0.57209 0.39531
1403638549.8778295517 0.96048 4.85665 0.71785 -0.40203 0.59649 0.57229 0.39379
1403638549.9778294563 0.95218 4.91696 0.74176 -0.40074 0.59802 0.57180 0.39347
1403638550.0778295994 0.94099 4.99470 0.76995 -0.40080 0.59851 0.57153 0.39305
1403638550.1778295040 0.93515 5.06393 0.79681 -0.40056 0.59971 0.57106 0.39216
1403638550.2778294086 0.92684 5.14277 0.82984 -0.39987 0.59939 0.57191 0.39212
1403638550.3778295517 0.92172 5.21739 0.85963 -0.39875 0.59926 0.57215 0.39309
1403638550.4778294563 0.91666 5.29582 0.88968 -0.40130 0.59992 0.57052 0.39186
1403638550.5778295994 0.91643 5.37152 0.91260 -0.40382 0.60155 0.56802 0.39041
1403638550.6778295040 0.91562 5.44749 0.93451 -0.40736 0.60092 0.56448 0.39283
1403638550.7778294086 0.91471 5.52306 0.95573 -0.41032 0.60024 0.56269 0.39336
1403638550.8778295517 0.91570 5.59337 0.97270 -0.41639 0.59642 0.55845 0.39878
1403638550.9778294563 0.91955 5.66189 0.98760 -0.42140 0.59272 0.55358 0.40578
1403638551.0778295994 0.92381 5.72763 1.00163 -0.42437 0.59072 0.55031 0.41003
1403638551.1778295040 0.92920 5.79227 1.01640 -0.42882 0.59113 0.54754 0.40850
1403638551.2778294086 0.93670 5.84484 1.03415 -0.42909 0.59300 0.54573 0.40794
1403638551.3778295517 0.94676 5.89862 1.05530 -0.42424 0.60070 0.54251 0.40604
1403638551.4778294563 0.96094 5.94891 1.07442 -0.41606 0.61362 0.53280 0.40802
1403638551.5778295994 0.97798 5.99435 1.08808 -0.40966 0.62865 0.51618 0.41296
1403638551.6778295040 0.99833 6.05313 1.10528 -0.40245 0.64578 0.49810 0.41582
1403638551.7778294086 1.02182 6.10710 1.11735 -0.39349 0.65969 0.48030 0.42341
1403638551.8778295517 1.04935 6.15102 1.12550 -0.38324 0.67026 0.46503 0.43316
1403638551.9778294563 1.08162 6.19018 1.13759 -0.37135 0.67360 0.45771 0.44594
1403638552.0778295994 1.11756 6.22407 1.15248 -0.36173 0.67511 0.45270 0.45656
1403638552.1778295040 1.15524 6.25978 1.17108 -0.35606 0.67986 0.44995 0.45668
1403638552.2778294086 1.19396 6.28796 1.19313 -0.35166 0.68391 0.44866 0.45530
1403638552.3778295517 1.23393 6.31010 1.21054 -0.35234 0.68560 0.44466 0.45617
1403638552.4778294563 1.27817 6.33768 1.22755 -0.35982 0.68183 0.43947 0.46098
1403638552.5778295994 1.32237 6.35568 1.24180 -0.36501 0.67826 0.43578 0.46565
1403638552.6778295040 1.36930 6.37258 1.25169 -0.36507 0.67627 0.43679 0.46754
1403638552.7778294086 1.41605 6.38362 1.25865 -0.36401 0.67593 0.43891 0.46687
1403638552.8778295517 1.46550 6.39253 1.26420 -0.36190 0.67459 0.44293 0.46666
1403638552.9778294563 1.51024 6.39176 1.26604 -0.35654 0.67273 0.44836 0.46828
1403638553.0778295994 1.56267 6.39626 1.26623 -0.35313 0.67043 0.45401 0.46872
1403638553.1778295040 1.60769 6.39089 1.26361 -0.35756 0.66714 0.45220 0.47179
1403638553.2778294086 1.65865 6.38821 1.26314 -0.36489 0.66140 0.44912 0.47718
1403638553.3778295517 1.71130 6.38154 1.26413 -0.36724 0.65592 0.45062 0.48150
1403638553.4778294563 1.75934 6.36711 1.26864 -0.36357 0.65060 0.45430 0.48800
1403638553.5778295994 1.80374 6.34824 1.27738 -0.36012 0.64650 0.45720 0.49327
1403638553.6778295040 1.84517 6.32462 1.28968 -0.35721 0.64584 0.45913 0.49446
1403638553.7778294086 1.88596 6.29677 1.30552 -0.35486 0.64670 0.46085 0.49343
1403638553.8778295517 1.92600 6.26424 1.32430 -0.35271 0.64845 0.46239 0.49123
1403638553.9778294563 1.96423 6.22903 1.34148 -0.35208 0.65144 0.46286 0.48726
1403638554.0778295994 2.00072 6.19034 1.35741 -0.35063 0.65468 0.46375 0.48310
1403638554.1778295040 2.02863 6.15005 1.36869 -0.34506 0.65792 0.46692 0.47966
1403638554.2778294086 2.06189 6.10678 1.37763 -0.33744 0.66365 0.47281 0.47133
1403638554.3778295517 2.09505 6.06486 1.38495 -0.33224 0.66654 0.47783 0.46585
1403638554.4778294563 2.13599 6.01975 1.39065 -0.33207 0.66655 0.48183 0.46183
1403638554.5778295994 2.17116 5.97588 1.39462 -0.33444 0.66662 0.48238 0.45943
1403638554.6778295040 2.20208 5.93357 1.39661 -0.34045 0.66877 0.47858 0.45585
1403638554.7778294086 2.23428 5.89226 1.40403 -0.34587 0.66910 0.47565 0.45436
1403638554.8778295517 2.26345 5.85108 1.41458 -0.34842 0.66954 0.47327 0.45424
1403638554.9778294563 2.29182 5.80992 1.42563 -0.35032 0.67062 0.46956 0.45504
1403638555.0778295994 2.31740 5.77112 1.43211 -0.34560 0.67443 0.46441 0.45828
1403638555.1778295040 2.35037 5.72985 1.43808 -0.33896 0.68039 0.45784 0.46103
1403638555.2778294086 2.37155 5.69088 1.44097 -0.33028 0.68800 0.44767 0.46600
1403638555.3778295517 2.40345 5.65192 1.44030 -0.32344 0.69098 0.44324 0.47061
1403638555.4778294563 2.43480 5.61200 1.43888 -0.31835 0.69261 0.44070 0.47405
1403638555.5778295994 2.46304 5.57441 1.43590 -0.31575 0.69403 0.43782 0.47638
1403638555.6778295040 2.48896 5.53625 1.43606 -0.31348 0.69654 0.43502 0.47679
1403638555.7778294086 2.51850 5.49507 1.44026 -0.31160 0.69816 0.43460 0.47602
1403638555.8778295517 2.55010 5.45453 1.44742 -0.31094 0.69818 0.43561 0.47550
1403638555.9778294563 2.58013 5.41631 1.45840 -0.30909 0.69716 0.43691 0.47701
1403638556.0778295994 2.61110 5.37791 1.47101 -0.30739 0.69736 0.43815 0.47667
1403638556.1778295040 2.64856 5.33977 1.48157 -0.30777 0.70113 0.43941 0.46969
1403638556.2778294086 2.67955 5.30643 1.48881 -0.30633 0.70436 0.44026 0.46499
1403638556.3778295517 2.71367 5.27538 1.49293 -0.30575 0.70612 0.44117 0.46181
1403638556.4778294563 2.74639 5.24475 1.49839 -0.30352 0.70910 0.44241 0.45753
1403638556.5778295994 2.77727 5.22252 1.50135 -0.30315 0.71194 0.44176 0.45397
1403638556.6778295040 2.81481 5.19619 1.50577 -0.31086 0.71428 0.43560 0.45103
1403638556.7778294086 2.85353 5.17028 1.51442 -0.31740 0.71106 0.43085 0.45609
1403638556.8778295517 2.89452 5.14761 1.52634 -0.32279 0.70971 0.42621 0.45877
1403638556.9778294563 2.93551 5.12447 1.53898 -0.32529 0.70866 0.42292 0.46165
1403638557.0778295994 2.97846 5.10216 1.54866 -0.32339 0.70746 0.42396 0.46388
1403638557.1778295040 3.02554 5.07690 1.55659 -0.32183 0.70583 0.42548 0.46604
1403638557.2778294086 3.08028 5.05017 1.56076 -0.32241 0.70402 0.42763 0.46642
1403638557.3778295517 3.12408 5.02834 1.56254 -0.31883 0.70326 0.42892 0.46882
1403638557.4778294563 3.17271 5.00599 1.56647 -0.31319 0.70034 0.43327 0.47298
1403638557.5778295994 3.22011 4.98404 1.57383 -0.30825 0.69812 0.43616 0.47683
1403638557.6778295040 3.26779 4.96176 1.58450 -0.30523 0.69716 0.43781 0.47867
1403638557.7778294086 3.32494 4.93770 1.59582 -0.30687 0.69620 0.43859 0.47830
1403638557.8778295517 3.38088 4.91354 1.60478 -0.30596 0.69534 0.44132 0.47762
1403638557.9778294563 3.43649 4.89078 1.61135 -0.30511 0.69576 0.44422 0.47486
1403638558.0778295994 3.48565 4.86989 1.61317 -0.30408 0.69949 0.44489 0.46939
1403638558.1778295040 3.53775 4.85006 1.61405 -0.30167 0.70505 0.44670 0.46083
1403638558.2778294086 3.58589 4.83366 1.61744 -0.29767 0.70935 0.44801 0.45552
1403638558.3778295517 3.63241 4.81936 1.62386 -0.29192 0.71117 0.45004 0.45441
1403638558.4778294563 3.68464 4.80903 1.63408 -0.28572 0.71479 0.45376 0.44893
1403638558.5778295994 3.74370 4.80197 1.64827 -0.28782 0.71695 0.45311 0.44478
1403638558.6778295040 3.80060 4.80100 1.66532 -0.29631 0.71756 0.44669 0.44472
1403638558.7778294086 3.85520 4.80281 1.68339 -0.30398 0.71726 0.44046 0.44623
1403638558.8778295517 3.91237 4.80652 1.69658 -0.30596 0.71627 0.43769 0.44919
1403638558.9778294563 3.97146 4.81347 1.70669 -0.30756 0.71158 0.43629 0.45685
1403638559.0778295994 4.02493 4.82047 1.71323 -0.30732 0.70749 0.43545 0.46411
1403638559.1778295040 4.08638 4.82866 1.71735 -0.30803 0.70394 0.43619 0.46833
1403638559.2778294086 4.14485 4.83761 1.71803 -0.30573 0.70121 0.43836 0.47188
1403638559.3778295517 4.20032 4.84677 1.71736 -0.30186 0.69902 0.44143 0.47475
1403638559.4778294563 4.25646 4.85612 1.71428 -0.29987 0.69667 0.44367 0.47736
1403638559.5778295994 4.31367 4.86830 1.70680 -0.29985 0.69423 0.44596 0.47880
1403638559.6778295040 4.37038 4.88240 1.69708 -0.30128 0.69293 0.44664 0.47915
1403638559.7778294086 4.42553 4.89602 1.69052 -0.30167 0.69206 0.44734 0.47952
1403638559.8778295517 4.46917 4.90873 1.68699 -0.30324 0.69273 0.44668 0.47818
1403638559.9778294563 4.51902 4.92317 1.68298 -0.30194 0.69624 0.44063 0.47951
1403638560.0778295994 4.56297 4.93484 1.67755 -0.29679 0.70390 0.42795 0.48300
1403638560.1778295040 4.59508 4.94614 1.66773 -0.28787 0.71327 0.41070 0.48959
1403638560.2778294086 4.63965 4.95809 1.65576 -0.27559 0.72381 0.38961 0.49835
1403638560.3778295517 4.69431 4.96966 1.64287 -0.26355 0.73155 0.36478 0.51217
1403638560.4778294563 4.74776 4.98202 1.62628 -0.25015 0.73948 0.33929 0.52485
1403638560.5778295994 4.80281 4.99585 1.60636 -0.23944 0.74843 0.31334 0.53322
1403638560.6778295040 4.85592 5.01092 1.58338 -0.23203 0.75859 0.28799 0.53643
1403638560.7778294086 4.91458 5.02229 1.56080 -0.22548 0.76722 0.26331 0.53963
1403638560.8778295517 4.96594 5.02892 1.54404 -0.21517 0.77360 0.24118 0.54505
1403638560.9778294563 5.01232 5.02924 1.53326 -0.20273 0.77785 0.22033 0.55254
1403638561.0778295994 5.04919 5.02363 1.52916 -0.18999 0.78042 0.20034 0.56098
1403638561.1778295040 5.09687 5.01577 1.52399 -0.17908 0.78164 0.18263 0.56887
1403638561.2778294086 5.13760 5.00370 1.52334 -0.17208 0.78181 0.16915 0.57493
1403638561.3778295517 5.17563 4.98731 1.52535 -0.16299 0.78628 0.16428 0.57290
1403638561.4778294563 5.20842 4.96740 1.52623 -0.14976 0.79208 0.16824 0.56734
1403638561.5778295994 5.23706 4.94613 1.52408 -0.13994 0.79561 0.17296 0.56348
1403638561.6778295040 5.26495 4.92353 1.51880 -0.13618 0.79725 0.17588 0.56117
1403638561.7778294086 5.29099 4.89925 1.51057 -0.13502 0.79752 0.17804 0.56039
1403638561.8778295517 5.31681 4.87532 1.49945 -0.13254 0.79687 0.17873 0.56168
1403638561.9778294563 5.33960 4.85175 1.48640 -0.12760 0.79793 0.17465 0.56261
1403638562.0778295994 5.36240 4.82635 1.47444 -0.12026 0.79965 0.16606 0.56437
1403638562.1778295040 5.37869 4.80242 1.46588 -0.11291 0.80158 0.15670 0.56584
1403638562.2778294086 5.39540 4.77698 1.46108 -0.10626 0.80278 0.14850 0.56762
1403638562.3778295517 5.40738 4.75633 1.46009 -0.10038 0.80376 0.13684 0.57024
1403638562.4778294563 5.42021 4.73149 1.45989 -0.09243 0.80620 0.12099 0.57172
1403638562.5778295994 5.43104 4.70457 1.46363 -0.08250 0.80856 0.10087 0.57381
1403638562.6778295040 5.43441 4.68772 1.47109 -0.07408 0.81135 0.07719 0.57469
1403638562.7778294086 5.44002 4.66472 1.47695 -0.06515 0.81289 0.05111 0.57651
1403638562.8778295517 5.44812 4.63578 1.48176 -0.05124 0.81401 0.02645 0.57798
1403638562.9778294563 5.45540 4.60513 1.48226 -0.03643 0.81462 0.00380 0.57883
1403638563.0778295994 5.45976 4.57524 1.48045 -0.02759 0.81450 -0.01990 0.57917
1403638563.1778295040 5.46355 4.53913 1.47653 -0.01623 0.81441 -0.03891 0.57876
1403638563.2778294086 5.46681 4.49974 1.47038 -0.00544 0.81148 -0.05188 0.58205
1403638563.3778295517 5.46527 4.46101 1.46177 0.00068 0.80394 -0.06097 0.59158
1403638563.4778294563 5.46231 4.42007 1.45049 0.00160 0.79809 -0.06749 0.59874
1403638563.5778295994 5.45546 4.38223 1.44012 0.00721 0.79867 -0.06712 0.59797
1403638563.6778295040 5.44607 4.34246 1.43270 0.00752 0.80216 -0.06727 0.59326
1403638563.7778294086 5.43336 4.29453 1.42787 0.00442 0.80447 -0.06758 0.59013
1403638563.8778295517 5.41740 4.24719 1.42762 0.00129 0.80412 -0.06668 0.59071
1403638563.9778294563 5.39911 4.19604 1.43157 -0.00233 0.80311 -0.06497 0.59228
1403638564.0778295994 5.37654 4.14237 1.43307 -0.00681 0.80382 -0.06275 0.59152
1403638564.1778295040 5.35158 4.08694 1.43293 -0.00860 0.80381 -0.05805 0.59199
1403638564.2778294086 5.32522 4.02969 1.43275 -0.00791 0.80227 -0.05247 0.59459
1403638564.3778295517 5.29402 3.96947 1.43490 -0.00804 0.80092 -0.04737 0.59683
1403638564.4778294563 5.25587 3.89976 1.44000 -0.00727 0.79980 -0.04318 0.59867
1403638564.5778295994 5.21761 3.83560 1.44865 -0.01008 0.80157 -0.04264 0.59629
1403638564.6778295040 5.17619 3.77101 1.45671 -0.01546 0.80331 -0.04536 0.59362
1403638564.7778294086 5.13143 3.70231 1.46072 -0.01914 0.80393 -0.04846 0.59244
1403638564.8778295517 5.08348 3.62822 1.46015 -0.02111 0.80349 -0.05107 0.59275
1403638564.9778294563 5.03597 3.55709 1.45144 -0.02296 0.80297 -0.05274 0.59324
1403638565.0778295994 4.98269 3.47965 1.43422 -0.02414 0.80342 -0.05356 0.59251
1403638565.1778295040 4.92460 3.39392 1.40968 -0.02454 0.80427 -0.05392 0.59130
1403638565.2778294086 4.86856 3.31007 1.38282 -0.02339 0.80522 -0.05272 0.59016
1403638565.3778295517 4.81545 3.23214 1.35481 -0.02066 0.80616 -0.05137 0.58910
1403638565.4778294563 4.75100 3.14256 1.32540 -0.01706 0.80555 -0.05087 0.59010
1403638565.5778295994 4.68391 3.04926 1.30076 -0.01007 0.80344 -0.04884 0.59329
1403638565.6778295040 4.62351 2.96394 1.27933 0.00091 0.80298 -0.04209 0.59451
1403638565.7778294086 4.58032 2.88697 1.26378 0.00722 0.80509 -0.03535 0.59206
1403638565.8778295517 4.52272 2.80614 1.25100 0.01397 0.80709 -0.03158 0.58941
1403638565.9778294563 4.45779 2.72289 1.23751 0.01684 0.80890 -0.03242 0.58681
1403638566.0778295994 4.40186 2.64251 1.22237 0.01756 0.80966 -0.03204 0.58576
1403638566.1778295040 4.35075 2.56935 1.20177 0.01385 0.80944 -0.03201 0.58616
1403638566.2778294086 4.30588 2.50339 1.17909 0.01200 0.80850 -0.02908 0.58765
1403638566.3778295517 4.26222 2.43845 1.15503 0.00924 0.80876 -0.02540 0.58752
1403638566.4778294563 4.22521 2.37673 1.12341 0.00144 0.80812 -0.02234 0.58859
1403638566.5778295994 4.18941 2.31568 1.09007 -0.00270 0.81041 -0.01736 0.58560
1403638566.6778295040 4.14143 2.25044 1.05407 -0.00499 0.81920 -0.01363 0.57333
1403638566.7778294086 4.08784 2.18414 1.01648 -0.00607 0.83055 -0.01068 0.55681
1403638566.8778295517 4.03417 2.11797 0.97653 -0.00736 0.83838 -0.00911 0.54497
1403638566.9778294563 3.98621 2.05020 0.93731 -0.00701 0.84214 -0.00624 0.53917
1403638567.0778295994 3.94238 1.98806 0.89898 -0.00755 0.83393 -0.00507 0.55180
1403638567.1778295040 3.90090 1.92704 0.85948 -0.00608 0.82145 -0.00337 0.57023
1403638567.2778294086 3.85833 1.86761 0.82032 -0.00343 0.81272 -0.00180 0.58264
1403638567.3778295517 3.82002 1.81370 0.78092 -0.00068 0.81074 -0.00117 0.58540
1403638567.4778294563 3.77375 1.75260 0.73856 0.00126 0.81167 -0.00203 0.58411
1403638567.5778295994 3.74340 1.71446 0.71128 0.00319 0.81511 -0.00389 0.57929
1403638567.6778295040 3.70836 1.67156 0.68452 0.00769 0.81837 -0.00496 0.57463
1403638567.7778294086 3.66738 1.62338 0.65715 0.01060 0.82171 -0.00586 0.56977
1403638567.8778295517 3.62717 1.57481 0.63071 0.01009 0.82524 -0.00806 0.56464
1403638567.9778294563 3.59158 1.52976 0.60772 0.01020 0.82618 -0.00907 0.56324
1403638568.0778295994 3.55680 1.48749 0.58988 0.01326 0.82599 -0.00731 0.56348
1403638568.1778295040 3.52351 1.44532 0.57511 0.01548 0.82523 -0.00619 0.56455
1403638568.2778294086 3.48892 1.40317 0.56111 0.01690 0.82518 -0.00679 0.56457
1403638568.3778295517 3.45673 1.36439 0.54823 0.01765 0.82574 -0.00764 0.56372
1403638568.4778294563 3.42787 1.33002 0.53387 0.01818 0.82655 -0.00754 0.56252
1403638568.5778295994 3.40523 1.30054 0.51974 0.01925 0.82776 -0.00698 0.56070
1403638568.6778295040 3.38039 1.27066 0.50329 0.02074 0.82950 -0.00562 0.55809
1403638568.7778294086 3.36116 1.24580 0.48934 0.02062 0.83073 -0.00581 0.55626
1403638568.8778295517 3.34047 1.21868 0.47648 0.01900 0.83011 -0.00777 0.55721
1403638568.9778294563 3.32219 1.19545 0.46792 0.02090 0.82952 -0.00608 0.55806
1403638569.0778295994 3.30456 1.17234 0.46147 0.02251 0.82929 -0.00519 0.55834
1403638569.1778295040 3.29010 1.15391 0.45917 0.02316 0.83008 -0.00515 0.55713
1403638569.2778294086 3.27593 1.13500 0.45545 0.02519 0.83129 -0.00409 0.55525
1403638569.3778295517 3.26570 1.12080 0.45142 0.02614 0.83119 -0.00389 0.55536
1403638569.4778294563 3.25403 1.10362 0.44274 0.02639 0.82974 -0.00338 0.55751
1403638569.5778295994 3.24788 1.09454 0.43525 0.02709 0.82845 -0.00309 0.55941
1403638569.6778295040 3.24248 1.08666 0.42913 0.02614 0.82732 -0.00406 0.56111
1403638569.7778294086 3.23866 1.08113 0.42594 0.02707 0.82645 -0.00346 0.56235
1403638569.8778295517 3.23545 1.07551 0.42416 0.02779 0.82512 -0.00229 0.56426
1403638569.9778294563 3.23436 1.07497 0.42559 0.02652 0.82358 -0.00318 0.56658
1403638570.0778295994 3.23364 1.07621 0.42556 0.02420 0.82298 -0.00473 0.56753
1403638570.1778295040 3.23364 1.07894 0.42297 0.01927 0.82315 -0.00753 0.56744
1403638570.2778294086 3.23408 1.08325 0.41731 0.01170 0.82268 -0.01219 0.56825
1403638570.3778295517 3.23520 1.08822 0.41006 0.00539 0.82254 -0.01952 0.56835
1403638570.4778294563 3.23600 1.09208 0.39992 0.00090 0.82233 -0.03500 0.56793
1403638570.5778295994 3.23588 1.09411 0.38702 -0.00618 0.82027 -0.06207 0.56857
1403638570.6778295040 3.23362 1.09413 0.37327 -0.00571 0.81572 -0.09128 0.57117
1403638570.7778294086 3.23292 1.09213 0.35850 0.00100 0.80525 -0.11900 0.58087
1403638570.8778295517 3.23103 1.08537 0.34353 0.01302 0.79412 -0.14361 0.59041
1403638570.9778294563 3.22476 1.07367 0.32704 0.02814 0.78644 -0.16508 0.59453
1403638571.0778295994 3.21463 1.05708 0.30973 0.04492 0.78416 -0.18417 0.59089
1403638571.1778295040 3.20170 1.03717 0.29411 0.06655 0.78703 -0.19650 0.58098
1403638571.2778294086 3.18766 1.01298 0.28127 0.08655 0.78863 -0.20270 0.57402
1403638571.3778295517 3.17163 0.98651 0.27211 0.09936 0.78793 -0.20821 0.57091
1403638571.4778294563 3.15367 0.95856 0.26756 0.10534 0.78525 -0.21305 0.57175
1403638571.5778295994 3.13438 0.92954 0.26402 0.11228 0.78294 -0.21734 0.57198
1403638571.6778295040 3.11301 0.89949 0.25995 0.11872 0.78280 -0.22677 0.56719
1403638571.7778294086 3.08937 0.86810 0.25275 0.12714 0.78247 -0.24027 0.56021
1403638571.8778295517 3.06660 0.83513 0.24288 0.13479 0.77977 -0.25807 0.55425
1403638571.9778294563 3.03947 0.79903 0.23343 0.14294 0.77402 -0.27835 0.55044
1403638572.0778295994 3.01213 0.76548 0.23013 0.15232 0.76740 -0.29770 0.54706
1403638572.1778295040 2.98475 0.73020 0.23068 0.16830 0.76084 -0.31306 0.54295
1403638572.2778294086 2.95678 0.69348 0.23214 0.18270 0.75682 -0.32970 0.53398
1403638572.3778295517 2.92453 0.64840 0.23086 0.19587 0.75242 -0.34795 0.52386
1403638572.4778294563 2.89535 0.60524 0.22825 0.21016 0.74865 -0.36112 0.51473
1403638572.5778295994 2.86529 0.56053 0.22502 0.22131 0.74497 -0.36988 0.50915
1403638572.6778295040 2.83811 0.51727 0.22331 0.22743 0.74319 -0.37537 0.50502
1403638572.7778294086 2.81163 0.47275 0.22632 0.23552 0.74449 -0.37516 0.49952
1403638572.8778295517 2.78831 0.42776 0.23142 0.23931 0.74686 -0.37440 0.49473
1403638572.9778294563 2.76346 0.37838 0.23931 0.24001 0.74900 -0.37336 0.49193
1403638573.0778295994 2.74155 0.32769 0.24477 0.23937 0.75103 -0.37209 0.49011
1403638573.1778295040 2.72133 0.27678 0.24805 0.23760 0.75260 -0.37083 0.48952
1403638573.2778294086 2.70397 0.22539 0.25066 0.23599 0.75395 -0.36882 0.48973
1403638573.3778295517 2.69026 0.17353 0.25406 0.23525 0.75470 -0.36794 0.48960
1403638573.4778294563 2.67658 0.11867 0.25882 0.23838 0.75482 -0.36807 0.48780
1403638573.5778295994 2.67060 0.07113 0.26509 0.24016 0.75469 -0.36836 0.48690
1403638573.6778295040 2.66685 0.02259 0.27433 0.24290 0.75512 -0.36881 0.48454
1403638573.7778294086 2.66330 -0.02965 0.28690 0.24952 0.75168 -0.37218 0.48394
1403638573.8778295517 2.66167 -0.07931 0.29784 0.26294 0.74160 -0.37805 0.48782
1403638573.9778294563 2.66398 -0.12829 0.30534 0.27450 0.72651 -0.39200 0.49312
1403638574.0778295994 2.66637 -0.18363 0.30877 0.27964 0.70691 -0.41390 0.50078
1403638574.1778295040 2.66627 -0.23047 0.31088 0.28511 0.68543 -0.43834 0.50671
1403638574.2778294086 2.66575 -0.27917 0.31300 0.29435 0.66739 -0.46099 0.50541
1403638574.3778295517 2.65895 -0.32921 0.31374 0.30686 0.65466 -0.48112 0.49576
1403638574.4778294563 2.65092 -0.37833 0.31289 0.32059 0.64356 -0.49932 0.48345
1403638574.5778295994 2.64124 -0.43108 0.31437 0.33118 0.63334 -0.51367 0.47471
1403638574.6778295040 2.63181 -0.48505 0.31668 0.34310 0.62734 -0.52082 0.46633
1403638574.7778294086 2.62010 -0.52811 0.32415 0.35422 0.62726 -0.52330 0.45523
1403638574.8778295517 2.60902 -0.56826 0.33245 0.35594 0.62931 -0.52756 0.44604
1403638574.9778294563 2.59792 -0.60164 0.33826 0.35514 0.63134 -0.53078 0.43995
1403638575.0778295994 2.58561 -0.64705 0.34176 0.34756 0.63010 -0.53611 0.44132
1403638575.1778295040 2.57606 -0.68043 0.34149 0.34161 0.62749 -0.53943 0.44561
1403638575.2778294086 2.56339 -0.72529 0.34128 0.33809 0.62622 -0.54028 0.44905
1403638575.3778295517 2.55343 -0.75508 0.33862 0.33538 0.62933 -0.54029 0.44670
1403638575.4778294563 2.53904 -0.79997 0.33547 0.33369 0.63482 -0.53849 0.44236
1403638575.5778295994 2.52316 -0.84732 0.33150 0.33275 0.63992 -0.53578 0.43900
1403638575.6778295040 2.50829 -0.88823 0.33144 0.33677 0.64595 -0.53043 0.43357
1403638575.7778294086 2.49223 -0.93677 0.33519 0.33803 0.65241 -0.52724 0.42674
1403638575.8778295517 2.47663 -0.98930 0.34064 0.33818 0.65653 -0.52517 0.42285
1403638575.9778294563 2.46281 -1.04344 0.34945 0.33755 0.65694 -0.52435 0.42374
1403638576.0778295994 2.45114 -1.09631 0.36036 0.33812 0.65758 -0.52288 0.42410
1403638576.1778295040 2.44027 -1.15293 0.37287 0.33889 0.65599 -0.52242 0.42651
1403638576.2778294086 2.43321 -1.20599 0.38603 0.34317 0.65635 -0.51993 0.42556
1403638576.3778295517 2.42814 -1.25234 0.39525 0.34781 0.65784 -0.51710 0.42294
1403638576.4778294563 2.42321 -1.30913 0.40370 0.35196 0.66029 -0.51460 0.41872
1403638576.5778295994 2.41958 -1.37233 0.41067 0.35668 0.66433 -0.51161 0.41195
1403638576.6778295040 2.41616 -1.44240 0.41748 0.35976 0.66585 -0.50940 0.40955
1403638576.7778294086 2.41837 -1.50546 0.42145 0.36443 0.66346 -0.50576 0.41380
1403638576.8778295517 2.42144 -1.57821 0.42420 0.36708 0.65836 -0.50434 0.42126
1403638576.9778294563 2.42949 -1.63613 0.42325 0.36503 0.65189 -0.50635 0.43059
1403638577.0778295994 2.43964 -1.69672 0.42242 0.36079 0.64808 -0.50996 0.43562
1403638577.1778295040 2.45065 -1.74742 0.42288 0.35790 0.64528 -0.51208 0.43966
1403638577.2778294086 2.46282 -1.80333 0.42618 0.35814 0.64593 -0.51190 0.43870
1403638577.3778295517 2.47656 -1.86688 0.43357 0.36493 0.65010 -0.50695 0.43267
1403638577.4778294563 2.49236 -1.92467 0.44332 0.36939 0.65250 -0.50364 0.42912
1403638577.5778295994 2.50883 -1.98203 0.45204 0.36647 0.65248 -0.50537 0.42962
1403638577.6778295040 2.52793 -2.03160 0.45596 0.36309 0.65142 -0.50745 0.43163
1403638577.7778294086 2.54742 -2.08094 0.45929 0.36036 0.65093 -0.50892 0.43295
1403638577.8778295517 2.56900 -2.13330 0.45964 0.36003 0.65111 -0.50864 0.43327
1403638577.9778294563 2.58983 -2.17994 0.46036 0.36082 0.65162 -0.50722 0.43351
1403638578.0778295994 2.61440 -2.23482 0.46183 0.35966 0.65088 -0.50719 0.43562
1403638578.1778295040 2.63261 -2.26106 0.46703 0.35505 0.64784 -0.50974 0.44092
1403638578.2778294086 2.65709 -2.30883 0.47300 0.34632 0.64313 -0.51543 0.44807
1403638578.3778295517 2.67826 -2.34967 0.47910 0.34425 0.64077 -0.51713 0.45109
1403638578.4778294563 2.70010 -2.39480 0.48392 0.34440 0.64041 -0.51763 0.45091
1403638578.5778295994 2.72182 -2.44012 0.48719 0.34436 0.63992 -0.51838 0.45078
1403638578.6778295040 2.74493 -2.48988 0.48816 0.34679 0.63978 -0.51721 0.45045
1403638578.7778294086 2.75849 -2.51755 0.48708 0.35227 0.64225 -0.51379 0.44659
1403638578.8778295517 2.78049 -2.56206 0.48471 0.35747 0.64498 -0.51009 0.44274
1403638578.9778294563 2.79483 -2.59215 0.48370 0.36000 0.64626 -0.50789 0.44136
1403638579.0778295994 2.81565 -2.63351 0.48465 0.36044 0.64693 -0.50682 0.44124
1403638579.1778295040 2.83110 -2.66084 0.48679 0.36116 0.64699 -0.50632 0.44115
1403638579.2778294086 2.85339 -2.69829 0.49087 0.35890 0.64606 -0.50746 0.44304
1403638579.3778295517 2.87963 -2.74283 0.49627 0.35312 0.64304 -0.51151 0.44740
1403638579.4778294563 2.90275 -2.78165 0.50093 0.34715 0.63891 -0.51549 0.45337
1403638579.5778295994 2.92582 -2.81918 0.50356 0.34581 0.63632 -0.51290 0.46093
1403638579.6778295040 2.95345 -2.86857 0.50539 0.34760 0.63678 -0.50089 0.47201
1403638579.7778294086 2.97470 -2.90537 0.50472 0.34581 0.64689 -0.48164 0.47956
1403638579.8778295517 2.99726 -2.94152 0.50301 0.33519 0.66643 -0.46014 0.48145
1403638579.9778294563 3.02262 -2.98304 0.49942 0.31805 0.68594 -0.43520 0.48881
1403638580.0778295994 3.04550 -3.01894 0.49309 0.30324 0.69976 -0.40079 0.50769
1403638580.1778295040 3.06969 -3.04460 0.48709 0.28293 0.71319 -0.36366 0.52827
1403638580.2778294086 3.09857 -3.08038 0.47813 0.25624 0.72945 -0.32891 0.54227
1403638580.3778295517 3.11759 -3.10076 0.46979 0.22591 0.74502 -0.30254 0.54989
1403638580.4778294563 3.13571 -3.11941 0.45762 0.19986 0.75620 -0.28615 0.55347
1403638580.5778295994 3.15146 -3.13765 0.44662 0.18234 0.76320 -0.27290 0.55660
1403638580.6778295040 3.16817 -3.15700 0.43643 0.16695 0.77301 -0.25830 0.55486
1403638580.7778294086 3.18201 -3.17531 0.42915 0.15658 0.78285 -0.24319 0.55090
1403638580.8778295517 3.19233 -3.18874 0.42582 0.15188 0.78955 -0.23216 0.54740
1403638580.9778294563 3.20151 -3.20094 0.42601 0.14592 0.79095 -0.22854 0.54851
1403638581.0778295994 3.21150 -3.21360 0.42772 0.14457 0.79198 -0.22656 0.54821
1403638581.1778295040 3.22462 -3.23096 0.43141 0.14712 0.79189 -0.22496 0.54832
1403638581.2778294086 3.23689 -3.24711 0.43622 0.15119 0.79199 -0.22463 0.54720
1403638581.3778295517 3.24850 -3.26023 0.44171 0.15444 0.79085 -0.22575 0.54748
1403638581.4778294563 3.26052 -3.27599 0.44782 0.15714 0.78877 -0.22745 0.54901
1403638581.5778295994 3.27546 -3.29161 0.45654 0.16010 0.78823 -0.22922 0.54819
1403638581.6778295040 3.28516 -3.30220 0.46575 0.16512 0.78419 -0.22933 0.55244
1403638581.7778294086 3.30072 -3.31766 0.47064 0.16690 0.78061 -0.23066 0.55640
1403638581.8778295517 3.31196 -3.32769 0.47362 0.16979 0.77750 -0.23064 0.55989
1403638581.9778294563 3.32123 -3.33577 0.47533 0.17354 0.76991 -0.22922 0.56971
1403638582.0778295994 3.32742 -3.34026 0.47655 0.17238 0.77170 -0.23095 0.56695
1403638582.1778295040 3.33487 -3.34566 0.47981 0.16868 0.77904 -0.23409 0.55664
1403638582.2778294086 3.34360 -3.35125 0.48713 0.16919 0.78205 -0.23403 0.55227
1403638582.3778295517 3.35258 -3.35645 0.49702 0.17160 0.77873 -0.23185 0.55711
1403638582.4778294563 3.35908 -3.35896 0.50930 0.17372 0.77751 -0.23030 0.55880
1403638582.5778295994 3.36520 -3.35993 0.52358 0.17476 0.77689 -0.22925 0.55977
1403638582.6778295040 3.37224 -3.36057 0.54045 0.17447 0.77794 -0.22937 0.55836
1403638582.7778294086 3.37827 -3.35914 0.55855 0.17277 0.77953 -0.23113 0.55593
1403638582.8778295517 3.38451 -3.35537 0.57617 0.17329 0.78085 -0.23169 0.55368
1403638582.9778294563 3.38878 -3.35088 0.59366 0.17223 0.78307 -0.23326 0.55021
1403638583.0778295994 3.39352 -3.34573 0.60864 0.17137 0.78560 -0.23491 0.54615
1403638583.1778295040 3.40006 -3.33973 0.62053 0.17138 0.78720 -0.23560 0.54354
1403638583.2778294086 3.40517 -3.33360 0.63047 0.17014 0.78781 -0.23688 0.54249
1403638583.3778295517 3.40992 -3.32584 0.63635 0.17050 0.78738 -0.23634 0.54324
1403638583.4778294563 3.41677 -3.31910 0.64399 0.17070 0.78809 -0.23644 0.54210
1403638583.5778295994 3.42393 -3.31161 0.65375 0.17082 0.78806 -0.23634 0.54215
1403638583.6778295040 3.43152 -3.30380 0.66548 0.17251 0.78834 -0.23510 0.54175
1403638583.7778294086 3.44057 -3.29610 0.67699 0.17223 0.78803 -0.23512 0.54228
1403638583.8778295517 3.44433 -3.28715 0.68539 0.17316 0.78709 -0.23481 0.54347
1403638583.9778294563 3.45328 -3.27784 0.69217 0.17358 0.78704 -0.23449 0.54355
1403638584.0778295994 3.46109 -3.26803 0.69943 0.17640 0.78357 -0.23235 0.54856
1403638584.1778295040 3.47953 -3.25659 0.71437 0.18023 0.77501 -0.22935 0.56060
1403638584.2778294086 3.48815 -3.24408 0.71705 0.18203 0.76595 -0.22714 0.57323
1403638584.3778295517 3.49693 -3.22985 0.71806 0.18371 0.76308 -0.22604 0.57694
1403638584.4778294563 3.50650 -3.21372 0.72000 0.18498 0.76300 -0.22579 0.57674
1403638584.5778295994 3.51068 -3.19498 0.71953 0.18459 0.76318 -0.22582 0.57662
1403638584.6778295040 3.51249 -3.17312 0.72198 0.18229 0.76499 -0.22707 0.57446
1403638584.7778294086 3.51047 -3.15040 0.72432 0.17856 0.77175 -0.22897 0.56577
1403638584.8778295517 3.50912 -3.12385 0.73200 0.17242 0.77946 -0.23340 0.55519
1403638584.9778294563 3.50646 -3.10050 0.73510 0.17069 0.78283 -0.23525 0.55018
1403638585.0778295994 3.50760 -3.07260 0.74018 0.17070 0.78410 -0.23623 0.54794
1403638585.1778295040 3.50580 -3.04550 0.74214 0.16828 0.78396 -0.23784 0.54820
1403638585.2778294086 3.50178 -3.02999 0.73700 0.16935 0.78197 -0.23708 0.55104
1403638585.3778295517 3.50126 -3.00399 0.73518 0.16992 0.77988 -0.23646 0.55408
1403638585.4778294563 3.50006 -2.97800 0.73245 0.16984 0.78013 -0.23666 0.55366
1403638585.5778295994 3.49895 -2.95152 0.73335 0.16908 0.78196 -0.23681 0.55125
1403638585.6778295040 3.49810 -2.92256 0.73679 0.16914 0.78452 -0.23677 0.54759
1403638585.7778294086 3.49671 -2.89789 0.74275 0.16610 0.78959 -0.23883 0.54029
1403638585.8778295517 3.49585 -2.87242 0.75049 0.16366 0.79351 -0.24067 0.53444
1403638585.9778294563 3.49667 -2.84029 0.76227 0.16199 0.79341 -0.24284 0.53412
1403638586.0778295994 3.49887 -2.81362 0.77340 0.16408 0.78918 -0.24247 0.53988
1403638586.1778295040 3.50167 -2.79013 0.78185 0.16584 0.78642 -0.24201 0.54357
1403638586.2778294086 3.50333 -2.76096 0.79087 0.16803 0.78386 -0.24094 0.54706
1403638586.3778295517 3.50667 -2.73737 0.79641 0.17381 0.78077 -0.23739 0.55121
1403638586.4778294563 3.51027 -2.70424 0.80106 0.18186 0.77904 -0.23248 0.55315
1403638586.5778295994 3.51352 -2.67949 0.80209 0.18409 0.77832 -0.23135 0.55391
1403638586.6778295040 3.51720 -2.64433 0.80255 0.18128 0.77919 -0.23349 0.55271
1403638586.7778294086 3.52005 -2.61584 0.79980 0.17720 0.77888 -0.23624 0.55330
1403638586.8778295517 3.52242 -2.58798 0.79533 0.17512 0.77775 -0.23727 0.55510
1403638586.9778294563 3.52545 -2.55703 0.78899 0.17533 0.77750 -0.23700 0.55551
1403638587.0778295994 3.52568 -2.53479 0.78158 0.17462 0.77733 -0.23759 0.55572
1403638587.1778295040 3.52919 -2.50348 0.77566 0.17417 0.77852 -0.23750 0.55423
1403638587.2778294086 3.53096 -2.47594 0.77224 0.17338 0.78024 -0.23757 0.55202
1403638587.3778295517 3.53207 -2.44389 0.77196 0.17282 0.78183 -0.23790 0.54979
1403638587.4778294563 3.53309 -2.41615 0.77292 0.17095 0.78192 -0.23963 0.54950
1403638587.5778295994 3.53385 -2.38496 0.77331 0.17014 0.78199 -0.24060 0.54923
1403638587.6778295040 3.53532 -2.36078 0.77002 0.16998 0.78150 -0.24113 0.54975
1403638587.7778294086 3.53538 -2.32965 0.76655 0.16992 0.78113 -0.24154 0.55012
1403638587.8778295517 3.53621 -2.30235 0.76197 0.16908 0.78075 -0.24242 0.55052
1403638587.9778294563 3.53758 -2.27292 0.75540 0.16893 0.78034 -0.24296 0.55091
1403638588.0778295994 3.53821 -2.24617 0.74720 0.17012 0.77985 -0.24191 0.55171
1403638588.1778295040 3.53873 -2.21807 0.73844 0.17682 0.78058 -0.23753 0.55046
1403638588.2778294086 3.53840 -2.18700 0.73034 0.17975 0.78134 -0.23518 0.54944
1403638588.3778295517 3.53847 -2.15607 0.72425 0.18041 0.78168 -0.23446 0.54905
1403638588.4778294563 3.53999 -2.11907 0.71906 0.17840 0.78178 -0.23533 0.54920
1403638588.5778295994 3.53998 -2.08760 0.71836 0.17605 0.78103 -0.23702 0.55029
1403638588.6778295040 3.54130 -2.05514 0.72028 0.17369 0.78029 -0.23839 0.55150
1403638588.7778294086 3.54102 -2.01978 0.72450 0.17207 0.77882 -0.23976 0.55349
1403638588.8778295517 3.54030 -1.98190 0.72730 0.16934 0.77842 -0.24195 0.55394
1403638588.9778294563 3.53928 -1.94621 0.72748 0.16951 0.77837 -0.24217 0.55386
1403638589.0778295994 3.53998 -1.90966 0.72423 0.16979 0.77867 -0.24235 0.55328
1403638589.1778295040 3.54091 -1.87643 0.71945 0.17137 0.77842 -0.24163 0.55346
1403638589.2778294086 3.53927 -1.85870 0.71478 0.17130 0.77731 -0.24197 0.55488
1403638589.3778295517 3.53840 -1.82423 0.70863 0.17142 0.77713 -0.24173 0.55520
1403638589.4778294563 3.53637 -1.80179 0.70527 0.17123 0.77792 -0.24241 0.55386
1403638589.5778295994 3.53338 -1.76788 0.70418 0.17051 0.77789 -0.24276 0.55396
1403638589.6778295040 3.53326 -1.74514 0.70505 0.17034 0.77832 -0.24289 0.55336
1403638589.7778294086 3.53066 -1.71280 0.70795 0.17069 0.77989 -0.24322 0.55089
1403638589.8778295517 3.52771 -1.67600 0.70995 0.17065 0.78051 -0.24418 0.54961
1403638589.9778294563 3.52462 -1.64524 0.71005 0.17105 0.78049 -0.24464 0.54930
1403638590.0778295994 3.51912 -1.60542 0.70970 0.17058 0.78051 -0.24540 0.54907
1403638590.1778295040 3.51475 -1.57404 0.70736 0.17118 0.77946 -0.24571 0.55024
1403638590.2778294086 3.50949 -1.53620 0.70383 0.17081 0.77875 -0.24631 0.55110
1403638590.3778295517 3.50479 -1.49859 0.69817 0.17095 0.77910 -0.24667 0.55040
1403638590.4778294563 3.50093 -1.46957 0.69153 0.17137 0.77958 -0.24712 0.54939
1403638590.5778295994 3.49719 -1.43778 0.68630 0.17026 0.78071 -0.24774 0.54784
1403638590.6778295040 3.49307 -1.41211 0.68399 0.16867 0.78235 -0.24888 0.54548
1403638590.7778294086 3.48875 -1.38027 0.68310 0.16790 0.78319 -0.24933 0.54430
1403638590.8778295517 3.48470 -1.35057 0.68534 0.16818 0.78408 -0.24935 0.54292
1403638590.9778294563 3.48108 -1.32247 0.68904 0.16700 0.78466 -0.25029 0.54202
1403638591.0778295994 3.47631 -1.28842 0.69401 0.16560 0.78565 -0.25166 0.54037
1403638591.1778295040 3.47366 -1.26247 0.69716 0.16484 0.78983 -0.25281 0.53393
1403638591.2778294086 3.47198 -1.23771 0.69803 0.16273 0.79564 -0.25504 0.52482
1403638591.3778295517 3.47065 -1.20774 0.69807 0.15945 0.80001 -0.25747 0.51795
1403638591.4778294563 3.47115 -1.17828 0.69575 0.15662 0.80286 -0.25944 0.51339
1403638591.5778295994 3.47295 -1.14667 0.69147 0.15361 0.80576 -0.26143 0.50874
1403638591.6778295040 3.47710 -1.11929 0.68611 0.15212 0.80613 -0.26249 0.50805
1403638591.7778294086 3.48390 -1.09649 0.68089 0.15363 0.80439 -0.26142 0.51089
1403638591.8778295517 3.49402 -1.08224 0.67566 0.15462 0.80203 -0.26067 0.51467
1403638591.9778294563 3.50612 -1.06923 0.67354 0.15532 0.79939 -0.26001 0.51888
1403638592.0778295994 3.52090 -1.05745 0.67358 0.15527 0.79706 -0.25880 0.52307
1403638592.1778295040 3.53592 -1.04999 0.67735 0.15337 0.79412 -0.25710 0.52892
1403638592.2778294086 3.55294 -1.04267 0.68427 0.14806 0.78863 -0.25190 0.54101
1403638592.3778295517 3.57137 -1.03532 0.69538 0.13881 0.78594 -0.24312 0.55130
1403638592.4778294563 3.58744 -1.03204 0.70856 0.12700 0.78815 -0.22930 0.55687
1403638592.5778295994 3.60149 -1.03354 0.72357 0.11953 0.79518 -0.21510 0.55420
1403638592.6778295040 3.61559 -1.03532 0.74124 0.11296 0.80239 -0.20364 0.54949
1403638592.7778294086 3.62800 -1.03704 0.75807 0.10788 0.80925 -0.19589 0.54323
1403638592.8778295517 3.64041 -1.03980 0.77348 0.10378 0.81409 -0.19097 0.53854
1403638592.9778294563 3.65155 -1.04363 0.78474 0.10308 0.81643 -0.18709 0.53648
1403638593.0778295994 3.66721 -1.04842 0.79595 0.10206 0.81717 -0.18580 0.53600
1403638593.1778295040 3.68555 -1.05457 0.80811 0.10233 0.81551 -0.18514 0.53869
1403638593.2778294086 3.70298 -1.06153 0.82076 0.10896 0.81217 -0.18130 0.54372
1403638593.3778295517 3.72322 -1.06926 0.83827 0.11801 0.80882 -0.17642 0.54841
1403638593.4778294563 3.74343 -1.07651 0.85435 0.12614 0.80421 -0.17259 0.55457
1403638593.5778295994 3.76360 -1.08330 0.86794 0.13077 0.80136 -0.17143 0.55797
1403638593.6778295040 3.78131 -1.08831 0.87763 0.13328 0.80011 -0.17097 0.55931
1403638593.7778294086 3.80032 -1.09275 0.88556 0.13464 0.79679 -0.17142 0.56358
1403638593.8778295517 3.81876 -1.09608 0.89258 0.13019 0.78637 -0.17170 0.57896
1403638593.9778294563 3.83552 -1.09733 0.90022 0.12367 0.78293 -0.16877 0.58586
1403638594.0778295994 3.85095 -1.09816 0.91228 0.11543 0.78849 -0.16668 0.58067
1403638594.1778295040 3.86524 -1.09837 0.92576 0.11317 0.79458 -0.16191 0.57412
1403638594.2778294086 3.87716 -1.09769 0.93858 0.11359 0.79695 -0.15709 0.57210
1403638594.3778295517 3.88660 -1.09521 0.94950 0.11606 0.79591 -0.15222 0.57436
1403638594.4778294563 3.89721 -1.09186 0.96326 0.11961 0.79461 -0.14677 0.57684
1403638594.5778295994 3.90461 -1.08710 0.97778 0.11402 0.79487 -0.14867 0.57713
1403638594.6778295040 3.91492 -1.08190 0.99691 0.10831 0.79568 -0.15197 0.57626
1403638594.7778294086 3.91894 -1.07492 1.01260 0.10616 0.79636 -0.15393 0.57519
1403638594.8778295517 3.92491 -1.06764 1.02851 0.10498 0.79655 -0.15576 0.57465
1403638594.9778294563 3.92902 -1.05947 1.03966 0.10605 0.79837 -0.15618 0.57180
1403638595.0778295994 3.93189 -1.05159 1.04848 0.10468 0.79957 -0.15794 0.56989
1403638595.1778295040 3.93409 -1.04342 1.05519 0.10452 0.80008 -0.15916 0.56888
1403638595.2778294086 3.93561 -1.03525 1.05966 0.10505 0.80052 -0.15942 0.56808
1403638595.3778295517 3.93625 -1.02697 1.06083 0.10502 0.80027 -0.16032 0.56819
1403638595.4778294563 3.93569 -1.01898 1.06011 0.10500 0.80056 -0.16044 0.56775
1403638595.5778295994 3.93540 -1.01075 1.05912 0.10502 0.80135 -0.16011 0.56672
1403638595.6778295040 3.93472 -1.00196 1.05965 0.10736 0.80140 -0.15841 0.56669
1403638595.7778294086 3.93443 -0.99281 1.06289 0.11159 0.80236 -0.15540 0.56534
1403638595.8778295517 3.93361 -0.98353 1.06491 0.11283 0.80277 -0.15472 0.56471
1403638595.9778294563 3.93190 -0.97406 1.06177 0.11518 0.80248 -0.15327 0.56504
1403638596.0778295994 3.93039 -0.96321 1.05443 0.12291 0.80307 -0.14855 0.56383
1403638596.1778295040 3.92943 -0.95134 1.04807 0.13409 0.80445 -0.14053 0.56136
1403638596.2778294086 3.92885 -0.93631 1.04404 0.14577 0.80609 -0.13178 0.55821
1403638596.3778295517 3.92844 -0.91789 1.04309 0.15501 0.80604 -0.12410 0.55755
1403638596.4778294563 3.92989 -0.89675 1.04460 0.16054 0.80567 -0.11928 0.55757
1403638596.5778295994 3.93245 -0.87052 1.04974 0.16736 0.80623 -0.11380 0.55590
1403638596.6778295040 3.93631 -0.83953 1.05725 0.17491 0.80645 -0.10769 0.55448
1403638596.7778294086 3.94164 -0.80218 1.06773 0.17883 0.80651 -0.10429 0.55380
1403638596.8778295517 3.94961 -0.75530 1.08274 0.18277 0.80577 -0.10172 0.55406
1403638596.9778294563 3.95738 -0.70686 1.09597 0.18443 0.80453 -0.10074 0.55548
1403638597.0778295994 3.96345 -0.65819 1.10666 0.18669 0.80369 -0.09932 0.55621
1403638597.1778295040 3.97002 -0.60798 1.11383 0.18792 0.80187 -0.09829 0.55860
1403638597.2778294086 3.97612 -0.55078 1.12118 0.18450 0.79924 -0.10072 0.56306
1403638597.3778295517 3.98552 -0.47981 1.12735 0.17947 0.79756 -0.10548 0.56619
1403638597.4778294563 3.99476 -0.41023 1.13070 0.17062 0.79440 -0.11251 0.57197
1403638597.5778295994 4.00319 -0.33696 1.13223 0.15754 0.78990 -0.12204 0.57996
1403638597.6778295040 4.01257 -0.26684 1.13029 0.15306 0.78759 -0.12614 0.58341
1403638597.7778294086 4.02165 -0.19536 1.12728 0.15766 0.78918 -0.12125 0.58107
1403638597.8778295517 4.02965 -0.11743 1.12449 0.16182 0.79160 -0.10980 0.57891
1403638597.9778294563 4.03855 -0.03224 1.12108 0.16291 0.79306 -0.10059 0.57827
1403638598.0778295994 4.04730 0.06168 1.12043 0.15581 0.79321 -0.09795 0.58047
1403638598.1778295040 4.05794 0.15454 1.11909 0.13413 0.79478 -0.10712 0.58211
1403638598.2778294086 4.06342 0.25679 1.12059 0.11611 0.79685 -0.11518 0.58162
1403638598.3778295517 4.06995 0.36274 1.12075 0.10462 0.79878 -0.12006 0.58016
1403638598.4778294563 4.07451 0.47342 1.11919 0.09913 0.80129 -0.12086 0.57750
1403638598.5778295994 4.07834 0.57350 1.11423 0.09379 0.80328 -0.11849 0.57611
1403638598.6778295040 4.08318 0.67577 1.10869 0.08929 0.80547 -0.10976 0.57550
1403638598.7778294086 4.08805 0.78041 1.10303 0.08096 0.80742 -0.09894 0.57596
1403638598.8778295517 4.09390 0.88113 1.09883 0.07221 0.80806 -0.08486 0.57847
1403638598.9778294563 4.09729 0.96388 1.09636 0.06281 0.81010 -0.06879 0.57884
1403638599.0778295994 4.10155 1.03380 1.09593 0.05172 0.81105 -0.05279 0.58029
1403638599.1778295040 4.10333 1.13184 1.09761 0.03946 0.81202 -0.03485 0.58125
1403638599.2778294086 4.10405 1.22936 1.10049 0.02815 0.81362 -0.01544 0.58051
1403638599.3778295517 4.10683 1.31001 1.10522 0.01658 0.81641 0.00143 0.57724
1403638599.4778294563 4.10583 1.39488 1.11191 0.00804 0.81827 0.01458 0.57459
1403638599.5778295994 4.10554 1.48322 1.11825 0.00272 0.82042 0.02313 0.57129
1403638599.6778295040 4.10645 1.57068 1.12142 -0.00092 0.82176 0.02789 0.56915
1403638599.7778294086 4.10744 1.67298 1.12258 -0.00150 0.82177 0.02857 0.56910
1403638599.8778295517 4.10656 1.76982 1.12128 -0.00227 0.82301 0.02540 0.56745
1403638599.9778294563 4.10627 1.85127 1.11888 -0.00556 0.82322 0.01950 0.56736
1403638600.0778295994 4.10514 1.94746 1.11503 -0.01209 0.82446 0.01188 0.56567
1403638600.1778295040 4.10694 2.03068 1.10868 -0.02405 0.82631 0.00017 0.56270
1403638600.2778294086 4.11152 2.11187 1.10052 -0.03392 0.82854 -0.01043 0.55881
1403638600.3778295517 4.11527 2.18444 1.09242 -0.04129 0.83003 -0.01908 0.55586
1403638600.4778294563 4.12334 2.27081 1.08742 -0.04733 0.83125 -0.02562 0.55329
1403638600.5778295994 4.13333 2.35989 1.08353 -0.04529 0.83182 -0.02623 0.55258
1403638600.6778295040 4.14545 2.43788 1.08352 -0.04805 0.83333 -0.02921 0.54991
1403638600.7778294086 4.15774 2.50448 1.08745 -0.04867 0.83720 -0.02819 0.54400
1403638600.8778295517 4.17465 2.54125 1.09326 -0.03706 0.84086 -0.01973 0.53963
1403638600.9778294563 4.19332 2.57908 1.09878 -0.01972 0.84279 -0.00664 0.53785
1403638601.0778295994 4.21114 2.60886 1.10228 -0.00906 0.84302 0.00028 0.53781
1403638601.1778295040 4.23601 2.66177 1.10339 -0.00002 0.84154 0.00583 0.54016
1403638601.2778294086 4.26389 2.71379 1.10260 0.00983 0.83503 0.01287 0.54996
1403638601.3778295517 4.29021 2.75919 1.10189 0.00686 0.82994 0.01676 0.55756
1403638601.4778294563 4.31897 2.80747 1.10150 -0.00604 0.82543 0.02128 0.56408
1403638601.5778295994 4.34410 2.84762 1.10521 -0.01700 0.82047 0.03564 0.57033
1403638601.6778295040 4.37180 2.88800 1.11097 -0.02808 0.81766 0.05570 0.57232
1403638601.7778294086 4.39605 2.92565 1.11835 -0.04050 0.81451 0.08116 0.57302
1403638601.8778295517 4.42360 2.97227 1.12803 -0.05440 0.80907 0.11031 0.57469
1403638601.9778294563 4.44485 3.01246 1.13735 -0.06920 0.80558 0.13380 0.57301
1403638602.0778295994 4.46646 3.05271 1.14431 -0.08067 0.80368 0.15083 0.56995
1403638602.1778295040 4.48259 3.09348 1.15056 -0.08660 0.79880 0.16648 0.57158
1403638602.2778294086 4.50583 3.14538 1.15653 -0.09393 0.79164 0.18371 0.57509
1403638602.3778295517 4.52912 3.19498 1.15936 -0.11617 0.78039 0.19600 0.58231
1403638602.4778294563 4.54586 3.24289 1.16643 -0.15115 0.75824 0.20214 0.60114
1403638602.5778295994 4.56235 3.29417 1.17485 -0.18631 0.73654 0.20677 0.61648
1403638602.6778295040 4.57343 3.33352 1.18528 -0.20680 0.72618 0.22000 0.61766
1403638602.7778294086 4.57379 3.36259 1.19764 -0.21786 0.72161 0.23971 0.61185
1403638602.8778295517 4.57131 3.39178 1.21334 -0.22898 0.71803 0.25943 0.60390
1403638602.9778294563 4.56574 3.41966 1.22837 -0.24837 0.71806 0.27485 0.58921
1403638603.0778295994 4.55757 3.44411 1.24255 -0.26710 0.71294 0.28954 0.58012
1403638603.1778295040 4.54680 3.45916 1.25327 -0.27921 0.70553 0.30383 0.57615
1403638603.2778294086 4.53372 3.47363 1.26198 -0.27723 0.71279 0.32106 0.55856
1403638603.3778295517 4.51953 3.48075 1.26712 -0.27017 0.72544 0.33561 0.53676
1403638603.4778294563 4.50502 3.48248 1.26995 -0.26681 0.73362 0.34312 0.52238
1403638603.5778295994 4.49064 3.48757 1.27236 -0.26827 0.73128 0.34753 0.52200
1403638603.6778295040 4.47504 3.49227 1.27452 -0.27049 0.72349 0.34986 0.53009
1403638603.7778294086 4.45903 3.49503 1.27466 -0.26456 0.71462 0.35624 0.54075
1403638603.8778295517 4.44123 3.49687 1.27234 -0.25809 0.70688 0.36110 0.55075
1403638603.9778294563 4.42252 3.49782 1.26782 -0.25337 0.69996 0.36399 0.55980
1403638604.0778295994 4.40032 3.49863 1.26149 -0.24745 0.69643 0.36661 0.56512
1403638604.1778295040 4.37390 3.49912 1.25607 -0.24608 0.69589 0.36731 0.56592
1403638604.2778294086 4.34461 3.49567 1.25198 -0.25238 0.69994 0.36359 0.56053
1403638604.3778295517 4.31570 3.49026 1.25074 -0.25772 0.70769 0.36073 0.55012
1403638604.4778294563 4.28606 3.48392 1.25160 -0.25522 0.71566 0.36230 0.53984
1403638604.5778295994 4.25500 3.47756 1.25432 -0.25259 0.72055 0.36317 0.53396
1403638604.6778295040 4.22201 3.47093 1.25486 -0.25509 0.72390 0.36160 0.52929
1403638604.7778294086 4.18100 3.46406 1.25358 -0.25890 0.72606 0.35882 0.52637
1403638604.8778295517 4.13780 3.45557 1.25250 -0.25926 0.72949 0.35776 0.52215
1403638604.9778294563 4.10393 3.44798 1.25381 -0.25654 0.73558 0.35955 0.51364
1403638605.0778295994 4.07487 3.44031 1.25735 -0.25414 0.74194 0.36196 0.50392
1403638605.1778295040 4.03364 3.43316 1.26346 -0.25020 0.74643 0.36263 0.49874
1403638605.2778294086 4.00169 3.42792 1.26894 -0.24630 0.74727 0.36537 0.49742
1403638605.3778295517 3.96860 3.42333 1.27385 -0.24022 0.74257 0.36953 0.50431
1403638605.4778294563 3.93757 3.42071 1.27725 -0.23312 0.73241 0.37496 0.51831
1403638605.5778295994 3.91582 3.41932 1.27926 -0.22816 0.72386 0.37954 0.52908
1403638605.6778295040 3.88680 3.41952 1.27933 -0.22367 0.71805 0.38269 0.53659
1403638605.7778294086 3.84924 3.42053 1.28088 -0.22198 0.71714 0.38365 0.53781
1403638605.8778295517 3.81572 3.42384 1.28435 -0.21925 0.71706 0.38532 0.53785
1403638605.9778294563 3.77614 3.42833 1.29030 -0.21527 0.71631 0.38725 0.53906
1403638606.0778295994 3.73821 3.43515 1.29527 -0.21265 0.71645 0.38797 0.53941
1403638606.1778295040 3.69576 3.44368 1.29902 -0.20930 0.71622 0.38956 0.53988
1403638606.2778294086 3.65063 3.45465 1.30049 -0.20711 0.71745 0.38989 0.53886
1403638606.3778295517 3.60798 3.46655 1.29838 -0.21247 0.72609 0.38510 0.52854
1403638606.4778294563 3.56815 3.47889 1.29362 -0.22081 0.73635 0.37885 0.51527
1403638606.5778295994 3.52950 3.49295 1.28738 -0.22833 0.74485 0.37490 0.50251
1403638606.6778295040 3.49527 3.50699 1.27999 -0.23461 0.74774 0.37779 0.49307
1403638606.7778294086 3.46347 3.52158 1.27223 -0.24051 0.74712 0.38799 0.48314
1403638606.8778295517 3.42946 3.53755 1.26507 -0.25051 0.74267 0.40193 0.47343
1403638606.9778294563 3.40073 3.55585 1.25938 -0.26281 0.73449 0.41850 0.46509
1403638607.0778295994 3.36160 3.58452 1.25385 -0.27632 0.72558 0.43242 0.45847
1403638607.1778295040 3.32119 3.61660 1.24965 -0.29251 0.71579 0.43909 0.45747
1403638607.2778294086 3.28432 3.64923 1.24599 -0.30642 0.70214 0.44314 0.46555
1403638607.3778295517 3.25127 3.68011 1.24080 -0.31863 0.69390 0.44259 0.47020
1403638607.4778294563 3.22878 3.70536 1.23595 -0.32460 0.69072 0.44379 0.46967
1403638607.5778295994 3.21234 3.72424 1.23004 -0.32716 0.68944 0.44552 0.46814
1403638607.6778295040 3.19793 3.74150 1.22381 -0.32930 0.68757 0.44581 0.46912
1403638607.7778294086 3.17836 3.76282 1.21599 -0.32839 0.68589 0.44660 0.47145
1403638607.8778295517 3.15948 3.78320 1.20663 -0.32984 0.68804 0.44479 0.46901
1403638607.9778294563 3.13844 3.80670 1.19442 -0.33195 0.69251 0.44151 0.46403
1403638608.0778295994 3.11887 3.82882 1.18178 -0.33306 0.69120 0.43910 0.46744
1403638608.1778295040 3.10447 3.84468 1.16995 -0.32935 0.68823 0.43946 0.47407
1403638608.2778294086 3.08627 3.86515 1.15493 -0.32827 0.68366 0.43869 0.48208
1403638608.3778295517 3.06784 3.88633 1.13878 -0.32878 0.67791 0.43739 0.49096
1403638608.4778294563 3.05104 3.90508 1.12110 -0.32897 0.67780 0.43702 0.49131
1403638608.5778295994 3.03506 3.92264 1.10221 -0.32715 0.67931 0.43776 0.48978
1403638608.6778295040 3.01747 3.93969 1.08246 -0.33278 0.67660 0.43378 0.49325
1403638608.7778294086 3.00446 3.95163 1.06589 -0.33316 0.67678 0.43346 0.49303
1403638608.8778295517 2.99342 3.96038 1.05253 -0.33186 0.68012 0.43496 0.48797
1403638608.9778294563 2.97760 3.97236 1.03809 -0.33088 0.68416 0.43592 0.48209
1403638609.0778295994 2.96628 3.97864 1.02857 -0.33030 0.68682 0.43657 0.47810
1403638609.1778295040 2.95293 3.98593 1.01931 -0.33249 0.68713 0.43539 0.47722
1403638609.2778294086 2.93471 3.99890 1.00394 -0.34073 0.68713 0.42977 0.47649
1403638609.3778295517 2.92302 4.00703 0.99174 -0.33949 0.68741 0.43022 0.47658
1403638609.4778294563 2.90766 4.01575 0.97499 -0.33591 0.68734 0.43240 0.47725
1403638609.5778295994 2.89720 4.02011 0.95964 -0.33248 0.68728 0.43438 0.47793
1403638609.6778295040 2.88637 4.02491 0.94113 -0.33032 0.68630 0.43575 0.47959
1403638609.7778294086 2.87729 4.02785 0.92372 -0.32928 0.68631 0.43661 0.47951
1403638609.8778295517 2.87108 4.02847 0.91011 -0.32921 0.68678 0.43584 0.47958
1403638609.9778294563 2.86348 4.02969 0.89695 -0.33013 0.68633 0.43501 0.48034
1403638610.0778295994 2.85583 4.03060 0.88497 -0.33376 0.68404 0.43253 0.48334
1403638610.1778295040 2.84982 4.03045 0.87527 -0.33491 0.68100 0.43155 0.48768
1403638610.2778294086 2.84354 4.02913 0.86368 -0.33734 0.67976 0.42952 0.48953
1403638610.3778295517 2.83780 4.02568 0.85030 -0.33821 0.67940 0.42886 0.49000
1403638610.4778294563 2.83511 4.01872 0.83935 -0.33785 0.67810 0.42788 0.49291
1403638610.5778295994 2.82912 4.01325 0.82334 -0.34099 0.67285 0.42570 0.49978
1403638610.6778295040 2.82346 4.00515 0.80730 -0.34561 0.66783 0.42241 0.50609
1403638610.7778294086 2.81822 3.99583 0.79324 -0.34306 0.67309 0.42524 0.49843
1403638610.8778295517 2.81318 3.98407 0.78194 -0.33910 0.67938 0.42933 0.48901
1403638610.9778294563 2.80602 3.97059 0.76849 -0.34028 0.67948 0.42998 0.48748
1403638611.0778295994 2.80010 3.95633 0.75503 -0.34364 0.67665 0.42814 0.49067
1403638611.1778295040 2.79494 3.94082 0.74164 -0.34494 0.67573 0.42825 0.49093
1403638611.2778294086 2.79056 3.92350 0.72879 -0.34447 0.67530 0.42924 0.49098
1403638611.3778295517 2.78619 3.90456 0.71839 -0.33822 0.67281 0.43367 0.49483
1403638611.4778294563 2.78406 3.88586 0.71649 -0.32573 0.66862 0.44116 0.50221
1403638611.5778295994 2.77615 3.86419 0.70575 -0.31724 0.66802 0.44664 0.50361
1403638611.6778295040 2.77051 3.84338 0.70207 -0.31592 0.67021 0.44732 0.50092
1403638611.7778294086 2.76154 3.81897 0.69084 -0.32198 0.67591 0.44369 0.49256
1403638611.8778295517 2.75359 3.79678 0.68127 -0.32702 0.68160 0.43942 0.48517
1403638611.9778294563 2.74696 3.77671 0.67316 -0.32983 0.68490 0.43702 0.48076
1403638612.0778295994 2.74078 3.75769 0.66672 -0.32895 0.68694 0.43657 0.47886
1403638612.1778295040 2.73326 3.73384 0.65813 -0.33026 0.68826 0.43500 0.47750
1403638612.2778294086 2.72764 3.71307 0.65369 -0.33101 0.68817 0.43447 0.47758
1403638612.3778295517 2.72181 3.68981 0.65008 -0.32937 0.68775 0.43505 0.47881
1403638612.4778294563 2.71793 3.67259 0.64831 -0.32836 0.68671 0.43380 0.48210
1403638612.5778295994 2.71256 3.64960 0.64297 -0.32554 0.68457 0.43431 0.48658
1403638612.6778295040 2.70726 3.62663 0.63567 -0.31982 0.68264 0.43672 0.49091
1403638612.7778294086 2.70271 3.60596 0.62780 -0.31706 0.68172 0.43654 0.49412
1403638612.8778295517 2.69611 3.58095 0.61795 -0.31730 0.68066 0.43421 0.49749
1403638612.9778294563 2.68954 3.55741 0.60960 -0.31818 0.68137 0.43214 0.49775
1403638613.0778295994 2.68213 3.53293 0.60323 -0.31869 0.68419 0.43103 0.49450
1403638613.1778295040 2.67441 3.50978 0.59944 -0.31817 0.68663 0.43083 0.49162
1403638613.2778294086 2.66685 3.48781 0.59839 -0.31734 0.68710 0.43107 0.49129
1403638613.3778295517 2.65787 3.46241 0.59738 -0.31659 0.68668 0.43156 0.49194
1403638613.4778294563 2.65036 3.44107 0.59656 -0.31724 0.68618 0.43049 0.49315
1403638613.5778295994 2.64063 3.41611 0.59421 -0.31648 0.68761 0.42618 0.49539
1403638613.6778295040 2.63155 3.39211 0.58971 -0.32038 0.68844 0.41947 0.49745
1403638613.7778294086 2.62486 3.37557 0.58507 -0.32433 0.68732 0.41184 0.50277
1403638613.8778295517 2.61414 3.34797 0.57677 -0.32133 0.68976 0.40376 0.50790
1403638613.9778294563 2.60698 3.32783 0.57038 -0.31367 0.69610 0.39403 0.51166
1403638614.0778295994 2.60125 3.31298 0.56466 -0.30169 0.70462 0.38247 0.51595
1403638614.1778295040 2.59040 3.28605 0.55607 -0.28673 0.71550 0.36984 0.51872
1403638614.2778294086 2.57798 3.25426 0.54757 -0.27551 0.72491 0.35655 0.52103
1403638614.3778295517 2.56733 3.22582 0.54143 -0.26688 0.73187 0.34726 0.52206
1403638614.4778294563 2.55538 3.19602 0.53673 -0.26335 0.73685 0.33845 0.52263
1403638614.5778295994 2.54237 3.16120 0.53433 -0.25926 0.74167 0.33027 0.52310
1403638614.6778295040 2.52886 3.12443 0.53334 -0.25595 0.74737 0.31846 0.52394
1403638614.7778294086 2.51767 3.08981 0.53477 -0.25387 0.75773 0.30209 0.51976
1403638614.8778295517 2.50778 3.05673 0.53882 -0.24613 0.76929 0.28477 0.51626
1403638614.9778294563 2.49681 3.02044 0.54569 -0.23300 0.77896 0.26587 0.51793
1403638615.0778295994 2.48971 2.98627 0.55437 -0.21513 0.78678 0.24533 0.52395
1403638615.1778295040 2.48333 2.94845 0.56460 -0.19392 0.79074 0.22332 0.53597
1403638615.2778294086 2.47669 2.90696 0.57617 -0.16910 0.79361 0.20201 0.54844
1403638615.3778295517 2.47171 2.87021 0.58625 -0.14800 0.79780 0.17677 0.55711
1403638615.4778294563 2.46797 2.83294 0.59380 -0.12792 0.80142 0.15102 0.56441
1403638615.5778295994 2.46475 2.80161 0.59821 -0.11108 0.80520 0.12687 0.56852
1403638615.6778295040 2.46000 2.76822 0.60253 -0.09788 0.80764 0.10959 0.57108
1403638615.7778294086 2.45460 2.73617 0.60901 -0.09016 0.80918 0.09713 0.57242
1403638615.8778295517 2.44852 2.70431 0.61724 -0.08485 0.81065 0.08529 0.57304
1403638615.9778294563 2.44466 2.67018 0.62429 -0.07759 0.81244 0.07339 0.57319
1403638616.0778295994 2.43815 2.63500 0.63076 -0.06872 0.81329 0.06119 0.57453
1403638616.1778295040 2.43256 2.60002 0.63386 -0.05901 0.81478 0.04720 0.57483
1403638616.2778294086 2.42721 2.56772 0.63157 -0.04842 0.81615 0.02910 0.57508
1403638616.3778295517 2.42030 2.53568 0.62569 -0.03513 0.81724 0.00983 0.57515
1403638616.4778294563 2.41439 2.50916 0.61668 -0.02440 0.81809 -0.00816 0.57452
1403638616.5778295994 2.40905 2.47912 0.60701 -0.01507 0.81998 -0.02055 0.57182
1403638616.6778295040 2.40423 2.44629 0.59667 -0.00908 0.82476 -0.03012 0.56461
1403638616.7778294086 2.40023 2.41263 0.58452 -0.01187 0.83332 -0.04019 0.55120
1403638616.8778295517 2.39738 2.38141 0.57252 -0.01554 0.83913 -0.04687 0.54169
1403638616.9778294563 2.39605 2.34636 0.56330 -0.01035 0.83731 -0.04455 0.54481
1403638617.0778295994 2.39490 2.30805 0.55710 -0.00486 0.83361 -0.03958 0.55091
1403638617.1778295040 2.39629 2.27361 0.55348 0.00096 0.83068 -0.03268 0.55578
1403638617.2778294086 2.40018 2.24150 0.55187 0.00261 0.83303 -0.02791 0.55252
1403638617.3778295517 2.40558 2.21174 0.55240 0.00225 0.83706 -0.02490 0.54654
1403638617.4778294563 2.41199 2.18093 0.55474 0.00211 0.83980 -0.02170 0.54245
1403638617.5778295994 2.41949 2.15392 0.55920 0.00208 0.84052 -0.01885 0.54146
1403638617.6778295040 2.42892 2.12626 0.56516 0.00318 0.83911 -0.01498 0.54375
1403638617.7778294086 2.43932 2.09660 0.57294 0.00334 0.83749 -0.01232 0.54630
1403638617.8778295517 2.45180 2.06672 0.58273 0.00447 0.83749 -0.00904 0.54636
1403638617.9778294563 2.46551 2.03853 0.59272 0.00249 0.83649 -0.00863 0.54791
1403638618.0778295994 2.48029 2.01149 0.60142 0.00179 0.83613 -0.00737 0.54848
1403638618.1778295040 2.49687 1.98112 0.60923 -0.00052 0.83629 -0.00730 0.54824
1403638618.2778294086 2.51337 1.95590 0.61483 -0.00010 0.83627 -0.00575 0.54828
1403638618.3778295517 2.53185 1.92895 0.61963 -0.00032 0.83551 -0.00469 0.54945
1403638618.4778294563 2.55039 1.90515 0.62386 -0.00063 0.83561 -0.00339 0.54931
1403638618.5778295994 2.57062 1.88088 0.62700 0.00045 0.83459 -0.00254 0.55087
1403638618.6778295040 2.59095 1.85835 0.63006 0.00428 0.83451 -0.00560 0.55095
1403638618.7778294086 2.61280 1.83531 0.63492 0.00674 0.83386 -0.00870 0.55187
1403638618.8778295517 2.63292 1.81662 0.64071 0.00978 0.83213 -0.01207 0.55436
1403638618.9778294563 2.65632 1.79441 0.64730 0.01546 0.82824 -0.02090 0.55977
1403638619.0778295994 2.67760 1.77487 0.65318 0.02725 0.82494 -0.03456 0.56350
1403638619.1778295040 2.69931 1.75605 0.65611 0.04076 0.82181 -0.05342 0.56579
1403638619.2778294086 2.71729 1.74064 0.65662 0.05473 0.81839 -0.07751 0.56678
1403638619.3778295517 2.73847 1.72267 0.65535 0.07088 0.81441 -0.10200 0.56683
1403638619.4778294563 2.75966 1.70495 0.65326 0.08142 0.81057 -0.12320 0.56672
1403638619.5778295994 2.77957 1.68923 0.64977 0.08795 0.80721 -0.13894 0.56689
1403638619.6778295040 2.79751 1.67647 0.64380 0.08422 0.80401 -0.15541 0.56773
1403638619.7778294086 2.81763 1.66167 0.63758 0.08060 0.80176 -0.16700 0.56815
1403638619.8778295517 2.83547 1.64728 0.63156 0.08021 0.79977 -0.17344 0.56908
1403638619.9778294563 2.85319 1.63188 0.62568 0.08156 0.79899 -0.17713 0.56884
1403638620.0778295994 2.86877 1.61622 0.61974 0.08351 0.79653 -0.17868 0.57152
1403638620.1778295040 2.88278 1.60052 0.61613 0.08804 0.79352 -0.17762 0.57535
1403638620.2778294086 2.89810 1.58132 0.61371 0.09073 0.79408 -0.17641 0.57453
1403638620.3778295517 2.90945 1.56438 0.61396 0.09345 0.79549 -0.17420 0.57282
1403638620.4778294563 2.92029 1.54699 0.61502 0.09441 0.79665 -0.17200 0.57170
1403638620.5778295994 2.92978 1.52895 0.61670 0.09399 0.79801 -0.17037 0.57037
1403638620.6778295040 2.93959 1.51016 0.61621 0.09113 0.80054 -0.17019 0.56734
1403638620.7778294086 2.95425 1.48487 0.61330 0.08750 0.80398 -0.17039 0.56296
1403638620.8778295517 2.96212 1.46612 0.61147 0.09083 0.80705 -0.16583 0.55939
1403638620.9778294563 2.96948 1.44740 0.60880 0.09532 0.80758 -0.15986 0.55962
1403638621.0778295994 2.98504 1.41904 0.60421 0.09837 0.80630 -0.15445 0.56245
1403638621.1778295040 2.99260 1.39924 0.60166 0.09711 0.80496 -0.15276 0.56504
1403638621.2778294086 3.00333 1.37551 0.60048 0.09719 0.80394 -0.15009 0.56719
1403638621.3778295517 3.01097 1.35620 0.60062 0.09886 0.80477 -0.14706 0.56652
1403638621.4778294563 3.01324 1.34546 0.60091 0.09957 0.80295 -0.14513 0.56947
1403638621.5778295994 3.02025 1.32732 0.59848 0.09942 0.80075 -0.14313 0.57308
1403638621.6778295040 3.02596 1.31095 0.59494 0.09899 0.79978 -0.14215 0.57476
1403638621.7778294086 3.02806 1.29921 0.59125 0.10001 0.79818 -0.14097 0.57709
1403638621.8778295517 3.03215 1.28474 0.58602 0.10168 0.79474 -0.13922 0.58195
1403638621.9778294563 3.03523 1.27153 0.57984 0.10195 0.79221 -0.13863 0.58548
1403638622.0778295994 3.03691 1.25775 0.57280 0.10061 0.79190 -0.13981 0.58586
1403638622.1778295040 3.03706 1.24644 0.56455 0.09738 0.79289 -0.14169 0.58461
1403638622.2778294086 3.03671 1.23482 0.55734 0.09450 0.79227 -0.14411 0.58533
1403638622.3778295517 3.03517 1.22395 0.55267 0.09510 0.79326 -0.14460 0.58377
1403638622.4778294563 3.03278 1.20976 0.55030 0.09885 0.79409 -0.14302 0.58240
1403638622.5778295994 3.02762 1.20188 0.55011 0.10222 0.79386 -0.14169 0.58246
1403638622.6778295040 3.02077 1.19557 0.55209 0.10596 0.78987 -0.14005 0.58759
1403638622.7778294086 3.01252 1.18955 0.55517 0.10835 0.77872 -0.13893 0.60213
1403638622.8778295517 3.00239 1.18346 0.55962 0.11012 0.77395 -0.13872 0.60798
1403638622.9778294563 2.99045 1.18153 0.56470 0.10872 0.77786 -0.14101 0.60269
1403638623.0778295994 2.97647 1.17959 0.56771 0.10515 0.78440 -0.14434 0.59399
1403638623.1778295040 2.96047 1.17784 0.56931 0.10019 0.78835 -0.14805 0.58869
1403638623.2778294086 2.94242 1.17669 0.57011 0.09717 0.79179 -0.15032 0.58398
1403638623.3778295517 2.92346 1.17638 0.56944 0.09490 0.79439 -0.15201 0.58037
1403638623.4778294563 2.90256 1.17471 0.56844 0.09556 0.79612 -0.15178 0.57794
1403638623.5778295994 2.88176 1.17496 0.56712 0.09687 0.79625 -0.15108 0.57773
1403638623.6778295040 2.86352 1.17807 0.56932 0.09820 0.79677 -0.15045 0.57696
1403638623.7778294086 2.84213 1.17952 0.57209 0.10047 0.79778 -0.15020 0.57523
1403638623.8778295517 2.82003 1.18072 0.57714 0.10191 0.79891 -0.15026 0.57340
1403638623.9778294563 2.79757 1.18243 0.58216 0.10353 0.80003 -0.15072 0.57142
1403638624.0778295994 2.77426 1.18394 0.58523 0.10192 0.80036 -0.15352 0.57050
1403638624.1778295040 2.74982 1.18542 0.58662 0.09958 0.80025 -0.15602 0.57039
1403638624.2778294086 2.72706 1.18767 0.58657 0.09758 0.79994 -0.15871 0.57042
1403638624.3778295517 2.70381 1.18977 0.58535 0.09722 0.79947 -0.16051 0.57064
1403638624.4778294563 2.68608 1.19190 0.58221 0.09863 0.79924 -0.16071 0.57066
1403638624.5778295994 2.66211 1.19319 0.57758 0.09389 0.79102 -0.16579 0.58136
1403638624.6778295040 2.63776 1.19475 0.57343 0.09551 0.78673 -0.16367 0.58750
1403638624.7778294086 2.61942 1.19618 0.57078 0.10053 0.79243 -0.15362 0.58167
1403638624.8778295517 2.59374 1.19800 0.57100 0.10200 0.79832 -0.14527 0.57547
1403638624.9778294563 2.57099 1.19939 0.57165 0.09493 0.80140 -0.14322 0.57292
1403638625.0778295994 2.54783 1.20116 0.57264 0.08743 0.80232 -0.14235 0.57303
1403638625.1778295040 2.52204 1.20326 0.57227 0.08111 0.80318 -0.14259 0.57271
1403638625.2778294086 2.49775 1.20523 0.57198 0.07924 0.80399 -0.14107 0.57220
1403638625.3778295517 2.47104 1.20698 0.57030 0.07810 0.80410 -0.14006 0.57246
1403638625.4778294563 2.44598 1.20888 0.57068 0.07721 0.80357 -0.13978 0.57339
1403638625.5778295994 2.41961 1.21019 0.57318 0.07789 0.80411 -0.13907 0.57272
1403638625.6778295040 2.39319 1.21092 0.57688 0.07808 0.80573 -0.13898 0.57043
1403638625.7778294086 2.36527 1.21255 0.58114 0.07710 0.81023 -0.14000 0.56390
1403638625.8778295517 2.33877 1.21287 0.58406 0.07737 0.81286 -0.14035 0.55998
1403638625.9778294563 2.31343 1.21323 0.58582 0.07851 0.81328 -0.14049 0.55918
1403638626.0778295994 2.28838 1.21260 0.58620 0.07701 0.81457 -0.14227 0.55705
1403638626.1778295040 2.26677 1.21174 0.58605 0.07732 0.81501 -0.14269 0.55625
1403638626.2778294086 2.24287 1.21038 0.58407 0.08025 0.81353 -0.14133 0.55835
1403638626.3778295517 2.21797 1.20998 0.58223 0.08820 0.81161 -0.13616 0.56122
1403638626.4778294563 2.19549 1.20836 0.57867 0.09059 0.81035 -0.13400 0.56318
1403638626.5778295994 2.17740 1.20696 0.57497 0.09135 0.81266 -0.13304 0.55995
1403638626.6778295040 2.15713 1.20587 0.57111 0.09016 0.81455 -0.13342 0.55730
1403638626.7778294086 2.13722 1.20544 0.56859 0.08765 0.81844 -0.13509 0.55157
1403638626.8778295517 2.12033 1.20461 0.56780 0.08722 0.82113 -0.13484 0.54768
1403638626.9778294563 2.10519 1.20386 0.56786 0.08656 0.82205 -0.13495 0.54638
1403638627.0778295994 2.09024 1.20295 0.56787 0.08589 0.82213 -0.13458 0.54646
1403638627.1778295040 2.07780 1.20128 0.56660 0.08509 0.82207 -0.13445 0.54670
1403638627.2778294086 2.06545 1.20029 0.56488 0.08639 0.82206 -0.13311 0.54684
1403638627.3778295517 2.05362 1.19946 0.56309 0.08840 0.82145 -0.13125 0.54788
1403638627.4778294563 2.04312 1.19842 0.56026 0.08861 0.82184 -0.13095 0.54734
1403638627.5778295994 2.03385 1.19755 0.55688 0.08982 0.82070 -0.13057 0.54894
1403638627.6778295040 2.02611 1.19641 0.55300 0.09173 0.81773 -0.12981 0.55321
1403638627.7778294086 2.01766 1.19608 0.54897 0.09344 0.81585 -0.12896 0.55589
1403638627.8778295517 2.01064 1.19626 0.54461 0.09437 0.81519 -0.12898 0.55670
1403638627.9778294563 2.00396 1.19678 0.54045 0.09480 0.81712 -0.12906 0.55378
1403638628.0778295994 1.99360 1.19673 0.53761 0.09576 0.81823 -0.12924 0.55193
1403638628.1778295040 1.98835 1.19791 0.53404 0.09684 0.81880 -0.12972 0.55079
1403638628.2778294086 1.98463 1.19934 0.53080 0.09699 0.81902 -0.13039 0.55028
1403638628.3778295517 1.97933 1.20118 0.52821 0.09567 0.81962 -0.13190 0.54925
1403638628.4778294563 1.97840 1.20291 0.52541 0.08971 0.81688 -0.13664 0.55317
1403638628.5778295994 1.97637 1.20448 0.52352 0.08155 0.80981 -0.14253 0.56325
1403638628.6778295040 1.97525 1.20643 0.52238 0.07596 0.80581 -0.14665 0.56868
1403638628.7778294086 1.96934 1.20740 0.52294 0.07787 0.80702 -0.14594 0.56689
1403638628.8778295517 1.96677 1.20837 0.52136 0.08229 0.80758 -0.14315 0.56618
1403638628.9778294563 1.96433 1.20913 0.51920 0.08717 0.80821 -0.14019 0.56529
1403638629.0778295994 1.96197 1.20988 0.51746 0.09192 0.80931 -0.13672 0.56381
1403638629.1778295040 1.96196 1.21036 0.51691 0.09436 0.81049 -0.13466 0.56220
1403638629.2778294086 1.95932 1.21140 0.51585 0.09492 0.81081 -0.13389 0.56183
1403638629.3778295517 1.95957 1.21238 0.51622 0.09584 0.81393 -0.13388 0.55714
1403638629.4778294563 1.95790 1.21408 0.51583 0.09453 0.81838 -0.13555 0.55040
1403638629.5778295994 1.95570 1.21614 0.51518 0.09112 0.82145 -0.13828 0.54571
1403638629.6778295040 1.95622 1.21765 0.51451 0.08018 0.81949 -0.14669 0.54817
1403638629.7778294086 1.95708 1.21878 0.51408 0.07339 0.81398 -0.15218 0.55578
1403638629.8778295517 1.95849 1.21929 0.51352 0.07168 0.80759 -0.15402 0.56475
1403638629.9778294563 1.96007 1.21884 0.51250 0.08245 0.80195 -0.14728 0.57305
1403638630.0778295994 1.96063 1.21831 0.50884 0.09139 0.79829 -0.14121 0.57831
1403638630.1778295040 1.96087 1.21771 0.50227 0.09585 0.80101 -0.13772 0.57466
1403638630.2778294086 1.96029 1.21740 0.49408 0.09680 0.80550 -0.13690 0.56838
1403638630.3778295517 1.96683 1.21597 0.49892 0.09335 0.82484 -0.13736 0.54042
1403638630.4778294563 1.98016 1.21427 0.49887 0.09247 0.80688 -0.13628 0.56729
1403638630.5778295994 1.97247 1.21572 0.48976 0.09244 0.80607 -0.13764 0.56813
1403638630.6778295040 2.00779 1.20726 0.47911 0.09066 0.82481 -0.13445 0.54166
1403638630.7778294086 2.02788 1.19845 0.46430 0.09487 0.83147 -0.12951 0.53187
1403638630.8778295517 2.02829 1.19383 0.46230 0.09113 0.83009 -0.13139 0.53421
1403638630.9778294563 2.02592 1.19889 0.46562 0.09057 0.82961 -0.13077 0.53520
1403638631.0778295994 2.02464 1.19929 0.46652 0.09175 0.83015 -0.13106 0.53410
1403638631.1778295040 2.02474 1.19924 0.46638 0.09173 0.83019 -0.13134 0.53397
1403638631.2778294086 2.02470 1.19925 0.46642 0.09163 0.83025 -0.13133 0.53390
1403638631.3778295517 2.02468 1.19924 0.46640 0.09138 0.83031 -0.13153 0.53379
1403638631.4778294563 2.02484 1.19915 0.46620 0.09115 0.83025 -0.13182 0.53385
1403638631.5778295994 2.02488 1.19912 0.46615 0.09105 0.83023 -0.13191 0.53388
1403638631.6778295040 2.02495 1.19906 0.46600 0.09076 0.83022 -0.13233 0.53383
