1403638523.0778295994 0.02569 0.00396 0.30606 -0.07324 0.80656 0.01844 0.58631
1403638523.1778295040 0.02358 0.00027 0.35568 -0.07249 0.80655 0.01868 0.58641
1403638523.2778294086 0.02542 -0.00745 0.36606 -0.06338 0.80463 0.01854 0.59010
1403638523.3778295517 0.02561 -0.01280 0.33998 -0.05890 0.80371 0.01764 0.59184
1403638523.4778294563 0.02326 -0.01900 0.29713 -0.05421 0.80744 0.02020 0.58711
1403638523.5778295994 0.01938 -0.02582 0.25175 -0.04721 0.81677 0.02445 0.57451
1403638523.6778295040 0.01325 -0.03294 0.20166 -0.04029 0.82619 0.02740 0.56128
1403638523.7778294086 0.00880 -0.03824 0.15539 -0.03655 0.83085 0.03017 0.55447
1403638523.8778295517 0.00157 -0.04436 0.11153 -0.03330 0.83147 0.03319 0.55358
1403638523.9778294563 -0.00507 -0.04872 0.07820 -0.02400 0.83153 0.03924 0.55358
1403638524.0778295994 -0.00623 -0.05122 0.06619 -0.01715 0.83467 0.04762 0.54841
1403638524.1778295040 -0.00675 -0.05043 0.08203 -0.01760 0.83923 0.05248 0.54095
1403638524.2778294086 -0.00265 -0.04959 0.12911 -0.02363 0.84037 0.05337 0.53885
1403638524.3778295517 0.00236 -0.04831 0.18373 -0.03295 0.83770 0.05171 0.54268
1403638524.4778294563 0.00955 -0.04676 0.24408 -0.03988 0.83118 0.04984 0.55232
1403638524.5778295994 0.01850 -0.04378 0.30387 -0.04293 0.82243 0.04838 0.56518
1403638524.6778295040 0.02831 -0.03952 0.35755 -0.03875 0.81604 0.04278 0.57511
1403638524.7778294086 0.03631 -0.03396 0.39802 -0.02593 0.81227 0.03761 0.58149
1403638524.8778295517 0.04235 -0.02861 0.42447 -0.02210 0.81082 0.03484 0.58384
1403638524.9778294563 0.04554 -0.02480 0.43456 -0.02885 0.80930 0.03724 0.58550
1403638525.0778295994 0.04758 -0.02199 0.42182 -0.02675 0.80663 0.04079 0.58903
1403638525.1778295040 0.04996 -0.01884 0.38736 -0.02451 0.80518 0.04542 0.59078
1403638525.2778294086 0.04963 -0.01813 0.34012 -0.02480 0.80778 0.05050 0.58679
1403638525.3778295517 0.04924 -0.01665 0.28522 -0.02768 0.81663 0.05560 0.57381
1403638525.4778294563 0.04701 -0.01436 0.23061 -0.03658 0.82877 0.05766 0.55541
1403638525.5778295994 0.04344 -0.01486 0.18210 -0.04358 0.83752 0.05753 0.54161
1403638525.6778295040 0.04006 -0.01596 0.14150 -0.04515 0.84014 0.05485 0.53770
1403638525.7778294086 0.03835 -0.01727 0.10959 -0.04308 0.83830 0.04938 0.54125
1403638525.8778295517 0.03925 -0.02191 0.08683 -0.03718 0.83447 0.04564 0.54790
1403638525.9778294563 0.03500 -0.03202 0.07398 -0.02940 0.83295 0.04484 0.55074
1403638526.0778295994 0.02984 -0.05528 0.07092 -0.02581 0.83435 0.04327 0.54893
1403638526.1778295040 0.02837 -0.08467 0.07718 -0.02404 0.83683 0.03423 0.54587
1403638526.2778294086 0.02712 -0.12015 0.08978 -0.02072 0.83581 0.02527 0.54804
1403638526.3778295517 0.02252 -0.16122 0.10286 -0.01845 0.83168 0.01659 0.55470
1403638526.4778294563 0.01557 -0.20738 0.11385 -0.01721 0.82648 0.00550 0.56268
1403638526.5778295994 0.00749 -0.25990 0.12134 -0.01587 0.82107 -0.00559 0.57058
1403638526.6778295040 -0.00271 -0.32111 0.12723 -0.01134 0.81572 -0.01416 0.57817
1403638526.7778294086 -0.01616 -0.38778 0.13204 -0.00246 0.81240 -0.02000 0.58276
1403638526.8778295517 -0.03173 -0.45509 0.13549 0.00635 0.81140 -0.02382 0.58397
1403638526.9778294563 -0.04899 -0.51810 0.13867 0.01206 0.81423 -0.03113 0.57958
1403638527.0778295994 -0.06540 -0.57686 0.14260 0.02133 0.81847 -0.04534 0.57235
1403638527.1778295040 -0.08018 -0.62968 0.14881 0.03071 0.81992 -0.06160 0.56832
1403638527.2778294086 -0.09116 -0.67206 0.15639 0.04378 0.81660 -0.07645 0.57044
1403638527.3778295517 -0.09739 -0.69807 0.16360 0.06073 0.81103 -0.08625 0.57541
1403638527.4778294563 -0.09936 -0.70439 0.16859 0.07245 0.80703 -0.09162 0.57885
1403638527.5778295994 -0.09654 -0.69022 0.17111 0.07672 0.80608 -0.09367 0.57929
1403638527.6778295040 -0.08865 -0.65534 0.17114 0.07619 0.80656 -0.09088 0.57913
1403638527.7778294086 -0.07825 -0.61188 0.17122 0.07156 0.80802 -0.08416 0.57870
1403638527.8778295517 -0.06714 -0.56009 0.17407 0.05832 0.81133 -0.07973 0.57618
1403638527.9778294563 -0.05339 -0.50009 0.17873 0.04867 0.81255 -0.07509 0.57598
1403638528.0778295994 -0.03774 -0.43955 0.18176 0.04180 0.81176 -0.06746 0.57858
1403638528.1778295040 -0.02025 -0.38209 0.18084 0.03131 0.81272 -0.05798 0.57892
1403638528.2778294086 0.00322 -0.33292 0.17746 0.01777 0.81467 -0.04669 0.57777
1403638528.3778295517 0.03289 -0.29510 0.17289 0.00865 0.81483 -0.03733 0.57844
1403638528.4778294563 0.06720 -0.26911 0.16933 0.00806 0.81448 -0.03263 0.57922
1403638528.5778295994 0.10266 -0.25022 0.16733 0.00755 0.81673 -0.03580 0.57586
1403638528.6778295040 0.13606 -0.23564 0.16714 0.00520 0.81829 -0.04266 0.57320
1403638528.7778294086 0.16350 -0.22575 0.17079 0.00957 0.81771 -0.04740 0.57360
1403638528.8778295517 0.17664 -0.21834 0.17835 0.00542 0.81696 -0.05469 0.57407
1403638528.9778294563 0.17775 -0.20765 0.19189 -0.00200 0.81708 -0.06095 0.57328
1403638529.0778295994 0.15861 -0.19642 0.20877 -0.00109 0.81820 -0.06206 0.57158
1403638529.1778295040 0.12958 -0.17709 0.21998 0.01580 0.81935 -0.05511 0.57042
1403638529.2778294086 0.09425 -0.15388 0.22122 0.02751 0.82146 -0.04910 0.56748
1403638529.3778295517 0.06084 -0.12506 0.21286 0.03165 0.82700 -0.04477 0.55952
1403638529.4778294563 0.03177 -0.10222 0.19509 0.03009 0.83732 -0.04221 0.54424
1403638529.5778295994 0.00884 -0.08581 0.17305 0.02767 0.84770 -0.03928 0.52830
1403638529.6778295040 -0.00802 -0.07610 0.15097 0.02888 0.85172 -0.03628 0.52195
1403638529.7778294086 -0.01770 -0.06916 0.13081 0.02810 0.84830 -0.03556 0.52758
1403638529.8778295517 -0.02191 -0.06871 0.11327 0.02642 0.84203 -0.03644 0.53754
1403638529.9778294563 -0.01953 -0.07018 0.10075 0.02573 0.83951 -0.03644 0.54151
1403638530.0778295994 -0.01186 -0.07221 0.09117 0.02612 0.84090 -0.03677 0.53930
1403638530.1778295040 -0.00487 -0.07134 0.08238 0.02724 0.84250 -0.04114 0.53643
1403638530.2778294086 0.00820 -0.07259 0.07502 0.02968 0.84205 -0.04733 0.53650
1403638530.3778295517 0.01669 -0.07467 0.06619 0.03225 0.84135 -0.05245 0.53697
1403638530.4778294563 0.02532 -0.07760 0.05920 0.03226 0.84105 -0.05606 0.53707
1403638530.5778295994 0.03194 -0.08138 0.05351 0.03096 0.84096 -0.05895 0.53698
1403638530.6778295040 0.03629 -0.08413 0.04712 0.03130 0.84374 -0.06053 0.53242
1403638530.7778294086 0.04077 -0.08562 0.03880 0.03016 0.84677 -0.06119 0.52757
1403638530.8778295517 0.04386 -0.08528 0.03023 0.02666 0.84670 -0.05941 0.52806
1403638530.9778294563 0.04677 -0.08532 0.02445 0.02361 0.84386 -0.05835 0.53286
1403638531.0778295994 0.04735 -0.08501 0.02215 0.02383 0.83989 -0.05679 0.53925
1403638531.1778295040 0.04817 -0.08347 0.02157 0.02411 0.83721 -0.05448 0.54363
1403638531.2778294086 0.04842 -0.08246 0.02018 0.02690 0.83585 -0.05311 0.54572
1403638531.3778295517 0.04803 -0.08185 0.01910 0.02670 0.83467 -0.05317 0.54753
1403638531.4778294563 0.04782 -0.08228 0.01925 0.02677 0.83402 -0.05344 0.54848
1403638531.5778295994 0.04773 -0.08209 0.01933 0.02735 0.83481 -0.05218 0.54738
1403638531.6778295040 0.04772 -0.08172 0.01939 0.02647 0.83527 -0.05263 0.54667
1403638531.7778294086 0.04790 -0.08177 0.01939 0.02664 0.83541 -0.05250 0.54647
1403638531.8778295517 0.04776 -0.08171 0.01940 0.02670 0.83565 -0.05231 0.54611
1403638531.9778294563 0.04783 -0.08171 0.01937 0.02681 0.83579 -0.05222 0.54591
1403638532.0778295994 0.04780 -0.08164 0.01930 0.02687 0.83595 -0.05205 0.54567
1403638532.1778295040 0.04778 -0.08154 0.01929 0.02669 0.83608 -0.05206 0.54547
1403638532.2778294086 0.04774 -0.08143 0.01932 0.02645 0.83620 -0.05220 0.54530
1403638532.3778295517 0.04770 -0.08136 0.01934 0.02626 0.83628 -0.05218 0.54518
1403638532.4778294563 0.04770 -0.08130 0.01939 0.02610 0.83634 -0.05224 0.54510
1403638532.5778295994 0.04767 -0.08125 0.01933 0.02603 0.83644 -0.05227 0.54494
1403638532.6778295040 0.04775 -0.08125 0.01932 0.02601 0.83647 -0.05222 0.54489
1403638532.7778294086 0.04765 -0.08125 0.01929 0.02601 0.83657 -0.05211 0.54475
1403638532.8778295517 0.04765 -0.08121 0.01929 0.02599 0.83662 -0.05211 0.54468
1403638532.9778294563 0.04760 -0.08125 0.01932 0.02590 0.83664 -0.05208 0.54466
1403638533.0778295994 0.04754 -0.08127 0.01930 0.02583 0.83669 -0.05210 0.54458
1403638533.1778295040 0.04755 -0.08125 0.01930 0.02575 0.83667 -0.05213 0.54461
1403638533.2778294086 0.04751 -0.08126 0.01929 0.02567 0.83668 -0.05216 0.54461
1403638533.3778295517 0.04750 -0.08126 0.01927 0.02567 0.83669 -0.05213 0.54459
1403638533.4778294563 0.04749 -0.08128 0.01930 0.02559 0.83668 -0.05216 0.54461
1403638533.5778295994 0.04742 -0.08130 0.01927 0.02553 0.83670 -0.05218 0.54458
1403638533.6778295040 0.04738 -0.08133 0.01928 0.02547 0.83668 -0.05222 0.54460
1403638533.7778294086 0.04733 -0.08134 0.01926 0.02544 0.83669 -0.05226 0.54459
1403638533.8778295517 0.04734 -0.08132 0.01923 0.02520 0.83674 -0.05199 0.54454
1403638533.9778294563 0.04740 -0.08137 0.01915 0.02532 0.83681 -0.05225 0.54441
1403638534.0778295994 0.04728 -0.08139 0.01918 0.02576 0.83675 -0.05260 0.54444
1403638534.1778295040 0.04725 -0.08140 0.01925 0.02537 0.83682 -0.05244 0.54436
1403638534.2778294086 0.04724 -0.08136 0.01928 0.02509 0.83694 -0.05238 0.54421
1403638534.3778295517 0.04732 -0.08137 0.01917 0.02511 0.83704 -0.05245 0.54405
1403638534.4778294563 0.04741 -0.08141 0.01913 0.02530 0.83711 -0.05272 0.54389
1403638534.5778295994 0.04740 -0.08142 0.01914 0.02517 0.83727 -0.05242 0.54368
1403638534.6778295040 0.04741 -0.08138 0.01919 0.02497 0.83728 -0.05219 0.54371
1403638534.7778294086 0.04739 -0.08142 0.01919 0.02506 0.83733 -0.05211 0.54363
1403638534.8778295517 0.04740 -0.08145 0.01914 0.02535 0.83732 -0.05226 0.54362
1403638534.9778294563 0.04738 -0.08151 0.01910 0.02541 0.83741 -0.05231 0.54347
1403638535.0778295994 0.04736 -0.08151 0.01909 0.02525 0.83754 -0.05233 0.54329
1403638535.1778295040 0.04737 -0.08151 0.01910 0.02513 0.83753 -0.05238 0.54329
1403638535.2778294086 0.04734 -0.08151 0.01912 0.02503 0.83758 -0.05238 0.54323
1403638535.3778295517 0.04732 -0.08149 0.01920 0.02508 0.83760 -0.05232 0.54320
1403638535.4778294563 0.04731 -0.08149 0.01926 0.02516 0.83761 -0.05230 0.54317
1403638535.5778295994 0.04733 -0.08148 0.01925 0.02510 0.83765 -0.05224 0.54313
1403638535.6778295040 0.04734 -0.08148 0.01923 0.02502 0.83765 -0.05229 0.54312
1403638535.7778294086 0.04733 -0.08149 0.01921 0.02506 0.83766 -0.05228 0.54310
1403638535.8778295517 0.04734 -0.08149 0.01921 0.02495 0.83770 -0.05223 0.54305
1403638535.9778294563 0.04735 -0.08149 0.01916 0.02491 0.83779 -0.05220 0.54292
1403638536.0778295994 0.04737 -0.08150 0.01916 0.02489 0.83775 -0.05226 0.54297
1403638536.1778295040 0.04734 -0.08150 0.01922 0.02486 0.83775 -0.05228 0.54297
1403638536.2778294086 0.04732 -0.08149 0.01927 0.02489 0.83776 -0.05223 0.54297
1403638536.3778295517 0.04730 -0.08149 0.01932 0.02492 0.83769 -0.05225 0.54306
1403638536.4778294563 0.04729 -0.08149 0.01933 0.02491 0.83770 -0.05222 0.54306
1403638536.5778295994 0.04728 -0.08149 0.01935 0.02482 0.83771 -0.05223 0.54304
1403638536.6778295040 0.04729 -0.08150 0.01932 0.02482 0.83772 -0.05220 0.54303
1403638536.7778294086 0.04730 -0.08149 0.01927 0.02486 0.83772 -0.05224 0.54303
1403638536.8778295517 0.04728 -0.08149 0.01930 0.02476 0.83766 -0.05234 0.54312
1403638536.9778294563 0.04730 -0.08150 0.01927 0.02470 0.83771 -0.05237 0.54303
1403638537.0778295994 0.04738 -0.08149 0.01917 0.02469 0.83776 -0.05227 0.54296
1403638537.1778295040 0.04739 -0.08148 0.01915 0.02485 0.83772 -0.05221 0.54303
1403638537.2778294086 0.04737 -0.08148 0.01922 0.02497 0.83774 -0.05213 0.54300
1403638537.3778295517 0.04738 -0.08149 0.01918 0.02495 0.83773 -0.05211 0.54302
1403638537.4778294563 0.04741 -0.08148 0.01914 0.02490 0.83773 -0.05210 0.54302
1403638537.5778295994 0.04741 -0.08148 0.01916 0.02495 0.83781 -0.05196 0.54290
1403638537.6778295040 0.04748 -0.08150 0.01909 0.02499 0.83790 -0.05197 0.54277
1403638537.7778294086 0.04743 -0.08148 0.01918 0.02492 0.83788 -0.05200 0.54281
1403638537.8778295517 0.04749 -0.08148 0.01913 0.02502 0.83785 -0.05189 0.54285
1403638537.9778294563 0.04743 -0.08147 0.01924 0.02505 0.83784 -0.05201 0.54286
1403638538.0778295994 0.04741 -0.08146 0.01930 0.02501 0.83785 -0.05200 0.54284
1403638538.1778295040 0.04743 -0.08147 0.01928 0.02504 0.83784 -0.05197 0.54287
1403638538.2778294086 0.04773 -0.08147 0.01885 0.02503 0.83781 -0.05182 0.54292
1403638538.3778295517 0.04760 -0.08150 0.01900 0.02517 0.83781 -0.05180 0.54292
1403638538.4778294563 0.04747 -0.08147 0.01930 0.02516 0.83783 -0.05176 0.54288
1403638538.5778295994 0.04749 -0.08146 0.01937 0.02539 0.83786 -0.05176 0.54283
1403638538.6778295040 0.04751 -0.08146 0.01937 0.02518 0.83769 -0.05184 0.54310
1403638538.7778294086 0.04769 -0.08155 0.01945 0.02497 0.83695 -0.05163 0.54426
1403638538.8778295517 0.04902 -0.08113 0.01984 0.02417 0.83593 -0.05110 0.54592
1403638538.9778294563 0.05175 -0.08085 0.02282 0.02497 0.83117 -0.05052 0.55316
1403638539.0778295994 0.05493 -0.08063 0.02699 0.02632 0.82566 -0.05208 0.56114
1403638539.1778295040 0.06089 -0.07999 0.03646 0.02541 0.82047 -0.05258 0.56871
1403638539.2778294086 0.06742 -0.07930 0.05412 0.02510 0.81682 -0.05189 0.57400
1403638539.3778295517 0.07327 -0.07864 0.07985 0.02467 0.81780 -0.05135 0.57267
1403638539.4778294563 0.07933 -0.07844 0.11215 0.02427 0.81988 -0.05030 0.56981
1403638539.5778295994 0.08543 -0.07843 0.14763 0.02395 0.82085 -0.04897 0.56854
1403638539.6778295040 0.09218 -0.07846 0.17794 0.02236 0.82146 -0.04862 0.56775
1403638539.7778294086 0.09915 -0.07788 0.19640 0.02280 0.82270 -0.04681 0.56609
1403638539.8778295517 0.10753 -0.07689 0.20778 0.02195 0.82523 -0.04618 0.56247
1403638539.9778294563 0.11847 -0.07562 0.21789 0.02026 0.82977 -0.04581 0.55585
1403638540.0778295994 0.13355 -0.07493 0.22797 0.02019 0.83570 -0.04561 0.54692
1403638540.1778295040 0.15431 -0.07415 0.23735 0.01999 0.83964 -0.04529 0.54088
1403638540.2778294086 0.18626 -0.07547 0.24925 0.02036 0.83556 -0.04409 0.54725
1403638540.3778295517 0.22036 -0.07487 0.26144 0.02105 0.82949 -0.04224 0.55653
1403638540.4778294563 0.25819 -0.07307 0.27176 0.01783 0.82712 -0.03632 0.56056
1403638540.5778295994 0.30160 -0.07043 0.28084 0.01054 0.82728 -0.02490 0.56113
1403638540.6778295040 0.34793 -0.06751 0.28974 0.00210 0.82729 -0.00779 0.56171
1403638540.7778294086 0.39747 -0.06289 0.29893 -0.00598 0.82623 0.01610 0.56308
1403638540.8778295517 0.44909 -0.05528 0.30651 -0.01646 0.82524 0.04399 0.56282
1403638540.9778294563 0.50206 -0.04274 0.31205 -0.03027 0.82338 0.07009 0.56233
1403638541.0778295994 0.55500 -0.02618 0.31508 -0.04409 0.82095 0.08937 0.56224
1403638541.1778295040 0.60794 -0.00584 0.31404 -0.05389 0.81905 0.10251 0.56191
1403638541.2778294086 0.66195 0.01806 0.31101 -0.05905 0.81824 0.11119 0.56092
1403638541.3778295517 0.71481 0.04637 0.31413 -0.06207 0.81810 0.11477 0.56008
1403638541.4778294563 0.76664 0.07843 0.32187 -0.06332 0.81798 0.11502 0.56007
1403638541.5778295994 0.81738 0.11614 0.33615 -0.06264 0.81656 0.11556 0.56210
1403638541.6778295040 0.87215 0.16078 0.35742 -0.06687 0.81490 0.11850 0.56340
1403638541.7778294086 0.92362 0.21026 0.38559 -0.07679 0.81341 0.12400 0.56311
1403638541.8778295517 0.97392 0.26451 0.41840 -0.08866 0.81186 0.13280 0.56159
1403638541.9778294563 1.02101 0.32098 0.44782 -0.10034 0.81048 0.14699 0.55808
1403638542.0778295994 1.06576 0.37882 0.47066 -0.11418 0.80799 0.16385 0.55432
1403638542.1778295040 1.10906 0.43751 0.48760 -0.12941 0.80372 0.18353 0.55100
1403638542.2778294086 1.15111 0.49738 0.49844 -0.14408 0.79928 0.20661 0.54563
1403638542.3778295517 1.19341 0.55822 0.50582 -0.15760 0.79113 0.22809 0.54520
1403638542.4778294563 1.23445 0.61868 0.51103 -0.16380 0.77719 0.24798 0.55466
1403638542.5778295994 1.27290 0.67967 0.51395 -0.15997 0.76487 0.26614 0.56440
1403638542.6778295040 1.30479 0.74368 0.51893 -0.16056 0.76121 0.27537 0.56475
1403638542.7778294086 1.32896 0.81102 0.53010 -0.16946 0.76513 0.27431 0.55733
1403638542.8778295517 1.34679 0.88081 0.54795 -0.17605 0.77038 0.27122 0.54950
1403638542.9778294563 1.36045 0.95172 0.57261 -0.18000 0.77493 0.26804 0.54335
1403638543.0778295994 1.37159 1.02275 0.59914 -0.18251 0.77851 0.26487 0.53895
1403638543.1778295040 1.38032 1.09439 0.62073 -0.18272 0.77971 0.26242 0.53834
1403638543.2778294086 1.39224 1.16655 0.63595 -0.18260 0.78012 0.25979 0.53905
1403638543.3778295517 1.40063 1.23928 0.64518 -0.18202 0.78125 0.25884 0.53807
1403638543.4778294563 1.40926 1.31291 0.65049 -0.18427 0.78014 0.26324 0.53678
1403638543.5778295994 1.42622 1.38799 0.65190 -0.18881 0.77716 0.27388 0.53419
1403638543.6778295040 1.44252 1.46433 0.65039 -0.19511 0.77146 0.29104 0.53111
1403638543.7778294086 1.45470 1.54042 0.65100 -0.20485 0.76327 0.31189 0.52742
1403638543.8778295517 1.46562 1.61638 0.65915 -0.21612 0.75302 0.33394 0.52415
1403638543.9778294563 1.47652 1.69482 0.67519 -0.22979 0.74438 0.35187 0.51893
1403638544.0778295994 1.48638 1.77178 0.69511 -0.24434 0.74028 0.36286 0.51051
1403638544.1778295040 1.49765 1.84816 0.71428 -0.25448 0.73713 0.36914 0.50559
1403638544.2778294086 1.51081 1.92553 0.72670 -0.26103 0.73458 0.37231 0.50362
1403638544.3778295517 1.52491 2.00268 0.73265 -0.26236 0.73402 0.37473 0.50196
1403638544.4778294563 1.54059 2.07855 0.73447 -0.26131 0.73467 0.37571 0.50082
1403638544.5778295994 1.55315 2.15761 0.73487 -0.26314 0.73205 0.37479 0.50438
1403638544.6778295040 1.57051 2.23335 0.74117 -0.26804 0.72561 0.37389 0.51171
1403638544.7778294086 1.58252 2.30949 0.75112 -0.26930 0.72483 0.37481 0.51148
1403638544.8778295517 1.59904 2.37865 0.75859 -0.26718 0.72810 0.37706 0.50628
1403638544.9778294563 1.61133 2.45175 0.76042 -0.26729 0.72900 0.37771 0.50443
1403638545.0778295994 1.62394 2.52485 0.75677 -0.26867 0.72784 0.37754 0.50550
1403638545.1778295040 1.64089 2.59297 0.74739 -0.26809 0.72751 0.37836 0.50567
1403638545.2778294086 1.65391 2.66439 0.73118 -0.26726 0.72700 0.37989 0.50569
1403638545.3778295517 1.66696 2.73628 0.71033 -0.26888 0.72444 0.37884 0.50928
1403638545.4778294563 1.68347 2.81029 0.68587 -0.27045 0.72443 0.37930 0.50812
1403638545.5778295994 1.69245 2.87859 0.66417 -0.27455 0.72221 0.38590 0.50410
1403638545.6778295040 1.70774 2.96050 0.64970 -0.28265 0.71666 0.39682 0.49903
1403638545.7778294086 1.72428 3.04774 0.64280 -0.29070 0.70900 0.41269 0.49244
1403638545.8778295517 1.74160 3.14166 0.64326 -0.30074 0.69857 0.43153 0.48512
1403638545.9778294563 1.75958 3.24015 0.65097 -0.30962 0.68647 0.45282 0.47734
1403638546.0778295994 1.77767 3.33419 0.66273 -0.31535 0.67486 0.47120 0.47232
1403638546.1778295040 1.79655 3.43031 0.66972 -0.32228 0.66662 0.48297 0.46744
1403638546.2778294086 1.81613 3.53469 0.66960 -0.32646 0.66245 0.49002 0.46310
1403638546.3778295517 1.83371 3.63494 0.66346 -0.33219 0.66129 0.49188 0.45870
1403638546.4778294563 1.84948 3.72725 0.65178 -0.33469 0.66109 0.49303 0.45592
1403638546.5778295994 1.86431 3.81929 0.63974 -0.33553 0.65917 0.49614 0.45472
1403638546.6778295040 1.87135 3.90473 0.63342 -0.33906 0.65441 0.50201 0.45251
1403638546.7778294086 1.88543 3.99920 0.63807 -0.34139 0.64995 0.50761 0.45094
1403638546.8778295517 1.89802 4.09388 0.65148 -0.34199 0.64638 0.51243 0.45016
1403638546.9778294563 1.90904 4.18818 0.66375 -0.34067 0.64314 0.51675 0.45087
1403638547.0778295994 1.91361 4.28017 0.66912 -0.33867 0.64069 0.52004 0.45209
1403638547.1778295040 1.92104 4.37737 0.66905 -0.33570 0.63868 0.52317 0.45352
1403638547.2778294086 1.91985 4.47434 0.66453 -0.33369 0.63738 0.52461 0.45517
1403638547.3778295517 1.92074 4.57936 0.65735 -0.33677 0.63888 0.52223 0.45354
1403638547.4778294563 1.91294 4.68255 0.64623 -0.34130 0.64209 0.51843 0.44997
1403638547.5778295994 1.90372 4.78705 0.63111 -0.34432 0.64559 0.51493 0.44665
1403638547.6778295040 1.90041 4.90551 0.61165 -0.34472 0.64695 0.51309 0.44650
1403638547.7778294086 1.89030 5.01845 0.58740 -0.34243 0.64648 0.51357 0.44838
1403638547.8778295517 1.88476 5.14850 0.56056 -0.33849 0.64387 0.51540 0.45300
1403638547.9778294563 1.87133 5.26856 0.53448 -0.33847 0.64388 0.51573 0.45264
1403638548.0778295994 1.86133 5.41371 0.51635 -0.34074 0.64378 0.51778 0.44871
1403638548.1778295040 1.84377 5.54120 0.50530 -0.34504 0.64016 0.52325 0.44424
1403638548.2778294086 1.82965 5.68854 0.50284 -0.35140 0.63405 0.53170 0.43794
1403638548.3778295517 1.81224 5.84287 0.50886 -0.35875 0.62498 0.54315 0.43091
1403638548.4778294563 1.79294 6.00250 0.52091 -0.36654 0.61575 0.55382 0.42401
1403638548.5778295994 1.77287 6.15701 0.53043 -0.37283 0.60808 0.56176 0.41913
1403638548.6778295040 1.75226 6.31063 0.53483 -0.37749 0.60276 0.56722 0.41526
1403638548.7778294086 1.73035 6.45979 0.53674 -0.38009 0.59903 0.57116 0.41288
1403638548.8778295517 1.70737 6.60706 0.54425 -0.38129 0.59699 0.57373 0.41115
1403638548.9778294563 1.68321 6.75009 0.55849 -0.38267 0.59595 0.57457 0.41022
1403638549.0778295994 1.65661 6.88458 0.57787 -0.38320 0.59567 0.57501 0.40950
1403638549.1778295040 1.63139 7.01823 0.60351 -0.38451 0.59545 0.57397 0.41005
1403638549.2778294086 1.60434 7.15433 0.63362 -0.38524 0.59631 0.57301 0.40948
1403638549.3778295517 1.57893 7.28589 0.66865 -0.38770 0.59757 0.57055 0.40874
1403638549.4778294563 1.55206 7.42214 0.70063 -0.38957 0.59898 0.56844 0.40784
1403638549.5778295994 1.52848 7.54869 0.72742 -0.39120 0.59875 0.56665 0.40911
1403638549.6778295040 1.50370 7.68314 0.74922 -0.39255 0.59819 0.56516 0.41069
1403638549.7778294086 1.48427 7.80206 0.77104 -0.39126 0.59810 0.56560 0.41145
1403638549.8778295517 1.46239 7.93071 0.79878 -0.39036 0.59958 0.56576 0.40992
1403638549.9778294563 1.44602 8.04356 0.83536 -0.39040 0.60014 0.56573 0.40910
1403638550.0778295994 1.42814 8.16842 0.88000 -0.39083 0.60040 0.56551 0.40861
1403638550.1778295040 1.41850 8.26882 0.93332 -0.39206 0.60053 0.56531 0.40754
1403638550.2778294086 1.40651 8.38235 0.99342 -0.39178 0.59998 0.56621 0.40736
1403638550.3778295517 1.40596 8.45787 1.05817 -0.39242 0.59857 0.56656 0.40833
1403638550.4778294563 1.39930 8.56179 1.11453 -0.39541 0.59898 0.56508 0.40688
1403638550.5778295994 1.40545 8.64261 1.16533 -0.39977 0.59936 0.56276 0.40528
1403638550.6778295040 1.40824 8.75130 1.21073 -0.40481 0.59762 0.55945 0.40744
1403638550.7778294086 1.41053 8.86946 1.25170 -0.40779 0.59683 0.55731 0.40854
1403638550.8778295517 1.41496 8.99097 1.28986 -0.41356 0.59304 0.55309 0.41396
1403638550.9778294563 1.42078 9.11170 1.32436 -0.41900 0.58887 0.54863 0.42033
1403638551.0778295994 1.42794 9.22540 1.35497 -0.42242 0.58647 0.54572 0.42404
1403638551.1778295040 1.43812 9.33098 1.38726 -0.42663 0.58702 0.54290 0.42267
1403638551.2778294086 1.45272 9.42673 1.42424 -0.42712 0.58891 0.54174 0.42104
1403638551.3778295517 1.47441 9.50266 1.46321 -0.42254 0.59656 0.53863 0.41887
1403638551.4778294563 1.49982 9.58284 1.49847 -0.41493 0.60927 0.52908 0.42035
1403638551.5778295994 1.53489 9.64436 1.52804 -0.40896 0.62414 0.51258 0.42481
1403638551.6778295040 1.57168 9.71964 1.55272 -0.40183 0.64121 0.49376 0.42847
1403638551.7778294086 1.61605 9.79268 1.57318 -0.39219 0.65544 0.47485 0.43715
1403638551.8778295517 1.66769 9.86314 1.58999 -0.38150 0.66617 0.45884 0.44737
1403638551.9778294563 1.72569 9.92981 1.61065 -0.36881 0.66979 0.45076 0.46063
1403638552.0778295994 1.78824 9.99119 1.63921 -0.35842 0.67161 0.44533 0.47133
1403638552.1778295040 1.85259 10.04817 1.67248 -0.35173 0.67693 0.44176 0.47213
1403638552.2778294086 1.91947 10.10190 1.71057 -0.34670 0.68140 0.44027 0.47081
1403638552.3778295517 1.98868 10.15101 1.74774 -0.34770 0.68292 0.43695 0.47095
1403638552.4778294563 2.06665 10.17449 1.77858 -0.35487 0.67910 0.43156 0.47607
1403638552.5778295994 2.14148 10.21282 1.80580 -0.35928 0.67584 0.42778 0.48079
1403638552.6778295040 2.21861 10.24412 1.82683 -0.35874 0.67415 0.42863 0.48282
1403638552.7778294086 2.29927 10.26739 1.84199 -0.35708 0.67414 0.43051 0.48239
1403638552.8778295517 2.38593 10.26427 1.85065 -0.35490 0.67285 0.43448 0.48223
1403638552.9778294563 2.47093 10.27650 1.85685 -0.34943 0.67125 0.44018 0.48329
1403638553.0778295994 2.55993 10.26126 1.85614 -0.34574 0.66909 0.44562 0.48395
1403638553.1778295040 2.64630 10.26830 1.85578 -0.35009 0.66581 0.44411 0.48673
1403638553.2778294086 2.73363 10.24104 1.85278 -0.35735 0.65989 0.44111 0.49221
1403638553.3778295517 2.82085 10.23860 1.85821 -0.35793 0.65526 0.44187 0.49725
1403638553.4778294563 2.90802 10.22582 1.86892 -0.35350 0.65035 0.44543 0.50366
1403638553.5778295994 2.99287 10.19899 1.88517 -0.34982 0.64644 0.44848 0.50853
1403638553.6778295040 3.07370 10.15367 1.90406 -0.34740 0.64571 0.45082 0.50904
1403638553.7778294086 3.14850 10.09464 1.92957 -0.34551 0.64636 0.45269 0.50785
1403638553.8778295517 3.20826 10.01346 1.95851 -0.34329 0.64820 0.45412 0.50574
1403638553.9778294563 3.27600 9.94084 1.98984 -0.34276 0.65133 0.45450 0.50171
1403638554.0778295994 3.32614 9.84682 2.01400 -0.34130 0.65466 0.45529 0.49764
1403638554.1778295040 3.39563 9.76574 2.03460 -0.33692 0.65757 0.45910 0.49327
1403638554.2778294086 3.44075 9.66465 2.04574 -0.32913 0.66360 0.46468 0.48516
1403638554.3778295517 3.50850 9.57991 2.05499 -0.32387 0.66677 0.46946 0.47972
1403638554.4778294563 3.57543 9.49840 2.06170 -0.32187 0.66799 0.47197 0.47690
1403638554.5778295994 3.64274 9.42293 2.06569 -0.32364 0.66862 0.47201 0.47477
1403638554.6778295040 3.68624 9.32904 2.06781 -0.32967 0.67077 0.46821 0.47134
1403638554.7778294086 3.75326 9.25827 2.07840 -0.33524 0.67112 0.46532 0.46977
1403638554.8778295517 3.79701 9.16692 2.08910 -0.33830 0.67123 0.46335 0.46937
1403638554.9778294563 3.84305 9.07710 2.10040 -0.34087 0.67186 0.46013 0.46978
1403638555.0778295994 3.91856 9.01394 2.10960 -0.33783 0.67470 0.45611 0.47182
1403638555.1778295040 3.96793 8.92110 2.10798 -0.33112 0.68063 0.44926 0.47463
1403638555.2778294086 4.04795 8.86052 2.10523 -0.32560 0.68642 0.44142 0.47745
1403638555.3778295517 4.12448 8.79511 2.09880 -0.31901 0.68925 0.43691 0.48196
1403638555.4778294563 4.20129 8.72478 2.08827 -0.31378 0.69098 0.43400 0.48551
1403638555.5778295994 4.27737 8.65164 2.07501 -0.31199 0.69200 0.43150 0.48745
1403638555.6778295040 4.34979 8.57549 2.06640 -0.31186 0.69350 0.42990 0.48681
1403638555.7778294086 4.41901 8.49360 2.06693 -0.31133 0.69450 0.43007 0.48558
1403638555.8778295517 4.47992 8.40534 2.07543 -0.31063 0.69456 0.43105 0.48508
1403638555.9778294563 4.54846 8.32535 2.08910 -0.30969 0.69310 0.43272 0.48626
1403638556.0778295994 4.61128 8.24188 2.10547 -0.30812 0.69328 0.43404 0.48583
1403638556.1778295040 4.68252 8.16567 2.11794 -0.30773 0.69747 0.43450 0.47963
1403638556.2778294086 4.74845 8.08254 2.12232 -0.30633 0.70079 0.43549 0.47477
1403638556.3778295517 4.82682 8.01102 2.12451 -0.30570 0.70268 0.43631 0.47161
1403638556.4778294563 4.89739 7.93274 2.12351 -0.30337 0.70581 0.43755 0.46728
1403638556.5778295994 4.98121 7.87402 2.12454 -0.30340 0.70858 0.43718 0.46339
1403638556.6778295040 5.06431 7.82633 2.12725 -0.31119 0.71092 0.43104 0.46039
1403638556.7778294086 5.14347 7.76384 2.13615 -0.31763 0.70767 0.42628 0.46540
1403638556.8778295517 5.23099 7.72490 2.15355 -0.32349 0.70605 0.42194 0.46778
1403638556.9778294563 5.31068 7.70579 2.17552 -0.32656 0.70472 0.41910 0.47019
1403638557.0778295994 5.37068 7.71174 2.19289 -0.32403 0.70384 0.41993 0.47252
1403638557.1778295040 5.43110 7.71404 2.20284 -0.32125 0.70284 0.42086 0.47507
1403638557.2778294086 5.49617 7.70859 2.20591 -0.31914 0.70224 0.42139 0.47690
1403638557.3778295517 5.57442 7.68840 2.20519 -0.31604 0.70129 0.42317 0.47879
1403638557.4778294563 5.65366 7.66200 2.20752 -0.30991 0.69850 0.42723 0.48324
1403638557.5778295994 5.73074 7.62966 2.21622 -0.30485 0.69624 0.42999 0.48727
1403638557.6778295040 5.80918 7.59567 2.22873 -0.30190 0.69516 0.43155 0.48926
1403638557.7778294086 5.88683 7.56132 2.24358 -0.30159 0.69485 0.43092 0.49044
1403638557.8778295517 5.96571 7.52593 2.25282 -0.29854 0.69482 0.43210 0.49132
1403638557.9778294563 6.04464 7.49177 2.25489 -0.29572 0.69607 0.43354 0.48998
1403638558.0778295994 6.12415 7.45870 2.24998 -0.29488 0.69979 0.43414 0.48462
1403638558.1778295040 6.20523 7.42749 2.24168 -0.29228 0.70557 0.43550 0.47652
1403638558.2778294086 6.28674 7.40059 2.23859 -0.28898 0.70965 0.43709 0.47101
1403638558.3778295517 6.36711 7.38202 2.24580 -0.28434 0.71095 0.43972 0.46941
1403638558.4778294563 6.44587 7.36963 2.26149 -0.27816 0.71465 0.44317 0.46422
1403638558.5778295994 6.52636 7.36578 2.28509 -0.27963 0.71706 0.44180 0.46092
1403638558.6778295040 6.61159 7.36954 2.31591 -0.28824 0.71740 0.43540 0.46117
1403638558.7778294086 6.69969 7.37755 2.34520 -0.29617 0.71686 0.42940 0.46261
1403638558.8778295517 6.79608 7.38829 2.36868 -0.29918 0.71524 0.42744 0.46499
1403638558.9778294563 6.89477 7.40062 2.38569 -0.30124 0.71009 0.42641 0.47243
1403638559.0778295994 6.99700 7.41283 2.39540 -0.30215 0.70532 0.42643 0.47894
1403638559.1778295040 7.09928 7.42582 2.39836 -0.30273 0.70166 0.42696 0.48345
1403638559.2778294086 7.20276 7.43787 2.39534 -0.30096 0.69868 0.42940 0.48670
1403638559.3778295517 7.30671 7.44992 2.38598 -0.29761 0.69629 0.43273 0.48924
1403638559.4778294563 7.40698 7.46315 2.37123 -0.29573 0.69386 0.43496 0.49185
1403638559.5778295994 7.50400 7.47766 2.35103 -0.29488 0.69156 0.43652 0.49421
1403638559.6778295040 7.59564 7.49425 2.32728 -0.29569 0.69036 0.43671 0.49524
1403638559.7778294086 7.67791 7.51178 2.30661 -0.29603 0.68952 0.43741 0.49558
1403638559.8778295517 7.76179 7.53122 2.29203 -0.29755 0.69017 0.43663 0.49445
1403638559.9778294563 7.83746 7.55042 2.27750 -0.29645 0.69359 0.43059 0.49562
1403638560.0778295994 7.92095 7.57108 2.25744 -0.29129 0.70109 0.41748 0.49933
1403638560.1778295040 8.00622 7.59114 2.23063 -0.28180 0.71031 0.39908 0.50674
1403638560.2778294086 8.09348 7.61026 2.19912 -0.26979 0.72055 0.37753 0.51527
1403638560.3778295517 8.18251 7.62924 2.16591 -0.25879 0.72769 0.35300 0.52810
1403638560.4778294563 8.27125 7.64651 2.12933 -0.24636 0.73505 0.32763 0.54007
1403638560.5778295994 8.35904 7.66097 2.08840 -0.23542 0.74360 0.30061 0.54888
1403638560.6778295040 8.44575 7.67235 2.04382 -0.22617 0.75346 0.27255 0.55396
1403638560.7778294086 8.52930 7.67775 2.00233 -0.21940 0.76168 0.24705 0.55738
1403638560.8778295517 8.60949 7.67417 1.96834 -0.20899 0.76769 0.22432 0.56272
1403638560.9778294563 8.69210 7.66271 1.94172 -0.19704 0.77159 0.20355 0.56955
1403638561.0778295994 8.77469 7.64192 1.92316 -0.18511 0.77379 0.18386 0.57722
1403638561.1778295040 8.85384 7.61118 1.91024 -0.17447 0.77487 0.16640 0.58433
1403638561.2778294086 8.93052 7.57284 1.90400 -0.16782 0.77498 0.15328 0.58970
1403638561.3778295517 9.00191 7.52587 1.89945 -0.15905 0.77966 0.14870 0.58712
1403638561.4778294563 9.07130 7.47235 1.89025 -0.14575 0.78581 0.15246 0.58139
1403638561.5778295994 9.14164 7.41593 1.87523 -0.13623 0.78953 0.15731 0.57735
1403638561.6778295040 9.21147 7.35735 1.85493 -0.13241 0.79137 0.16024 0.57492
1403638561.7778294086 9.28461 7.29884 1.83010 -0.13138 0.79172 0.16254 0.57402
1403638561.8778295517 9.33079 7.22615 1.79869 -0.12883 0.79110 0.16316 0.57527
1403638561.9778294563 9.40590 7.16375 1.76406 -0.12354 0.79216 0.15870 0.57622
1403638562.0778295994 9.45031 7.08735 1.73043 -0.11619 0.79383 0.14989 0.57782
1403638562.1778295040 9.52502 7.02117 1.70580 -0.10849 0.79572 0.14003 0.57919
1403638562.2778294086 9.60339 6.95630 1.68600 -0.10181 0.79689 0.13159 0.58077
1403638562.3778295517 9.68155 6.88931 1.67259 -0.09555 0.79789 0.11942 0.58307
1403638562.4778294563 9.75112 6.81652 1.66255 -0.08751 0.80021 0.10315 0.58426
1403638562.5778295994 9.81140 6.73937 1.65933 -0.07796 0.80233 0.08298 0.58592
1403638562.6778295040 9.86612 6.65808 1.66004 -0.06940 0.80479 0.05886 0.58654
1403638562.7778294086 9.91654 6.57269 1.66214 -0.06076 0.80595 0.03270 0.58795
1403638562.8778295517 9.96119 6.48065 1.65980 -0.04755 0.80672 0.00820 0.58896
1403638562.9778294563 10.00230 6.38202 1.65170 -0.03348 0.80703 -0.01423 0.58939
1403638563.0778295994 10.03951 6.27834 1.63806 -0.02493 0.80643 -0.03805 0.58958
1403638563.1778295040 10.07123 6.16758 1.61941 -0.01354 0.80589 -0.05748 0.58911
1403638563.2778294086 10.09704 6.04997 1.59673 -0.00242 0.80247 -0.07100 0.59244
1403638563.3778295517 10.11418 5.92629 1.56998 0.00396 0.79440 -0.08038 0.60204
1403638563.4778294563 10.12080 5.79768 1.53758 0.00511 0.78801 -0.08716 0.60944
1403638563.5778295994 10.11487 5.66376 1.50450 0.01057 0.78843 -0.08690 0.60887
1403638563.6778295040 10.09469 5.52778 1.47727 0.01077 0.79175 -0.08718 0.60450
1403638563.7778294086 10.06345 5.38763 1.45646 0.00791 0.79378 -0.08769 0.60180
1403638563.8778295517 10.03791 5.23508 1.44431 0.00481 0.79338 -0.08676 0.60249
1403638563.9778294563 9.99016 5.08327 1.43804 0.00158 0.79213 -0.08514 0.60439
1403638564.0778295994 9.94847 4.91764 1.42874 -0.00288 0.79278 -0.08288 0.60384
1403638564.1778295040 9.90235 4.74303 1.41425 -0.00461 0.79282 -0.07815 0.60441
1403638564.2778294086 9.82989 4.57177 1.39721 -0.00350 0.79108 -0.07264 0.60737
1403638564.3778295517 9.76439 4.38812 1.38444 -0.00347 0.78976 -0.06757 0.60968
1403638564.4778294563 9.67596 4.20560 1.37852 -0.00262 0.78834 -0.06315 0.61199
1403638564.5778295994 9.58989 4.01207 1.37599 -0.00539 0.79010 -0.06265 0.60974
1403638564.6778295040 9.48284 3.82015 1.37120 -0.01054 0.79152 -0.06533 0.60755
1403638564.7778294086 9.37928 3.61514 1.35928 -0.01434 0.79203 -0.06835 0.60648
1403638564.8778295517 9.25357 3.41433 1.33920 -0.01642 0.79118 -0.07062 0.60727
1403638564.9778294563 9.13352 3.19981 1.30084 -0.01818 0.79056 -0.07232 0.60783
1403638565.0778295994 8.99054 2.98975 1.24591 -0.01927 0.79060 -0.07283 0.60768
1403638565.1778295040 8.83027 2.78124 1.17586 -0.01960 0.79088 -0.07272 0.60732
1403638565.2778294086 8.64515 2.56890 1.09881 -0.01788 0.79119 -0.07158 0.60710
1403638565.3778295517 8.47644 2.33911 1.01923 -0.01513 0.79181 -0.07005 0.60655
1403638565.4778294563 8.30905 2.10340 0.93960 -0.01204 0.79082 -0.06889 0.60805
1403638565.5778295994 8.13982 1.86450 0.86653 -0.00510 0.78847 -0.06659 0.61144
1403638565.6778295040 7.96566 1.62652 0.80267 0.00721 0.78815 -0.06087 0.61243
1403638565.7778294086 7.78784 1.39594 0.74632 0.01695 0.79092 -0.05698 0.60902
1403638565.8778295517 7.60316 1.17161 0.69798 0.02499 0.79317 -0.05418 0.60607
1403638565.9778294563 7.41132 0.95331 0.65351 0.02821 0.79494 -0.05522 0.60351
1403638566.0778295994 7.21592 0.73955 0.60355 0.03051 0.79590 -0.05601 0.60205
1403638566.1778295040 7.01772 0.52869 0.54543 0.02916 0.79599 -0.05776 0.60184
1403638566.2778294086 6.81591 0.32015 0.47949 0.03045 0.79556 -0.05725 0.60239
1403638566.3778295517 6.61275 0.11480 0.40546 0.03131 0.79654 -0.05656 0.60112
1403638566.4778294563 6.40927 -0.09199 0.32560 0.02840 0.79674 -0.05748 0.60092
1403638566.5778295994 6.20385 -0.29462 0.24047 0.02810 0.79994 -0.05607 0.59680
1403638566.6778295040 5.99702 -0.49422 0.14815 0.02749 0.80940 -0.05477 0.58404
1403638566.7778294086 5.79331 -0.69052 0.05118 0.02685 0.82131 -0.05358 0.56733
1403638566.8778295517 5.59548 -0.88284 -0.04874 0.02543 0.82949 -0.05290 0.55544
1403638566.9778294563 5.40434 -1.07032 -0.15072 0.02586 0.83352 -0.05055 0.54957
1403638567.0778295994 5.22000 -1.24741 -0.25011 0.02665 0.82523 -0.04940 0.56200
1403638567.1778295040 5.03973 -1.41469 -0.35151 0.03003 0.81260 -0.04762 0.58009
1403638567.2778294086 4.86464 -1.57919 -0.45749 0.03429 0.80378 -0.04620 0.59214
1403638567.3778295517 4.68795 -1.73500 -0.56857 0.03818 0.80179 -0.04622 0.59459
1403638567.4778294563 4.51033 -1.88264 -0.67586 0.04101 0.80253 -0.04786 0.59327
1403638567.5778295994 4.33253 -2.02219 -0.77672 0.04322 0.80603 -0.05044 0.58813
1403638567.6778295040 4.15777 -2.15528 -0.86868 0.04740 0.80933 -0.05181 0.58314
1403638567.7778294086 3.98917 -2.28341 -0.95166 0.05014 0.81268 -0.05307 0.57812
1403638567.8778295517 3.82924 -2.40443 -1.02663 0.05002 0.81615 -0.05599 0.57294
1403638567.9778294563 3.67945 -2.52525 -1.09520 0.05059 0.81718 -0.05746 0.57128
1403638568.0778295994 3.53994 -2.64170 -1.15608 0.05429 0.81722 -0.05617 0.57100
1403638568.1778295040 3.40822 -2.75327 -1.20833 0.05702 0.81670 -0.05539 0.57155
1403638568.2778294086 3.28258 -2.86224 -1.25354 0.05850 0.81675 -0.05611 0.57127
1403638568.3778295517 3.16278 -2.96864 -1.29846 0.05892 0.81742 -0.05683 0.57019
1403638568.4778294563 3.02564 -3.07614 -1.34942 0.05942 0.81827 -0.05681 0.56893
1403638568.5778295994 2.91123 -3.17750 -1.40307 0.06048 0.81986 -0.05647 0.56656
1403638568.6778295040 2.78675 -3.27522 -1.45911 0.06176 0.82171 -0.05519 0.56385
1403638568.7778294086 2.68185 -3.36851 -1.51205 0.06144 0.82321 -0.05541 0.56168
1403638568.8778295517 2.59194 -3.45744 -1.55636 0.05948 0.82272 -0.05703 0.56244
1403638568.9778294563 2.49012 -3.53848 -1.59323 0.06145 0.82223 -0.05530 0.56311
1403638569.0778295994 2.41299 -3.62200 -1.62130 0.06287 0.82224 -0.05427 0.56305
1403638569.1778295040 2.32374 -3.69390 -1.64294 0.06342 0.82306 -0.05424 0.56179
1403638569.2778294086 2.25864 -3.76871 -1.66332 0.06532 0.82450 -0.05328 0.55954
1403638569.3778295517 2.18172 -3.83063 -1.68917 0.06618 0.82443 -0.05299 0.55958
1403638569.4778294563 2.13049 -3.89256 -1.71869 0.06681 0.82310 -0.05252 0.56150
1403638569.5778295994 2.06827 -3.94448 -1.75207 0.06757 0.82184 -0.05206 0.56329
1403638569.6778295040 1.99714 -3.98911 -1.78105 0.06685 0.82062 -0.05298 0.56507
1403638569.7778294086 1.92234 -4.02711 -1.80421 0.06800 0.81973 -0.05240 0.56628
1403638569.8778295517 1.88812 -4.05923 -1.81988 0.06935 0.81852 -0.05137 0.56796
1403638569.9778294563 1.83911 -4.08817 -1.83267 0.06815 0.81695 -0.05206 0.57030
1403638570.0778295994 1.77773 -4.10820 -1.84979 0.06601 0.81622 -0.05360 0.57145
1403638570.1778295040 1.71302 -4.12292 -1.87380 0.06122 0.81621 -0.05643 0.57173
1403638570.2778294086 1.64759 -4.13296 -1.90374 0.05383 0.81544 -0.06105 0.57308
1403638570.3778295517 1.58196 -4.14009 -1.93839 0.04766 0.81482 -0.06839 0.57369
1403638570.4778294563 1.56708 -4.14346 -1.97692 0.04350 0.81367 -0.08396 0.57359
1403638570.5778295994 1.53082 -4.16214 -2.02189 0.03620 0.80996 -0.11069 0.57480
1403638570.6778295040 1.50548 -4.15979 -2.07195 0.03738 0.80338 -0.13990 0.57759
1403638570.7778294086 1.49178 -4.16726 -2.12318 0.04519 0.79088 -0.16718 0.58696
1403638570.8778295517 1.56362 -4.19574 -2.17039 0.05780 0.77829 -0.19102 0.59534
1403638570.9778294563 1.58145 -4.23399 -2.22481 0.07339 0.76933 -0.21219 0.59810
1403638571.0778295994 1.57985 -4.27735 -2.28445 0.09012 0.76596 -0.23162 0.59291
1403638571.1778295040 1.55926 -4.32403 -2.34150 0.11127 0.76814 -0.24463 0.58115
1403638571.2778294086 1.51220 -4.38132 -2.38927 0.13116 0.76906 -0.25152 0.57279
1403638571.3778295517 1.46605 -4.42747 -2.42723 0.14455 0.76780 -0.25765 0.56850
1403638571.4778294563 1.41104 -4.49924 -2.45554 0.15055 0.76483 -0.26236 0.56880
1403638571.5778295994 1.34757 -4.58487 -2.48050 0.15701 0.76242 -0.26628 0.56847
1403638571.6778295040 1.27811 -4.68044 -2.51015 0.16234 0.76192 -0.27541 0.56327
1403638571.7778294086 1.20433 -4.78386 -2.54533 0.16940 0.76098 -0.28858 0.55582
1403638571.8778295517 1.12869 -4.89436 -2.58461 0.17575 0.75741 -0.30596 0.54939
1403638571.9778294563 1.04913 -5.01242 -2.62134 0.18257 0.75065 -0.32550 0.54520
1403638572.0778295994 0.96389 -5.13631 -2.65028 0.19083 0.74305 -0.34421 0.54128
1403638572.1778295040 0.87161 -5.26403 -2.67111 0.20573 0.73567 -0.35896 0.53630
1403638572.2778294086 0.77312 -5.39476 -2.68852 0.21885 0.73078 -0.37522 0.52657
1403638572.3778295517 0.67029 -5.53017 -2.70919 0.23095 0.72530 -0.39316 0.51578
1403638572.4778294563 0.56224 -5.67061 -2.73343 0.24395 0.72093 -0.40588 0.50597
1403638572.5778295994 0.45281 -5.81504 -2.75913 0.25409 0.71692 -0.41414 0.49995
1403638572.6778295040 0.34344 -5.96415 -2.78328 0.25932 0.71507 -0.41923 0.49566
1403638572.7778294086 0.23635 -6.11953 -2.79898 0.26653 0.71661 -0.41889 0.48985
1403638572.8778295517 0.13359 -6.28003 -2.80563 0.26965 0.71919 -0.41818 0.48496
1403638572.9778294563 0.03547 -6.44510 -2.80679 0.26994 0.72146 -0.41720 0.48227
1403638573.0778295994 -0.05860 -6.61415 -2.81099 0.26903 0.72359 -0.41609 0.48054
1403638573.1778295040 -0.14763 -6.78789 -2.82095 0.26712 0.72523 -0.41502 0.48005
1403638573.2778294086 -0.24005 -6.95649 -2.83358 0.26547 0.72674 -0.41300 0.48042
1403638573.3778295517 -0.32242 -7.13763 -2.84377 0.26466 0.72748 -0.41225 0.48038
1403638573.4778294563 -0.40687 -7.31648 -2.85198 0.26764 0.72763 -0.41236 0.47841
1403638573.5778295994 -0.47990 -7.50626 -2.84980 0.26930 0.72742 -0.41280 0.47743
1403638573.6778295040 -0.54743 -7.69860 -2.84043 0.27212 0.72762 -0.41354 0.47487
1403638573.7778294086 -0.60602 -7.89504 -2.82722 0.27904 0.72372 -0.41706 0.47374
1403638573.8778295517 -0.65671 -8.09333 -2.81460 0.29288 0.71297 -0.42262 0.47675
1403638573.9778294563 -0.69941 -8.29127 -2.80736 0.30489 0.69674 -0.43591 0.48123
1403638574.0778295994 -0.73705 -8.48631 -2.80702 0.31099 0.67531 -0.45700 0.48826
1403638574.1778295040 -0.76937 -8.67681 -2.81186 0.31740 0.65184 -0.48050 0.49345
1403638574.2778294086 -0.81288 -8.86300 -2.82142 0.32684 0.63206 -0.50228 0.49131
1403638574.3778295517 -0.86440 -9.04323 -2.83520 0.33907 0.61776 -0.52192 0.48064
1403638574.4778294563 -0.91687 -9.21629 -2.85202 0.35252 0.60513 -0.53978 0.46710
1403638574.5778295994 -0.97236 -9.38327 -2.86601 0.36313 0.59354 -0.55378 0.45735
1403638574.6778295040 -1.03079 -9.54716 -2.87195 0.37527 0.58649 -0.56089 0.44788
1403638574.7778294086 -1.08619 -9.70876 -2.87094 0.38639 0.58580 -0.56378 0.43555
1403638574.8778295517 -1.15191 -9.86922 -2.86694 0.38775 0.58748 -0.56835 0.42601
1403638574.9778294563 -1.22139 -10.03216 -2.86723 0.38635 0.58963 -0.57173 0.41976
1403638575.0778295994 -1.29309 -10.19788 -2.87415 0.37903 0.58796 -0.57697 0.42160
1403638575.1778295040 -1.36697 -10.37045 -2.88628 0.37353 0.58504 -0.58022 0.42608
1403638575.2778294086 -1.45121 -10.53989 -2.90324 0.37022 0.58375 -0.58094 0.42975
1403638575.3778295517 -1.53544 -10.71552 -2.92374 0.36715 0.58701 -0.58117 0.42762
1403638575.4778294563 -1.62879 -10.88904 -2.94946 0.36516 0.59267 -0.57972 0.42346
1403638575.5778295994 -1.72181 -11.07089 -2.97393 0.36436 0.59771 -0.57751 0.42008
1403638575.6778295040 -1.81694 -11.26389 -2.99202 0.36791 0.60412 -0.57273 0.41432
1403638575.7778294086 -1.91568 -11.46665 -3.00196 0.36883 0.61070 -0.57018 0.40731
1403638575.8778295517 -2.01713 -11.68042 -3.00212 0.36859 0.61502 -0.56838 0.40353
1403638575.9778294563 -2.12082 -11.90827 -2.99207 0.36788 0.61554 -0.56758 0.40452
1403638576.0778295994 -2.22921 -12.15292 -2.97450 0.36810 0.61646 -0.56612 0.40496
1403638576.1778295040 -2.34450 -12.42301 -2.95159 0.36835 0.61525 -0.56554 0.40737
1403638576.2778294086 -2.45397 -12.68316 -2.93159 0.37189 0.61606 -0.56304 0.40638
1403638576.3778295517 -2.55846 -12.93945 -2.91749 0.37607 0.61783 -0.56018 0.40380
1403638576.4778294563 -2.65935 -13.19868 -2.90908 0.37951 0.62065 -0.55778 0.39956
1403638576.5778295994 -2.75409 -13.45839 -2.90512 0.38366 0.62494 -0.55504 0.39265
1403638576.6778295040 -2.84024 -13.71833 -2.90472 0.38668 0.62652 -0.55290 0.39019
1403638576.7778294086 -2.91679 -13.97815 -2.90761 0.39180 0.62422 -0.54915 0.39406
1403638576.8778295517 -2.98487 -14.23561 -2.91533 0.39492 0.61914 -0.54720 0.40159
1403638576.9778294563 -3.04459 -14.49011 -2.92776 0.39348 0.61248 -0.54875 0.41099
1403638577.0778295994 -3.09836 -14.74064 -2.94091 0.38964 0.60835 -0.55204 0.41634
1403638577.1778295040 -3.14851 -14.98872 -2.94680 0.38724 0.60524 -0.55414 0.42030
1403638577.2778294086 -3.19582 -15.23547 -2.94637 0.38790 0.60558 -0.55405 0.41934
1403638577.3778295517 -3.24100 -15.48209 -2.93722 0.39464 0.60980 -0.54951 0.41284
1403638577.4778294563 -3.28146 -15.72599 -2.92244 0.39920 0.61218 -0.54654 0.40886
1403638577.5778295994 -3.31501 -15.96753 -2.91035 0.39663 0.61186 -0.54845 0.40928
1403638577.6778295040 -3.34328 -16.20526 -2.90427 0.39369 0.61049 -0.55064 0.41122
1403638577.7778294086 -3.36527 -16.43903 -2.90520 0.39147 0.60965 -0.55235 0.41230
1403638577.8778295517 -3.38261 -16.66980 -2.91197 0.39170 0.60948 -0.55233 0.41235
1403638577.9778294563 -3.40423 -16.90325 -2.92069 0.39265 0.61002 -0.55100 0.41243
1403638578.0778295994 -3.41723 -17.13616 -2.92362 0.39200 0.60899 -0.55106 0.41448
1403638578.1778295040 -3.42410 -17.36622 -2.91928 0.38800 0.60562 -0.55352 0.41988
1403638578.2778294086 -3.42794 -17.59506 -2.90922 0.38026 0.60019 -0.55898 0.42745
1403638578.3778295517 -3.43096 -17.82064 -2.89993 0.37884 0.59741 -0.56073 0.43030
1403638578.4778294563 -3.43422 -18.04186 -2.89702 0.37954 0.59662 -0.56139 0.42993
1403638578.5778295994 -3.43632 -18.25736 -2.89943 0.38013 0.59563 -0.56234 0.42954
1403638578.6778295040 -3.45092 -18.47381 -2.90555 0.38279 0.59539 -0.56126 0.42891
1403638578.7778294086 -3.45916 -18.68597 -2.91474 0.38835 0.59781 -0.55820 0.42452
1403638578.8778295517 -3.47319 -18.89741 -2.92723 0.39351 0.60063 -0.55483 0.42019
1403638578.9778294563 -3.47906 -19.10396 -2.93971 0.39623 0.60186 -0.55292 0.41840
1403638579.0778295994 -3.48378 -19.31006 -2.94406 0.39701 0.60239 -0.55207 0.41800
1403638579.1778295040 -3.50391 -19.52096 -2.93843 0.39735 0.60258 -0.55100 0.41881
1403638579.2778294086 -3.50882 -19.72800 -2.92797 0.39542 0.60146 -0.55211 0.42080
1403638579.3778295517 -3.52239 -19.93228 -2.91554 0.38977 0.59814 -0.55546 0.42634
1403638579.4778294563 -3.52413 -20.13513 -2.90796 0.38451 0.59359 -0.55918 0.43258
1403638579.5778295994 -3.53943 -20.33487 -2.90536 0.38351 0.59124 -0.55616 0.44049
1403638579.6778295040 -3.54017 -20.52992 -2.90651 0.38656 0.59226 -0.54414 0.45135
1403638579.7778294086 -3.51386 -20.71459 -2.91270 0.38647 0.60322 -0.52622 0.45810
1403638579.8778295517 -3.39270 -20.84833 -2.92315 0.37920 0.62297 -0.50786 0.45848
1403638579.9778294563 -3.33940 -20.98303 -2.94051 0.36406 0.64400 -0.48468 0.46669
1403638580.0778295994 -3.29523 -21.12357 -2.96017 0.35200 0.66025 -0.45161 0.48603
1403638580.1778295040 -3.25798 -21.26250 -2.98320 0.33436 0.67663 -0.41600 0.50726
1403638580.2778294086 -3.22840 -21.39834 -3.01165 0.30967 0.69579 -0.38258 0.52307
1403638580.3778295517 -3.21036 -21.53019 -3.04580 0.28037 0.71384 -0.35745 0.53297
1403638580.4778294563 -3.18699 -21.65479 -3.08369 0.25517 0.72659 -0.34211 0.53843
1403638580.5778295994 -3.16763 -21.77485 -3.12349 0.23840 0.73482 -0.32957 0.54276
1403638580.6778295040 -3.15007 -21.88801 -3.16377 0.22351 0.74594 -0.31601 0.54199
1403638580.7778294086 -3.13462 -21.99533 -3.19747 0.21338 0.75710 -0.30206 0.53854
1403638580.8778295517 -3.12201 -22.09529 -3.22305 0.20878 0.76476 -0.29192 0.53510
1403638580.9778294563 -3.10715 -22.19274 -3.23875 0.20330 0.76650 -0.28874 0.53645
1403638581.0778295994 -3.09137 -22.28929 -3.24607 0.20235 0.76763 -0.28725 0.53599
1403638581.1778295040 -3.08162 -22.38747 -3.24587 0.20502 0.76760 -0.28572 0.53583
1403638581.2778294086 -3.08017 -22.48563 -3.24516 0.20882 0.76768 -0.28523 0.53451
1403638581.3778295517 -3.07517 -22.58074 -3.24451 0.21184 0.76644 -0.28602 0.53468
1403638581.4778294563 -3.06219 -22.67130 -3.24189 0.21485 0.76413 -0.28769 0.53589
1403638581.5778295994 -3.06030 -22.76313 -3.23337 0.21736 0.76354 -0.28928 0.53486
1403638581.6778295040 -3.04225 -22.85093 -3.22604 0.22289 0.75937 -0.28907 0.53863
1403638581.7778294086 -3.04402 -22.93840 -3.22505 0.22459 0.75578 -0.28985 0.54254
1403638581.8778295517 -3.03913 -23.02225 -3.23046 0.22743 0.75269 -0.28929 0.54594
1403638581.9778294563 -3.02165 -23.10008 -3.23951 0.23200 0.74521 -0.28716 0.55532
1403638582.0778295994 -3.01167 -23.17695 -3.24914 0.23040 0.74684 -0.28886 0.55291
1403638582.1778295040 -2.98834 -23.25217 -3.25041 0.22584 0.75394 -0.29274 0.54302
1403638582.2778294086 -2.96598 -23.32331 -3.24075 0.22617 0.75695 -0.29311 0.53847
1403638582.3778295517 -2.91810 -23.39500 -3.21772 0.22931 0.75373 -0.29090 0.54285
1403638582.4778294563 -2.88276 -23.46280 -3.18799 0.23166 0.75271 -0.28937 0.54408
1403638582.5778295994 -2.86473 -23.52537 -3.14698 0.23266 0.75221 -0.28819 0.54497
1403638582.6778295040 -2.76923 -23.57194 -3.09588 0.23321 0.75316 -0.28917 0.54291
1403638582.7778294086 -2.71605 -23.61779 -3.03928 0.23154 0.75466 -0.29127 0.54041
1403638582.8778295517 -2.68791 -23.66580 -2.98058 0.23177 0.75596 -0.29188 0.53816
1403638582.9778294563 -2.66898 -23.71396 -2.92822 0.23019 0.75810 -0.29351 0.53492
1403638583.0778295994 -2.65455 -23.76164 -2.88350 0.22875 0.76053 -0.29523 0.53113
1403638583.1778295040 -2.64326 -23.80906 -2.84616 0.22826 0.76212 -0.29587 0.52871
1403638583.2778294086 -2.63307 -23.85681 -2.81471 0.22663 0.76268 -0.29697 0.52799
1403638583.3778295517 -2.62645 -23.90382 -2.78680 0.22661 0.76237 -0.29613 0.52890
1403638583.4778294563 -2.59182 -23.94211 -2.76195 0.22665 0.76307 -0.29623 0.52783
1403638583.5778295994 -2.56137 -23.98253 -2.72996 0.22662 0.76308 -0.29601 0.52794
1403638583.6778295040 -2.53794 -24.02484 -2.69061 0.22803 0.76349 -0.29464 0.52752
1403638583.7778294086 -2.51877 -24.06885 -2.65070 0.22748 0.76324 -0.29441 0.52824
1403638583.8778295517 -2.50714 -24.11244 -2.61568 0.22771 0.76248 -0.29347 0.52976
1403638583.9778294563 -2.46687 -24.14575 -2.58874 0.22801 0.76252 -0.29309 0.52978
1403638584.0778295994 -2.43007 -24.18108 -2.56618 0.23103 0.75925 -0.29051 0.53457
1403638584.1778295040 -2.41724 -24.22142 -2.54562 0.23534 0.75054 -0.28602 0.54726
1403638584.2778294086 -2.37897 -24.24952 -2.53119 0.23812 0.74167 -0.28298 0.55959
1403638584.3778295517 -2.31416 -24.26530 -2.52401 0.23991 0.73895 -0.28155 0.56314
1403638584.4778294563 -2.25190 -24.27286 -2.52167 0.24073 0.73890 -0.28090 0.56318
1403638584.5778295994 -2.19068 -24.27184 -2.51798 0.24055 0.73909 -0.28112 0.56289
1403638584.6778295040 -2.14080 -24.26964 -2.50567 0.23816 0.74085 -0.28262 0.56084
1403638584.7778294086 -1.91517 -23.97619 -2.48905 0.23709 0.74658 -0.28752 0.55112
1403638584.8778295517 -1.79945 -23.74991 -2.46997 0.23182 0.75345 -0.29384 0.54058
1403638584.9778294563 -1.75007 -23.26766 -2.45405 0.23162 0.75592 -0.29725 0.53533
1403638585.0778295994 -1.85212 -22.79286 -2.44417 0.23235 0.75600 -0.29843 0.53424
1403638585.1778295040 -1.91354 -22.52861 -2.43921 0.23030 0.75515 -0.30013 0.53538
1403638585.2778294086 -1.92840 -22.38758 -2.43542 0.23110 0.75318 -0.29880 0.53854
1403638585.3778295517 -1.89874 -22.28099 -2.43744 0.23190 0.75112 -0.29794 0.54154
1403638585.4778294563 -1.88071 -22.16944 -2.44331 0.23160 0.75140 -0.29803 0.54124
1403638585.5778295994 -1.84590 -22.06329 -2.44074 0.23060 0.75324 -0.29834 0.53893
1403638585.6778295040 -1.82862 -21.95097 -2.43388 0.23001 0.75592 -0.29843 0.53536
1403638585.7778294086 -1.79714 -21.84167 -2.41535 0.22630 0.76085 -0.30094 0.52852
1403638585.8778295517 -1.77272 -21.73142 -2.39123 0.22315 0.76472 -0.30308 0.52302
1403638585.9778294563 -1.80258 -21.62674 -2.36014 0.21974 0.76490 -0.30374 0.52382
1403638586.0778295994 -1.80824 -21.52179 -2.32526 0.22095 0.76104 -0.30173 0.53005
1403638586.1778295040 -1.77594 -21.42087 -2.29446 0.22279 0.75831 -0.30081 0.53370
1403638586.2778294086 -1.77349 -21.31855 -2.27060 0.22440 0.75597 -0.29874 0.53750
1403638586.3778295517 -1.74321 -21.21720 -2.25024 0.23026 0.75314 -0.29473 0.54119
1403638586.4778294563 -1.76813 -21.12435 -2.23488 0.23687 0.75205 -0.28849 0.54322
1403638586.5778295994 -1.74200 -21.01795 -2.22463 0.23898 0.75142 -0.28718 0.54386
1403638586.6778295040 -1.74122 -20.91302 -2.22139 0.23524 0.75240 -0.28882 0.54327
1403638586.7778294086 -1.71366 -20.79751 -2.22386 0.23118 0.75192 -0.29146 0.54427
1403638586.8778295517 -1.70355 -20.68694 -2.23159 0.22852 0.75094 -0.29187 0.54651
1403638586.9778294563 -1.67903 -20.56875 -2.24434 0.22870 0.75072 -0.29154 0.54692
1403638587.0778295994 -1.66422 -20.45411 -2.25966 0.22756 0.75063 -0.29184 0.54737
1403638587.1778295040 -1.64279 -20.33204 -2.26935 0.22692 0.75186 -0.29181 0.54595
1403638587.2778294086 -1.62617 -20.21525 -2.27121 0.22572 0.75372 -0.29197 0.54378
1403638587.3778295517 -1.60654 -20.08987 -2.26501 0.22488 0.75533 -0.29235 0.54169
1403638587.4778294563 -1.59675 -19.96881 -2.25791 0.22259 0.75550 -0.29393 0.54155
1403638587.5778295994 -1.57685 -19.84169 -2.25186 0.22169 0.75551 -0.29484 0.54141
1403638587.6778295040 -1.57397 -19.72519 -2.25339 0.22088 0.75529 -0.29503 0.54194
1403638587.7778294086 -1.55487 -19.59664 -2.25746 0.22082 0.75486 -0.29540 0.54236
1403638587.8778295517 -1.54798 -19.48296 -2.26943 0.21945 0.75471 -0.29600 0.54281
1403638587.9778294563 -1.52985 -19.35569 -2.28237 0.21924 0.75427 -0.29643 0.54327
1403638588.0778295994 -1.52859 -19.24950 -2.30127 0.21971 0.75421 -0.29489 0.54400
1403638588.1778295040 -1.51372 -19.12520 -2.32014 0.22622 0.75523 -0.29056 0.54225
1403638588.2778294086 -1.51654 -19.02384 -2.34193 0.22818 0.75656 -0.28768 0.54111
1403638588.3778295517 -1.50081 -18.89713 -2.35461 0.22875 0.75696 -0.28695 0.54069
1403638588.4778294563 -1.49929 -18.79445 -2.36217 0.22625 0.75728 -0.28743 0.54103
1403638588.5778295994 -1.48375 -18.66279 -2.35878 0.22384 0.75648 -0.28897 0.54233
1403638588.6778295040 -1.48028 -18.55093 -2.35114 0.22091 0.75604 -0.28980 0.54371
1403638588.7778294086 -1.46655 -18.41356 -2.33563 0.21946 0.75445 -0.29105 0.54584
1403638588.8778295517 -1.45602 -18.28629 -2.32710 0.21665 0.75406 -0.29308 0.54640
1403638588.9778294563 -1.44402 -18.14840 -2.32295 0.21693 0.75395 -0.29336 0.54630
1403638589.0778295994 -1.43346 -18.01996 -2.32938 0.21704 0.75444 -0.29350 0.54550
1403638589.1778295040 -1.42441 -17.88351 -2.33842 0.21862 0.75422 -0.29277 0.54557
1403638589.2778294086 -1.42091 -17.77036 -2.35426 0.21788 0.75355 -0.29252 0.54692
1403638589.3778295517 -1.41697 -17.64109 -2.36855 0.21794 0.75339 -0.29222 0.54728
1403638589.4778294563 -1.41708 -17.53940 -2.38137 0.21686 0.75464 -0.29254 0.54581
1403638589.5778295994 -1.41601 -17.41435 -2.38561 0.21602 0.75462 -0.29282 0.54602
1403638589.6778295040 -1.41483 -17.31232 -2.38393 0.21499 0.75563 -0.29256 0.54517
1403638589.7778294086 -1.41283 -17.18684 -2.37278 0.21512 0.75718 -0.29300 0.54272
1403638589.8778295517 -1.40501 -17.07873 -2.36593 0.21462 0.75807 -0.29380 0.54124
1403638589.9778294563 -1.40345 -16.95354 -2.36263 0.21489 0.75805 -0.29422 0.54094
1403638590.0778295994 -1.39305 -16.82866 -2.36690 0.21424 0.75826 -0.29488 0.54054
1403638590.1778295040 -1.39086 -16.70100 -2.37350 0.21485 0.75717 -0.29509 0.54171
1403638590.2778294086 -1.38415 -16.58717 -2.38595 0.21423 0.75668 -0.29545 0.54245
1403638590.3778295517 -1.38501 -16.46768 -2.40025 0.21427 0.75697 -0.29584 0.54182
1403638590.4778294563 -1.38578 -16.37347 -2.41856 0.21375 0.75789 -0.29582 0.54075
1403638590.5778295994 -1.38557 -16.26183 -2.43311 0.21248 0.75897 -0.29652 0.53935
1403638590.6778295040 -1.39077 -16.18613 -2.44181 0.20978 0.76102 -0.29721 0.53713
1403638590.7778294086 -1.38935 -16.08450 -2.43935 0.20881 0.76186 -0.29764 0.53608
1403638590.8778295517 -1.39560 -16.01320 -2.43235 0.20827 0.76306 -0.29726 0.53479
1403638590.9778294563 -1.39237 -15.91489 -2.41533 0.20683 0.76364 -0.29813 0.53403
1403638591.0778295994 -1.39630 -15.81931 -2.39793 0.20496 0.76467 -0.29930 0.53262
1403638591.1778295040 -1.38865 -15.71415 -2.38292 0.20377 0.76881 -0.30076 0.52627
1403638591.2778294086 -1.38870 -15.60883 -2.37801 0.20057 0.77471 -0.30307 0.51744
1403638591.3778295517 -1.38662 -15.51450 -2.37752 0.19662 0.77903 -0.30560 0.51094
1403638591.4778294563 -1.38092 -15.43042 -2.38205 0.19336 0.78181 -0.30758 0.50674
1403638591.5778295994 -1.36894 -15.35056 -2.39281 0.19009 0.78459 -0.30970 0.50237
1403638591.6778295040 -1.35056 -15.27261 -2.40770 0.18844 0.78491 -0.31057 0.50196
1403638591.7778294086 -1.32510 -15.19434 -2.42297 0.19016 0.78311 -0.30926 0.50491
1403638591.8778295517 -1.28736 -15.14412 -2.43502 0.19124 0.78084 -0.30831 0.50859
1403638591.9778294563 -1.24573 -15.10737 -2.44008 0.19205 0.77828 -0.30739 0.51275
1403638592.0778295994 -1.20563 -15.07808 -2.43662 0.19229 0.77592 -0.30591 0.51710
1403638592.1778295040 -1.15398 -15.05424 -2.42350 0.19053 0.77317 -0.30390 0.52302
1403638592.2778294086 -1.10720 -15.05708 -2.39923 0.18553 0.76816 -0.29796 0.53548
1403638592.3778295517 -1.06158 -15.07706 -2.36764 0.17639 0.76626 -0.28855 0.54632
1403638592.4778294563 -1.01927 -15.10300 -2.32879 0.16430 0.76963 -0.27439 0.55261
1403638592.5778295994 -0.98023 -15.12731 -2.28408 0.15594 0.77783 -0.26016 0.55044
1403638592.6778295040 -0.94120 -15.14238 -2.23359 0.14892 0.78588 -0.24904 0.54607
1403638592.7778294086 -0.90151 -15.15632 -2.18454 0.14336 0.79332 -0.24168 0.54008
1403638592.8778295517 -0.86078 -15.17222 -2.14146 0.13896 0.79857 -0.23717 0.53547
1403638592.9778294563 -0.81826 -15.18946 -2.10326 0.13806 0.80124 -0.23346 0.53334
1403638593.0778295994 -0.76928 -15.21013 -2.07050 0.13698 0.80205 -0.23216 0.53296
1403638593.1778295040 -0.71935 -15.23517 -2.03705 0.13716 0.80034 -0.23103 0.53597
1403638593.2778294086 -0.66163 -15.26515 -1.99768 0.14416 0.79721 -0.22712 0.54046
1403638593.3778295517 -0.60679 -15.29636 -1.95307 0.15336 0.79393 -0.22175 0.54496
1403638593.4778294563 -0.55228 -15.32649 -1.91088 0.16185 0.78934 -0.21749 0.55085
1403638593.5778295994 -0.49717 -15.35410 -1.87608 0.16661 0.78641 -0.21598 0.55422
1403638593.6778295040 -0.44225 -15.37778 -1.84840 0.16943 0.78504 -0.21554 0.55547
1403638593.7778294086 -0.38698 -15.39735 -1.82628 0.17102 0.78152 -0.21567 0.55988
1403638593.8778295517 -0.32675 -15.41573 -1.80296 0.16740 0.77105 -0.21521 0.57545
1403638593.9778294563 -0.27664 -15.42363 -1.77649 0.16136 0.76760 -0.21191 0.58297
1403638594.0778295994 -0.23302 -15.42736 -1.74739 0.15307 0.77313 -0.21013 0.57853
1403638594.1778295040 -0.19509 -15.42851 -1.71471 0.15078 0.77932 -0.20583 0.57233
1403638594.2778294086 -0.16099 -15.42794 -1.68457 0.15124 0.78181 -0.20119 0.57047
1403638594.3778295517 -0.12596 -15.42748 -1.65638 0.15384 0.78104 -0.19626 0.57252
1403638594.4778294563 -0.09904 -15.41891 -1.62570 0.15784 0.77976 -0.19080 0.57502
1403638594.5778295994 -0.07158 -15.40902 -1.58919 0.15223 0.77999 -0.19269 0.57560
1403638594.6778295040 -0.05418 -15.39016 -1.54814 0.14670 0.78023 -0.19593 0.57561
1403638594.7778294086 -0.03236 -15.37567 -1.51027 0.14446 0.78089 -0.19797 0.57458
1403638594.8778295517 -0.02352 -15.35370 -1.47992 0.14322 0.78066 -0.19964 0.57463
1403638594.9778294563 -0.00809 -15.33609 -1.45657 0.14417 0.78250 -0.20024 0.57167
1403638595.0778295994 0.00529 -15.31722 -1.44030 0.14271 0.78362 -0.20209 0.56985
1403638595.1778295040 0.01729 -15.29839 -1.43087 0.14249 0.78406 -0.20335 0.56885
1403638595.2778294086 0.02781 -15.27971 -1.42833 0.14298 0.78450 -0.20365 0.56801
1403638595.3778295517 0.02907 -15.25436 -1.43140 0.14293 0.78394 -0.20437 0.56854
1403638595.4778294563 0.03544 -15.23514 -1.43981 0.14296 0.78429 -0.20460 0.56797
1403638595.5778295994 0.04072 -15.21578 -1.45113 0.14295 0.78511 -0.20435 0.56693
1403638595.6778295040 0.04471 -15.19610 -1.45594 0.14532 0.78524 -0.20269 0.56673
1403638595.7778294086 0.04640 -15.17460 -1.45633 0.14954 0.78636 -0.19982 0.56511
1403638595.8778295517 0.04761 -15.15137 -1.46127 0.15079 0.78680 -0.19919 0.56439
1403638595.9778294563 0.04898 -15.12723 -1.48101 0.15320 0.78659 -0.19775 0.56454
1403638596.0778295994 0.06370 -15.09730 -1.50709 0.16096 0.78733 -0.19302 0.56298
1403638596.1778295040 0.06582 -15.06672 -1.53780 0.17214 0.78916 -0.18530 0.55969
1403638596.2778294086 0.06704 -15.02826 -1.56261 0.18374 0.79127 -0.17677 0.55576
1403638596.3778295517 0.08951 -14.97675 -1.57449 0.19348 0.79153 -0.16937 0.55440
1403638596.4778294563 0.09878 -14.91761 -1.58244 0.19899 0.79146 -0.16459 0.55400
1403638596.5778295994 0.12667 -14.84403 -1.57649 0.20604 0.79220 -0.15927 0.55190
1403638596.6778295040 0.14638 -14.75822 -1.56780 0.21358 0.79277 -0.15334 0.54989
1403638596.7778294086 0.17133 -14.65612 -1.55169 0.21744 0.79302 -0.14998 0.54894
1403638596.8778295517 0.21348 -14.53586 -1.52357 0.22129 0.79226 -0.14709 0.54929
1403638596.9778294563 0.24270 -14.39753 -1.50003 0.22309 0.79100 -0.14608 0.55064
1403638597.0778295994 0.29184 -14.24525 -1.47632 0.22610 0.78994 -0.14497 0.55123
1403638597.1778295040 0.34734 -14.07644 -1.45845 0.22874 0.78789 -0.14458 0.55318
1403638597.2778294086 0.40977 -13.88626 -1.44760 0.22681 0.78483 -0.14749 0.55754
1403638597.3778295517 0.48664 -13.67290 -1.44414 0.22288 0.78261 -0.15260 0.56086
1403638597.4778294563 0.56672 -13.45330 -1.44698 0.21512 0.77884 -0.15975 0.56710
1403638597.5778295994 0.63977 -13.23120 -1.45462 0.20273 0.77374 -0.16883 0.57595
1403638597.6778295040 0.70653 -13.00394 -1.46642 0.19820 0.77124 -0.17239 0.57982
1403638597.7778294086 0.77061 -12.76791 -1.48367 0.20202 0.77331 -0.16700 0.57731
1403638597.8778295517 0.83417 -12.51929 -1.50554 0.20612 0.77646 -0.15552 0.57484
1403638597.9778294563 0.89647 -12.25825 -1.53040 0.20735 0.77849 -0.14624 0.57408
1403638598.0778295994 0.96051 -11.98359 -1.55087 0.20077 0.77877 -0.14352 0.57672
1403638598.1778295040 1.02478 -11.69501 -1.56549 0.17940 0.77995 -0.15247 0.57987
1403638598.2778294086 1.08588 -11.39757 -1.57611 0.16218 0.78151 -0.16081 0.58058
1403638598.3778295517 1.14542 -11.09721 -1.58863 0.15154 0.78305 -0.16616 0.57988
1403638598.4778294563 1.20464 -10.79549 -1.60639 0.14768 0.78520 -0.16816 0.57739
1403638598.5778295994 1.26288 -10.49334 -1.63110 0.14327 0.78723 -0.16646 0.57623
1403638598.6778295040 1.32091 -10.19094 -1.66182 0.13963 0.78989 -0.15831 0.57578
1403638598.7778294086 1.37891 -9.88818 -1.69122 0.13202 0.79260 -0.14779 0.57664
1403638598.8778295517 1.43384 -9.58545 -1.71379 0.12361 0.79437 -0.13348 0.57955
1403638598.9778294563 1.48414 -9.28412 -1.73234 0.11433 0.79775 -0.11720 0.58033
1403638599.0778295994 1.53073 -8.98365 -1.74444 0.10284 0.80011 -0.10053 0.58236
1403638599.1778295040 1.57274 -8.68335 -1.74917 0.09136 0.80245 -0.08291 0.58383
1403638599.2778294086 1.61063 -8.38408 -1.74890 0.08073 0.80553 -0.06397 0.58354
1403638599.3778295517 1.64528 -8.08514 -1.74050 0.06839 0.80981 -0.04679 0.58081
1403638599.4778294563 1.67706 -7.78757 -1.72668 0.05938 0.81278 -0.03349 0.57857
1403638599.5778295994 1.70863 -7.49109 -1.71421 0.05385 0.81561 -0.02505 0.57555
1403638599.6778295040 1.73803 -7.19604 -1.70941 0.05015 0.81736 -0.02043 0.57358
1403638599.7778294086 1.76782 -6.90167 -1.71249 0.04883 0.81754 -0.01926 0.57347
1403638599.8778295517 1.80032 -6.60878 -1.72208 0.04674 0.81876 -0.02168 0.57181
1403638599.9778294563 1.83413 -6.31719 -1.73559 0.04281 0.81873 -0.02713 0.57193
1403638600.0778295994 1.87140 -6.02697 -1.75266 0.03619 0.81959 -0.03481 0.57074
1403638600.1778295040 1.91076 -5.74132 -1.77273 0.02378 0.82092 -0.04641 0.56866
1403638600.2778294086 1.94934 -5.46292 -1.79737 0.01338 0.82268 -0.05694 0.56549
1403638600.3778295517 1.99024 -5.19490 -1.82305 0.00540 0.82383 -0.06538 0.56302
1403638600.4778294563 2.03331 -4.94020 -1.84356 -0.00118 0.82480 -0.07171 0.56085
1403638600.5778295994 2.07906 -4.70158 -1.85336 0.00061 0.82538 -0.07222 0.55993
1403638600.6778295040 2.12606 -4.47850 -1.85523 -0.00263 0.82683 -0.07507 0.55742
1403638600.7778294086 2.17724 -4.27186 -1.84943 -0.00284 0.83066 -0.07489 0.55171
1403638600.8778295517 2.23245 -4.08222 -1.83762 0.00764 0.83488 -0.06610 0.54639
1403638600.9778294563 2.29170 -3.90628 -1.82780 0.02400 0.83756 -0.05257 0.54328
1403638601.0778295994 2.35678 -3.74065 -1.82335 0.03275 0.83830 -0.04431 0.54242
1403638601.1778295040 2.42793 -3.58139 -1.82372 0.04034 0.83715 -0.03757 0.54419
1403638601.2778294086 2.50652 -3.42607 -1.82722 0.04975 0.83095 -0.02948 0.55333
1403638601.3778295517 2.59344 -3.27340 -1.83215 0.04694 0.82607 -0.02511 0.56105
1403638601.4778294563 2.68465 -3.11997 -1.83303 0.03379 0.82196 -0.01991 0.56819
1403638601.5778295994 2.77802 -2.96654 -1.82757 0.02306 0.81788 -0.00515 0.57491
1403638601.6778295040 2.87165 -2.81231 -1.81764 0.01189 0.81627 0.01522 0.57735
1403638601.7778294086 2.96396 -2.65622 -1.80141 -0.00062 0.81461 0.04096 0.57856
1403638601.8778295517 3.05475 -2.49923 -1.77789 -0.01431 0.81097 0.07034 0.58067
1403638601.9778294563 3.14212 -2.34097 -1.75334 -0.02914 0.80895 0.09402 0.57958
1403638602.0778295994 3.22788 -2.18579 -1.73417 -0.04084 0.80812 0.11117 0.57699
1403638602.1778295040 3.31039 -2.03224 -1.72114 -0.04682 0.80408 0.12720 0.57886
1403638602.2778294086 3.38844 -1.87681 -1.71386 -0.05441 0.79777 0.14518 0.58269
1403638602.3778295517 3.46147 -1.71942 -1.70643 -0.07681 0.78725 0.15859 0.59092
1403638602.4778294563 3.52554 -1.56094 -1.68834 -0.11124 0.76548 0.16653 0.61150
1403638602.5778295994 3.57685 -1.40858 -1.66246 -0.14613 0.74404 0.17294 0.62860
1403638602.6778295040 3.61240 -1.27087 -1.63125 -0.16702 0.73434 0.18714 0.63074
1403638602.7778294086 3.62960 -1.14802 -1.59463 -0.17845 0.73083 0.20720 0.62539
1403638602.8778295517 3.63123 -1.03910 -1.55366 -0.19008 0.72832 0.22720 0.61791
1403638602.9778294563 3.61762 -0.94274 -1.51056 -0.21047 0.72925 0.24282 0.60410
1403638603.0778295994 3.59253 -0.85910 -1.47039 -0.22986 0.72494 0.25796 0.59589
1403638603.1778295040 3.56020 -0.79424 -1.43645 -0.24260 0.71813 0.27289 0.59242
1403638603.2778294086 3.51702 -0.74937 -1.41459 -0.24195 0.72608 0.28991 0.57465
1403638603.3778295517 3.46569 -0.72262 -1.40204 -0.23657 0.73920 0.30407 0.55241
1403638603.4778294563 3.41137 -0.70807 -1.39527 -0.23459 0.74742 0.31165 0.53778
1403638603.5778295994 3.35791 -0.69955 -1.39162 -0.23731 0.74466 0.31735 0.53707
1403638603.6778295040 3.30702 -0.69710 -1.39346 -0.24092 0.73607 0.32174 0.54465
1403638603.7778294086 3.25081 -0.67855 -1.40378 -0.23479 0.72724 0.32872 0.55493
1403638603.8778295517 3.19749 -0.68430 -1.41977 -0.22943 0.71883 0.33526 0.56413
1403638603.9778294563 3.13916 -0.68924 -1.44146 -0.22561 0.71134 0.33943 0.57261
1403638604.0778295994 3.06530 -0.67826 -1.46878 -0.21976 0.70775 0.34237 0.57756
1403638604.1778295040 2.98896 -0.67984 -1.48994 -0.21961 0.70668 0.34396 0.57799
1403638604.2778294086 2.89170 -0.67391 -1.50428 -0.22631 0.71054 0.34024 0.57285
1403638604.3778295517 2.78825 -0.68048 -1.51224 -0.23261 0.71790 0.33738 0.56275
1403638604.4778294563 2.67519 -0.68600 -1.51381 -0.23099 0.72569 0.33885 0.55244
1403638604.5778295994 2.55802 -0.69081 -1.51030 -0.22931 0.73034 0.33998 0.54628
1403638604.6778295040 2.43742 -0.69581 -1.51131 -0.23216 0.73354 0.33820 0.54188
1403638604.7778294086 2.31724 -0.70538 -1.51715 -0.23659 0.73540 0.33544 0.53916
1403638604.8778295517 2.19908 -0.71810 -1.52288 -0.23808 0.73846 0.33474 0.53474
1403638604.9778294563 2.08178 -0.73314 -1.52513 -0.23615 0.74441 0.33638 0.52625
1403638605.0778295994 1.96673 -0.74997 -1.52017 -0.23421 0.75076 0.33824 0.51682
1403638605.1778295040 1.85615 -0.76380 -1.50694 -0.23220 0.75463 0.34017 0.51079
1403638605.2778294086 1.75372 -0.77578 -1.49072 -0.22895 0.75525 0.34304 0.50942
1403638605.3778295517 1.65779 -0.78577 -1.47799 -0.22339 0.75027 0.34768 0.51605
1403638605.4778294563 1.55964 -0.78016 -1.46925 -0.21577 0.74023 0.35331 0.52979
1403638605.5778295994 1.46643 -0.78550 -1.46594 -0.21071 0.73154 0.35790 0.54070
1403638605.6778295040 1.36818 -0.78747 -1.46737 -0.20668 0.72549 0.36147 0.54799
1403638605.7778294086 1.26258 -0.78424 -1.46567 -0.20565 0.72434 0.36279 0.54902
1403638605.8778295517 1.14742 -0.76583 -1.45373 -0.20287 0.72432 0.36438 0.54902
1403638605.9778294563 1.02678 -0.74912 -1.43545 -0.19919 0.72347 0.36640 0.55015
1403638606.0778295994 0.89798 -0.71868 -1.41859 -0.19656 0.72362 0.36705 0.55046
1403638606.1778295040 0.75933 -0.69241 -1.40892 -0.19346 0.72330 0.36866 0.55090
1403638606.2778294086 0.61620 -0.65171 -1.40594 -0.19136 0.72453 0.36895 0.54983
1403638606.3778295517 0.46108 -0.61280 -1.41257 -0.19743 0.73292 0.36417 0.53966
1403638606.4778294563 0.30421 -0.56516 -1.42537 -0.20602 0.74304 0.35752 0.52691
1403638606.5778295994 0.14843 -0.51094 -1.44396 -0.21334 0.75156 0.35292 0.51487
1403638606.6778295040 -0.00197 -0.44870 -1.46671 -0.21900 0.75479 0.35512 0.50618
1403638606.7778294086 -0.14568 -0.37925 -1.49362 -0.22396 0.75491 0.36448 0.49710
1403638606.8778295517 -0.28296 -0.30308 -1.52197 -0.23261 0.75151 0.37741 0.48855
1403638606.9778294563 -0.41494 -0.21814 -1.54472 -0.24354 0.74456 0.39317 0.48139
1403638607.0778295994 -0.53749 -0.12647 -1.55735 -0.25759 0.73604 0.40794 0.47485
1403638607.1778295040 -0.65170 -0.02867 -1.56104 -0.27402 0.72639 0.41534 0.47410
1403638607.2778294086 -0.75813 0.07224 -1.56309 -0.28772 0.71279 0.42011 0.48234
1403638607.3778295517 -0.86015 0.17427 -1.57272 -0.30045 0.70425 0.42046 0.48680
1403638607.4778294563 -0.95683 0.27559 -1.59052 -0.30639 0.70116 0.42178 0.48642
1403638607.5778295994 -1.04933 0.37371 -1.61493 -0.30848 0.70015 0.42324 0.48528
1403638607.6778295040 -1.13640 0.46869 -1.64293 -0.31024 0.69843 0.42336 0.48652
1403638607.7778294086 -1.21754 0.56149 -1.67408 -0.30877 0.69698 0.42391 0.48906
1403638607.8778295517 -1.29352 0.65119 -1.70935 -0.31015 0.69921 0.42192 0.48672
1403638607.9778294563 -1.36848 0.73937 -1.74928 -0.31254 0.70359 0.41854 0.48178
1403638608.0778295994 -1.42987 0.82377 -1.79228 -0.31345 0.70229 0.41615 0.48513
1403638608.1778295040 -1.48467 0.90303 -1.83991 -0.30978 0.69924 0.41670 0.49139
1403638608.2778294086 -1.54438 0.98208 -1.89187 -0.30841 0.69459 0.41605 0.49933
1403638608.3778295517 -1.58797 1.04927 -1.94774 -0.30896 0.68865 0.41515 0.50789
1403638608.4778294563 -1.64159 1.11720 -2.01039 -0.30922 0.68849 0.41482 0.50823
1403638608.5778295994 -1.67823 1.17064 -2.07784 -0.30791 0.68988 0.41580 0.50632
1403638608.6778295040 -1.72897 1.22750 -2.14247 -0.31352 0.68700 0.41196 0.50993
1403638608.7778294086 -1.76185 1.26735 -2.20238 -0.31444 0.68696 0.41204 0.50935
1403638608.8778295517 -1.79661 1.30357 -2.25659 -0.31354 0.69028 0.41367 0.50407
1403638608.9778294563 -1.84517 1.33971 -2.30280 -0.31283 0.69439 0.41455 0.49811
1403638609.0778295994 -1.88398 1.36944 -2.34183 -0.31241 0.69709 0.41519 0.49405
1403638609.1778295040 -1.92454 1.39757 -2.37495 -0.31439 0.69750 0.41390 0.49329
1403638609.2778294086 -1.96679 1.42258 -2.40865 -0.32239 0.69753 0.40821 0.49283
1403638609.3778295517 -2.00684 1.44266 -2.44981 -0.32125 0.69777 0.40867 0.49285
1403638609.4778294563 -2.04310 1.46040 -2.49790 -0.31751 0.69790 0.41078 0.49333
1403638609.5778295994 -2.07722 1.47245 -2.55262 -0.31402 0.69793 0.41270 0.49392
1403638609.6778295040 -2.11005 1.48897 -2.61276 -0.31175 0.69709 0.41414 0.49534
1403638609.7778294086 -2.13943 1.49606 -2.67336 -0.31052 0.69721 0.41484 0.49536
1403638609.8778295517 -2.16803 1.51106 -2.72702 -0.31078 0.69758 0.41449 0.49498
1403638609.9778294563 -2.19355 1.51431 -2.77272 -0.31161 0.69711 0.41362 0.49584
1403638610.0778295994 -2.21550 1.52352 -2.80981 -0.31477 0.69495 0.41111 0.49896
1403638610.1778295040 -2.23634 1.52172 -2.84259 -0.31573 0.69187 0.41023 0.50334
1403638610.2778294086 -2.25650 1.51615 -2.87961 -0.31801 0.69058 0.40821 0.50530
1403638610.3778295517 -2.27564 1.50605 -2.92294 -0.31876 0.69024 0.40753 0.50585
1403638610.4778294563 -2.29213 1.49739 -2.97102 -0.31871 0.68873 0.40704 0.50833
1403638610.5778295994 -2.30959 1.47714 -3.02217 -0.32136 0.68346 0.40486 0.51546
1403638610.6778295040 -2.32896 1.44901 -3.07377 -0.32564 0.67833 0.40170 0.52197
1403638610.7778294086 -2.35127 1.40945 -3.12331 -0.32330 0.68371 0.40431 0.51434
1403638610.8778295517 -2.37393 1.36399 -3.16508 -0.31965 0.69016 0.40814 0.50490
1403638610.9778294563 -2.39510 1.33031 -3.19724 -0.31993 0.69072 0.40851 0.50366
1403638611.0778295994 -2.41254 1.28899 -3.22989 -0.32282 0.68797 0.40678 0.50697
1403638611.1778295040 -2.42895 1.23240 -3.26875 -0.32420 0.68698 0.40694 0.50730
1403638611.2778294086 -2.44516 1.17075 -3.30791 -0.32365 0.68660 0.40791 0.50739
1403638611.3778295517 -2.46166 1.10173 -3.34209 -0.31718 0.68425 0.41237 0.51103
1403638611.4778294563 -2.48301 1.03922 -3.36922 -0.30449 0.68024 0.42035 0.51757
1403638611.5778295994 -2.50315 0.96330 -3.38946 -0.29568 0.67987 0.42553 0.51892
1403638611.6778295040 -2.53644 0.89706 -3.40445 -0.29362 0.68248 0.42594 0.51631
1403638611.7778294086 -2.57027 0.83240 -3.42233 -0.29908 0.68846 0.42174 0.50864
1403638611.8778295517 -2.60197 0.75726 -3.44567 -0.30448 0.69403 0.41729 0.50149
1403638611.9778294563 -2.63530 0.69336 -3.47328 -0.30690 0.69764 0.41478 0.49706
1403638612.0778295994 -2.66480 0.63170 -3.49863 -0.30603 0.69985 0.41462 0.49462
1403638612.1778295040 -2.69236 0.55851 -3.51610 -0.30751 0.70105 0.41301 0.49333
1403638612.2778294086 -2.71625 0.49879 -3.52475 -0.30768 0.70134 0.41245 0.49330
1403638612.3778295517 -2.73722 0.42848 -3.52714 -0.30607 0.70088 0.41300 0.49449
1403638612.4778294563 -2.75643 0.36691 -3.53289 -0.30501 0.69996 0.41238 0.49696
1403638612.5778295994 -2.77415 0.29799 -3.54460 -0.30208 0.69777 0.41291 0.50137
1403638612.6778295040 -2.79125 0.23011 -3.56279 -0.29621 0.69587 0.41534 0.50548
1403638612.7778294086 -2.80939 0.17187 -3.58771 -0.29291 0.69525 0.41531 0.50828
1403638612.8778295517 -2.82917 0.10599 -3.61142 -0.29311 0.69404 0.41301 0.51168
1403638612.9778294563 -2.85298 0.04766 -3.63264 -0.29363 0.69495 0.41104 0.51174
1403638613.0778295994 -2.87737 -0.01477 -3.64489 -0.29432 0.69773 0.40981 0.50853
1403638613.1778295040 -2.90379 -0.07782 -3.64985 -0.29394 0.70016 0.40952 0.50563
1403638613.2778294086 -2.92913 -0.13272 -3.64893 -0.29286 0.70091 0.40995 0.50489
1403638613.3778295517 -2.95587 -0.19230 -3.64003 -0.29219 0.70045 0.41044 0.50551
1403638613.4778294563 -2.98251 -0.24694 -3.63519 -0.29257 0.70019 0.40957 0.50635
1403638613.5778295994 -3.01084 -0.30270 -3.63380 -0.29182 0.70139 0.40517 0.50865
1403638613.6778295040 -3.03964 -0.35708 -3.63867 -0.29571 0.70197 0.39844 0.51092
1403638613.7778294086 -3.06609 -0.41065 -3.65310 -0.29930 0.70085 0.39101 0.51609
1403638613.8778295517 -3.09395 -0.46604 -3.67213 -0.29620 0.70290 0.38283 0.52119
1403638613.9778294563 -3.11884 -0.53071 -3.69999 -0.28839 0.70901 0.37301 0.52440
1403638614.0778295994 -3.14536 -0.59749 -3.73226 -0.27626 0.71708 0.36119 0.52822
1403638614.1778295040 -3.17307 -0.66552 -3.76467 -0.26144 0.72728 0.34819 0.53054
1403638614.2778294086 -3.20221 -0.73865 -3.79132 -0.25046 0.73601 0.33459 0.53254
1403638614.3778295517 -3.23228 -0.81421 -3.81307 -0.24198 0.74253 0.32510 0.53329
1403638614.4778294563 -3.26331 -0.88895 -3.82604 -0.23865 0.74708 0.31619 0.53380
1403638614.5778295994 -3.29532 -0.96465 -3.83093 -0.23486 0.75135 0.30779 0.53440
1403638614.6778295040 -3.32522 -1.04087 -3.82955 -0.23201 0.75623 0.29568 0.53560
1403638614.7778294086 -3.35425 -1.11835 -3.81878 -0.23034 0.76579 0.27880 0.53177
1403638614.8778295517 -3.38258 -1.20117 -3.80062 -0.22291 0.77656 0.26090 0.52838
1403638614.9778294563 -3.40470 -1.28481 -3.77605 -0.20982 0.78540 0.24143 0.52994
1403638615.0778295994 -3.42130 -1.37218 -3.74784 -0.19170 0.79236 0.22034 0.53560
1403638615.1778295040 -3.43291 -1.46362 -3.71514 -0.17010 0.79536 0.19799 0.54706
1403638615.2778294086 -3.44082 -1.55844 -3.67834 -0.14492 0.79729 0.17639 0.55877
1403638615.3778295517 -3.44791 -1.65505 -3.64571 -0.12352 0.80048 0.15082 0.56677
1403638615.4778294563 -3.45404 -1.75180 -3.61851 -0.10323 0.80308 0.12479 0.57344
1403638615.5778295994 -3.46065 -1.84858 -3.59731 -0.08615 0.80598 0.10033 0.57698
1403638615.6778295040 -3.46795 -1.94544 -3.57938 -0.07297 0.80777 0.08297 0.57904
1403638615.7778294086 -3.47539 -2.04004 -3.55648 -0.06538 0.80885 0.07054 0.58009
1403638615.8778295517 -3.48531 -2.13550 -3.52646 -0.06034 0.80987 0.05880 0.58053
1403638615.9778294563 -3.49590 -2.23257 -3.49799 -0.05337 0.81120 0.04697 0.58043
1403638616.0778295994 -3.50727 -2.33175 -3.47541 -0.04472 0.81158 0.03481 0.58149
1403638616.1778295040 -3.52151 -2.43544 -3.46473 -0.03528 0.81250 0.02084 0.58152
1403638616.2778294086 -3.53722 -2.53982 -3.47132 -0.02494 0.81316 0.00271 0.58150
1403638616.3778295517 -3.55683 -2.64474 -3.49330 -0.01184 0.81346 -0.01664 0.58126
1403638616.4778294563 -3.57925 -2.74951 -3.52333 -0.00136 0.81356 -0.03466 0.58045
1403638616.5778295994 -3.60378 -2.85459 -3.55678 0.00789 0.81487 -0.04725 0.57765
1403638616.6778295040 -3.63032 -2.96172 -3.59356 0.01349 0.81921 -0.05699 0.57050
1403638616.7778294086 -3.65403 -3.06996 -3.63501 0.01007 0.82739 -0.06727 0.55750
1403638616.8778295517 -3.67127 -3.18104 -3.67658 0.00577 0.83290 -0.07390 0.54844
1403638616.9778294563 -3.68033 -3.30064 -3.70949 0.01059 0.83098 -0.07115 0.55163
1403638617.0778295994 -3.68061 -3.42477 -3.73193 0.01586 0.82727 -0.06575 0.55771
1403638617.1778295040 -3.67707 -3.55028 -3.74493 0.02161 0.82439 -0.05858 0.56256
1403638617.2778294086 -3.67031 -3.67420 -3.75179 0.02304 0.82680 -0.05383 0.55945
1403638617.3778295517 -3.66069 -3.79758 -3.75293 0.02249 0.83086 -0.05093 0.55368
1403638617.4778294563 -3.64712 -3.91920 -3.74622 0.02208 0.83367 -0.04769 0.54976
1403638617.5778295994 -3.62898 -4.04048 -3.73186 0.02182 0.83442 -0.04469 0.54888
1403638617.6778295040 -3.60608 -4.16172 -3.70974 0.02282 0.83306 -0.04064 0.55121
1403638617.7778294086 -3.57046 -4.27603 -3.67970 0.02306 0.83152 -0.03791 0.55372
1403638617.8778295517 -3.53868 -4.39505 -3.64366 0.02396 0.83157 -0.03443 0.55384
1403638617.9778294563 -3.50292 -4.51402 -3.60361 0.02173 0.83050 -0.03372 0.55557
1403638618.0778295994 -3.46138 -4.62928 -3.56843 0.02085 0.83014 -0.03222 0.55623
1403638618.1778295040 -3.41377 -4.73833 -3.53995 0.01847 0.83028 -0.03201 0.55612
1403638618.2778294086 -3.36039 -4.84030 -3.51736 0.01905 0.83029 -0.03056 0.55616
1403638618.3778295517 -3.30577 -4.93742 -3.49923 0.01913 0.82954 -0.02959 0.55733
1403638618.4778294563 -3.24676 -5.03384 -3.48386 0.01898 0.82965 -0.02841 0.55723
1403638618.5778295994 -3.18543 -5.12056 -3.47020 0.02055 0.82862 -0.02777 0.55875
1403638618.6778295040 -3.12082 -5.21696 -3.45856 0.02434 0.82842 -0.03087 0.55873
1403638618.7778294086 -3.05285 -5.29480 -3.44333 0.02735 0.82762 -0.03428 0.55957
1403638618.8778295517 -2.98145 -5.36982 -3.42259 0.03077 0.82576 -0.03779 0.56191
1403638618.9778294563 -2.90777 -5.44356 -3.40045 0.03711 0.82143 -0.04687 0.56717
1403638619.0778295994 -2.83376 -5.51681 -3.38616 0.04923 0.81754 -0.06072 0.57054
1403638619.1778295040 -2.75987 -5.58834 -3.38005 0.06291 0.81360 -0.07975 0.57248
1403638619.2778294086 -2.68600 -5.65685 -3.38181 0.07694 0.80922 -0.10400 0.57309
1403638619.3778295517 -2.61413 -5.72242 -3.39382 0.09317 0.80423 -0.12871 0.57268
1403638619.4778294563 -2.54439 -5.78364 -3.41091 0.10386 0.79947 -0.15013 0.57230
1403638619.5778295994 -2.47500 -5.84188 -3.43010 0.11056 0.79536 -0.16606 0.57236
1403638619.6778295040 -2.40704 -5.89862 -3.45305 0.10700 0.79140 -0.18260 0.57350
1403638619.7778294086 -2.34143 -5.95652 -3.47830 0.10357 0.78856 -0.19425 0.57420
1403638619.8778295517 -2.27863 -6.01814 -3.50518 0.10340 0.78616 -0.20077 0.57528
1403638619.9778294563 -2.22200 -6.08680 -3.53459 0.10473 0.78525 -0.20445 0.57499
1403638620.0778295994 -2.16741 -6.15680 -3.56262 0.10705 0.78254 -0.20606 0.57768
1403638620.1778295040 -2.12324 -6.23314 -3.58423 0.11172 0.77948 -0.20495 0.58132
1403638620.2778294086 -2.07832 -6.31162 -3.59853 0.11452 0.78001 -0.20379 0.58047
1403638620.3778295517 -2.04876 -6.39138 -3.60520 0.11727 0.78147 -0.20174 0.57866
1403638620.4778294563 -2.01317 -6.47325 -3.60496 0.11848 0.78261 -0.19966 0.57761
1403638620.5778295994 -1.99427 -6.55617 -3.60657 0.11804 0.78402 -0.19812 0.57630
1403638620.6778295040 -1.97767 -6.64026 -3.61354 0.11510 0.78659 -0.19804 0.57341
1403638620.7778294086 -1.94571 -6.73001 -3.62546 0.11156 0.78999 -0.19843 0.56929
1403638620.8778295517 -1.93666 -6.81923 -3.64205 0.11470 0.79330 -0.19401 0.56558
1403638620.9778294563 -1.92760 -6.90914 -3.66147 0.11927 0.79401 -0.18812 0.56563
1403638621.0778295994 -1.89027 -7.00746 -3.68088 0.12315 0.79251 -0.18308 0.56854
1403638621.1778295040 -1.88409 -7.09849 -3.69733 0.12181 0.79132 -0.18121 0.57108
1403638621.2778294086 -1.83756 -7.19876 -3.70422 0.12233 0.79022 -0.17872 0.57327
1403638621.3778295517 -1.82779 -7.28901 -3.70854 0.12397 0.79119 -0.17573 0.57250
1403638621.4778294563 -1.76939 -7.39212 -3.71495 0.12484 0.78946 -0.17378 0.57531
1403638621.5778295994 -1.76086 -7.47896 -3.72960 0.12481 0.78733 -0.17166 0.57884
1403638621.6778295040 -1.75610 -7.56095 -3.74899 0.12443 0.78638 -0.17064 0.58053
1403638621.7778294086 -1.68981 -7.66605 -3.76904 0.12561 0.78484 -0.16951 0.58268
1403638621.8778295517 -1.69160 -7.74211 -3.79550 0.12755 0.78140 -0.16764 0.58740
1403638621.9778294563 -1.69913 -7.81424 -3.82528 0.12797 0.77884 -0.16695 0.59089
1403638622.0778295994 -1.63769 -7.91343 -3.85498 0.12682 0.77851 -0.16835 0.59118
1403638622.1778295040 -1.64733 -7.98003 -3.89116 0.12365 0.77948 -0.17029 0.59003
1403638622.2778294086 -1.66693 -8.04119 -3.92365 0.12081 0.77876 -0.17264 0.59088
1403638622.3778295517 -1.69388 -8.09976 -3.94990 0.12139 0.77972 -0.17318 0.58933
1403638622.4778294563 -1.66117 -8.16549 -3.96316 0.12570 0.78053 -0.17207 0.58768
1403638622.5778295994 -1.69809 -8.22268 -3.97478 0.12906 0.78033 -0.17075 0.58759
1403638622.6778295040 -1.68966 -8.26872 -3.97510 0.13383 0.77614 -0.16938 0.59246
1403638622.7778294086 -1.73688 -8.31460 -3.96598 0.13673 0.76484 -0.16772 0.60679
1403638622.8778295517 -1.73781 -8.34938 -3.94915 0.13928 0.75997 -0.16745 0.61238
1403638622.9778294563 -1.76855 -8.36763 -3.93518 0.13836 0.76366 -0.17016 0.60723
1403638623.0778295994 -1.82990 -8.39648 -3.92881 0.13448 0.77017 -0.17380 0.59879
1403638623.1778295040 -1.90081 -8.41584 -3.92784 0.12934 0.77402 -0.17767 0.59380
1403638623.2778294086 -1.96991 -8.39564 -3.93109 0.12704 0.77706 -0.18048 0.58946
1403638623.3778295517 -2.04975 -8.41609 -3.93946 0.12455 0.77967 -0.18226 0.58599
1403638623.4778294563 -2.13666 -8.37092 -3.95097 0.12636 0.78090 -0.18268 0.58382
1403638623.5778295994 -2.22438 -8.38181 -3.96054 0.12767 0.78105 -0.18202 0.58355
1403638623.6778295040 -2.32309 -8.32277 -3.96266 0.13045 0.78100 -0.18209 0.58298
1403638623.7778294086 -2.42078 -8.32453 -3.95804 0.13265 0.78200 -0.18193 0.58119
1403638623.8778295517 -2.52271 -8.32440 -3.94934 0.13403 0.78313 -0.18207 0.57931
1403638623.9778294563 -2.63575 -8.25146 -3.94319 0.13698 0.78363 -0.18323 0.57757
1403638624.0778295994 -2.74520 -8.24202 -3.94323 0.13529 0.78386 -0.18602 0.57677
1403638624.1778295040 -2.86189 -8.18558 -3.94854 0.13375 0.78313 -0.18882 0.57721
1403638624.2778294086 -2.97651 -8.17147 -3.95887 0.13168 0.78273 -0.19145 0.57735
1403638624.3778295517 -3.09154 -8.15439 -3.97295 0.13134 0.78216 -0.19323 0.57761
1403638624.4778294563 -3.21245 -8.09508 -3.99119 0.13356 0.78137 -0.19374 0.57800
1403638624.5778295994 -3.33358 -8.07412 -4.01186 0.12918 0.77284 -0.19825 0.58884
1403638624.6778295040 -3.45903 -8.05230 -4.03494 0.13107 0.76852 -0.19586 0.59484
1403638624.7778294086 -3.59307 -8.00206 -4.05477 0.13641 0.77430 -0.18643 0.58914
1403638624.8778295517 -3.73091 -7.97340 -4.06762 0.13780 0.78067 -0.17851 0.58284
1403638624.9778294563 -3.87733 -7.92949 -4.07351 0.13074 0.78367 -0.17657 0.58103
1403638625.0778295994 -4.02591 -7.89385 -4.07866 0.12316 0.78450 -0.17553 0.58188
1403638625.1778295040 -4.17196 -7.85990 -4.08917 0.11683 0.78543 -0.17572 0.58188
1403638625.2778294086 -4.32599 -7.83032 -4.10310 0.11467 0.78615 -0.17398 0.58184
1403638625.3778295517 -4.47572 -7.79710 -4.11823 0.11358 0.78632 -0.17299 0.58212
1403638625.4778294563 -4.63467 -7.77506 -4.12685 0.11229 0.78565 -0.17232 0.58348
1403638625.5778295994 -4.78822 -7.74253 -4.13069 0.11299 0.78622 -0.17168 0.58277
1403638625.6778295040 -4.94260 -7.71160 -4.12721 0.11308 0.78784 -0.17172 0.58054
1403638625.7778294086 -5.10823 -7.69754 -4.12163 0.11126 0.79232 -0.17260 0.57450
1403638625.8778295517 -5.26445 -7.66784 -4.12079 0.11143 0.79497 -0.17317 0.57063
1403638625.9778294563 -5.42745 -7.65910 -4.12293 0.11200 0.79531 -0.17292 0.57012
1403638626.0778295994 -5.58372 -7.63426 -4.13151 0.11040 0.79658 -0.17479 0.56809
1403638626.1778295040 -5.74085 -7.63165 -4.14296 0.11011 0.79694 -0.17481 0.56764
1403638626.2778294086 -5.89576 -7.61232 -4.15968 0.11311 0.79546 -0.17342 0.56954
1403638626.3778295517 -6.05197 -7.61673 -4.17807 0.12054 0.79361 -0.16772 0.57230
1403638626.4778294563 -6.20543 -7.59850 -4.20056 0.12303 0.79240 -0.16554 0.57408
1403638626.5778295994 -6.36078 -7.60462 -4.22367 0.12296 0.79482 -0.16418 0.57113
1403638626.6778295040 -6.51393 -7.58421 -4.24696 0.12167 0.79675 -0.16467 0.56856
1403638626.7778294086 -6.66513 -7.56295 -4.26613 0.11891 0.80069 -0.16655 0.56305
1403638626.8778295517 -6.81068 -7.56386 -4.27470 0.11787 0.80349 -0.16611 0.55939
1403638626.9778294563 -6.94557 -7.56474 -4.27578 0.11675 0.80450 -0.16601 0.55820
1403638627.0778295994 -7.08481 -7.54415 -4.27948 0.11615 0.80459 -0.16569 0.55829
1403638627.1778295040 -7.20870 -7.54734 -4.28526 0.11502 0.80465 -0.16533 0.55855
1403638627.2778294086 -7.34262 -7.52834 -4.29563 0.11641 0.80467 -0.16408 0.55861
1403638627.3778295517 -7.47235 -7.51080 -4.30817 0.11852 0.80408 -0.16225 0.55954
1403638627.4778294563 -7.59912 -7.49352 -4.32388 0.11873 0.80447 -0.16200 0.55901
1403638627.5778295994 -7.72327 -7.47591 -4.34063 0.12002 0.80328 -0.16159 0.56056
1403638627.6778295040 -7.82564 -7.48412 -4.35583 0.12177 0.80040 -0.16052 0.56459
1403638627.7778294086 -7.94539 -7.46533 -4.37372 0.12360 0.79847 -0.15961 0.56717
1403638627.8778295517 -8.06455 -7.44518 -4.39232 0.12456 0.79777 -0.15962 0.56795
1403638627.9778294563 -8.18338 -7.42360 -4.41143 0.12489 0.79973 -0.15982 0.56506
1403638628.0778295994 -8.27579 -7.42226 -4.42748 0.12557 0.80107 -0.15999 0.56296
1403638628.1778295040 -8.38538 -7.39662 -4.44272 0.12667 0.80160 -0.16059 0.56178
1403638628.2778294086 -8.49859 -7.37094 -4.45611 0.12679 0.80179 -0.16130 0.56128
1403638628.3778295517 -8.58249 -7.36529 -4.46561 0.12517 0.80259 -0.16268 0.56011
1403638628.4778294563 -8.67831 -7.33734 -4.47334 0.11931 0.79963 -0.16720 0.56426
1403638628.5778295994 -8.78087 -7.31005 -4.47751 0.11138 0.79222 -0.17254 0.57464
1403638628.6778295040 -8.88885 -7.28447 -4.48098 0.10587 0.78800 -0.17632 0.58031
1403638628.7778294086 -8.97414 -7.27872 -4.48681 0.10741 0.78948 -0.17557 0.57824
1403638628.8778295517 -9.07132 -7.25907 -4.49833 0.11189 0.79013 -0.17296 0.57729
1403638628.9778294563 -9.17834 -7.24205 -4.51293 0.11677 0.79086 -0.17015 0.57616
1403638629.0778295994 -9.29071 -7.22599 -4.52528 0.12148 0.79209 -0.16683 0.57447
1403638629.1778295040 -9.38028 -7.21964 -4.53490 0.12375 0.79366 -0.16480 0.57239
1403638629.2778294086 -9.47645 -7.20164 -4.54083 0.12434 0.79400 -0.16409 0.57200
1403638629.3778295517 -9.56352 -7.19161 -4.54584 0.12501 0.79758 -0.16428 0.56679
1403638629.4778294563 -9.65442 -7.16717 -4.54956 0.12352 0.80207 -0.16629 0.56016
1403638629.5778295994 -9.65657 -7.13597 -4.55074 0.12035 0.80555 -0.16959 0.55483
1403638629.6778295040 -9.67241 -7.12821 -4.55081 0.10939 0.80380 -0.17787 0.55705
1403638629.7778294086 -9.72400 -7.11418 -4.55015 0.10281 0.79844 -0.18305 0.56428
1403638629.8778295517 -9.80037 -7.10003 -4.55346 0.10126 0.79213 -0.18443 0.57294
1403638629.9778294563 -9.88737 -7.08968 -4.56506 0.11224 0.78673 -0.17739 0.58051
1403638630.0778295994 -9.98184 -7.07821 -4.58679 0.12131 0.78332 -0.17118 0.58514
1403638630.1778295040 -10.07843 -7.06180 -4.61848 0.12575 0.78622 -0.16797 0.58123
1403638630.2778294086 -10.18136 -7.04712 -4.65655 0.12655 0.79079 -0.16745 0.57498
1403638630.3778295517 -10.27870 -7.02673 -4.68563 0.12216 0.81047 -0.16904 0.54740
1403638630.4778294563 -10.36853 -7.00880 -4.67754 0.12225 0.79225 -0.16692 0.57405
1403638630.5778295994 -10.46083 -6.99143 -4.68219 0.12193 0.79150 -0.16806 0.57482
1403638630.6778295040 -10.55707 -6.97601 -4.70776 0.11882 0.81077 -0.16561 0.54873
1403638630.7778294086 -10.66353 -6.96713 -4.71767 0.12129 0.81781 -0.16001 0.53933
1403638630.8778295517 -10.77565 -6.94782 -4.72742 0.11669 0.81643 -0.16106 0.54210
1403638630.9778294563 -10.88668 -6.93024 -4.73551 0.11692 0.81628 -0.16135 0.54220
1403638631.0778295994 -11.00097 -6.91250 -4.74407 0.11761 0.81635 -0.16090 0.54208
1403638631.1778295040 -11.11663 -6.89495 -4.75266 0.11753 0.81637 -0.16115 0.54199
1403638631.2778294086 -11.23426 -6.87721 -4.76109 0.11742 0.81643 -0.16114 0.54193
1403638631.3778295517 -11.35301 -6.85964 -4.76937 0.11714 0.81649 -0.16133 0.54184
1403638631.4778294563 -11.47272 -6.84225 -4.77751 0.11689 0.81641 -0.16161 0.54193
1403638631.5778295994 -11.59393 -6.82514 -4.78577 0.11676 0.81639 -0.16169 0.54198
1403638631.6778295040 -11.71592 -6.80855 -4.79383 0.11640 0.81637 -0.16208 0.54196
