1403638523.0778295994 0.02701 0.00544 0.35505 -0.07286 0.80750 0.01764 0.58509
1403638523.1778295040 0.03116 -0.00028 0.38836 -0.07259 0.80721 0.01809 0.58551
1403638523.2778294086 0.02953 -0.00850 0.38117 -0.06338 0.80494 0.01792 0.58969
1403638523.3778295517 0.02799 -0.01446 0.34924 -0.05893 0.80388 0.01710 0.59162
1403638523.4778294563 0.02619 -0.02009 0.30636 -0.05414 0.80759 0.01958 0.58692
1403638523.5778295994 0.02072 -0.02763 0.25672 -0.04720 0.81683 0.02394 0.57445
1403638523.6778295040 0.01436 -0.03434 0.20652 -0.04020 0.82623 0.02683 0.56126
1403638523.7778294086 0.00830 -0.04031 0.15863 -0.03648 0.83083 0.02971 0.55454
1403638523.8778295517 0.00115 -0.04555 0.11472 -0.03314 0.83144 0.03263 0.55366
1403638523.9778294563 -0.00591 -0.04949 0.08109 -0.02379 0.83149 0.03865 0.55368
1403638524.0778295994 -0.00853 -0.05090 0.06774 -0.01674 0.83462 0.04698 0.54856
1403638524.1778295040 -0.00834 -0.05026 0.08322 -0.01719 0.83920 0.05178 0.54108
1403638524.2778294086 -0.00251 -0.04991 0.13488 -0.02328 0.84038 0.05273 0.53892
1403638524.3778295517 0.00188 -0.04907 0.18938 -0.03264 0.83769 0.05111 0.54277
1403638524.4778294563 0.00889 -0.04753 0.24949 -0.03959 0.83117 0.04927 0.55241
1403638524.5778295994 0.01773 -0.04458 0.30917 -0.04266 0.82240 0.04785 0.56528
1403638524.6778295040 0.02757 -0.04035 0.36271 -0.03854 0.81600 0.04230 0.57521
1403638524.7778294086 0.03558 -0.03494 0.40317 -0.02577 0.81223 0.03716 0.58158
1403638524.8778295517 0.04181 -0.02952 0.42941 -0.02198 0.81078 0.03444 0.58393
1403638524.9778294563 0.04515 -0.02578 0.43937 -0.02877 0.80927 0.03688 0.58557
1403638525.0778295994 0.04815 -0.02335 0.42685 -0.02689 0.80666 0.04057 0.58901
1403638525.1778295040 0.05157 -0.02060 0.39242 -0.02507 0.80516 0.04544 0.59078
1403638525.2778294086 0.04996 -0.02058 0.34471 -0.02623 0.80744 0.05097 0.58716
1403638525.3778295517 0.04988 -0.01929 0.28974 -0.02974 0.81609 0.05648 0.57438
1403638525.4778294563 0.04823 -0.01713 0.23511 -0.03904 0.82807 0.05888 0.55615
1403638525.5778295994 0.04135 -0.01655 0.18681 -0.04579 0.83673 0.05865 0.54254
1403638525.6778295040 0.03754 -0.01755 0.14618 -0.04728 0.83934 0.05590 0.53866
1403638525.7778294086 0.03583 -0.01880 0.11426 -0.04510 0.83752 0.05034 0.54221
1403638525.8778295517 0.03691 -0.02367 0.09148 -0.03915 0.83369 0.04655 0.54888
1403638525.9778294563 0.03275 -0.03434 0.07856 -0.03163 0.83204 0.04590 0.55191
1403638526.0778295994 0.02798 -0.05716 0.07551 -0.02799 0.83343 0.04429 0.55014
1403638526.1778295040 0.02743 -0.08645 0.08254 -0.02638 0.83577 0.03538 0.54730
1403638526.2778294086 0.02595 -0.12175 0.09484 -0.02295 0.83476 0.02630 0.54951
1403638526.3778295517 0.02149 -0.16286 0.10794 -0.02062 0.83049 0.01750 0.55637
1403638526.4778294563 0.01465 -0.20929 0.11885 -0.01935 0.82525 0.00632 0.56440
1403638526.5778295994 0.00671 -0.26204 0.12618 -0.01794 0.81977 -0.00486 0.57240
1403638526.6778295040 -0.00333 -0.32353 0.13200 -0.01342 0.81442 -0.01347 0.57996
1403638526.7778294086 -0.01652 -0.39046 0.13664 -0.00460 0.81113 -0.01932 0.58452
1403638526.8778295517 -0.03165 -0.45810 0.13987 0.00411 0.81018 -0.02309 0.58571
1403638526.9778294563 -0.04831 -0.52159 0.14283 0.00966 0.81308 -0.03031 0.58129
1403638527.0778295994 -0.06416 -0.58084 0.14652 0.01881 0.81742 -0.04443 0.57402
1403638527.1778295040 -0.07837 -0.63418 0.15254 0.02806 0.81897 -0.06063 0.56994
1403638527.2778294086 -0.08871 -0.67713 0.15995 0.04102 0.81575 -0.07545 0.57200
1403638527.3778295517 -0.09433 -0.70365 0.16704 0.05789 0.81028 -0.08525 0.57692
1403638527.4778294563 -0.09574 -0.71047 0.17197 0.06956 0.80635 -0.09062 0.58029
1403638527.5778295994 -0.09255 -0.69673 0.17450 0.07383 0.80547 -0.09267 0.58067
1403638527.6778295040 -0.08464 -0.66197 0.17456 0.07339 0.80601 -0.08994 0.58041
1403638527.7778294086 -0.07399 -0.61881 0.17477 0.06886 0.80752 -0.08328 0.57986
1403638527.8778295517 -0.06268 -0.56708 0.17773 0.05575 0.81087 -0.07889 0.57720
1403638527.9778294563 -0.04888 -0.50623 0.18239 0.04623 0.81217 -0.07434 0.57681
1403638528.0778295994 -0.03259 -0.44435 0.18525 0.03925 0.81155 -0.06664 0.57915
1403638528.1778295040 -0.01401 -0.38549 0.18406 0.02843 0.81271 -0.05695 0.57918
1403638528.2778294086 0.01107 -0.33470 0.18033 0.01427 0.81487 -0.04528 0.57769
1403638528.3778295517 0.04132 -0.29583 0.17564 0.00560 0.81506 -0.03626 0.57821
1403638528.4778294563 0.07630 -0.26925 0.17204 0.00560 0.81473 -0.03198 0.57894
1403638528.5778295994 0.11229 -0.24963 0.16996 0.00566 0.81699 -0.03555 0.57553
1403638528.6778295040 0.14634 -0.23446 0.16977 0.00380 0.81853 -0.04274 0.57286
1403638528.7778294086 0.17414 -0.22440 0.17348 0.00851 0.81791 -0.04771 0.57330
1403638528.8778295517 0.18771 -0.21700 0.18116 0.00457 0.81712 -0.05513 0.57381
1403638528.9778294563 0.18866 -0.20624 0.19482 -0.00263 0.81718 -0.06154 0.57308
1403638529.0778295994 0.16957 -0.19546 0.21194 -0.00157 0.81825 -0.06274 0.57143
1403638529.1778295040 0.14059 -0.17640 0.22336 0.01543 0.81937 -0.05585 0.57033
1403638529.2778294086 0.10537 -0.15350 0.22475 0.02720 0.82145 -0.04988 0.56744
1403638529.3778295517 0.07164 -0.12518 0.21636 0.03134 0.82696 -0.04553 0.55954
1403638529.4778294563 0.04186 -0.10305 0.19855 0.02985 0.83723 -0.04303 0.54434
1403638529.5778295994 0.01807 -0.08735 0.17642 0.02756 0.84756 -0.04019 0.52845
1403638529.6778295040 -0.00003 -0.07904 0.15418 0.02893 0.85155 -0.03732 0.52215
1403638529.7778294086 -0.01019 -0.07229 0.13376 0.02831 0.84810 -0.03672 0.52780
1403638529.8778295517 -0.01460 -0.07190 0.11576 0.02673 0.84182 -0.03767 0.53778
1403638529.9778294563 -0.01215 -0.07290 0.10270 0.02612 0.83927 -0.03771 0.54178
1403638530.0778295994 -0.00466 -0.07427 0.09233 0.02657 0.84063 -0.03809 0.53962
1403638530.1778295040 0.00231 -0.07307 0.08223 0.02768 0.84215 -0.04244 0.53685
1403638530.2778294086 0.01486 -0.07420 0.07424 0.03008 0.84164 -0.04858 0.53701
1403638530.3778295517 0.02463 -0.07638 0.06348 0.03244 0.84086 -0.05355 0.53762
1403638530.4778294563 0.03548 -0.07983 0.05400 0.03208 0.84043 -0.05688 0.53796
1403638530.5778295994 0.04478 -0.08357 0.04535 0.03034 0.84016 -0.05948 0.53821
1403638530.6778295040 0.05244 -0.08601 0.03591 0.03031 0.84270 -0.06081 0.53408
1403638530.7778294086 0.05648 -0.08737 0.02796 0.02952 0.84557 -0.06171 0.52947
1403638530.8778295517 0.05877 -0.08842 0.02274 0.02716 0.84586 -0.06080 0.52923
1403638530.9778294563 0.06020 -0.08876 0.01964 0.02569 0.84347 -0.06073 0.53312
1403638531.0778295994 0.06027 -0.08844 0.01768 0.02641 0.83986 -0.05945 0.53889
1403638531.1778295040 0.06012 -0.08681 0.01827 0.02705 0.83760 -0.05737 0.54259
1403638531.2778294086 0.06036 -0.08574 0.01684 0.02980 0.83645 -0.05596 0.54437
1403638531.3778295517 0.05977 -0.08512 0.01598 0.02964 0.83531 -0.05606 0.54611
1403638531.4778294563 0.05960 -0.08555 0.01611 0.02971 0.83465 -0.05632 0.54708
1403638531.5778295994 0.05953 -0.08536 0.01625 0.03029 0.83542 -0.05507 0.54601
1403638531.6778295040 0.05947 -0.08498 0.01642 0.02945 0.83587 -0.05554 0.54531
1403638531.7778294086 0.05962 -0.08504 0.01644 0.02966 0.83597 -0.05542 0.54516
1403638531.8778295517 0.05948 -0.08498 0.01649 0.02977 0.83617 -0.05525 0.54487
1403638531.9778294563 0.05955 -0.08499 0.01648 0.02992 0.83625 -0.05519 0.54475
1403638532.0778295994 0.05951 -0.08492 0.01643 0.03003 0.83635 -0.05504 0.54459
1403638532.1778295040 0.05951 -0.08484 0.01643 0.02989 0.83643 -0.05509 0.54448
1403638532.2778294086 0.05948 -0.08475 0.01647 0.02970 0.83649 -0.05526 0.54438
1403638532.3778295517 0.05945 -0.08471 0.01647 0.02954 0.83652 -0.05527 0.54434
1403638532.4778294563 0.05946 -0.08468 0.01649 0.02942 0.83652 -0.05536 0.54433
1403638532.5778295994 0.05944 -0.08466 0.01643 0.02938 0.83658 -0.05542 0.54424
1403638532.6778295040 0.05952 -0.08467 0.01641 0.02940 0.83657 -0.05539 0.54426
1403638532.7778294086 0.05943 -0.08469 0.01639 0.02944 0.83664 -0.05531 0.54416
1403638532.8778295517 0.05943 -0.08468 0.01639 0.02945 0.83665 -0.05534 0.54414
1403638532.9778294563 0.05938 -0.08472 0.01641 0.02940 0.83663 -0.05533 0.54417
1403638533.0778295994 0.05932 -0.08474 0.01639 0.02936 0.83666 -0.05536 0.54413
1403638533.1778295040 0.05934 -0.08474 0.01639 0.02931 0.83661 -0.05541 0.54420
1403638533.2778294086 0.05930 -0.08476 0.01638 0.02925 0.83659 -0.05546 0.54423
1403638533.3778295517 0.05929 -0.08477 0.01636 0.02928 0.83658 -0.05545 0.54424
1403638533.4778294563 0.05928 -0.08480 0.01639 0.02921 0.83655 -0.05548 0.54428
1403638533.5778295994 0.05923 -0.08480 0.01636 0.02919 0.83656 -0.05551 0.54428
1403638533.6778295040 0.05921 -0.08482 0.01636 0.02916 0.83653 -0.05556 0.54432
1403638533.7778294086 0.05919 -0.08482 0.01635 0.02917 0.83653 -0.05560 0.54432
1403638533.8778295517 0.05921 -0.08480 0.01632 0.02895 0.83657 -0.05534 0.54428
1403638533.9778294563 0.05926 -0.08484 0.01625 0.02911 0.83663 -0.05561 0.54416
1403638534.0778295994 0.05914 -0.08486 0.01631 0.02956 0.83657 -0.05594 0.54420
1403638534.1778295040 0.05914 -0.08488 0.01637 0.02919 0.83663 -0.05579 0.54413
1403638534.2778294086 0.05914 -0.08483 0.01640 0.02892 0.83674 -0.05573 0.54398
1403638534.3778295517 0.05922 -0.08486 0.01630 0.02896 0.83684 -0.05582 0.54383
1403638534.4778294563 0.05928 -0.08491 0.01625 0.02915 0.83690 -0.05610 0.54369
1403638534.5778295994 0.05931 -0.08490 0.01623 0.02904 0.83707 -0.05580 0.54346
1403638534.6778295040 0.05932 -0.08486 0.01626 0.02886 0.83706 -0.05558 0.54352
1403638534.7778294086 0.05931 -0.08490 0.01625 0.02897 0.83710 -0.05551 0.54345
1403638534.8778295517 0.05933 -0.08494 0.01620 0.02928 0.83707 -0.05567 0.54346
1403638534.9778294563 0.05932 -0.08499 0.01619 0.02936 0.83716 -0.05572 0.54331
1403638535.0778295994 0.05932 -0.08500 0.01617 0.02922 0.83729 -0.05575 0.54313
1403638535.1778295040 0.05932 -0.08500 0.01617 0.02912 0.83727 -0.05581 0.54316
1403638535.2778294086 0.05929 -0.08501 0.01619 0.02903 0.83730 -0.05582 0.54311
1403638535.3778295517 0.05926 -0.08500 0.01626 0.02909 0.83731 -0.05576 0.54310
1403638535.4778294563 0.05925 -0.08500 0.01629 0.02919 0.83731 -0.05576 0.54309
1403638535.5778295994 0.05928 -0.08499 0.01628 0.02914 0.83734 -0.05570 0.54306
1403638535.6778295040 0.05928 -0.08499 0.01626 0.02908 0.83733 -0.05575 0.54307
1403638535.7778294086 0.05928 -0.08500 0.01625 0.02912 0.83734 -0.05575 0.54305
1403638535.8778295517 0.05929 -0.08501 0.01624 0.02902 0.83737 -0.05570 0.54301
1403638535.9778294563 0.05930 -0.08500 0.01620 0.02900 0.83746 -0.05568 0.54289
1403638536.0778295994 0.05931 -0.08501 0.01620 0.02898 0.83741 -0.05574 0.54295
1403638536.1778295040 0.05929 -0.08502 0.01625 0.02897 0.83740 -0.05576 0.54296
1403638536.2778294086 0.05926 -0.08502 0.01629 0.02900 0.83740 -0.05572 0.54297
1403638536.3778295517 0.05924 -0.08502 0.01634 0.02902 0.83733 -0.05573 0.54307
1403638536.4778294563 0.05922 -0.08502 0.01636 0.02901 0.83733 -0.05571 0.54308
1403638536.5778295994 0.05921 -0.08502 0.01637 0.02892 0.83734 -0.05571 0.54306
1403638536.6778295040 0.05922 -0.08503 0.01634 0.02892 0.83735 -0.05568 0.54305
1403638536.7778294086 0.05923 -0.08503 0.01629 0.02898 0.83734 -0.05573 0.54306
1403638536.8778295517 0.05921 -0.08503 0.01631 0.02888 0.83728 -0.05583 0.54316
1403638536.9778294563 0.05923 -0.08504 0.01629 0.02883 0.83733 -0.05587 0.54307
1403638537.0778295994 0.05931 -0.08501 0.01620 0.02885 0.83738 -0.05578 0.54300
1403638537.1778295040 0.05932 -0.08500 0.01619 0.02903 0.83733 -0.05573 0.54307
1403638537.2778294086 0.05931 -0.08500 0.01626 0.02916 0.83735 -0.05566 0.54304
1403638537.3778295517 0.05931 -0.08501 0.01622 0.02915 0.83734 -0.05564 0.54307
1403638537.4778294563 0.05933 -0.08501 0.01619 0.02911 0.83734 -0.05563 0.54307
1403638537.5778295994 0.05934 -0.08500 0.01621 0.02917 0.83742 -0.05550 0.54296
1403638537.6778295040 0.05941 -0.08501 0.01617 0.02922 0.83750 -0.05551 0.54282
1403638537.7778294086 0.05936 -0.08500 0.01623 0.02915 0.83747 -0.05555 0.54287
1403638537.8778295517 0.05942 -0.08499 0.01618 0.02926 0.83745 -0.05544 0.54291
1403638537.9778294563 0.05936 -0.08499 0.01628 0.02929 0.83743 -0.05556 0.54293
1403638538.0778295994 0.05934 -0.08499 0.01634 0.02925 0.83744 -0.05556 0.54291
1403638538.1778295040 0.05936 -0.08500 0.01632 0.02930 0.83742 -0.05554 0.54294
1403638538.2778294086 0.05966 -0.08494 0.01596 0.02930 0.83741 -0.05539 0.54297
1403638538.3778295517 0.05953 -0.08498 0.01611 0.02945 0.83740 -0.05538 0.54298
1403638538.4778294563 0.05939 -0.08499 0.01637 0.02943 0.83741 -0.05535 0.54296
1403638538.5778295994 0.05942 -0.08499 0.01644 0.02968 0.83743 -0.05535 0.54292
1403638538.6778295040 0.05944 -0.08498 0.01644 0.02948 0.83727 -0.05543 0.54318
1403638538.7778294086 0.05963 -0.08503 0.01658 0.02929 0.83654 -0.05523 0.54433
1403638538.8778295517 0.06098 -0.08461 0.01695 0.02851 0.83552 -0.05470 0.54598
1403638538.9778294563 0.06384 -0.08442 0.01996 0.02929 0.83076 -0.05408 0.55323
1403638539.0778295994 0.06704 -0.08429 0.02431 0.03083 0.82517 -0.05571 0.56129
1403638539.1778295040 0.07314 -0.08368 0.03373 0.03013 0.81989 -0.05625 0.56895
1403638539.2778294086 0.08000 -0.08300 0.05120 0.02998 0.81619 -0.05560 0.57431
1403638539.3778295517 0.08623 -0.08230 0.07662 0.02965 0.81712 -0.05512 0.57306
1403638539.4778294563 0.09275 -0.08209 0.10852 0.02932 0.81914 -0.05415 0.57027
1403638539.5778295994 0.09933 -0.08215 0.14350 0.02907 0.82006 -0.05287 0.56908
1403638539.6778295040 0.10653 -0.08236 0.17327 0.02752 0.82064 -0.05256 0.56836
1403638539.7778294086 0.11390 -0.08194 0.19153 0.02796 0.82189 -0.05077 0.56670
1403638539.8778295517 0.12270 -0.08113 0.20272 0.02710 0.82443 -0.05016 0.56309
1403638539.9778294563 0.13409 -0.08010 0.21263 0.02538 0.82898 -0.04983 0.55648
1403638540.0778295994 0.14983 -0.07996 0.22201 0.02525 0.83487 -0.04967 0.54762
1403638540.1778295040 0.17110 -0.07964 0.23117 0.02502 0.83882 -0.04939 0.54158
1403638540.2778294086 0.20339 -0.08177 0.24223 0.02537 0.83472 -0.04812 0.54798
1403638540.3778295517 0.23801 -0.08175 0.25423 0.02611 0.82865 -0.04621 0.55724
1403638540.4778294563 0.27647 -0.08069 0.26429 0.02292 0.82633 -0.04026 0.56127
1403638540.5778295994 0.32046 -0.07892 0.27276 0.01563 0.82657 -0.02882 0.56188
1403638540.6778295040 0.36734 -0.07659 0.28120 0.00721 0.82669 -0.01170 0.56249
1403638540.7778294086 0.41728 -0.07247 0.28995 -0.00082 0.82577 0.01222 0.56387
1403638540.8778295517 0.46931 -0.06530 0.29707 -0.01125 0.82497 0.04012 0.56364
1403638540.9778294563 0.52249 -0.05312 0.30216 -0.02505 0.82328 0.06626 0.56320
1403638541.0778295994 0.57570 -0.03701 0.30474 -0.03886 0.82097 0.08559 0.56319
1403638541.1778295040 0.62910 -0.01715 0.30323 -0.04868 0.81915 0.09878 0.56291
1403638541.2778294086 0.68341 0.00647 0.29963 -0.05386 0.81838 0.10751 0.56196
1403638541.3778295517 0.73686 0.03450 0.30225 -0.05692 0.81824 0.11113 0.56116
1403638541.4778294563 0.78933 0.06639 0.30950 -0.05820 0.81809 0.11141 0.56118
1403638541.5778295994 0.84124 0.10403 0.32343 -0.05752 0.81667 0.11198 0.56321
1403638541.6778295040 0.89669 0.14857 0.34418 -0.06177 0.81500 0.11497 0.56457
1403638541.7778294086 0.94947 0.19814 0.37199 -0.07171 0.81356 0.12050 0.56432
1403638541.8778295517 1.00049 0.25234 0.40431 -0.08362 0.81204 0.12936 0.56290
1403638541.9778294563 1.04856 0.30882 0.43330 -0.09535 0.81074 0.14360 0.55945
1403638542.0778295994 1.09441 0.36669 0.45571 -0.10923 0.80835 0.16052 0.55576
1403638542.1778295040 1.13868 0.42539 0.47223 -0.12450 0.80420 0.18028 0.55251
1403638542.2778294086 1.18171 0.48532 0.48265 -0.13924 0.79988 0.20343 0.54719
1403638542.3778295517 1.22467 0.54609 0.48968 -0.15281 0.79184 0.22503 0.54680
1403638542.4778294563 1.26637 0.60653 0.49460 -0.15903 0.77798 0.24506 0.55624
1403638542.5778295994 1.30572 0.66779 0.49726 -0.15523 0.76569 0.26336 0.56592
1403638542.6778295040 1.33891 0.73247 0.50202 -0.15585 0.76206 0.27264 0.56626
1403638542.7778294086 1.36453 0.80085 0.51305 -0.16483 0.76597 0.27159 0.55889
1403638542.8778295517 1.38419 0.87221 0.53090 -0.17148 0.77122 0.26848 0.55112
1403638542.9778294563 1.39994 0.94509 0.55562 -0.17547 0.77575 0.26529 0.54501
1403638543.0778295994 1.41311 1.01843 0.58228 -0.17802 0.77931 0.26211 0.54063
1403638543.1778295040 1.42420 1.09251 0.60379 -0.17824 0.78049 0.25965 0.54004
1403638543.2778294086 1.43824 1.16737 0.61940 -0.17818 0.78087 0.25707 0.54074
1403638543.3778295517 1.44920 1.24302 0.62864 -0.17759 0.78199 0.25611 0.53977
1403638543.4778294563 1.46116 1.32015 0.63408 -0.17981 0.78092 0.26050 0.53850
1403638543.5778295994 1.47946 1.39840 0.63646 -0.18451 0.77794 0.27126 0.53589
1403638543.6778295040 1.49569 1.47757 0.63593 -0.19101 0.77224 0.28857 0.53281
1403638543.7778294086 1.50840 1.55661 0.63747 -0.20097 0.76408 0.30961 0.52909
1403638543.8778295517 1.51946 1.63540 0.64653 -0.21244 0.75385 0.33185 0.52579
1403638543.9778294563 1.53063 1.71709 0.66343 -0.22630 0.74522 0.34994 0.52056
1403638544.0778295994 1.54057 1.79743 0.68423 -0.24107 0.74110 0.36108 0.51213
1403638544.1778295040 1.55209 1.87771 0.70431 -0.25139 0.73792 0.36749 0.50718
1403638544.2778294086 1.56606 1.96049 0.71773 -0.25805 0.73533 0.37075 0.50521
1403638544.3778295517 1.58069 2.04321 0.72456 -0.25949 0.73472 0.37322 0.50354
1403638544.4778294563 1.59702 2.12520 0.72736 -0.25853 0.73532 0.37426 0.50239
1403638544.5778295994 1.61128 2.20992 0.72842 -0.26036 0.73269 0.37335 0.50595
1403638544.6778295040 1.62951 2.29260 0.73593 -0.26532 0.72621 0.37254 0.51327
1403638544.7778294086 1.64307 2.37469 0.74652 -0.26658 0.72542 0.37346 0.51305
1403638544.8778295517 1.66038 2.45086 0.75540 -0.26459 0.72865 0.37575 0.50781
1403638544.9778294563 1.67422 2.53060 0.75800 -0.26470 0.72956 0.37640 0.50597
1403638545.0778295994 1.68858 2.61075 0.75532 -0.26610 0.72838 0.37624 0.50704
1403638545.1778295040 1.70641 2.68600 0.74811 -0.26570 0.72797 0.37716 0.50716
1403638545.2778294086 1.72109 2.76561 0.73287 -0.26486 0.72747 0.37867 0.50719
1403638545.3778295517 1.73624 2.84683 0.71332 -0.26646 0.72490 0.37762 0.51080
1403638545.4778294563 1.75494 2.93107 0.69228 -0.26822 0.72481 0.37816 0.50960
1403638545.5778295994 1.76549 3.00863 0.67161 -0.27230 0.72262 0.38473 0.50562
1403638545.6778295040 1.78414 3.10457 0.66153 -0.28058 0.71705 0.39576 0.50049
1403638545.7778294086 1.80266 3.20230 0.65932 -0.28894 0.70930 0.41184 0.49376
1403638545.8778295517 1.82094 3.30402 0.66468 -0.29937 0.69872 0.43099 0.48623
1403638545.9778294563 1.83922 3.40802 0.67749 -0.30871 0.68639 0.45265 0.47819
1403638546.0778295994 1.85795 3.50935 0.69411 -0.31480 0.67457 0.47139 0.47292
1403638546.1778295040 1.87747 3.61263 0.70583 -0.32212 0.66605 0.48351 0.46779
1403638546.2778294086 1.89776 3.72429 0.71016 -0.32671 0.66159 0.49092 0.46320
1403638546.3778295517 1.91562 3.83126 0.70793 -0.33278 0.66019 0.49306 0.45859
1403638546.4778294563 1.93137 3.93052 0.69990 -0.33557 0.65979 0.49443 0.45564
1403638546.5778295994 1.94606 4.02905 0.69153 -0.33670 0.65769 0.49774 0.45425
1403638546.6778295040 1.95408 4.12524 0.68810 -0.34023 0.65291 0.50360 0.45204
1403638546.7778294086 1.96784 4.22545 0.69648 -0.34286 0.64826 0.50941 0.45024
1403638546.8778295517 1.97974 4.32564 0.71358 -0.34373 0.64451 0.51443 0.44924
1403638546.9778294563 1.99024 4.42653 0.72946 -0.34263 0.64114 0.51893 0.44973
1403638547.0778295994 1.99505 4.52983 0.73794 -0.34060 0.63870 0.52220 0.45096
1403638547.1778295040 2.00206 4.63488 0.74147 -0.33782 0.63660 0.52552 0.45216
1403638547.2778294086 2.00090 4.74265 0.74013 -0.33583 0.63527 0.52697 0.45381
1403638547.3778295517 2.00045 4.85424 0.73655 -0.33907 0.63670 0.52480 0.45192
1403638547.4778294563 1.99187 4.96665 0.72870 -0.34363 0.63989 0.52102 0.44833
1403638547.5778295994 1.98185 5.08074 0.71679 -0.34668 0.64339 0.51756 0.44496
1403638547.6778295040 1.97611 5.20203 0.70090 -0.34729 0.64465 0.51597 0.44452
1403638547.7778294086 1.96434 5.32001 0.67992 -0.34511 0.64411 0.51647 0.44640
1403638547.8778295517 1.95468 5.44220 0.65630 -0.34152 0.64133 0.51856 0.45073
1403638547.9778294563 1.93874 5.56273 0.63344 -0.34164 0.64125 0.51889 0.45036
1403638548.0778295994 1.92339 5.69022 0.61835 -0.34431 0.64091 0.52122 0.44611
1403638548.1778295040 1.90393 5.82278 0.61080 -0.34866 0.63721 0.52665 0.44164
1403638548.2778294086 1.88468 5.95966 0.61145 -0.35523 0.63091 0.53521 0.43511
1403638548.3778295517 1.86218 6.09613 0.62063 -0.36287 0.62154 0.54673 0.42790
1403638548.4778294563 1.83808 6.23491 0.63598 -0.37096 0.61201 0.55741 0.42086
1403638548.5778295994 1.81386 6.37637 0.64894 -0.37744 0.60415 0.56532 0.41589
1403638548.6778295040 1.78952 6.51840 0.65691 -0.38226 0.59868 0.57076 0.41194
1403638548.7778294086 1.76465 6.66043 0.66248 -0.38500 0.59482 0.57473 0.40946
1403638548.8778295517 1.73880 6.80203 0.67374 -0.38634 0.59266 0.57737 0.40761
1403638548.9778294563 1.71198 6.94100 0.69184 -0.38784 0.59152 0.57830 0.40653
1403638549.0778295994 1.68294 7.07676 0.71469 -0.38837 0.59123 0.57873 0.40580
1403638549.1778295040 1.65568 7.20668 0.74430 -0.38983 0.59094 0.57781 0.40615
1403638549.2778294086 1.62597 7.34345 0.77797 -0.39055 0.59181 0.57684 0.40557
1403638549.3778295517 1.59931 7.46870 0.81717 -0.39319 0.59300 0.57452 0.40457
1403638549.4778294563 1.56961 7.60747 0.85269 -0.39502 0.59445 0.57241 0.40366
1403638549.5778295994 1.54566 7.72492 0.88378 -0.39687 0.59413 0.57077 0.40463
1403638549.6778295040 1.51794 7.86444 0.90917 -0.39816 0.59364 0.56925 0.40622
1403638549.7778294086 1.49948 7.97140 0.93543 -0.39712 0.59343 0.56988 0.40667
1403638549.8778295517 1.47471 8.10761 0.96682 -0.39613 0.59497 0.57005 0.40515
1403638549.9778294563 1.46075 8.20889 1.00785 -0.39641 0.59545 0.57022 0.40392
1403638550.0778295994 1.43954 8.34472 1.05617 -0.39671 0.59580 0.56998 0.40344
1403638550.1778295040 1.43270 8.43817 1.11367 -0.39811 0.59590 0.57000 0.40189
1403638550.2778294086 1.41709 8.57075 1.17742 -0.39765 0.59545 0.57089 0.40174
1403638550.3778295517 1.41109 8.68091 1.24556 -0.39803 0.59430 0.57138 0.40237
1403638550.4778294563 1.39645 8.81981 1.30558 -0.40071 0.59490 0.56985 0.40100
1403638550.5778295994 1.39195 8.94592 1.35967 -0.40475 0.59551 0.56755 0.39930
1403638550.6778295040 1.38824 9.07882 1.40852 -0.40969 0.59387 0.56420 0.40143
1403638550.7778294086 1.38673 9.21282 1.45308 -0.41268 0.59313 0.56203 0.40250
1403638550.8778295517 1.38816 9.34811 1.49496 -0.41853 0.58938 0.55778 0.40785
1403638550.9778294563 1.39128 9.48215 1.53329 -0.42409 0.58525 0.55328 0.41414
1403638551.0778295994 1.39620 9.60802 1.56775 -0.42763 0.58284 0.55037 0.41776
1403638551.1778295040 1.40429 9.72645 1.60396 -0.43192 0.58335 0.54760 0.41627
1403638551.2778294086 1.41718 9.83586 1.64489 -0.43249 0.58518 0.54650 0.41455
1403638551.3778295517 1.43692 9.92914 1.68797 -0.42786 0.59288 0.54348 0.41238
1403638551.4778294563 1.46151 10.02456 1.72732 -0.42035 0.60561 0.53415 0.41380
1403638551.5778295994 1.49463 10.10592 1.76117 -0.41431 0.62070 0.51781 0.41828
1403638551.6778295040 1.53095 10.19939 1.79024 -0.40728 0.63791 0.49926 0.42181
1403638551.7778294086 1.57620 10.29002 1.81504 -0.39787 0.65228 0.48066 0.43033
1403638551.8778295517 1.62975 10.37757 1.83613 -0.38748 0.66311 0.46498 0.44039
1403638551.9778294563 1.69112 10.46037 1.86093 -0.37522 0.66674 0.45719 0.45349
1403638552.0778295994 1.75834 10.53711 1.89345 -0.36530 0.66852 0.45206 0.46397
1403638552.1778295040 1.82870 10.60893 1.93059 -0.35905 0.67369 0.44889 0.46446
1403638552.2778294086 1.90301 10.67730 1.97245 -0.35451 0.67795 0.44783 0.46277
1403638552.3778295517 1.98080 10.74139 2.01338 -0.35606 0.67926 0.44493 0.46246
1403638552.4778294563 2.06382 10.78947 2.04880 -0.36319 0.67559 0.43944 0.46751
1403638552.5778295994 2.14974 10.84003 2.07923 -0.36829 0.67209 0.43600 0.47176
1403638552.6778295040 2.23970 10.87950 2.10292 -0.36859 0.66998 0.43725 0.47337
1403638552.7778294086 2.33403 10.90764 2.12026 -0.36780 0.66947 0.43954 0.47258
1403638552.8778295517 2.43101 10.92510 2.13285 -0.36562 0.66814 0.44350 0.47246
1403638552.9778294563 2.53147 10.93641 2.14045 -0.36115 0.66590 0.44960 0.47329
1403638553.0778295994 2.63246 10.94059 2.14356 -0.35746 0.66369 0.45501 0.47403
1403638553.1778295040 2.73382 10.94007 2.14361 -0.36277 0.65986 0.45377 0.47652
1403638553.2778294086 2.83487 10.93172 2.14434 -0.37000 0.65409 0.45057 0.48193
1403638553.3778295517 2.93571 10.91573 2.14945 -0.37144 0.64894 0.45149 0.48689
1403638553.4778294563 3.03458 10.88830 2.15978 -0.36773 0.64354 0.45512 0.49345
1403638553.5778295994 3.12992 10.85015 2.17609 -0.36447 0.63931 0.45817 0.49853
1403638553.6778295040 3.22158 10.79890 2.19573 -0.36216 0.63839 0.46054 0.49920
1403638553.7778294086 3.30924 10.73720 2.22269 -0.36031 0.63889 0.46248 0.49810
1403638553.8778295517 3.39064 10.66519 2.25499 -0.35814 0.64068 0.46398 0.49597
1403638553.9778294563 3.47217 10.59095 2.28834 -0.35757 0.64369 0.46446 0.49202
1403638554.0778295994 3.54368 10.50332 2.31547 -0.35606 0.64700 0.46533 0.48794
1403638554.1778295040 3.62230 10.42067 2.33857 -0.35145 0.64982 0.46910 0.48390
1403638554.2778294086 3.69022 10.32599 2.35280 -0.34357 0.65573 0.47488 0.47588
1403638554.3778295517 3.76506 10.24003 2.36489 -0.33799 0.65887 0.47952 0.47086
1403638554.4778294563 3.83539 10.15474 2.37413 -0.33557 0.66020 0.48172 0.46848
1403638554.5778295994 3.90056 10.07039 2.37993 -0.33682 0.66103 0.48134 0.46679
1403638554.6778295040 3.96206 9.98030 2.38507 -0.34275 0.66324 0.47754 0.46323
1403638554.7778294086 4.02399 9.89766 2.39731 -0.34780 0.66384 0.47422 0.46203
1403638554.8778295517 4.08600 9.80950 2.41111 -0.35088 0.66396 0.47225 0.46154
1403638554.9778294563 4.14952 9.72236 2.42555 -0.35346 0.66463 0.46904 0.46188
1403638555.0778295994 4.21503 9.64473 2.43645 -0.34993 0.66780 0.46460 0.46448
1403638555.1778295040 4.28189 9.55335 2.43769 -0.34329 0.67387 0.45790 0.46732
1403638555.2778294086 4.35025 9.47582 2.43669 -0.33730 0.68003 0.44968 0.47071
1403638555.3778295517 4.42070 9.39468 2.43205 -0.33034 0.68318 0.44480 0.47570
1403638555.4778294563 4.49365 9.30867 2.42322 -0.32475 0.68518 0.44160 0.47964
1403638555.5778295994 4.56882 9.22049 2.41192 -0.32267 0.68638 0.43886 0.48185
1403638555.6778295040 4.64455 9.13064 2.40573 -0.32235 0.68796 0.43714 0.48137
1403638555.7778294086 4.71972 9.03808 2.40908 -0.32169 0.68901 0.43725 0.48021
1403638555.8778295517 4.79062 8.94454 2.42029 -0.32100 0.68904 0.43823 0.47973
1403638555.9778294563 4.86632 8.85543 2.43722 -0.31998 0.68762 0.43983 0.48099
1403638556.0778295994 4.93938 8.76637 2.45633 -0.31843 0.68776 0.44117 0.48059
1403638556.1778295040 5.01629 8.68376 2.47240 -0.31780 0.69200 0.44163 0.47444
1403638556.2778294086 5.09231 8.59552 2.47960 -0.31637 0.69528 0.44269 0.46960
1403638556.3778295517 5.17312 8.52060 2.48575 -0.31543 0.69728 0.44342 0.46656
1403638556.4778294563 5.25368 8.43696 2.48763 -0.31308 0.70038 0.44473 0.46224
1403638556.5778295994 5.33721 8.37783 2.49292 -0.31274 0.70329 0.44429 0.45846
1403638556.6778295040 5.42017 8.32797 2.49984 -0.32020 0.70580 0.43807 0.45543
1403638556.7778294086 5.50999 8.25773 2.51176 -0.32679 0.70255 0.43328 0.46032
1403638556.8778295517 5.59584 8.21975 2.53362 -0.33237 0.70113 0.42880 0.46269
1403638556.9778294563 5.67901 8.19170 2.55983 -0.33539 0.69987 0.42591 0.46507
1403638557.0778295994 5.75761 8.16971 2.58103 -0.33336 0.69874 0.42693 0.46729
1403638557.1778295040 5.83344 8.15339 2.59506 -0.33093 0.69759 0.42801 0.46974
1403638557.2778294086 5.91435 8.13306 2.60220 -0.32912 0.69689 0.42871 0.47141
1403638557.3778295517 6.00578 8.10338 2.60566 -0.32618 0.69590 0.43060 0.47320
1403638557.4778294563 6.09890 8.07077 2.61197 -0.32021 0.69311 0.43478 0.47752
1403638557.5778295994 6.19276 8.03391 2.62447 -0.31532 0.69086 0.43776 0.48131
1403638557.6778295040 6.28795 7.99549 2.64069 -0.31251 0.68980 0.43952 0.48305
1403638557.7778294086 6.38276 7.95609 2.65931 -0.31231 0.68952 0.43907 0.48398
1403638557.8778295517 6.47819 7.91537 2.67244 -0.30934 0.68949 0.44040 0.48473
1403638557.9778294563 6.57216 7.87608 2.67858 -0.30652 0.69073 0.44195 0.48334
1403638558.0778295994 6.66525 7.83848 2.67787 -0.30557 0.69447 0.44264 0.47791
1403638558.1778295040 6.75918 7.80323 2.67390 -0.30278 0.70027 0.44411 0.46981
1403638558.2778294086 6.85438 7.77262 2.67519 -0.29935 0.70436 0.44578 0.46426
1403638558.3778295517 6.94958 7.75010 2.68686 -0.29466 0.70568 0.44848 0.46266
1403638558.4778294563 7.04369 7.73380 2.70701 -0.28839 0.70936 0.45205 0.45748
1403638558.5778295994 7.13847 7.72684 2.73502 -0.28971 0.71185 0.45072 0.45408
1403638558.6778295040 7.23675 7.72854 2.77013 -0.29812 0.71241 0.44426 0.45413
1403638558.7778294086 7.33901 7.73500 2.80364 -0.30602 0.71197 0.43819 0.45546
1403638558.8778295517 7.44751 7.74521 2.83139 -0.30884 0.71053 0.43612 0.45777
1403638558.9778294563 7.55907 7.75819 2.85255 -0.31081 0.70559 0.43496 0.46514
1403638559.0778295994 7.67363 7.77296 2.86629 -0.31159 0.70100 0.43486 0.47159
1403638559.1778295040 7.78879 7.78974 2.87326 -0.31203 0.69750 0.43532 0.47605
1403638559.2778294086 7.90520 7.80654 2.87430 -0.31013 0.69461 0.43771 0.47931
1403638559.3778295517 8.02221 7.82346 2.86908 -0.30669 0.69227 0.44101 0.48189
1403638559.4778294563 8.13502 7.84170 2.85856 -0.30473 0.68990 0.44322 0.48450
1403638559.5778295994 8.24497 7.86143 2.84272 -0.30380 0.68766 0.44476 0.48684
1403638559.6778295040 8.35050 7.88363 2.82350 -0.30454 0.68652 0.44493 0.48782
1403638559.7778294086 8.44896 7.90696 2.80734 -0.30490 0.68567 0.44563 0.48817
1403638559.8778295517 8.54900 7.93324 2.79775 -0.30637 0.68637 0.44487 0.48696
1403638559.9778294563 8.64095 7.95931 2.78770 -0.30525 0.68988 0.43890 0.48812
1403638560.0778295994 8.74097 7.98843 2.77313 -0.30003 0.69763 0.42592 0.49182
1403638560.1778295040 8.84138 8.01697 2.75175 -0.29049 0.70716 0.40771 0.49931
1403638560.2778294086 8.94303 8.04576 2.72579 -0.27838 0.71778 0.38637 0.50795
1403638560.3778295517 9.04522 8.07463 2.69817 -0.26732 0.72537 0.36199 0.52090
1403638560.4778294563 9.14543 8.10278 2.66727 -0.25474 0.73320 0.33675 0.53303
1403638560.5778295994 9.24362 8.12820 2.63208 -0.24361 0.74222 0.30985 0.54199
1403638560.6778295040 9.33989 8.15040 2.59325 -0.23411 0.75253 0.28188 0.54720
1403638560.7778294086 9.43276 8.16614 2.55748 -0.22710 0.76114 0.25638 0.55078
1403638560.8778295517 9.52259 8.17302 2.52923 -0.21651 0.76748 0.23363 0.55634
1403638560.9778294563 9.61346 8.17246 2.50839 -0.20437 0.77168 0.21278 0.56344
1403638561.0778295994 9.70241 8.16321 2.49557 -0.19220 0.77416 0.19298 0.57139
1403638561.1778295040 9.78633 8.14390 2.48841 -0.18134 0.77547 0.17536 0.57880
1403638561.2778294086 9.86620 8.11652 2.48797 -0.17450 0.77570 0.16208 0.58444
1403638561.3778295517 9.94030 8.08081 2.48928 -0.16552 0.78036 0.15739 0.58212
1403638561.4778294563 10.01204 8.03860 2.48603 -0.15209 0.78637 0.16109 0.57667
1403638561.5778295994 10.08178 7.99228 2.47685 -0.14252 0.78994 0.16589 0.57286
1403638561.6778295040 10.14916 7.94344 2.46234 -0.13875 0.79163 0.16879 0.57060
1403638561.7778294086 10.21501 7.89306 2.44307 -0.13787 0.79182 0.17112 0.56985
1403638561.8778295517 10.27150 7.83781 2.41795 -0.13537 0.79119 0.17178 0.57113
1403638561.9778294563 10.33505 7.78396 2.38873 -0.13018 0.79217 0.16738 0.57228
1403638562.0778295994 10.38778 7.72547 2.36135 -0.12286 0.79391 0.15865 0.57397
1403638562.1778295040 10.44263 7.66777 2.34181 -0.11522 0.79576 0.14883 0.57562
1403638562.2778294086 10.49401 7.61062 2.32680 -0.10870 0.79678 0.14048 0.57757
1403638562.3778295517 10.54156 7.55222 2.31811 -0.10262 0.79765 0.12845 0.58029
1403638562.4778294563 10.58572 7.49167 2.31317 -0.09467 0.79993 0.11230 0.58184
1403638562.5778295994 10.62740 7.43033 2.31543 -0.08509 0.80215 0.09213 0.58380
1403638562.6778295040 10.66634 7.36701 2.32187 -0.07639 0.80481 0.06792 0.58466
1403638562.7778294086 10.70296 7.30102 2.32987 -0.06761 0.80621 0.04164 0.58628
1403638562.8778295517 10.73551 7.23031 2.33361 -0.05420 0.80722 0.01699 0.58751
1403638562.9778294563 10.76496 7.15482 2.33172 -0.03986 0.80776 -0.00565 0.58814
1403638563.0778295994 10.79026 7.07556 2.32443 -0.03103 0.80739 -0.02969 0.58845
1403638563.1778295040 10.80988 6.99068 2.31232 -0.01933 0.80702 -0.04934 0.58814
1403638563.2778294086 10.82477 6.90045 2.29637 -0.00795 0.80372 -0.06309 0.59160
1403638563.3778295517 10.83205 6.80562 2.27645 -0.00136 0.79575 -0.07274 0.60124
1403638563.4778294563 10.82990 6.70737 2.25098 0.00004 0.78945 -0.07977 0.60861
1403638563.5778295994 10.81698 6.60493 2.22493 0.00580 0.78991 -0.07967 0.60800
1403638563.6778295040 10.79177 6.50096 2.20478 0.00629 0.79328 -0.08007 0.60353
1403638563.7778294086 10.75821 6.39268 2.19119 0.00363 0.79539 -0.08070 0.60070
1403638563.8778295517 10.73050 6.27094 2.18630 0.00053 0.79502 -0.07976 0.60132
1403638563.9778294563 10.68070 6.15505 2.18754 -0.00244 0.79379 -0.07837 0.60311
1403638564.0778295994 10.63848 6.02201 2.18583 -0.00690 0.79447 -0.07610 0.60248
1403638564.1778295040 10.58944 5.88364 2.17906 -0.00856 0.79446 -0.07141 0.60305
1403638564.2778294086 10.51304 5.75679 2.17011 -0.00704 0.79267 -0.06623 0.60600
1403638564.3778295517 10.45215 5.60628 2.16535 -0.00712 0.79137 -0.06109 0.60823
1403638564.4778294563 10.36077 5.47193 2.16797 -0.00584 0.78992 -0.05701 0.61053
1403638564.5778295994 10.28114 5.31409 2.17385 -0.00865 0.79172 -0.05644 0.60821
1403638564.6778295040 10.17284 5.17387 2.17832 -0.01334 0.79313 -0.05944 0.60600
1403638564.7778294086 10.07893 5.00548 2.17512 -0.01721 0.79372 -0.06239 0.60482
1403638564.8778295517 9.95724 4.85715 2.16517 -0.01889 0.79288 -0.06498 0.60561
1403638564.9778294563 9.84960 4.68036 2.13568 -0.02074 0.79236 -0.06663 0.60605
1403638565.0778295994 9.71747 4.52084 2.09152 -0.02152 0.79241 -0.06749 0.60586
1403638565.1778295040 9.58204 4.35696 2.03286 -0.02159 0.79286 -0.06779 0.60523
1403638565.2778294086 9.44307 4.18631 1.96814 -0.01961 0.79356 -0.06713 0.60446
1403638565.3778295517 9.30395 4.00860 1.90044 -0.01656 0.79441 -0.06603 0.60356
1403638565.4778294563 9.16382 3.82174 1.83203 -0.01331 0.79362 -0.06518 0.60477
1403638565.5778295994 9.02190 3.62923 1.77006 -0.00636 0.79142 -0.06306 0.60798
1403638565.6778295040 8.87519 3.43307 1.71699 0.00577 0.79118 -0.05729 0.60887
1403638565.7778294086 8.72594 3.23959 1.67106 0.01516 0.79400 -0.05323 0.60539
1403638565.8778295517 8.57005 3.05068 1.63302 0.02281 0.79627 -0.05028 0.60242
1403638565.9778294563 8.40980 2.86462 1.59882 0.02559 0.79811 -0.05114 0.59980
1403638566.0778295994 8.24722 2.68172 1.55910 0.02743 0.79913 -0.05176 0.59830
1403638566.1778295040 8.08276 2.50126 1.51126 0.02560 0.79928 -0.05332 0.59804
1403638566.2778294086 7.91583 2.32408 1.45573 0.02646 0.79891 -0.05263 0.59855
1403638566.3778295517 7.74871 2.15072 1.39219 0.02693 0.79995 -0.05174 0.59722
1403638566.4778294563 7.58185 1.97953 1.32302 0.02376 0.80021 -0.05255 0.59694
1403638566.5778295994 7.41492 1.81288 1.24867 0.02321 0.80345 -0.05097 0.59273
1403638566.6778295040 7.24801 1.65027 1.16724 0.02245 0.81290 -0.04944 0.57986
1403638566.7778294086 7.08558 1.49208 1.08124 0.02170 0.82477 -0.04800 0.56302
1403638566.8778295517 6.93062 1.33828 0.99233 0.02014 0.83292 -0.04708 0.55101
1403638566.9778294563 6.78420 1.18935 0.90137 0.02038 0.83696 -0.04453 0.54507
1403638567.0778295994 6.64761 1.04763 0.81290 0.02077 0.82880 -0.04322 0.55749
1403638567.1778295040 6.51883 0.91000 0.72234 0.02352 0.81637 -0.04121 0.57558
1403638567.2778294086 6.39703 0.77637 0.62736 0.02721 0.80771 -0.03956 0.58762
1403638567.3778295517 6.27646 0.64967 0.52745 0.03059 0.80585 -0.03925 0.59002
1403638567.4778294563 6.15930 0.53045 0.43169 0.03294 0.80675 -0.04054 0.58859
1403638567.5778295994 6.04504 0.41661 0.34258 0.03464 0.81039 -0.04270 0.58331
1403638567.6778295040 5.93127 0.30541 0.26208 0.03827 0.81378 -0.04357 0.57827
1403638567.7778294086 5.82165 0.19748 0.19039 0.04047 0.81718 -0.04439 0.57325
1403638567.8778295517 5.71766 0.09363 0.12649 0.03980 0.82068 -0.04685 0.56807
1403638567.9778294563 5.62194 -0.00785 0.06894 0.03988 0.82172 -0.04797 0.56647
1403638568.0778295994 5.53148 -0.10752 0.01875 0.04299 0.82170 -0.04627 0.56641
1403638568.1778295040 5.44353 -0.20464 -0.02318 0.04507 0.82109 -0.04500 0.56723
1403638568.2778294086 5.35765 -0.29851 -0.05823 0.04599 0.82102 -0.04525 0.56724
1403638568.3778295517 5.27486 -0.38886 -0.09310 0.04595 0.82155 -0.04555 0.56645
1403638568.4778294563 5.19037 -0.47248 -0.13355 0.04643 0.82238 -0.04549 0.56521
1403638568.5778295994 5.11684 -0.55508 -0.17668 0.04715 0.82382 -0.04480 0.56310
1403638568.6778295040 5.04340 -0.62928 -0.22239 0.04846 0.82564 -0.04347 0.56043
1403638568.7778294086 4.98029 -0.70076 -0.26474 0.04797 0.82700 -0.04348 0.55847
1403638568.8778295517 4.92070 -0.76599 -0.29885 0.04595 0.82631 -0.04503 0.55953
1403638568.9778294563 4.86409 -0.82456 -0.32570 0.04792 0.82578 -0.04333 0.56027
1403638569.0778295994 4.81587 -0.88040 -0.34331 0.04939 0.82555 -0.04223 0.56058
1403638569.1778295040 4.76956 -0.92922 -0.35502 0.04999 0.82635 -0.04223 0.55935
1403638569.2778294086 4.73049 -0.97328 -0.36457 0.05199 0.82754 -0.04116 0.55747
1403638569.3778295517 4.69391 -1.01206 -0.38049 0.05288 0.82746 -0.04092 0.55753
1403638569.4778294563 4.66813 -1.04455 -0.39867 0.05346 0.82594 -0.04038 0.55976
1403638569.5778295994 4.64256 -1.07260 -0.42227 0.05425 0.82466 -0.04002 0.56159
1403638569.6778295040 4.62269 -1.09335 -0.44024 0.05345 0.82349 -0.04096 0.56333
1403638569.7778294086 4.60525 -1.10811 -0.45199 0.05450 0.82263 -0.04034 0.56452
1403638569.8778295517 4.60463 -1.10920 -0.45316 0.05572 0.82125 -0.03923 0.56648
1403638569.9778294563 4.59042 -1.11480 -0.45628 0.05456 0.81968 -0.04004 0.56881
1403638570.0778295994 4.58053 -1.11222 -0.46214 0.05235 0.81900 -0.04158 0.56989
1403638570.1778295040 4.57154 -1.10608 -0.47480 0.04746 0.81906 -0.04437 0.57002
1403638570.2778294086 4.56290 -1.09757 -0.49350 0.03994 0.81840 -0.04896 0.57117
1403638570.3778295517 4.55541 -1.08778 -0.51701 0.03365 0.81794 -0.05624 0.57155
1403638570.4778294563 4.58743 -1.06004 -0.53549 0.02944 0.81692 -0.07180 0.57151
1403638570.5778295994 4.57673 -1.05871 -0.57271 0.02229 0.81364 -0.09869 0.57249
1403638570.6778295040 4.61199 -1.04466 -0.60066 0.02305 0.80760 -0.12773 0.57528
1403638570.7778294086 4.63624 -1.05030 -0.63168 0.03019 0.79568 -0.15481 0.58483
1403638570.8778295517 4.64306 -1.07105 -0.66700 0.04263 0.78328 -0.17876 0.59389
1403638570.9778294563 4.63485 -1.10486 -0.70857 0.05791 0.77455 -0.19983 0.59732
1403638571.0778295994 4.61601 -1.14816 -0.75554 0.07451 0.77137 -0.21891 0.59288
1403638571.1778295040 4.58826 -1.19702 -0.79967 0.09564 0.77373 -0.23153 0.58188
1403638571.2778294086 4.55475 -1.25115 -0.83262 0.11553 0.77477 -0.23812 0.57418
1403638571.3778295517 4.51073 -1.31528 -0.85824 0.12789 0.77400 -0.24345 0.57035
1403638571.4778294563 4.46084 -1.38519 -0.87461 0.13348 0.77113 -0.24793 0.57103
1403638571.5778295994 4.40567 -1.45915 -0.88778 0.14002 0.76868 -0.25190 0.57102
1403638571.6778295040 4.34624 -1.53664 -0.90585 0.14576 0.76823 -0.26112 0.56604
1403638571.7778294086 4.28282 -1.61797 -0.92971 0.15336 0.76741 -0.27442 0.55880
1403638571.8778295517 4.21637 -1.70289 -0.95809 0.16026 0.76404 -0.29198 0.55254
1403638571.9778294563 4.14631 -1.79275 -0.98413 0.16760 0.75753 -0.31175 0.54852
1403638572.0778295994 4.07193 -1.88680 -1.00259 0.17639 0.75015 -0.33073 0.54477
1403638572.1778295040 3.99223 -1.98527 -1.01280 0.19182 0.74296 -0.34573 0.54009
1403638572.2778294086 3.90823 -2.08713 -1.01937 0.20553 0.73828 -0.36221 0.53058
1403638572.3778295517 3.82229 -2.19367 -1.02893 0.21821 0.73303 -0.38040 0.51995
1403638572.4778294563 3.73531 -2.30508 -1.04168 0.23177 0.72879 -0.39336 0.51031
1403638572.5778295994 3.64943 -2.42096 -1.05563 0.24237 0.72481 -0.40188 0.50438
1403638572.6778295040 3.56495 -2.54180 -1.06789 0.24797 0.72293 -0.40717 0.50009
1403638572.7778294086 3.48312 -2.66841 -1.07167 0.25554 0.72439 -0.40695 0.49432
1403638572.8778295517 3.40543 -2.79907 -1.06637 0.25898 0.72687 -0.40631 0.48940
1403638572.9778294563 3.33274 -2.93286 -1.05554 0.25955 0.72902 -0.40540 0.48664
1403638573.0778295994 3.26468 -3.06883 -1.04771 0.25889 0.73105 -0.40434 0.48482
1403638573.1778295040 3.20160 -3.20736 -1.04559 0.25721 0.73258 -0.40331 0.48426
1403638573.2778294086 3.13874 -3.34855 -1.04610 0.25565 0.73402 -0.40134 0.48456
1403638573.3778295517 3.08587 -3.49292 -1.04395 0.25507 0.73468 -0.40066 0.48441
1403638573.4778294563 3.03153 -3.64250 -1.04009 0.25814 0.73481 -0.40079 0.48247
1403638573.5778295994 2.99235 -3.79229 -1.02524 0.26015 0.73454 -0.40136 0.48133
1403638573.6778295040 2.95948 -3.94135 -1.00310 0.26337 0.73468 -0.40225 0.47862
1403638573.7778294086 2.93422 -4.08954 -0.97694 0.27068 0.73073 -0.40597 0.47744
1403638573.8778295517 2.91455 -4.23804 -0.95156 0.28478 0.72002 -0.41175 0.48054
1403638573.9778294563 2.89933 -4.38514 -0.93172 0.29695 0.70397 -0.42528 0.48518
1403638574.0778295994 2.88522 -4.52971 -0.91893 0.30303 0.68286 -0.44660 0.49236
1403638574.1778295040 2.87132 -4.66970 -0.91152 0.30932 0.65980 -0.47031 0.49779
1403638574.2778294086 2.85356 -4.80571 -0.90860 0.31895 0.64033 -0.49238 0.49580
1403638574.3778295517 2.82906 -4.93725 -0.90976 0.33148 0.62628 -0.51223 0.48529
1403638574.4778294563 2.79745 -5.06555 -0.91407 0.34498 0.61401 -0.53019 0.47209
1403638574.5778295994 2.75985 -5.19079 -0.91551 0.35547 0.60279 -0.54422 0.46271
1403638574.6778295040 2.71710 -5.31574 -0.90885 0.36738 0.59607 -0.55127 0.45368
1403638574.7778294086 2.67327 -5.44144 -0.89517 0.37820 0.59573 -0.55393 0.44185
1403638574.8778295517 2.62853 -5.56667 -0.87873 0.37956 0.59766 -0.55841 0.43233
1403638574.9778294563 2.58342 -5.69264 -0.86635 0.37819 0.59996 -0.56174 0.42598
1403638575.0778295994 2.53810 -5.81849 -0.86028 0.37085 0.59840 -0.56706 0.42759
1403638575.1778295040 2.49178 -5.94622 -0.85909 0.36532 0.59550 -0.57041 0.43192
1403638575.2778294086 2.43850 -6.07412 -0.86308 0.36201 0.59418 -0.57117 0.43549
1403638575.3778295517 2.38505 -6.20518 -0.87003 0.35909 0.59739 -0.57144 0.43317
1403638575.4778294563 2.32539 -6.33685 -0.88270 0.35726 0.60297 -0.56995 0.42890
1403638575.5778295994 2.26634 -6.47448 -0.89323 0.35663 0.60789 -0.56780 0.42531
1403638575.6778295040 2.20488 -6.61529 -0.89722 0.36032 0.61418 -0.56297 0.41954
1403638575.7778294086 2.14136 -6.75585 -0.89291 0.36140 0.62067 -0.56030 0.41257
1403638575.8778295517 2.07934 -6.89967 -0.87895 0.36141 0.62484 -0.55846 0.40877
1403638575.9778294563 2.02116 -7.04819 -0.85487 0.36107 0.62506 -0.55783 0.40958
1403638576.0778295994 1.96536 -7.20191 -0.82335 0.36186 0.62559 -0.55658 0.40978
1403638576.1778295040 1.91234 -7.36128 -0.78624 0.36288 0.62386 -0.55625 0.41196
1403638576.2778294086 1.86237 -7.52367 -0.75244 0.36709 0.62430 -0.55386 0.41077
1403638576.3778295517 1.82202 -7.67688 -0.72389 0.37211 0.62559 -0.55118 0.40789
1403638576.4778294563 1.78874 -7.82809 -0.70088 0.37640 0.62791 -0.54902 0.40328
1403638576.5778295994 1.76459 -7.97607 -0.68236 0.38145 0.63167 -0.54655 0.39595
1403638576.6778295040 1.75107 -8.12151 -0.66758 0.38530 0.63272 -0.54475 0.39300
1403638576.7778294086 1.74791 -8.26700 -0.65640 0.39109 0.62996 -0.54134 0.39643
1403638576.8778295517 1.74968 -8.41806 -0.65056 0.39458 0.62465 -0.53963 0.40363
1403638576.9778294563 1.75569 -8.57403 -0.64988 0.39322 0.61798 -0.54131 0.41287
1403638577.0778295994 1.76598 -8.72973 -0.65014 0.38937 0.61392 -0.54465 0.41814
1403638577.1778295040 1.77863 -8.88617 -0.64322 0.38686 0.61094 -0.54672 0.42212
1403638577.2778294086 1.79312 -9.04437 -0.63006 0.38734 0.61142 -0.54654 0.42122
1403638577.3778295517 1.81024 -9.20223 -0.60818 0.39392 0.61574 -0.54185 0.41484
1403638577.4778294563 1.83133 -9.35897 -0.58079 0.39824 0.61826 -0.53872 0.41101
1403638577.5778295994 1.85828 -9.51500 -0.55634 0.39537 0.61819 -0.54051 0.41156
1403638577.6778295040 1.89023 -9.66735 -0.53802 0.39214 0.61705 -0.54258 0.41362
1403638577.7778294086 1.92612 -9.81754 -0.52693 0.38953 0.61649 -0.54410 0.41492
1403638577.8778295517 1.96464 -9.97066 -0.52187 0.38921 0.61672 -0.54383 0.41523
1403638577.9778294563 2.00860 -10.11795 -0.51839 0.39011 0.61726 -0.54247 0.41536
1403638578.0778295994 2.05567 -10.27013 -0.50936 0.38911 0.61652 -0.54236 0.41753
1403638578.1778295040 2.10854 -10.41386 -0.49327 0.38479 0.61340 -0.54468 0.42308
1403638578.2778294086 2.16237 -10.56058 -0.47160 0.37659 0.60836 -0.55001 0.43078
1403638578.3778295517 2.21491 -10.70530 -0.45072 0.37469 0.60592 -0.55155 0.43389
1403638578.4778294563 2.26533 -10.84872 -0.43635 0.37492 0.60547 -0.55195 0.43382
1403638578.5778295994 2.31387 -10.99039 -0.42740 0.37499 0.60485 -0.55262 0.43376
1403638578.6778295040 2.35964 -11.13559 -0.42187 0.37742 0.60477 -0.55145 0.43325
1403638578.7778294086 2.40453 -11.27386 -0.41965 0.38270 0.60739 -0.54817 0.42910
1403638578.8778295517 2.44932 -11.41597 -0.42056 0.38766 0.61033 -0.54465 0.42494
1403638578.9778294563 2.49741 -11.54778 -0.42194 0.39017 0.61171 -0.54263 0.42324
1403638579.0778295994 2.54738 -11.68688 -0.41492 0.39063 0.61245 -0.54162 0.42304
1403638579.1778295040 2.60218 -11.81829 -0.39786 0.39131 0.61249 -0.54079 0.42340
1403638579.2778294086 2.65864 -11.95199 -0.37595 0.38919 0.61151 -0.54182 0.42546
1403638579.3778295517 2.71879 -12.07817 -0.35232 0.38376 0.60817 -0.54542 0.43055
1403638579.4778294563 2.77753 -12.20824 -0.33342 0.37821 0.60382 -0.54912 0.43684
1403638579.5778295994 2.83642 -12.32964 -0.31974 0.37731 0.60139 -0.54630 0.44444
1403638579.6778295040 2.89452 -12.45219 -0.31015 0.37993 0.60244 -0.53418 0.45538
1403638579.7778294086 2.95181 -12.57006 -0.30614 0.37876 0.61365 -0.51563 0.46271
1403638579.8778295517 3.00961 -12.68378 -0.30873 0.36841 0.63456 -0.49528 0.46510
1403638579.9778294563 3.06911 -12.79447 -0.31645 0.35177 0.65570 -0.47108 0.47370
1403638580.0778295994 3.12901 -12.89662 -0.32599 0.33815 0.67166 -0.43712 0.49341
1403638580.1778295040 3.18882 -12.98589 -0.33860 0.31915 0.68746 -0.40071 0.51475
1403638580.2778294086 3.24756 -13.06562 -0.35644 0.29343 0.70593 -0.36649 0.53033
1403638580.3778295517 3.30305 -13.13576 -0.37984 0.26353 0.72334 -0.34074 0.53966
1403638580.4778294563 3.35244 -13.19820 -0.40726 0.23751 0.73577 -0.32457 0.54488
1403638580.5778295994 3.39708 -13.25574 -0.43660 0.21998 0.74374 -0.31128 0.54915
1403638580.6778295040 3.43716 -13.30784 -0.46642 0.20441 0.75456 -0.29678 0.54843
1403638580.7778294086 3.47165 -13.35385 -0.48979 0.19366 0.76539 -0.28176 0.54524
1403638580.8778295517 3.50286 -13.40057 -0.50490 0.18852 0.77281 -0.27081 0.54211
1403638580.9778294563 3.53230 -13.44627 -0.51023 0.18227 0.77452 -0.26687 0.54376
1403638581.0778295994 3.56053 -13.49096 -0.50727 0.18063 0.77569 -0.26461 0.54374
1403638581.1778295040 3.59448 -13.53960 -0.49643 0.18316 0.77568 -0.26304 0.54367
1403638581.2778294086 3.62844 -13.58760 -0.48480 0.18713 0.77578 -0.26279 0.54229
1403638581.3778295517 3.65857 -13.63186 -0.47338 0.19009 0.77458 -0.26359 0.54260
1403638581.4778294563 3.69465 -13.67407 -0.45970 0.19298 0.77236 -0.26536 0.54387
1403638581.5778295994 3.72242 -13.71036 -0.44031 0.19558 0.77181 -0.26699 0.54293
1403638581.6778295040 3.75877 -13.74488 -0.42206 0.20087 0.76767 -0.26687 0.54691
1403638581.7778294086 3.78669 -13.77512 -0.40984 0.20270 0.76404 -0.26800 0.55075
1403638581.8778295517 3.81518 -13.80419 -0.40364 0.20544 0.76094 -0.26761 0.55421
1403638581.9778294563 3.84940 -13.82900 -0.40184 0.20959 0.75343 -0.26567 0.56377
1403638582.0778295994 3.87233 -13.85054 -0.39979 0.20788 0.75513 -0.26723 0.56138
1403638582.1778295040 3.89377 -13.86675 -0.38941 0.20325 0.76238 -0.27059 0.55158
1403638582.2778294086 3.92350 -13.88039 -0.36868 0.20352 0.76544 -0.27070 0.54717
1403638582.3778295517 3.94555 -13.89605 -0.33365 0.20582 0.76220 -0.26821 0.55204
1403638582.4778294563 3.97466 -13.90225 -0.29294 0.20796 0.76110 -0.26657 0.55355
1403638582.5778295994 4.00186 -13.90187 -0.24082 0.20903 0.76054 -0.26548 0.55444
1403638582.6778295040 4.02679 -13.91658 -0.17789 0.20834 0.76166 -0.26568 0.55307
1403638582.7778294086 4.05262 -13.90167 -0.11024 0.20662 0.76315 -0.26756 0.55075
1403638582.8778295517 4.07681 -13.88310 -0.04047 0.20707 0.76442 -0.26819 0.54850
1403638582.9778294563 4.10157 -13.86213 0.02301 0.20585 0.76657 -0.26990 0.54512
1403638583.0778295994 4.12629 -13.83970 0.07890 0.20481 0.76902 -0.27170 0.54115
1403638583.1778295040 4.15298 -13.81604 0.12737 0.20470 0.77059 -0.27249 0.53855
1403638583.2778294086 4.18283 -13.79178 0.16995 0.20342 0.77115 -0.27380 0.53757
1403638583.3778295517 4.20707 -13.79043 0.20982 0.20345 0.77087 -0.27324 0.53824
1403638583.4778294563 4.23925 -13.75985 0.24580 0.20363 0.77155 -0.27336 0.53714
1403638583.5778295994 4.27311 -13.73067 0.28889 0.20377 0.77152 -0.27326 0.53718
1403638583.6778295040 4.30759 -13.69793 0.33927 0.20546 0.77184 -0.27205 0.53669
1403638583.7778294086 4.34383 -13.66304 0.39029 0.20521 0.77153 -0.27204 0.53724
1403638583.8778295517 4.36644 -13.64759 0.43674 0.20550 0.77074 -0.27138 0.53860
1403638583.9778294563 4.40681 -13.60771 0.47473 0.20595 0.77075 -0.27107 0.53856
1403638584.0778295994 4.44696 -13.56742 0.50836 0.20901 0.76736 -0.26874 0.54338
1403638584.1778295040 4.47821 -13.54503 0.53991 0.21316 0.75849 -0.26487 0.55597
1403638584.2778294086 4.51941 -13.49699 0.56527 0.21577 0.74948 -0.26227 0.56828
1403638584.3778295517 4.56388 -13.48298 0.58485 0.21718 0.74684 -0.26094 0.57182
1403638584.4778294563 4.60295 -13.44593 0.59891 0.21776 0.74691 -0.26017 0.57186
1403638584.5778295994 4.62876 -13.37981 0.61349 0.21741 0.74710 -0.26025 0.57170
1403638584.6778295040 4.65064 -13.30376 0.63625 0.21511 0.74887 -0.26163 0.56962
1403638584.7778294086 4.66846 -13.22415 0.66484 0.21112 0.75573 -0.26402 0.56089
1403638584.8778295517 4.68599 -13.14155 0.69885 0.20448 0.76331 -0.26885 0.55069
1403638584.9778294563 4.69906 -13.04847 0.72960 0.20240 0.76691 -0.27090 0.54543
1403638585.0778295994 4.71549 -12.95283 0.75438 0.20200 0.76821 -0.27159 0.54340
1403638585.1778295040 4.73339 -12.86576 0.77450 0.19962 0.76800 -0.27321 0.54377
1403638585.2778294086 4.75308 -12.76508 0.78820 0.20091 0.76620 -0.27243 0.54622
1403638585.3778295517 4.77288 -12.67568 0.79921 0.20159 0.76414 -0.27167 0.54923
1403638585.4778294563 4.79466 -12.57274 0.80589 0.20161 0.76450 -0.27198 0.54856
1403638585.5778295994 4.81603 -12.48182 0.82091 0.20068 0.76634 -0.27220 0.54622
1403638585.6778295040 4.83612 -12.37861 0.84109 0.20043 0.76908 -0.27233 0.54238
1403638585.7778294086 4.86078 -12.28564 0.87173 0.19708 0.77408 -0.27466 0.53528
1403638585.8778295517 4.88302 -12.18168 0.90785 0.19437 0.77803 -0.27675 0.52944
1403638585.9778294563 4.90243 -12.07726 0.95108 0.19251 0.77800 -0.27872 0.52913
1403638586.0778295994 4.91608 -11.97153 0.99659 0.19456 0.77388 -0.27781 0.53487
1403638586.1778295040 4.95334 -11.88417 1.03921 0.19656 0.77106 -0.27725 0.53848
1403638586.2778294086 4.96163 -11.77702 1.07261 0.19872 0.76854 -0.27579 0.54204
1403638586.3778295517 4.99870 -11.69050 1.10478 0.20469 0.76557 -0.27210 0.54586
1403638586.4778294563 4.99497 -11.57496 1.12800 0.21249 0.76405 -0.26677 0.54763
1403638586.5778295994 5.03161 -11.48313 1.15012 0.21477 0.76339 -0.26563 0.54823
1403638586.6778295040 5.01554 -11.35433 1.16092 0.21144 0.76420 -0.26739 0.54753
1403638586.7778294086 5.04952 -11.25627 1.17045 0.20738 0.76379 -0.27012 0.54831
1403638586.8778295517 5.02503 -11.11838 1.16966 0.20474 0.76265 -0.27046 0.55073
1403638586.9778294563 5.05615 -11.01393 1.16847 0.20504 0.76240 -0.27024 0.55106
1403638587.0778295994 5.01938 -10.85910 1.15983 0.20384 0.76206 -0.27019 0.55201
1403638587.1778295040 5.04636 -10.74731 1.16122 0.20344 0.76327 -0.27027 0.55044
1403638587.2778294086 5.02293 -10.58557 1.16793 0.20249 0.76478 -0.27023 0.54871
1403638587.3778295517 5.04403 -10.46453 1.18463 0.20194 0.76636 -0.27069 0.54648
1403638587.4778294563 5.02285 -10.30410 1.20099 0.19991 0.76628 -0.27227 0.54655
1403638587.5778295994 5.04051 -10.17740 1.21737 0.19918 0.76628 -0.27329 0.54631
1403638587.6778295040 5.02489 -10.02405 1.22526 0.19874 0.76584 -0.27369 0.54690
1403638587.7778294086 5.04198 -9.89617 1.23168 0.19878 0.76542 -0.27412 0.54725
1403638587.8778295517 5.02656 -9.75472 1.23005 0.19751 0.76513 -0.27474 0.54780
1403638587.9778294563 5.04311 -9.62533 1.22755 0.19743 0.76469 -0.27526 0.54818
1403638588.0778295994 5.00615 -9.50183 1.21877 0.19759 0.76452 -0.27352 0.54923
1403638588.1778295040 5.01427 -9.37373 1.21007 0.20424 0.76541 -0.26919 0.54769
1403638588.2778294086 4.97032 -9.26349 1.19811 0.20581 0.76667 -0.26601 0.54689
1403638588.3778295517 4.98004 -9.12928 1.19555 0.20658 0.76701 -0.26539 0.54644
1403638588.4778294563 4.94583 -9.02174 1.19796 0.20372 0.76735 -0.26567 0.54689
1403638588.5778295994 4.95224 -8.88164 1.21143 0.20145 0.76654 -0.26735 0.54806
1403638588.6778295040 4.93203 -8.75606 1.22928 0.19844 0.76604 -0.26823 0.54941
1403638588.7778294086 4.93440 -8.61145 1.25485 0.19707 0.76444 -0.26962 0.55146
1403638588.8778295517 4.92453 -8.46147 1.27336 0.19441 0.76397 -0.27180 0.55197
1403638588.9778294563 4.92116 -8.31738 1.28748 0.19474 0.76384 -0.27209 0.55190
1403638589.0778295994 4.91689 -8.15968 1.29089 0.19517 0.76419 -0.27244 0.55109
1403638589.1778295040 4.91248 -8.01783 1.29186 0.19680 0.76394 -0.27173 0.55120
1403638589.2778294086 4.90391 -7.87216 1.28568 0.19632 0.76312 -0.27175 0.55250
1403638589.3778295517 4.89594 -7.73120 1.28137 0.19649 0.76292 -0.27151 0.55284
1403638589.4778294563 4.88772 -7.60089 1.27809 0.19568 0.76408 -0.27204 0.55126
1403638589.5778295994 4.87755 -7.45782 1.28359 0.19501 0.76401 -0.27241 0.55142
1403638589.6778295040 4.87292 -7.32890 1.29448 0.19421 0.76493 -0.27242 0.55041
1403638589.7778294086 4.86237 -7.18282 1.31514 0.19456 0.76644 -0.27285 0.54797
1403638589.8778295517 4.86120 -7.03872 1.33055 0.19432 0.76724 -0.27394 0.54638
1403638589.9778294563 4.85046 -6.89373 1.34345 0.19473 0.76718 -0.27439 0.54609
1403638590.0778295994 4.85078 -6.71496 1.34688 0.19446 0.76729 -0.27545 0.54551
1403638590.1778295040 4.84078 -6.57182 1.34983 0.19511 0.76619 -0.27570 0.54669
1403638590.2778294086 4.84180 -6.39740 1.34432 0.19488 0.76563 -0.27647 0.54717
1403638590.3778295517 4.83047 -6.25806 1.33957 0.19503 0.76591 -0.27687 0.54652
1403638590.4778294563 4.82287 -6.11027 1.32837 0.19477 0.76681 -0.27706 0.54526
1403638590.5778295994 4.81213 -5.97133 1.32300 0.19365 0.76785 -0.27774 0.54385
1403638590.6778295040 4.80188 -5.85188 1.32157 0.19109 0.76994 -0.27852 0.54139
1403638590.7778294086 4.79650 -5.71082 1.33293 0.19039 0.77070 -0.27904 0.54029
1403638590.8778295517 4.78739 -5.60108 1.34676 0.18988 0.77203 -0.27869 0.53874
1403638590.9778294563 4.78384 -5.46009 1.37255 0.18868 0.77254 -0.27966 0.53793
1403638591.0778295994 4.77558 -5.31442 1.39721 0.18695 0.77366 -0.28098 0.53623
1403638591.1778295040 4.77365 -5.17949 1.42103 0.18597 0.77779 -0.28230 0.52988
1403638591.2778294086 4.76907 -5.01125 1.43370 0.18318 0.78372 -0.28467 0.52075
1403638591.3778295517 4.76752 -4.86302 1.44202 0.17949 0.78812 -0.28728 0.51393
1403638591.4778294563 4.77001 -4.73596 1.44526 0.17634 0.79102 -0.28930 0.50942
1403638591.5778295994 4.77756 -4.61764 1.44232 0.17317 0.79391 -0.29143 0.50477
1403638591.6778295040 4.79036 -4.50198 1.43540 0.17153 0.79431 -0.29234 0.50416
1403638591.7778294086 4.80767 -4.37691 1.42812 0.17325 0.79251 -0.29116 0.50709
1403638591.8778295517 4.84429 -4.29752 1.42398 0.17422 0.79024 -0.29026 0.51080
1403638591.9778294563 4.88578 -4.22750 1.42664 0.17495 0.78767 -0.28944 0.51497
1403638592.0778295994 4.92560 -4.13872 1.43740 0.17535 0.78521 -0.28826 0.51924
1403638592.1778295040 4.98033 -4.08168 1.45827 0.17350 0.78242 -0.28636 0.52508
1403638592.2778294086 5.03411 -4.07583 1.48919 0.16793 0.77744 -0.28059 0.53727
1403638592.3778295517 5.08699 -4.10119 1.52687 0.15796 0.77554 -0.27117 0.54777
1403638592.4778294563 5.13772 -4.14258 1.57145 0.14500 0.77879 -0.25680 0.55364
1403638592.5778295994 5.18381 -4.20043 1.62121 0.13573 0.78690 -0.24206 0.55115
1403638592.6778295040 5.22630 -4.25385 1.67622 0.12783 0.79491 -0.23034 0.54656
1403638592.7778294086 5.26782 -4.30068 1.72928 0.12156 0.80233 -0.22240 0.54039
1403638592.8778295517 5.31045 -4.34187 1.77614 0.11658 0.80760 -0.21744 0.53564
1403638592.9778294563 5.35612 -4.37405 1.81851 0.11526 0.81026 -0.21353 0.53348
1403638593.0778295994 5.41157 -4.39448 1.85714 0.11413 0.81104 -0.21218 0.53307
1403638593.1778295040 5.46852 -4.42685 1.89557 0.11398 0.80939 -0.21111 0.53603
1403638593.2778294086 5.53432 -4.45810 1.94066 0.12081 0.80623 -0.20729 0.54076
1403638593.3778295517 5.59912 -4.49382 1.99087 0.12979 0.80295 -0.20207 0.54551
1403638593.4778294563 5.66427 -4.52766 2.03899 0.13808 0.79839 -0.19802 0.55164
1403638593.5778295994 5.73052 -4.55925 2.07988 0.14276 0.79551 -0.19664 0.55509
1403638593.6778295040 5.79766 -4.58757 2.11375 0.14556 0.79421 -0.19629 0.55634
1403638593.7778294086 5.86535 -4.61203 2.14204 0.14709 0.79077 -0.19660 0.56072
1403638593.8778295517 5.93704 -4.63684 2.17109 0.14311 0.78031 -0.19661 0.57618
1403638593.9778294563 6.00096 -4.65071 2.20367 0.13699 0.77677 -0.19356 0.58344
1403638594.0778295994 6.05871 -4.66066 2.23877 0.12895 0.78218 -0.19165 0.57865
1403638594.1778295040 6.11054 -4.66817 2.27732 0.12702 0.78821 -0.18720 0.57232
1403638594.2778294086 6.15863 -4.67379 2.31321 0.12778 0.79055 -0.18257 0.57041
1403638594.3778295517 6.20765 -4.68454 2.34739 0.13030 0.78969 -0.17769 0.57256
1403638594.4778294563 6.24882 -4.68234 2.38346 0.13453 0.78829 -0.17240 0.57514
1403638594.5778295994 6.29123 -4.68548 2.42614 0.12892 0.78854 -0.17430 0.57550
1403638594.6778295040 6.32269 -4.67257 2.47217 0.12376 0.78880 -0.17767 0.57525
1403638594.7778294086 6.36055 -4.67230 2.51620 0.12155 0.78951 -0.17970 0.57411
1403638594.8778295517 6.38319 -4.65372 2.55078 0.12082 0.78926 -0.18157 0.57403
1403638594.9778294563 6.41472 -4.65082 2.58011 0.12182 0.79113 -0.18209 0.57107
1403638595.0778295994 6.44278 -4.64610 2.60196 0.12041 0.79228 -0.18389 0.56919
1403638595.1778295040 6.46907 -4.64163 2.61682 0.12023 0.79274 -0.18511 0.56819
1403638595.2778294086 6.49348 -4.63727 2.62464 0.12075 0.79318 -0.18539 0.56738
1403638595.3778295517 6.49550 -4.60574 2.62254 0.12121 0.79249 -0.18629 0.56795
1403638595.4778294563 6.51818 -4.60205 2.61965 0.12125 0.79285 -0.18650 0.56737
1403638595.5778295994 6.53751 -4.59766 2.61333 0.12125 0.79366 -0.18619 0.56634
1403638595.6778295040 6.55634 -4.59347 2.61350 0.12362 0.79376 -0.18451 0.56623
1403638595.7778294086 6.57342 -4.58805 2.61810 0.12787 0.79482 -0.18158 0.56475
1403638595.8778295517 6.58912 -4.58197 2.61815 0.12911 0.79524 -0.18091 0.56409
1403638595.9778294563 6.60457 -4.57548 2.60335 0.13149 0.79499 -0.17945 0.56435
1403638596.0778295994 6.55633 -4.49201 2.56699 0.14010 0.79513 -0.17488 0.56352
1403638596.1778295040 6.57688 -4.47876 2.54196 0.15133 0.79684 -0.16706 0.56057
1403638596.2778294086 6.59905 -4.46005 2.52339 0.16298 0.79883 -0.15843 0.55697
1403638596.3778295517 6.54574 -4.35512 2.50199 0.17327 0.79844 -0.15105 0.55647
1403638596.4778294563 6.56426 -4.30901 2.49842 0.17876 0.79825 -0.14624 0.55628
1403638596.5778295994 6.51075 -4.17725 2.49527 0.18639 0.79839 -0.14087 0.55497
1403638596.6778295040 6.52736 -4.09184 2.50623 0.19408 0.79878 -0.13489 0.55325
1403638596.7778294086 6.55258 -3.99366 2.52540 0.19802 0.79895 -0.13150 0.55243
1403638596.8778295517 6.53139 -3.82965 2.55053 0.20216 0.79779 -0.12863 0.55328
1403638596.9778294563 6.55842 -3.69252 2.57657 0.20399 0.79653 -0.12765 0.55464
1403638597.0778295994 6.57141 -3.52141 2.60350 0.20704 0.79535 -0.12670 0.55542
1403638597.1778295040 6.60281 -3.34255 2.62686 0.20968 0.79327 -0.12664 0.55742
1403638597.2778294086 6.64059 -3.14712 2.64429 0.20760 0.79024 -0.12992 0.56174
1403638597.3778295517 6.69046 -2.92747 2.65461 0.20354 0.78801 -0.13525 0.56508
1403638597.4778294563 6.74724 -2.70396 2.65675 0.19558 0.78431 -0.14257 0.57121
1403638597.5778295994 6.79981 -2.47884 2.65347 0.18306 0.77930 -0.15194 0.57973
1403638597.6778295040 6.84811 -2.24902 2.64576 0.17858 0.77681 -0.15571 0.58346
1403638597.7778294086 6.89442 -2.01103 2.63251 0.18260 0.77871 -0.15042 0.58107
1403638597.8778295517 6.93973 -1.76138 2.61468 0.18684 0.78153 -0.13895 0.57879
1403638597.9778294563 6.98369 -1.49987 2.59391 0.18813 0.78331 -0.12969 0.57811
1403638598.0778295994 7.02871 -1.22526 2.57759 0.18152 0.78346 -0.12702 0.58060
1403638598.1778295040 7.07298 -0.93721 2.56723 0.16008 0.78473 -0.13600 0.58316
1403638598.2778294086 7.11379 -0.64101 2.56089 0.14283 0.78640 -0.14432 0.58339
1403638598.3778295517 7.15291 -0.34243 2.55262 0.13217 0.78803 -0.14961 0.58238
1403638598.4778294563 7.19161 -0.04296 2.53915 0.12831 0.79021 -0.15153 0.57977
1403638598.5778295994 7.22943 0.25679 2.51865 0.12387 0.79220 -0.14975 0.57850
1403638598.6778295040 7.26690 0.55643 2.49217 0.12018 0.79465 -0.14150 0.57799
1403638598.7778294086 7.30543 0.85619 2.46708 0.11249 0.79708 -0.13091 0.57869
1403638598.8778295517 7.34203 1.15558 2.44879 0.10397 0.79847 -0.11656 0.58142
1403638598.9778294563 7.37606 1.45352 2.43449 0.09463 0.80144 -0.10017 0.58198
1403638599.0778295994 7.40757 1.75044 2.42654 0.08308 0.80337 -0.08342 0.58372
1403638599.1778295040 7.43466 2.04692 2.42576 0.07158 0.80525 -0.06577 0.58492
1403638599.2778294086 7.45746 2.34229 2.42982 0.06100 0.80782 -0.04681 0.58439
1403638599.3778295517 7.47677 2.63687 2.44193 0.04877 0.81162 -0.02959 0.58139
1403638599.4778294563 7.49325 2.92971 2.45935 0.03986 0.81423 -0.01628 0.57895
1403638599.5778295994 7.50930 3.22100 2.47541 0.03444 0.81684 -0.00781 0.57578
1403638599.6778295040 7.52281 3.51073 2.48368 0.03081 0.81848 -0.00317 0.57370
1403638599.7778294086 7.53640 3.79953 2.48397 0.02953 0.81866 -0.00202 0.57352
1403638599.8778295517 7.55257 4.08693 2.47766 0.02750 0.81995 -0.00443 0.57176
1403638599.9778294563 7.57027 4.37338 2.46732 0.02363 0.82005 -0.00992 0.57171
1403638600.0778295994 7.59124 4.65862 2.45332 0.01710 0.82109 -0.01762 0.57028
1403638600.1778295040 7.61434 4.93912 2.43623 0.00480 0.82264 -0.02921 0.56779
1403638600.2778294086 7.63709 5.21296 2.41441 -0.00544 0.82461 -0.03973 0.56427
1403638600.3778295517 7.66257 5.47674 2.39143 -0.01328 0.82594 -0.04818 0.56154
1403638600.4778294563 7.69091 5.72731 2.37360 -0.01972 0.82703 -0.05452 0.55915
1403638600.5778295994 7.72276 5.96216 2.36638 -0.01783 0.82765 -0.05505 0.55826
1403638600.6778295040 7.75659 6.18170 2.36700 -0.02092 0.82915 -0.05789 0.55563
1403638600.7778294086 7.79549 6.38485 2.37527 -0.02094 0.83298 -0.05762 0.54989
1403638600.8778295517 7.83964 6.57119 2.38950 -0.01030 0.83706 -0.04873 0.54484
1403638600.9778294563 7.88890 6.74393 2.40174 0.00615 0.83952 -0.03513 0.54216
1403638601.0778295994 7.94498 6.90638 2.40861 0.01495 0.84014 -0.02687 0.54149
1403638601.1778295040 8.00798 7.06355 2.41060 0.02255 0.83892 -0.02020 0.54342
1403638601.2778294086 8.07884 7.21735 2.40941 0.03181 0.83264 -0.01236 0.55276
1403638601.3778295517 8.15872 7.36785 2.40688 0.02886 0.82771 -0.00818 0.56036
1403638601.4778294563 8.24269 7.51972 2.40830 0.01558 0.82347 -0.00318 0.56714
1403638601.5778295994 8.32869 7.67124 2.41610 0.00469 0.81903 0.01140 0.57362
1403638601.6778295040 8.41454 7.82369 2.42831 -0.00656 0.81692 0.03167 0.57585
1403638601.7778294086 8.49868 7.97725 2.44683 -0.01915 0.81461 0.05732 0.57685
1403638601.8778295517 8.58101 8.12971 2.47273 -0.03298 0.81022 0.08658 0.57875
1403638601.9778294563 8.65954 8.28291 2.49963 -0.04788 0.80756 0.11021 0.57741
1403638602.0778295994 8.73632 8.43142 2.52114 -0.05964 0.80627 0.12737 0.57458
1403638602.1778295040 8.80956 8.57865 2.53646 -0.06576 0.80183 0.14332 0.57637
1403638602.2778294086 8.87788 8.72805 2.54600 -0.07351 0.79507 0.16114 0.58008
1403638602.3778295517 8.94085 8.87786 2.55573 -0.09616 0.78413 0.17424 0.58781
1403638602.4778294563 8.99479 9.02883 2.57605 -0.13104 0.76205 0.18147 0.60759
1403638602.5778295994 9.03605 9.17349 2.60402 -0.16628 0.74034 0.18719 0.62386
1403638602.6778295040 9.06167 9.30333 2.63712 -0.18721 0.73021 0.20108 0.62555
1403638602.7778294086 9.06959 9.41844 2.67543 -0.19852 0.72617 0.22103 0.62001
1403638602.8778295517 9.06261 9.51806 2.71798 -0.20998 0.72312 0.24097 0.61233
1403638602.9778294563 9.04046 9.60258 2.76257 -0.23009 0.72353 0.25664 0.59808
1403638603.0778295994 9.00721 9.67319 2.80410 -0.24930 0.71874 0.27167 0.58945
1403638603.1778295040 8.96735 9.72356 2.83929 -0.26200 0.71151 0.28645 0.58571
1403638603.2778294086 8.91738 9.75408 2.86215 -0.26102 0.71901 0.30378 0.56798
1403638603.3778295517 8.86436 9.77507 2.87570 -0.25508 0.73189 0.31835 0.54583
1403638603.4778294563 8.80868 9.78640 2.88337 -0.25255 0.74008 0.32605 0.53122
1403638603.5778295994 8.75806 9.80016 2.88825 -0.25462 0.73760 0.33109 0.53056
1403638603.6778295040 8.71373 9.81980 2.88820 -0.25717 0.72968 0.33406 0.53836
1403638603.7778294086 8.65838 9.84206 2.87921 -0.25061 0.72114 0.34026 0.54898
1403638603.8778295517 8.60750 9.84917 2.86503 -0.24461 0.71316 0.34589 0.55851
1403638603.9778294563 8.54854 9.85450 2.84512 -0.24021 0.70604 0.34931 0.56727
1403638604.0778295994 8.46950 9.86009 2.81865 -0.23427 0.70252 0.35205 0.57240
1403638604.1778295040 8.39035 9.86313 2.79916 -0.23369 0.70166 0.35332 0.57291
1403638604.2778294086 8.28754 9.86101 2.78545 -0.24023 0.70558 0.34963 0.56764
1403638604.3778295517 8.18075 9.85505 2.77890 -0.24610 0.71309 0.34674 0.55742
1403638604.4778294563 8.06363 9.84493 2.77849 -0.24422 0.72092 0.34833 0.54708
1403638604.5778295994 7.94184 9.83355 2.78303 -0.24240 0.72558 0.34956 0.54091
1403638604.6778295040 7.81665 9.82056 2.78306 -0.24517 0.72881 0.34788 0.53639
1403638604.7778294086 7.69110 9.80418 2.77833 -0.24947 0.73073 0.34517 0.53354
1403638604.8778295517 7.56732 9.78434 2.77368 -0.25082 0.73382 0.34458 0.52903
1403638604.9778294563 7.44447 9.76223 2.77264 -0.24869 0.73975 0.34642 0.52049
1403638605.0778295994 7.32366 9.73836 2.77897 -0.24654 0.74607 0.34851 0.51101
1403638605.1778295040 7.20860 9.71519 2.79383 -0.24453 0.74985 0.35074 0.50488
1403638605.2778294086 7.10216 9.69595 2.81193 -0.24123 0.75045 0.35378 0.50346
1403638605.3778295517 7.00170 9.67949 2.82647 -0.23569 0.74551 0.35839 0.51012
1403638605.4778294563 6.89629 9.67468 2.83606 -0.22833 0.73543 0.36387 0.52403
1403638605.5778295994 6.79840 9.66541 2.84127 -0.22328 0.72685 0.36835 0.53494
1403638605.6778295040 6.69523 9.66130 2.84170 -0.21912 0.72094 0.37182 0.54221
1403638605.7778294086 6.58541 9.66238 2.84531 -0.21787 0.71993 0.37313 0.54315
1403638605.8778295517 6.46314 9.67260 2.85838 -0.21507 0.71991 0.37474 0.54318
1403638605.9778294563 6.33998 9.68731 2.87864 -0.21121 0.71917 0.37676 0.54427
1403638606.0778295994 6.20499 9.71000 2.89669 -0.20855 0.71934 0.37745 0.54460
1403638606.1778295040 6.06830 9.73671 2.90867 -0.20524 0.71916 0.37909 0.54495
1403638606.2778294086 5.92143 9.77139 2.91307 -0.20307 0.72043 0.37944 0.54385
1403638606.3778295517 5.77267 9.81282 2.90898 -0.20873 0.72904 0.37479 0.53336
1403638606.4778294563 5.61931 9.86004 2.89820 -0.21696 0.73933 0.36829 0.52028
1403638606.5778295994 5.46396 9.91245 2.88127 -0.22396 0.74796 0.36380 0.50798
1403638606.6778295040 5.31284 9.97219 2.85992 -0.22942 0.75117 0.36606 0.49911
1403638606.7778294086 5.16714 10.03934 2.83431 -0.23421 0.75114 0.37542 0.48989
1403638606.8778295517 5.02612 10.11320 2.80712 -0.24273 0.74753 0.38826 0.48118
1403638606.9778294563 4.89053 10.19548 2.78551 -0.25360 0.74028 0.40390 0.47385
1403638607.0778295994 4.76328 10.28465 2.77392 -0.26759 0.73150 0.41850 0.46708
1403638607.1778295040 4.64367 10.38003 2.77117 -0.28401 0.72172 0.42568 0.46610
1403638607.2778294086 4.53132 10.47873 2.76996 -0.29784 0.70810 0.43017 0.47417
1403638607.3778295517 4.42378 10.57840 2.76113 -0.31062 0.69958 0.43033 0.47845
1403638607.4778294563 4.32187 10.67740 2.74406 -0.31655 0.69647 0.43159 0.47797
1403638607.5778295994 4.22423 10.77330 2.72031 -0.31862 0.69544 0.43303 0.47679
1403638607.6778295040 4.13262 10.86612 2.69295 -0.32040 0.69374 0.43312 0.47799
1403638607.7778294086 4.04733 10.95692 2.66240 -0.31897 0.69230 0.43367 0.48053
1403638607.8778295517 3.96733 11.04475 2.62765 -0.32030 0.69456 0.43172 0.47815
1403638607.9778294563 3.88588 11.13103 2.58825 -0.32255 0.69898 0.42840 0.47315
1403638608.0778295994 3.82189 11.21366 2.54563 -0.32352 0.69774 0.42601 0.47645
1403638608.1778295040 3.76369 11.29180 2.49825 -0.31995 0.69472 0.42654 0.48276
1403638608.2778294086 3.69701 11.36957 2.44667 -0.31865 0.69014 0.42581 0.49076
1403638608.3778295517 3.65300 11.43541 2.39091 -0.31938 0.68427 0.42485 0.49928
1403638608.4778294563 3.59141 11.50323 2.32852 -0.31955 0.68415 0.42449 0.49964
1403638608.5778295994 3.55589 11.55549 2.26107 -0.31828 0.68552 0.42556 0.49766
1403638608.6778295040 3.49608 11.61296 2.19661 -0.32381 0.68276 0.42160 0.50123
1403638608.7778294086 3.46622 11.65155 2.13667 -0.32481 0.68272 0.42175 0.50052
1403638608.8778295517 3.42989 11.68784 2.08233 -0.32381 0.68602 0.42346 0.49519
1403638608.9778294563 3.37646 11.72305 2.03621 -0.32295 0.69010 0.42439 0.48924
1403638609.0778295994 3.33840 11.75202 1.99707 -0.32250 0.69277 0.42513 0.48510
1403638609.1778295040 3.29782 11.77953 1.96384 -0.32447 0.69322 0.42387 0.48426
1403638609.2778294086 3.25483 11.80369 1.93002 -0.33245 0.69334 0.41816 0.48362
1403638609.3778295517 3.21263 11.82283 1.88883 -0.33129 0.69358 0.41864 0.48365
1403638609.4778294563 3.17543 11.83980 1.84052 -0.32760 0.69368 0.42079 0.48417
1403638609.5778295994 3.13918 11.85118 1.78569 -0.32410 0.69369 0.42275 0.48481
1403638609.6778295040 3.10500 11.86714 1.72518 -0.32188 0.69283 0.42420 0.48625
1403638609.7778294086 3.07382 11.87361 1.66444 -0.32064 0.69295 0.42492 0.48627
1403638609.8778295517 3.04407 11.88770 1.61027 -0.32093 0.69331 0.42458 0.48586
1403638609.9778294563 3.01726 11.89012 1.56433 -0.32178 0.69286 0.42371 0.48670
1403638610.0778295994 2.99469 11.89822 1.52670 -0.32501 0.69074 0.42116 0.48976
1403638610.1778295040 2.97294 11.89588 1.49358 -0.32604 0.68770 0.42024 0.49413
1403638610.2778294086 2.95202 11.88976 1.45614 -0.32835 0.68646 0.41820 0.49605
1403638610.3778295517 2.93228 11.87890 1.41232 -0.32912 0.68613 0.41751 0.49658
1403638610.4778294563 2.91571 11.86967 1.36338 -0.32913 0.68463 0.41700 0.49906
1403638610.5778295994 2.89782 11.84949 1.31171 -0.33187 0.67945 0.41474 0.50616
1403638610.6778295040 2.87838 11.82145 1.25952 -0.33622 0.67443 0.41149 0.51261
1403638610.7778294086 2.85613 11.78295 1.20942 -0.33373 0.67975 0.41421 0.50496
1403638610.8778295517 2.83371 11.73808 1.16707 -0.32990 0.68609 0.41819 0.49554
1403638610.9778294563 2.81434 11.70304 1.13345 -0.33022 0.68663 0.41855 0.49428
1403638611.0778295994 2.79794 11.65813 1.09934 -0.33323 0.68389 0.41673 0.49758
1403638611.1778295040 2.78271 11.60169 1.05977 -0.33459 0.68292 0.41689 0.49788
1403638611.2778294086 2.76772 11.53997 1.01979 -0.33403 0.68252 0.41787 0.49797
1403638611.3778295517 2.75263 11.47076 0.98472 -0.32762 0.68012 0.42233 0.50173
1403638611.4778294563 2.73295 11.40565 0.95549 -0.31512 0.67600 0.43029 0.50851
1403638611.5778295994 2.71425 11.32946 0.93447 -0.30633 0.67555 0.43552 0.51001
1403638611.6778295040 2.68304 11.26043 0.91705 -0.30426 0.67813 0.43597 0.50744
1403638611.7778294086 2.65084 11.19239 0.89671 -0.30961 0.68412 0.43179 0.49967
1403638611.8778295517 2.62100 11.11639 0.87236 -0.31483 0.68974 0.42743 0.49239
1403638611.9778294563 2.58875 11.04837 0.84217 -0.31721 0.69334 0.42492 0.48796
1403638612.0778295994 2.55978 10.98200 0.81437 -0.31635 0.69550 0.42475 0.48559
1403638612.1778295040 2.53390 10.90768 0.79557 -0.31776 0.69674 0.42318 0.48426
1403638612.2778294086 2.51061 10.84291 0.78423 -0.31799 0.69699 0.42256 0.48429
1403638612.3778295517 2.49157 10.77092 0.78030 -0.31637 0.69653 0.42314 0.48550
1403638612.4778294563 2.47291 10.70397 0.77157 -0.31542 0.69558 0.42248 0.48805
1403638612.5778295994 2.45697 10.63300 0.75831 -0.31255 0.69341 0.42301 0.49250
1403638612.6778295040 2.44130 10.56281 0.73840 -0.30674 0.69150 0.42546 0.49672
1403638612.7778294086 2.42252 10.49697 0.70971 -0.30356 0.69082 0.42539 0.49966
1403638612.8778295517 2.40401 10.42856 0.68445 -0.30378 0.68967 0.42309 0.50305
1403638612.9778294563 2.37879 10.36172 0.65961 -0.30437 0.69053 0.42107 0.50321
1403638613.0778295994 2.35535 10.29585 0.64561 -0.30499 0.69332 0.41990 0.49997
1403638613.1778295040 2.32961 10.22880 0.63859 -0.30453 0.69575 0.41966 0.49707
1403638613.2778294086 2.30238 10.16211 0.63551 -0.30354 0.69637 0.42002 0.49650
1403638613.3778295517 2.27635 10.09838 0.64215 -0.30285 0.69593 0.42054 0.49710
1403638613.4778294563 2.24771 10.02829 0.64215 -0.30341 0.69555 0.41960 0.49809
1403638613.5778295994 2.22013 9.96667 0.64112 -0.30266 0.69685 0.41526 0.50035
1403638613.6778295040 2.19137 9.90570 0.63371 -0.30655 0.69756 0.40853 0.50253
1403638613.7778294086 2.16109 9.83359 0.61403 -0.31033 0.69644 0.40101 0.50780
1403638613.8778295517 2.13307 9.77191 0.59283 -0.30726 0.69867 0.39290 0.51291
1403638613.9778294563 2.10295 9.68801 0.55959 -0.29960 0.70480 0.38315 0.51643
1403638614.0778295994 2.07260 9.60376 0.52288 -0.28767 0.71292 0.37144 0.52060
1403638614.1778295040 2.04098 9.51935 0.48660 -0.27300 0.72323 0.35856 0.52331
1403638614.2778294086 2.00753 9.42912 0.45618 -0.26213 0.73208 0.34506 0.52562
1403638614.3778295517 1.97359 9.33889 0.43084 -0.25370 0.73869 0.33562 0.52663
1403638614.4778294563 1.93938 9.25153 0.41455 -0.25038 0.74333 0.32673 0.52727
1403638614.5778295994 1.90475 9.16326 0.40635 -0.24661 0.74771 0.31839 0.52795
1403638614.6778295040 1.87215 9.07474 0.40438 -0.24373 0.75280 0.30637 0.52918
1403638614.7778294086 1.84115 8.98543 0.41197 -0.24198 0.76261 0.28969 0.52531
1403638614.8778295517 1.81095 8.89109 0.42700 -0.23448 0.77366 0.27203 0.52199
1403638614.9778294563 1.78691 8.79625 0.44850 -0.22141 0.78281 0.25276 0.52373
1403638615.0778295994 1.76849 8.69808 0.47374 -0.20340 0.79014 0.23184 0.52968
1403638615.1778295040 1.75493 8.59651 0.50352 -0.18199 0.79353 0.20958 0.54154
1403638615.2778294086 1.74474 8.49262 0.53750 -0.15697 0.79585 0.18802 0.55375
1403638615.3778295517 1.73516 8.38703 0.56722 -0.13564 0.79948 0.16252 0.56216
1403638615.4778294563 1.72630 8.28099 0.59140 -0.11542 0.80253 0.13655 0.56919
1403638615.5778295994 1.71629 8.17447 0.60940 -0.09835 0.80584 0.11214 0.57304
1403638615.6778295040 1.70495 8.06795 0.62404 -0.08516 0.80791 0.09477 0.57537
1403638615.7778294086 1.69317 7.96366 0.64366 -0.07755 0.80917 0.08230 0.57660
1403638615.8778295517 1.67829 7.85909 0.67046 -0.07244 0.81033 0.07049 0.57718
1403638615.9778294563 1.66216 7.75289 0.69563 -0.06540 0.81183 0.05860 0.57726
1403638616.0778295994 1.64547 7.64666 0.71511 -0.05664 0.81239 0.04637 0.57850
1403638616.1778295040 1.62632 7.53834 0.72279 -0.04700 0.81354 0.03231 0.57871
1403638616.2778294086 1.60635 7.43140 0.71343 -0.03642 0.81449 0.01409 0.57886
1403638616.3778295517 1.58662 7.32537 0.68900 -0.02318 0.81515 -0.00525 0.57876
1403638616.4778294563 1.56760 7.21947 0.65677 -0.01270 0.81560 -0.02317 0.57801
1403638616.5778295994 1.55007 7.11258 0.62130 -0.00353 0.81721 -0.03558 0.57523
1403638616.6778295040 1.53351 7.00313 0.58262 0.00198 0.82180 -0.04503 0.56799
1403638616.7778294086 1.51959 6.89157 0.53925 -0.00143 0.83020 -0.05498 0.55474
1403638616.8778295517 1.51139 6.77632 0.49568 -0.00576 0.83587 -0.06137 0.54545
1403638616.9778294563 1.51103 6.65222 0.46081 -0.00116 0.83402 -0.05856 0.54861
1403638617.0778295994 1.51779 6.52461 0.43628 0.00393 0.83031 -0.05317 0.55474
1403638617.1778295040 1.52819 6.39597 0.42115 0.00952 0.82738 -0.04599 0.55967
1403638617.2778294086 1.54138 6.26931 0.41206 0.01094 0.82971 -0.04112 0.55657
1403638617.3778295517 1.55761 6.14333 0.40864 0.01040 0.83370 -0.03807 0.55080
1403638617.4778294563 1.57791 6.01927 0.41305 0.00996 0.83642 -0.03470 0.54690
1403638617.5778295994 1.60301 5.89592 0.42508 0.00962 0.83709 -0.03162 0.54607
1403638617.6778295040 1.63308 5.77311 0.44486 0.01048 0.83563 -0.02753 0.54850
1403638617.7778294086 1.67552 5.65876 0.47259 0.01069 0.83404 -0.02485 0.55104
1403638617.8778295517 1.71461 5.53950 0.50637 0.01149 0.83396 -0.02133 0.55129
1403638617.9778294563 1.75787 5.42210 0.54424 0.00919 0.83283 -0.02067 0.55307
1403638618.0778295994 1.80599 5.30891 0.57737 0.00824 0.83237 -0.01922 0.55383
1403638618.1778295040 1.85904 5.20167 0.60393 0.00579 0.83243 -0.01903 0.55378
1403638618.2778294086 1.91940 5.10047 0.62430 0.00635 0.83242 -0.01755 0.55382
1403638618.3778295517 1.97818 5.00487 0.64072 0.00630 0.83158 -0.01661 0.55511
1403638618.4778294563 2.04435 4.90993 0.65394 0.00616 0.83170 -0.01539 0.55498
1403638618.5778295994 2.10890 4.82475 0.66611 0.00760 0.83058 -0.01479 0.55665
1403638618.6778295040 2.18118 4.73188 0.67561 0.01146 0.83048 -0.01788 0.55664
1403638618.7778294086 2.25200 4.65581 0.68949 0.01436 0.82969 -0.02131 0.55763
1403638618.8778295517 2.32606 4.58203 0.70891 0.01765 0.82786 -0.02486 0.56011
1403638618.9778294563 2.40260 4.50911 0.72967 0.02383 0.82368 -0.03402 0.56554
1403638619.0778295994 2.47974 4.43720 0.74261 0.03585 0.82006 -0.04792 0.56914
1403638619.1778295040 2.55686 4.36716 0.74740 0.04950 0.81650 -0.06700 0.57131
1403638619.2778294086 2.63415 4.29992 0.74435 0.06353 0.81258 -0.09130 0.57213
1403638619.3778295517 2.71014 4.23519 0.73105 0.07978 0.80811 -0.11604 0.57195
1403638619.4778294563 2.78457 4.17480 0.71269 0.09048 0.80378 -0.13750 0.57170
1403638619.5778295994 2.85927 4.11753 0.69225 0.09718 0.80002 -0.15346 0.57182
1403638619.6778295040 2.93314 4.06153 0.66814 0.09359 0.79638 -0.17004 0.57281
1403638619.7778294086 3.00550 4.00395 0.64188 0.09012 0.79379 -0.18171 0.57338
1403638619.8778295517 3.07597 3.94217 0.61415 0.08989 0.79155 -0.18822 0.57440
1403638619.9778294563 3.13945 3.87562 0.58339 0.09124 0.79072 -0.19190 0.57412
1403638620.0778295994 3.20372 3.80455 0.55487 0.09345 0.78811 -0.19351 0.57680
1403638620.1778295040 3.25599 3.73029 0.53200 0.09808 0.78506 -0.19246 0.58053
1403638620.2778294086 3.31302 3.64978 0.51767 0.10086 0.78564 -0.19125 0.57967
1403638620.3778295517 3.35190 3.57187 0.50987 0.10367 0.78707 -0.18916 0.57792
1403638620.4778294563 3.40203 3.48685 0.51054 0.10486 0.78823 -0.18702 0.57682
1403638620.5778295994 3.43231 3.40613 0.50799 0.10452 0.78961 -0.18549 0.57549
1403638620.6778295040 3.46114 3.32319 0.50025 0.10165 0.79217 -0.18536 0.57252
1403638620.7778294086 3.51158 3.22974 0.48949 0.09819 0.79559 -0.18570 0.56825
1403638620.8778295517 3.53407 3.14247 0.47213 0.10142 0.79882 -0.18121 0.56459
1403638620.9778294563 3.55786 3.05363 0.45213 0.10599 0.79946 -0.17530 0.56472
1403638621.0778295994 3.62128 2.94888 0.43493 0.10983 0.79796 -0.17030 0.56763
1403638621.1778295040 3.64308 2.86087 0.41798 0.10852 0.79673 -0.16850 0.57013
1403638621.2778294086 3.71080 2.75398 0.41328 0.10891 0.79563 -0.16595 0.57233
1403638621.3778295517 3.73504 2.66847 0.40861 0.11065 0.79652 -0.16298 0.57162
1403638621.4778294563 3.80162 2.56171 0.40408 0.11130 0.79473 -0.16086 0.57457
1403638621.5778295994 3.82622 2.48022 0.38936 0.11134 0.79255 -0.15887 0.57812
1403638621.6778295040 3.84813 2.40049 0.36990 0.11096 0.79158 -0.15787 0.57980
1403638621.7778294086 3.90075 2.30613 0.35084 0.11203 0.78990 -0.15664 0.58221
1403638621.8778295517 3.91635 2.23245 0.32431 0.11390 0.78646 -0.15486 0.58697
1403638621.9778294563 3.92732 2.16265 0.29457 0.11431 0.78391 -0.15422 0.59045
1403638622.0778295994 3.94968 2.09384 0.26452 0.11315 0.78336 -0.15545 0.59108
1403638622.1778295040 3.95036 2.03368 0.22804 0.11000 0.78433 -0.15736 0.58988
1403638622.2778294086 3.94518 1.97820 0.19554 0.10722 0.78366 -0.15974 0.59065
1403638622.3778295517 3.93441 1.92411 0.16935 0.10787 0.78464 -0.16026 0.58908
1403638622.4778294563 3.91945 1.88977 0.15573 0.11208 0.78519 -0.15888 0.58794
1403638622.5778295994 3.89852 1.83706 0.14408 0.11546 0.78503 -0.15756 0.58786
1403638622.6778295040 3.87084 1.80982 0.14403 0.11986 0.78065 -0.15607 0.59318
1403638622.7778294086 3.83837 1.76784 0.15309 0.12256 0.76941 -0.15468 0.60751
1403638622.8778295517 3.79935 1.75110 0.16986 0.12469 0.76435 -0.15438 0.61351
1403638622.9778294563 3.74841 1.74035 0.18432 0.12355 0.76797 -0.15686 0.60857
1403638623.0778295994 3.68936 1.71980 0.19043 0.11986 0.77451 -0.16036 0.60004
1403638623.1778295040 3.62348 1.70547 0.19135 0.11482 0.77844 -0.16412 0.59490
1403638623.2778294086 3.54615 1.72009 0.18968 0.11224 0.78154 -0.16662 0.59062
1403638623.3778295517 3.46890 1.70638 0.18093 0.10985 0.78418 -0.16834 0.58708
1403638623.4778294563 3.37946 1.73671 0.17167 0.11124 0.78552 -0.16839 0.58501
1403638623.5778295994 3.29421 1.72900 0.16184 0.11256 0.78567 -0.16770 0.58474
1403638623.6778295040 3.19529 1.76725 0.16231 0.11477 0.78577 -0.16739 0.58428
1403638623.7778294086 3.09963 1.76663 0.16685 0.11699 0.78679 -0.16718 0.58251
1403638623.8778295517 2.99937 1.77015 0.17572 0.11843 0.78792 -0.16729 0.58066
1403638623.9778294563 2.88813 1.81311 0.18519 0.12071 0.78865 -0.16801 0.57899
1403638624.0778295994 2.78030 1.82023 0.18513 0.11900 0.78896 -0.17077 0.57812
1403638624.1778295040 2.66574 1.85642 0.18304 0.11700 0.78844 -0.17336 0.57846
1403638624.2778294086 2.55223 1.86908 0.17275 0.11494 0.78810 -0.17599 0.57854
1403638624.3778295517 2.43828 1.88455 0.15905 0.11460 0.78757 -0.17778 0.57879
1403638624.4778294563 2.32104 1.92464 0.14465 0.11647 0.78695 -0.17823 0.57911
1403638624.5778295994 2.20072 1.94029 0.12404 0.11184 0.77853 -0.18292 0.58985
1403638624.6778295040 2.07638 1.95682 0.10135 0.11356 0.77419 -0.18064 0.59590
1403638624.7778294086 1.94500 1.98675 0.08482 0.11866 0.77993 -0.17092 0.59027
1403638624.8778295517 1.80845 2.00811 0.07238 0.12012 0.78611 -0.16277 0.58404
1403638624.9778294563 1.66667 2.03614 0.06980 0.11288 0.78915 -0.16064 0.58198
1403638625.0778295994 1.52280 2.05945 0.06734 0.10516 0.79000 -0.15952 0.58257
1403638625.1778295040 1.37949 2.08683 0.05757 0.09885 0.79091 -0.15971 0.58240
1403638625.2778294086 1.23205 2.10535 0.04630 0.09663 0.79165 -0.15793 0.58225
1403638625.3778295517 1.08538 2.13125 0.03193 0.09556 0.79179 -0.15694 0.58250
1403638625.4778294563 0.93505 2.14277 0.02603 0.09422 0.79116 -0.15630 0.58374
1403638625.5778295994 0.78502 2.16709 0.02302 0.09494 0.79171 -0.15565 0.58305
1403638625.6778295040 0.63491 2.18932 0.02753 0.09509 0.79334 -0.15564 0.58081
1403638625.7778294086 0.48027 2.19279 0.03592 0.09340 0.79787 -0.15640 0.57464
1403638625.8778295517 0.32851 2.21370 0.03765 0.09367 0.80053 -0.15689 0.57076
1403638625.9778294563 0.17792 2.21228 0.03838 0.09427 0.80091 -0.15667 0.57018
1403638626.0778295994 0.02703 2.22793 0.03074 0.09272 0.80221 -0.15849 0.56810
1403638626.1778295040 -0.11684 2.22133 0.02203 0.09249 0.80260 -0.15857 0.56757
1403638626.2778294086 -0.26569 2.23144 0.00629 0.09546 0.80112 -0.15721 0.56955
1403638626.3778295517 -0.40739 2.21870 -0.00946 0.10291 0.79920 -0.15168 0.57243
1403638626.4778294563 -0.55412 2.22766 -0.03089 0.10537 0.79796 -0.14953 0.57428
1403638626.5778295994 -0.69294 2.21448 -0.05125 0.10549 0.80037 -0.14823 0.57124
1403638626.6778295040 -0.83920 2.22609 -0.07345 0.10428 0.80230 -0.14868 0.56863
1403638626.7778294086 -0.98148 2.23822 -0.09132 0.10165 0.80625 -0.15044 0.56302
1403638626.8778295517 -1.10560 2.22641 -0.09666 0.10068 0.80909 -0.14995 0.55924
1403638626.9778294563 -1.22116 2.21788 -0.09491 0.09967 0.81013 -0.14991 0.55793
1403638627.0778295994 -1.35004 2.22881 -0.09733 0.09906 0.81021 -0.14958 0.55800
1403638627.1778295040 -1.45136 2.21817 -0.10011 0.09801 0.81030 -0.14933 0.55813
1403638627.2778294086 -1.57445 2.22745 -0.10926 0.09938 0.81030 -0.14805 0.55822
1403638627.3778295517 -1.69126 2.23577 -0.12038 0.10148 0.80970 -0.14624 0.55920
1403638627.4778294563 -1.80487 2.24409 -0.13468 0.10171 0.81009 -0.14598 0.55866
1403638627.5778295994 -1.91565 2.25297 -0.15007 0.10299 0.80891 -0.14560 0.56023
1403638627.6778295040 -1.98305 2.23809 -0.16164 0.10479 0.80610 -0.14477 0.56415
1403638627.7778294086 -2.09652 2.24891 -0.17886 0.10656 0.80415 -0.14389 0.56682
1403638627.8778295517 -2.20061 2.26030 -0.19609 0.10752 0.80346 -0.14392 0.56760
1403638627.9778294563 -2.30442 2.27314 -0.21384 0.10793 0.80542 -0.14406 0.56471
1403638628.0778295994 -2.34494 2.26741 -0.22544 0.10881 0.80686 -0.14437 0.56240
1403638628.1778295040 -2.45297 2.28613 -0.24029 0.10992 0.80738 -0.14491 0.56130
1403638628.2778294086 -2.55193 2.30383 -0.25248 0.11008 0.80758 -0.14561 0.56080
1403638628.3778295517 -2.56608 2.30413 -0.25689 0.10873 0.80852 -0.14721 0.55928
1403638628.4778294563 -2.66234 2.32484 -0.26430 0.10276 0.80562 -0.15176 0.56337
1403638628.5778295994 -2.74869 2.34416 -0.26720 0.09466 0.79831 -0.15734 0.57357
1403638628.6778295040 -2.83882 2.36269 -0.26938 0.08910 0.79416 -0.16126 0.57910
1403638628.7778294086 -2.82854 2.36274 -0.26917 0.09097 0.79578 -0.16075 0.57673
1403638628.8778295517 -2.92630 2.37587 -0.28043 0.09542 0.79635 -0.15803 0.57597
1403638628.9778294563 -3.01867 2.38522 -0.29398 0.10030 0.79703 -0.15515 0.57499
1403638629.0778295994 -3.11069 2.39479 -0.30506 0.10507 0.79820 -0.15178 0.57341
1403638629.1778295040 -3.08072 2.39936 -0.30808 0.10777 0.79990 -0.15000 0.57101
1403638629.2778294086 -3.17535 2.40990 -0.31367 0.10830 0.80019 -0.14922 0.57070
1403638629.3778295517 -3.15764 2.42054 -0.31370 0.10944 0.80389 -0.14954 0.56517
1403638629.4778294563 -3.24217 2.44317 -0.31684 0.10811 0.80833 -0.15140 0.55856
1403638629.5778295994 -3.21217 2.45240 -0.31571 0.10475 0.81190 -0.15440 0.55317
1403638629.6778295040 -3.18245 2.46023 -0.31324 0.09391 0.81025 -0.16283 0.55513
1403638629.7778294086 -3.18183 2.46785 -0.30973 0.08726 0.80496 -0.16822 0.56225
1403638629.8778295517 -3.21542 2.47343 -0.31074 0.08556 0.79869 -0.16979 0.57091
1403638629.9778294563 -3.25764 2.47583 -0.32025 0.09642 0.79321 -0.16293 0.57877
1403638630.0778295994 -3.30958 2.47913 -0.34009 0.10542 0.78973 -0.15682 0.58362
1403638630.1778295040 -3.36116 2.48758 -0.36981 0.11001 0.79258 -0.15357 0.57976
1403638630.2778294086 -3.42381 2.49417 -0.40610 0.11093 0.79713 -0.15293 0.57349
1403638630.3778295517 -3.47226 2.50669 -0.43309 0.10713 0.81672 -0.15406 0.54567
1403638630.4778294563 -3.51742 2.51553 -0.42318 0.10672 0.79860 -0.15244 0.57237
1403638630.5778295994 -3.56328 2.52371 -0.42599 0.10638 0.79790 -0.15360 0.57310
1403638630.6778295040 -3.61602 2.53088 -0.44990 0.10372 0.81700 -0.15062 0.54688
1403638630.7778294086 -3.67687 2.53053 -0.45803 0.10632 0.82389 -0.14481 0.53752
1403638630.8778295517 -3.73762 2.53888 -0.46572 0.10167 0.82256 -0.14594 0.54015
1403638630.9778294563 -3.79992 2.54621 -0.47180 0.10189 0.82243 -0.14622 0.54022
1403638631.0778295994 -3.86816 2.55423 -0.47848 0.10258 0.82250 -0.14576 0.54012
1403638631.1778295040 -3.93645 2.56206 -0.48516 0.10251 0.82253 -0.14600 0.54002
1403638631.2778294086 -4.00583 2.57010 -0.49166 0.10241 0.82259 -0.14599 0.53995
1403638631.3778295517 -4.07550 2.57807 -0.49799 0.10215 0.82266 -0.14619 0.53984
1403638631.4778294563 -4.14536 2.58604 -0.50416 0.10192 0.82259 -0.14647 0.53990
1403638631.5778295994 -4.21599 2.59400 -0.51043 0.10182 0.82257 -0.14656 0.53994
1403638631.6778295040 -4.28664 2.60175 -0.51650 0.10150 0.82256 -0.14697 0.53990
