1403638523.0778295994 0.03576 0.00871 0.38092 -0.06045 0.80765 0.00913 0.58648
1403638523.1778295040 0.03449 0.00233 0.39443 -0.06010 0.80663 0.00961 0.58792
1403638523.2778294086 0.03255 -0.00587 0.38508 -0.05072 0.80412 0.00952 0.59222
1403638523.3778295517 0.03207 -0.01071 0.35593 -0.04578 0.80253 0.00844 0.59479
1403638523.4778294563 0.02949 -0.01736 0.31291 -0.04080 0.80541 0.01076 0.59121
1403638523.5778295994 0.02509 -0.02431 0.26226 -0.03304 0.81391 0.01434 0.57987
1403638523.6778295040 0.01818 -0.03127 0.21108 -0.02578 0.82235 0.01674 0.56816
1403638523.7778294086 0.01205 -0.03701 0.16144 -0.02156 0.82586 0.01921 0.56313
1403638523.8778295517 0.00526 -0.04157 0.11611 -0.01825 0.82538 0.02231 0.56385
1403638523.9778294563 -0.00048 -0.04468 0.08217 -0.00907 0.82437 0.02851 0.56526
1403638524.0778295994 -0.00442 -0.04734 0.06934 -0.00390 0.82700 0.03815 0.56090
1403638524.1778295040 -0.00438 -0.04487 0.08784 -0.00789 0.83022 0.04598 0.55548
1403638524.2778294086 -0.00397 -0.04350 0.13019 -0.01794 0.83089 0.05024 0.55387
1403638524.3778295517 -0.00192 -0.04261 0.18510 -0.03020 0.82849 0.05091 0.55687
1403638524.4778294563 0.00235 -0.04175 0.24562 -0.03900 0.82243 0.05040 0.56529
1403638524.5778295994 0.00863 -0.03973 0.30534 -0.04346 0.81413 0.04985 0.57691
1403638524.6778295040 0.01581 -0.03734 0.35882 -0.04117 0.80828 0.04530 0.58561
1403638524.7778294086 0.02159 -0.03408 0.39927 -0.03035 0.80521 0.04115 0.59079
1403638524.8778295517 0.02510 -0.03056 0.42514 -0.02864 0.80435 0.03965 0.59214
1403638524.9778294563 0.02621 -0.02800 0.43487 -0.03659 0.80337 0.04292 0.59280
1403638525.0778295994 0.02700 -0.02705 0.42274 -0.03473 0.80123 0.04662 0.59552
1403638525.1778295040 0.02888 -0.02618 0.38991 -0.03208 0.80029 0.05100 0.59658
1403638525.2778294086 0.02995 -0.02704 0.34487 -0.03120 0.80352 0.05556 0.59186
1403638525.3778295517 0.02960 -0.02806 0.29125 -0.03283 0.81294 0.06022 0.57829
1403638525.4778294563 0.02724 -0.02841 0.23933 -0.04000 0.82567 0.06156 0.55936
1403638525.5778295994 0.02526 -0.03008 0.19339 -0.04456 0.83513 0.06019 0.54493
1403638525.6778295040 0.02411 -0.03220 0.15487 -0.04421 0.83832 0.05638 0.54046
1403638525.7778294086 0.02448 -0.03190 0.12397 -0.04036 0.83682 0.04980 0.54372
1403638525.8778295517 0.02410 -0.03283 0.10147 -0.03369 0.83331 0.04562 0.54989
1403638525.9778294563 0.02041 -0.04025 0.09013 -0.02630 0.83195 0.04512 0.55239
1403638526.0778295994 0.01720 -0.05949 0.09003 -0.02275 0.83375 0.04362 0.54995
1403638526.1778295040 0.01464 -0.08821 0.09778 -0.02152 0.83639 0.03500 0.54660
1403638526.2778294086 0.01070 -0.12333 0.11156 -0.01887 0.83558 0.02658 0.54840
1403638526.3778295517 0.00424 -0.16272 0.12614 -0.01698 0.83150 0.01815 0.55497
1403638526.4778294563 -0.00456 -0.20585 0.13849 -0.01602 0.82659 0.00724 0.56253
1403638526.5778295994 -0.01386 -0.25426 0.14647 -0.01543 0.82162 -0.00336 0.56981
1403638526.6778295040 -0.02471 -0.31262 0.15304 -0.01234 0.81695 -0.01098 0.57647
1403638526.7778294086 -0.03833 -0.37608 0.15784 -0.00455 0.81404 -0.01609 0.58057
1403638526.8778295517 -0.05440 -0.44023 0.16112 0.00360 0.81300 -0.01946 0.58193
1403638526.9778294563 -0.07044 -0.50195 0.16392 0.00771 0.81552 -0.02578 0.57810
1403638527.0778295994 -0.08255 -0.56003 0.16664 0.01410 0.81959 -0.03818 0.57151
1403638527.1778295040 -0.08890 -0.61158 0.17047 0.01937 0.82140 -0.05182 0.56766
1403638527.2778294086 -0.09293 -0.65113 0.17621 0.03014 0.81889 -0.06516 0.56944
1403638527.3778295517 -0.09154 -0.67314 0.18116 0.04488 0.81436 -0.07353 0.57393
1403638527.4778294563 -0.08402 -0.67420 0.18277 0.05367 0.81159 -0.07694 0.57665
1403638527.5778295994 -0.07055 -0.65388 0.18091 0.05419 0.81190 -0.07644 0.57623
1403638527.6778295040 -0.05426 -0.61665 0.17738 0.04959 0.81299 -0.07085 0.57582
1403638527.7778294086 -0.03701 -0.56979 0.17611 0.04196 0.81438 -0.06209 0.57547
1403638527.8778295517 -0.01965 -0.51549 0.17781 0.02627 0.81739 -0.05589 0.57276
1403638527.9778294563 0.00026 -0.45756 0.18088 0.01261 0.81826 -0.04847 0.57266
1403638528.0778295994 0.01634 -0.39938 0.18381 0.00428 0.81672 -0.04004 0.57562
1403638528.1778295040 0.03059 -0.34447 0.18211 -0.00471 0.81653 -0.03161 0.57642
1403638528.2778294086 0.05059 -0.29567 0.17794 -0.01500 0.81733 -0.02237 0.57554
1403638528.3778295517 0.07942 -0.25796 0.17195 -0.02160 0.81648 -0.01461 0.57678
1403638528.4778294563 0.11289 -0.22840 0.16611 -0.01826 0.81605 -0.01269 0.57755
1403638528.5778295994 0.14916 -0.20549 0.16283 -0.01582 0.81851 -0.01788 0.57400
1403638528.6778295040 0.18505 -0.18877 0.16261 -0.01661 0.82027 -0.02578 0.57115
1403638528.7778294086 0.21708 -0.17644 0.16525 -0.01201 0.82001 -0.03082 0.57139
1403638528.8778295517 0.23339 -0.16651 0.17169 -0.01545 0.81960 -0.03878 0.57141
1403638528.9778294563 0.23378 -0.15689 0.18596 -0.02188 0.81977 -0.04578 0.57044
1403638529.0778295994 0.21538 -0.14982 0.20331 -0.02014 0.82065 -0.04736 0.56910
1403638529.1778295040 0.18641 -0.13488 0.21319 -0.00229 0.82164 -0.04105 0.56853
1403638529.2778294086 0.15065 -0.11589 0.21174 0.01045 0.82350 -0.03568 0.56610
1403638529.3778295517 0.11217 -0.09502 0.20094 0.01594 0.82864 -0.03199 0.55864
1403638529.4778294563 0.07984 -0.07778 0.17997 0.01554 0.83849 -0.02968 0.54389
1403638529.5778295994 0.05424 -0.06512 0.15496 0.01401 0.84839 -0.02680 0.52850
1403638529.6778295040 0.03368 -0.05904 0.13028 0.01614 0.85171 -0.02407 0.52320
1403638529.7778294086 0.02308 -0.05029 0.10687 0.01560 0.84806 -0.02356 0.52914
1403638529.8778295517 0.01775 -0.04238 0.08553 0.01429 0.84173 -0.02491 0.53913
1403638529.9778294563 0.01612 -0.03674 0.07053 0.01472 0.83925 -0.02584 0.54293
1403638530.0778295994 0.02512 -0.03583 0.06024 0.01559 0.84070 -0.02650 0.54063
1403638530.1778295040 0.03858 -0.03615 0.05045 0.01680 0.84246 -0.03101 0.53760
1403638530.2778294086 0.05374 -0.03722 0.04025 0.01952 0.84208 -0.03746 0.53769
1403638530.3778295517 0.06745 -0.04034 0.03017 0.02268 0.84142 -0.04314 0.53818
1403638530.4778294563 0.07949 -0.04401 0.02267 0.02395 0.84111 -0.04776 0.53821
1403638530.5778295994 0.08733 -0.04825 0.01719 0.02419 0.84108 -0.05178 0.53788
1403638530.6778295040 0.09188 -0.05168 0.01202 0.02604 0.84406 -0.05438 0.53285
1403638530.7778294086 0.09511 -0.05385 0.00644 0.02671 0.84743 -0.05627 0.52724
1403638530.8778295517 0.09745 -0.05527 0.00181 0.02563 0.84797 -0.05621 0.52643
1403638530.9778294563 0.09874 -0.05578 -0.00132 0.02524 0.84563 -0.05688 0.53012
1403638531.0778295994 0.09885 -0.05554 -0.00330 0.02642 0.84216 -0.05591 0.53567
1403638531.1778295040 0.09881 -0.05391 -0.00268 0.02738 0.83993 -0.05409 0.53930
1403638531.2778294086 0.09916 -0.05287 -0.00416 0.03030 0.83879 -0.05291 0.54103
1403638531.3778295517 0.09902 -0.05207 -0.00449 0.03018 0.83760 -0.05316 0.54286
1403638531.4778294563 0.09881 -0.05249 -0.00442 0.03048 0.83665 -0.05371 0.54424
1403638531.5778295994 0.09864 -0.05263 -0.00457 0.03129 0.83694 -0.05278 0.54384
1403638531.6778295040 0.09859 -0.05249 -0.00467 0.03088 0.83702 -0.05363 0.54367
1403638531.7778294086 0.09863 -0.05263 -0.00466 0.03163 0.83698 -0.05402 0.54364
1403638531.8778295517 0.09858 -0.05270 -0.00468 0.03200 0.83702 -0.05410 0.54355
1403638531.9778294563 0.09858 -0.05284 -0.00469 0.03262 0.83702 -0.05443 0.54349
1403638532.0778295994 0.09855 -0.05292 -0.00470 0.03309 0.83699 -0.05454 0.54349
1403638532.1778295040 0.09856 -0.05298 -0.00471 0.03336 0.83696 -0.05486 0.54349
1403638532.2778294086 0.09856 -0.05300 -0.00470 0.03351 0.83692 -0.05524 0.54349
1403638532.3778295517 0.09855 -0.05304 -0.00472 0.03369 0.83689 -0.05546 0.54351
1403638532.4778294563 0.09856 -0.05312 -0.00470 0.03392 0.83684 -0.05576 0.54354
1403638532.5778295994 0.09854 -0.05315 -0.00473 0.03414 0.83685 -0.05597 0.54349
1403638532.6778295040 0.09856 -0.05325 -0.00470 0.03453 0.83683 -0.05621 0.54347
1403638532.7778294086 0.09853 -0.05330 -0.00471 0.03478 0.83684 -0.05623 0.54343
1403638532.8778295517 0.09853 -0.05334 -0.00470 0.03507 0.83683 -0.05641 0.54342
1403638532.9778294563 0.09853 -0.05340 -0.00470 0.03524 0.83682 -0.05656 0.54341
1403638533.0778295994 0.09851 -0.05344 -0.00471 0.03540 0.83682 -0.05672 0.54339
1403638533.1778295040 0.09852 -0.05349 -0.00471 0.03563 0.83677 -0.05696 0.54341
1403638533.2778294086 0.09851 -0.05354 -0.00472 0.03582 0.83674 -0.05715 0.54343
1403638533.3778295517 0.09851 -0.05358 -0.00472 0.03607 0.83672 -0.05727 0.54343
1403638533.4778294563 0.09853 -0.05364 -0.00471 0.03622 0.83670 -0.05742 0.54344
1403638533.5778295994 0.09851 -0.05366 -0.00472 0.03633 0.83670 -0.05756 0.54341
1403638533.6778295040 0.09852 -0.05370 -0.00473 0.03644 0.83668 -0.05775 0.54341
1403638533.7778294086 0.09850 -0.05372 -0.00474 0.03658 0.83666 -0.05791 0.54342
1403638533.8778295517 0.09852 -0.05373 -0.00474 0.03646 0.83671 -0.05774 0.54338
1403638533.9778294563 0.09855 -0.05380 -0.00475 0.03664 0.83672 -0.05803 0.54331
1403638534.0778295994 0.09848 -0.05383 -0.00477 0.03713 0.83667 -0.05857 0.54330
1403638534.1778295040 0.09850 -0.05386 -0.00476 0.03682 0.83667 -0.05846 0.54333
1403638534.2778294086 0.09851 -0.05380 -0.00473 0.03655 0.83674 -0.05832 0.54326
1403638534.3778295517 0.09853 -0.05379 -0.00473 0.03656 0.83675 -0.05836 0.54324
1403638534.4778294563 0.09853 -0.05387 -0.00479 0.03670 0.83679 -0.05867 0.54313
1403638534.5778295994 0.09852 -0.05383 -0.00480 0.03639 0.83693 -0.05831 0.54298
1403638534.6778295040 0.09856 -0.05379 -0.00479 0.03618 0.83697 -0.05815 0.54295
1403638534.7778294086 0.09854 -0.05385 -0.00478 0.03626 0.83697 -0.05806 0.54295
1403638534.8778295517 0.09853 -0.05392 -0.00480 0.03663 0.83693 -0.05835 0.54295
1403638534.9778294563 0.09851 -0.05397 -0.00481 0.03673 0.83697 -0.05848 0.54288
1403638535.0778295994 0.09851 -0.05396 -0.00481 0.03655 0.83702 -0.05846 0.54280
1403638535.1778295040 0.09853 -0.05397 -0.00482 0.03648 0.83699 -0.05851 0.54285
1403638535.2778294086 0.09852 -0.05399 -0.00482 0.03643 0.83697 -0.05853 0.54289
1403638535.3778295517 0.09852 -0.05399 -0.00481 0.03647 0.83697 -0.05857 0.54288
1403638535.4778294563 0.09852 -0.05401 -0.00481 0.03657 0.83699 -0.05865 0.54284
1403638535.5778295994 0.09854 -0.05400 -0.00481 0.03653 0.83702 -0.05862 0.54280
1403638535.6778295040 0.09854 -0.05401 -0.00482 0.03649 0.83702 -0.05870 0.54280
1403638535.7778294086 0.09853 -0.05403 -0.00483 0.03656 0.83699 -0.05876 0.54282
1403638535.8778295517 0.09854 -0.05405 -0.00482 0.03649 0.83699 -0.05874 0.54283
1403638535.9778294563 0.09852 -0.05405 -0.00483 0.03641 0.83705 -0.05877 0.54274
1403638536.0778295994 0.09854 -0.05407 -0.00484 0.03640 0.83700 -0.05891 0.54280
1403638536.1778295040 0.09854 -0.05409 -0.00483 0.03640 0.83699 -0.05899 0.54281
1403638536.2778294086 0.09855 -0.05410 -0.00483 0.03645 0.83699 -0.05897 0.54281
1403638536.3778295517 0.09856 -0.05413 -0.00483 0.03650 0.83695 -0.05904 0.54286
1403638536.4778294563 0.09856 -0.05413 -0.00483 0.03650 0.83693 -0.05905 0.54288
1403638536.5778295994 0.09856 -0.05415 -0.00483 0.03641 0.83694 -0.05908 0.54288
1403638536.6778295040 0.09856 -0.05416 -0.00483 0.03640 0.83693 -0.05909 0.54288
1403638536.7778294086 0.09854 -0.05417 -0.00485 0.03649 0.83689 -0.05920 0.54293
1403638536.8778295517 0.09854 -0.05419 -0.00486 0.03652 0.83681 -0.05939 0.54304
1403638536.9778294563 0.09855 -0.05421 -0.00486 0.03647 0.83682 -0.05949 0.54301
1403638537.0778295994 0.09857 -0.05418 -0.00484 0.03641 0.83684 -0.05940 0.54300
1403638537.1778295040 0.09858 -0.05419 -0.00483 0.03653 0.83679 -0.05942 0.54306
1403638537.2778294086 0.09858 -0.05419 -0.00481 0.03663 0.83681 -0.05938 0.54302
1403638537.3778295517 0.09859 -0.05420 -0.00482 0.03658 0.83680 -0.05937 0.54304
1403638537.4778294563 0.09860 -0.05420 -0.00481 0.03652 0.83679 -0.05938 0.54307
1403638537.5778295994 0.09860 -0.05419 -0.00479 0.03645 0.83681 -0.05925 0.54305
1403638537.6778295040 0.09862 -0.05419 -0.00475 0.03640 0.83683 -0.05919 0.54303
1403638537.7778294086 0.09862 -0.05418 -0.00476 0.03632 0.83677 -0.05918 0.54313
1403638523.0778295994 0.03235 0.00655 0.38163 -0.06650 0.80527 0.01252 0.58904
1403638523.1778295040 0.03142 0.00056 0.39522 -0.06547 0.80456 0.01267 0.59011
1403638523.2778294086 0.02989 -0.00733 0.38538 -0.05519 0.80240 0.01194 0.59410
1403638523.3778295517 0.02995 -0.01186 0.35584 -0.04935 0.80118 0.01028 0.59629
1403638523.4778294563 0.02799 -0.01833 0.31282 -0.04342 0.80443 0.01201 0.59234
1403638523.5778295994 0.02407 -0.02513 0.26233 -0.03479 0.81325 0.01506 0.58067
1403638523.6778295040 0.01749 -0.03204 0.21126 -0.02675 0.82195 0.01695 0.56868
1403638523.7778294086 0.01147 -0.03776 0.16166 -0.02201 0.82562 0.01906 0.56347
1403638523.8778295517 0.00470 -0.04231 0.11629 -0.01841 0.82522 0.02195 0.56408
1403638523.9778294563 -0.00107 -0.04537 0.08222 -0.00908 0.82426 0.02806 0.56545
1403638524.0778295994 -0.00503 -0.04799 0.06925 -0.00357 0.82696 0.03744 0.56099
1403638524.1778295040 -0.00503 -0.04554 0.08778 -0.00704 0.83026 0.04486 0.55552
1403638524.2778294086 -0.00451 -0.04415 0.13018 -0.01718 0.83083 0.04924 0.55408
1403638524.3778295517 -0.00230 -0.04322 0.18508 -0.03000 0.82825 0.05046 0.55728
1403638524.4778294563 0.00198 -0.04237 0.24557 -0.03928 0.82206 0.05038 0.56580
1403638524.5778295994 0.00820 -0.04041 0.30522 -0.04412 0.81368 0.05012 0.57746
1403638524.6778295040 0.01528 -0.03811 0.35861 -0.04215 0.80778 0.04577 0.58619
1403638524.7778294086 0.02096 -0.03497 0.39896 -0.03162 0.80469 0.04179 0.59138
1403638524.8778295517 0.02436 -0.03160 0.42471 -0.03022 0.80380 0.04047 0.59275
1403638524.9778294563 0.02538 -0.02918 0.43437 -0.03840 0.80277 0.04389 0.59342
1403638525.0778295994 0.02615 -0.02825 0.42221 -0.03663 0.80060 0.04763 0.59618
1403638525.1778295040 0.02812 -0.02731 0.38947 -0.03387 0.79967 0.05194 0.59722
1403638525.2778294086 0.02937 -0.02805 0.34461 -0.03272 0.80296 0.05636 0.59246
1403638525.3778295517 0.02918 -0.02895 0.29106 -0.03410 0.81244 0.06090 0.57885
1403638525.4778294563 0.02695 -0.02922 0.23919 -0.04101 0.82524 0.06213 0.55985
1403638525.5778295994 0.02507 -0.03085 0.19330 -0.04531 0.83479 0.06063 0.54533
1403638525.6778295040 0.02398 -0.03296 0.15480 -0.04473 0.83806 0.05669 0.54077
1403638525.7778294086 0.02435 -0.03265 0.12390 -0.04076 0.83660 0.05003 0.54400
1403638525.8778295517 0.02396 -0.03356 0.10140 -0.03408 0.83310 0.04584 0.55017
1403638525.9778294563 0.02029 -0.04098 0.09008 -0.02674 0.83173 0.04537 0.55268
1403638526.0778295994 0.01709 -0.06021 0.08999 -0.02321 0.83352 0.04388 0.55025
1403638526.1778295040 0.01459 -0.08893 0.09774 -0.02203 0.83615 0.03530 0.54692
1403638526.2778294086 0.01073 -0.12403 0.11150 -0.01947 0.83533 0.02696 0.54875
1403638526.3778295517 0.00436 -0.16342 0.12603 -0.01770 0.83122 0.01859 0.55535
1403638526.4778294563 -0.00436 -0.20657 0.13833 -0.01680 0.82630 0.00771 0.56293
1403638526.5778295994 -0.01357 -0.25500 0.14624 -0.01625 0.82132 -0.00289 0.57023
1403638526.6778295040 -0.02427 -0.31340 0.15272 -0.01321 0.81664 -0.01049 0.57690
1403638526.7778294086 -0.03769 -0.37692 0.15740 -0.00552 0.81371 -0.01555 0.58103
1403638526.8778295517 -0.05358 -0.44112 0.16060 0.00258 0.81269 -0.01889 0.58239
1403638526.9778294563 -0.06949 -0.50288 0.16334 0.00671 0.81524 -0.02522 0.57853
1403638527.0778295994 -0.08142 -0.56100 0.16595 0.01307 0.81933 -0.03759 0.57194
1403638527.1778295040 -0.08760 -0.61260 0.16966 0.01829 0.82115 -0.05120 0.56811
1403638527.2778294086 -0.09128 -0.65224 0.17522 0.02888 0.81865 -0.06444 0.56994
1403638527.3778295517 -0.08976 -0.67426 0.18011 0.04359 0.81413 -0.07281 0.57444
1403638527.4778294563 -0.08220 -0.67518 0.18169 0.05243 0.81139 -0.07627 0.57713
1403638527.5778295994 -0.06862 -0.65489 0.17980 0.05289 0.81168 -0.07573 0.57675
1403638527.6778295040 -0.05233 -0.61765 0.17629 0.04824 0.81274 -0.07011 0.57637
1403638527.7778294086 -0.03496 -0.57077 0.17499 0.04051 0.81412 -0.06126 0.57603
1403638527.8778295517 -0.01755 -0.51639 0.17668 0.02477 0.81712 -0.05500 0.57330
1403638527.9778294563 0.00198 -0.45839 0.17991 0.01124 0.81796 -0.04766 0.57318
1403638528.0778295994 0.01778 -0.40026 0.18296 0.00296 0.81638 -0.03925 0.57617
1403638528.1778295040 0.03177 -0.34548 0.18136 -0.00592 0.81615 -0.03089 0.57698
1403638528.2778294086 0.05168 -0.29684 0.17722 -0.01606 0.81694 -0.02173 0.57609
1403638528.3778295517 0.08059 -0.25921 0.17125 -0.02257 0.81611 -0.01403 0.57728
1403638528.4778294563 0.11402 -0.22963 0.16540 -0.01903 0.81571 -0.01227 0.57801
1403638528.5778295994 0.15039 -0.20649 0.16207 -0.01630 0.81825 -0.01768 0.57436
1403638528.6778295040 0.18647 -0.18982 0.16181 -0.01706 0.82002 -0.02561 0.57150
1403638528.7778294086 0.21863 -0.17750 0.16446 -0.01250 0.81977 -0.03063 0.57173
1403638528.8778295517 0.23500 -0.16749 0.17088 -0.01591 0.81939 -0.03861 0.57171
1403638528.9778294563 0.23542 -0.15777 0.18511 -0.02227 0.81958 -0.04568 0.57070
1403638529.0778295994 0.21709 -0.15077 0.20239 -0.02050 0.82047 -0.04727 0.56937
1403638529.1778295040 0.18820 -0.13589 0.21221 -0.00263 0.82145 -0.04099 0.56880
1403638529.2778294086 0.15251 -0.11697 0.21071 0.01015 0.82331 -0.03564 0.56638
1403638529.3778295517 0.11405 -0.09608 0.19988 0.01573 0.82846 -0.03201 0.55891
1403638529.4778294563 0.08173 -0.07884 0.17890 0.01538 0.83831 -0.02973 0.54416
1403638529.5778295994 0.05617 -0.06618 0.15389 0.01386 0.84823 -0.02686 0.52877
1403638529.6778295040 0.03565 -0.06005 0.12922 0.01602 0.85155 -0.02414 0.52347
1403638529.7778294086 0.02501 -0.05124 0.10585 0.01553 0.84790 -0.02367 0.52939
1403638529.8778295517 0.01962 -0.04329 0.08453 0.01427 0.84158 -0.02506 0.53937
1403638529.9778294563 0.01792 -0.03760 0.06952 0.01481 0.83909 -0.02607 0.54317
1403638530.0778295994 0.02694 -0.03667 0.05924 0.01574 0.84054 -0.02677 0.54087
1403638530.1778295040 0.04041 -0.03700 0.04945 0.01699 0.84230 -0.03131 0.53783
1403638530.2778294086 0.05558 -0.03807 0.03926 0.01972 0.84192 -0.03777 0.53792
1403638530.3778295517 0.06930 -0.04121 0.02918 0.02289 0.84125 -0.04346 0.53842
1403638530.4778294563 0.08134 -0.04489 0.02168 0.02418 0.84094 -0.04809 0.53844
1403638530.5778295994 0.08918 -0.04914 0.01621 0.02446 0.84090 -0.05214 0.53811
1403638530.6778295040 0.09373 -0.05259 0.01105 0.02633 0.84387 -0.05476 0.53309
1403638530.7778294086 0.09696 -0.05476 0.00548 0.02703 0.84725 -0.05666 0.52747
1403638530.8778295517 0.09930 -0.05619 0.00085 0.02596 0.84779 -0.05661 0.52666
1403638530.9778294563 0.10058 -0.05670 -0.00228 0.02558 0.84545 -0.05728 0.53036
1403638531.0778295994 0.10069 -0.05647 -0.00425 0.02677 0.84198 -0.05632 0.53590
1403638531.1778295040 0.10065 -0.05484 -0.00363 0.02774 0.83974 -0.05450 0.53953
1403638531.2778294086 0.10100 -0.05380 -0.00511 0.03067 0.83860 -0.05332 0.54126
1403638531.3778295517 0.10086 -0.05300 -0.00545 0.03056 0.83741 -0.05358 0.54308
1403638531.4778294563 0.10066 -0.05342 -0.00537 0.03087 0.83647 -0.05414 0.54446
1403638531.5778295994 0.10048 -0.05356 -0.00552 0.03168 0.83676 -0.05321 0.54406
1403638531.6778295040 0.10043 -0.05342 -0.00562 0.03127 0.83683 -0.05405 0.54389
1403638531.7778294086 0.10047 -0.05357 -0.00561 0.03203 0.83679 -0.05445 0.54387
1403638531.8778295517 0.10042 -0.05364 -0.00563 0.03241 0.83683 -0.05453 0.54377
1403638531.9778294563 0.10042 -0.05378 -0.00564 0.03304 0.83682 -0.05487 0.54372
1403638532.0778295994 0.10040 -0.05386 -0.00565 0.03351 0.83680 -0.05498 0.54371
1403638532.1778295040 0.10040 -0.05391 -0.00565 0.03379 0.83676 -0.05529 0.54372
1403638532.2778294086 0.10040 -0.05394 -0.00565 0.03394 0.83673 -0.05568 0.54373
1403638532.3778295517 0.10039 -0.05398 -0.00566 0.03413 0.83669 -0.05590 0.54375
1403638532.4778294563 0.10040 -0.05405 -0.00565 0.03436 0.83664 -0.05620 0.54377
1403638532.5778295994 0.10038 -0.05409 -0.00567 0.03458 0.83665 -0.05641 0.54372
1403638532.6778295040 0.10040 -0.05419 -0.00565 0.03497 0.83663 -0.05665 0.54371
1403638532.7778294086 0.10037 -0.05424 -0.00566 0.03523 0.83664 -0.05667 0.54367
1403638532.8778295517 0.10037 -0.05428 -0.00565 0.03551 0.83663 -0.05685 0.54365
1403638532.9778294563 0.10037 -0.05434 -0.00565 0.03569 0.83661 -0.05701 0.54365
1403638533.0778295994 0.10035 -0.05438 -0.00566 0.03585 0.83661 -0.05717 0.54362
1403638533.1778295040 0.10036 -0.05443 -0.00565 0.03608 0.83657 -0.05740 0.54365
1403638533.2778294086 0.10035 -0.05448 -0.00566 0.03626 0.83653 -0.05759 0.54367
1403638533.3778295517 0.10035 -0.05452 -0.00566 0.03652 0.83652 -0.05771 0.54367
1403638533.4778294563 0.10037 -0.05458 -0.00565 0.03667 0.83650 -0.05786 0.54368
1403638533.5778295994 0.10035 -0.05460 -0.00567 0.03678 0.83650 -0.05800 0.54365
1403638533.6778295040 0.10036 -0.05464 -0.00567 0.03689 0.83648 -0.05819 0.54365
1403638533.7778294086 0.10034 -0.05466 -0.00568 0.03702 0.83646 -0.05834 0.54366
1403638533.8778295517 0.10036 -0.05467 -0.00569 0.03691 0.83650 -0.05818 0.54361
1403638533.9778294563 0.10039 -0.05474 -0.00569 0.03709 0.83652 -0.05846 0.54355
1403638534.0778295994 0.10032 -0.05477 -0.00572 0.03757 0.83646 -0.05901 0.54354
1403638534.1778295040 0.10034 -0.05479 -0.00570 0.03726 0.83647 -0.05889 0.54357
1403638534.2778294086 0.10035 -0.05474 -0.00567 0.03699 0.83654 -0.05875 0.54349
1403638534.3778295517 0.10036 -0.05473 -0.00568 0.03700 0.83654 -0.05879 0.54348
1403638534.4778294563 0.10037 -0.05480 -0.00573 0.03714 0.83659 -0.05910 0.54337
1403638534.5778295994 0.10036 -0.05476 -0.00574 0.03683 0.83673 -0.05874 0.54321
1403638534.6778295040 0.10040 -0.05473 -0.00573 0.03662 0.83677 -0.05858 0.54319
1403638534.7778294086 0.10038 -0.05478 -0.00573 0.03670 0.83677 -0.05848 0.54318
1403638534.8778295517 0.10037 -0.05485 -0.00574 0.03707 0.83673 -0.05877 0.54318
1403638534.9778294563 0.10035 -0.05491 -0.00575 0.03717 0.83677 -0.05890 0.54311
1403638535.0778295994 0.10035 -0.05490 -0.00575 0.03698 0.83683 -0.05888 0.54304
1403638535.1778295040 0.10037 -0.05491 -0.00576 0.03691 0.83679 -0.05893 0.54308
1403638535.2778294086 0.10035 -0.05492 -0.00577 0.03686 0.83677 -0.05894 0.54312
1403638535.3778295517 0.10035 -0.05492 -0.00576 0.03690 0.83677 -0.05898 0.54311
1403638535.4778294563 0.10036 -0.05494 -0.00576 0.03700 0.83679 -0.05906 0.54307
1403638535.5778295994 0.10038 -0.05494 -0.00575 0.03696 0.83682 -0.05903 0.54302
1403638535.6778295040 0.10038 -0.05494 -0.00576 0.03691 0.83682 -0.05911 0.54302
1403638535.7778294086 0.10037 -0.05497 -0.00577 0.03698 0.83680 -0.05917 0.54305
1403638535.8778295517 0.10038 -0.05498 -0.00577 0.03692 0.83680 -0.05915 0.54305
1403638535.9778294563 0.10036 -0.05498 -0.00577 0.03683 0.83686 -0.05918 0.54297
1403638536.0778295994 0.10038 -0.05500 -0.00578 0.03682 0.83682 -0.05932 0.54302
1403638536.1778295040 0.10038 -0.05502 -0.00578 0.03682 0.83680 -0.05939 0.54303
1403638536.2778294086 0.10039 -0.05504 -0.00578 0.03686 0.83680 -0.05938 0.54303
1403638536.3778295517 0.10040 -0.05506 -0.00577 0.03691 0.83676 -0.05944 0.54308
1403638536.4778294563 0.10040 -0.05506 -0.00577 0.03691 0.83675 -0.05945 0.54310
1403638536.5778295994 0.10040 -0.05508 -0.00577 0.03682 0.83675 -0.05948 0.54309
1403638536.6778295040 0.10040 -0.05509 -0.00578 0.03681 0.83675 -0.05949 0.54309
1403638536.7778294086 0.10038 -0.05510 -0.00579 0.03689 0.83671 -0.05960 0.54314
1403638536.8778295517 0.10038 -0.05512 -0.00581 0.03692 0.83663 -0.05978 0.54325
1403638536.9778294563 0.10038 -0.05514 -0.00580 0.03687 0.83664 -0.05989 0.54322
1403638537.0778295994 0.10041 -0.05511 -0.00578 0.03681 0.83666 -0.05979 0.54321
1403638537.1778295040 0.10041 -0.05512 -0.00578 0.03694 0.83661 -0.05981 0.54326
1403638537.2778294086 0.10042 -0.05512 -0.00575 0.03703 0.83664 -0.05977 0.54322
1403638537.3778295517 0.10042 -0.05513 -0.00577 0.03698 0.83663 -0.05976 0.54324
1403638537.4778294563 0.10044 -0.05513 -0.00576 0.03692 0.83662 -0.05977 0.54326
1403638537.5778295994 0.10044 -0.05512 -0.00573 0.03685 0.83664 -0.05964 0.54325
1403638537.6778295040 0.10045 -0.05512 -0.00570 0.03679 0.83667 -0.05958 0.54322
1403638537.7778294086 0.10045 -0.05511 -0.00570 0.03672 0.83661 -0.05957 0.54331
1403638537.8778295517 0.10050 -0.05511 -0.00566 0.03677 0.83663 -0.05946 0.54329
1403638537.9778294563 0.10049 -0.05509 -0.00565 0.03667 0.83660 -0.05950 0.54334
1403638538.0778295994 0.10049 -0.05508 -0.00563 0.03665 0.83654 -0.05950 0.54343
1403638538.1778295040 0.10049 -0.05511 -0.00561 0.03673 0.83649 -0.05953 0.54350
1403638538.2778294086 0.10059 -0.05509 -0.00560 0.03669 0.83651 -0.05944 0.54348
1403638538.3778295517 0.10054 -0.05510 -0.00557 0.03677 0.83644 -0.05936 0.54360
1403638538.4778294563 0.10053 -0.05509 -0.00551 0.03666 0.83640 -0.05930 0.54366
1403638538.5778295994 0.10056 -0.05509 -0.00547 0.03684 0.83634 -0.05932 0.54375
1403638538.6778295040 0.10055 -0.05510 -0.00542 0.03677 0.83612 -0.05947 0.54408
1403638538.7778294086 0.10065 -0.05517 -0.00507 0.03668 0.83530 -0.05934 0.54535
1403638538.8778295517 0.10206 -0.05478 -0.00464 0.03603 0.83420 -0.05885 0.54712
1403638538.9778294563 0.10541 -0.05475 -0.00205 0.03733 0.82939 -0.05846 0.55434
1403638539.0778295994 0.11032 -0.05471 0.00149 0.03853 0.82335 -0.05947 0.56309
1403638539.1778295040 0.11936 -0.05493 0.00828 0.03708 0.81774 -0.05922 0.57133
1403638539.2778294086 0.12901 -0.05519 0.02314 0.03614 0.81366 -0.05776 0.57733
1403638539.3778295517 0.13805 -0.05579 0.04567 0.03482 0.81416 -0.05638 0.57685
1403638539.4778294563 0.14749 -0.05657 0.07444 0.03370 0.81584 -0.05464 0.57471
1403638539.5778295994 0.15680 -0.05741 0.10687 0.03292 0.81639 -0.05278 0.57413
1403638539.6778295040 0.16672 -0.05839 0.13463 0.03098 0.81666 -0.05198 0.57393
1403638539.7778294086 0.17742 -0.05944 0.15063 0.03138 0.81795 -0.05017 0.57223
1403638539.8778295517 0.19083 -0.05985 0.15974 0.03043 0.82055 -0.04952 0.56861
1403638539.9778294563 0.20610 -0.06018 0.16768 0.02868 0.82516 -0.04917 0.56203
1403638540.0778295994 0.22420 -0.06010 0.17651 0.02821 0.83087 -0.04863 0.55362
1403638540.1778295040 0.24953 -0.06196 0.18403 0.02801 0.83487 -0.04838 0.54760
1403638540.2778294086 0.28195 -0.06070 0.20120 0.02861 0.83059 -0.04713 0.55415
1403638540.3778295517 0.32009 -0.06184 0.21057 0.02932 0.82446 -0.04518 0.56335
1403638540.4778294563 0.36206 -0.06203 0.21802 0.02616 0.82211 -0.03919 0.56737
1403638540.5778295994 0.40789 -0.06130 0.22370 0.01894 0.82226 -0.02764 0.56812
1403638540.6778295040 0.45682 -0.06106 0.22873 0.01068 0.82231 -0.01038 0.56884
1403638540.7778294086 0.50726 -0.05848 0.23189 0.00288 0.82130 0.01368 0.57033
1403638540.8778295517 0.55821 -0.05254 0.23399 -0.00722 0.82042 0.04171 0.57019
1403638540.9778294563 0.60944 -0.04134 0.23485 -0.02071 0.81869 0.06800 0.56982
1403638541.0778295994 0.66147 -0.02613 0.23390 -0.03427 0.81638 0.08747 0.56983
1403638541.1778295040 0.71538 -0.00710 0.22788 -0.04386 0.81453 0.10071 0.56962
1403638541.2778294086 0.76978 0.01591 0.22066 -0.04892 0.81366 0.10946 0.56885
1403638541.3778295517 0.82377 0.04358 0.22181 -0.05188 0.81344 0.11304 0.56819
1403638541.4778294563 0.87578 0.07593 0.22901 -0.05292 0.81316 0.11319 0.56847
1403638541.5778295994 0.92630 0.11467 0.24221 -0.05213 0.81164 0.11371 0.57060
1403638541.6778295040 0.98038 0.15954 0.26378 -0.05609 0.80987 0.11655 0.57217
1403638541.7778294086 1.03247 0.21052 0.29016 -0.06605 0.80855 0.12223 0.57178
1403638541.8778295517 1.08209 0.26435 0.32519 -0.07773 0.80717 0.13103 0.57032
1403638541.9778294563 1.12972 0.32066 0.35762 -0.08935 0.80614 0.14533 0.56659
1403638542.0778295994 1.17503 0.37859 0.38315 -0.10335 0.80408 0.16250 0.56247
1403638542.1778295040 1.21962 0.43768 0.40206 -0.11876 0.80024 0.18258 0.55873
1403638542.2778294086 1.26244 0.49800 0.41461 -0.13376 0.79620 0.20612 0.55290
1403638542.3778295517 1.30783 0.55919 0.42374 -0.14727 0.78851 0.22786 0.55195
1403638542.4778294563 1.35078 0.61870 0.42965 -0.15359 0.77491 0.24815 0.56067
1403638542.5778295994 1.39203 0.67863 0.43207 -0.14976 0.76285 0.26653 0.56973
1403638542.6778295040 1.42758 0.74174 0.43579 -0.15029 0.75954 0.27584 0.56959
1403638542.7778294086 1.45582 0.80958 0.44634 -0.15915 0.76380 0.27476 0.56195
1403638542.8778295517 1.47884 0.88264 0.46410 -0.16550 0.76932 0.27148 0.55412
1403638542.9778294563 1.49681 0.95708 0.48872 -0.16935 0.77404 0.26820 0.54796
1403638543.0778295994 1.51123 1.03089 0.51607 -0.17195 0.77774 0.26507 0.54340
1403638543.1778295040 1.52600 1.10735 0.53957 -0.17206 0.77906 0.26259 0.54268
1403638543.2778294086 1.53787 1.18060 0.55819 -0.17247 0.77946 0.26038 0.54304
1403638543.3778295517 1.55225 1.25962 0.57008 -0.17195 0.78060 0.25948 0.54201
1403638543.4778294563 1.56647 1.33915 0.57859 -0.17433 0.77953 0.26401 0.54059
1403638543.5778295994 1.57586 1.41506 0.58551 -0.17985 0.77639 0.27538 0.53762
1403638543.6778295040 1.58712 1.49425 0.58734 -0.18689 0.77062 0.29316 0.53411
1403638543.7778294086 1.59640 1.57329 0.59091 -0.19739 0.76239 0.31476 0.52983
1403638543.8778295517 1.60561 1.65041 0.60180 -0.20939 0.75213 0.33765 0.52578
1403638543.9778294563 1.61680 1.73151 0.61895 -0.22363 0.74348 0.35627 0.51990
1403638544.0778295994 1.62824 1.81332 0.63956 -0.23865 0.73940 0.36782 0.51092
1403638544.1778295040 1.64094 1.89666 0.66004 -0.24919 0.73621 0.37454 0.50559
1403638544.2778294086 1.65455 1.98281 0.67494 -0.25608 0.73356 0.37802 0.50339
1403638544.3778295517 1.66787 2.06880 0.68435 -0.25781 0.73279 0.38071 0.50161
1403638544.4778294563 1.68303 2.15807 0.69287 -0.25706 0.73325 0.38191 0.50041
1403638544.5778295994 1.69939 2.24952 0.69970 -0.25905 0.73054 0.38107 0.50397
1403638544.6778295040 1.71597 2.34299 0.71471 -0.26424 0.72401 0.38039 0.51117
1403638544.7778294086 1.73091 2.43069 0.73047 -0.26577 0.72310 0.38148 0.51085
1403638544.8778295517 1.74522 2.51786 0.74609 -0.26399 0.72625 0.38397 0.50540
1403638544.9778294563 1.76003 2.60437 0.75538 -0.26428 0.72704 0.38477 0.50350
1403638545.0778295994 1.77472 2.68887 0.75859 -0.26601 0.72575 0.38483 0.50441
1403638545.1778295040 1.78637 2.76796 0.75619 -0.26620 0.72521 0.38619 0.50405
1403638545.2778294086 1.80166 2.85276 0.74796 -0.26552 0.72458 0.38784 0.50405
1403638545.3778295517 1.81757 2.93685 0.73601 -0.26742 0.72192 0.38696 0.50752
1403638545.4778294563 1.83044 3.01502 0.72048 -0.26973 0.72178 0.38799 0.50571
1403638545.5778295994 1.84452 3.10047 0.70835 -0.27382 0.71951 0.39459 0.50163
1403638545.6778295040 1.85738 3.18112 0.70293 -0.28265 0.71380 0.40607 0.49569
1403638545.7778294086 1.86967 3.26009 0.70403 -0.29159 0.70577 0.42259 0.48814
1403638545.8778295517 1.88367 3.34377 0.71098 -0.30246 0.69487 0.44197 0.47994
1403638545.9778294563 1.89906 3.42883 0.72425 -0.31220 0.68214 0.46378 0.47130
1403638546.0778295994 1.91641 3.51831 0.73988 -0.31855 0.66997 0.48251 0.46566
1403638546.1778295040 1.93407 3.60906 0.75030 -0.32608 0.66117 0.49468 0.46023
1403638546.2778294086 1.94920 3.69812 0.75435 -0.33109 0.65633 0.50220 0.45542
1403638546.3778295517 1.96309 3.78831 0.75373 -0.33744 0.65470 0.50440 0.45064
1403638546.4778294563 1.97576 3.87898 0.74741 -0.34023 0.65426 0.50572 0.44770
1403638546.5778295994 1.98781 3.97210 0.74167 -0.34130 0.65212 0.50895 0.44634
1403638546.6778295040 1.99819 4.06558 0.74142 -0.34487 0.64721 0.51477 0.44406
1403638546.7778294086 2.00702 4.16098 0.75194 -0.34747 0.64247 0.52052 0.44222
1403638546.8778295517 2.01420 4.25839 0.77106 -0.34832 0.63864 0.52551 0.44119
1403638546.9778294563 2.02080 4.35992 0.78680 -0.34715 0.63522 0.52993 0.44176
1403638547.0778295994 2.02691 4.46304 0.79583 -0.34514 0.63270 0.53317 0.44305
1403638547.1778295040 2.02729 4.56490 0.79574 -0.34242 0.63048 0.53648 0.44434
1403638547.2778294086 2.02534 4.66733 0.79449 -0.34054 0.62905 0.53795 0.44602
1403638547.3778295517 2.01551 4.76508 0.78767 -0.34391 0.63037 0.53584 0.44411
1403638547.4778294563 2.00600 4.87055 0.78081 -0.34847 0.63358 0.53214 0.44042
1403638547.5778295994 1.99461 4.97699 0.76933 -0.35151 0.63708 0.52878 0.43699
1403638547.6778295040 1.97943 5.07905 0.75190 -0.35223 0.63825 0.52725 0.43655
1403638547.7778294086 1.96546 5.19014 0.73127 -0.35010 0.63768 0.52774 0.43851
1403638547.8778295517 1.94769 5.29702 0.70573 -0.34661 0.63478 0.52980 0.44297
1403638547.9778294563 1.92929 5.41165 0.68251 -0.34669 0.63470 0.53012 0.44265
1403638548.0778295994 1.90754 5.52939 0.66660 -0.34923 0.63429 0.53242 0.43846
1403638548.1778295040 1.88610 5.65134 0.66127 -0.35357 0.63047 0.53784 0.43384
1403638548.2778294086 1.86223 5.77473 0.66417 -0.36002 0.62402 0.54634 0.42720
1403638548.3778295517 1.83590 5.89761 0.67590 -0.36757 0.61444 0.55777 0.41982
1403638548.4778294563 1.80923 6.01773 0.69527 -0.37564 0.60467 0.56841 0.41253
1403638548.5778295994 1.78357 6.13574 0.71469 -0.38215 0.59657 0.57636 0.40727
1403638548.6778295040 1.75919 6.25517 0.72890 -0.38698 0.59094 0.58186 0.40308
1403638548.7778294086 1.73492 6.38068 0.73819 -0.38965 0.58701 0.58586 0.40045
1403638548.8778295517 1.70897 6.50880 0.75149 -0.39088 0.58484 0.58852 0.39852
1403638548.9778294563 1.68257 6.63594 0.77268 -0.39224 0.58378 0.58946 0.39734
1403638549.0778295994 1.65435 6.76379 0.79872 -0.39273 0.58352 0.58989 0.39661
1403638549.1778295040 1.62606 6.89360 0.82943 -0.39386 0.58349 0.58893 0.39696
1403638549.2778294086 1.59671 7.02364 0.86709 -0.39453 0.58438 0.58796 0.39641
1403638549.3778295517 1.56763 7.15861 0.90802 -0.39671 0.58594 0.58561 0.39541
1403638549.4778294563 1.53860 7.29048 0.94699 -0.39854 0.58740 0.58352 0.39450
1403638549.5778295994 1.51016 7.42843 0.98029 -0.39987 0.58750 0.58180 0.39554
1403638549.6778295040 1.48295 7.56404 1.00875 -0.40121 0.58700 0.58029 0.39715
1403638549.7778294086 1.45798 7.69890 1.03761 -0.39961 0.58717 0.58084 0.39770
1403638549.8778295517 1.43291 7.83410 1.07242 -0.39862 0.58866 0.58104 0.39621
1403638549.9778294563 1.40726 7.97200 1.11644 -0.39831 0.58949 0.58114 0.39513
1403638550.0778295994 1.38297 8.11197 1.16813 -0.39862 0.58980 0.58093 0.39466
1403638550.1778295040 1.36066 8.25163 1.22640 -0.39942 0.59021 0.58089 0.39330
1403638550.2778294086 1.33987 8.39802 1.29221 -0.39890 0.58975 0.58177 0.39321
1403638550.3778295517 1.31966 8.54185 1.35846 -0.39899 0.58868 0.58225 0.39402
1403638550.4778294563 1.30205 8.68953 1.41958 -0.40168 0.58927 0.58074 0.39262
1403638550.5778295994 1.28674 8.83261 1.46813 -0.40557 0.58987 0.57851 0.39100
1403638550.6778295040 1.27557 8.96959 1.51030 -0.41054 0.58820 0.57524 0.39315
1403638550.7778294086 1.26875 9.10127 1.54776 -0.41358 0.58737 0.57318 0.39421
1403638550.8778295517 1.26602 9.23520 1.58271 -0.41957 0.58359 0.56898 0.39955
1403638550.9778294563 1.26533 9.36934 1.61442 -0.42532 0.57942 0.56452 0.40583
1403638551.0778295994 1.26609 9.49819 1.64404 -0.42905 0.57694 0.56163 0.40942
1403638551.1778295040 1.26996 9.62407 1.67509 -0.43342 0.57744 0.55885 0.40792
1403638551.2778294086 1.27832 9.74258 1.71082 -0.43406 0.57920 0.55775 0.40624
1403638551.3778295517 1.29283 9.85124 1.75219 -0.42934 0.58692 0.55483 0.40417
1403638523.0778295994 0.02595 0.00761 0.37092 -0.06543 0.80515 0.01393 0.58929
1403638523.1778295040 0.02976 0.00388 0.39190 -0.06223 0.80504 0.01273 0.58981
1403638523.2778294086 0.02933 -0.00374 0.38209 -0.05108 0.80305 0.01135 0.59361
1403638523.3778295517 0.02954 -0.00853 0.35258 -0.04516 0.80170 0.00956 0.59594
1403638523.4778294563 0.02730 -0.01501 0.30936 -0.03934 0.80463 0.01129 0.59236
1403638523.5778295994 0.02346 -0.02196 0.25879 -0.03078 0.81312 0.01425 0.58110
1403638523.6778295040 0.01701 -0.02889 0.20792 -0.02290 0.82143 0.01611 0.56961
1403638523.7778294086 0.01152 -0.03480 0.15895 -0.01850 0.82470 0.01834 0.56496
1403638523.8778295517 0.00543 -0.03967 0.11506 -0.01587 0.82391 0.02187 0.56608
1403638523.9778294563 0.00006 -0.04266 0.08314 -0.00881 0.82255 0.02955 0.56785
1403638524.0778295994 -0.00396 -0.04556 0.07164 -0.00643 0.82508 0.04124 0.56347
1403638524.1778295040 -0.00485 -0.04326 0.08930 -0.01272 0.82881 0.05074 0.55708
1403638524.2778294086 -0.00518 -0.04190 0.13126 -0.02455 0.83006 0.05608 0.55430
1403638524.3778295517 -0.00355 -0.04113 0.18605 -0.03811 0.82801 0.05751 0.55646
1403638524.4778294563 0.00069 -0.04057 0.24658 -0.04782 0.82211 0.05745 0.56440
1403638524.5778295994 0.00700 -0.03890 0.30654 -0.05285 0.81387 0.05705 0.57581
1403638524.6778295040 0.01418 -0.03674 0.36046 -0.05081 0.80807 0.05247 0.58454
1403638524.7778294086 0.01992 -0.03346 0.40124 -0.04001 0.80497 0.04823 0.59000
1403638524.8778295517 0.02337 -0.02977 0.42710 -0.03809 0.80396 0.04653 0.59164
1403638524.9778294563 0.02445 -0.02704 0.43682 -0.04582 0.80273 0.04959 0.59251
1403638525.0778295994 0.02524 -0.02601 0.42491 -0.04388 0.80043 0.05314 0.59545
1403638525.1778295040 0.02713 -0.02486 0.39251 -0.04120 0.79938 0.05745 0.59666
1403638525.2778294086 0.02829 -0.02529 0.34811 -0.04031 0.80251 0.06202 0.59204
1403638525.3778295517 0.02819 -0.02597 0.29505 -0.04182 0.81187 0.06679 0.57850
1403638525.4778294563 0.02607 -0.02596 0.24364 -0.04876 0.82455 0.06826 0.55954
1403638525.5778295994 0.02413 -0.02720 0.19826 -0.05315 0.83402 0.06698 0.54507
1403638525.6778295040 0.02304 -0.02897 0.16013 -0.05273 0.83731 0.06320 0.54050
1403638525.7778294086 0.02311 -0.02827 0.12954 -0.04907 0.83600 0.05673 0.54357
1403638525.8778295517 0.02230 -0.02890 0.10706 -0.04270 0.83271 0.05268 0.54954
1403638525.9778294563 0.01852 -0.03627 0.09541 -0.03541 0.83146 0.05221 0.55200
1403638526.0778295994 0.01568 -0.05553 0.09471 -0.03175 0.83333 0.05066 0.54954
1403638526.1778295040 0.01368 -0.08438 0.10201 -0.03036 0.83611 0.04197 0.54610
1403638526.2778294086 0.01042 -0.11965 0.11546 -0.02750 0.83545 0.03335 0.54787
1403638526.3778295517 0.00471 -0.15919 0.12977 -0.02549 0.83150 0.02473 0.55438
1403638526.4778294563 -0.00326 -0.20262 0.14198 -0.02451 0.82677 0.01370 0.56184
1403638526.5778295994 -0.01162 -0.25149 0.14991 -0.02406 0.82200 0.00308 0.56897
1403638526.6778295040 -0.02136 -0.31008 0.15625 -0.02076 0.81751 -0.00476 0.57552
1403638526.7778294086 -0.03416 -0.37381 0.16092 -0.01228 0.81466 -0.01033 0.57972
1403638526.8778295517 -0.04998 -0.43821 0.16430 -0.00306 0.81358 -0.01437 0.58126
1403638526.9778294563 -0.06601 -0.50013 0.16726 0.00204 0.81604 -0.02128 0.57759
1403638527.0778295994 -0.07822 -0.55831 0.17006 0.00931 0.82011 -0.03416 0.57111
1403638527.1778295040 -0.08533 -0.60987 0.17427 0.01557 0.82192 -0.04839 0.56733
1403638527.2778294086 -0.08945 -0.64960 0.18022 0.02675 0.81938 -0.06202 0.56926
1403638527.3778295517 -0.08875 -0.67179 0.18554 0.04207 0.81480 -0.07081 0.57386
1403638527.4778294563 -0.08215 -0.67262 0.18760 0.05152 0.81201 -0.07468 0.57655
1403638527.5778295994 -0.06890 -0.65229 0.18605 0.05219 0.81230 -0.07429 0.57614
1403638527.6778295040 -0.05297 -0.61469 0.18276 0.04792 0.81338 -0.06894 0.57564
1403638527.7778294086 -0.03594 -0.56763 0.18162 0.04062 0.81475 -0.06042 0.57522
1403638527.8778295517 -0.01888 -0.51305 0.18347 0.02534 0.81775 -0.05452 0.57242
1403638527.9778294563 0.00043 -0.45474 0.18685 0.01219 0.81860 -0.04748 0.57227
1403638528.0778295994 0.01629 -0.39643 0.18992 0.00429 0.81704 -0.03937 0.57523
1403638528.1778295040 0.03071 -0.34143 0.18813 -0.00449 0.81685 -0.03110 0.57600
1403638528.2778294086 0.05066 -0.29269 0.18381 -0.01455 0.81762 -0.02203 0.57515
1403638528.3778295517 0.07972 -0.25493 0.17791 -0.02116 0.81680 -0.01428 0.57636
1403638528.4778294563 0.11294 -0.22540 0.17201 -0.01737 0.81636 -0.01266 0.57714
1403638528.5778295994 0.14919 -0.20223 0.16875 -0.01465 0.81884 -0.01804 0.57355
1403638528.6778295040 0.18545 -0.18556 0.16853 -0.01553 0.82060 -0.02589 0.57071
1403638528.7778294086 0.21779 -0.17327 0.17124 -0.01102 0.82033 -0.03087 0.57094
1403638528.8778295517 0.23436 -0.16330 0.17773 -0.01437 0.81994 -0.03888 0.57095
1403638528.9778294563 0.23457 -0.15364 0.19219 -0.02066 0.82009 -0.04598 0.57001
1403638529.0778295994 0.21646 -0.14656 0.20959 -0.01889 0.82097 -0.04759 0.56867
1403638529.1778295040 0.18761 -0.13157 0.21955 -0.00100 0.82195 -0.04131 0.56807
1403638529.2778294086 0.15189 -0.11254 0.21814 0.01174 0.82380 -0.03594 0.56562
1403638529.3778295517 0.11289 -0.09161 0.20756 0.01731 0.82891 -0.03232 0.55818
1403638529.4778294563 0.08030 -0.07434 0.18673 0.01687 0.83874 -0.03001 0.54345
1403638529.5778295994 0.05459 -0.06170 0.16178 0.01530 0.84863 -0.02713 0.52807
1403638529.6778295040 0.03397 -0.05579 0.13711 0.01743 0.85194 -0.02442 0.52279
1403638529.7778294086 0.02330 -0.04708 0.11377 0.01688 0.84828 -0.02389 0.52874
1403638529.8778295517 0.01786 -0.03910 0.09247 0.01562 0.84195 -0.02526 0.53873
1403638529.9778294563 0.01595 -0.03326 0.07739 0.01621 0.83946 -0.02631 0.54255
1403638530.0778295994 0.02483 -0.03222 0.06696 0.01715 0.84090 -0.02702 0.54024
1403638530.1778295040 0.03826 -0.03254 0.05709 0.01844 0.84266 -0.03160 0.53721
1403638530.2778294086 0.05342 -0.03366 0.04685 0.02117 0.84227 -0.03806 0.53730
1403638530.3778295517 0.06711 -0.03684 0.03677 0.02434 0.84160 -0.04376 0.53778
1403638530.4778294563 0.07912 -0.04056 0.02928 0.02560 0.84130 -0.04837 0.53780
1403638530.5778295994 0.08694 -0.04483 0.02382 0.02581 0.84127 -0.05238 0.53745
1403638530.6778295040 0.09147 -0.04829 0.01868 0.02762 0.84425 -0.05497 0.53241
1403638530.7778294086 0.09467 -0.05047 0.01311 0.02828 0.84763 -0.05686 0.52677
1403638530.8778295517 0.09700 -0.05190 0.00847 0.02718 0.84818 -0.05680 0.52595
1403638530.9778294563 0.09827 -0.05242 0.00534 0.02677 0.84586 -0.05746 0.52963
1403638531.0778295994 0.09838 -0.05217 0.00337 0.02789 0.84240 -0.05644 0.53516
1403638531.1778295040 0.09834 -0.05055 0.00399 0.02888 0.84018 -0.05464 0.53878
1403638531.2778294086 0.09869 -0.04950 0.00250 0.03178 0.83904 -0.05344 0.54050
1403638531.3778295517 0.09855 -0.04872 0.00217 0.03176 0.83785 -0.05375 0.54232
1403638531.4778294563 0.09834 -0.04915 0.00224 0.03204 0.83691 -0.05430 0.54370
1403638531.5778295994 0.09817 -0.04928 0.00209 0.03282 0.83721 -0.05336 0.54329
1403638531.6778295040 0.09812 -0.04913 0.00199 0.03239 0.83728 -0.05420 0.54311
1403638531.7778294086 0.09817 -0.04928 0.00200 0.03311 0.83725 -0.05457 0.54308
1403638531.8778295517 0.09811 -0.04934 0.00197 0.03345 0.83730 -0.05464 0.54298
1403638531.9778294563 0.09812 -0.04948 0.00197 0.03404 0.83730 -0.05495 0.54292
1403638532.0778295994 0.09809 -0.04956 0.00195 0.03448 0.83728 -0.05505 0.54291
1403638532.1778295040 0.09809 -0.04960 0.00195 0.03472 0.83725 -0.05535 0.54290
1403638532.2778294086 0.09810 -0.04963 0.00195 0.03485 0.83722 -0.05572 0.54290
1403638532.3778295517 0.09809 -0.04966 0.00193 0.03499 0.83719 -0.05593 0.54292
1403638532.4778294563 0.09810 -0.04973 0.00195 0.03519 0.83715 -0.05621 0.54294
1403638532.5778295994 0.09808 -0.04977 0.00192 0.03539 0.83716 -0.05641 0.54289
1403638532.6778295040 0.09810 -0.04986 0.00194 0.03574 0.83714 -0.05663 0.54287
1403638532.7778294086 0.09807 -0.04990 0.00193 0.03596 0.83716 -0.05664 0.54282
1403638532.8778295517 0.09807 -0.04994 0.00194 0.03622 0.83716 -0.05680 0.54280
1403638532.9778294563 0.09808 -0.05000 0.00194 0.03636 0.83714 -0.05695 0.54280
1403638533.0778295994 0.09806 -0.05003 0.00193 0.03650 0.83715 -0.05709 0.54277
1403638533.1778295040 0.09807 -0.05008 0.00193 0.03669 0.83711 -0.05731 0.54279
1403638533.2778294086 0.09806 -0.05013 0.00192 0.03685 0.83708 -0.05749 0.54281
1403638533.3778295517 0.09806 -0.05016 0.00192 0.03707 0.83706 -0.05759 0.54280
1403638533.4778294563 0.09808 -0.05022 0.00193 0.03719 0.83705 -0.05772 0.54280
1403638533.5778295994 0.09806 -0.05023 0.00191 0.03727 0.83705 -0.05785 0.54278
1403638533.6778295040 0.09807 -0.05027 0.00191 0.03736 0.83704 -0.05803 0.54278
1403638533.7778294086 0.09806 -0.05029 0.00190 0.03747 0.83702 -0.05818 0.54278
1403638533.8778295517 0.09808 -0.05029 0.00189 0.03733 0.83707 -0.05800 0.54273
1403638533.9778294563 0.09811 -0.05036 0.00189 0.03749 0.83709 -0.05828 0.54267
1403638534.0778295994 0.09804 -0.05040 0.00186 0.03796 0.83703 -0.05882 0.54265
1403638534.1778295040 0.09806 -0.05042 0.00188 0.03766 0.83704 -0.05870 0.54268
1403638534.2778294086 0.09807 -0.05036 0.00191 0.03738 0.83711 -0.05857 0.54260
1403638534.3778295517 0.09809 -0.05036 0.00190 0.03740 0.83712 -0.05862 0.54259
1403638534.4778294563 0.09809 -0.05043 0.00184 0.03753 0.83716 -0.05892 0.54247
1403638534.5778295994 0.09808 -0.05039 0.00183 0.03721 0.83731 -0.05857 0.54231
1403638534.6778295040 0.09812 -0.05035 0.00184 0.03697 0.83735 -0.05840 0.54228
1403638534.7778294086 0.09810 -0.05040 0.00184 0.03703 0.83735 -0.05829 0.54228
1403638534.8778295517 0.09809 -0.05047 0.00182 0.03739 0.83732 -0.05857 0.54228
1403638534.9778294563 0.09807 -0.05053 0.00182 0.03748 0.83735 -0.05870 0.54221
1403638535.0778295994 0.09807 -0.05052 0.00181 0.03729 0.83741 -0.05869 0.54213
1403638535.1778295040 0.09809 -0.05053 0.00180 0.03721 0.83738 -0.05873 0.54218
1403638535.2778294086 0.09808 -0.05054 0.00180 0.03716 0.83736 -0.05875 0.54221
1403638535.3778295517 0.09808 -0.05054 0.00181 0.03718 0.83736 -0.05878 0.54221
1403638535.4778294563 0.09809 -0.05056 0.00181 0.03726 0.83738 -0.05885 0.54217
1403638535.5778295994 0.09811 -0.05055 0.00181 0.03719 0.83741 -0.05880 0.54212
1403638535.6778295040 0.09811 -0.05055 0.00180 0.03712 0.83741 -0.05887 0.54212
1403638535.7778294086 0.09810 -0.05057 0.00179 0.03719 0.83739 -0.05893 0.54215
1403638535.8778295517 0.09811 -0.05058 0.00179 0.03711 0.83739 -0.05891 0.54215
1403638535.9778294563 0.09809 -0.05059 0.00179 0.03701 0.83745 -0.05894 0.54207
1403638536.0778295994 0.09811 -0.05060 0.00178 0.03698 0.83741 -0.05907 0.54212
1403638536.1778295040 0.09811 -0.05062 0.00178 0.03697 0.83739 -0.05913 0.54213
1403638536.2778294086 0.09812 -0.05063 0.00178 0.03699 0.83739 -0.05911 0.54213
1403638536.3778295517 0.09813 -0.05065 0.00178 0.03701 0.83735 -0.05916 0.54219
1403638536.4778294563 0.09813 -0.05065 0.00178 0.03699 0.83734 -0.05915 0.54221
1403638536.5778295994 0.09814 -0.05066 0.00178 0.03688 0.83735 -0.05918 0.54221
1403638536.6778295040 0.09814 -0.05067 0.00178 0.03686 0.83734 -0.05918 0.54221
1403638536.7778294086 0.09812 -0.05068 0.00176 0.03694 0.83730 -0.05929 0.54226
1403638536.8778295517 0.09812 -0.05070 0.00175 0.03695 0.83722 -0.05947 0.54237
1403638536.9778294563 0.09812 -0.05072 0.00175 0.03689 0.83723 -0.05957 0.54234
1403638537.0778295994 0.09815 -0.05069 0.00177 0.03682 0.83725 -0.05947 0.54233
1403638537.1778295040 0.09815 -0.05069 0.00178 0.03692 0.83720 -0.05947 0.54240
1403638537.2778294086 0.09816 -0.05069 0.00180 0.03699 0.83722 -0.05942 0.54236
1403638537.3778295517 0.09817 -0.05070 0.00178 0.03692 0.83722 -0.05939 0.54238
1403638537.4778294563 0.09818 -0.05070 0.00179 0.03684 0.83720 -0.05939 0.54241
1403638537.5778295994 0.09818 -0.05069 0.00182 0.03677 0.83722 -0.05927 0.54240
1403638537.6778295040 0.09820 -0.05068 0.00185 0.03672 0.83724 -0.05921 0.54238
1403638537.7778294086 0.09820 -0.05067 0.00185 0.03664 0.83718 -0.05920 0.54247
1403638537.8778295517 0.09825 -0.05067 0.00189 0.03664 0.83720 -0.05907 0.54246
1403638537.9778294563 0.09824 -0.05064 0.00190 0.03654 0.83717 -0.05910 0.54251
1403638538.0778295994 0.09824 -0.05064 0.00192 0.03654 0.83711 -0.05912 0.54260
1403638538.1778295040 0.09824 -0.05067 0.00194 0.03659 0.83705 -0.05914 0.54269
1403638538.2778294086 0.09834 -0.05064 0.00195 0.03649 0.83707 -0.05901 0.54268
1403638538.3778295517 0.09830 -0.05065 0.00198 0.03657 0.83700 -0.05893 0.54279
1403638538.4778294563 0.09828 -0.05064 0.00204 0.03648 0.83696 -0.05887 0.54286
1403638538.5778295994 0.09832 -0.05064 0.00208 0.03668 0.83689 -0.05891 0.54296
1403638538.6778295040 0.09831 -0.05065 0.00213 0.03661 0.83666 -0.05906 0.54330
1403638538.7778294086 0.09841 -0.05072 0.00248 0.03650 0.83584 -0.05893 0.54458
1403638538.8778295517 0.09983 -0.05032 0.00292 0.03583 0.83474 -0.05841 0.54637
1403638538.9778294563 0.10317 -0.05031 0.00553 0.03722 0.82993 -0.05808 0.55359
1403638539.0778295994 0.10814 -0.05025 0.00907 0.03820 0.82384 -0.05894 0.56246
1403638539.1778295040 0.11718 -0.05042 0.01586 0.03665 0.81819 -0.05860 0.57078
1403638539.2778294086 0.12686 -0.05065 0.03074 0.03565 0.81405 -0.05708 0.57688
1403638539.3778295517 0.13592 -0.05124 0.05328 0.03427 0.81448 -0.05563 0.57649
1403638539.4778294563 0.14537 -0.05199 0.08209 0.03314 0.81612 -0.05386 0.57441
1403638539.5778295994 0.15468 -0.05280 0.11453 0.03235 0.81662 -0.05197 0.57392
1403638539.6778295040 0.16461 -0.05377 0.14228 0.03041 0.81685 -0.05115 0.57377
1403638539.7778294086 0.17535 -0.05484 0.15827 0.03082 0.81814 -0.04934 0.57207
1403638539.8778295517 0.18882 -0.05527 0.16734 0.02987 0.82073 -0.04868 0.56845
1403638539.9778294563 0.20414 -0.05560 0.17524 0.02812 0.82534 -0.04833 0.56187
1403638540.0778295994 0.22218 -0.05545 0.18403 0.02764 0.83101 -0.04775 0.55351
1403638540.1778295040 0.24756 -0.05734 0.19147 0.02745 0.83502 -0.04750 0.54748
1403638540.2778294086 0.27988 -0.05584 0.20885 0.02806 0.83072 -0.04626 0.55405
1403638540.3778295517 0.31806 -0.05698 0.21820 0.02876 0.82460 -0.04433 0.56325
1403638540.4778294563 0.36006 -0.05715 0.22563 0.02558 0.82225 -0.03833 0.56726
1403638540.5778295994 0.40592 -0.05637 0.23129 0.01836 0.82239 -0.02678 0.56800
1403638540.6778295040 0.45487 -0.05606 0.23631 0.01011 0.82242 -0.00953 0.56871
1403638540.7778294086 0.50530 -0.05338 0.23950 0.00231 0.82138 0.01451 0.57019
1403638540.8778295517 0.55625 -0.04734 0.24162 -0.00779 0.82048 0.04253 0.57004
1403638540.9778294563 0.60745 -0.03605 0.24248 -0.02128 0.81872 0.06882 0.56966
1403638541.0778295994 0.65945 -0.02076 0.24153 -0.03484 0.81639 0.08828 0.56965
1403638541.1778295040 0.71329 -0.00166 0.23549 -0.04443 0.81453 0.10151 0.56944
1403638541.2778294086 0.76761 0.02144 0.22825 -0.04948 0.81364 0.11026 0.56866
1403638541.3778295517 0.82148 0.04920 0.22939 -0.05243 0.81342 0.11384 0.56802
1403638541.4778294563 0.87334 0.08165 0.23660 -0.05348 0.81313 0.11399 0.56831
1403638541.5778295994 0.92370 0.12044 0.24981 -0.05272 0.81160 0.11453 0.57045
1403638541.6778295040 0.97753 0.16543 0.27140 -0.05670 0.80981 0.11738 0.57203
1403638541.7778294086 1.02939 0.21645 0.29778 -0.06670 0.80848 0.12308 0.57163
1403638541.8778295517 1.07873 0.27037 0.33282 -0.07839 0.80708 0.13188 0.57017
1403638541.9778294563 1.12609 0.32673 0.36525 -0.09002 0.80602 0.14620 0.56644
1403638542.0778295994 1.17113 0.38466 0.39076 -0.10403 0.80393 0.16337 0.56231
1403638542.1778295040 1.21550 0.44372 0.40965 -0.11943 0.80007 0.18344 0.55855
1403638542.2778294086 1.25812 0.50401 0.42217 -0.13440 0.79600 0.20696 0.55272
1403638542.3778295517 1.30335 0.56519 0.43129 -0.14789 0.78828 0.22868 0.55177
1403638542.4778294563 1.34617 0.62470 0.43719 -0.15421 0.77466 0.24894 0.56049
1403638542.5778295994 1.38730 0.68466 0.43961 -0.15037 0.76258 0.26730 0.56957
1403638542.6778295040 1.42270 0.74778 0.44335 -0.15091 0.75926 0.27660 0.56943
1403638542.7778294086 1.45073 0.81563 0.45394 -0.15977 0.76351 0.27553 0.56179
1403638542.8778295517 1.47351 0.88864 0.47173 -0.16613 0.76903 0.27226 0.55396
1403638542.9778294563 1.49121 0.96299 0.49637 -0.17000 0.77373 0.26900 0.54779
1403638543.0778295994 1.50538 1.03670 0.52373 -0.17261 0.77743 0.26589 0.54324
1403638543.1778295040 1.51994 1.11304 0.54725 -0.17274 0.77875 0.26342 0.54251
1403638543.2778294086 1.53159 1.18619 0.56585 -0.17315 0.77915 0.26120 0.54288
1403638543.3778295517 1.54578 1.26510 0.57775 -0.17262 0.78028 0.26030 0.54185
1403638543.4778294563 1.55981 1.34453 0.58625 -0.17500 0.77921 0.26484 0.54043
1403638543.5778295994 1.56904 1.42041 0.59318 -0.18051 0.77606 0.27619 0.53746
1403638543.6778295040 1.58016 1.49957 0.59501 -0.18754 0.77027 0.29396 0.53395
1403638543.7778294086 1.58931 1.57857 0.59860 -0.19803 0.76202 0.31555 0.52966
1403638543.8778295517 1.59842 1.65580 0.60953 -0.21001 0.75173 0.33841 0.52561
1403638543.9778294563 1.60947 1.73687 0.62669 -0.22424 0.74306 0.35702 0.51973
1403638544.0778295994 1.62075 1.81866 0.64732 -0.23924 0.73896 0.36856 0.51074
1403638544.1778295040 1.63327 1.90195 0.66780 -0.24977 0.73577 0.37528 0.50540
1403638544.2778294086 1.64668 1.98798 0.68271 -0.25666 0.73312 0.37875 0.50320
1403638544.3778295517 1.65982 2.07401 0.69216 -0.25838 0.73235 0.38143 0.50142
1403638544.4778294563 1.67480 2.16330 0.70070 -0.25763 0.73280 0.38263 0.50022
1403638544.5778295994 1.69098 2.25472 0.70756 -0.25962 0.73010 0.38179 0.50378
1403638544.6778295040 1.70735 2.34821 0.72259 -0.26482 0.72356 0.38109 0.51098
1403638544.7778294086 1.72211 2.43587 0.73838 -0.26634 0.72266 0.38218 0.51065
1403638544.8778295517 1.73623 2.52301 0.75401 -0.26456 0.72581 0.38467 0.50521
1403638544.9778294563 1.75087 2.60950 0.76331 -0.26484 0.72660 0.38548 0.50331
1403638545.0778295994 1.76539 2.69399 0.76655 -0.26657 0.72531 0.38553 0.50422
1403638545.1778295040 1.77688 2.77302 0.76415 -0.26676 0.72477 0.38688 0.50386
1403638545.2778294086 1.79201 2.85783 0.75595 -0.26608 0.72413 0.38853 0.50386
1403638545.3778295517 1.80776 2.94192 0.74403 -0.26798 0.72148 0.38765 0.50733
1403638545.4778294563 1.82048 3.02013 0.72854 -0.27029 0.72134 0.38867 0.50552
1403638545.5778295994 1.83439 3.10556 0.71645 -0.27437 0.71906 0.39528 0.50143
1403638545.6778295040 1.84709 3.18619 0.71107 -0.28320 0.71333 0.40675 0.49548
1403638545.7778294086 1.85922 3.26516 0.71221 -0.29213 0.70529 0.42326 0.48793
1403638545.8778295517 1.87308 3.34895 0.71919 -0.30299 0.69437 0.44264 0.47971
1403638545.9778294563 1.88832 3.43413 0.73248 -0.31271 0.68162 0.46443 0.47107
1403638546.0778295994 1.90549 3.52363 0.74813 -0.31906 0.66944 0.48315 0.46542
1403638546.1778295040 1.92299 3.61447 0.75857 -0.32659 0.66062 0.49531 0.45999
1403638546.2778294086 1.93793 3.70350 0.76263 -0.33159 0.65577 0.50283 0.45517
1403638546.3778295517 1.95163 3.79368 0.76203 -0.33794 0.65414 0.50503 0.45038
1403638546.4778294563 1.96411 3.88435 0.75574 -0.34072 0.65370 0.50634 0.44743
1403638546.5778295994 1.97597 3.97746 0.75001 -0.34180 0.65156 0.50957 0.44608
1403638546.6778295040 1.98615 4.07093 0.74979 -0.34537 0.64664 0.51539 0.44378
1403638546.7778294086 1.99478 4.16627 0.76034 -0.34796 0.64190 0.52114 0.44194
1403638546.8778295517 2.00175 4.26367 0.77948 -0.34881 0.63806 0.52613 0.44091
1403638546.9778294563 2.00816 4.36519 0.79524 -0.34765 0.63463 0.53054 0.44148
1403638547.0778295994 2.01406 4.46830 0.80429 -0.34564 0.63212 0.53378 0.44277
1403638547.1778295040 2.01423 4.57010 0.80421 -0.34292 0.62989 0.53709 0.44406
1403638547.2778294086 2.01208 4.67252 0.80299 -0.34105 0.62846 0.53855 0.44574
1403638547.3778295517 2.00205 4.77024 0.79619 -0.34442 0.62978 0.53645 0.44382
1403638547.4778294563 1.99234 4.87569 0.78935 -0.34897 0.63299 0.53276 0.44013
1403638547.5778295994 1.98074 4.98211 0.77789 -0.35201 0.63650 0.52940 0.43669
1403638547.6778295040 1.96536 5.08415 0.76050 -0.35273 0.63767 0.52787 0.43625
1403638547.7778294086 1.95117 5.19521 0.73989 -0.35060 0.63710 0.52836 0.43820
1403638547.8778295517 1.93319 5.30204 0.71438 -0.34712 0.63420 0.53042 0.44267
1403638547.9778294563 1.91456 5.41663 0.69119 -0.34720 0.63411 0.53074 0.44235
1403638548.0778295994 1.89258 5.53437 0.67533 -0.34974 0.63370 0.53303 0.43816
1403638548.1778295040 1.87091 5.65627 0.67003 -0.35407 0.62988 0.53845 0.43354
1403638548.2778294086 1.84679 5.77961 0.67297 -0.36052 0.62342 0.54694 0.42689
1403638548.3778295517 1.82022 5.90242 0.68475 -0.36806 0.61383 0.55836 0.41950
1403638548.4778294563 1.79331 6.02258 0.70415 -0.37612 0.60405 0.56899 0.41220
1403638548.5778295994 1.76742 6.14052 0.72360 -0.38263 0.59594 0.57694 0.40693
1403638548.6778295040 1.74279 6.25995 0.73784 -0.38745 0.59031 0.58243 0.40274
1403638548.7778294086 1.71828 6.38534 0.74716 -0.39012 0.58637 0.58643 0.40010
1403638548.8778295517 1.69207 6.51337 0.76049 -0.39135 0.58420 0.58908 0.39817
1403638548.9778294563 1.66541 6.64048 0.78171 -0.39271 0.58314 0.59002 0.39699
1403638549.0778295994 1.63693 6.76827 0.80780 -0.39319 0.58287 0.59045 0.39626
1403638549.1778295040 1.60839 6.89800 0.83853 -0.39432 0.58285 0.58949 0.39661
1403638549.2778294086 1.57878 7.02799 0.87624 -0.39500 0.58374 0.58853 0.39605
1403638549.3778295517 1.54943 7.16288 0.91720 -0.39718 0.58530 0.58617 0.39506
1403638549.4778294563 1.52014 7.29471 0.95621 -0.39901 0.58677 0.58408 0.39414
1403638549.5778295994 1.49144 7.43255 0.98955 -0.40034 0.58687 0.58236 0.39518
1403638549.6778295040 1.46395 7.56814 1.01805 -0.40168 0.58637 0.58085 0.39679
1403638549.7778294086 1.43873 7.70283 1.04693 -0.40008 0.58653 0.58140 0.39734
1403638549.8778295517 1.41338 7.83800 1.08178 -0.39909 0.58803 0.58160 0.39584
1403638549.9778294563 1.38749 7.97564 1.12581 -0.39878 0.58886 0.58170 0.39477
1403638550.0778295994 1.36293 8.11554 1.17753 -0.39910 0.58917 0.58149 0.39430
1403638550.1778295040 1.34035 8.25508 1.23582 -0.39989 0.58957 0.58146 0.39293
1403638550.2778294086 1.31929 8.40137 1.30165 -0.39938 0.58912 0.58233 0.39285
1403638550.3778295517 1.29881 8.54508 1.36792 -0.39947 0.58805 0.58281 0.39365
1403638550.4778294563 1.28092 8.69268 1.42906 -0.40215 0.58864 0.58130 0.39225
1403638550.5778295994 1.26535 8.83560 1.47760 -0.40604 0.58925 0.57908 0.39063
1403638550.6778295040 1.25390 8.97251 1.51977 -0.41102 0.58758 0.57580 0.39276
1403638550.7778294086 1.24681 9.10409 1.55723 -0.41406 0.58675 0.57374 0.39383
1403638550.8778295517 1.24380 9.23802 1.59221 -0.42005 0.58297 0.56953 0.39916
1403638550.9778294563 1.24285 9.37197 1.62390 -0.42581 0.57880 0.56507 0.40543
1403638551.0778295994 1.24333 9.50092 1.65358 -0.42955 0.57633 0.56217 0.40901
1403638551.1778295040 1.24695 9.62672 1.68464 -0.43392 0.57683 0.55939 0.40750
1403638551.2778294086 1.25506 9.74531 1.72043 -0.43456 0.57860 0.55829 0.40582
1403638551.3778295517 1.26937 9.85396 1.76182 -0.42983 0.58632 0.55538 0.40376
1403638551.4778294563 1.29063 9.95606 1.79941 -0.42250 0.59899 0.54624 0.40537
1403638551.5778295994 1.31896 10.05406 1.83122 -0.41645 0.61429 0.53017 0.41004
1403638551.6778295040 1.35333 10.15556 1.86088 -0.40972 0.63153 0.51194 0.41378
1403638551.7778294086 1.39676 10.25564 1.88531 -0.40067 0.64594 0.49362 0.42257
1403638551.8778295517 1.44805 10.34974 1.90516 -0.39072 0.65672 0.47817 0.43290
1403638551.9778294563 1.50653 10.43536 1.92781 -0.37901 0.66017 0.47052 0.44625
1403638552.0778295994 1.57034 10.50979 1.95727 -0.36964 0.66172 0.46553 0.45692
1403638552.1778295040 1.63711 10.57457 1.99116 -0.36380 0.66663 0.46253 0.45752
1403638552.2778294086 1.70620 10.63226 2.03003 -0.35966 0.67059 0.46163 0.45590
1403638552.3778295517 1.77806 10.68566 2.06780 -0.36166 0.67165 0.45887 0.45554
1403638552.4778294563 1.85531 10.73650 2.10019 -0.36897 0.66806 0.45338 0.46044
1403638552.5778295994 1.93673 10.77614 2.12814 -0.37455 0.66440 0.44996 0.46456
1403638552.6778295040 2.02170 10.80914 2.14958 -0.37513 0.66211 0.45120 0.46616
1403638552.7778294086 2.11047 10.83339 2.16441 -0.37446 0.66146 0.45347 0.46543
1403638552.8778295517 2.20261 10.85342 2.17485 -0.37230 0.66003 0.45742 0.46531
1403638552.9778294563 2.29802 10.86302 2.18139 -0.36793 0.65761 0.46346 0.46624
1403638553.0778295994 2.39537 10.87171 2.18263 -0.36425 0.65528 0.46883 0.46704
1403638553.1778295040 2.49297 10.87385 2.18224 -0.36968 0.65147 0.46750 0.46942
1403638553.2778294086 2.59089 10.87073 2.18237 -0.37702 0.64577 0.46423 0.47468
1403638553.3778295517 2.68916 10.85889 2.18688 -0.37870 0.64056 0.46503 0.47960
1403638553.4778294563 2.78594 10.83664 2.19647 -0.37524 0.63504 0.46852 0.48621
1403638553.5778295994 2.88217 10.80412 2.21226 -0.37221 0.63070 0.47142 0.49137
1403638553.6778295040 2.97555 10.75819 2.23182 -0.36993 0.62975 0.47362 0.49219
1403638553.7778294086 3.06516 10.70113 2.26058 -0.36795 0.63027 0.47541 0.49129
1403638553.8778295517 3.14527 10.63283 2.29536 -0.36561 0.63207 0.47691 0.48925
1403638553.9778294563 3.23196 10.56564 2.33469 -0.36467 0.63523 0.47725 0.48552
1403638554.0778295994 3.30484 10.48328 2.36535 -0.36307 0.63852 0.47820 0.48145
1403638554.1778295040 3.39165 10.40909 2.39543 -0.35797 0.64150 0.48177 0.47774
1403638554.2778294086 3.46274 10.31963 2.41338 -0.34992 0.64729 0.48765 0.46986
1403638554.3778295517 3.54028 10.23881 2.43075 -0.34384 0.65053 0.49217 0.46513
1403638554.4778294563 3.61107 10.15614 2.44375 -0.34111 0.65193 0.49433 0.46289
1403638554.5778295994 3.67725 10.07388 2.45211 -0.34222 0.65278 0.49401 0.46121
1403638554.6778295040 3.73941 9.98959 2.46018 -0.34808 0.65507 0.49026 0.45757
1403638554.7778294086 3.80280 9.90914 2.47418 -0.35302 0.65574 0.48702 0.45628
1403638554.8778295517 3.86631 9.82643 2.49418 -0.35607 0.65591 0.48506 0.45575
1403638554.9778294563 3.93209 9.74418 2.51526 -0.35863 0.65665 0.48189 0.45605
1403638555.0778295994 4.00056 9.66709 2.52921 -0.35506 0.65988 0.47761 0.45867
1403638555.1778295040 4.06763 9.58245 2.53734 -0.34846 0.66603 0.47101 0.46166
1403638555.2778294086 4.13930 9.50481 2.54322 -0.34240 0.67235 0.46297 0.46514
1403638555.3778295517 4.21227 9.42323 2.54375 -0.33537 0.67560 0.45825 0.47021
1403638555.4778294563 4.28452 9.34085 2.54075 -0.32961 0.67774 0.45516 0.47418
1403638555.5778295994 4.35664 9.25738 2.53680 -0.32726 0.67912 0.45248 0.47639
1403638555.6778295040 4.42842 9.17320 2.53855 -0.32661 0.68090 0.45082 0.47588
1403638555.7778294086 4.49903 9.08757 2.54879 -0.32562 0.68209 0.45101 0.47467
1403638555.8778295517 4.56907 8.99952 2.56629 -0.32496 0.68207 0.45200 0.47422
1403638555.9778294563 4.64025 8.91817 2.58926 -0.32367 0.68075 0.45365 0.47540
1403638556.0778295994 4.71191 8.83539 2.61657 -0.32217 0.68082 0.45501 0.47503
1403638556.1778295040 4.78457 8.76052 2.63834 -0.32118 0.68517 0.45559 0.46885
