1403638523.0778295994 0.02453 0.01389 0.34885 -0.07041 0.80193 0.01648 0.59302
1403638523.1778295040 -0.04258 0.00068 0.38333 -0.06977 0.80037 0.01705 0.59519
1403638523.2778294086 -0.09357 -0.00816 0.36927 -0.06053 0.79737 0.01694 0.60021
1403638523.3778295517 -0.13253 -0.01525 0.31027 -0.05606 0.79577 0.01609 0.60279
1403638523.4778294563 -0.15966 -0.02210 0.24501 -0.05142 0.79903 0.01870 0.59880
1403638523.5778295994 -0.19471 -0.02986 0.17421 -0.04442 0.80797 0.02298 0.58710
1403638523.6778295040 -0.22528 -0.03628 0.09431 -0.03749 0.81710 0.02591 0.57470
1403638523.7778294086 -0.26057 -0.04238 0.00789 -0.03377 0.82132 0.02889 0.56873
1403638523.8778295517 -0.29631 -0.04630 -0.08437 -0.03033 0.82147 0.03189 0.56855
1403638523.9778294563 -0.32544 -0.05024 -0.15020 -0.02083 0.82105 0.03786 0.56921
1403638524.0778295994 -0.35045 -0.04816 -0.19750 -0.01344 0.82381 0.04610 0.56483
1403638524.1778295040 -0.36284 -0.04528 -0.20718 -0.01384 0.82809 0.05105 0.55810
1403638524.2778294086 -0.36470 -0.04379 -0.18145 -0.01990 0.82885 0.05217 0.55667
1403638524.3778295517 -0.36770 -0.04160 -0.13481 -0.02917 0.82584 0.05069 0.56087
1403638524.4778294563 -0.36625 -0.03932 -0.07845 -0.03602 0.81890 0.04896 0.57071
1403638524.5778295994 -0.35952 -0.03519 -0.01419 -0.03899 0.80968 0.04758 0.58364
1403638524.6778295040 -0.34294 -0.03158 0.05086 -0.03481 0.80291 0.04187 0.59360
1403638524.7778294086 -0.30776 -0.03035 0.11043 -0.02192 0.79888 0.03632 0.59999
1403638524.8778295517 -0.26021 -0.03076 0.15494 -0.01793 0.79735 0.03326 0.60234
1403638524.9778294563 -0.21425 -0.03382 0.18194 -0.02414 0.79590 0.03536 0.60392
1403638525.0778295994 -0.19405 -0.03390 0.18793 -0.02161 0.79328 0.03848 0.60725
1403638525.1778295040 -0.17107 -0.03077 0.18079 -0.01902 0.79200 0.04273 0.60873
1403638525.2778294086 -0.16150 -0.03175 0.13871 -0.01884 0.79492 0.04741 0.60457
1403638525.3778295517 -0.15905 -0.03192 0.08644 -0.02118 0.80423 0.05215 0.59164
1403638525.4778294563 -0.16047 -0.03158 0.03440 -0.02957 0.81696 0.05394 0.57340
1403638525.5778295994 -0.15626 -0.03377 -0.01474 -0.03575 0.82639 0.05336 0.55942
1403638525.6778295040 -0.15254 -0.03647 -0.05439 -0.03667 0.82947 0.05023 0.55508
1403638525.7778294086 -0.14791 -0.03742 -0.08521 -0.03387 0.82788 0.04423 0.55813
1403638525.8778295517 -0.14179 -0.03821 -0.10590 -0.02685 0.82416 0.03970 0.56433
1403638525.9778294563 -0.13929 -0.04701 -0.11604 -0.01840 0.82276 0.03830 0.56679
1403638526.0778295994 -0.14244 -0.06668 -0.11575 -0.01398 0.82445 0.03597 0.56461
1403638526.1778295040 -0.14588 -0.09620 -0.10862 -0.01232 0.82689 0.02677 0.56160
1403638526.2778294086 -0.15136 -0.13204 -0.09522 -0.00901 0.82591 0.01764 0.56346
1403638526.3778295517 -0.15953 -0.17218 -0.08085 -0.00684 0.82162 0.00899 0.56992
1403638526.4778294563 -0.17021 -0.21667 -0.06829 -0.00580 0.81633 -0.00198 0.57756
1403638526.5778295994 -0.18189 -0.26686 -0.05971 -0.00472 0.81079 -0.01291 0.58518
1403638526.6778295040 -0.19553 -0.32577 -0.05291 -0.00051 0.80545 -0.02125 0.59229
1403638526.7778294086 -0.21227 -0.39020 -0.04759 0.00783 0.80224 -0.02680 0.59634
1403638526.8778295517 -0.23124 -0.45550 -0.04376 0.01576 0.80147 -0.03011 0.59707
1403638526.9778294563 -0.25073 -0.51808 -0.04019 0.01999 0.80460 -0.03660 0.59235
1403638527.0778295994 -0.26868 -0.57740 -0.03583 0.02752 0.80912 -0.04995 0.58487
1403638527.1778295040 -0.28269 -0.63060 -0.02955 0.03514 0.81082 -0.06534 0.58058
1403638527.2778294086 -0.29219 -0.67298 -0.02221 0.04652 0.80769 -0.07933 0.58239
1403638527.3778295517 -0.29814 -0.70179 -0.01496 0.06193 0.80232 -0.08837 0.58706
1403638527.4778294563 -0.29728 -0.70759 -0.01092 0.07227 0.79853 -0.09296 0.59033
1403638527.5778295994 -0.29067 -0.69115 -0.01012 0.07535 0.79778 -0.09422 0.59075
1403638527.6778295040 -0.27474 -0.64715 -0.01405 0.07383 0.79828 -0.09063 0.59083
1403638527.7778294086 -0.26313 -0.60347 -0.01255 0.06879 0.79972 -0.08346 0.59055
1403638527.8778295517 -0.25031 -0.55077 -0.00883 0.05526 0.80298 -0.07856 0.58822
1403638527.9778294563 -0.22853 -0.48592 -0.00664 0.04568 0.80387 -0.07374 0.58844
1403638528.0778295994 -0.20581 -0.42518 -0.00613 0.03969 0.80259 -0.06653 0.59148
1403638528.1778295040 -0.18429 -0.37178 -0.00985 0.03086 0.80302 -0.05787 0.59234
1403638528.2778294086 -0.15934 -0.32756 -0.01492 0.01920 0.80458 -0.04742 0.59164
1403638528.3778295517 -0.13035 -0.29662 -0.02079 0.01272 0.80425 -0.03948 0.59284
1403638528.4778294563 -0.09668 -0.27726 -0.02477 0.01478 0.80341 -0.03641 0.59412
1403638528.5778295994 -0.06239 -0.26357 -0.02641 0.01647 0.80526 -0.04111 0.59126
1403638528.6778295040 -0.03223 -0.25583 -0.02383 0.01549 0.80645 -0.04891 0.58908
1403638528.7778294086 -0.00834 -0.25153 -0.01813 0.02072 0.80540 -0.05428 0.58988
1403638528.8778295517 0.00077 -0.24814 -0.00915 0.01706 0.80423 -0.06178 0.59086
1403638528.9778294563 0.00320 -0.23112 0.00229 0.01031 0.80390 -0.06826 0.59074
1403638529.0778295994 -0.02149 -0.22598 0.02000 0.01180 0.80474 -0.06973 0.58940
1403638529.1778295040 -0.05427 -0.21121 0.03014 0.02912 0.80561 -0.06327 0.58833
1403638529.2778294086 -0.09411 -0.19264 0.02969 0.04110 0.80754 -0.05759 0.58556
1403638529.3778295517 -0.11676 -0.15293 0.01249 0.04543 0.81297 -0.05338 0.57806
1403638529.4778294563 -0.13894 -0.12656 -0.01233 0.04420 0.82339 -0.05113 0.56344
1403638529.5778295994 -0.15788 -0.10928 -0.03932 0.04209 0.83396 -0.04854 0.54808
1403638529.6778295040 -0.16870 -0.09532 -0.06513 0.04371 0.83800 -0.04579 0.54198
1403638529.7778294086 -0.17439 -0.08237 -0.08893 0.04335 0.83434 -0.04505 0.54769
1403638529.8778295517 -0.17476 -0.07310 -0.11082 0.04229 0.82773 -0.04597 0.55763
1403638529.9778294563 -0.16790 -0.06858 -0.12660 0.04206 0.82505 -0.04609 0.56160
1403638530.0778295994 -0.15716 -0.06754 -0.13727 0.04281 0.82647 -0.04671 0.55940
1403638530.1778295040 -0.14355 -0.06877 -0.14626 0.04388 0.82813 -0.05129 0.55645
1403638530.2778294086 -0.12848 -0.07114 -0.15544 0.04607 0.82756 -0.05744 0.55653
1403638530.3778295517 -0.11455 -0.07522 -0.16480 0.04864 0.82679 -0.06275 0.55688
1403638530.4778294563 -0.10293 -0.07934 -0.17244 0.04898 0.82649 -0.06671 0.55684
1403638530.5778295994 -0.09502 -0.08388 -0.17810 0.04828 0.82645 -0.07008 0.55654
1403638530.6778295040 -0.09036 -0.08750 -0.18317 0.04942 0.82949 -0.07243 0.55160
1403638530.7778294086 -0.08699 -0.08984 -0.18858 0.04947 0.83300 -0.07413 0.54606
1403638530.8778295517 -0.08498 -0.09123 -0.19253 0.04755 0.83371 -0.07340 0.54523
1403638530.9778294563 -0.08348 -0.09166 -0.19563 0.04632 0.83146 -0.07328 0.54878
1403638531.0778295994 -0.08329 -0.09130 -0.19755 0.04710 0.82794 -0.07176 0.55421
1403638531.1778295040 -0.08344 -0.08953 -0.19682 0.04778 0.82574 -0.06953 0.55771
1403638531.2778294086 -0.08292 -0.08848 -0.19827 0.05048 0.82452 -0.06809 0.55945
1403638531.3778295517 -0.08299 -0.08768 -0.19862 0.05032 0.82319 -0.06817 0.56141
1403638531.4778294563 -0.08314 -0.08803 -0.19850 0.05033 0.82211 -0.06840 0.56296
1403638531.5778295994 -0.08331 -0.08808 -0.19861 0.05087 0.82247 -0.06723 0.56253
1403638531.6778295040 -0.08334 -0.08785 -0.19869 0.05004 0.82258 -0.06773 0.56237
1403638531.7778294086 -0.08325 -0.08789 -0.19866 0.05025 0.82255 -0.06771 0.56241
1403638531.8778295517 -0.08330 -0.08789 -0.19868 0.05035 0.82262 -0.06754 0.56232
1403638531.9778294563 -0.08327 -0.08793 -0.19868 0.05049 0.82264 -0.06749 0.56228
1403638532.0778295994 -0.08328 -0.08793 -0.19869 0.05061 0.82266 -0.06731 0.56226
1403638532.1778295040 -0.08327 -0.08790 -0.19869 0.05051 0.82268 -0.06732 0.56224
1403638532.2778294086 -0.08326 -0.08786 -0.19868 0.05036 0.82269 -0.06743 0.56222
1403638532.3778295517 -0.08326 -0.08783 -0.19869 0.05023 0.82271 -0.06739 0.56222
1403638532.4778294563 -0.08325 -0.08783 -0.19867 0.05014 0.82271 -0.06742 0.56221
1403638532.5778295994 -0.08326 -0.08782 -0.19869 0.05013 0.82276 -0.06740 0.56215
1403638532.6778295040 -0.08322 -0.08783 -0.19867 0.05015 0.82278 -0.06734 0.56212
1403638532.7778294086 -0.08325 -0.08784 -0.19867 0.05022 0.82283 -0.06718 0.56207
1403638532.8778295517 -0.08324 -0.08782 -0.19866 0.05027 0.82285 -0.06714 0.56203
1403638532.9778294563 -0.08323 -0.08782 -0.19864 0.05021 0.82286 -0.06708 0.56203
1403638533.0778295994 -0.08325 -0.08782 -0.19865 0.05019 0.82289 -0.06705 0.56199
1403638533.1778295040 -0.08323 -0.08781 -0.19864 0.05014 0.82289 -0.06705 0.56199
1403638533.2778294086 -0.08324 -0.08781 -0.19865 0.05011 0.82290 -0.06703 0.56198
1403638533.3778295517 -0.08323 -0.08780 -0.19865 0.05016 0.82293 -0.06696 0.56195
1403638533.4778294563 -0.08322 -0.08781 -0.19863 0.05012 0.82296 -0.06693 0.56192
1403638533.5778295994 -0.08323 -0.08779 -0.19864 0.05007 0.82298 -0.06691 0.56189
1403638533.6778295040 -0.08322 -0.08778 -0.19863 0.05001 0.82299 -0.06693 0.56188
1403638533.7778294086 -0.08323 -0.08777 -0.19864 0.05001 0.82300 -0.06693 0.56187
1403638533.8778295517 -0.08321 -0.08774 -0.19864 0.04976 0.82307 -0.06661 0.56182
1403638533.9778294563 -0.08320 -0.08778 -0.19864 0.04988 0.82309 -0.06680 0.56176
1403638534.0778295994 -0.08327 -0.08778 -0.19864 0.05023 0.82303 -0.06720 0.56177
1403638534.1778295040 -0.08325 -0.08778 -0.19861 0.04989 0.82307 -0.06699 0.56177
1403638534.2778294086 -0.08325 -0.08772 -0.19859 0.04964 0.82318 -0.06681 0.56165
1403638534.3778295517 -0.08324 -0.08771 -0.19859 0.04966 0.82318 -0.06680 0.56165
1403638534.4778294563 -0.08321 -0.08777 -0.19860 0.04980 0.82321 -0.06704 0.56156
1403638534.5778295994 -0.08319 -0.08773 -0.19858 0.04964 0.82332 -0.06670 0.56146
1403638534.6778295040 -0.08316 -0.08769 -0.19856 0.04939 0.82338 -0.06645 0.56142
1403638534.7778294086 -0.08317 -0.08773 -0.19855 0.04947 0.82340 -0.06630 0.56140
1403638534.8778295517 -0.08316 -0.08776 -0.19856 0.04973 0.82337 -0.06647 0.56140
1403638534.9778294563 -0.08318 -0.08780 -0.19856 0.04979 0.82341 -0.06652 0.56133
1403638535.0778295994 -0.08318 -0.08779 -0.19855 0.04966 0.82348 -0.06648 0.56124
1403638535.1778295040 -0.08317 -0.08779 -0.19855 0.04957 0.82348 -0.06647 0.56126
1403638535.2778294086 -0.08318 -0.08778 -0.19855 0.04948 0.82349 -0.06641 0.56126
1403638535.3778295517 -0.08319 -0.08777 -0.19853 0.04946 0.82351 -0.06636 0.56123
1403638535.4778294563 -0.08318 -0.08777 -0.19853 0.04952 0.82356 -0.06637 0.56116
1403638535.5778295994 -0.08316 -0.08775 -0.19852 0.04948 0.82361 -0.06629 0.56110
1403638535.6778295040 -0.08315 -0.08775 -0.19852 0.04942 0.82363 -0.06631 0.56107
1403638535.7778294086 -0.08316 -0.08775 -0.19853 0.04945 0.82362 -0.06629 0.56108
1403638535.8778295517 -0.08315 -0.08775 -0.19853 0.04934 0.82366 -0.06620 0.56104
1403638535.9778294563 -0.08316 -0.08774 -0.19852 0.04925 0.82373 -0.06619 0.56095
1403638536.0778295994 -0.08315 -0.08775 -0.19852 0.04920 0.82371 -0.06625 0.56098
1403638536.1778295040 -0.08314 -0.08775 -0.19852 0.04917 0.82373 -0.06626 0.56095
1403638536.2778294086 -0.08314 -0.08776 -0.19852 0.04918 0.82377 -0.06618 0.56090
1403638536.3778295517 -0.08313 -0.08776 -0.19852 0.04916 0.82377 -0.06617 0.56090
1403638536.4778294563 -0.08313 -0.08775 -0.19852 0.04914 0.82379 -0.06612 0.56088
1403638536.5778295994 -0.08313 -0.08776 -0.19852 0.04903 0.82382 -0.06610 0.56084
1403638536.6778295040 -0.08313 -0.08776 -0.19852 0.04900 0.82385 -0.06606 0.56081
1403638536.7778294086 -0.08314 -0.08775 -0.19853 0.04904 0.82383 -0.06610 0.56083
1403638536.8778295517 -0.08314 -0.08774 -0.19855 0.04895 0.82379 -0.06618 0.56088
1403638536.9778294563 -0.08314 -0.08774 -0.19855 0.04885 0.82384 -0.06622 0.56082
1403638537.0778295994 -0.08312 -0.08772 -0.19853 0.04883 0.82386 -0.06611 0.56080
1403638537.1778295040 -0.08311 -0.08771 -0.19853 0.04892 0.82385 -0.06608 0.56081
1403638537.2778294086 -0.08311 -0.08771 -0.19851 0.04903 0.82391 -0.06601 0.56073
1403638537.3778295517 -0.08310 -0.08772 -0.19852 0.04900 0.82392 -0.06598 0.56071
1403638537.4778294563 -0.08309 -0.08771 -0.19852 0.04893 0.82394 -0.06595 0.56069
1403638537.5778295994 -0.08310 -0.08771 -0.19849 0.04891 0.82399 -0.06582 0.56064
1403638537.6778295040 -0.08309 -0.08771 -0.19845 0.04894 0.82401 -0.06577 0.56061
1403638537.7778294086 -0.08310 -0.08770 -0.19845 0.04888 0.82400 -0.06574 0.56064
1403638537.8778295517 -0.08305 -0.08770 -0.19843 0.04894 0.82406 -0.06563 0.56055
1403638537.9778294563 -0.08306 -0.08769 -0.19841 0.04898 0.82404 -0.06572 0.56057
1403638538.0778295994 -0.08307 -0.08767 -0.19839 0.04893 0.82401 -0.06568 0.56062
1403638538.1778295040 -0.08307 -0.08769 -0.19839 0.04891 0.82401 -0.06564 0.56063
1403638538.2778294086 -0.08296 -0.08767 -0.19839 0.04888 0.82405 -0.06552 0.56058
1403638538.3778295517 -0.08302 -0.08768 -0.19836 0.04904 0.82400 -0.06548 0.56066
1403638538.4778294563 -0.08305 -0.08767 -0.19830 0.04898 0.82402 -0.06542 0.56064
1403638538.5778295994 -0.08303 -0.08767 -0.19827 0.04916 0.82398 -0.06543 0.56068
1403638538.6778295040 -0.08304 -0.08764 -0.19823 0.04896 0.82380 -0.06548 0.56095
1403638538.7778294086 -0.08296 -0.08769 -0.19791 0.04873 0.82301 -0.06523 0.56216
1403638538.8778295517 -0.08155 -0.08731 -0.19749 0.04793 0.82200 -0.06460 0.56378
1403638538.9778294563 -0.07823 -0.08720 -0.19491 0.04870 0.81712 -0.06371 0.57087
1403638539.0778295994 -0.07423 -0.08709 -0.19110 0.05028 0.81132 -0.06510 0.57878
1403638539.1778295040 -0.06692 -0.08707 -0.18285 0.04963 0.80588 -0.06541 0.58635
1403638539.2778294086 -0.05885 -0.08700 -0.16669 0.04952 0.80209 -0.06461 0.59163
1403638539.3778295517 -0.05186 -0.08673 -0.14253 0.04921 0.80304 -0.06420 0.59041
1403638539.4778294563 -0.04457 -0.08695 -0.11185 0.04900 0.80514 -0.06339 0.58765
1403638539.5778295994 -0.03652 -0.08775 -0.07824 0.04889 0.80611 -0.06230 0.58644
1403638539.6778295040 -0.02738 -0.08873 -0.04965 0.04737 0.80673 -0.06201 0.58574
1403638539.7778294086 -0.01889 -0.08880 -0.03146 0.04779 0.80807 -0.06023 0.58405
1403638539.8778295517 -0.00849 -0.08847 -0.02014 0.04688 0.81073 -0.05965 0.58048
1403638539.9778294563 0.00506 -0.08807 -0.00995 0.04508 0.81546 -0.05940 0.57398
1403638540.0778295994 0.02572 -0.08794 -0.00193 0.04485 0.82156 -0.05942 0.56524
1403638540.1778295040 0.04936 -0.08842 0.00762 0.04455 0.82566 -0.05924 0.55928
1403638540.2778294086 0.08615 -0.09429 0.01643 0.04513 0.82138 -0.05778 0.56564
1403638540.3778295517 0.12248 -0.09440 0.02923 0.04595 0.81516 -0.05560 0.57472
1403638540.4778294563 0.16402 -0.09448 0.03901 0.04291 0.81290 -0.04945 0.57871
1403638540.5778295994 0.21103 -0.09344 0.04658 0.03591 0.81335 -0.03781 0.57944
1403638540.6778295040 0.26016 -0.09191 0.05495 0.02798 0.81378 -0.02046 0.58014
1403638540.7778294086 0.31114 -0.08881 0.06198 0.02060 0.81325 0.00371 0.58153
1403638540.8778295517 0.36443 -0.08362 0.06620 0.01091 0.81298 0.03189 0.58131
1403638540.9778294563 0.41798 -0.07320 0.06811 -0.00225 0.81185 0.05844 0.58094
1403638541.0778295994 0.47235 -0.05808 0.06819 -0.01558 0.80997 0.07820 0.58103
1403638541.1778295040 0.52867 -0.03870 0.06305 -0.02507 0.80841 0.09169 0.58090
1403638541.2778294086 0.58700 -0.01568 0.05632 -0.03008 0.80772 0.10059 0.58015
1403638541.3778295517 0.64692 0.01292 0.05810 -0.03309 0.80758 0.10429 0.57951
1403638541.4778294563 0.70731 0.04694 0.06559 -0.03438 0.80736 0.10462 0.57969
1403638541.5778295994 0.76608 0.09150 0.08006 -0.03376 0.80589 0.10530 0.58165
1403638541.6778295040 0.83392 0.13904 0.10217 -0.03805 0.80420 0.10849 0.58314
1403638541.7778294086 0.89561 0.19882 0.13077 -0.04790 0.80299 0.11434 0.58295
1403638541.8778295517 0.96273 0.25815 0.16806 -0.05977 0.80179 0.12355 0.58164
1403638541.9778294563 1.01930 0.32675 0.20343 -0.07130 0.80099 0.13808 0.57816
1403638542.0778295994 1.08206 0.39492 0.23324 -0.08491 0.79921 0.15533 0.57439
1403638542.1778295040 1.14360 0.46646 0.25722 -0.09982 0.79572 0.17548 0.57102
1403638542.2778294086 1.20383 0.54145 0.27551 -0.11416 0.79219 0.19897 0.56552
1403638542.3778295517 1.26464 0.61939 0.29136 -0.12738 0.78477 0.22101 0.56485
1403638542.4778294563 1.32303 0.69855 0.30554 -0.13316 0.77118 0.24157 0.57375
1403638542.5778295994 1.37759 0.77922 0.31681 -0.12900 0.75896 0.26019 0.58279
1403638542.6778295040 1.42642 0.86652 0.32944 -0.12963 0.75545 0.26970 0.58289
1403638542.7778294086 1.46849 0.96166 0.34784 -0.13896 0.75954 0.26889 0.57575
1403638542.8778295517 1.50507 1.06499 0.37214 -0.14616 0.76485 0.26605 0.56821
1403638542.9778294563 1.53739 1.17431 0.40250 -0.15075 0.76935 0.26315 0.56225
1403638543.0778295994 1.57037 1.29258 0.43628 -0.15388 0.77283 0.26028 0.55795
1403638543.1778295040 1.59584 1.41108 0.46527 -0.15440 0.77393 0.25803 0.55733
1403638543.2778294086 1.62591 1.53208 0.48979 -0.15488 0.77412 0.25583 0.55794
1403638543.3778295517 1.65128 1.65780 0.50592 -0.15457 0.77517 0.25504 0.55693
1403638543.4778294563 1.67749 1.78800 0.51936 -0.15699 0.77414 0.25971 0.55552
1403638543.5778295994 1.70600 1.91885 0.53608 -0.16220 0.77126 0.27110 0.55259
1403638543.6778295040 1.73065 2.05283 0.54814 -0.16905 0.76575 0.28909 0.54907
1403638543.7778294086 1.75084 2.19113 0.56238 -0.17904 0.75792 0.31076 0.54491
1403638543.8778295517 1.76905 2.33310 0.58565 -0.19037 0.74810 0.33357 0.54114
1403638543.9778294563 1.78619 2.48008 0.61549 -0.20417 0.73986 0.35226 0.53557
1403638544.0778295994 1.80198 2.63083 0.64929 -0.21896 0.73614 0.36389 0.52701
1403638544.1778295040 1.81936 2.78679 0.68212 -0.22937 0.73316 0.37073 0.52195
1403638544.2778294086 1.83946 2.95079 0.70504 -0.23627 0.73061 0.37441 0.51981
1403638544.3778295517 1.86110 3.11702 0.72049 -0.23796 0.72998 0.37716 0.51794
1403638544.4778294563 1.88620 3.28759 0.73544 -0.23722 0.73053 0.37839 0.51660
1403638544.5778295994 1.90809 3.46439 0.74643 -0.23920 0.72779 0.37772 0.52003
1403638544.6778295040 1.93604 3.64376 0.77081 -0.24441 0.72118 0.37739 0.52701
1403638544.7778294086 1.95534 3.82693 0.79122 -0.24576 0.72038 0.37845 0.52671
1403638544.8778295517 1.98491 4.00613 0.82090 -0.24388 0.72376 0.38080 0.52124
1403638544.9778294563 2.00379 4.19388 0.83366 -0.24410 0.72465 0.38158 0.51931
1403638545.0778295994 2.02202 4.38475 0.84234 -0.24569 0.72342 0.38165 0.52023
1403638545.1778295040 2.05632 4.56550 0.85778 -0.24546 0.72310 0.38280 0.51994
1403638545.2778294086 2.07283 4.76048 0.85398 -0.24482 0.72248 0.38454 0.51981
1403638545.3778295517 2.08980 4.95710 0.84630 -0.24676 0.71974 0.38386 0.52319
1403638545.4778294563 2.12409 5.13833 0.84677 -0.24898 0.71971 0.38486 0.52145
1403638545.5778295994 2.13581 5.34023 0.83823 -0.25322 0.71758 0.39173 0.51722
1403638545.6778295040 2.17296 5.52362 0.83980 -0.26198 0.71220 0.40343 0.51125
1403638545.7778294086 2.21668 5.70485 0.83944 -0.27074 0.70465 0.42018 0.50361
1403638545.8778295517 2.26152 5.88343 0.83896 -0.28161 0.69421 0.44003 0.49512
1403638545.9778294563 2.30741 6.05753 0.84085 -0.29138 0.68195 0.46233 0.48611
1403638546.0778295994 2.35263 6.23188 0.84540 -0.29785 0.67008 0.48153 0.48001
1403638546.1778295040 2.39790 6.40894 0.84463 -0.30563 0.66144 0.49417 0.47422
1403638546.2778294086 2.43542 6.59160 0.83575 -0.31079 0.65674 0.50199 0.46916
1403638546.3778295517 2.47069 6.78900 0.82699 -0.31733 0.65522 0.50444 0.46425
1403638546.4778294563 2.50537 7.00019 0.82041 -0.32028 0.65483 0.50595 0.46112
1403638546.5778295994 2.53877 7.21674 0.81682 -0.32145 0.65274 0.50936 0.45951
1403638546.6778295040 2.55437 7.44688 0.81554 -0.32517 0.64791 0.51550 0.45688
1403638546.7778294086 2.58486 7.67257 0.83167 -0.32771 0.64335 0.52141 0.45478
1403638546.8778295517 2.61380 7.90211 0.85920 -0.32846 0.63971 0.52652 0.45350
1403638546.9778294563 2.64178 8.13590 0.88583 -0.32726 0.63635 0.53109 0.45375
1403638547.0778295994 2.65185 8.38381 0.89849 -0.32548 0.63371 0.53460 0.45462
1403638547.1778295040 2.67481 8.63127 0.91142 -0.32263 0.63157 0.53798 0.45564
1403638547.2778294086 2.67743 8.88806 0.91295 -0.32095 0.63002 0.53970 0.45694
1403638547.3778295517 2.68661 9.15200 0.91134 -0.32423 0.63150 0.53769 0.45495
1403638547.4778294563 2.67819 9.41464 0.90449 -0.32914 0.63462 0.53428 0.45108
1403638547.5778295994 2.66692 9.68059 0.89212 -0.33250 0.63804 0.53116 0.44746
1403638547.6778295040 2.65781 9.95246 0.86586 -0.33325 0.63923 0.52976 0.44686
1403638547.7778294086 2.64484 10.22197 0.84825 -0.33146 0.63842 0.53058 0.44838
1403638547.8778295517 2.62450 10.49012 0.80822 -0.32809 0.63536 0.53288 0.45246
1403638547.9778294563 2.60614 10.76684 0.78893 -0.32857 0.63507 0.53354 0.45173
1403638548.0778295994 2.57189 11.02908 0.75192 -0.33144 0.63460 0.53614 0.44720
1403638548.1778295040 2.54190 11.31066 0.74546 -0.33615 0.63072 0.54191 0.44219
1403638548.2778294086 2.48860 11.56633 0.72370 -0.34293 0.62427 0.55074 0.43517
1403638548.3778295517 2.42738 11.81371 0.70883 -0.35078 0.61473 0.56252 0.42736
1403638548.4778294563 2.36049 12.05218 0.69746 -0.35912 0.60500 0.57348 0.41968
1403638548.5778295994 2.29122 12.28605 0.68278 -0.36585 0.59692 0.58165 0.41416
1403638548.6778295040 2.22117 12.51754 0.66510 -0.37090 0.59126 0.58731 0.40977
1403638548.7778294086 2.15185 12.76141 0.65237 -0.37388 0.58718 0.59149 0.40691
1403638548.8778295517 2.08227 13.01891 0.65408 -0.37543 0.58483 0.59432 0.40474
1403638548.9778294563 2.01625 13.29493 0.67496 -0.37707 0.58361 0.59540 0.40338
1403638549.0778295994 1.95627 13.58815 0.68949 -0.37787 0.58313 0.59599 0.40245
1403638549.1778295040 1.88932 13.86283 0.72771 -0.37937 0.58286 0.59521 0.40258
1403638549.2778294086 1.82474 14.16000 0.75373 -0.38038 0.58354 0.59440 0.40185
1403638549.3778295517 1.75567 14.42949 0.80700 -0.38297 0.58485 0.59225 0.40065
1403638549.4778294563 1.68864 14.72518 0.83726 -0.38514 0.58611 0.59031 0.39959
1403638549.5778295994 1.62067 14.98469 0.88813 -0.38691 0.58591 0.58881 0.40039
1403638549.6778295040 1.55395 15.27444 0.91126 -0.38865 0.58515 0.58748 0.40177
1403638549.7778294086 1.48958 15.52121 0.96425 -0.38745 0.58502 0.58819 0.40209
1403638549.8778295517 1.42388 15.80388 0.99596 -0.38680 0.58629 0.58851 0.40039
1403638549.9778294563 1.36242 16.04161 1.07126 -0.38685 0.58689 0.58878 0.39906
1403638550.0778295994 1.29790 16.32187 1.12130 -0.38752 0.58697 0.58873 0.39835
1403638550.1778295040 1.24308 16.54847 1.21828 -0.38866 0.58718 0.58884 0.39677
1403638550.2778294086 1.18294 16.81570 1.28656 -0.38859 0.58642 0.58991 0.39638
1403638550.3778295517 1.13742 17.02225 1.39837 -0.38907 0.58509 0.59056 0.39690
1403638550.4778294563 1.08120 17.27233 1.46548 -0.39230 0.58537 0.58930 0.39517
1403638550.5778295994 1.04889 17.44950 1.56785 -0.39662 0.58576 0.58729 0.39329
1403638550.6778295040 1.02498 17.62757 1.66313 -0.40200 0.58387 0.58423 0.39517
1403638550.7778294086 1.00730 17.80863 1.75232 -0.40540 0.58285 0.58235 0.39599
1403638550.8778295517 0.99779 17.99330 1.83746 -0.41186 0.57881 0.57839 0.40101
1403638550.9778294563 0.99382 18.17641 1.91581 -0.41814 0.57434 0.57421 0.40691
1403638551.0778295994 0.99396 18.35000 1.98717 -0.42239 0.57157 0.57158 0.41010
1403638551.1778295040 1.00026 18.51423 2.05698 -0.42728 0.57180 0.56907 0.40821
1403638551.2778294086 1.01166 18.67490 2.12905 -0.42840 0.57328 0.56820 0.40616
1403638551.3778295517 1.00291 18.87033 2.18996 -0.42414 0.58071 0.56552 0.40382
1403638551.4778294563 1.03125 19.01338 2.25912 -0.41731 0.59309 0.55664 0.40527
1403638551.5778295994 1.03955 19.19164 2.30989 -0.41185 0.60815 0.54090 0.40983
1403638551.6778295040 1.09002 19.30836 2.35956 -0.40579 0.62515 0.52307 0.41341
1403638551.7778294086 1.14903 19.41699 2.39938 -0.39750 0.63927 0.50519 0.42203
1403638551.8778295517 1.21814 19.51273 2.43054 -0.38832 0.64976 0.49018 0.43214
1403638551.9778294563 1.29696 19.59177 2.45988 -0.37736 0.65283 0.48290 0.44521
1403638552.0778295994 1.38217 19.65377 2.49157 -0.36869 0.65403 0.47828 0.45559
1403638552.1778295040 1.46944 19.70041 2.52384 -0.36341 0.65866 0.47569 0.45587
1403638552.2778294086 1.56448 19.71668 2.54992 -0.35980 0.66231 0.47527 0.45388
1403638552.3778295517 1.65849 19.72549 2.57108 -0.36236 0.66311 0.47298 0.45306
1403638552.4778294563 1.73531 19.80774 2.61040 -0.37038 0.65928 0.46796 0.45737
1403638552.5778295994 1.83200 19.80621 2.61586 -0.37656 0.65540 0.46489 0.46101
1403638552.6778295040 1.92609 19.79072 2.61537 -0.37770 0.65279 0.46648 0.46217
1403638552.7778294086 2.01826 19.76903 2.61617 -0.37755 0.65182 0.46910 0.46102
1403638552.8778295517 2.11069 19.79830 2.62683 -0.37597 0.65000 0.47341 0.46047
1403638552.9778294563 2.20218 19.74088 2.61984 -0.37217 0.64713 0.47977 0.46102
1403638553.0778295994 2.29575 19.73943 2.61657 -0.36914 0.64431 0.48550 0.46140
1403638553.1778295040 2.37658 19.67147 2.60175 -0.37529 0.64017 0.48454 0.46321
1403638553.2778294086 2.46971 19.66391 2.59863 -0.38344 0.63417 0.48162 0.46782
1403638553.3778295517 2.56045 19.63806 2.60151 -0.38591 0.62854 0.48274 0.47221
1403638553.4778294563 2.65214 19.61211 2.61112 -0.38327 0.62253 0.48650 0.47842
1403638553.5778295994 2.74531 19.58023 2.62731 -0.38098 0.61773 0.48966 0.48322
1403638553.6778295040 2.83813 19.53734 2.64672 -0.37926 0.61640 0.49214 0.48375
1403638553.7778294086 2.92852 19.48378 2.67487 -0.37781 0.61654 0.49426 0.48254
1403638553.8778295517 3.01255 19.42088 2.70792 -0.37594 0.61801 0.49611 0.48022
1403638553.9778294563 3.13148 19.35899 2.74802 -0.37542 0.62086 0.49681 0.47621
1403638554.0778295994 3.21065 19.28043 2.77588 -0.37414 0.62387 0.49814 0.47187
1403638554.1778295040 3.29645 19.20432 2.80634 -0.36943 0.62642 0.50209 0.46800
1403638554.2778294086 3.37508 19.11795 2.82268 -0.36150 0.63182 0.50836 0.46010
1403638554.3778295517 3.45839 19.03801 2.84370 -0.35567 0.63466 0.51323 0.45530
1403638554.4778294563 3.53779 18.95833 2.86123 -0.35319 0.63578 0.51565 0.45293
1403638554.5778295994 3.61329 18.87902 2.87381 -0.35456 0.63644 0.51560 0.45099
1403638554.6778295040 3.68471 18.79559 2.88289 -0.36058 0.63867 0.51214 0.44697
1403638554.7778294086 3.75750 18.71724 2.90147 -0.36578 0.63925 0.50918 0.44532
1403638554.8778295517 3.83002 18.63539 2.92162 -0.36910 0.63929 0.50745 0.44448
1403638554.9778294563 3.90473 18.55414 2.94290 -0.37193 0.63996 0.50452 0.44451
1403638555.0778295994 3.98299 18.47905 2.96068 -0.36872 0.64312 0.50058 0.44705
1403638555.1778295040 4.06084 18.39432 2.96879 -0.36249 0.64931 0.49440 0.45008
1403638555.2778294086 4.14315 18.31777 2.97605 -0.35683 0.65571 0.48681 0.45359
1403638555.3778295517 4.22698 18.23707 2.97692 -0.35018 0.65897 0.48236 0.45876
1403638555.4778294563 4.31042 18.15513 2.97289 -0.34473 0.66110 0.47949 0.46281
1403638555.5778295994 4.39361 18.07246 2.96789 -0.34260 0.66249 0.47698 0.46501
1403638555.6778295040 4.47708 17.98903 2.96943 -0.34206 0.66425 0.47548 0.46443
1403638555.7778294086 4.55992 17.90360 2.98051 -0.34114 0.66537 0.47579 0.46317
1403638555.8778295517 4.64160 17.81477 2.99886 -0.34057 0.66525 0.47687 0.46265
1403638555.9778294563 4.72466 17.73247 3.02471 -0.33944 0.66382 0.47856 0.46380
1403638556.0778295994 4.80816 17.64858 3.05300 -0.33803 0.66378 0.47998 0.46341
1403638556.1778295040 4.89211 17.57120 3.07851 -0.33693 0.66804 0.48080 0.45720
1403638556.2778294086 4.97669 17.49062 3.09643 -0.33535 0.67119 0.48205 0.45241
1403638556.3778295517 5.06275 17.42070 3.11096 -0.33411 0.67318 0.48298 0.44936
1403638556.4778294563 5.15042 17.34584 3.12277 -0.33159 0.67615 0.48447 0.44516
1403638556.5778295994 5.23927 17.28875 3.13550 -0.33104 0.67904 0.48430 0.44133
1403638556.6778295040 5.32987 17.23908 3.14897 -0.33849 0.68178 0.47842 0.43785
1403638556.7778294086 5.42496 17.17862 3.17107 -0.34543 0.67876 0.47357 0.44238
1403638556.8778295517 5.52206 17.13603 3.20006 -0.35145 0.67737 0.46928 0.44432
1403638556.9778294563 5.62311 17.09762 3.23292 -0.35512 0.67596 0.46668 0.44630
1403638557.0778295994 5.72824 17.06111 3.25995 -0.35392 0.67433 0.46809 0.44824
1403638557.1778295040 5.83670 17.02579 3.28006 -0.35252 0.67258 0.46962 0.45037
1403638557.2778294086 5.94830 16.99036 3.29399 -0.35161 0.67137 0.47071 0.45174
1403638557.3778295517 6.06549 16.95358 3.30232 -0.34930 0.66997 0.47280 0.45342
1403638557.4778294563 6.18408 16.91745 3.31204 -0.34413 0.66666 0.47705 0.45778
1403638557.5778295994 6.30289 16.88082 3.32676 -0.33993 0.66405 0.48003 0.46158
1403638557.6778295040 6.42104 16.84412 3.34606 -0.33758 0.66276 0.48183 0.46328
1403638557.7778294086 6.08766 17.04231 3.26596 -0.33743 0.66254 0.48135 0.46421
1403638557.8778295517 6.16008 17.01417 3.28194 -0.33440 0.66250 0.48262 0.46513
1403638557.9778294563 6.23102 16.98888 3.29191 -0.33135 0.66375 0.48419 0.46389
1403638558.0778295994 6.26260 16.99777 3.28139 -0.32983 0.66758 0.48503 0.45858
1403638558.1778295040 6.33354 16.97560 3.28242 -0.32625 0.67344 0.48671 0.45073
1403638558.2778294086 6.40490 16.95788 3.28864 -0.32215 0.67760 0.48848 0.44549
1403638558.3778295517 6.47745 16.94747 3.30446 -0.31708 0.67890 0.49114 0.44422
1403638558.4778294563 6.58414 16.93593 3.32946 -0.31027 0.68247 0.49486 0.43940
1403638558.5778295994 6.66328 16.93724 3.35941 -0.31116 0.68516 0.49364 0.43596
1403638558.6778295040 6.74585 16.94685 3.39510 -0.31933 0.68624 0.48717 0.43563
1403638558.7778294086 6.81764 16.97013 3.43004 -0.32714 0.68625 0.48102 0.43665
1403638558.8778295517 6.91684 16.98475 3.45605 -0.32976 0.68510 0.47878 0.43894
1403638558.9778294563 7.02220 17.00046 3.47316 -0.33189 0.68034 0.47732 0.44627
1403638559.0778295994 7.12795 17.01757 3.48070 -0.33282 0.67585 0.47692 0.45277
1403638559.1778295040 7.23092 17.03636 3.48025 -0.33332 0.67240 0.47715 0.45727
1403638559.2778294086 7.33181 17.05475 3.47502 -0.33140 0.66945 0.47932 0.46072
1403638559.3778295517 7.43134 17.07533 3.46618 -0.32789 0.66698 0.48242 0.46357
1403638559.4778294563 7.53004 17.09851 3.45632 -0.32591 0.66453 0.48448 0.46632
1403638559.5778295994 7.62601 17.12355 3.44364 -0.32496 0.66227 0.48589 0.46873
1403638559.6778295040 7.71530 17.15145 3.42994 -0.32564 0.66118 0.48603 0.46965
1403638559.7778294086 7.78982 17.17997 3.41225 -0.32600 0.66028 0.48667 0.47001
1403638559.8778295517 7.87322 17.21157 3.41258 -0.32723 0.66108 0.48596 0.46876
1403638559.9778294563 7.94157 17.24238 3.40282 -0.32618 0.66488 0.48019 0.47006
1403638560.0778295994 8.14926 17.30618 3.41904 -0.32142 0.67309 0.46812 0.47382
1403638560.1778295040 8.23988 17.34200 3.40859 -0.31251 0.68345 0.45076 0.48172
1403638560.2778294086 8.32767 17.37866 3.39161 -0.30110 0.69507 0.43032 0.49096
1403638560.3778295517 8.41292 17.41436 3.37200 -0.29097 0.70385 0.40667 0.50453
1403638560.4778294563 8.49451 17.44835 3.34867 -0.27933 0.71292 0.38215 0.51738
1403638560.5778295994 8.57217 17.47757 3.32063 -0.26893 0.72331 0.35600 0.52704
1403638560.6778295040 8.64697 17.50279 3.28875 -0.25993 0.73507 0.32881 0.53291
1403638560.7778294086 8.71856 17.52106 3.26044 -0.25327 0.74504 0.30394 0.53702
1403638560.8778295517 8.78637 17.53058 3.24017 -0.24315 0.75255 0.28164 0.54335
1403638560.9778294563 8.83936 17.52491 3.23166 -0.23145 0.75782 0.26096 0.55140
1403638561.0778295994 8.90456 17.52018 3.22714 -0.21981 0.76130 0.24123 0.56028
1403638561.1778295040 8.96424 17.50557 3.22875 -0.20944 0.76350 0.22365 0.56849
1403638561.2778294086 9.01894 17.48329 3.23712 -0.20298 0.76439 0.21032 0.57469
1403638561.3778295517 9.06901 17.45391 3.24645 -0.19393 0.76922 0.20581 0.57301
1403638561.4778294563 9.11816 17.42024 3.25062 -0.18019 0.77489 0.20974 0.56840
1403638561.5778295994 9.16703 17.38448 3.24763 -0.17041 0.77810 0.21465 0.56520
1403638561.6778295040 9.21554 17.34812 3.23829 -0.16654 0.77959 0.21766 0.56315
1403638561.7778294086 9.26439 17.31016 3.22322 -0.16565 0.77959 0.22009 0.56246
1403638561.8778295517 9.29383 17.26059 3.20597 -0.16329 0.77892 0.22082 0.56380
1403638561.9778294563 9.34430 17.21994 3.17998 -0.15825 0.78006 0.21661 0.56527
1403638562.0778295994 9.36758 17.16776 3.16013 -0.15114 0.78228 0.20808 0.56736
1403638562.1778295040 9.41367 17.13300 3.14395 -0.14383 0.78459 0.19868 0.56943
1403638562.2778294086 9.46255 17.09097 3.13214 -0.13764 0.78602 0.19070 0.57172
1403638562.3778295517 9.51034 17.04875 3.12686 -0.13195 0.78751 0.17904 0.57478
1403638562.4778294563 9.55783 17.00597 3.12525 -0.12434 0.79066 0.16335 0.57682
1403638562.5778295994 9.60752 16.96451 3.12989 -0.11519 0.79403 0.14364 0.57932
1403638562.6778295040 9.65607 16.92193 3.13843 -0.10691 0.79814 0.11997 0.58064
1403638562.7778294086 9.69786 16.87760 3.14927 -0.09864 0.80116 0.09418 0.58270
1403638562.8778295517 9.73136 16.82703 3.15743 -0.08569 0.80372 0.06999 0.58463
1403638562.9778294563 9.75667 16.77071 3.15971 -0.07176 0.80573 0.04781 0.58597
1403638563.0778295994 9.77767 16.71015 3.15627 -0.06330 0.80700 0.02420 0.58665
1403638563.1778295040 9.80544 16.63314 3.14856 -0.05196 0.80805 0.00505 0.58679
1403638563.2778294086 9.81905 16.56109 3.13872 -0.04115 0.80584 -0.00837 0.59064
1403638563.3778295517 9.82756 16.48378 3.12450 -0.03557 0.79877 -0.01790 0.60032
1403638563.4778294563 9.82848 16.40157 3.10407 -0.03506 0.79323 -0.02471 0.60740
1403638563.5778295994 9.82178 16.31333 3.08268 -0.02966 0.79393 -0.02404 0.60681
1403638563.6778295040 9.80811 16.21965 3.06656 -0.02933 0.79756 -0.02370 0.60206
1403638563.7778294086 9.78884 16.11959 3.05669 -0.03222 0.79992 -0.02375 0.59877
1403638563.8778295517 9.75777 16.01502 3.05692 -0.03542 0.79958 -0.02277 0.59909
1403638563.9778294563 9.73004 15.90225 3.06052 -0.03903 0.79849 -0.02105 0.60037
1403638564.0778295994 9.68771 15.78613 3.06413 -0.04347 0.79912 -0.01869 0.59931
1403638564.1778295040 9.64036 15.66345 3.06247 -0.04527 0.79887 -0.01392 0.59964
1403638564.2778294086 9.60091 15.52843 3.05562 -0.04462 0.79701 -0.00842 0.60226
1403638564.3778295517 9.54163 15.39601 3.05684 -0.04490 0.79541 -0.00334 0.60439
1403638564.4778294563 9.49194 15.24995 3.06219 -0.04439 0.79397 0.00099 0.60634
1403638564.5778295994 9.41882 15.10785 3.07419 -0.04708 0.79579 0.00169 0.60374
1403638564.6778295040 9.35258 14.95536 3.08391 -0.05213 0.79774 -0.00095 0.60075
1403638564.7778294086 9.26689 14.80329 3.08816 -0.05590 0.79857 -0.00387 0.59929
1403638564.8778295517 9.19092 14.63938 3.08540 -0.05813 0.79827 -0.00627 0.59946
1403638564.9778294563 9.09868 14.47382 3.06272 -0.06003 0.79790 -0.00794 0.59974
1403638565.0778295994 9.01380 14.29589 3.02691 -0.06121 0.79837 -0.00856 0.59899
1403638565.1778295040 8.92517 14.11246 2.97589 -0.06164 0.79918 -0.00865 0.59785
1403638565.2778294086 8.83455 13.92433 2.91843 -0.05998 0.80015 -0.00770 0.59674
1403638565.3778295517 8.73703 13.73511 2.85861 -0.05719 0.80114 -0.00631 0.59571
1403638565.4778294563 8.63606 13.54148 2.79790 -0.05428 0.80043 -0.00534 0.59694
1403638565.5778295994 8.53302 13.34445 2.74323 -0.04788 0.79817 -0.00313 0.60052
1403638565.6778295040 8.42549 13.14515 2.69699 -0.03618 0.79752 0.00288 0.60220
1403638565.7778294086 8.31468 12.94613 2.65523 -0.02694 0.79994 0.00744 0.59943
1403638565.8778295517 8.19577 12.74845 2.62149 -0.01955 0.80190 0.01086 0.59704
1403638565.9778294563 8.07188 12.55338 2.59100 -0.01695 0.80373 0.01040 0.59467
1403638566.0778295994 7.94514 12.36143 2.55493 -0.01533 0.80474 0.01008 0.59334
1403638566.1778295040 7.81593 12.17233 2.51017 -0.01737 0.80498 0.00867 0.59299
1403638566.2778294086 7.68402 11.98545 2.45672 -0.01682 0.80450 0.00948 0.59363
1403638566.3778295517 7.55196 11.80107 2.39437 -0.01650 0.80540 0.01061 0.59241
1403638566.4778294563 7.41964 11.61936 2.32570 -0.01987 0.80564 0.00996 0.59198
1403638566.5778295994 7.28729 11.44034 2.25068 -0.02038 0.80864 0.01200 0.58783
1403638566.6778295040 7.15467 11.26528 2.16827 -0.02045 0.81779 0.01447 0.57498
1403638566.7778294086 7.04632 11.12485 2.08822 -0.02022 0.82932 0.01709 0.55814
1403638566.8778295517 6.92694 10.96117 1.99831 -0.02119 0.83723 0.01892 0.54612
1403638566.9778294563 6.81583 10.80123 1.90624 -0.02090 0.84094 0.02213 0.54028
1403638567.0778295994 6.71456 10.64657 1.81658 -0.02203 0.83269 0.02326 0.55281
1403638567.1778295040 6.62156 10.49487 1.72471 -0.02126 0.82016 0.02474 0.57120
1403638567.2778294086 6.53132 10.34503 1.62808 -0.01906 0.81135 0.02613 0.58366
1403638567.3778295517 6.44030 10.19922 1.52654 -0.01645 0.80938 0.02676 0.58644
1403638567.4778294563 6.34907 10.06033 1.43000 -0.01457 0.81023 0.02605 0.58535
1403638567.5778295994 6.25609 9.92334 1.33948 -0.01299 0.81386 0.02467 0.58040
1403638567.6778295040 6.16157 9.78897 1.25940 -0.00940 0.81716 0.02443 0.57582
1403638567.7778294086 6.06932 9.66015 1.18893 -0.00709 0.82046 0.02411 0.57115
1403638567.8778295517 5.98268 9.53751 1.12726 -0.00756 0.82401 0.02209 0.56609
1403638567.9778294563 5.90440 9.42161 1.07187 -0.00747 0.82500 0.02113 0.56469
1403638568.0778295994 5.83213 9.31090 1.02517 -0.00441 0.82472 0.02286 0.56507
1403638568.1778295040 5.76366 9.20602 0.98826 -0.00238 0.82391 0.02406 0.56621
1403638568.2778294086 5.69857 9.10677 0.95887 -0.00135 0.82377 0.02374 0.56642
1403638568.3778295517 5.63714 9.01316 0.93040 -0.00117 0.82426 0.02339 0.56573
1403638568.4778294563 5.57147 8.92513 0.89489 -0.00062 0.82511 0.02357 0.56448
1403638568.5778295994 5.51940 8.84199 0.85965 0.00048 0.82644 0.02427 0.56250
1403638568.6778295040 5.46262 8.76426 0.81881 0.00195 0.82816 0.02581 0.55990
1403638568.7778294086 5.41908 8.69322 0.78402 0.00172 0.82949 0.02588 0.55792
1403638568.8778295517 5.37804 8.63029 0.75745 -0.00029 0.82896 0.02426 0.55879
1403638568.9778294563 5.33503 8.57122 0.73641 0.00154 0.82832 0.02598 0.55965
1403638569.0778295994 5.30312 8.51800 0.72637 0.00305 0.82806 0.02702 0.55999
1403638569.1778295040 5.26788 8.46960 0.72037 0.00368 0.82888 0.02716 0.55875
1403638569.2778294086 5.24176 8.42636 0.71679 0.00591 0.83008 0.02828 0.55690
1403638569.3778295517 5.21457 8.38952 0.70648 0.00673 0.82999 0.02858 0.55701
1403638569.4778294563 5.19691 8.35459 0.69030 0.00715 0.82854 0.02895 0.55914
1403638569.5778295994 5.17906 8.32983 0.67220 0.00768 0.82725 0.02929 0.56102
1403638569.6778295040 5.16530 8.31086 0.65938 0.00662 0.82618 0.02835 0.56266
1403638569.7778294086 5.15357 8.29794 0.65277 0.00744 0.82530 0.02898 0.56391
1403638569.8778295517 5.15243 8.28807 0.64860 0.00837 0.82394 0.03004 0.56581
1403638569.9778294563 5.14357 8.28710 0.65241 0.00694 0.82246 0.02917 0.56803
1403638570.0778295994 5.13891 8.29216 0.65301 0.00451 0.82194 0.02767 0.56888
1403638570.1778295040 5.13545 8.30182 0.64744 -0.00048 0.82226 0.02495 0.56856
1403638570.2778294086 5.13231 8.31415 0.63588 -0.00815 0.82201 0.02035 0.56905
1403638570.3778295517 5.13065 8.32812 0.61979 -0.01454 0.82218 0.01309 0.56889
1403638570.4778294563 5.15721 8.33828 0.59612 -0.01886 0.82261 -0.00237 0.56829
1403638570.5778295994 5.15746 8.34629 0.56932 -0.02607 0.82162 -0.02941 0.56868
1403638570.6778295040 5.17274 8.34589 0.53655 -0.02557 0.81823 -0.05873 0.57131
1403638570.7778294086 5.18186 8.33612 0.50253 -0.01909 0.80884 -0.08681 0.58127
1403638570.8778295517 5.18493 8.31538 0.46730 -0.00728 0.79868 -0.11182 0.59124
1403638570.9778294563 5.18144 8.28327 0.42917 0.00774 0.79184 -0.13358 0.59589
1403638571.0778295994 5.17070 8.23985 0.38722 0.02467 0.79030 -0.15276 0.59286
1403638571.1778295040 5.15116 8.18658 0.34760 0.04665 0.79371 -0.16496 0.58364
1403638571.2778294086 5.12621 8.12572 0.31766 0.06718 0.79536 -0.17138 0.57751
1403638571.3778295517 5.09428 8.06020 0.29791 0.07996 0.79504 -0.17680 0.57468
1403638571.4778294563 5.05714 7.99089 0.28740 0.08582 0.79253 -0.18170 0.57578
1403638571.5778295994 5.01537 7.91837 0.27981 0.09269 0.79039 -0.18606 0.57626
1403638571.6778295040 4.97026 7.84288 0.26739 0.09921 0.79064 -0.19545 0.57171
1403638571.7778294086 4.92258 7.76373 0.24950 0.10775 0.79085 -0.20887 0.56508
1403638571.8778295517 4.86471 7.66898 0.22229 0.11545 0.78890 -0.22665 0.55941
1403638571.9778294563 4.81257 7.57990 0.20335 0.12340 0.78402 -0.24685 0.55601
1403638572.0778295994 4.75497 7.48243 0.19084 0.13268 0.77823 -0.26629 0.55303
1403638572.1778295040 4.69405 7.38187 0.18779 0.14861 0.77228 -0.28171 0.54967
1403638572.2778294086 4.63180 7.28040 0.19014 0.16326 0.76894 -0.29842 0.54132
1403638572.3778295517 4.56913 7.17549 0.19088 0.17699 0.76515 -0.31691 0.53177
1403638572.4778294563 4.50676 7.06696 0.18875 0.19154 0.76192 -0.33014 0.52325
1403638572.5778295994 4.44643 6.95551 0.18588 0.20281 0.75860 -0.33893 0.51819
1403638572.6778295040 4.38835 6.84108 0.18417 0.20896 0.75711 -0.34435 0.51434
1403638572.7778294086 4.33392 6.72275 0.19073 0.21713 0.75847 -0.34398 0.50917
1403638572.8778295517 4.28410 6.60166 0.20536 0.22104 0.76086 -0.34305 0.50453
1403638572.9778294563 4.23891 6.47823 0.22488 0.22183 0.76297 -0.34183 0.50181
1403638573.0778295994 4.19844 6.35256 0.24000 0.22125 0.76498 -0.34045 0.49995
1403638573.1778295040 4.16240 6.22453 0.24820 0.21951 0.76653 -0.33910 0.49926
1403638573.2778294086 4.13088 6.09565 0.25568 0.21786 0.76783 -0.33701 0.49940
1403638573.3778295517 4.10409 5.96244 0.26197 0.21708 0.76858 -0.33604 0.49924
1403638573.4778294563 4.08453 5.82927 0.27416 0.22027 0.76872 -0.33615 0.49756
1403638573.5778295994 4.07051 5.69078 0.29112 0.22201 0.76866 -0.33643 0.49667
1403638573.6778295040 4.06236 5.55258 0.31551 0.22501 0.76906 -0.33699 0.49432
1403638573.7778294086 4.05987 5.41334 0.34469 0.23189 0.76567 -0.34065 0.49390
1403638573.8778295517 4.06338 5.27308 0.37327 0.24519 0.75574 -0.34692 0.49839
1403638573.9778294563 4.07311 5.13847 0.39628 0.25649 0.74117 -0.36144 0.50423
1403638574.0778295994 4.08320 5.00204 0.41327 0.26163 0.72226 -0.38426 0.51209
1403638574.1778295040 4.09439 4.87125 0.42374 0.26706 0.70162 -0.40964 0.51826
1403638574.2778294086 4.10310 4.74478 0.42992 0.27639 0.68444 -0.43302 0.51734
1403638574.3778295517 4.10378 4.62007 0.43271 0.28936 0.67247 -0.45371 0.50815
1403638574.4778294563 4.09743 4.49716 0.43216 0.30360 0.66207 -0.47241 0.49630
1403638574.5778295994 4.08587 4.37761 0.43528 0.31455 0.65240 -0.48716 0.48796
1403638574.6778295040 4.07097 4.27362 0.44356 0.32691 0.64656 -0.49458 0.48009
1403638574.7778294086 4.05054 4.17357 0.45904 0.33836 0.64663 -0.49702 0.46941
1403638574.8778295517 4.03239 4.04919 0.48255 0.34025 0.64910 -0.50116 0.46015
1403638574.9778294563 4.01433 3.93524 0.49897 0.33918 0.65182 -0.50414 0.45379
1403638575.0778295994 3.99617 3.82247 0.50751 0.33145 0.65092 -0.50947 0.45484
1403638575.1778295040 3.97476 3.70202 0.51084 0.32519 0.64862 -0.51286 0.45882
1403638575.2778294086 3.95271 3.58566 0.51119 0.32146 0.64745 -0.51373 0.46211
1403638575.3778295517 3.92713 3.47462 0.50398 0.31839 0.65090 -0.51346 0.45969
1403638575.4778294563 3.89951 3.35539 0.49526 0.31685 0.65634 -0.51141 0.45529
1403638575.5778295994 3.86993 3.24200 0.48364 0.31625 0.66125 -0.50853 0.45182
1403638575.6778295040 3.83874 3.11651 0.48016 0.32017 0.66728 -0.50280 0.44657
1403638575.7778294086 3.80730 2.98539 0.48494 0.32171 0.67365 -0.49928 0.43980
1403638575.8778295517 3.77907 2.85135 0.49951 0.32193 0.67776 -0.49685 0.43605
1403638575.9778294563 3.75517 2.71366 0.52505 0.32138 0.67809 -0.49603 0.43687
1403638576.0778295994 3.73503 2.57104 0.55777 0.32204 0.67863 -0.49456 0.43722
1403638576.1778295040 3.71857 2.42324 0.59557 0.32273 0.67703 -0.49421 0.43958
1403638576.2778294086 3.70567 2.27265 0.62985 0.32687 0.67739 -0.49158 0.43892
1403638576.3778295517 3.69664 2.11883 0.65746 0.33165 0.67872 -0.48846 0.43676
1403638576.4778294563 3.69331 1.96249 0.67986 0.33576 0.68117 -0.48571 0.43286
1403638576.5778295994 3.69700 1.80370 0.69750 0.34076 0.68508 -0.48246 0.42636
1403638576.6778295040 3.70828 1.64285 0.71126 0.34405 0.68643 -0.48012 0.42418
1403638576.7778294086 3.72856 1.47961 0.72086 0.34865 0.68384 -0.47659 0.42856
1403638576.8778295517 3.75629 1.31658 0.72558 0.35081 0.67876 -0.47518 0.43638
1403638576.9778294563 3.78976 1.14435 0.72859 0.34812 0.67256 -0.47740 0.44562
1403638577.0778295994 3.82988 0.96866 0.73101 0.34339 0.66907 -0.48104 0.45059
1403638577.1778295040 3.87496 0.80892 0.73735 0.34021 0.66649 -0.48333 0.45436
1403638577.2778294086 3.92309 0.65059 0.74940 0.34055 0.66707 -0.48302 0.45358
1403638577.3778295517 3.97467 0.48381 0.77145 0.34749 0.67103 -0.47779 0.44797
1403638577.4778294563 4.03020 0.32532 0.79785 0.35200 0.67335 -0.47433 0.44465
1403638577.5778295994 4.09122 0.16776 0.82072 0.34894 0.67354 -0.47607 0.44492
1403638577.6778295040 4.15713 0.01357 0.83826 0.34534 0.67272 -0.47822 0.44665
1403638577.7778294086 4.23152 -0.15776 0.85101 0.34244 0.67243 -0.47975 0.44767
1403638577.8778295517 4.30626 -0.31181 0.85597 0.34202 0.67268 -0.47943 0.44797
1403638577.9778294563 4.38492 -0.46207 0.85800 0.34270 0.67322 -0.47794 0.44823
1403638578.0778295994 4.46857 -0.61497 0.86703 0.34141 0.67251 -0.47791 0.45030
1403638578.1778295040 4.55659 -0.76105 0.88182 0.33634 0.66979 -0.48050 0.45539
1403638578.2778294086 4.64633 -0.90828 0.90242 0.32728 0.66540 -0.48633 0.46219
1403638578.3778295517 4.73698 -1.05864 0.92347 0.32494 0.66325 -0.48808 0.46508
1403638578.4778294563 4.83588 -1.23074 0.94263 0.32499 0.66297 -0.48848 0.46501
1403638578.5778295994 4.92438 -1.37948 0.95299 0.32489 0.66255 -0.48918 0.46494
1403638578.6778295040 5.01098 -1.53369 0.95856 0.32730 0.66241 -0.48801 0.46469
1403638578.7778294086 5.09633 -1.68077 0.96164 0.33278 0.66482 -0.48440 0.46112
1403638578.8778295517 5.18174 -1.83272 0.96129 0.33809 0.66742 -0.48054 0.45752
1403638578.9778294563 5.27051 -1.97225 0.95857 0.34055 0.66873 -0.47830 0.45613
1403638579.0778295994 5.36135 -2.12069 0.96576 0.34098 0.66939 -0.47722 0.45598
1403638579.1778295040 5.45626 -2.25731 0.97925 0.34143 0.66946 -0.47636 0.45643
1403638579.2778294086 5.55277 -2.40045 1.00196 0.33908 0.66860 -0.47749 0.45826
1403638579.3778295517 5.65133 -2.52917 1.02409 0.33296 0.66573 -0.48143 0.46277
1403638579.4778294563 5.74993 -2.66602 1.04354 0.32678 0.66179 -0.48561 0.46843
1403638579.5778295994 5.82141 -2.75638 1.05090 0.32499 0.65915 -0.48310 0.47594
1403638579.6778295040 5.91536 -2.88021 1.05739 0.32628 0.65903 -0.47099 0.48723
1403638579.7778294086 6.00766 -3.00004 1.05827 0.32413 0.66828 -0.45138 0.49457
1403638579.8778295517 6.09860 -3.11409 1.05120 0.31333 0.68688 -0.42894 0.49602
1403638579.9778294563 6.18922 -3.22342 1.03813 0.29568 0.70525 -0.40271 0.50302
1403638580.0778295994 6.27948 -3.32740 1.02476 0.27995 0.71747 -0.36748 0.52138
1403638580.1778295040 6.36754 -3.42007 1.00898 0.25867 0.72925 -0.32985 0.54081
1403638580.2778294086 6.45060 -3.50167 0.98763 0.23135 0.74384 -0.29413 0.55377
1403638580.3778295517 6.52887 -3.57690 0.95875 0.20058 0.75822 -0.26690 0.56004
1403638580.4778294563 6.59858 -3.64526 0.92335 0.17423 0.76865 -0.24974 0.56254
1403638580.5778295994 6.66120 -3.70751 0.88433 0.15652 0.77502 -0.23595 0.56496
1403638580.6778295040 6.71712 -3.76397 0.84409 0.14130 0.78410 -0.22065 0.56261
1403638580.7778294086 6.76570 -3.81611 0.80974 0.13121 0.79320 -0.20496 0.55822
1403638580.8778295517 6.81005 -3.86692 0.78481 0.12666 0.79938 -0.19354 0.55452
1403638580.9778294563 6.85514 -3.91850 0.77088 0.12069 0.80060 -0.18982 0.55538
1403638581.0778295994 6.90181 -3.97083 0.76790 0.11947 0.80150 -0.18782 0.55503
1403638581.1778295040 6.95284 -4.03068 0.77629 0.12206 0.80134 -0.18626 0.55521
1403638581.2778294086 7.00181 -4.08757 0.78627 0.12623 0.80143 -0.18595 0.55426
1403638581.3778295517 7.04772 -4.13368 0.79829 0.12952 0.80032 -0.18711 0.55472
1403638581.4778294563 7.09203 -4.18547 0.80972 0.13224 0.79832 -0.18899 0.55632
1403638581.5778295994 7.09371 -4.19426 0.84331 0.13554 0.79792 -0.19112 0.55537
1403638581.6778295040 7.13216 -4.23092 0.86001 0.14061 0.79378 -0.19153 0.55987
1403638581.7778294086 7.14260 -4.22565 0.89479 0.14265 0.79032 -0.19346 0.56358
1403638581.8778295517 7.15154 -4.20892 0.92753 0.14561 0.78723 -0.19375 0.56704
1403638581.9778294563 7.18025 -4.22657 0.93544 0.14913 0.77952 -0.19276 0.57702
1403638582.0778295994 7.19012 -4.21176 0.95481 0.14831 0.78135 -0.19449 0.57417
1403638582.1778295040 7.20822 -4.21372 0.97313 0.14517 0.78884 -0.19734 0.56366
1403638582.2778294086 7.23339 -4.22437 0.99731 0.14611 0.79179 -0.19726 0.55930
1403638582.3778295517 7.33312 -4.30241 1.05117 0.14843 0.78838 -0.19526 0.56418
1403638582.4778294563 7.36623 -4.31350 1.09624 0.15050 0.78710 -0.19378 0.56592
1403638582.5778295994 7.39691 -4.31981 1.15338 0.15154 0.78644 -0.19277 0.56692
1403638582.6778295040 7.41468 -4.31036 1.21715 0.15151 0.78751 -0.19297 0.56537
1403638582.7778294086 7.44538 -4.30834 1.29183 0.14994 0.78918 -0.19465 0.56288
1403638582.8778295517 7.47448 -4.30287 1.36764 0.15055 0.79053 -0.19512 0.56065
1403638582.9778294563 7.50242 -4.29389 1.43716 0.14964 0.79283 -0.19658 0.55712
1403638583.0778295994 7.52899 -4.28223 1.49916 0.14898 0.79544 -0.19810 0.55302
1403638583.1778295040 7.55701 -4.26872 1.55334 0.14912 0.79708 -0.19872 0.55039
1403638583.2778294086 7.58717 -4.25370 1.60149 0.14795 0.79776 -0.19995 0.54928
1403638583.3778295517 7.60236 -4.22114 1.63646 0.14838 0.79742 -0.19953 0.54981
1403638583.4778294563 7.63692 -4.20211 1.67779 0.14863 0.79812 -0.19956 0.54872
1403638583.5778295994 7.67168 -4.18126 1.72546 0.14877 0.79809 -0.19945 0.54876
1403638583.6778295040 7.70736 -4.15831 1.78086 0.15049 0.79832 -0.19820 0.54841
1403638583.7778294086 7.74486 -4.13272 1.83670 0.15019 0.79802 -0.19822 0.54892
1403638583.8778295517 7.75877 -4.07976 1.86323 0.15081 0.79720 -0.19776 0.55011
1403638583.9778294563 7.80174 -4.04932 1.90506 0.15123 0.79719 -0.19743 0.55012
1403638584.0778295994 7.84269 -4.01538 1.94074 0.15384 0.79364 -0.19543 0.55523
1403638584.1778295040 7.86085 -3.95771 1.94768 0.15715 0.78453 -0.19257 0.56810
1403638584.2778294086 7.89711 -3.91208 1.97463 0.15858 0.77539 -0.19087 0.58068
1403638584.3778295517 7.90271 -3.84440 1.96057 0.16001 0.77256 -0.18981 0.58439
1403638584.4778294563 7.89894 -3.77317 1.94012 0.16082 0.77244 -0.18914 0.58455
1403638584.5778295994 7.91860 -3.71228 1.95084 0.16053 0.77264 -0.18922 0.58434
1403638584.6778295040 7.93324 -3.64533 1.96977 0.15841 0.77452 -0.19043 0.58203
1403638584.7778294086 7.87419 -3.56842 1.92790 0.15564 0.78139 -0.19245 0.57286
1403638584.8778295517 7.88121 -3.48938 1.95931 0.15021 0.78926 -0.19671 0.56197
1403638584.9778294563 7.85438 -3.40677 1.94268 0.14881 0.79293 -0.19851 0.55652
1403638585.0778295994 7.83330 -3.32341 1.92623 0.14870 0.79422 -0.19912 0.55449
1403638585.1778295040 7.83893 -3.24154 1.93769 0.14637 0.79414 -0.20079 0.55461
1403638585.2778294086 7.80521 -3.16695 1.89583 0.14736 0.79225 -0.20018 0.55728
1403638585.3778295517 7.80485 -3.08573 1.88923 0.14777 0.79015 -0.19962 0.56034
1403638585.4778294563 7.77773 -3.01482 1.86379 0.14774 0.79045 -0.19981 0.55986
1403638585.5778295994 7.78060 -2.93267 1.86287 0.14705 0.79229 -0.19985 0.55742
1403638585.6778295040 7.75957 -2.86187 1.86027 0.14714 0.79489 -0.19967 0.55374
1403638585.7778294086 7.76342 -2.77855 1.87524 0.14443 0.80005 -0.20148 0.54633
1403638585.8778295517 7.74749 -2.70708 1.89621 0.14228 0.80404 -0.20314 0.54038
1403638585.9778294563 7.73925 -2.63010 1.92802 0.14052 0.80411 -0.20515 0.53998
1403638586.0778295994 7.73682 -2.55650 1.96272 0.14216 0.79998 -0.20475 0.54580
1403638586.1778295040 7.75239 -2.48043 1.98901 0.14375 0.79718 -0.20440 0.54960
1403638586.2778294086 7.75092 -2.40682 2.01158 0.14582 0.79458 -0.20341 0.55317
1403638586.3778295517 7.76754 -2.33273 2.02786 0.15136 0.79134 -0.19995 0.55758
1403638586.4778294563 7.76216 -2.25432 2.03987 0.15929 0.78942 -0.19507 0.55981
1403638586.5778295994 7.77693 -2.17584 2.04514 0.16145 0.78865 -0.19392 0.56068
1403638586.6778295040 7.76576 -2.08827 2.04183 0.15867 0.78968 -0.19606 0.55927
1403638586.7778294086 7.77929 -2.00596 2.03408 0.15456 0.78951 -0.19878 0.55971
1403638586.8778295517 7.76627 -1.91650 2.01819 0.15226 0.78848 -0.19977 0.56143
1403638586.9778294563 7.77630 -1.83039 1.99924 0.15248 0.78821 -0.19950 0.56185
1403638587.0778295994 7.75766 -1.74024 1.97731 0.15170 0.78805 -0.20000 0.56210
1403638587.1778295040 7.76452 -1.65087 1.96097 0.15134 0.78925 -0.19986 0.56056
1403638587.2778294086 7.74476 -1.56032 1.95207 0.15070 0.79094 -0.19987 0.55835
1403638587.3778295517 7.74952 -1.46727 1.94993 0.15025 0.79255 -0.20011 0.55610
1403638587.4778294563 7.72912 -1.37593 1.95031 0.14843 0.79272 -0.20185 0.55572
1403638587.5778295994 7.73282 -1.28010 1.94947 0.14765 0.79283 -0.20280 0.55542
1403638587.6778295040 7.71475 -1.18710 1.94327 0.14738 0.79242 -0.20336 0.55587
1403638587.7778294086 7.71754 -1.09357 1.93093 0.14730 0.79208 -0.20375 0.55624
1403638587.8778295517 7.70364 -1.00375 1.91498 0.14643 0.79172 -0.20463 0.55666
1403638587.9778294563 7.70636 -0.91129 1.89344 0.14618 0.79135 -0.20511 0.55706
1403638588.0778295994 7.69475 -0.82452 1.86949 0.14724 0.79080 -0.20399 0.55799
1403638588.1778295040 7.69587 -0.73472 1.84086 0.15391 0.79135 -0.19950 0.55703
1403638588.2778294086 7.68152 -0.62911 1.81134 0.15674 0.79196 -0.19698 0.55626
1403638588.3778295517 7.68383 -0.53384 1.78962 0.15738 0.79229 -0.19620 0.55589
1403638588.4778294563 7.67402 -0.44162 1.77515 0.15563 0.79227 -0.19718 0.55607
1403638588.5778295994 7.67432 -0.33998 1.76953 0.15313 0.79166 -0.19883 0.55704
1403638588.6778295040 7.65624 -0.23761 1.77073 0.15069 0.79093 -0.20015 0.55827
1403638588.7778294086 7.65240 -0.13148 1.77829 0.14901 0.78952 -0.20159 0.56019
1403638588.8778295517 7.63378 -0.02850 1.78328 0.14650 0.78905 -0.20387 0.56069
1403638588.9778294563 7.62753 0.07563 1.78034 0.14677 0.78899 -0.20413 0.56061
1403638589.0778295994 7.60871 0.17582 1.77291 0.14725 0.78919 -0.20436 0.56012
1403638589.1778295040 7.60167 0.28096 1.75556 0.14883 0.78891 -0.20364 0.56036
1403638589.2778294086 7.58178 0.37945 1.73957 0.14843 0.78786 -0.20378 0.56189
1403638589.3778295517 7.57075 0.48451 1.71760 0.14858 0.78766 -0.20356 0.56221
1403638589.4778294563 7.55026 0.58175 1.70535 0.14829 0.78850 -0.20410 0.56091
1403638589.5778295994 7.53607 0.68704 1.69484 0.14760 0.78849 -0.20446 0.56097
1403638589.6778295040 7.51451 0.78303 1.69895 0.14721 0.78903 -0.20445 0.56032
1403638589.7778294086 7.49782 0.88624 1.70499 0.14771 0.79059 -0.20471 0.55789
1403638589.8778295517 7.47561 0.98082 1.71716 0.14775 0.79114 -0.20566 0.55675
1403638589.9778294563 7.45859 1.08333 1.71590 0.14813 0.79117 -0.20608 0.55645
1403638590.0778295994 7.43478 1.17696 1.71857 0.14770 0.79116 -0.20689 0.55628
1403638590.1778295040 7.41729 1.27876 1.70822 0.14823 0.79013 -0.20722 0.55748
1403638590.2778294086 7.39509 1.36594 1.70371 0.14781 0.78941 -0.20786 0.55837
1403638590.3778295517 7.37888 1.46645 1.68534 0.14808 0.78975 -0.20825 0.55767
1403638590.4778294563 7.35482 1.55641 1.67022 0.14819 0.79035 -0.20843 0.55673
1403638590.5778295994 7.33656 1.65474 1.65143 0.14725 0.79147 -0.20903 0.55516
1403638590.6778295040 7.31182 1.74052 1.64263 0.14549 0.79322 -0.20991 0.55278
1403638590.7778294086 7.29636 1.83594 1.64132 0.14480 0.79408 -0.21030 0.55158
1403638590.8778295517 7.27200 1.91881 1.64824 0.14508 0.79493 -0.21023 0.55031
1403638590.9778294563 7.25799 2.01189 1.66162 0.14386 0.79560 -0.21108 0.54933
1403638591.0778295994 7.23035 2.09873 1.67943 0.14256 0.79658 -0.21242 0.54774
1403638591.1778295040 7.21806 2.18931 1.69048 0.14203 0.80085 -0.21330 0.54126
1403638591.2778294086 7.19341 2.27656 1.69324 0.14008 0.80683 -0.21511 0.53210
1403638591.3778295517 7.17463 2.35762 1.69129 0.13718 0.81127 -0.21737 0.52514
1403638591.4778294563 7.15994 2.45170 1.68378 0.13473 0.81413 -0.21931 0.52052
1403638591.5778295994 7.15749 2.52367 1.67053 0.13227 0.81699 -0.22141 0.51575
1403638591.6778295040 7.16325 2.58942 1.65320 0.13096 0.81734 -0.22250 0.51508
1403638591.7778294086 7.17740 2.64939 1.63609 0.13251 0.81542 -0.22156 0.51811
1403638591.8778295517 7.20401 2.69845 1.62020 0.13324 0.81305 -0.22085 0.52194
1403638591.9778294563 7.23772 2.73868 1.61177 0.13373 0.81037 -0.22027 0.52620
1403638592.0778295994 7.27422 2.76846 1.61252 0.13394 0.80774 -0.21938 0.53056
1403638592.1778295040 7.32077 2.79764 1.62262 0.13163 0.80480 -0.21771 0.53626
1403638592.2778294086 7.36805 2.80804 1.64553 0.12588 0.79902 -0.21276 0.54814
1403638592.3778295517 7.41540 2.81780 1.67848 0.11625 0.79593 -0.20410 0.55796
1403638592.4778294563 7.46126 2.82877 1.71882 0.10415 0.79759 -0.19017 0.56288
1403638592.5778295994 7.50417 2.83552 1.76471 0.09651 0.80408 -0.17557 0.55975
1403638592.6778295040 7.54500 2.83975 1.81586 0.09022 0.81083 -0.16390 0.55458
1403638592.7778294086 7.59196 2.84659 1.86807 0.08526 0.81743 -0.15585 0.54795
1403638592.8778295517 7.63314 2.84224 1.91313 0.08124 0.82219 -0.15084 0.54282
1403638592.9778294563 7.67646 2.83588 1.95346 0.08050 0.82451 -0.14689 0.54048
1403638593.0778295994 7.72819 2.82694 1.98633 0.07932 0.82520 -0.14541 0.54001
1403638593.1778295040 7.78034 2.81228 2.02235 0.07906 0.82350 -0.14445 0.54289
1403638593.2778294086 7.84218 2.79574 2.06180 0.08535 0.82003 -0.14073 0.54814
1403638593.3778295517 7.90100 2.77512 2.10976 0.09386 0.81640 -0.13566 0.55343
1403638593.4778294563 7.96034 2.75580 2.15515 0.10151 0.81160 -0.13182 0.56002
1403638593.5778295994 8.02108 2.73908 2.19385 0.10574 0.80873 -0.13054 0.56368
1403638593.6778295040 8.08231 2.72645 2.22596 0.10821 0.80753 -0.13016 0.56501
1403638593.7778294086 8.14368 2.71766 2.25292 0.10913 0.80427 -0.13056 0.56938
1403638593.8778295517 8.20646 2.71386 2.27816 0.10382 0.79391 -0.13123 0.58456
1403638593.9778294563 8.26133 2.71437 2.31045 0.09676 0.79036 -0.12830 0.59120
1403638594.0778295994 8.30889 2.71783 2.34503 0.08879 0.79579 -0.12592 0.58565
1403638594.1778295040 8.35065 2.72298 2.38373 0.08703 0.80159 -0.12094 0.57902
1403638594.2778294086 8.38887 2.72994 2.42112 0.08754 0.80371 -0.11602 0.57699
1403638594.3778295517 8.42492 2.73904 2.45336 0.08983 0.80246 -0.11115 0.57935
1403638594.4778294563 8.45677 2.75105 2.49448 0.09334 0.80083 -0.10578 0.58204
1403638594.5778295994 8.48460 2.76794 2.53555 0.08770 0.80124 -0.10763 0.58201
1403638594.6778295040 8.49874 2.78764 2.58598 0.08208 0.80204 -0.11080 0.58113
1403638594.7778294086 8.51980 2.80847 2.62891 0.08000 0.80289 -0.11275 0.57987
1403638594.8778295517 8.52343 2.83072 2.67003 0.07871 0.80309 -0.11442 0.57945
1403638594.9778294563 8.53784 2.85292 2.69878 0.07997 0.80495 -0.11477 0.57662
1403638595.0778295994 8.54768 2.87601 2.72145 0.07869 0.80624 -0.11645 0.57465
1403638595.1778295040 8.55548 2.89926 2.73727 0.07857 0.80681 -0.11761 0.57364
1403638595.2778294086 8.56089 2.92271 2.74645 0.07912 0.80727 -0.11782 0.57287
1403638595.3778295517 8.53772 2.94924 2.75758 0.07885 0.80700 -0.11853 0.57313
1403638595.4778294563 8.54074 2.97219 2.75488 0.07894 0.80735 -0.11869 0.57260
1403638595.5778295994 8.53856 2.99501 2.75038 0.07900 0.80813 -0.11830 0.57157
1403638595.6778295040 8.53428 3.01781 2.75101 0.08133 0.80808 -0.11657 0.57166
1403638595.7778294086 8.52667 3.04222 2.75623 0.08562 0.80888 -0.11351 0.57053
1403638595.8778295517 8.51943 3.06845 2.75898 0.08689 0.80923 -0.11279 0.56997
1403638595.9778294563 8.51299 3.09550 2.74801 0.08922 0.80886 -0.11132 0.57043
1403638596.0778295994 8.48063 3.12397 2.73406 0.09670 0.80929 -0.10636 0.56955
1403638596.1778295040 8.47670 3.15691 2.71207 0.10808 0.81023 -0.09834 0.56761
1403638596.2778294086 8.47134 3.19806 2.69703 0.11994 0.81140 -0.08949 0.56501
1403638596.3778295517 8.45201 3.24850 2.69532 0.12928 0.81108 -0.08184 0.56457
1403638596.4778294563 8.45054 3.31050 2.69759 0.13477 0.81044 -0.07701 0.56488
1403638596.5778295994 8.44300 3.38470 2.71221 0.14164 0.81083 -0.07140 0.56337
1403638596.6778295040 8.44702 3.47497 2.73176 0.14935 0.81071 -0.06533 0.56230
1403638596.7778294086 8.45360 3.58220 2.75872 0.15329 0.81059 -0.06191 0.56180
1403638596.8778295517 8.45799 3.70616 2.79524 0.15685 0.80974 -0.05896 0.56236
1403638596.9778294563 8.47014 3.84789 2.83041 0.15854 0.80841 -0.05812 0.56388
1403638597.0778295994 8.48069 4.00473 2.86366 0.16131 0.80748 -0.05703 0.56454
1403638597.1778295040 8.49471 4.17675 2.89215 0.16354 0.80568 -0.05684 0.56649
1403638597.2778294086 8.50991 4.36722 2.91352 0.16087 0.80326 -0.06003 0.57035
1403638597.3778295517 8.52559 4.57191 2.92753 0.15592 0.80188 -0.06504 0.57310
1403638597.4778294563 8.54103 4.79271 2.93931 0.14693 0.79913 -0.07223 0.57843
1403638597.5778295994 8.55488 5.02468 2.94594 0.13369 0.79521 -0.08199 0.58570
1403638597.6778295040 8.56531 5.26411 2.94775 0.12907 0.79320 -0.08615 0.58886
1403638597.7778294086 8.57160 5.51015 2.94372 0.13339 0.79467 -0.08088 0.58665
1403638597.8778295517 8.57479 5.76414 2.93503 0.13769 0.79656 -0.06933 0.58458
1403638597.9778294563 8.57390 6.02710 2.92301 0.13882 0.79762 -0.06002 0.58389
1403638598.0778295994 8.57129 6.29698 2.91530 0.13178 0.79767 -0.05747 0.58571
1403638598.1778295040 8.56525 6.58171 2.91352 0.11002 0.79980 -0.06657 0.58633
1403638598.2778294086 8.55557 6.87241 2.91641 0.09258 0.80226 -0.07489 0.58498
1403638598.3778295517 8.54454 7.16353 2.91712 0.08173 0.80438 -0.08008 0.58299
1403638598.4778294563 8.53257 7.45316 2.91154 0.07765 0.80675 -0.08170 0.58005
1403638598.5778295994 8.51830 7.74107 2.89772 0.07276 0.80857 -0.07957 0.57843
1403638598.6778295040 8.50239 8.02672 2.87861 0.06839 0.81030 -0.07088 0.57767
1403638598.7778294086 8.48552 8.30983 2.86135 0.05991 0.81179 -0.05994 0.57777
1403638598.8778295517 8.46739 8.59033 2.85133 0.05051 0.81190 -0.04550 0.57983
1403638598.9778294563 8.44665 8.86717 2.84492 0.04057 0.81334 -0.02900 0.57964
1403638599.0778295994 8.42489 9.14207 2.84235 0.02841 0.81370 -0.01229 0.58046
1403638599.1778295040 8.40151 9.41568 2.84449 0.01640 0.81389 0.00540 0.58077
1403638599.2778294086 8.37551 9.68678 2.84999 0.00554 0.81462 0.02447 0.57945
1403638599.3778295517 8.34763 9.95578 2.86237 -0.00666 0.81670 0.04192 0.57549
1403638599.4778294563 8.31781 10.22260 2.87994 -0.01551 0.81797 0.05538 0.57238
1403638599.5778295994 8.28685 10.48816 2.89656 -0.02077 0.81971 0.06407 0.56880
1403638599.6778295040 8.25506 10.75196 2.90555 -0.02429 0.82086 0.06885 0.56644
1403638599.7778294086 8.22461 11.01457 2.90653 -0.02561 0.82090 0.07002 0.56619
1403638599.8778295517 8.19750 11.27511 2.90155 -0.02751 0.82235 0.06778 0.56427
1403638599.9778294563 8.17223 11.53388 2.89252 -0.03136 0.82290 0.06231 0.56389
1403638600.0778295994 8.15168 11.79095 2.87935 -0.03772 0.82454 0.05471 0.56189
1403638600.1778295040 8.13495 12.04279 2.86270 -0.04964 0.82701 0.04318 0.55832
1403638600.2778294086 8.12085 12.28739 2.84034 -0.05938 0.82979 0.03277 0.55393
1403638600.3778295517 8.11222 12.52210 2.81655 -0.06678 0.83175 0.02437 0.55058
1403638600.4778294563 8.10951 12.74428 2.79945 -0.07283 0.83332 0.01805 0.54768
1403638600.5778295994 8.11394 12.95182 2.79302 -0.07075 0.83391 0.01751 0.54707
1403638600.6778295040 8.12414 13.14558 2.79427 -0.07342 0.83556 0.01468 0.54427
1403638600.7778294086 8.14583 13.29785 2.80289 -0.07277 0.83924 0.01517 0.53865
1403638600.8778295517 8.17099 13.46304 2.81630 -0.06154 0.84244 0.02430 0.53471
1403638600.9778294563 8.20479 13.61707 2.82672 -0.04467 0.84366 0.03796 0.53367
1403638601.0778295994 8.24635 13.76465 2.83197 -0.03548 0.84353 0.04600 0.53394
1403638601.1778295040 8.29616 13.90856 2.83278 -0.02771 0.84172 0.05232 0.53667
1403638601.2778294086 8.35380 14.05189 2.82983 -0.01896 0.83482 0.05939 0.54698
1403638601.3778295517 8.41653 14.19715 2.82546 -0.02220 0.82950 0.06286 0.55452
1403638601.4778294563 8.48270 14.34621 2.82453 -0.03568 0.82477 0.06716 0.56033
1403638601.5778295994 8.54942 14.49618 2.83206 -0.04690 0.81903 0.08108 0.56605
1403638601.6778295040 8.61672 14.64583 2.84477 -0.05820 0.81512 0.10092 0.56746
1403638601.7778294086 8.68237 14.79578 2.86446 -0.07080 0.81055 0.12613 0.56752
1403638601.8778295517 8.74552 14.94618 2.89294 -0.08470 0.80364 0.15475 0.56837
1403638601.9778294563 8.80465 15.09796 2.92287 -0.09934 0.79895 0.17787 0.56583
1403638602.0778295994 8.86109 15.24989 2.94700 -0.11060 0.79620 0.19464 0.56209
1403638602.1778295040 8.91341 15.40251 2.96503 -0.11661 0.79050 0.20992 0.56342
1403638602.2778294086 8.96123 15.55662 2.97903 -0.12442 0.78238 0.22685 0.56652
1403638602.3778295517 9.00347 15.71322 2.99323 -0.14735 0.77053 0.23860 0.57240
1403638602.4778294563 9.03790 15.86950 3.01793 -0.18345 0.74816 0.24349 0.58933
1403638602.5778295994 9.06170 16.01732 3.05019 -0.21961 0.72627 0.24693 0.60277
1403638602.6778295040 9.07373 16.14922 3.08738 -0.24032 0.71517 0.25959 0.60282
1403638602.7778294086 9.07120 16.26262 3.12901 -0.25093 0.70959 0.27887 0.59645
1403638602.8778295517 9.05329 16.35672 3.17495 -0.26148 0.70498 0.29819 0.58797
1403638602.9778294563 9.02255 16.43466 3.22343 -0.28006 0.70416 0.31348 0.57223
1403638603.0778295994 8.98470 16.49802 3.26856 -0.29821 0.69828 0.32774 0.56220
1403638603.1778295040 8.94307 16.54631 3.30714 -0.31012 0.69007 0.34151 0.55767
1403638603.2778294086 8.89674 16.57828 3.33360 -0.30724 0.69633 0.35909 0.54018
1403638603.3778295517 8.84700 16.59766 3.35049 -0.29907 0.70809 0.37432 0.51870
1403638603.4778294563 8.79649 16.61094 3.36283 -0.29475 0.71592 0.38212 0.50454
1403638603.5778295994 8.74774 16.62285 3.37251 -0.29619 0.71337 0.38641 0.50405
1403638603.6778295040 8.69791 16.63221 3.37792 -0.29908 0.70536 0.38855 0.51191
1403638603.7778294086 8.65004 16.63509 3.37496 -0.29371 0.69622 0.39441 0.52293
1403638603.8778295517 8.59520 16.63337 3.36690 -0.28796 0.68813 0.39904 0.53322
1403638603.9778294563 8.53399 16.62900 3.35294 -0.28376 0.68107 0.40155 0.54257
1403638604.0778295994 8.46662 16.61923 3.33230 -0.27824 0.67738 0.40408 0.54814
1403638604.1778295040 8.38724 16.60994 3.31533 -0.27721 0.67669 0.40496 0.54887
1403638604.2778294086 8.29951 16.59068 3.30671 -0.28309 0.68095 0.40141 0.54317
1403638604.3778295517 8.20015 16.56965 3.30295 -0.28765 0.68888 0.39877 0.53262
1403638604.4778294563 8.09264 16.54320 3.30644 -0.28458 0.69672 0.40082 0.52244
1403638604.5778295994 7.98628 16.51293 3.31564 -0.28199 0.70138 0.40234 0.51640
1403638604.6778295040 7.87752 16.48067 3.32072 -0.28414 0.70482 0.40089 0.51165
1403638604.7778294086 7.76845 16.44731 3.32062 -0.28786 0.70710 0.39824 0.50849
1403638604.8778295517 7.66009 16.41180 3.32017 -0.28838 0.71044 0.39768 0.50394
1403638604.9778294563 7.55874 16.37463 3.32375 -0.28518 0.71640 0.39976 0.49561
1403638605.0778295994 7.45525 16.33469 3.33512 -0.28182 0.72276 0.40211 0.48632
1403638605.1778295040 7.35611 16.29630 3.35523 -0.27879 0.72661 0.40439 0.48040
1403638605.2778294086 7.26218 16.26481 3.37694 -0.27482 0.72726 0.40720 0.47933
1403638605.3778295517 7.17151 16.23888 3.39282 -0.26923 0.72229 0.41123 0.48652
1403638605.4778294563 7.08396 16.21875 3.40583 -0.26298 0.71187 0.41612 0.50093
1403638605.5778295994 6.99267 16.20195 3.40917 -0.25825 0.70324 0.41982 0.51236
1403638605.6778295040 6.89784 16.18871 3.40745 -0.25428 0.69725 0.42274 0.52007
1403638605.7778294086 6.79576 16.17948 3.40926 -0.25282 0.69624 0.42381 0.52126
1403638605.8778295517 6.68823 16.17460 3.42392 -0.25004 0.69608 0.42545 0.52148
1403638605.9778294563 6.57313 16.17802 3.44067 -0.24607 0.69522 0.42733 0.52297
1403638606.0778295994 6.45134 16.18382 3.45929 -0.24346 0.69532 0.42808 0.52346
1403638606.1778295040 6.32069 16.19618 3.46623 -0.24004 0.69501 0.42961 0.52419
1403638606.2778294086 6.18335 16.21171 3.47143 -0.23783 0.69620 0.43006 0.52325
1403638606.3778295517 6.04264 16.23583 3.46261 -0.24265 0.70503 0.42585 0.51255
1403638606.4778294563 5.89110 16.26275 3.45012 -0.24985 0.71571 0.41988 0.49904
1403638606.5778295994 5.76063 16.29561 3.43063 -0.25594 0.72459 0.41582 0.48638
1403638606.6778295040 5.61044 16.33396 3.41012 -0.26080 0.72760 0.41812 0.47723
1403638606.7778294086 5.46390 16.37947 3.38607 -0.26500 0.72689 0.42729 0.46779
1403638606.8778295517 5.31077 16.43175 3.36089 -0.27296 0.72240 0.43968 0.45860
1403638606.9778294563 5.17519 16.49404 3.33966 -0.28336 0.71413 0.45463 0.45060
1403638607.0778295994 5.04696 16.56436 3.32860 -0.29687 0.70443 0.46839 0.44300
1403638607.1778295040 4.92624 16.64279 3.32503 -0.31320 0.69426 0.47473 0.44106
1403638607.2778294086 4.81176 16.72605 3.32109 -0.32755 0.68045 0.47818 0.44838
1403638607.3778295517 4.70643 16.81057 3.30813 -0.34060 0.67199 0.47766 0.45196
1403638607.4778294563 4.60063 16.89562 3.28556 -0.34645 0.66879 0.47861 0.45125
1403638607.5778295994 4.49950 16.97821 3.25511 -0.34840 0.66763 0.47987 0.45012
1403638607.6778295040 4.40236 17.05842 3.22154 -0.35018 0.66591 0.47974 0.45143
1403638607.7778294086 4.31066 17.13779 3.18528 -0.34883 0.66442 0.48008 0.45430
1403638607.8778295517 4.22101 17.21551 3.14537 -0.34986 0.66677 0.47815 0.45209
1403638607.9778294563 4.13863 17.29159 3.10254 -0.35170 0.67140 0.47511 0.44699
1403638608.0778295994 4.06004 17.36803 3.05488 -0.35268 0.67034 0.47248 0.45058
1403638608.1778295040 3.98622 17.44165 3.00252 -0.34930 0.66732 0.47265 0.45747
1403638608.2778294086 3.91824 17.51096 2.94635 -0.34852 0.66282 0.47166 0.46555
1403638608.3778295517 3.85086 17.57775 2.88541 -0.34940 0.65716 0.47003 0.47447
1403638608.4778294563 3.78468 17.63957 2.81962 -0.34955 0.65709 0.46965 0.47485
1403638608.5778295994 3.71937 17.69701 2.74854 -0.34764 0.65857 0.47044 0.47341
1403638608.6778295040 3.65557 17.74895 2.68071 -0.35338 0.65610 0.46633 0.47665
1403638608.7778294086 3.59156 17.79420 2.61700 -0.35385 0.65625 0.46604 0.47638
1403638608.8778295517 3.52964 17.83286 2.55777 -0.35223 0.65957 0.46758 0.47146
1403638608.9778294563 3.46934 17.86484 2.50746 -0.35094 0.66356 0.46875 0.46562
1403638609.0778295994 3.41103 17.89483 2.46292 -0.35008 0.66624 0.46944 0.46172
1403638609.1778295040 3.35505 17.92032 2.42496 -0.35193 0.66678 0.46809 0.46091
1403638609.2778294086 3.30246 17.94184 2.38650 -0.35985 0.66727 0.46238 0.45986
1403638609.3778295517 3.25487 17.95928 2.34093 -0.35873 0.66744 0.46290 0.45996
1403638609.4778294563 3.21138 17.97422 2.28828 -0.35514 0.66733 0.46505 0.46073
1403638609.5778295994 3.17136 17.98362 2.22952 -0.35174 0.66717 0.46704 0.46156
1403638609.6778295040 3.13294 17.99752 2.16445 -0.34982 0.66606 0.46851 0.46314
1403638609.7778294086 3.09854 18.00281 2.10022 -0.34859 0.66611 0.46927 0.46321
1403638609.8778295517 3.06610 18.01392 2.04205 -0.34905 0.66632 0.46903 0.46280
1403638609.9778294563 3.03718 18.01446 1.99290 -0.35000 0.66592 0.46818 0.46354
1403638610.0778295994 3.01376 18.01806 1.95282 -0.35354 0.66385 0.46553 0.46647
1403638610.1778295040 2.99066 18.01427 1.91622 -0.35491 0.66085 0.46446 0.47074
1403638610.2778294086 2.96928 18.00645 1.87534 -0.35741 0.65971 0.46239 0.47248
1403638610.3778295517 2.94983 17.99360 1.82763 -0.35829 0.65939 0.46172 0.47292
1403638610.4778294563 2.94508 17.97208 1.78897 -0.35861 0.65778 0.46119 0.47542
1403638610.5778295994 2.92794 17.94918 1.73295 -0.36192 0.65271 0.45865 0.48231
1403638610.6778295040 2.91082 17.91876 1.67579 -0.36682 0.64788 0.45512 0.48843
1403638610.7778294086 2.89226 17.87834 1.62097 -0.36391 0.65297 0.45819 0.48090
1403638610.8778295517 2.87428 17.83222 1.57487 -0.35954 0.65901 0.46259 0.47164
1403638610.9778294563 2.85926 17.78649 1.53405 -0.36009 0.65934 0.46299 0.47036
1403638611.0778295994 2.84654 17.73386 1.49331 -0.36350 0.65661 0.46104 0.47347
1403638611.1778295040 2.83657 17.67512 1.44840 -0.36490 0.65562 0.46115 0.47366
1403638611.2778294086 2.82808 17.60995 1.40301 -0.36440 0.65516 0.46211 0.47374
1403638611.3778295517 2.82020 17.53767 1.36143 -0.35832 0.65246 0.46644 0.47786
1403638611.4778294563 2.80890 17.46202 1.32214 -0.34663 0.64766 0.47413 0.48538
1403638611.5778295994 2.79689 17.38274 1.29422 -0.33794 0.64687 0.47935 0.48742
1403638611.6778295040 2.77619 17.30006 1.26628 -0.33611 0.64922 0.47993 0.48497
1403638611.7778294086 2.75454 17.21660 1.23902 -0.34127 0.65525 0.47610 0.47698
1403638611.8778295517 2.73278 17.13196 1.20951 -0.34597 0.66114 0.47211 0.46937
1403638611.9778294563 2.71078 17.04809 1.17422 -0.34836 0.66467 0.46976 0.46495
1403638612.0778295994 2.69099 16.96802 1.14577 -0.34762 0.66662 0.46966 0.46281
1403638612.1778295040 2.67265 16.88247 1.11997 -0.34893 0.66796 0.46820 0.46138
1403638612.2778294086 2.65715 16.80111 1.10372 -0.34946 0.66799 0.46758 0.46156
1403638612.3778295517 2.64531 16.71741 1.09248 -0.34790 0.66751 0.46815 0.46285
1403638612.4778294563 2.63432 16.63301 1.07772 -0.34741 0.66635 0.46740 0.46563
1403638612.5778295994 2.62544 16.54800 1.05741 -0.34483 0.66416 0.46785 0.47022
1403638612.6778295040 2.61632 16.46290 1.02985 -0.33933 0.66208 0.47018 0.47480
1403638612.7778294086 2.60249 16.36138 0.98772 -0.33665 0.66118 0.46999 0.47814
1403638612.8778295517 2.58988 16.27474 0.95524 -0.33707 0.66021 0.46765 0.48147
1403638612.9778294563 2.57159 16.18395 0.92305 -0.33799 0.66095 0.46565 0.48174
1403638613.0778295994 2.55398 16.09719 0.90228 -0.33836 0.66382 0.46471 0.47845
1403638613.1778295040 2.53363 16.00824 0.88861 -0.33769 0.66625 0.46463 0.47560
1403638613.2778294086 2.51076 15.91631 0.88082 -0.33682 0.66671 0.46490 0.47532
1403638613.3778295517 2.48877 15.82825 0.88083 -0.33613 0.66623 0.46539 0.47599
1403638613.4778294563 2.46547 15.73974 0.87944 -0.33681 0.66580 0.46429 0.47719
1403638613.5778295994 2.44193 15.65274 0.87123 -0.33618 0.66740 0.46008 0.47946
1403638613.6778295040 2.41705 15.56521 0.85711 -0.34019 0.66855 0.45344 0.48135
1403638613.7778294086 2.38960 15.47032 0.83468 -0.34434 0.66783 0.44571 0.48660
1403638613.8778295517 2.36460 15.37735 0.80524 -0.34161 0.67059 0.43780 0.49187
1403638613.9778294563 2.33796 15.27344 0.77068 -0.33416 0.67732 0.42830 0.49612
1403638614.0778295994 2.31230 15.16757 0.73239 -0.32250 0.68621 0.41700 0.50123
1403638614.1778295040 2.28549 15.05719 0.69418 -0.30801 0.69736 0.40476 0.50496
1403638614.2778294086 2.25711 14.94264 0.66151 -0.29716 0.70721 0.39185 0.50794
1403638614.3778295517 2.22776 14.82834 0.63472 -0.28861 0.71458 0.38283 0.50943
1403638614.4778294563 2.19751 14.71587 0.61707 -0.28518 0.71993 0.37422 0.51022
1403638614.5778295994 2.16651 14.60027 0.60718 -0.28129 0.72500 0.36618 0.51104
1403638614.6778295040 2.13809 14.48743 0.60573 -0.27827 0.73105 0.35456 0.51228
1403638614.7778294086 2.11272 14.37501 0.61654 -0.27614 0.74207 0.33869 0.50830
1403638614.8778295517 2.08681 14.24599 0.63293 -0.26830 0.75440 0.32195 0.50522
1403638614.9778294563 2.06964 14.12600 0.65924 -0.25532 0.76491 0.30354 0.50753
1403638615.0778295994 2.06070 14.00971 0.69154 -0.23768 0.77369 0.28335 0.51442
1403638615.1778295040 2.05881 13.89206 0.72926 -0.21709 0.77863 0.26154 0.52746
1403638615.2778294086 2.06107 13.77265 0.77061 -0.19293 0.78242 0.24037 0.54113
1403638615.3778295517 2.06367 13.65330 0.80763 -0.17217 0.78778 0.21531 0.55082
1403638615.4778294563 2.06698 13.53377 0.83820 -0.15238 0.79259 0.18973 0.55909
1403638615.5778295994 2.06904 13.41367 0.86109 -0.13551 0.79755 0.16572 0.56399
1403638615.6778295040 2.06992 13.29415 0.87925 -0.12239 0.80081 0.14861 0.56713
1403638615.7778294086 2.06967 13.17714 0.90270 -0.11472 0.80295 0.13629 0.56880
1403638615.8778295517 2.06742 13.06318 0.93321 -0.10954 0.80497 0.12464 0.56963
1403638615.9778294563 2.06462 12.94714 0.96216 -0.10233 0.80732 0.11291 0.57010
1403638616.0778295994 2.06098 12.83023 0.98448 -0.09349 0.80874 0.10076 0.57188
1403638616.1778295040 2.05660 12.71293 0.99362 -0.08371 0.81087 0.08682 0.57267
1403638616.2778294086 2.04814 12.56920 0.99230 -0.07312 0.81306 0.06880 0.57345
1403638616.3778295517 2.04139 12.41606 0.97668 -0.05990 0.81503 0.04967 0.57416
1403638616.4778294563 2.03627 12.29241 0.94657 -0.04930 0.81673 0.03188 0.57403
1403638616.5778295994 2.03047 12.17047 0.91289 -0.03974 0.81920 0.01953 0.57179
1403638616.6778295040 2.02501 12.04932 0.87530 -0.03341 0.82444 0.01023 0.56488
1403638616.7778294086 2.02105 11.92861 0.83318 -0.03548 0.83350 0.00056 0.55137
1403638616.8778295517 2.02303 11.80801 0.79099 -0.03869 0.83964 -0.00578 0.54173
1403638616.9778294563 2.03371 11.68439 0.75753 -0.03366 0.83770 -0.00346 0.54508
1403638617.0778295994 2.05148 11.55716 0.73446 -0.02843 0.83374 0.00141 0.55143
1403638617.1778295040 2.07286 11.42874 0.71958 -0.02274 0.83043 0.00819 0.55660
1403638617.2778294086 2.09765 11.30111 0.70919 -0.02083 0.83250 0.01307 0.55347
1403638617.3778295517 2.12660 11.17434 0.70369 -0.02072 0.83636 0.01623 0.54755
1403638617.4778294563 2.16067 11.05126 0.70690 -0.02066 0.83892 0.01963 0.54351
1403638617.5778295994 2.20059 10.93098 0.71862 -0.02069 0.83948 0.02262 0.54252
1403638617.6778295040 2.24706 10.81465 0.73927 -0.01973 0.83789 0.02645 0.54484
1403638617.7778294086 2.30037 10.70491 0.76835 -0.01971 0.83614 0.02907 0.54739
1403638617.8778295517 2.35695 10.59659 0.80471 -0.01872 0.83598 0.03241 0.54749
1403638617.9778294563 2.41803 10.49262 0.84534 -0.02088 0.83496 0.03279 0.54893
1403638618.0778295994 2.48126 10.39486 0.88146 -0.02174 0.83454 0.03407 0.54946
1403638618.1778295040 2.55076 10.29804 0.91077 -0.02420 0.83471 0.03421 0.54910
1403638618.2778294086 2.62369 10.20476 0.93313 -0.02383 0.83461 0.03582 0.54916
1403638618.3778295517 2.69914 10.11495 0.95294 -0.02422 0.83382 0.03687 0.55028
1403638618.4778294563 2.77820 10.02912 0.96885 -0.02453 0.83385 0.03822 0.55012
1403638618.5778295994 2.86053 9.94640 0.98408 -0.02356 0.83278 0.03900 0.55172
1403638618.6778295040 2.94640 9.86682 0.99567 -0.01976 0.83285 0.03597 0.55198
1403638618.7778294086 3.03619 9.79082 1.01237 -0.01733 0.83235 0.03278 0.55301
1403638618.8778295517 3.12901 9.71865 1.03484 -0.01452 0.83081 0.02938 0.55559
1403638618.9778294563 3.22363 9.65074 1.05885 -0.00896 0.82729 0.02023 0.56134
1403638619.0778295994 3.31916 9.58508 1.07580 0.00263 0.82462 0.00637 0.56564
1403638619.1778295040 3.41441 9.52219 1.08499 0.01600 0.82234 -0.01269 0.56863
1403638619.2778294086 3.50953 9.46285 1.08736 0.02987 0.82005 -0.03697 0.57032
1403638619.3778295517 3.60318 9.40638 1.08074 0.04599 0.81722 -0.06168 0.57116
1403638619.4778294563 3.69573 9.35375 1.07070 0.05653 0.81439 -0.08309 0.57155
1403638619.5778295994 3.78848 9.30433 1.05981 0.06303 0.81181 -0.09900 0.57200
1403638619.6778295040 3.87972 9.25621 1.04620 0.05925 0.80944 -0.11561 0.57266
1403638619.7778294086 3.96846 9.20662 1.03045 0.05562 0.80778 -0.12729 0.57288
1403638619.8778295517 4.05400 9.15435 1.01319 0.05524 0.80611 -0.13384 0.57378
1403638619.9778294563 4.13591 9.10075 0.99002 0.05660 0.80550 -0.13755 0.57362
1403638620.0778295994 4.21180 9.04029 0.97228 0.05852 0.80311 -0.13924 0.57637
1403638620.1778295040 4.28440 8.97902 0.95714 0.06287 0.80000 -0.13833 0.58043
1403638620.2778294086 4.34659 8.91151 0.95167 0.06563 0.80054 -0.13709 0.57969
1403638620.3778295517 4.40593 8.84465 0.95154 0.06847 0.80180 -0.13485 0.57813
1403638620.4778294563 4.45400 8.77367 0.95825 0.06958 0.80282 -0.13263 0.57710
1403638620.5778295994 4.50437 8.70370 0.96348 0.06924 0.80409 -0.13095 0.57575
1403638620.6778295040 4.55019 8.63273 0.96322 0.06653 0.80662 -0.13065 0.57260
1403638620.7778294086 4.58349 8.55885 0.95688 0.06320 0.81002 -0.13076 0.56813
1403638620.8778295517 4.62403 8.48468 0.94749 0.06665 0.81290 -0.12604 0.56468
1403638620.9778294563 4.66248 8.41061 0.93475 0.07114 0.81313 -0.12005 0.56511
1403638621.0778295994 4.68906 8.33612 0.92051 0.07455 0.81122 -0.11510 0.56843
1403638621.1778295040 4.72636 8.26325 0.91104 0.07305 0.80988 -0.11336 0.57088
1403638621.2778294086 4.75767 8.19148 0.90670 0.07313 0.80855 -0.11089 0.57324
1403638621.3778295517 4.79397 8.12181 0.90833 0.07484 0.80923 -0.10781 0.57264
1403638621.4778294563 4.82338 8.05487 0.90426 0.07517 0.80728 -0.10589 0.57571
1403638621.5778295994 4.85667 7.99020 0.89520 0.07486 0.80498 -0.10396 0.57930
1403638621.6778295040 4.88556 7.92908 0.88154 0.07431 0.80396 -0.10301 0.58095
1403638621.7778294086 4.90618 7.87173 0.86322 0.07501 0.80224 -0.10187 0.58344
1403638621.8778295517 4.92836 7.81604 0.84212 0.07647 0.79871 -0.10026 0.58836
1403638621.9778294563 4.94491 7.76524 0.81823 0.07657 0.79615 -0.09978 0.59188
1403638622.0778295994 4.95061 7.72167 0.79011 0.07497 0.79581 -0.10091 0.59235
1403638622.1778295040 4.95717 7.67738 0.75915 0.07186 0.79691 -0.10275 0.59094
1403638622.2778294086 4.95750 7.63696 0.73265 0.06894 0.79642 -0.10517 0.59152
1403638622.3778295517 4.95232 7.59873 0.71351 0.06962 0.79744 -0.10561 0.58999
1403638622.4778294563 4.93579 7.56584 0.70478 0.07321 0.79813 -0.10396 0.58892
1403638622.5778295994 4.92033 7.53034 0.70050 0.07661 0.79783 -0.10264 0.58912
1403638622.6778295040 4.89519 7.50476 0.70805 0.08002 0.79365 -0.10120 0.59454
1403638622.7778294086 4.86874 7.47713 0.72344 0.08172 0.78241 -0.10058 0.60914
1403638622.8778295517 4.83399 7.45891 0.74593 0.08289 0.77758 -0.10049 0.61515
1403638622.9778294563 4.78987 7.44484 0.76481 0.08170 0.78151 -0.10264 0.60994
1403638623.0778295994 4.73758 7.43285 0.77760 0.07863 0.78824 -0.10570 0.60110
1403638623.1778295040 4.67783 7.42540 0.78498 0.07391 0.79241 -0.10919 0.59557
1403638623.2778294086 4.60845 7.42428 0.78700 0.07109 0.79591 -0.11136 0.59083
1403638623.3778295517 4.53892 7.41777 0.78537 0.06902 0.79861 -0.11293 0.58712
1403638623.4778294563 4.46230 7.41701 0.77905 0.06983 0.80026 -0.11269 0.58482
1403638623.5778295994 4.38686 7.41195 0.77521 0.07119 0.80035 -0.11198 0.58467
1403638623.6778295040 4.30469 7.40857 0.77983 0.07271 0.80077 -0.11148 0.58400
1403638623.7778294086 4.22154 7.40373 0.79043 0.07504 0.80177 -0.11117 0.58239
1403638623.8778295517 4.13357 7.40045 0.80567 0.07656 0.80290 -0.11118 0.58063
1403638623.9778294563 4.04015 7.39882 0.81957 0.07833 0.80404 -0.11164 0.57873
1403638624.0778295994 3.94757 7.39806 0.82855 0.07675 0.80452 -0.11439 0.57773
1403638624.1778295040 3.85239 7.39839 0.83334 0.07441 0.80454 -0.11700 0.57748
1403638624.2778294086 3.75643 7.39919 0.83160 0.07239 0.80438 -0.11967 0.57742
1403638624.3778295517 3.66086 7.39929 0.82679 0.07200 0.80400 -0.12147 0.57762
1403638624.4778294563 3.56415 7.39679 0.82040 0.07349 0.80378 -0.12185 0.57766
1403638624.5778295994 3.46567 7.39635 0.80733 0.06818 0.79579 -0.12723 0.58812
1403638624.6778295040 3.36459 7.39433 0.79230 0.06945 0.79137 -0.12526 0.59432
1403638624.7778294086 3.26003 7.38900 0.78180 0.07472 0.79661 -0.11507 0.58872
1403638624.8778295517 3.15009 7.38880 0.77760 0.07653 0.80213 -0.10644 0.58259
1403638624.9778294563 3.03722 7.38703 0.78196 0.06954 0.80516 -0.10423 0.57967
1403638625.0778295994 2.92960 7.38583 0.78738 0.06198 0.80607 -0.10328 0.57944
1403638625.1778295040 2.81747 7.38774 0.78749 0.05569 0.80697 -0.10346 0.57879
1403638625.2778294086 2.71070 7.38371 0.78405 0.05373 0.80769 -0.10184 0.57825
1403638625.3778295517 2.59936 7.38235 0.77913 0.05260 0.80777 -0.10081 0.57843
1403638625.4778294563 2.49310 7.37436 0.78026 0.05153 0.80719 -0.10049 0.57939
1403638625.5778295994 2.38244 7.36996 0.78693 0.05224 0.80770 -0.09974 0.57875
1403638625.6778295040 2.27390 7.36314 0.80121 0.05252 0.80932 -0.09956 0.57648
1403638625.7778294086 2.16701 7.35174 0.81875 0.05175 0.81392 -0.10036 0.56990
1403638625.8778295517 2.05944 7.34357 0.83020 0.05224 0.81657 -0.10058 0.56602
1403638625.9778294563 1.95532 7.32995 0.83758 0.05336 0.81700 -0.10069 0.56527
1403638626.0778295994 1.85307 7.31809 0.83883 0.05196 0.81839 -0.10240 0.56307
1403638626.1778295040 1.75814 7.30349 0.83387 0.05223 0.81881 -0.10278 0.56237
1403638626.2778294086 1.66214 7.28794 0.82602 0.05505 0.81725 -0.10149 0.56459
1403638626.3778295517 1.56711 7.27121 0.81506 0.06274 0.81504 -0.09637 0.56788
1403638626.4778294563 1.47625 7.25598 0.80085 0.06505 0.81366 -0.09426 0.56995
1403638626.5778295994 1.38495 7.24181 0.78528 0.06593 0.81593 -0.09321 0.56676
1403638626.6778295040 1.29848 7.22903 0.77082 0.06488 0.81786 -0.09349 0.56406
1403638626.7778294086 1.21511 7.21842 0.75993 0.06266 0.82185 -0.09497 0.55823
1403638626.8778295517 1.14377 7.20767 0.75697 0.06236 0.82454 -0.09459 0.55435
1403638626.9778294563 1.07327 7.19828 0.75900 0.06175 0.82543 -0.09466 0.55308
1403638627.0778295994 1.00672 7.18835 0.76140 0.06107 0.82550 -0.09426 0.55311
1403638627.1778295040 0.94623 7.17901 0.75521 0.06031 0.82539 -0.09416 0.55337
1403638627.2778294086 0.89032 7.16864 0.75003 0.06161 0.82533 -0.09281 0.55356
1403638627.3778295517 0.83926 7.15891 0.74175 0.06357 0.82462 -0.09097 0.55469
1403638627.4778294563 0.79330 7.14982 0.73016 0.06380 0.82499 -0.09063 0.55417
1403638627.5778295994 0.75228 7.14163 0.71659 0.06493 0.82381 -0.09028 0.55585
1403638627.6778295040 0.72132 7.13576 0.69550 0.06668 0.82074 -0.08968 0.56026
1403638627.7778294086 0.68899 7.13003 0.68079 0.06825 0.81882 -0.08891 0.56300
1403638627.8778295517 0.65942 7.12654 0.66415 0.06912 0.81816 -0.08895 0.56386
1403638627.9778294563 0.63070 7.12463 0.64740 0.06970 0.82010 -0.08892 0.56096
1403638628.0778295994 0.61467 7.12632 0.62401 0.07078 0.82120 -0.08908 0.55919
1403638628.1778295040 0.59114 7.12830 0.61175 0.07193 0.82180 -0.08954 0.55807
1403638628.2778294086 0.57343 7.13257 0.59976 0.07212 0.82207 -0.09021 0.55756
1403638628.3778295517 0.56885 7.14009 0.58464 0.07085 0.82270 -0.09170 0.55654
1403638628.4778294563 0.55701 7.14751 0.57887 0.06466 0.82020 -0.09651 0.56015
1403638628.5778295994 0.54986 7.15559 0.57629 0.05596 0.81341 -0.10266 0.56982
1403638628.6778295040 0.54221 7.16261 0.57530 0.05007 0.80961 -0.10692 0.57497
1403638628.7778294086 0.55385 7.17215 0.56924 0.05192 0.81072 -0.10615 0.57339
1403638628.8778295517 0.54378 7.17402 0.55990 0.05639 0.81115 -0.10335 0.57287
1403638628.9778294563 0.53614 7.17490 0.54807 0.06131 0.81163 -0.10038 0.57220
1403638629.0778295994 0.52600 7.17565 0.53856 0.06615 0.81257 -0.09688 0.57093
1403638629.1778295040 0.52692 7.18147 0.53563 0.06860 0.81364 -0.09483 0.56946
1403638629.2778294086 0.51310 7.18527 0.53082 0.06922 0.81392 -0.09403 0.56913
1403638629.3778295517 0.50546 7.19014 0.52941 0.07037 0.81702 -0.09396 0.56454
1403638629.4778294563 0.49980 7.19706 0.52900 0.06943 0.82158 -0.09543 0.55774
1403638629.5778295994 0.50369 7.20441 0.53013 0.06620 0.82475 -0.09805 0.55298
1403638629.6778295040 0.51123 7.21116 0.53288 0.05508 0.82317 -0.10652 0.55499
1403638629.7778294086 0.51911 7.21616 0.53633 0.04788 0.81790 -0.11224 0.56227
1403638629.8778295517 0.52596 7.21823 0.53604 0.04570 0.81161 -0.11435 0.57108
1403638629.9778294563 0.53160 7.21649 0.52755 0.05610 0.80563 -0.10794 0.57980
1403638630.0778295994 0.53363 7.21348 0.50901 0.06476 0.80165 -0.10210 0.58544
1403638630.1778295040 0.53337 7.21169 0.48042 0.06937 0.80418 -0.09847 0.58205
1403638630.2778294086 0.52797 7.21034 0.44653 0.07068 0.80868 -0.09746 0.57580
1403638630.3778295517 0.52808 7.21319 0.42067 0.06863 0.82812 -0.09705 0.54781
1403638630.4778294563 0.53871 7.21553 0.43206 0.06634 0.81003 -0.09666 0.57455
1403638630.5778295994 0.54739 7.21747 0.43070 0.06590 0.80940 -0.09781 0.57529
1403638630.6778295040 0.55294 7.21882 0.40847 0.06505 0.82812 -0.09347 0.54886
1403638630.7778294086 0.55232 7.21151 0.40557 0.06834 0.83454 -0.08721 0.53970
1403638630.8778295517 0.54361 7.20959 0.40086 0.06339 0.83327 -0.08833 0.54207
1403638630.9778294563 0.53671 7.20859 0.39791 0.06357 0.83315 -0.08859 0.54219
1403638631.0778295994 0.52731 7.20729 0.39426 0.06426 0.83319 -0.08810 0.54213
1403638631.1778295040 0.51817 7.20568 0.39071 0.06418 0.83324 -0.08832 0.54202
1403638631.2778294086 0.50818 7.20412 0.38749 0.06408 0.83331 -0.08830 0.54194
1403638631.3778295517 0.49810 7.20239 0.38453 0.06383 0.83339 -0.08847 0.54181
1403638631.4778294563 0.48802 7.20059 0.38178 0.06359 0.83335 -0.08875 0.54185
1403638631.5778295994 0.47734 7.19862 0.37895 0.06348 0.83334 -0.08883 0.54187
1403638631.6778295040 0.46687 7.19645 0.37638 0.06316 0.83337 -0.08923 0.54180
