1403638523.0778295994 0.02366 0.00443 0.35124 -0.07308 0.80694 0.01808 0.58582
1403638523.1778295040 0.02967 -0.00038 0.38335 -0.07271 0.80698 0.01850 0.58580
1403638523.2778294086 0.02902 -0.00894 0.37959 -0.06377 0.80482 0.01843 0.58979
1403638523.3778295517 0.02874 -0.01437 0.35057 -0.05931 0.80384 0.01750 0.59162
1403638523.4778294563 0.02711 -0.02068 0.30784 -0.05463 0.80756 0.02005 0.58691
1403638523.5778295994 0.02265 -0.02778 0.25780 -0.04762 0.81681 0.02436 0.57443
1403638523.6778295040 0.01686 -0.03425 0.20721 -0.04069 0.82620 0.02728 0.56124
1403638523.7778294086 0.01129 -0.03985 0.15835 -0.03706 0.83078 0.03019 0.55455
1403638523.8778295517 0.00495 -0.04458 0.11395 -0.03381 0.83138 0.03311 0.55369
1403638523.9778294563 -0.00115 -0.04771 0.08059 -0.02461 0.83141 0.03914 0.55374
1403638524.0778295994 -0.00452 -0.04957 0.06732 -0.01778 0.83447 0.04761 0.54870
1403638524.1778295040 -0.00504 -0.04762 0.08686 -0.01831 0.83902 0.05251 0.54124
1403638524.2778294086 -0.00388 -0.04724 0.13135 -0.02482 0.83997 0.05379 0.53939
1403638524.3778295517 0.00015 -0.04697 0.18632 -0.03441 0.83716 0.05236 0.54335
1403638524.4778294563 0.00679 -0.04620 0.24691 -0.04160 0.83056 0.05071 0.55306
1403638524.5778295994 0.01524 -0.04424 0.30694 -0.04494 0.82170 0.04945 0.56600
1403638524.6778295040 0.02431 -0.04158 0.36103 -0.04109 0.81524 0.04404 0.57598
1403638524.7778294086 0.03146 -0.03755 0.40184 -0.02853 0.81140 0.03901 0.58248
1403638524.8778295517 0.03669 -0.03347 0.42790 -0.02488 0.80988 0.03635 0.58494
1403638524.9778294563 0.03850 -0.03070 0.43759 -0.03158 0.80827 0.03871 0.58669
1403638525.0778295994 0.03972 -0.02967 0.42520 -0.02955 0.80553 0.04227 0.59031
1403638525.1778295040 0.04113 -0.02893 0.39165 -0.02747 0.80401 0.04696 0.59212
1403638525.2778294086 0.03950 -0.03034 0.34596 -0.02777 0.80659 0.05204 0.58816
1403638525.3778295517 0.03867 -0.03132 0.29227 -0.03057 0.81544 0.05721 0.57520
1403638525.4778294563 0.03594 -0.03152 0.24026 -0.03923 0.82763 0.05930 0.55676
1403638525.5778295994 0.03152 -0.03317 0.19502 -0.04556 0.83662 0.05894 0.54270
1403638525.6778295040 0.02889 -0.03519 0.15702 -0.04657 0.83951 0.05598 0.53845
1403638525.7778294086 0.02808 -0.03482 0.12669 -0.04368 0.83795 0.05004 0.54169
1403638525.8778295517 0.02654 -0.03542 0.10446 -0.03674 0.83428 0.04567 0.54821
1403638525.9778294563 0.02147 -0.04315 0.09234 -0.02842 0.83280 0.04450 0.55105
1403638526.0778295994 0.01805 -0.06287 0.09099 -0.02411 0.83436 0.04240 0.54906
1403638526.1778295040 0.01566 -0.09220 0.09870 -0.02237 0.83675 0.03336 0.54610
1403638526.2778294086 0.01181 -0.12819 0.11208 -0.01900 0.83584 0.02434 0.54811
1403638526.3778295517 0.00522 -0.16853 0.12664 -0.01673 0.83169 0.01563 0.55476
1403638526.4778294563 -0.00382 -0.21318 0.13929 -0.01545 0.82660 0.00449 0.56257
1403638526.5778295994 -0.01398 -0.26339 0.14799 -0.01406 0.82127 -0.00665 0.57032
1403638526.6778295040 -0.02589 -0.32180 0.15482 -0.00962 0.81612 -0.01513 0.57760
1403638526.7778294086 -0.04067 -0.38563 0.15997 -0.00117 0.81302 -0.02064 0.58188
1403638526.8778295517 -0.05736 -0.45008 0.16334 0.00684 0.81223 -0.02388 0.58281
1403638526.9778294563 -0.07428 -0.51170 0.16628 0.01112 0.81528 -0.03021 0.57817
1403638527.0778295994 -0.08878 -0.56972 0.16984 0.01878 0.81979 -0.04327 0.57072
1403638527.1778295040 -0.09983 -0.62134 0.17540 0.02653 0.82157 -0.05841 0.56649
1403638527.2778294086 -0.10644 -0.66156 0.18202 0.03800 0.81863 -0.07218 0.56850
1403638527.3778295517 -0.10762 -0.68469 0.18820 0.05339 0.81347 -0.08095 0.57346
1403638527.4778294563 -0.10384 -0.68686 0.19178 0.06367 0.80983 -0.08536 0.57692
1403638527.5778295994 -0.09501 -0.66777 0.19235 0.06664 0.80913 -0.08652 0.57739
1403638527.6778295040 -0.08127 -0.62862 0.18990 0.06491 0.80963 -0.08291 0.57742
1403638527.7778294086 -0.06676 -0.58249 0.18982 0.05925 0.81101 -0.07552 0.57710
1403638527.8778295517 -0.05097 -0.52834 0.19230 0.04515 0.81417 -0.07048 0.57456
1403638527.9778294563 -0.03208 -0.46911 0.19524 0.03477 0.81507 -0.06537 0.57461
1403638528.0778295994 -0.01249 -0.41015 0.19685 0.02762 0.81385 -0.05764 0.57755
1403638528.1778295040 0.00703 -0.35498 0.19408 0.01743 0.81425 -0.04834 0.57823
1403638528.2778294086 0.03046 -0.30626 0.18910 0.00450 0.81563 -0.03737 0.57735
1403638528.3778295517 0.06048 -0.26931 0.18292 -0.00309 0.81523 -0.02895 0.57841
1403638528.4778294563 0.09523 -0.24326 0.17769 -0.00194 0.81447 -0.02537 0.57965
1403638528.5778295994 0.13077 -0.22344 0.17488 -0.00078 0.81647 -0.02959 0.57663
1403638528.6778295040 0.16568 -0.20964 0.17503 -0.00226 0.81788 -0.03697 0.57420
1403638528.7778294086 0.19650 -0.20075 0.17821 0.00250 0.81717 -0.04197 0.57485
1403638528.8778295517 0.21232 -0.19269 0.18513 -0.00141 0.81634 -0.04941 0.57545
1403638528.9778294563 0.21656 -0.17901 0.19787 -0.00792 0.81640 -0.05628 0.57468
1403638529.0778295994 0.20023 -0.16978 0.21444 -0.00663 0.81748 -0.05764 0.57302
1403638529.1778295040 0.17363 -0.15230 0.22392 0.01046 0.81858 -0.05087 0.57205
1403638529.2778294086 0.14043 -0.13087 0.22239 0.02232 0.82064 -0.04498 0.56924
1403638529.3778295517 0.10538 -0.10271 0.21042 0.02693 0.82601 -0.04086 0.56152
1403638529.4778294563 0.07335 -0.08316 0.18934 0.02591 0.83617 -0.03847 0.54650
1403638529.5778295994 0.04784 -0.06955 0.16440 0.02391 0.84644 -0.03563 0.53076
1403638529.6778295040 0.02539 -0.06440 0.14060 0.02515 0.85033 -0.03251 0.52464
1403638529.7778294086 0.01335 -0.05818 0.11795 0.02436 0.84682 -0.03175 0.53038
1403638529.8778295517 0.00823 -0.05104 0.09716 0.02292 0.84048 -0.03284 0.54036
1403638529.9778294563 0.00384 -0.04484 0.08260 0.02245 0.83788 -0.03299 0.54439
1403638530.0778295994 0.01068 -0.04266 0.07142 0.02316 0.83933 -0.03356 0.54210
1403638530.1778295040 0.02363 -0.04294 0.06162 0.02442 0.84111 -0.03817 0.53897
1403638530.2778294086 0.03866 -0.04441 0.05149 0.02680 0.84074 -0.04439 0.53896
1403638530.3778295517 0.05207 -0.04773 0.04158 0.02952 0.84015 -0.04976 0.53926
1403638530.4778294563 0.06387 -0.05148 0.03412 0.02998 0.83995 -0.05380 0.53916
1403638530.5778295994 0.07167 -0.05575 0.02857 0.02946 0.83997 -0.05731 0.53879
1403638530.6778295040 0.07589 -0.05918 0.02369 0.03089 0.84296 -0.05970 0.53376
1403638530.7778294086 0.07893 -0.06133 0.01829 0.03125 0.84640 -0.06143 0.52808
1403638530.8778295517 0.08114 -0.06264 0.01380 0.02961 0.84705 -0.06101 0.52717
1403638530.9778294563 0.08239 -0.06305 0.01072 0.02865 0.84484 -0.06125 0.53073
1403638531.0778295994 0.08244 -0.06275 0.00879 0.02971 0.84141 -0.06015 0.53621
1403638531.1778295040 0.08230 -0.06114 0.00947 0.03074 0.83925 -0.05833 0.53974
1403638531.2778294086 0.08266 -0.06016 0.00801 0.03387 0.83805 -0.05726 0.54151
1403638531.3778295517 0.08253 -0.05944 0.00765 0.03411 0.83680 -0.05770 0.54339
1403638531.4778294563 0.08235 -0.05989 0.00777 0.03460 0.83575 -0.05834 0.54491
1403638531.5778295994 0.08217 -0.06004 0.00764 0.03552 0.83607 -0.05748 0.54445
1403638531.6778295040 0.08215 -0.05989 0.00752 0.03510 0.83615 -0.05831 0.54425
1403638531.7778294086 0.08223 -0.06003 0.00751 0.03580 0.83608 -0.05864 0.54429
1403638531.8778295517 0.08218 -0.06012 0.00748 0.03629 0.83611 -0.05878 0.54419
1403638531.9778294563 0.08222 -0.06025 0.00746 0.03685 0.83608 -0.05906 0.54417
1403638532.0778295994 0.08221 -0.06033 0.00742 0.03734 0.83606 -0.05917 0.54416
1403638532.1778295040 0.08222 -0.06038 0.00741 0.03760 0.83603 -0.05947 0.54416
1403638532.2778294086 0.08224 -0.06041 0.00740 0.03779 0.83599 -0.05987 0.54416
1403638532.3778295517 0.08223 -0.06045 0.00739 0.03799 0.83595 -0.06009 0.54419
1403638532.4778294563 0.08225 -0.06052 0.00739 0.03821 0.83589 -0.06037 0.54422
1403638532.5778295994 0.08224 -0.06056 0.00736 0.03849 0.83588 -0.06060 0.54419
1403638532.6778295040 0.08228 -0.06065 0.00738 0.03881 0.83584 -0.06078 0.54422
1403638532.7778294086 0.08226 -0.06071 0.00737 0.03913 0.83583 -0.06083 0.54420
1403638532.8778295517 0.08226 -0.06075 0.00738 0.03941 0.83580 -0.06100 0.54421
1403638532.9778294563 0.08228 -0.06081 0.00739 0.03960 0.83575 -0.06115 0.54425
1403638533.0778295994 0.08226 -0.06085 0.00737 0.03979 0.83573 -0.06130 0.54426
1403638533.1778295040 0.08229 -0.06089 0.00737 0.03994 0.83567 -0.06148 0.54432
1403638533.2778294086 0.08228 -0.06092 0.00736 0.04008 0.83563 -0.06162 0.54435
1403638533.3778295517 0.08229 -0.06095 0.00736 0.04029 0.83560 -0.06170 0.54438
1403638533.4778294563 0.08231 -0.06100 0.00737 0.04040 0.83557 -0.06180 0.54440
1403638533.5778295994 0.08230 -0.06101 0.00736 0.04047 0.83555 -0.06191 0.54441
1403638533.6778295040 0.08231 -0.06103 0.00736 0.04054 0.83551 -0.06206 0.54445
1403638533.7778294086 0.08230 -0.06105 0.00735 0.04064 0.83548 -0.06217 0.54449
1403638533.8778295517 0.08232 -0.06104 0.00735 0.04048 0.83550 -0.06196 0.54448
1403638533.9778294563 0.08236 -0.06111 0.00734 0.04068 0.83548 -0.06224 0.54446
1403638534.0778295994 0.08229 -0.06114 0.00733 0.04116 0.83539 -0.06275 0.54451
1403638534.1778295040 0.08232 -0.06116 0.00736 0.04086 0.83540 -0.06262 0.54453
1403638534.2778294086 0.08231 -0.06111 0.00739 0.04064 0.83547 -0.06251 0.54445
1403638534.3778295517 0.08233 -0.06111 0.00739 0.04071 0.83545 -0.06258 0.54448
1403638534.4778294563 0.08234 -0.06119 0.00736 0.04090 0.83545 -0.06289 0.54443
1403638534.5778295994 0.08233 -0.06117 0.00737 0.04077 0.83553 -0.06262 0.54434
1403638534.6778295040 0.08237 -0.06114 0.00739 0.04057 0.83554 -0.06245 0.54436
1403638534.7778294086 0.08235 -0.06119 0.00740 0.04066 0.83553 -0.06235 0.54438
1403638534.8778295517 0.08235 -0.06124 0.00739 0.04096 0.83547 -0.06256 0.54443
1403638534.9778294563 0.08233 -0.06129 0.00739 0.04105 0.83548 -0.06267 0.54439
1403638535.0778295994 0.08232 -0.06129 0.00741 0.04094 0.83553 -0.06269 0.54432
1403638535.1778295040 0.08234 -0.06129 0.00739 0.04084 0.83549 -0.06271 0.54438
1403638535.2778294086 0.08233 -0.06130 0.00740 0.04078 0.83548 -0.06270 0.54441
1403638535.3778295517 0.08232 -0.06129 0.00741 0.04080 0.83546 -0.06270 0.54443
1403638535.4778294563 0.08234 -0.06130 0.00742 0.04088 0.83546 -0.06274 0.54443
1403638535.5778295994 0.08236 -0.06129 0.00743 0.04083 0.83546 -0.06269 0.54443
1403638535.6778295040 0.08238 -0.06128 0.00743 0.04076 0.83544 -0.06273 0.54446
1403638535.7778294086 0.08236 -0.06129 0.00742 0.04079 0.83541 -0.06274 0.54452
1403638535.8778295517 0.08237 -0.06129 0.00743 0.04068 0.83541 -0.06268 0.54453
1403638535.9778294563 0.08235 -0.06129 0.00743 0.04062 0.83544 -0.06270 0.54449
1403638536.0778295994 0.08238 -0.06130 0.00743 0.04056 0.83537 -0.06278 0.54458
1403638536.1778295040 0.08238 -0.06131 0.00745 0.04053 0.83535 -0.06281 0.54462
1403638536.2778294086 0.08239 -0.06131 0.00745 0.04052 0.83534 -0.06274 0.54464
1403638536.3778295517 0.08241 -0.06131 0.00745 0.04048 0.83528 -0.06273 0.54473
1403638536.4778294563 0.08241 -0.06130 0.00746 0.04044 0.83525 -0.06269 0.54478
1403638536.5778295994 0.08241 -0.06130 0.00746 0.04032 0.83525 -0.06268 0.54480
1403638536.6778295040 0.08242 -0.06130 0.00747 0.04027 0.83523 -0.06264 0.54484
1403638536.7778294086 0.08240 -0.06130 0.00747 0.04033 0.83518 -0.06271 0.54490
1403638536.8778295517 0.08241 -0.06129 0.00744 0.04021 0.83510 -0.06279 0.54503
1403638536.9778294563 0.08240 -0.06131 0.00747 0.04015 0.83511 -0.06287 0.54500
1403638537.0778295994 0.08242 -0.06129 0.00749 0.04016 0.83510 -0.06279 0.54502
1403638537.1778295040 0.08244 -0.06127 0.00748 0.04025 0.83503 -0.06274 0.54514
1403638537.2778294086 0.08246 -0.06126 0.00752 0.04034 0.83503 -0.06267 0.54514
1403638537.3778295517 0.08246 -0.06126 0.00751 0.04027 0.83499 -0.06262 0.54521
1403638537.4778294563 0.08248 -0.06125 0.00752 0.04017 0.83495 -0.06258 0.54527
1403638537.5778295994 0.08246 -0.06124 0.00756 0.04016 0.83496 -0.06246 0.54528
1403638537.6778295040 0.08244 -0.06125 0.00761 0.04020 0.83496 -0.06245 0.54527
1403638537.7778294086 0.08247 -0.06124 0.00763 0.04014 0.83491 -0.06244 0.54536
1403638537.8778295517 0.08253 -0.06122 0.00764 0.04016 0.83489 -0.06228 0.54540
1403638537.9778294563 0.08252 -0.06122 0.00769 0.04018 0.83485 -0.06238 0.54546
1403638538.0778295994 0.08248 -0.06120 0.00771 0.04013 0.83480 -0.06235 0.54553
1403638538.1778295040 0.08251 -0.06121 0.00771 0.04011 0.83475 -0.06230 0.54563
1403638538.2778294086 0.08264 -0.06118 0.00772 0.04004 0.83471 -0.06215 0.54571
1403638538.3778295517 0.08255 -0.06119 0.00777 0.04018 0.83464 -0.06211 0.54581
1403638538.4778294563 0.08252 -0.06120 0.00785 0.04014 0.83463 -0.06207 0.54583
1403638538.5778295994 0.08255 -0.06118 0.00788 0.04033 0.83456 -0.06207 0.54592
1403638538.6778295040 0.08255 -0.06117 0.00794 0.04015 0.83435 -0.06214 0.54625
1403638538.7778294086 0.08265 -0.06122 0.00826 0.03996 0.83353 -0.06192 0.54753
1403638538.8778295517 0.08404 -0.06082 0.00869 0.03919 0.83248 -0.06134 0.54925
1403638538.9778294563 0.08738 -0.06072 0.01123 0.04010 0.82767 -0.06065 0.55648
1403638539.0778295994 0.09190 -0.06070 0.01476 0.04166 0.82201 -0.06191 0.56457
1403638539.1778295040 0.09967 -0.06071 0.02257 0.04101 0.81663 -0.06224 0.57233
1403638539.2778294086 0.10850 -0.06078 0.03809 0.04093 0.81283 -0.06142 0.57780
1403638539.3778295517 0.11667 -0.06090 0.06143 0.04063 0.81366 -0.06084 0.57671
1403638539.4778294563 0.12553 -0.06166 0.09106 0.04037 0.81563 -0.05980 0.57406
1403638539.5778295994 0.13524 -0.06298 0.12346 0.04008 0.81650 -0.05840 0.57298
1403638539.6778295040 0.14599 -0.06431 0.15079 0.03846 0.81706 -0.05793 0.57235
1403638539.7778294086 0.15560 -0.06519 0.16735 0.03886 0.81830 -0.05612 0.57072
1403638539.8778295517 0.16666 -0.06602 0.17687 0.03795 0.82085 -0.05552 0.56717
1403638539.9778294563 0.18081 -0.06671 0.18511 0.03617 0.82541 -0.05524 0.56066
1403638540.0778295994 0.20271 -0.06640 0.19111 0.03592 0.83131 -0.05504 0.55190
1403638540.1778295040 0.22805 -0.06730 0.19810 0.03561 0.83528 -0.05478 0.54592
1403638540.2778294086 0.26123 -0.06789 0.21296 0.03613 0.83105 -0.05339 0.55246
1403638540.3778295517 0.29851 -0.06955 0.22151 0.03683 0.82491 -0.05130 0.56172
1403638540.4778294563 0.34033 -0.07019 0.22915 0.03365 0.82261 -0.04525 0.56580
1403638540.5778295994 0.38655 -0.06984 0.23468 0.02643 0.82290 -0.03371 0.56657
1403638540.6778295040 0.43536 -0.06896 0.24016 0.01814 0.82313 -0.01647 0.56732
1403638540.7778294086 0.48675 -0.06633 0.24466 0.01030 0.82237 0.00759 0.56881
1403638540.8778295517 0.53984 -0.06066 0.24731 0.00007 0.82179 0.03564 0.56867
1403638540.9778294563 0.59338 -0.05011 0.24844 -0.01356 0.82034 0.06199 0.56835
1403638541.0778295994 0.64757 -0.03555 0.24735 -0.02726 0.81822 0.08153 0.56844
1403638541.1778295040 0.70430 -0.01730 0.24089 -0.03693 0.81652 0.09480 0.56827
1403638541.2778294086 0.75959 0.00474 0.23223 -0.04204 0.81576 0.10356 0.56749
1403638541.3778295517 0.81609 0.03161 0.23206 -0.04504 0.81561 0.10714 0.56681
1403638541.4778294563 0.87154 0.06309 0.23785 -0.04623 0.81544 0.10735 0.56692
1403638541.5778295994 0.92478 0.10130 0.24995 -0.04550 0.81401 0.10790 0.56892
1403638541.6778295040 0.98173 0.14561 0.27050 -0.04971 0.81231 0.11090 0.57042
1403638541.7778294086 1.03566 0.19634 0.29634 -0.05957 0.81100 0.11651 0.57023
1403638541.8778295517 1.08741 0.25014 0.33056 -0.07148 0.80963 0.12544 0.56891
1403638541.9778294563 1.13728 0.30666 0.36221 -0.08317 0.80860 0.13976 0.56543
1403638542.0778295994 1.18658 0.36599 0.38733 -0.09701 0.80657 0.15677 0.56165
1403638542.1778295040 1.23349 0.42597 0.40599 -0.11228 0.80281 0.17670 0.55827
1403638542.2778294086 1.28127 0.48915 0.41853 -0.12701 0.79895 0.20000 0.55276
1403638542.3778295517 1.32740 0.55168 0.42772 -0.14071 0.79131 0.22188 0.55208
1403638542.4778294563 1.37106 0.61231 0.43417 -0.14714 0.77771 0.24237 0.56104
1403638542.5778295994 1.41321 0.67365 0.43736 -0.14359 0.76562 0.26107 0.57014
1403638542.6778295040 1.44922 0.73841 0.44241 -0.14466 0.76215 0.27072 0.57001
1403638542.7778294086 1.47823 0.80806 0.45396 -0.15407 0.76626 0.26991 0.56236
1403638542.8778295517 1.50257 0.88386 0.47246 -0.16098 0.77168 0.26691 0.55439
1403638542.9778294563 1.52224 0.96108 0.49747 -0.16520 0.77631 0.26382 0.54813
1403638543.0778295994 1.53836 1.03760 0.52470 -0.16801 0.77992 0.26078 0.54358
1403638543.1778295040 1.55390 1.11552 0.54731 -0.16827 0.78118 0.25838 0.54284
1403638543.2778294086 1.56962 1.19397 0.56539 -0.16854 0.78155 0.25606 0.54333
1403638543.3778295517 1.58507 1.27396 0.57615 -0.16806 0.78269 0.25518 0.54224
1403638543.4778294563 1.60112 1.35588 0.58392 -0.17045 0.78166 0.25972 0.54084
1403638543.5778295994 1.61400 1.43477 0.59070 -0.17585 0.77863 0.27099 0.53794
1403638543.6778295040 1.62645 1.51644 0.59331 -0.18302 0.77291 0.28883 0.53450
1403638543.7778294086 1.63673 1.59765 0.59790 -0.19358 0.76476 0.31042 0.53039
1403638543.8778295517 1.64484 1.67140 0.60940 -0.20584 0.75451 0.33341 0.52648
1403638543.9778294563 1.65667 1.75620 0.62786 -0.22017 0.74595 0.35206 0.52071
1403638544.0778295994 1.66841 1.84043 0.64968 -0.23529 0.74192 0.36363 0.51183
1403638544.1778295040 1.68237 1.92780 0.67097 -0.24581 0.73883 0.37033 0.50652
1403638544.2778294086 1.69865 2.02361 0.68648 -0.25250 0.73635 0.37369 0.50436
1403638544.3778295517 1.71471 2.10960 0.69472 -0.25426 0.73566 0.37642 0.50245
1403638544.4778294563 1.73226 2.19680 0.70139 -0.25365 0.73614 0.37772 0.50108
1403638544.5778295994 1.75101 2.28975 0.70663 -0.25561 0.73348 0.37692 0.50459
1403638544.6778295040 1.76996 2.38204 0.72066 -0.26085 0.72695 0.37634 0.51173
1403638544.7778294086 1.78816 2.47319 0.73566 -0.26225 0.72610 0.37735 0.51148
1403638544.8778295517 1.80486 2.56669 0.75284 -0.26035 0.72931 0.37971 0.50611
1403638544.9778294563 1.82230 2.65647 0.76157 -0.26062 0.73010 0.38047 0.50425
1403638545.0778295994 1.83996 2.74637 0.76496 -0.26223 0.72884 0.38045 0.50525
1403638545.1778295040 1.85472 2.83832 0.76608 -0.26215 0.72840 0.38161 0.50507
1403638545.2778294086 1.87203 2.92647 0.75731 -0.26156 0.72773 0.38330 0.50505
1403638545.3778295517 1.88991 3.01347 0.74460 -0.26348 0.72504 0.38247 0.50854
1403638545.4778294563 1.90230 3.09128 0.73042 -0.26600 0.72480 0.38357 0.50674
1403638545.5778295994 1.91741 3.17815 0.71687 -0.27023 0.72252 0.39024 0.50265
1403638545.6778295040 1.92928 3.25823 0.71193 -0.27928 0.71679 0.40181 0.49675
1403638545.7778294086 1.94136 3.33740 0.71326 -0.28839 0.70881 0.41841 0.48924
1403638545.8778295517 1.95426 3.41679 0.72057 -0.29950 0.69795 0.43794 0.48101
1403638545.9778294563 1.96809 3.49627 0.73464 -0.30946 0.68526 0.45990 0.47239
1403638546.0778295994 1.98383 3.58066 0.75148 -0.31597 0.67315 0.47875 0.46673
1403638546.1778295040 1.99997 3.66423 0.76328 -0.32365 0.66436 0.49102 0.46128
1403638546.2778294086 2.01607 3.75411 0.76808 -0.32862 0.65961 0.49854 0.45649
1403638546.3778295517 2.03185 3.84676 0.76766 -0.33487 0.65809 0.50068 0.45177
1403638546.4778294563 2.04693 3.94151 0.76114 -0.33755 0.65774 0.50193 0.44889
1403638546.5778295994 2.06151 4.03876 0.75460 -0.33852 0.65571 0.50510 0.44758
1403638546.6778295040 2.07383 4.13518 0.75438 -0.34207 0.65086 0.51093 0.44532
1403638546.7778294086 2.08635 4.23979 0.76419 -0.34445 0.64632 0.51658 0.44358
1403638546.8778295517 2.09701 4.34334 0.78302 -0.34512 0.64266 0.52149 0.44263
1403638546.9778294563 2.10651 4.45069 0.79945 -0.34380 0.63939 0.52587 0.44322
1403638547.0778295994 2.11541 4.55836 0.80991 -0.34178 0.63690 0.52913 0.44448
1403638547.1778295040 2.11943 4.67225 0.81179 -0.33876 0.63488 0.53232 0.44586
1403638547.2778294086 2.12133 4.78271 0.81221 -0.33684 0.63350 0.53379 0.44754
1403638547.3778295517 2.11453 4.89493 0.80560 -0.33995 0.63497 0.53151 0.44581
1403638547.4778294563 2.10819 5.00776 0.79944 -0.34454 0.63814 0.52778 0.44217
1403638547.5778295994 2.09953 5.11992 0.78806 -0.34761 0.64161 0.52437 0.43880
1403638547.6778295040 2.08421 5.22636 0.76834 -0.34832 0.64277 0.52276 0.43846
1403638547.7778294086 2.07297 5.34203 0.74797 -0.34624 0.64215 0.52328 0.44038
1403638547.8778295517 2.05390 5.44473 0.72024 -0.34285 0.63918 0.52535 0.44487
1403638547.9778294563 2.03772 5.56398 0.69711 -0.34299 0.63906 0.52569 0.44453
1403638548.0778295994 2.01386 5.66819 0.67843 -0.34579 0.63853 0.52801 0.44036
1403638548.1778295040 1.99353 5.79872 0.67169 -0.35013 0.63477 0.53343 0.43581
1403638548.2778294086 1.96719 5.92105 0.67139 -0.35669 0.62834 0.54191 0.42929
1403638548.3778295517 1.93981 6.04850 0.68055 -0.36430 0.61885 0.55335 0.42203
1403638548.4778294563 1.91271 6.17220 0.69778 -0.37242 0.60918 0.56401 0.41485
1403638548.5778295994 1.88638 6.29730 0.71520 -0.37894 0.60118 0.57197 0.40969
1403638548.6778295040 1.86208 6.41839 0.72913 -0.38383 0.59559 0.57750 0.40552
1403638548.7778294086 1.83791 6.54548 0.74007 -0.38659 0.59165 0.58157 0.40284
1403638548.8778295517 1.81371 6.67249 0.75596 -0.38794 0.58944 0.58429 0.40083
1403638548.9778294563 1.79046 6.79590 0.77967 -0.38945 0.58830 0.58534 0.39951
1403638549.0778295994 1.76324 6.92682 0.80546 -0.38996 0.58802 0.58579 0.39876
1403638549.1778295040 1.73812 7.05406 0.83864 -0.39121 0.58792 0.58489 0.39902
1403638549.2778294086 1.71044 7.18682 0.87596 -0.39191 0.58879 0.58393 0.39845
1403638549.3778295517 1.68396 7.32169 0.91830 -0.39418 0.59028 0.58161 0.39740
1403638549.4778294563 1.65662 7.45710 0.95709 -0.39600 0.59173 0.57949 0.39650
1403638549.5778295994 1.62971 7.59752 0.99114 -0.39737 0.59180 0.57779 0.39753
1403638549.6778295040 1.60431 7.73524 1.01938 -0.39870 0.59129 0.57628 0.39914
1403638549.7778294086 1.57954 7.87682 1.04924 -0.39708 0.59147 0.57681 0.39972
1403638549.8778295517 1.55630 8.01519 1.08401 -0.39609 0.59297 0.57698 0.39823
1403638549.9778294563 1.53036 8.16544 1.12925 -0.39570 0.59386 0.57704 0.39720
1403638550.0778295994 1.50821 8.31177 1.18130 -0.39599 0.59420 0.57681 0.39675
1403638550.1778295040 1.48682 8.45959 1.24134 -0.39673 0.59465 0.57674 0.39543
1403638550.2778294086 1.46834 8.60987 1.30779 -0.39621 0.59420 0.57762 0.39533
1403638550.3778295517 1.44925 8.75974 1.37688 -0.39626 0.59318 0.57809 0.39615
1403638550.4778294563 1.43349 8.91182 1.43945 -0.39895 0.59376 0.57658 0.39477
1403638550.5778295994 1.41923 9.06165 1.49236 -0.40281 0.59439 0.57432 0.39320
1403638550.6778295040 1.40925 9.20759 1.53915 -0.40772 0.59274 0.57103 0.39541
1403638550.7778294086 1.40306 9.35149 1.58152 -0.41069 0.59195 0.56893 0.39654
1403638550.8778295517 1.40122 9.49504 1.61985 -0.41663 0.58816 0.56475 0.40192
1403638550.9778294563 1.40091 9.64202 1.65532 -0.42232 0.58398 0.56032 0.40823
1403638551.0778295994 1.40484 9.77112 1.68469 -0.42608 0.58146 0.55746 0.41183
1403638551.1778295040 1.41069 9.90129 1.71643 -0.43052 0.58190 0.55471 0.41029
1403638551.2778294086 1.42176 10.01978 1.75165 -0.43124 0.58362 0.55362 0.40857
1403638551.3778295517 1.43837 10.13375 1.79482 -0.42655 0.59130 0.55067 0.40644
1403638551.4778294563 1.46303 10.23143 1.82943 -0.41924 0.60385 0.54142 0.40800
1403638551.5778295994 1.49370 10.33390 1.86291 -0.41316 0.61901 0.52525 0.41260
1403638551.6778295040 1.53098 10.43370 1.88994 -0.40644 0.63608 0.50692 0.41623
1403638551.7778294086 1.57691 10.53392 1.91293 -0.39735 0.65031 0.48854 0.42489
1403638551.8778295517 1.63109 10.62942 1.93208 -0.38733 0.66097 0.47306 0.43511
1403638551.9778294563 1.69296 10.71716 1.95448 -0.37552 0.66436 0.46541 0.44835
1403638552.0778295994 1.76037 10.79300 1.98387 -0.36605 0.66587 0.46040 0.45897
1403638552.1778295040 1.83062 10.85810 2.01765 -0.36021 0.67075 0.45733 0.45954
1403638552.2778294086 1.90433 10.92064 2.05735 -0.35606 0.67472 0.45639 0.45791
1403638552.3778295517 1.98070 10.97741 2.09618 -0.35804 0.67577 0.45359 0.45760
1403638552.4778294563 2.06093 11.02988 2.12875 -0.36531 0.67214 0.44810 0.46258
1403638552.5778295994 2.14414 11.06699 2.15573 -0.37090 0.66844 0.44470 0.46677
1403638552.6778295040 2.23069 11.09744 2.17681 -0.37151 0.66612 0.44596 0.46839
1403638552.7778294086 2.32029 11.11834 2.19105 -0.37090 0.66545 0.44824 0.46764
1403638552.8778295517 2.41395 11.13841 2.20103 -0.36876 0.66405 0.45221 0.46751
1403638552.9778294563 2.51008 11.14454 2.20680 -0.36443 0.66165 0.45828 0.46840
1403638553.0778295994 2.60813 11.15242 2.20744 -0.36076 0.65935 0.46369 0.46916
1403638553.1778295040 2.70636 11.15018 2.20675 -0.36623 0.65549 0.46240 0.47158
1403638553.2778294086 2.80535 11.14696 2.20634 -0.37354 0.64977 0.45918 0.47689
1403638553.3778295517 2.90407 11.13035 2.21112 -0.37523 0.64454 0.46004 0.48181
1403638553.4778294563 3.00185 11.10469 2.22116 -0.37176 0.63903 0.46359 0.48838
1403638553.5778295994 3.09701 11.06820 2.23679 -0.36873 0.63470 0.46655 0.49349
1403638553.6778295040 3.19069 11.01960 2.25538 -0.36648 0.63376 0.46881 0.49423
1403638553.7778294086 3.28069 10.95987 2.28273 -0.36457 0.63426 0.47064 0.49326
1403638553.8778295517 3.36002 10.88845 2.31496 -0.36228 0.63606 0.47214 0.49119
1403638553.9778294563 3.44533 10.81632 2.35163 -0.36147 0.63917 0.47253 0.48736
1403638554.0778295994 3.51442 10.72899 2.37838 -0.35991 0.64245 0.47345 0.48329
1403638554.1778295040 3.59993 10.64974 2.40809 -0.35494 0.64541 0.47711 0.47940
1403638554.2778294086 3.66771 10.55627 2.42337 -0.34695 0.65123 0.48293 0.47148
1403638554.3778295517 3.75013 10.47407 2.44409 -0.34096 0.65450 0.48752 0.46658
1403638554.4778294563 3.82535 10.39081 2.46085 -0.33824 0.65594 0.48970 0.46426
1403638554.5778295994 3.89478 10.30700 2.47231 -0.33935 0.65682 0.48938 0.46254
1403638554.6778295040 3.95682 10.21845 2.48066 -0.34523 0.65908 0.48560 0.45894
1403638554.7778294086 4.02318 10.13533 2.49849 -0.35020 0.65971 0.48238 0.45766
1403638554.8778295517 4.08567 10.04850 2.51774 -0.35328 0.65985 0.48042 0.45715
1403638554.9778294563 4.15051 9.96256 2.53796 -0.35585 0.66056 0.47724 0.45747
1403638555.0778295994 4.22280 9.88262 2.55524 -0.35229 0.66375 0.47299 0.46001
1403638555.1778295040 4.28913 9.79311 2.56234 -0.34567 0.66985 0.46635 0.46296
1403638555.2778294086 4.36389 9.71208 2.56935 -0.33964 0.67609 0.45833 0.46636
1403638555.3778295517 4.43933 9.62659 2.56986 -0.33260 0.67930 0.45365 0.47131
1403638555.4778294563 4.51399 9.53993 2.56553 -0.32684 0.68141 0.45058 0.47522
1403638555.5778295994 4.58761 9.45361 2.56044 -0.32450 0.68276 0.44790 0.47741
1403638555.6778295040 4.66226 9.36588 2.56193 -0.32389 0.68451 0.44625 0.47687
1403638555.7778294086 4.73501 9.27713 2.57269 -0.32292 0.68570 0.44644 0.47563
1403638555.8778295517 4.80576 9.18528 2.59027 -0.32227 0.68568 0.44744 0.47516
1403638555.9778294563 4.87863 9.09990 2.61538 -0.32101 0.68437 0.44912 0.47632
1403638556.0778295994 4.95132 9.01333 2.64273 -0.31952 0.68445 0.45047 0.47593
1403638556.1778295040 5.02475 8.93359 2.66703 -0.31859 0.68879 0.45106 0.46969
1403638556.2778294086 5.09864 8.85068 2.68411 -0.31713 0.69203 0.45213 0.46488
1403638556.3778295517 5.17475 8.77822 2.69741 -0.31592 0.69412 0.45293 0.46178
1403638556.4778294563 5.25206 8.70111 2.70835 -0.31352 0.69718 0.45424 0.45751
1403638556.5778295994 5.33113 8.64199 2.71969 -0.31305 0.70012 0.45390 0.45366
1403638556.6778295040 5.41217 8.58961 2.73175 -0.32053 0.70267 0.44784 0.45050
1403638556.7778294086 5.49771 8.52704 2.75269 -0.32720 0.69948 0.44307 0.45537
1403638556.8778295517 5.58616 8.48039 2.77997 -0.33304 0.69798 0.43879 0.45757
1403638556.9778294563 5.67925 8.43637 2.81098 -0.33654 0.69652 0.43620 0.45971
1403638557.0778295994 5.77721 8.39314 2.83597 -0.33521 0.69500 0.43765 0.46160
1403638557.1778295040 5.87834 8.35073 2.85369 -0.33368 0.69336 0.43923 0.46367
1403638557.2778294086 5.98231 8.30781 2.86523 -0.33267 0.69225 0.44034 0.46500
1403638557.3778295517 6.08979 8.26407 2.87125 -0.33024 0.69100 0.44248 0.46656
1403638557.4778294563 6.19799 8.22093 2.87868 -0.32481 0.68795 0.44685 0.47069
1403638557.5778295994 6.30664 8.17697 2.89159 -0.32037 0.68553 0.44993 0.47430
1403638557.6778295040 6.41538 8.13305 2.90918 -0.31788 0.68438 0.45178 0.47590
1403638557.7778294086 6.52307 8.08998 2.93003 -0.31788 0.68407 0.45142 0.47667
1403638557.8778295517 6.62827 8.04684 2.94534 -0.31494 0.68406 0.45280 0.47733
1403638557.9778294563 6.73520 8.00314 2.95645 -0.31214 0.68529 0.45444 0.47585
1403638558.0778295994 6.84126 7.96087 2.96228 -0.31107 0.68905 0.45525 0.47031
1403638558.1778295040 6.94681 7.92124 2.96541 -0.30803 0.69488 0.45681 0.46215
1403638558.2778294086 7.05315 7.88704 2.97390 -0.30436 0.69902 0.45855 0.45659
1403638558.3778295517 7.16068 7.86097 2.99292 -0.29953 0.70036 0.46129 0.45496
1403638558.4778294563 7.26608 7.84189 3.01939 -0.29305 0.70403 0.46494 0.44977
1403638558.5778295994 7.37222 7.83242 3.05304 -0.29419 0.70661 0.46366 0.44628
1403638558.6778295040 7.48015 7.83298 3.09194 -0.30244 0.70740 0.45719 0.44620
1403638558.7778294086 7.59134 7.83841 3.13140 -0.31027 0.70712 0.45107 0.44749
1403638558.8778295517 7.70921 7.84984 3.16188 -0.31293 0.70584 0.44895 0.44979
1403638558.9778294563 7.83022 7.86555 3.18517 -0.31486 0.70101 0.44774 0.45714
1403638559.0778295994 7.95210 7.88405 3.19986 -0.31559 0.69652 0.44757 0.46362
1403638559.1778295040 8.07523 7.90543 3.20758 -0.31598 0.69308 0.44797 0.46810
1403638559.2778294086 8.19685 7.92848 3.20834 -0.31397 0.69023 0.45030 0.47142
1403638559.3778295517 8.31876 7.95189 3.20297 -0.31039 0.68791 0.45353 0.47407
1403638559.4778294563 8.44090 7.97673 3.19496 -0.30837 0.68554 0.45573 0.47670
1403638559.5778295994 8.55807 8.00231 3.18193 -0.30737 0.68334 0.45726 0.47904
1403638559.6778295040 8.67173 8.03030 3.16637 -0.30803 0.68228 0.45746 0.47995
1403638559.7778294086 8.77877 8.05768 3.15335 -0.30838 0.68141 0.45814 0.48030
1403638559.8778295517 8.88379 8.08936 3.14689 -0.30969 0.68219 0.45741 0.47904
1403638559.9778294563 8.98530 8.12035 3.14027 -0.30857 0.68577 0.45150 0.48026
1403638560.0778295994 9.08972 8.15556 3.13003 -0.30324 0.69370 0.43872 0.48410
1403638560.1778295040 9.19280 8.18936 3.11239 -0.29359 0.70350 0.42070 0.49183
1403638560.2778294086 9.29444 8.22397 3.08968 -0.28138 0.71441 0.39956 0.50080
1403638560.3778295517 9.39399 8.25736 3.06508 -0.27028 0.72233 0.37531 0.51413
1403638560.4778294563 9.48929 8.28833 3.03715 -0.25770 0.73046 0.35018 0.52667
1403638560.5778295994 9.57911 8.31386 3.00476 -0.24651 0.73980 0.32334 0.53608
1403638560.6778295040 9.66548 8.33518 2.96848 -0.23691 0.75042 0.29541 0.54174
1403638560.7778294086 9.74842 8.34966 2.93569 -0.22978 0.75931 0.26988 0.54572
1403638560.8778295517 9.82942 8.35618 2.91059 -0.21913 0.76586 0.24708 0.55172
1403638560.9778294563 9.91058 8.35633 2.89323 -0.20693 0.77023 0.22612 0.55928
1403638561.0778295994 9.98933 8.34887 2.88362 -0.19476 0.77285 0.20619 0.56768
1403638561.1778295040 10.06337 8.33245 2.88020 -0.18389 0.77428 0.18846 0.57547
1403638561.2778294086 10.13297 8.30882 2.88368 -0.17706 0.77459 0.17504 0.58140
1403638561.3778295517 10.19625 8.27734 2.88912 -0.16800 0.77921 0.17025 0.57933
1403638561.4778294563 10.25488 8.23953 2.89114 -0.15439 0.78506 0.17385 0.57413
1403638561.5778295994 10.31205 8.19856 2.88701 -0.14473 0.78849 0.17857 0.57049
1403638561.6778295040 10.36680 8.15643 2.87805 -0.14090 0.79012 0.18145 0.56827
1403638561.7778294086 10.42100 8.11342 2.86328 -0.14007 0.79023 0.18387 0.56754
1403638561.8778295517 10.46785 8.06618 2.84248 -0.13761 0.78958 0.18454 0.56884
1403638561.9778294563 10.52117 8.02110 2.81676 -0.13256 0.79054 0.18031 0.57006
1403638562.0778295994 10.56188 7.97119 2.79358 -0.12525 0.79234 0.17161 0.57189
1403638562.1778295040 10.60853 7.92305 2.77660 -0.11783 0.79421 0.16206 0.57366
1403638562.2778294086 10.65261 7.87582 2.76413 -0.11153 0.79525 0.15399 0.57569
1403638562.3778295517 10.69359 7.82790 2.75825 -0.10570 0.79619 0.14226 0.57851
1403638562.4778294563 10.73082 7.77830 2.75649 -0.09799 0.79860 0.12644 0.58022
1403638562.5778295994 10.76617 7.72888 2.76222 -0.08865 0.80104 0.10655 0.58234
1403638562.6778295040 10.79811 7.67770 2.77303 -0.08017 0.80403 0.08259 0.58334
1403638562.7778294086 10.82706 7.62477 2.78562 -0.07160 0.80582 0.05655 0.58508
1403638562.8778295517 10.85095 7.56809 2.79449 -0.05837 0.80722 0.03212 0.58648
1403638562.9778294563 10.87039 7.50776 2.79710 -0.04415 0.80814 0.00969 0.58725
1403638563.0778295994 10.88601 7.44400 2.79427 -0.03541 0.80824 -0.01415 0.58761
1403638563.1778295040 10.89536 7.37580 2.78800 -0.02377 0.80831 -0.03359 0.58732
1403638563.2778294086 10.90043 7.30274 2.77776 -0.01253 0.80537 -0.04712 0.59076
1403638563.3778295517 10.89903 7.22528 2.76274 -0.00624 0.79776 -0.05653 0.60029
1403638563.4778294563 10.89050 7.14403 2.74164 -0.00517 0.79182 -0.06327 0.60745
1403638563.5778295994 10.87509 7.05706 2.71968 0.00032 0.79246 -0.06277 0.60668
1403638563.6778295040 10.85231 6.96574 2.70309 0.00048 0.79604 -0.06270 0.60198
1403638563.7778294086 10.82384 6.86825 2.69306 -0.00256 0.79836 -0.06290 0.59888
1403638563.8778295517 10.78813 6.76579 2.69216 -0.00571 0.79801 -0.06196 0.59943
1403638563.9778294563 10.74986 6.65739 2.69610 -0.00929 0.79699 -0.06019 0.60092
1403638564.0778295994 10.70144 6.54407 2.69885 -0.01374 0.79767 -0.05791 0.60015
1403638564.1778295040 10.64729 6.42488 2.69644 -0.01549 0.79761 -0.05318 0.60063
1403638564.2778294086 10.59330 6.29695 2.69069 -0.01477 0.79601 -0.04757 0.60323
1403638564.3778295517 10.52655 6.16836 2.69155 -0.01488 0.79461 -0.04248 0.60545
1403638564.4778294563 10.45925 6.03306 2.69878 -0.01426 0.79336 -0.03811 0.60739
1403638564.5778295994 10.37650 5.89741 2.71071 -0.01696 0.79517 -0.03758 0.60498
1403638564.6778295040 10.29211 5.75765 2.72215 -0.02206 0.79696 -0.04039 0.60227
1403638564.7778294086 10.19494 5.61421 2.72639 -0.02578 0.79760 -0.04343 0.60106
1403638564.8778295517 10.09934 5.46404 2.72531 -0.02794 0.79717 -0.04587 0.60137
1403638564.9778294563 9.99460 5.30591 2.70242 -0.02978 0.79667 -0.04754 0.60181
1403638565.0778295994 9.88889 5.14106 2.66762 -0.03097 0.79708 -0.04822 0.60115
1403638565.1778295040 9.77945 4.97137 2.61721 -0.03139 0.79787 -0.04841 0.60007
1403638565.2778294086 9.66626 4.79741 2.56050 -0.02969 0.79885 -0.04759 0.59890
1403638565.3778295517 9.54985 4.61971 2.50093 -0.02687 0.79989 -0.04634 0.59776
1403638565.4778294563 9.43033 4.43696 2.44034 -0.02385 0.79921 -0.04539 0.59885
1403638565.5778295994 9.30918 4.25263 2.38596 -0.01719 0.79706 -0.04316 0.60211
1403638565.6778295040 9.18313 4.06557 2.34008 -0.00534 0.79670 -0.03720 0.60320
1403638565.7778294086 9.05514 3.88053 2.29902 0.00381 0.79936 -0.03285 0.59995
1403638565.8778295517 8.91896 3.69677 2.26590 0.01117 0.80148 -0.02961 0.59718
1403638565.9778294563 8.77821 3.51547 2.23618 0.01372 0.80327 -0.03023 0.59468
1403638566.0778295994 8.63482 3.33696 2.20060 0.01532 0.80426 -0.03065 0.59329
1403638566.1778295040 8.48957 3.16109 2.15604 0.01328 0.80440 -0.03209 0.59307
1403638566.2778294086 8.34220 2.98784 2.10261 0.01387 0.80396 -0.03127 0.59370
1403638566.3778295517 8.19499 2.81678 2.04020 0.01411 0.80490 -0.03019 0.59248
1403638566.4778294563 8.04772 2.64795 1.97163 0.01072 0.80510 -0.03085 0.59224
1403638566.5778295994 7.90213 2.48389 1.89696 0.01001 0.80820 -0.02899 0.58811
1403638566.6778295040 7.75633 2.32372 1.81491 0.00932 0.81746 -0.02705 0.57528
1403638566.7778294086 7.61536 2.16800 1.72779 0.00875 0.82911 -0.02509 0.55846
1403638566.8778295517 7.48218 2.01644 1.63766 0.00722 0.83710 -0.02374 0.54649
1403638566.9778294563 7.35807 1.86855 1.54544 0.00726 0.84098 -0.02079 0.54063
1403638567.0778295994 7.24289 1.72510 1.45534 0.00686 0.83281 -0.01933 0.55318
1403638567.1778295040 7.13538 1.58291 1.36254 0.00860 0.82038 -0.01724 0.57150
1403638567.2778294086 7.03112 1.44301 1.26533 0.01147 0.81165 -0.01543 0.58383
1403638567.3778295517 6.92610 1.30715 1.16314 0.01426 0.80971 -0.01476 0.58647
1403638567.4778294563 6.81934 1.17527 1.06495 0.01613 0.81051 -0.01557 0.58529
1403638567.5778295994 6.71038 1.04566 0.97291 0.01750 0.81406 -0.01719 0.58026
1403638567.6778295040 6.59821 0.91690 0.89060 0.02088 0.81732 -0.01764 0.57554
1403638567.7778294086 6.48997 0.79420 0.81819 0.02296 0.82058 -0.01815 0.57079
1403638567.8778295517 6.38850 0.67782 0.75466 0.02225 0.82401 -0.02038 0.56577
1403638567.9778294563 6.29760 0.56921 0.69845 0.02227 0.82495 -0.02141 0.56435
1403638568.0778295994 6.21304 0.46571 0.65137 0.02536 0.82477 -0.01969 0.56455
1403638568.1778295040 6.13301 0.36814 0.61444 0.02747 0.82404 -0.01849 0.56557
1403638568.2778294086 6.05577 0.27582 0.58495 0.02854 0.82390 -0.01884 0.56571
1403638568.3778295517 5.98259 0.18882 0.55641 0.02872 0.82437 -0.01925 0.56499
1403638568.4778294563 5.90738 0.10466 0.51924 0.02928 0.82521 -0.01919 0.56374
1403638568.5778295994 5.84461 0.02878 0.48464 0.03030 0.82658 -0.01860 0.56169
1403638568.6778295040 5.77887 -0.04612 0.44198 0.03170 0.82835 -0.01723 0.55904
1403638568.7778294086 5.72760 -0.10858 0.40888 0.03143 0.82970 -0.01730 0.55706
1403638568.8778295517 5.67975 -0.16423 0.38408 0.02955 0.82909 -0.01896 0.55801
1403638568.9778294563 5.63007 -0.22127 0.36164 0.03148 0.82852 -0.01728 0.55881
1403638569.0778295994 5.59213 -0.26848 0.35326 0.03306 0.82831 -0.01628 0.55906
1403638569.1778295040 5.55144 -0.31543 0.34607 0.03369 0.82911 -0.01625 0.55783
1403638569.2778294086 5.52103 -0.35211 0.34435 0.03586 0.83036 -0.01524 0.55587
1403638569.3778295517 5.48979 -0.38805 0.33300 0.03673 0.83026 -0.01499 0.55596
1403638569.4778294563 5.46978 -0.41677 0.31885 0.03728 0.82883 -0.01457 0.55807
1403638569.5778295994 5.44962 -0.44090 0.29994 0.03797 0.82755 -0.01422 0.55993
1403638569.6778295040 5.43540 -0.45791 0.28713 0.03704 0.82642 -0.01515 0.56162
1403638569.7778294086 5.42423 -0.46885 0.28069 0.03797 0.82558 -0.01452 0.56282
1403638569.8778295517 5.42278 -0.47357 0.27886 0.03900 0.82430 -0.01340 0.56465
1403638569.9778294563 5.41589 -0.47466 0.28206 0.03773 0.82277 -0.01424 0.56694
1403638570.0778295994 5.41412 -0.46871 0.28292 0.03539 0.82218 -0.01576 0.56791
1403638570.1778295040 5.41507 -0.45839 0.27773 0.03042 0.82236 -0.01853 0.56785
1403638570.2778294086 5.41779 -0.44550 0.26665 0.02280 0.82187 -0.02313 0.56874
1403638570.3778295517 5.42265 -0.43124 0.25114 0.01644 0.82167 -0.03042 0.56891
1403638570.4778294563 5.44184 -0.41911 0.22892 0.01207 0.82131 -0.04589 0.56851
1403638570.5778295994 5.44332 -0.41212 0.20150 0.00499 0.81886 -0.07292 0.56932
1403638570.6778295040 5.45266 -0.41229 0.17002 0.00566 0.81391 -0.10206 0.57192
1403638570.7778294086 5.45831 -0.42278 0.13621 0.01272 0.80302 -0.12965 0.58154
1403638570.8778295517 5.45782 -0.44396 0.10076 0.02511 0.79150 -0.15415 0.59088
1403638570.9778294563 5.44997 -0.47578 0.06228 0.04042 0.78347 -0.17556 0.59474
1403638571.0778295994 5.43375 -0.51812 0.01978 0.05722 0.78086 -0.19469 0.59084
1403638571.1778295040 5.40774 -0.56933 -0.02059 0.07872 0.78356 -0.20711 0.58047
1403638571.2778294086 5.37566 -0.62767 -0.05144 0.09891 0.78482 -0.21364 0.57327
1403638571.3778295517 5.33625 -0.69011 -0.07240 0.11153 0.78417 -0.21906 0.56978
1403638571.4778294563 5.29101 -0.75639 -0.08417 0.11745 0.78137 -0.22383 0.57059
1403638571.5778295994 5.24075 -0.82570 -0.09273 0.12434 0.77897 -0.22808 0.57073
1403638571.6778295040 5.18660 -0.89779 -0.10577 0.13059 0.77869 -0.23748 0.56585
1403638571.7778294086 5.12933 -0.97345 -0.12414 0.13874 0.77817 -0.25090 0.55879
1403638571.8778295517 5.07007 -1.05240 -0.14676 0.14614 0.77525 -0.26859 0.55271
1403638571.9778294563 5.00769 -1.13600 -0.16580 0.15390 0.76927 -0.28855 0.54889
1403638572.0778295994 4.94236 -1.22322 -0.17714 0.16308 0.76241 -0.30772 0.54539
1403638572.1778295040 4.87235 -1.31453 -0.17971 0.17888 0.75559 -0.32288 0.54114
1403638572.2778294086 4.79866 -1.40879 -0.17744 0.19311 0.75131 -0.33946 0.53198
1403638572.3778295517 4.72416 -1.50639 -0.17676 0.20636 0.74650 -0.35779 0.52167
1403638572.4778294563 4.65001 -1.60680 -0.17872 0.22047 0.74252 -0.37089 0.51235
1403638572.5778295994 4.57706 -1.71124 -0.18157 0.23148 0.73870 -0.37953 0.50666
1403638572.6778295040 4.50651 -1.81813 -0.18311 0.23744 0.73689 -0.38492 0.50245
1403638572.7778294086 4.43868 -1.93003 -0.17641 0.24534 0.73825 -0.38466 0.49682
1403638572.8778295517 4.37556 -2.04450 -0.16157 0.24903 0.74066 -0.38392 0.49195
1403638572.9778294563 4.31670 -2.16171 -0.14178 0.24970 0.74281 -0.38286 0.48918
1403638573.0778295994 4.26245 -2.28147 -0.12641 0.24906 0.74487 -0.38161 0.48735
1403638573.1778295040 4.21256 -2.40350 -0.11790 0.24731 0.74646 -0.38038 0.48676
1403638573.2778294086 4.16617 -2.52782 -0.11037 0.24569 0.74786 -0.37838 0.48700
1403638573.3778295517 4.12538 -2.65593 -0.10355 0.24493 0.74863 -0.37747 0.48690
1403638573.4778294563 4.09040 -2.78562 -0.09131 0.24805 0.74874 -0.37762 0.48503
1403638573.5778295994 4.06155 -2.91991 -0.07355 0.24978 0.74865 -0.37793 0.48405
1403638573.6778295040 4.03803 -3.05488 -0.04860 0.25269 0.74898 -0.37854 0.48154
1403638573.7778294086 4.01990 -3.19257 -0.01902 0.25956 0.74537 -0.38203 0.48074
1403638573.8778295517 4.00813 -3.33079 0.00959 0.27309 0.73508 -0.38777 0.48448
1403638573.9778294563 4.00139 -3.46833 0.03306 0.28472 0.71970 -0.40147 0.48968
1403638574.0778295994 3.99709 -3.60281 0.04952 0.29029 0.69953 -0.42324 0.49724
1403638574.1778295040 3.99319 -3.73236 0.05996 0.29611 0.67749 -0.44747 0.50309
1403638574.2778294086 3.98685 -3.85835 0.06610 0.30543 0.65899 -0.46992 0.50162
1403638574.3778295517 3.97315 -3.98037 0.06863 0.31792 0.64584 -0.48996 0.49170
1403638574.4778294563 3.95277 -4.10038 0.06792 0.33151 0.63438 -0.50809 0.47908
1403638574.5778295994 3.92776 -4.21715 0.07082 0.34201 0.62386 -0.52232 0.47013
1403638574.6778295040 3.89846 -4.33265 0.08228 0.35395 0.61757 -0.52943 0.46156
1403638574.7778294086 3.86840 -4.44926 0.09985 0.36483 0.61747 -0.53192 0.45020
1403638574.8778295517 3.83842 -4.56583 0.12123 0.36625 0.61967 -0.53624 0.44081
1403638574.9778294563 3.80729 -4.67888 0.13766 0.36489 0.62217 -0.53941 0.43450
1403638575.0778295994 3.77611 -4.78980 0.14617 0.35729 0.62093 -0.54473 0.43597
1403638575.1778295040 3.74309 -4.89972 0.14861 0.35137 0.61835 -0.54802 0.44029
1403638575.2778294086 3.70737 -5.01152 0.14894 0.34790 0.61708 -0.54886 0.44378
1403638575.3778295517 3.66837 -5.12439 0.14264 0.34477 0.62049 -0.54880 0.44152
1403638575.4778294563 3.62673 -5.23876 0.13415 0.34303 0.62599 -0.54709 0.43721
1403638575.5778295994 3.58214 -5.35662 0.12411 0.34224 0.63104 -0.54450 0.43380
1403638575.6778295040 3.53587 -5.47905 0.12125 0.34586 0.63737 -0.53913 0.42835
1403638575.7778294086 3.48990 -5.60317 0.12670 0.34703 0.64391 -0.53600 0.42149
1403638575.8778295517 3.44635 -5.73137 0.14201 0.34706 0.64813 -0.53384 0.41773
1403638575.9778294563 3.40686 -5.86346 0.16821 0.34659 0.64848 -0.53305 0.41858
1403638576.0778295994 3.37037 -6.00064 0.20156 0.34727 0.64908 -0.53163 0.41889
1403638576.1778295040 3.33643 -6.14522 0.24015 0.34809 0.64749 -0.53119 0.42121
1403638576.2778294086 3.30672 -6.29100 0.27509 0.35220 0.64797 -0.52862 0.42029
1403638576.3778295517 3.28070 -6.44088 0.30342 0.35686 0.64946 -0.52561 0.41783
1403638576.4778294563 3.25974 -6.59471 0.32645 0.36076 0.65204 -0.52305 0.41366
1403638576.5778295994 3.24543 -6.75167 0.34458 0.36541 0.65610 -0.52008 0.40684
1403638576.6778295040 3.23923 -6.90841 0.35801 0.36862 0.65754 -0.51786 0.40444
1403638576.7778294086 3.24181 -7.06838 0.36693 0.37349 0.65513 -0.51422 0.40853
1403638576.8778295517 3.25153 -7.22870 0.37071 0.37611 0.65011 -0.51253 0.41619
1403638576.9778294563 3.26809 -7.38959 0.36997 0.37399 0.64375 -0.51441 0.42556
1403638577.0778295994 3.29020 -7.54830 0.36873 0.36963 0.64002 -0.51787 0.43077
1403638577.1778295040 3.31597 -7.70524 0.37532 0.36673 0.63726 -0.52004 0.43470
1403638577.2778294086 3.34437 -7.85795 0.38754 0.36711 0.63780 -0.51979 0.43389
1403638577.3778295517 3.37506 -8.01164 0.40885 0.37381 0.64198 -0.51483 0.42787
1403638577.4778294563 3.40962 -8.16304 0.43548 0.37819 0.64443 -0.51154 0.42428
1403638577.5778295994 3.44934 -8.31387 0.45838 0.37523 0.64446 -0.51331 0.42473
1403638577.6778295040 3.49401 -8.46310 0.47578 0.37181 0.64347 -0.51543 0.42666
1403638577.7778294086 3.54216 -8.61074 0.48545 0.36903 0.64305 -0.51696 0.42786
1403638577.8778295517 3.59443 -8.75680 0.48984 0.36869 0.64326 -0.51668 0.42816
1403638577.9778294563 3.65016 -8.89985 0.49104 0.36946 0.64383 -0.51526 0.42837
1403638578.0778295994 3.71057 -9.04500 0.49916 0.36834 0.64309 -0.51521 0.43050
1403638578.1778295040 3.77525 -9.18620 0.51292 0.36364 0.64016 -0.51766 0.43587
1403638578.2778294086 3.84112 -9.32797 0.53237 0.35504 0.63541 -0.52323 0.44320
1403638578.3778295517 3.90640 -9.47036 0.55180 0.35292 0.63312 -0.52488 0.44621
1403638578.4778294563 3.96961 -9.61064 0.56505 0.35306 0.63275 -0.52529 0.44614
1403638578.5778295994 4.03055 -9.74822 0.57376 0.35304 0.63223 -0.52599 0.44608
1403638578.6778295040 4.08959 -9.88798 0.57800 0.35548 0.63210 -0.52483 0.44568
1403638578.7778294086 4.14634 -10.02128 0.57992 0.36083 0.63464 -0.52140 0.44179
1403638578.8778295517 4.20368 -10.15837 0.57746 0.36595 0.63742 -0.51771 0.43789
1403638578.9778294563 4.26458 -10.28697 0.57493 0.36842 0.63879 -0.51560 0.43633
1403638579.0778295994 4.32703 -10.42120 0.58065 0.36886 0.63948 -0.51456 0.43616
1403638579.1778295040 4.39265 -10.54565 0.59482 0.36940 0.63955 -0.51372 0.43660
1403638579.2778294086 4.46124 -10.67473 0.61459 0.36716 0.63862 -0.51480 0.43857
1403638579.3778295517 4.52912 -10.78899 0.63521 0.36138 0.63548 -0.51857 0.44346
1403638579.4778294563 4.59977 -10.91421 0.65285 0.35554 0.63131 -0.52250 0.44948
1403638579.5778295994 4.66736 -11.02697 0.66314 0.35421 0.62880 -0.51984 0.45708
1403638579.6778295040 4.73261 -11.13812 0.66869 0.35620 0.62936 -0.50771 0.46826
1403638579.7778294086 4.79805 -11.24751 0.66888 0.35452 0.63974 -0.48867 0.47566
1403638579.8778295517 4.86195 -11.34995 0.66158 0.34387 0.65964 -0.46735 0.47771
1403638579.9778294563 4.92452 -11.44526 0.64867 0.32669 0.67957 -0.44221 0.48570
1403638580.0778295994 4.98831 -11.53767 0.63510 0.31206 0.69388 -0.40769 0.50491
1403638580.1778295040 5.05362 -11.62314 0.61842 0.29197 0.70792 -0.37077 0.52548
1403638580.2778294086 5.11239 -11.69296 0.59647 0.26548 0.72465 -0.33590 0.53998
1403638580.3778295517 5.16815 -11.75733 0.56797 0.23513 0.74068 -0.30953 0.54800
1403638580.4778294563 5.21762 -11.81673 0.53431 0.20896 0.75217 -0.29298 0.55202
1403638580.5778295994 5.26308 -11.87416 0.49899 0.19140 0.75939 -0.27957 0.55546
1403638580.6778295040 5.30478 -11.92896 0.46412 0.17605 0.76940 -0.26484 0.55398
1403638580.7778294086 5.34301 -11.98321 0.43611 0.16567 0.77944 -0.24971 0.55016
1403638580.8778295517 5.37921 -12.03847 0.41672 0.16086 0.78631 -0.23869 0.54669
1403638580.9778294563 5.41692 -12.09415 0.40863 0.15488 0.78778 -0.23507 0.54787
1403638581.0778295994 5.45353 -12.14731 0.40998 0.15360 0.78881 -0.23314 0.54756
1403638581.1778295040 5.48711 -12.19995 0.41903 0.15612 0.78876 -0.23154 0.54761
1403638581.2778294086 5.51908 -12.24997 0.42918 0.16016 0.78887 -0.23122 0.54642
1403638581.3778295517 5.55231 -12.29283 0.44597 0.16348 0.78768 -0.23234 0.54668
1403638581.4778294563 5.58182 -12.33890 0.45732 0.16616 0.78559 -0.23402 0.54816
1403638581.5778295994 5.61039 -12.36623 0.49094 0.16931 0.78508 -0.23609 0.54703
1403638581.6778295040 5.64207 -12.40646 0.50881 0.17436 0.78099 -0.23607 0.55129
1403638581.7778294086 5.65994 -12.41179 0.54401 0.17659 0.77741 -0.23777 0.55491
1403638581.8778295517 5.68048 -12.41743 0.56618 0.17966 0.77431 -0.23784 0.55821
1403638581.9778294563 5.70979 -12.44463 0.57127 0.18345 0.76675 -0.23623 0.56801
1403638582.0778295994 5.73416 -12.45670 0.58166 0.18230 0.76853 -0.23799 0.56523
1403638582.1778295040 5.75861 -12.47102 0.59668 0.17837 0.77592 -0.24118 0.55494
1403638582.2778294086 5.78242 -12.48548 0.62031 0.17885 0.77892 -0.24116 0.55058
1403638582.3778295517 5.80960 -12.49807 0.65607 0.18135 0.77566 -0.23893 0.55532
1403638582.4778294563 5.83417 -12.50643 0.69900 0.18346 0.77447 -0.23735 0.55696
1403638582.5778295994 5.85828 -12.51051 0.75439 0.18450 0.77386 -0.23629 0.55791
1403638582.6778295040 5.88372 -12.51530 0.81412 0.18430 0.77494 -0.23651 0.55639
1403638582.7778294086 5.90630 -12.51074 0.88678 0.18257 0.77652 -0.23828 0.55400
1403638582.8778295517 5.92847 -12.50330 0.96013 0.18304 0.77784 -0.23883 0.55174
1403638582.9778294563 5.95007 -12.49162 1.02698 0.18192 0.78005 -0.24043 0.54828
1403638583.0778295994 5.97124 -12.47749 1.08599 0.18103 0.78257 -0.24211 0.54424
1403638583.1778295040 5.99360 -12.46173 1.13724 0.18102 0.78417 -0.24283 0.54161
1403638583.2778294086 6.01833 -12.44529 1.18247 0.17977 0.78477 -0.24412 0.54058
1403638583.3778295517 6.04497 -12.42751 1.21360 0.18022 0.78445 -0.24366 0.54110
1403638583.4778294563 6.07443 -12.40736 1.25209 0.18040 0.78514 -0.24376 0.53999
1403638583.5778295994 6.10513 -12.38716 1.29636 0.18053 0.78512 -0.24365 0.54003
1403638583.6778295040 6.13669 -12.36470 1.34810 0.18222 0.78541 -0.24242 0.53959
1403638583.7778294086 6.17003 -12.33983 1.40033 0.18194 0.78511 -0.24242 0.54012
1403638583.8778295517 6.20085 -12.30333 1.42002 0.18267 0.78428 -0.24195 0.54130
1403638583.9778294563 6.23911 -12.27509 1.45882 0.18307 0.78430 -0.24162 0.54128
1403638584.0778295994 6.27619 -12.24389 1.49088 0.18594 0.78086 -0.23942 0.54623
1403638584.1778295040 6.31377 -12.21037 1.49672 0.18994 0.77191 -0.23602 0.55890
1403638584.2778294086 6.34898 -12.16884 1.52090 0.19205 0.76288 -0.23379 0.57138
1403638584.3778295517 6.37501 -12.12100 1.50838 0.19365 0.76009 -0.23256 0.57504
1403638584.4778294563 6.38727 -12.06260 1.48901 0.19443 0.76000 -0.23186 0.57519
1403638584.5778295994 6.40657 -12.00394 1.49462 0.19408 0.76020 -0.23193 0.57501
1403638584.6778295040 6.42151 -11.93931 1.50663 0.19180 0.76202 -0.23325 0.57283
1403638584.7778294086 6.41164 -11.86600 1.49037 0.18814 0.76885 -0.23539 0.56397
1403638584.8778295517 6.42202 -11.79065 1.51783 0.18189 0.77655 -0.23993 0.55346
1403638584.9778294563 6.41021 -11.71215 1.50655 0.17998 0.78015 -0.24180 0.54819
1403638585.0778295994 6.40326 -11.63184 1.49537 0.17962 0.78142 -0.24241 0.54623
1403638585.1778295040 6.41292 -11.55381 1.50423 0.17722 0.78128 -0.24403 0.54649
1403638585.2778294086 6.38688 -11.48079 1.46645 0.17816 0.77942 -0.24318 0.54921
1403638585.3778295517 6.39076 -11.40335 1.45828 0.17869 0.77735 -0.24249 0.55226
1403638585.4778294563 6.37595 -11.33168 1.44155 0.17846 0.77765 -0.24259 0.55188
1403638585.5778295994 6.38324 -11.25347 1.43974 0.17762 0.77950 -0.24273 0.54947
1403638585.6778295040 6.37374 -11.18027 1.44249 0.17739 0.78210 -0.24261 0.54589
1403638585.7778294086 6.38171 -11.10079 1.45646 0.17428 0.78716 -0.24472 0.53863
1403638585.8778295517 6.37727 -11.02618 1.48047 0.17171 0.79105 -0.24652 0.53290
1403638585.9778294563 6.37959 -10.95310 1.51366 0.16984 0.79101 -0.24847 0.53265
1403638586.0778295994 6.38599 -10.87997 1.54872 0.17171 0.78689 -0.24779 0.53844
1403638586.1778295040 6.40554 -10.80770 1.57443 0.17354 0.78410 -0.24733 0.54213
1403638586.2778294086 6.41214 -10.73426 1.59683 0.17574 0.78153 -0.24615 0.54565
1403638586.3778295517 6.43209 -10.66444 1.61269 0.18153 0.77846 -0.24256 0.54973
1403638586.4778294563 6.43449 -10.58413 1.62416 0.18953 0.77676 -0.23756 0.55162
1403638586.5778295994 6.45282 -10.50991 1.62881 0.19175 0.77605 -0.23640 0.55235
1403638586.6778295040 6.45026 -10.41986 1.62562 0.18884 0.77692 -0.23854 0.55122
1403638586.7778294086 6.46750 -10.34207 1.61709 0.18475 0.77660 -0.24126 0.55186
1403638586.8778295517 6.46392 -10.25304 1.60219 0.18247 0.77549 -0.24212 0.55380
1403638586.9778294563 6.47768 -10.17137 1.58285 0.18269 0.77524 -0.24184 0.55420
1403638587.0778295994 6.47087 -10.08331 1.56267 0.18182 0.77504 -0.24227 0.55458
1403638587.1778295040 6.48173 -9.99744 1.54611 0.18138 0.77625 -0.24222 0.55305
1403638587.2778294086 6.47780 -9.90437 1.53935 0.18059 0.77792 -0.24230 0.55093
1403638587.3778295517 6.48518 -9.81554 1.53686 0.17999 0.77952 -0.24262 0.54871
1403638587.4778294563 6.48298 -9.72227 1.53875 0.17813 0.77958 -0.24436 0.54847
1403638587.5778295994 6.49072 -9.62979 1.53834 0.17733 0.77964 -0.24534 0.54820
1403638587.6778295040 6.49113 -9.53867 1.53249 0.17708 0.77919 -0.24587 0.54868
1403638587.7778294086 6.49795 -9.44778 1.52070 0.17702 0.77882 -0.24627 0.54904
1403638587.8778295517 6.50186 -9.35984 1.50478 0.17615 0.77841 -0.24713 0.54952
1403638587.9778294563 6.50941 -9.27016 1.48428 0.17595 0.77802 -0.24762 0.54992
1403638588.0778295994 6.51288 -9.18447 1.46040 0.17701 0.77753 -0.24646 0.55080
1403638588.1778295040 6.51793 -9.09710 1.43232 0.18363 0.77831 -0.24204 0.54948
1403638588.2778294086 6.51887 -9.00986 1.40505 0.18639 0.77906 -0.23956 0.54858
1403638588.3778295517 6.52496 -8.91798 1.38430 0.18704 0.77942 -0.23884 0.54816
1403638588.4778294563 6.52891 -8.82537 1.37126 0.18528 0.77933 -0.23982 0.54845
1403638588.5778295994 6.53465 -8.72802 1.36622 0.18285 0.77863 -0.24146 0.54955
1403638588.6778295040 6.53223 -8.62779 1.36889 0.18044 0.77781 -0.24273 0.55094
1403638588.7778294086 6.53538 -8.52637 1.37770 0.17889 0.77632 -0.24412 0.55293
1403638588.8778295517 6.53208 -8.42578 1.38331 0.17638 0.77572 -0.24637 0.55357
1403638588.9778294563 6.53238 -8.32664 1.38149 0.17664 0.77565 -0.24664 0.55347
1403638589.0778295994 6.52860 -8.23146 1.37379 0.17705 0.77585 -0.24688 0.55296
1403638589.1778295040 6.52883 -8.13133 1.35768 0.17866 0.77560 -0.24618 0.55309
1403638589.2778294086 6.52514 -8.03451 1.34115 0.17833 0.77455 -0.24628 0.55463
1403638589.3778295517 6.52129 -7.93334 1.32049 0.17852 0.77435 -0.24608 0.55494
1403638589.4778294563 6.51641 -7.83694 1.30802 0.17815 0.77517 -0.24668 0.55364
1403638589.5778295994 6.50942 -7.73536 1.29854 0.17748 0.77514 -0.24707 0.55374
1403638589.6778295040 6.50618 -7.64207 1.30161 0.17705 0.77570 -0.24711 0.55307
1403638589.7778294086 6.49870 -7.54278 1.30787 0.17743 0.77724 -0.24748 0.55060
1403638589.8778295517 6.49127 -7.45421 1.31991 0.17737 0.77777 -0.24846 0.54944
1403638589.9778294563 6.48305 -7.35525 1.31882 0.17775 0.77776 -0.24891 0.54912
1403638590.0778295994 6.47314 -7.26566 1.32065 0.17728 0.77772 -0.24971 0.54897
1403638590.1778295040 6.46405 -7.16717 1.31112 0.17789 0.77666 -0.25002 0.55014
1403638590.2778294086 6.45554 -7.08333 1.30503 0.17747 0.77592 -0.25059 0.55104
1403638590.3778295517 6.44615 -6.98726 1.28779 0.17771 0.77623 -0.25103 0.55033
1403638590.4778294563 6.43575 -6.88996 1.27163 0.17779 0.77681 -0.25128 0.54938
1403638590.5778295994 6.42450 -6.79528 1.25363 0.17676 0.77789 -0.25195 0.54787
1403638590.6778295040 6.41298 -6.69727 1.24449 0.17489 0.77959 -0.25295 0.54560
1403638590.7778294086 6.40272 -6.60551 1.24349 0.17414 0.78041 -0.25340 0.54445
1403638590.8778295517 6.39127 -6.51420 1.24989 0.17434 0.78126 -0.25337 0.54319
1403638590.9778294563 6.38242 -6.42317 1.26290 0.17307 0.78186 -0.25427 0.54230
1403638591.0778295994 6.36867 -6.33430 1.27948 0.17166 0.78276 -0.25564 0.54081
1403638591.1778295040 6.36112 -6.24534 1.29010 0.17080 0.78697 -0.25680 0.53438
1403638591.2778294086 6.34960 -6.15177 1.29145 0.16838 0.79282 -0.25894 0.52538
1403638591.3778295517 6.34442 -6.06763 1.28856 0.16511 0.79714 -0.26145 0.51861
1403638591.4778294563 6.34633 -5.99323 1.28123 0.16243 0.79988 -0.26356 0.51414
1403638591.5778295994 6.35474 -5.92503 1.26798 0.15973 0.80263 -0.26584 0.50951
1403638591.6778295040 6.36938 -5.86478 1.25093 0.15837 0.80291 -0.26695 0.50891
1403638591.7778294086 6.39093 -5.81394 1.23422 0.16006 0.80105 -0.26592 0.51185
1403638591.8778295517 6.42092 -5.77259 1.21890 0.16098 0.79873 -0.26509 0.51561
1403638591.9778294563 6.45642 -5.73977 1.21126 0.16167 0.79609 -0.26437 0.51982
1403638592.0778295994 6.49589 -5.71326 1.21239 0.16207 0.79351 -0.26333 0.52415
1403638592.1778295040 6.54172 -5.69153 1.22267 0.16006 0.79066 -0.26151 0.52996
1403638592.2778294086 6.58921 -5.68260 1.24540 0.15488 0.78515 -0.25621 0.54213
1403638592.3778295517 6.63636 -5.67371 1.27798 0.14578 0.78252 -0.24737 0.55246
1403638592.4778294563 6.68218 -5.66284 1.31777 0.13400 0.78492 -0.23354 0.55804
1403638592.5778295994 6.72491 -5.65603 1.36293 0.12625 0.79218 -0.21931 0.55535
1403638592.6778295040 6.76537 -5.65269 1.41329 0.11973 0.79955 -0.20803 0.55055
1403638592.7778294086 6.80488 -5.65450 1.46237 0.11463 0.80656 -0.20045 0.54419
1403638592.8778295517 6.84462 -5.66047 1.50628 0.11056 0.81156 -0.19582 0.53926
1403638592.9778294563 6.88649 -5.66941 1.54550 0.10987 0.81406 -0.19210 0.53696
1403638593.0778295994 6.93335 -5.68417 1.57781 0.10883 0.81481 -0.19077 0.53651
1403638593.1778295040 6.98313 -5.70243 1.61303 0.10887 0.81313 -0.18982 0.53938
1403638593.2778294086 7.03863 -5.72568 1.65214 0.11557 0.80984 -0.18603 0.54424
1403638593.3778295517 7.09498 -5.75093 1.69914 0.12448 0.80645 -0.18086 0.54902
1403638593.4778294563 7.15130 -5.77568 1.74334 0.13258 0.80184 -0.17685 0.55516
1403638593.5778295994 7.20918 -5.79816 1.78088 0.13709 0.79901 -0.17550 0.55856
1403638593.6778295040 7.26848 -5.81679 1.81220 0.13975 0.79781 -0.17514 0.55973
1403638593.7778294086 7.32700 -5.83146 1.83788 0.14099 0.79450 -0.17544 0.56402
1403638593.8778295517 7.38517 -5.84218 1.86237 0.13660 0.78407 -0.17556 0.57944
1403638593.9778294563 7.43740 -5.84635 1.89274 0.13000 0.78066 -0.17248 0.58645
1403638594.0778295994 7.48233 -5.84719 1.92558 0.12179 0.78621 -0.17044 0.58137
1403638594.1778295040 7.52243 -5.84623 1.96308 0.11970 0.79229 -0.16582 0.57484
1403638594.2778294086 7.55998 -5.84366 1.99965 0.12015 0.79469 -0.16108 0.57278
1403638594.3778295517 7.59262 -5.83891 2.03109 0.12261 0.79370 -0.15618 0.57499
1403638594.4778294563 7.61914 -5.82977 2.06839 0.12632 0.79235 -0.15076 0.57749
1403638594.5778295994 7.64405 -5.81656 2.10850 0.12072 0.79265 -0.15266 0.57778
1403638594.6778295040 7.66016 -5.79891 2.15763 0.11506 0.79325 -0.15587 0.57725
1403638594.7778294086 7.67865 -5.78156 2.19979 0.11293 0.79399 -0.15789 0.57611
1403638594.8778295517 7.68489 -5.76115 2.23930 0.11161 0.79405 -0.15957 0.57582
1403638594.9778294563 7.69751 -5.74145 2.26755 0.11273 0.79589 -0.16006 0.57291
1403638595.0778295994 7.70649 -5.72025 2.29016 0.11138 0.79708 -0.16185 0.57101
1403638595.1778295040 7.71376 -5.69881 2.30665 0.11123 0.79758 -0.16307 0.57001
1403638595.2778294086 7.71919 -5.67710 2.31716 0.11177 0.79801 -0.16334 0.56921
1403638595.3778295517 7.71146 -5.64884 2.32937 0.11160 0.79766 -0.16409 0.56952
1403638595.4778294563 7.71430 -5.62703 2.32768 0.11168 0.79800 -0.16430 0.56897
1403638595.5778295994 7.71425 -5.60462 2.32493 0.11172 0.79879 -0.16398 0.56794
1403638595.6778295040 7.71238 -5.58165 2.32716 0.11409 0.79884 -0.16231 0.56789
1403638595.7778294086 7.70915 -5.55647 2.33418 0.11837 0.79979 -0.15935 0.56650
1403638595.8778295517 7.70640 -5.52964 2.33877 0.11966 0.80018 -0.15870 0.56586
1403638595.9778294563 7.70342 -5.50194 2.32985 0.12205 0.79989 -0.15726 0.56617
1403638596.0778295994 7.69087 -5.46846 2.31448 0.12954 0.80057 -0.15239 0.56488
1403638596.1778295040 7.68921 -5.43565 2.29325 0.14083 0.80197 -0.14449 0.56226
1403638596.2778294086 7.68723 -5.39431 2.27910 0.15259 0.80363 -0.13581 0.55897
1403638596.3778295517 7.68148 -5.34073 2.27690 0.16198 0.80373 -0.12824 0.55797
1403638596.4778294563 7.68414 -5.28009 2.27924 0.16750 0.80338 -0.12342 0.55794
1403638596.5778295994 7.68844 -5.20528 2.29315 0.17434 0.80409 -0.11792 0.55600
1403638596.6778295040 7.69950 -5.11763 2.31271 0.18197 0.80432 -0.11189 0.55447
1403638596.7778294086 7.71608 -5.01341 2.33955 0.18590 0.80440 -0.10851 0.55373
1403638596.8778295517 7.73820 -4.89116 2.37507 0.18954 0.80372 -0.10559 0.55404
1403638596.9778294563 7.76313 -4.75340 2.41061 0.19132 0.80244 -0.10469 0.55545
1403638597.0778295994 7.79366 -4.59925 2.44312 0.19413 0.80157 -0.10360 0.55593
1403638597.1778295040 7.82744 -4.43225 2.47064 0.19646 0.79978 -0.10333 0.55774
1403638597.2778294086 7.86448 -4.24512 2.49129 0.19399 0.79716 -0.10639 0.56176
1403638597.3778295517 7.90379 -4.04542 2.50435 0.18918 0.79549 -0.11129 0.56482
1403638597.4778294563 7.94402 -3.83150 2.51534 0.18048 0.79233 -0.11830 0.57066
1403638597.5778295994 7.98334 -3.60512 2.52136 0.16765 0.78783 -0.12780 0.57869
1403638597.6778295040 8.02001 -3.37029 2.52267 0.16320 0.78557 -0.13183 0.58212
1403638597.7778294086 8.05322 -3.12683 2.51869 0.16739 0.78734 -0.12669 0.57968
1403638597.8778295517 8.08398 -2.87507 2.51016 0.17159 0.78987 -0.11530 0.57737
1403638597.9778294563 8.11193 -2.61474 2.49832 0.17270 0.79146 -0.10610 0.57664
1403638598.0778295994 8.14074 -2.34329 2.49080 0.16580 0.79165 -0.10356 0.57885
1403638598.1778295040 8.16693 -2.06091 2.48908 0.14413 0.79326 -0.11274 0.58074
1403638598.2778294086 8.19012 -1.77248 2.49187 0.12664 0.79525 -0.12118 0.58039
1403638598.3778295517 8.21229 -1.48314 2.49255 0.11572 0.79709 -0.12649 0.57902
1403638598.4778294563 8.23379 -1.19525 2.48694 0.11150 0.79938 -0.12826 0.57629
1403638598.5778295994 8.25279 -0.90845 2.47312 0.10657 0.80135 -0.12627 0.57493
1403638598.6778295040 8.27002 -0.62456 2.45397 0.10221 0.80360 -0.11771 0.57439
1403638598.7778294086 8.28595 -0.34310 2.43655 0.09378 0.80573 -0.10687 0.57496
1403638598.8778295517 8.29988 -0.06387 2.42637 0.08453 0.80670 -0.09244 0.57754
1403638598.9778294563 8.31057 0.21285 2.41968 0.07462 0.80911 -0.07604 0.57792
1403638599.0778295994 8.32008 0.48907 2.41682 0.06257 0.81045 -0.05936 0.57943
1403638599.1778295040 8.32746 0.76366 2.41882 0.05062 0.81168 -0.04170 0.58040
1403638599.2778294086 8.33190 1.03442 2.42445 0.03971 0.81355 -0.02267 0.57970
1403638599.3778295517 8.33437 1.30255 2.43705 0.02729 0.81667 -0.00534 0.57644
1403638599.4778294563 8.33456 1.56868 2.45478 0.01827 0.81874 0.00805 0.57382
1403638599.5778295994 8.33399 1.83360 2.47149 0.01280 0.82099 0.01663 0.57056
1403638599.6778295040 8.33266 2.09743 2.48037 0.00918 0.82242 0.02131 0.56840
1403638599.7778294086 8.33229 2.35985 2.48110 0.00790 0.82253 0.02244 0.56822
1403638599.8778295517 8.33501 2.61945 2.47567 0.00593 0.82386 0.02007 0.56641
1403638599.9778294563 8.33945 2.87908 2.46617 0.00212 0.82409 0.01452 0.56626
1403638600.0778295994 8.34828 3.13552 2.45256 -0.00429 0.82530 0.00679 0.56464
1403638600.1778295040 8.36046 3.38520 2.43545 -0.01639 0.82711 -0.00488 0.56178
1403638600.2778294086 8.37438 3.62856 2.41261 -0.02633 0.82929 -0.01548 0.55798
1403638600.3778295517 8.39248 3.86121 2.38850 -0.03389 0.83077 -0.02401 0.55506
1403638600.4778294563 8.41519 4.07976 2.37126 -0.04008 0.83198 -0.03044 0.55252
1403638600.5778295994 8.44375 4.28263 2.36506 -0.03802 0.83255 -0.03105 0.55178
1403638600.6778295040 8.47642 4.47120 2.36654 -0.04083 0.83405 -0.03400 0.54912
1403638600.7778294086 8.51468 4.64634 2.37504 -0.04046 0.83777 -0.03378 0.54348
1403638600.8778295517 8.56050 4.80571 2.38879 -0.02944 0.84151 -0.02491 0.53886
1403638600.9778294563 8.61205 4.95450 2.39929 -0.01262 0.84353 -0.01140 0.53682
1403638601.0778295994 8.67070 5.09478 2.40464 -0.00344 0.84387 -0.00338 0.53652
1403638601.1778295040 8.73694 5.22964 2.40545 0.00445 0.84244 0.00302 0.53877
1403638601.2778294086 8.81077 5.36403 2.40245 0.01381 0.83596 0.01046 0.54852
1403638601.3778295517 8.89024 5.49961 2.39806 0.01103 0.83085 0.01422 0.55620
1403638601.4778294563 8.97315 5.63930 2.39715 -0.00206 0.82640 0.01880 0.56277
1403638601.5778295994 9.05637 5.77793 2.40463 -0.01289 0.82149 0.03304 0.56912
1403638601.6778295040 9.14007 5.91711 2.41731 -0.02404 0.81876 0.05308 0.57117
1403638601.7778294086 9.22197 6.05631 2.43699 -0.03658 0.81571 0.07852 0.57194
1403638601.8778295517 9.30127 6.19544 2.46541 -0.05039 0.81050 0.10752 0.57357
1403638601.9778294563 9.37700 6.33794 2.49526 -0.06512 0.80721 0.13089 0.57188
1403638602.0778295994 9.45011 6.48116 2.51925 -0.07655 0.80546 0.14779 0.56879
1403638602.1778295040 9.51908 6.62546 2.53707 -0.08244 0.80067 0.16338 0.57047
1403638602.2778294086 9.58320 6.77028 2.55067 -0.09004 0.79355 0.18077 0.57401
1403638602.3778295517 9.64251 6.91890 2.56445 -0.11257 0.78243 0.19322 0.58121
1403638602.4778294563 9.69398 7.06834 2.58863 -0.14760 0.76038 0.19948 0.60021
1403638602.5778295994 9.73375 7.21052 2.62031 -0.18290 0.73873 0.20425 0.61572
1403638602.6778295040 9.76063 7.33923 2.65704 -0.20355 0.72841 0.21755 0.61697
1403638602.7778294086 9.77127 7.45196 2.69832 -0.21446 0.72402 0.23712 0.61121
1403638602.8778295517 9.76394 7.54606 2.74381 -0.22546 0.72058 0.25667 0.60337
1403638602.9778294563 9.74167 7.62476 2.79174 -0.24492 0.72069 0.27200 0.58875
1403638603.0778295994 9.71166 7.69205 2.83653 -0.26359 0.71570 0.28658 0.57981
1403638603.1778295040 9.67648 7.74584 2.87484 -0.27569 0.70836 0.30080 0.57596
1403638603.2778294086 9.63466 7.78465 2.90108 -0.27377 0.71570 0.31792 0.55834
1403638603.3778295517 9.58801 7.81189 2.91792 -0.26682 0.72841 0.33237 0.53643
1403638603.4778294563 9.53962 7.83309 2.93020 -0.26325 0.73675 0.33960 0.52208
1403638603.5778295994 9.49269 7.85243 2.93987 -0.26459 0.73454 0.34391 0.52170
1403638603.6778295040 9.44416 7.86925 2.94534 -0.26685 0.72675 0.34635 0.52978
1403638603.7778294086 9.39662 7.87874 2.94214 -0.26075 0.71800 0.35268 0.54046
1403638603.8778295517 9.34188 7.88402 2.93391 -0.25429 0.71024 0.35767 0.55043
1403638603.9778294563 9.28064 7.88765 2.91957 -0.24942 0.70339 0.36049 0.55953
1403638604.0778295994 9.21272 7.88683 2.89836 -0.24354 0.69987 0.36320 0.56476
1403638604.1778295040 9.13291 7.88778 2.88099 -0.24238 0.69928 0.36404 0.56546
1403638604.2778294086 9.04370 7.87980 2.87171 -0.24869 0.70330 0.36029 0.56010
1403638604.3778295517 8.94241 7.87069 2.86768 -0.25388 0.71108 0.35718 0.54985
1403638604.4778294563 8.83532 7.85618 2.87097 -0.25151 0.71899 0.35878 0.53951
1403638604.5778295994 8.72580 7.83907 2.87998 -0.24938 0.72370 0.36007 0.53331
1403638604.6778295040 8.61384 7.82029 2.88476 -0.25189 0.72702 0.35845 0.52869
1403638604.7778294086 8.50106 7.80004 2.88424 -0.25588 0.72910 0.35570 0.52575
1403638604.8778295517 8.38995 7.77764 2.88353 -0.25677 0.73238 0.35499 0.52122
1403638604.9778294563 8.27848 7.75236 2.88596 -0.25413 0.73843 0.35674 0.51271
1403638605.0778295994 8.16774 7.72440 2.89680 -0.25140 0.74490 0.35871 0.50324
1403638605.1778295040 8.06337 7.69768 2.91664 -0.24879 0.74886 0.36076 0.49715
1403638605.2778294086 7.96664 7.67749 2.93809 -0.24492 0.74967 0.36352 0.49584
1403638605.3778295517 7.87277 7.66230 2.95365 -0.23890 0.74494 0.36780 0.50271
1403638605.4778294563 7.78233 7.65339 2.96596 -0.23177 0.73482 0.37326 0.51672
1403638605.5778295994 7.68797 7.64703 2.96902 -0.22634 0.72642 0.37741 0.52788
1403638605.6778295040 7.59112 7.64502 2.96706 -0.22190 0.72061 0.38064 0.53535
1403638605.7778294086 7.48861 7.64822 2.96856 -0.22034 0.71968 0.38174 0.53645
1403638605.8778295517 7.38072 7.65681 2.98266 -0.21755 0.71962 0.38338 0.53650
1403638605.9778294563 7.26661 7.67415 2.99916 -0.21348 0.71889 0.38527 0.53776
1403638606.0778295994 7.14544 7.69489 3.01724 -0.21087 0.71903 0.38600 0.53809
1403638606.1778295040 7.01703 7.72292 3.02394 -0.20740 0.71882 0.38753 0.53861
1403638606.2778294086 6.88240 7.75556 3.02855 -0.20526 0.72004 0.38789 0.53754
1403638606.3778295517 6.73848 7.79586 3.02011 -0.21069 0.72865 0.38313 0.52715
1403638606.4778294563 6.59059 7.84103 3.00724 -0.21868 0.73898 0.37653 0.51412
1403638606.5778295994 6.44151 7.89149 2.98901 -0.22550 0.74764 0.37192 0.50185
1403638606.6778295040 6.29731 7.94856 2.96750 -0.23089 0.75082 0.37404 0.49301
1403638606.7778294086 6.15708 8.01204 2.94245 -0.23565 0.75068 0.38323 0.48382
1403638606.8778295517 6.02101 8.08215 2.91570 -0.24414 0.74695 0.39588 0.47513
1403638606.9778294563 5.88907 8.16110 2.89386 -0.25500 0.73959 0.41129 0.46778
1403638607.0778295994 5.76906 8.24673 2.88209 -0.26898 0.73073 0.42564 0.46099
1403638607.1778295040 5.65658 8.33996 2.87784 -0.28542 0.72096 0.43260 0.46001
1403638607.2778294086 5.54924 8.43779 2.87321 -0.29929 0.70738 0.43686 0.46818
1403638607.3778295517 5.44601 8.53697 2.85967 -0.31208 0.69891 0.43683 0.47255
1403638607.4778294563 5.34760 8.63602 2.83666 -0.31794 0.69579 0.43795 0.47222
1403638607.5778295994 5.25394 8.73223 2.80596 -0.31994 0.69473 0.43925 0.47122
1403638607.6778295040 5.16568 8.82538 2.77227 -0.32163 0.69301 0.43922 0.47264
1403638607.7778294086 5.08322 8.91710 2.73579 -0.32011 0.69154 0.43964 0.47541
1403638607.8778295517 5.00268 9.00701 2.69544 -0.32125 0.69379 0.43756 0.47328
1403638607.9778294563 4.92865 9.09414 2.65177 -0.32341 0.69825 0.43423 0.46830
1403638608.0778295994 4.85999 9.18095 2.60353 -0.32417 0.69704 0.43167 0.47193
1403638608.1778295040 4.79520 9.26436 2.55051 -0.32037 0.69403 0.43200 0.47860
1403638608.2778294086 4.73491 9.34286 2.49329 -0.31913 0.68947 0.43128 0.48661
1403638608.3778295517 4.67699 9.41794 2.43152 -0.31949 0.68371 0.43000 0.49555
1403638608.4778294563 4.61825 9.48847 2.36448 -0.31962 0.68361 0.42962 0.49593
1403638608.5778295994 4.56209 9.55325 2.29279 -0.31783 0.68514 0.43032 0.49436
1403638608.6778295040 4.50479 9.61343 2.22372 -0.32338 0.68242 0.42637 0.49794
1403638608.7778294086 4.44733 9.66649 2.15942 -0.32387 0.68256 0.42607 0.49768
1403638608.8778295517 4.39005 9.71314 2.09929 -0.32256 0.68598 0.42740 0.49266
1403638608.9778294563 4.33380 9.75315 2.04791 -0.32163 0.69004 0.42833 0.48675
1403638609.0778295994 4.27935 9.79012 2.00301 -0.32101 0.69278 0.42885 0.48280
1403638609.1778295040 4.22586 9.82241 1.96446 -0.32291 0.69324 0.42746 0.48210
1403638609.2778294086 4.17621 9.85033 1.92585 -0.33088 0.69339 0.42173 0.48152
1403638609.3778295517 4.13092 9.87504 1.87912 -0.32974 0.69361 0.42223 0.48155
1403638609.4778294563 4.08942 9.89536 1.82660 -0.32609 0.69365 0.42437 0.48210
1403638609.5778295994 4.05103 9.91037 1.76695 -0.32266 0.69361 0.42635 0.48272
1403638609.6778295040 4.01533 9.92760 1.70337 -0.32062 0.69261 0.42786 0.48418
1403638609.7778294086 3.98238 9.93761 1.63823 -0.31942 0.69271 0.42861 0.48417
1403638609.8778295517 3.95150 9.95155 1.58111 -0.31988 0.69293 0.42834 0.48379
1403638609.9778294563 3.92332 9.95671 1.53100 -0.32081 0.69246 0.42751 0.48458
1403638610.0778295994 3.89985 9.96223 1.49149 -0.32419 0.69024 0.42500 0.48769
1403638610.1778295040 3.87715 9.96212 1.45408 -0.32532 0.68717 0.42412 0.49202
1403638610.2778294086 3.85540 9.95747 1.41274 -0.32773 0.68591 0.42211 0.49391
1403638610.3778295517 3.83500 9.94746 1.36461 -0.32860 0.68554 0.42146 0.49440
1403638610.4778294563 3.81773 9.93169 1.31431 -0.32880 0.68390 0.42103 0.49689
1403638610.5778295994 3.79896 9.91121 1.25716 -0.33169 0.67870 0.41879 0.50395
1403638610.6778295040 3.77892 9.88216 1.19965 -0.33620 0.67366 0.41556 0.51036
1403638610.7778294086 3.75594 9.84463 1.14390 -0.33374 0.67895 0.41829 0.50267
1403638610.8778295517 3.73309 9.80153 1.09678 -0.32991 0.68527 0.42229 0.49318
1403638610.9778294563 3.71185 9.75384 1.05812 -0.33054 0.68563 0.42264 0.49196
1403638611.0778295994 3.69203 9.70131 1.01756 -0.33375 0.68279 0.42084 0.49529
1403638611.1778295040 3.67572 9.64493 0.97167 -0.33514 0.68182 0.42099 0.49555
1403638611.2778294086 3.65973 9.58202 0.92509 -0.33463 0.68143 0.42197 0.49561
1403638611.3778295517 3.64372 9.51104 0.88286 -0.32830 0.67899 0.42642 0.49935
1403638611.4778294563 3.62233 9.43427 0.84464 -0.31616 0.67466 0.43434 0.50619
1403638611.5778295994 3.60203 9.35791 0.81594 -0.30735 0.67420 0.43958 0.50770
1403638611.6778295040 3.57048 9.27479 0.78973 -0.30565 0.67659 0.43998 0.50519
1403638611.7778294086 3.53768 9.19150 0.76300 -0.31129 0.68239 0.43577 0.49755
1403638611.8778295517 3.50647 9.11040 0.73340 -0.31645 0.68804 0.43143 0.49023
1403638611.9778294563 3.47320 9.02752 0.69933 -0.31910 0.69144 0.42885 0.48599
1403638612.0778295994 3.44197 8.94688 0.66864 -0.31847 0.69338 0.42860 0.48384
1403638612.1778295040 3.41368 8.86398 0.64234 -0.31987 0.69464 0.42705 0.48249
1403638612.2778294086 3.38726 8.78397 0.62700 -0.32037 0.69464 0.42639 0.48273
1403638612.3778295517 3.36550 8.70196 0.61502 -0.31874 0.69420 0.42698 0.48392
1403638612.4778294563 3.34276 8.61652 0.59981 -0.31809 0.69300 0.42627 0.48669
1403638612.5778295994 3.32385 8.53292 0.57898 -0.31523 0.69083 0.42683 0.49111
1403638612.6778295040 3.30448 8.44901 0.55094 -0.30945 0.68891 0.42926 0.49536
1403638612.7778294086 3.28167 8.36318 0.51577 -0.30659 0.68799 0.42910 0.49855
1403638612.8778295517 3.25932 8.27996 0.48313 -0.30680 0.68688 0.42681 0.50190
1403638612.9778294563 3.22946 8.19040 0.45094 -0.30770 0.68751 0.42474 0.50225
1403638613.0778295994 3.20191 8.10737 0.43005 -0.30827 0.69032 0.42361 0.49898
1403638613.1778295040 3.17114 8.02182 0.41622 -0.30778 0.69276 0.42337 0.49610
1403638613.2778294086 3.13588 7.92903 0.40775 -0.30695 0.69322 0.42358 0.49580
1403638613.3778295517 3.10383 7.84512 0.40762 -0.30622 0.69278 0.42409 0.49642
1403638613.4778294563 3.06691 7.75243 0.40430 -0.30685 0.69226 0.42299 0.49769
1403638613.5778295994 3.03303 7.66834 0.39570 -0.30610 0.69360 0.41867 0.49993
1403638613.6778295040 2.99765 7.58393 0.38121 -0.31000 0.69434 0.41196 0.50207
1403638613.7778294086 2.95814 7.49167 0.35914 -0.31385 0.69313 0.40426 0.50758
1403638613.8778295517 2.92235 7.40262 0.32928 -0.31080 0.69542 0.39618 0.51267
1403638613.9778294563 2.88227 7.30029 0.29468 -0.30314 0.70154 0.38626 0.51648
1403638614.0778295994 2.84277 7.19499 0.25595 -0.29121 0.70971 0.37442 0.52088
1403638614.1778295040 2.80292 7.09025 0.21823 -0.27653 0.72011 0.36149 0.52374
1403638614.2778294086 2.76062 6.97951 0.18545 -0.26553 0.72915 0.34796 0.52607
1403638614.3778295517 2.71646 6.86604 0.15786 -0.25693 0.73595 0.33849 0.52706
1403638614.4778294563 2.67220 6.75752 0.14005 -0.25344 0.74077 0.32953 0.52767
1403638614.5778295994 2.62720 6.64682 0.13019 -0.24950 0.74535 0.32116 0.52826
1403638614.6778295040 2.58486 6.53838 0.12870 -0.24640 0.75068 0.30915 0.52933
1403638614.7778294086 2.54528 6.42916 0.13941 -0.24450 0.76073 0.29260 0.52525
1403638614.8778295517 2.50815 6.31769 0.15954 -0.23685 0.77204 0.27508 0.52172
1403638614.9778294563 2.47849 6.20810 0.18728 -0.22369 0.78144 0.25598 0.52326
1403638615.0778295994 2.45489 6.09410 0.21897 -0.20564 0.78898 0.23521 0.52906
1403638615.1778295040 2.43761 5.97674 0.25564 -0.18427 0.79257 0.21308 0.54081
1403638615.2778294086 2.42482 5.85819 0.29620 -0.15931 0.79507 0.19165 0.55296
1403638615.3778295517 2.41294 5.74091 0.33240 -0.13799 0.79888 0.16625 0.56135
1403638615.4778294563 2.40123 5.62129 0.36229 -0.11777 0.80210 0.14038 0.56839
1403638615.5778295994 2.38835 5.50101 0.38453 -0.10069 0.80556 0.11607 0.57224
1403638615.6778295040 2.37441 5.38064 0.40220 -0.08746 0.80776 0.09878 0.57456
1403638615.7778294086 2.35966 5.26289 0.42529 -0.07975 0.80913 0.08634 0.57576
1403638615.8778295517 2.34257 5.14586 0.45599 -0.07455 0.81043 0.07457 0.57627
1403638615.9778294563 2.32533 5.02879 0.48494 -0.06735 0.81205 0.06270 0.57629
1403638616.0778295994 2.30717 4.91138 0.50722 -0.05845 0.81273 0.05046 0.57751
1403638616.1778295040 2.28803 4.79369 0.51642 -0.04865 0.81400 0.03639 0.57768
1403638616.2778294086 2.26856 4.67484 0.50872 -0.03802 0.81509 0.01823 0.57780
1403638616.3778295517 2.24843 4.55356 0.48675 -0.02478 0.81588 -0.00105 0.57769
1403638616.4778294563 2.22776 4.43125 0.45764 -0.01422 0.81647 -0.01894 0.57690
1403638616.5778295994 2.20665 4.31031 0.42496 -0.00482 0.81819 -0.03144 0.57407
1403638616.6778295040 2.18584 4.18986 0.38838 0.00106 0.82285 -0.04108 0.56678
1403638616.7778294086 2.16654 4.06957 0.34719 -0.00187 0.83131 -0.05130 0.55343
1403638616.8778295517 2.15297 3.94816 0.30576 -0.00567 0.83706 -0.05802 0.54400
1403638616.9778294563 2.14750 3.82339 0.27310 -0.00042 0.83526 -0.05562 0.54704
1403638617.0778295994 2.14893 3.69515 0.25065 0.00521 0.83160 -0.05055 0.55305
1403638617.1778295040 2.15400 3.56518 0.23630 0.01122 0.82871 -0.04362 0.55787
1403638617.2778294086 2.16261 3.43578 0.22629 0.01294 0.83107 -0.03889 0.55465
1403638617.3778295517 2.17536 3.30540 0.22075 0.01265 0.83511 -0.03597 0.54876
1403638617.4778294563 2.19364 3.17766 0.22376 0.01242 0.83788 -0.03273 0.54473
1403638617.5778295994 2.21806 3.05042 0.23502 0.01227 0.83863 -0.02975 0.54376
1403638617.6778295040 2.24968 2.92750 0.25546 0.01335 0.83727 -0.02583 0.54602
1403638617.7778294086 2.28829 2.81053 0.28461 0.01355 0.83568 -0.02315 0.54856
1403638617.8778295517 2.33076 2.69765 0.32118 0.01457 0.83572 -0.01983 0.54861
1403638617.9778294563 2.37841 2.58777 0.36181 0.01253 0.83472 -0.01941 0.55019
1403638618.0778295994 2.43070 2.48006 0.39751 0.01177 0.83438 -0.01816 0.55077
1403638618.1778295040 2.48762 2.37561 0.42692 0.00937 0.83455 -0.01808 0.55055
1403638618.2778294086 2.54811 2.27356 0.44942 0.00981 0.83456 -0.01653 0.55058
1403638618.3778295517 2.61190 2.17607 0.46922 0.00957 0.83384 -0.01550 0.55171
1403638618.4778294563 2.67970 2.08027 0.48532 0.00931 0.83396 -0.01420 0.55156
1403638618.5778295994 2.75036 1.99021 0.50028 0.01045 0.83295 -0.01342 0.55308
1403638618.6778295040 2.82565 1.89907 0.51218 0.01430 0.83284 -0.01649 0.55309
1403638618.7778294086 2.90414 1.81513 0.52851 0.01686 0.83214 -0.01970 0.55395
1403638618.8778295517 2.98693 1.73301 0.55076 0.01987 0.83040 -0.02304 0.55634
1403638618.9778294563 3.07183 1.65437 0.57458 0.02583 0.82632 -0.03201 0.56170
1403638619.0778295994 3.15809 1.57717 0.59145 0.03771 0.82279 -0.04572 0.56525
1403638619.1778295040 3.24402 1.50321 0.60035 0.05126 0.81931 -0.06464 0.56739
1403638619.2778294086 3.33096 1.43183 0.60260 0.06523 0.81550 -0.08877 0.56818
1403638619.3778295517 3.41702 1.36324 0.59590 0.08139 0.81113 -0.11330 0.56799
1403638619.4778294563 3.50193 1.29916 0.58565 0.09194 0.80695 -0.13454 0.56770
1403638619.5778295994 3.58752 1.23817 0.57461 0.09846 0.80336 -0.15029 0.56774
1403638619.6778295040 3.67148 1.17880 0.56090 0.09474 0.79993 -0.16673 0.56863
1403638619.7778294086 3.75271 1.11840 0.54504 0.09112 0.79753 -0.17829 0.56908
1403638619.8778295517 3.83042 1.05544 0.52761 0.09079 0.79543 -0.18474 0.57002
1403638619.9778294563 3.90377 0.99016 0.50408 0.09214 0.79458 -0.18842 0.56978
1403638620.0778295994 3.97129 0.92046 0.48618 0.09424 0.79206 -0.18999 0.57241
1403638620.1778295040 4.03478 0.84814 0.47069 0.09886 0.78901 -0.18892 0.57620
1403638620.2778294086 4.08837 0.77374 0.46512 0.10159 0.78959 -0.18774 0.57530
1403638620.3778295517 4.13846 0.69731 0.46467 0.10432 0.79100 -0.18560 0.57358
1403638620.4778294563 4.17910 0.62130 0.47164 0.10539 0.79213 -0.18349 0.57250
1403638620.5778295994 4.22002 0.54234 0.47671 0.10497 0.79350 -0.18190 0.57118
1403638620.6778295040 4.25679 0.46321 0.47659 0.10208 0.79603 -0.18177 0.56822
1403638620.7778294086 4.28473 0.38536 0.47080 0.09852 0.79939 -0.18214 0.56400
1403638620.8778295517 4.31701 0.30273 0.46102 0.10174 0.80258 -0.17762 0.56033
1403638620.9778294563 4.34734 0.22062 0.44807 0.10628 0.80317 -0.17169 0.56049
1403638621.0778295994 4.36943 0.14248 0.43372 0.10998 0.80155 -0.16668 0.56360
1403638621.1778295040 4.39896 0.06093 0.42366 0.10864 0.80032 -0.16488 0.56612
1403638621.2778294086 4.42380 -0.01568 0.41955 0.10893 0.79913 -0.16236 0.56847
1403638621.3778295517 4.45144 -0.09333 0.42104 0.11060 0.80001 -0.15934 0.56777
1403638621.4778294563 4.47738 -0.16865 0.41635 0.11117 0.79817 -0.15732 0.57081
1403638621.5778295994 4.50242 -0.24051 0.40704 0.11110 0.79600 -0.15528 0.57440
1403638621.6778295040 4.52349 -0.30768 0.39323 0.11070 0.79503 -0.15430 0.57608
1403638621.7778294086 4.53805 -0.36815 0.37495 0.11164 0.79336 -0.15309 0.57851
1403638621.8778295517 4.55304 -0.42990 0.35337 0.11343 0.78993 -0.15129 0.58332
1403638621.9778294563 4.56277 -0.48490 0.32908 0.11382 0.78739 -0.15069 0.58682
1403638622.0778295994 4.56018 -0.52412 0.30165 0.11241 0.78695 -0.15187 0.58738
1403638622.1778295040 4.56055 -0.57155 0.27012 0.10923 0.78792 -0.15379 0.58618
1403638622.2778294086 4.55440 -0.61229 0.24320 0.10640 0.78726 -0.15621 0.58693
1403638622.3778295517 4.54283 -0.64981 0.22372 0.10705 0.78824 -0.15677 0.58535
1403638622.4778294563 4.51864 -0.67312 0.21626 0.11073 0.78900 -0.15525 0.58405
1403638622.5778295994 4.49831 -0.70966 0.21118 0.11416 0.78879 -0.15394 0.58402
1403638622.6778295040 4.46912 -0.72965 0.21902 0.11808 0.78468 -0.15233 0.58917
1403638622.7778294086 4.43814 -0.75622 0.23395 0.12072 0.77348 -0.15100 0.60361
1403638622.8778295517 4.39908 -0.76366 0.25785 0.12246 0.76865 -0.15070 0.60949
1403638622.9778294563 4.35189 -0.76732 0.27808 0.12107 0.77243 -0.15316 0.60435
1403638623.0778295994 4.29687 -0.77357 0.29084 0.11744 0.77895 -0.15666 0.59573
1403638623.1778295040 4.23476 -0.77306 0.29853 0.11242 0.78288 -0.16045 0.59053
1403638623.2778294086 4.16462 -0.76023 0.30190 0.10945 0.78621 -0.16293 0.58596
1403638623.3778295517 4.09311 -0.75839 0.30014 0.10714 0.78881 -0.16467 0.58240
1403638623.4778294563 4.01645 -0.74557 0.29444 0.10792 0.79046 -0.16460 0.58003
1403638623.5778295994 3.93919 -0.74136 0.29039 0.10927 0.79059 -0.16392 0.57979
1403638623.6778295040 3.85625 -0.73313 0.29472 0.11079 0.79104 -0.16346 0.57902
1403638623.7778294086 3.77121 -0.72760 0.30508 0.11301 0.79205 -0.16324 0.57726
1403638623.8778295517 3.68172 -0.71944 0.32027 0.11443 0.79319 -0.16334 0.57540
1403638623.9778294563 3.58782 -0.70729 0.33426 0.11611 0.79429 -0.16391 0.57337
1403638624.0778295994 3.49348 -0.69667 0.34312 0.11446 0.79459 -0.16670 0.57248
1403638624.1778295040 3.39770 -0.68270 0.34836 0.11212 0.79445 -0.16931 0.57237
1403638624.2778294086 3.29977 -0.67037 0.34643 0.11009 0.79411 -0.17197 0.57245
1403638624.3778295517 3.20256 -0.65816 0.34137 0.10973 0.79361 -0.17376 0.57267
1403638624.4778294563 3.10543 -0.64599 0.33523 0.11124 0.79338 -0.17415 0.57257
1403638624.5778295994 3.00453 -0.63460 0.32177 0.10661 0.78504 -0.17898 0.58336
1403638624.6778295040 2.90118 -0.62397 0.30625 0.10829 0.78075 -0.17674 0.58946
1403638624.7778294086 2.79566 -0.61343 0.29552 0.11320 0.78667 -0.16694 0.58349
1403638624.8778295517 2.68303 -0.60010 0.29085 0.11462 0.79274 -0.15871 0.57727
1403638624.9778294563 2.57660 -0.58642 0.29467 0.10741 0.79595 -0.15666 0.57479
1403638625.0778295994 2.46603 -0.57246 0.29979 0.09983 0.79694 -0.15574 0.57504
1403638625.1778295040 2.35163 -0.55690 0.29941 0.09350 0.79782 -0.15597 0.57482
1403638625.2778294086 2.24420 -0.54581 0.29584 0.09149 0.79867 -0.15440 0.57438
1403638625.3778295517 2.12988 -0.53354 0.29038 0.09037 0.79881 -0.15339 0.57464
1403638625.4778294563 2.02201 -0.52612 0.29156 0.08937 0.79826 -0.15304 0.57565
1403638625.5778295994 1.90818 -0.51678 0.29776 0.09005 0.79881 -0.15235 0.57496
1403638625.6778295040 1.79666 -0.50980 0.31178 0.09019 0.80044 -0.15230 0.57268
1403638625.7778294086 1.68957 -0.50478 0.32983 0.08903 0.80499 -0.15342 0.56616
1403638625.8778295517 1.57835 -0.49939 0.34106 0.08928 0.80761 -0.15384 0.56225
1403638625.9778294563 1.47331 -0.49761 0.34860 0.09038 0.80804 -0.15401 0.56142
1403638626.0778295994 1.36704 -0.49651 0.34959 0.08886 0.80931 -0.15582 0.55932
1403638626.1778295040 1.27245 -0.49699 0.34486 0.08914 0.80970 -0.15628 0.55858
1403638626.2778294086 1.17200 -0.50044 0.33671 0.09212 0.80823 -0.15491 0.56061
1403638626.3778295517 1.07144 -0.50311 0.32571 0.10006 0.80634 -0.14970 0.56338
1403638626.4778294563 0.97651 -0.50684 0.31108 0.10252 0.80509 -0.14753 0.56529
1403638626.5778295994 0.87958 -0.50750 0.29537 0.10324 0.80742 -0.14666 0.56206
1403638626.6778295040 0.78919 -0.50941 0.28043 0.10202 0.80932 -0.14709 0.55942
1403638626.7778294086 0.70233 -0.50925 0.26910 0.09943 0.81321 -0.14885 0.55375
1403638626.8778295517 0.62293 -0.50807 0.26540 0.09897 0.81591 -0.14872 0.54989
1403638626.9778294563 0.55371 -0.50729 0.26734 0.09835 0.81679 -0.14890 0.54864
1403638627.0778295994 0.48339 -0.50877 0.26954 0.09770 0.81689 -0.14854 0.54871
1403638627.1778295040 0.42260 -0.50937 0.26345 0.09701 0.81679 -0.14847 0.54900
1403638627.2778294086 0.36308 -0.51280 0.25809 0.09832 0.81681 -0.14715 0.54909
1403638627.3778295517 0.30961 -0.51589 0.24976 0.10038 0.81622 -0.14529 0.55009
1403638627.4778294563 0.26185 -0.51895 0.23814 0.10060 0.81662 -0.14501 0.54954
1403638627.5778295994 0.21916 -0.52173 0.22464 0.10187 0.81546 -0.14462 0.55112
1403638627.6778295040 0.19308 -0.52148 0.20379 0.10399 0.81245 -0.14389 0.55535
1403638627.7778294086 0.15805 -0.52348 0.18902 0.10575 0.81058 -0.14302 0.55797
1403638627.8778295517 0.12787 -0.52308 0.17243 0.10670 0.80991 -0.14304 0.55875
1403638627.9778294563 0.09857 -0.52156 0.15576 0.10711 0.81186 -0.14317 0.55581
1403638628.0778295994 0.09377 -0.51532 0.13195 0.10815 0.81297 -0.14348 0.55390
1403638628.1778295040 0.06746 -0.51115 0.11947 0.10923 0.81354 -0.14400 0.55271
1403638628.2778294086 0.04868 -0.50511 0.10740 0.10940 0.81375 -0.14471 0.55218
1403638628.3778295517 0.05400 -0.49517 0.09250 0.10813 0.81431 -0.14630 0.55119
1403638628.4778294563 0.04187 -0.48695 0.08656 0.10220 0.81149 -0.15094 0.55520
1403638628.5778295994 0.03558 -0.47824 0.08400 0.09417 0.80430 -0.15663 0.56542
1403638628.6778295040 0.02816 -0.47050 0.08306 0.08865 0.80022 -0.16064 0.57094
1403638628.7778294086 0.04840 -0.46101 0.07719 0.09051 0.80141 -0.16003 0.56916
1403638628.8778295517 0.03497 -0.45876 0.06746 0.09495 0.80201 -0.15729 0.56835
1403638628.9778294563 0.02637 -0.45713 0.05546 0.09985 0.80269 -0.15439 0.56735
1403638629.0778295994 0.01555 -0.45525 0.04584 0.10462 0.80385 -0.15099 0.56576
1403638629.1778295040 0.03584 -0.44205 0.04466 0.10723 0.80507 -0.14917 0.56402
1403638629.2778294086 0.02212 -0.43633 0.03922 0.10785 0.80538 -0.14841 0.56366
1403638629.3778295517 0.01597 -0.43017 0.03849 0.10874 0.80847 -0.14858 0.55900
1403638629.4778294563 0.01203 -0.42280 0.03815 0.10737 0.81293 -0.15038 0.55228
1403638629.5778295994 0.01839 -0.41619 0.04060 0.10385 0.81592 -0.15323 0.54773
1403638629.6778295040 0.02717 -0.41065 0.04369 0.09289 0.81379 -0.16157 0.55046
1403638629.7778294086 0.03598 -0.40682 0.04722 0.08621 0.80816 -0.16691 0.55820
1403638629.8778295517 0.04303 -0.40557 0.04690 0.08466 0.80173 -0.16861 0.56713
1403638629.9778294563 0.04822 -0.40790 0.03837 0.09568 0.79618 -0.16185 0.57511
1403638630.0778295994 0.04974 -0.41113 0.01977 0.10475 0.79259 -0.15578 0.58013
1403638630.1778295040 0.04925 -0.41289 -0.00884 0.10916 0.79537 -0.15238 0.57642
1403638630.2778294086 0.04366 -0.41364 -0.04284 0.11000 0.79992 -0.15166 0.57012
1403638630.3778295517 0.04410 -0.41099 -0.06878 0.10608 0.81935 -0.15259 0.54233
1403638630.4778294563 0.05493 -0.41023 -0.05767 0.10561 0.80132 -0.15098 0.56916
1403638630.5778295994 0.06375 -0.40974 -0.05918 0.10524 0.80061 -0.15211 0.56993
1403638630.6778295040 0.06938 -0.40955 -0.08157 0.10262 0.81958 -0.14908 0.54363
1403638630.7778294086 0.06747 -0.41630 -0.08440 0.10528 0.82642 -0.14328 0.53425
1403638630.8778295517 0.05858 -0.41730 -0.08957 0.10051 0.82508 -0.14433 0.53695
1403638630.9778294563 0.05175 -0.41772 -0.09322 0.10072 0.82494 -0.14459 0.53705
1403638631.0778295994 0.04208 -0.41838 -0.09695 0.10140 0.82500 -0.14412 0.53695
1403638631.1778295040 0.03265 -0.41936 -0.10077 0.10132 0.82504 -0.14435 0.53685
1403638631.2778294086 0.02232 -0.42029 -0.10433 0.10122 0.82510 -0.14434 0.53678
1403638631.3778295517 0.01187 -0.42146 -0.10767 0.10096 0.82517 -0.14453 0.53666
1403638631.4778294563 0.00138 -0.42279 -0.11092 0.10072 0.82511 -0.14482 0.53672
1403638631.5778295994 -0.00972 -0.42432 -0.11426 0.10061 0.82509 -0.14490 0.53675
1403638631.6778295040 -0.02061 -0.42622 -0.11725 0.10029 0.82509 -0.14531 0.53671
