1403638523.0778295994 0.02497 0.00474 0.35244 -0.07308 0.80710 0.01811 0.58560
1403638523.1778295040 0.03051 -0.00018 0.38430 -0.07279 0.80705 0.01855 0.58568
1403638523.2778294086 0.02951 -0.00877 0.38021 -0.06384 0.80485 0.01849 0.58974
1403638523.3778295517 0.02914 -0.01398 0.35087 -0.05931 0.80386 0.01752 0.59159
1403638523.4778294563 0.02754 -0.01991 0.30804 -0.05455 0.80758 0.02001 0.58689
1403638523.5778295994 0.02307 -0.02692 0.25800 -0.04754 0.81682 0.02431 0.57442
1403638523.6778295040 0.01744 -0.03300 0.20740 -0.04053 0.82621 0.02716 0.56124
1403638523.7778294086 0.01227 -0.03848 0.15862 -0.03692 0.83079 0.03005 0.55455
1403638523.8778295517 0.00635 -0.04344 0.11421 -0.03371 0.83139 0.03298 0.55369
1403638523.9778294563 0.00046 -0.04699 0.08066 -0.02459 0.83141 0.03908 0.55374
1403638524.0778295994 -0.00322 -0.04933 0.06756 -0.01774 0.83450 0.04756 0.54867
1403638524.1778295040 -0.00404 -0.04778 0.08753 -0.01823 0.83907 0.05245 0.54118
1403638524.2778294086 -0.00309 -0.04756 0.13209 -0.02474 0.84003 0.05373 0.53930
1403638524.3778295517 0.00089 -0.04747 0.18704 -0.03422 0.83726 0.05221 0.54323
1403638524.4778294563 0.00745 -0.04673 0.24761 -0.04131 0.83069 0.05047 0.55291
1403638524.5778295994 0.01594 -0.04465 0.30760 -0.04463 0.82185 0.04919 0.56582
1403638524.6778295040 0.02517 -0.04182 0.36163 -0.04071 0.81544 0.04373 0.57575
1403638524.7778294086 0.03238 -0.03773 0.40237 -0.02821 0.81160 0.03874 0.58225
1403638524.8778295517 0.03786 -0.03354 0.42848 -0.02454 0.81011 0.03607 0.58465
1403638524.9778294563 0.03986 -0.03081 0.43807 -0.03130 0.80852 0.03847 0.58637
1403638525.0778295994 0.04121 -0.02971 0.42566 -0.02928 0.80580 0.04205 0.58997
1403638525.1778295040 0.04259 -0.02893 0.39206 -0.02720 0.80429 0.04674 0.59178
1403638525.2778294086 0.04066 -0.03036 0.34626 -0.02751 0.80685 0.05183 0.58784
1403638525.3778295517 0.03978 -0.03132 0.29244 -0.03031 0.81571 0.05698 0.57485
1403638525.4778294563 0.03710 -0.03142 0.24027 -0.03897 0.82790 0.05906 0.55639
1403638525.5778295994 0.03204 -0.03300 0.19491 -0.04526 0.83687 0.05866 0.54236
1403638525.6778295040 0.02913 -0.03511 0.15681 -0.04626 0.83976 0.05570 0.53812
1403638525.7778294086 0.02826 -0.03493 0.12639 -0.04339 0.83820 0.04979 0.54135
1403638525.8778295517 0.02692 -0.03591 0.10414 -0.03650 0.83454 0.04546 0.54785
1403638525.9778294563 0.02193 -0.04384 0.09189 -0.02820 0.83307 0.04431 0.55067
1403638526.0778295994 0.01853 -0.06360 0.09075 -0.02390 0.83464 0.04223 0.54866
1403638526.1778295040 0.01614 -0.09292 0.09860 -0.02218 0.83703 0.03321 0.54569
1403638526.2778294086 0.01229 -0.12897 0.11197 -0.01883 0.83612 0.02422 0.54769
1403638526.3778295517 0.00569 -0.16952 0.12655 -0.01659 0.83198 0.01555 0.55434
1403638526.4778294563 -0.00340 -0.21452 0.13930 -0.01535 0.82689 0.00446 0.56214
1403638526.5778295994 -0.01368 -0.26541 0.14817 -0.01405 0.82158 -0.00659 0.56988
1403638526.6778295040 -0.02565 -0.32392 0.15508 -0.00958 0.81642 -0.01508 0.57718
1403638526.7778294086 -0.04046 -0.38787 0.16022 -0.00107 0.81331 -0.02063 0.58147
1403638526.8778295517 -0.05704 -0.45249 0.16346 0.00699 0.81252 -0.02390 0.58240
1403638526.9778294563 -0.07383 -0.51414 0.16629 0.01125 0.81559 -0.03022 0.57773
1403638527.0778295994 -0.08826 -0.57223 0.16980 0.01891 0.82010 -0.04328 0.57027
1403638527.1778295040 -0.09929 -0.62392 0.17533 0.02667 0.82188 -0.05843 0.56603
1403638527.2778294086 -0.10588 -0.66424 0.18200 0.03812 0.81895 -0.07218 0.56802
1403638527.3778295517 -0.10708 -0.68744 0.18825 0.05350 0.81381 -0.08093 0.57297
1403638527.4778294563 -0.10336 -0.68964 0.19197 0.06377 0.81018 -0.08534 0.57642
1403638527.5778295994 -0.09460 -0.67054 0.19270 0.06673 0.80949 -0.08649 0.57689
1403638527.6778295040 -0.08077 -0.63133 0.19030 0.06499 0.80999 -0.08289 0.57690
1403638527.7778294086 -0.06619 -0.58516 0.19019 0.05932 0.81138 -0.07548 0.57658
1403638527.8778295517 -0.05059 -0.53093 0.19271 0.04521 0.81453 -0.07045 0.57404
1403638527.9778294563 -0.03170 -0.47170 0.19570 0.03482 0.81544 -0.06536 0.57409
1403638528.0778295994 -0.01201 -0.41265 0.19723 0.02767 0.81422 -0.05766 0.57702
1403638528.1778295040 0.00762 -0.35724 0.19442 0.01749 0.81463 -0.04839 0.57770
1403638528.2778294086 0.03123 -0.30820 0.18917 0.00459 0.81600 -0.03745 0.57681
1403638528.3778295517 0.06131 -0.27106 0.18301 -0.00299 0.81561 -0.02904 0.57787
1403638528.4778294563 0.09624 -0.24488 0.17784 -0.00185 0.81486 -0.02545 0.57910
1403638528.5778295994 0.13188 -0.22471 0.17494 -0.00068 0.81686 -0.02966 0.57607
1403638528.6778295040 0.16673 -0.21058 0.17500 -0.00214 0.81826 -0.03705 0.57365
1403638528.7778294086 0.19773 -0.20159 0.17807 0.00262 0.81755 -0.04204 0.57431
1403638528.8778295517 0.21368 -0.19342 0.18493 -0.00129 0.81672 -0.04948 0.57491
1403638528.9778294563 0.21803 -0.18008 0.19740 -0.00783 0.81676 -0.05633 0.57417
1403638529.0778295994 0.20163 -0.17081 0.21397 -0.00655 0.81782 -0.05768 0.57254
1403638529.1778295040 0.17476 -0.15349 0.22347 0.01051 0.81889 -0.05088 0.57159
1403638529.2778294086 0.14126 -0.13222 0.22195 0.02233 0.82093 -0.04495 0.56881
1403638529.3778295517 0.10588 -0.10497 0.20976 0.02687 0.82628 -0.04079 0.56113
1403638529.4778294563 0.07371 -0.08595 0.18866 0.02580 0.83642 -0.03836 0.54614
1403638529.5778295994 0.04815 -0.07275 0.16368 0.02375 0.84666 -0.03550 0.53042
1403638529.6778295040 0.02578 -0.06856 0.13968 0.02491 0.85054 -0.03235 0.52432
1403638529.7778294086 0.01445 -0.06163 0.11682 0.02413 0.84702 -0.03163 0.53007
1403638529.8778295517 0.00934 -0.05423 0.09593 0.02270 0.84067 -0.03275 0.54007
1403638529.9778294563 0.00493 -0.04793 0.08113 0.02222 0.83806 -0.03292 0.54414
1403638530.0778295994 0.01179 -0.04575 0.06990 0.02291 0.83948 -0.03349 0.54188
1403638530.1778295040 0.02475 -0.04601 0.06014 0.02415 0.84125 -0.03807 0.53876
1403638530.2778294086 0.03977 -0.04749 0.04999 0.02649 0.84087 -0.04425 0.53877
1403638530.3778295517 0.05317 -0.05078 0.04009 0.02916 0.84028 -0.04958 0.53909
1403638530.4778294563 0.06496 -0.05452 0.03262 0.02958 0.84007 -0.05358 0.53902
1403638530.5778295994 0.07276 -0.05877 0.02705 0.02900 0.84008 -0.05704 0.53867
1403638530.6778295040 0.07702 -0.06219 0.02211 0.03038 0.84307 -0.05936 0.53365
1403638530.7778294086 0.08008 -0.06435 0.01668 0.03067 0.84650 -0.06102 0.52798
1403638530.8778295517 0.08231 -0.06565 0.01214 0.02895 0.84716 -0.06053 0.52709
1403638530.9778294563 0.08356 -0.06605 0.00908 0.02791 0.84496 -0.06070 0.53065
1403638531.0778295994 0.08361 -0.06573 0.00714 0.02890 0.84153 -0.05957 0.53613
1403638531.1778295040 0.08348 -0.06410 0.00782 0.02983 0.83938 -0.05767 0.53965
1403638531.2778294086 0.08383 -0.06311 0.00636 0.03291 0.83820 -0.05655 0.54142
1403638531.3778295517 0.08371 -0.06237 0.00600 0.03309 0.83697 -0.05694 0.54327
1403638531.4778294563 0.08353 -0.06282 0.00612 0.03355 0.83593 -0.05755 0.54478
1403638531.5778295994 0.08334 -0.06295 0.00598 0.03443 0.83626 -0.05666 0.54432
1403638531.6778295040 0.08332 -0.06280 0.00586 0.03400 0.83635 -0.05747 0.54412
1403638531.7778294086 0.08341 -0.06294 0.00585 0.03468 0.83627 -0.05778 0.54416
1403638531.8778295517 0.08335 -0.06302 0.00582 0.03516 0.83631 -0.05791 0.54405
1403638531.9778294563 0.08339 -0.06315 0.00579 0.03572 0.83629 -0.05818 0.54403
1403638532.0778295994 0.08338 -0.06323 0.00575 0.03621 0.83627 -0.05828 0.54401
1403638532.1778295040 0.08340 -0.06328 0.00573 0.03647 0.83623 -0.05858 0.54402
1403638532.2778294086 0.08341 -0.06331 0.00572 0.03666 0.83620 -0.05896 0.54402
1403638532.3778295517 0.08340 -0.06335 0.00570 0.03687 0.83615 -0.05918 0.54405
1403638532.4778294563 0.08342 -0.06342 0.00570 0.03708 0.83610 -0.05946 0.54408
1403638532.5778295994 0.08341 -0.06346 0.00568 0.03735 0.83609 -0.05967 0.54406
1403638532.6778295040 0.08345 -0.06354 0.00569 0.03766 0.83604 -0.05984 0.54410
1403638532.7778294086 0.08342 -0.06360 0.00568 0.03798 0.83604 -0.05988 0.54407
1403638532.8778295517 0.08342 -0.06363 0.00568 0.03826 0.83600 -0.06003 0.54409
1403638532.9778294563 0.08343 -0.06369 0.00569 0.03844 0.83595 -0.06017 0.54413
1403638533.0778295994 0.08342 -0.06373 0.00568 0.03862 0.83593 -0.06031 0.54414
1403638533.1778295040 0.08344 -0.06376 0.00568 0.03876 0.83587 -0.06047 0.54420
1403638533.2778294086 0.08343 -0.06380 0.00567 0.03890 0.83583 -0.06060 0.54424
1403638533.3778295517 0.08343 -0.06382 0.00566 0.03909 0.83580 -0.06067 0.54427
1403638533.4778294563 0.08345 -0.06387 0.00567 0.03919 0.83577 -0.06076 0.54430
1403638533.5778295994 0.08344 -0.06388 0.00566 0.03929 0.83575 -0.06087 0.54431
1403638533.6778295040 0.08345 -0.06390 0.00566 0.03937 0.83571 -0.06101 0.54436
1403638533.7778294086 0.08344 -0.06391 0.00566 0.03947 0.83567 -0.06111 0.54439
1403638533.8778295517 0.08346 -0.06390 0.00565 0.03932 0.83569 -0.06090 0.54439
1403638533.9778294563 0.08349 -0.06397 0.00565 0.03953 0.83567 -0.06118 0.54438
1403638534.0778295994 0.08342 -0.06400 0.00564 0.04000 0.83558 -0.06165 0.54443
1403638534.1778295040 0.08345 -0.06402 0.00567 0.03970 0.83559 -0.06151 0.54445
1403638534.2778294086 0.08345 -0.06396 0.00570 0.03949 0.83566 -0.06141 0.54437
1403638534.3778295517 0.08346 -0.06396 0.00570 0.03956 0.83564 -0.06147 0.54439
1403638534.4778294563 0.08347 -0.06403 0.00567 0.03974 0.83564 -0.06177 0.54434
1403638534.5778295994 0.08346 -0.06402 0.00569 0.03962 0.83573 -0.06150 0.54425
1403638534.6778295040 0.08350 -0.06397 0.00570 0.03942 0.83573 -0.06132 0.54428
1403638534.7778294086 0.08348 -0.06401 0.00571 0.03952 0.83572 -0.06122 0.54430
1403638534.8778295517 0.08348 -0.06406 0.00570 0.03983 0.83566 -0.06142 0.54435
1403638534.9778294563 0.08346 -0.06411 0.00570 0.03991 0.83568 -0.06150 0.54430
1403638535.0778295994 0.08346 -0.06411 0.00571 0.03980 0.83573 -0.06151 0.54423
1403638535.1778295040 0.08347 -0.06411 0.00570 0.03971 0.83569 -0.06154 0.54430
1403638535.2778294086 0.08345 -0.06410 0.00570 0.03963 0.83568 -0.06152 0.54432
1403638535.3778295517 0.08345 -0.06409 0.00572 0.03966 0.83567 -0.06151 0.54434
1403638535.4778294563 0.08346 -0.06410 0.00573 0.03975 0.83566 -0.06153 0.54434
1403638535.5778295994 0.08348 -0.06408 0.00574 0.03970 0.83567 -0.06147 0.54434
1403638535.6778295040 0.08349 -0.06408 0.00573 0.03962 0.83564 -0.06150 0.54438
1403638535.7778294086 0.08348 -0.06409 0.00573 0.03967 0.83561 -0.06151 0.54442
1403638535.8778295517 0.08348 -0.06409 0.00574 0.03955 0.83561 -0.06145 0.54443
1403638535.9778294563 0.08347 -0.06409 0.00575 0.03951 0.83565 -0.06146 0.54438
1403638536.0778295994 0.08348 -0.06409 0.00574 0.03947 0.83559 -0.06153 0.54447
1403638536.1778295040 0.08349 -0.06409 0.00575 0.03943 0.83556 -0.06154 0.54451
1403638536.2778294086 0.08349 -0.06409 0.00575 0.03943 0.83555 -0.06147 0.54453
1403638536.3778295517 0.08351 -0.06409 0.00576 0.03941 0.83550 -0.06147 0.54462
1403638536.4778294563 0.08350 -0.06408 0.00576 0.03937 0.83547 -0.06142 0.54466
1403638536.5778295994 0.08351 -0.06408 0.00577 0.03925 0.83547 -0.06140 0.54468
1403638536.6778295040 0.08351 -0.06407 0.00577 0.03921 0.83545 -0.06135 0.54472
1403638536.7778294086 0.08349 -0.06407 0.00576 0.03926 0.83540 -0.06141 0.54478
1403638536.8778295517 0.08349 -0.06406 0.00575 0.03915 0.83533 -0.06148 0.54489
1403638536.9778294563 0.08350 -0.06407 0.00576 0.03909 0.83534 -0.06154 0.54487
1403638537.0778295994 0.08352 -0.06405 0.00579 0.03910 0.83534 -0.06145 0.54489
1403638537.1778295040 0.08353 -0.06403 0.00579 0.03922 0.83527 -0.06142 0.54498
1403638537.2778294086 0.08353 -0.06403 0.00582 0.03932 0.83528 -0.06134 0.54498
1403638537.3778295517 0.08354 -0.06403 0.00581 0.03927 0.83524 -0.06129 0.54504
1403638537.4778294563 0.08355 -0.06402 0.00582 0.03918 0.83522 -0.06126 0.54509
1403638537.5778295994 0.08354 -0.06401 0.00587 0.03921 0.83524 -0.06115 0.54507
1403638537.6778295040 0.08356 -0.06401 0.00591 0.03926 0.83525 -0.06114 0.54505
1403638537.7778294086 0.08355 -0.06400 0.00591 0.03920 0.83520 -0.06114 0.54513
1403638537.8778295517 0.08360 -0.06399 0.00594 0.03926 0.83519 -0.06101 0.54516
1403638537.9778294563 0.08358 -0.06399 0.00597 0.03928 0.83515 -0.06110 0.54521
1403638538.0778295994 0.08358 -0.06397 0.00599 0.03924 0.83511 -0.06108 0.54526
1403638538.1778295040 0.08358 -0.06398 0.00601 0.03926 0.83507 -0.06106 0.54533
1403638538.2778294086 0.08368 -0.06395 0.00600 0.03925 0.83504 -0.06093 0.54540
1403638538.3778295517 0.08363 -0.06397 0.00604 0.03940 0.83498 -0.06090 0.54548
1403638538.4778294563 0.08360 -0.06397 0.00611 0.03936 0.83498 -0.06085 0.54548
1403638538.5778295994 0.08363 -0.06396 0.00616 0.03958 0.83494 -0.06088 0.54553
1403638538.6778295040 0.08363 -0.06395 0.00621 0.03941 0.83474 -0.06095 0.54585
1403638538.7778294086 0.08372 -0.06401 0.00654 0.03925 0.83394 -0.06076 0.54709
1403638538.8778295517 0.08511 -0.06361 0.00696 0.03852 0.83291 -0.06022 0.54877
1403638538.9778294563 0.08847 -0.06348 0.00948 0.03940 0.82815 -0.05953 0.55594
1403638539.0778295994 0.09290 -0.06341 0.01303 0.04101 0.82251 -0.06090 0.56399
1403638539.1778295040 0.10057 -0.06336 0.02085 0.04038 0.81719 -0.06129 0.57167
1403638539.2778294086 0.10935 -0.06339 0.03637 0.04033 0.81345 -0.06054 0.57707
1403638539.3778295517 0.11753 -0.06345 0.05968 0.04009 0.81433 -0.06004 0.57589
1403638539.4778294563 0.12646 -0.06420 0.08924 0.03990 0.81634 -0.05908 0.57316
1403638539.5778295994 0.13634 -0.06558 0.12152 0.03967 0.81726 -0.05776 0.57199
1403638539.6778295040 0.14729 -0.06686 0.14872 0.03813 0.81783 -0.05736 0.57132
1403638539.7778294086 0.15691 -0.06761 0.16520 0.03860 0.81907 -0.05559 0.56969
1403638539.8778295517 0.16824 -0.06800 0.17457 0.03777 0.82161 -0.05504 0.56613
1403638539.9778294563 0.18314 -0.06796 0.18240 0.03606 0.82618 -0.05479 0.55958
1403638540.0778295994 0.20461 -0.06823 0.18867 0.03583 0.83211 -0.05465 0.55075
1403638540.1778295040 0.22905 -0.06943 0.19596 0.03555 0.83608 -0.05443 0.54474
1403638540.2778294086 0.26263 -0.07034 0.21037 0.03610 0.83188 -0.05307 0.55124
1403638540.3778295517 0.30000 -0.07176 0.21870 0.03683 0.82577 -0.05101 0.56048
1403638540.4778294563 0.34181 -0.07226 0.22621 0.03366 0.82350 -0.04498 0.56453
1403638540.5778295994 0.38806 -0.07176 0.23179 0.02645 0.82380 -0.03349 0.56527
1403638540.6778295040 0.43694 -0.07071 0.23724 0.01814 0.82404 -0.01628 0.56600
1403638540.7778294086 0.48826 -0.06784 0.24168 0.01027 0.82329 0.00774 0.56748
1403638540.8778295517 0.54114 -0.06195 0.24439 -0.00001 0.82272 0.03578 0.56732
1403638540.9778294563 0.59444 -0.05125 0.24556 -0.01371 0.82127 0.06210 0.56699
1403638541.0778295994 0.64838 -0.03672 0.24452 -0.02746 0.81915 0.08163 0.56708
1403638541.1778295040 0.70465 -0.01879 0.23830 -0.03719 0.81745 0.09491 0.56691
1403638541.2778294086 0.75985 0.00332 0.22981 -0.04231 0.81668 0.10367 0.56612
1403638541.3778295517 0.81596 0.03029 0.22956 -0.04532 0.81653 0.10727 0.56544
1403638541.4778294563 0.87114 0.06192 0.23530 -0.04653 0.81635 0.10749 0.56556
1403638541.5778295994 0.92448 0.10002 0.24735 -0.04581 0.81492 0.10805 0.56757
1403638541.6778295040 0.98117 0.14466 0.26786 -0.05002 0.81321 0.11106 0.56908
1403638541.7778294086 1.03511 0.19514 0.29364 -0.05993 0.81188 0.11668 0.56890
1403638541.8778295517 1.08651 0.24935 0.32769 -0.07187 0.81048 0.12562 0.56760
1403638541.9778294563 1.13595 0.30609 0.35897 -0.08362 0.80942 0.13995 0.56415
1403638542.0778295994 1.18468 0.36528 0.38374 -0.09752 0.80734 0.15698 0.56040
1403638542.1778295040 1.23099 0.42498 0.40216 -0.11288 0.80353 0.17692 0.55704
1403638542.2778294086 1.27795 0.48757 0.41446 -0.12771 0.79962 0.20025 0.55155
1403638542.3778295517 1.32325 0.54961 0.42339 -0.14151 0.79191 0.22215 0.55091
1403638542.4778294563 1.36620 0.60996 0.42966 -0.14804 0.77826 0.24266 0.55993
1403638542.5778295994 1.40775 0.67128 0.43275 -0.14456 0.76611 0.26137 0.56909
1403638542.6778295040 1.44316 0.73587 0.43761 -0.14566 0.76259 0.27101 0.56903
1403638542.7778294086 1.47151 0.80518 0.44907 -0.15509 0.76665 0.27021 0.56142
1403638542.8778295517 1.49510 0.88007 0.46762 -0.16204 0.77202 0.26724 0.55346
1403638542.9778294563 1.51406 0.95625 0.49290 -0.16630 0.77662 0.26417 0.54719
1403638543.0778295994 1.52965 1.03187 0.52041 -0.16912 0.78022 0.26114 0.54265
1403638543.1778295040 1.54488 1.10870 0.54296 -0.16938 0.78147 0.25874 0.54192
1403638543.2778294086 1.55997 1.18601 0.56123 -0.16965 0.78183 0.25641 0.54242
1403638543.3778295517 1.57520 1.26492 0.57199 -0.16915 0.78297 0.25552 0.54134
1403638543.4778294563 1.59102 1.34565 0.57970 -0.17151 0.78194 0.26002 0.53995
1403638543.5778295994 1.60338 1.42385 0.58664 -0.17688 0.77888 0.27125 0.53710
1403638543.6778295040 1.61574 1.50529 0.58947 -0.18400 0.77315 0.28901 0.53372
1403638543.7778294086 1.62619 1.58657 0.59422 -0.19449 0.76500 0.31049 0.52967
1403638543.8778295517 1.63469 1.66156 0.60576 -0.20664 0.75477 0.33333 0.52585
1403638543.9778294563 1.64657 1.74646 0.62426 -0.22090 0.74621 0.35185 0.52017
1403638544.0778295994 1.65837 1.83083 0.64617 -0.23596 0.74219 0.36331 0.51135
1403638544.1778295040 1.67225 1.91779 0.66756 -0.24644 0.73910 0.36995 0.50610
1403638544.2778294086 1.68825 2.01140 0.68315 -0.25315 0.73660 0.37330 0.50396
1403638544.3778295517 1.70401 2.09734 0.69172 -0.25486 0.73592 0.37598 0.50210
1403638544.4778294563 1.72134 2.18515 0.69858 -0.25417 0.73643 0.37721 0.50078
1403638544.5778295994 1.74005 2.27748 0.70396 -0.25609 0.73377 0.37638 0.50432
1403638544.6778295040 1.75880 2.37072 0.71801 -0.26125 0.72727 0.37574 0.51153
1403638544.7778294086 1.77696 2.46130 0.73311 -0.26262 0.72641 0.37673 0.51130
1403638544.8778295517 1.79359 2.55513 0.75006 -0.26067 0.72964 0.37904 0.50597
1403638544.9778294563 1.81106 2.64448 0.75884 -0.26092 0.73044 0.37978 0.50413
1403638545.0778295994 1.82874 2.73406 0.76228 -0.26250 0.72918 0.37974 0.50515
1403638545.1778295040 1.84362 2.82646 0.76313 -0.26235 0.72876 0.38085 0.50501
1403638545.2778294086 1.86107 2.91431 0.75445 -0.26175 0.72810 0.38253 0.50501
1403638545.3778295517 1.87924 3.00181 0.74191 -0.26362 0.72543 0.38166 0.50852
1403638545.4778294563 1.89213 3.08214 0.72791 -0.26603 0.72523 0.38270 0.50677
1403638545.5778295994 1.90757 3.16905 0.71448 -0.27025 0.72296 0.38936 0.50269
1403638545.6778295040 1.92006 3.25114 0.70981 -0.27923 0.71727 0.40089 0.49683
1403638545.7778294086 1.93258 3.33123 0.71143 -0.28830 0.70933 0.41747 0.48935
1403638545.8778295517 1.94576 3.41144 0.71918 -0.29939 0.69850 0.43700 0.48114
1403638545.9778294563 1.95987 3.49229 0.73373 -0.30932 0.68586 0.45895 0.47253
1403638546.0778295994 1.97572 3.57810 0.75102 -0.31580 0.67379 0.47783 0.46686
1403638546.1778295040 1.99210 3.66349 0.76309 -0.32346 0.66504 0.49008 0.46143
1403638546.2778294086 2.00822 3.75460 0.76819 -0.32841 0.66031 0.49761 0.45663
1403638546.3778295517 2.02387 3.84779 0.76808 -0.33467 0.65879 0.49977 0.45190
1403638546.4778294563 2.03874 3.94262 0.76198 -0.33736 0.65845 0.50103 0.44900
1403638546.5778295994 2.05305 4.03958 0.75590 -0.33834 0.65642 0.50421 0.44767
1403638546.6778295040 2.06547 4.13599 0.75584 -0.34191 0.65158 0.51004 0.44542
1403638546.7778294086 2.07772 4.23963 0.76590 -0.34432 0.64703 0.51570 0.44367
1403638546.8778295517 2.08817 4.34249 0.78478 -0.34502 0.64337 0.52062 0.44271
1403638546.9778294563 2.09758 4.44918 0.80134 -0.34372 0.64009 0.52501 0.44329
1403638547.0778295994 2.10656 4.55654 0.81193 -0.34171 0.63761 0.52828 0.44454
1403638547.1778295040 2.11058 4.66921 0.81380 -0.33873 0.63557 0.53149 0.44590
1403638547.2778294086 2.11248 4.77893 0.81430 -0.33681 0.63418 0.53296 0.44758
1403638547.3778295517 2.10562 4.88921 0.80754 -0.33996 0.63563 0.53069 0.44583
1403638547.4778294563 2.09926 5.00098 0.80143 -0.34456 0.63879 0.52696 0.44219
1403638547.5778295994 2.09058 5.11216 0.79012 -0.34764 0.64225 0.52355 0.43881
1403638547.6778295040 2.07522 5.21614 0.77037 -0.34838 0.64339 0.52196 0.43846
1403638547.7778294086 2.06381 5.33048 0.75012 -0.34630 0.64277 0.52249 0.44037
1403638547.8778295517 2.04492 5.43151 0.72271 -0.34293 0.63980 0.52457 0.44484
1403638547.9778294563 2.02873 5.54961 0.69965 -0.34307 0.63969 0.52491 0.44450
1403638548.0778295994 2.00536 5.65511 0.68140 -0.34586 0.63917 0.52721 0.44032
1403638548.1778295040 1.98540 5.78466 0.67496 -0.35021 0.63542 0.53263 0.43578
1403638548.2778294086 1.96008 5.90762 0.67529 -0.35678 0.62901 0.54111 0.42925
1403638548.3778295517 1.93377 6.03470 0.68502 -0.36441 0.61954 0.55254 0.42198
1403638548.4778294563 1.90756 6.15840 0.70261 -0.37255 0.60989 0.56319 0.41481
1403638548.5778295994 1.88213 6.28283 0.72009 -0.37910 0.60190 0.57113 0.40965
1403638548.6778295040 1.85848 6.40355 0.73391 -0.38401 0.59633 0.57663 0.40549
1403638548.7778294086 1.83487 6.53009 0.74464 -0.38678 0.59241 0.58068 0.40281
1403638548.8778295517 1.81075 6.65738 0.76028 -0.38812 0.59023 0.58339 0.40081
1403638548.9778294563 1.78704 6.78176 0.78351 -0.38960 0.58911 0.58440 0.39954
1403638549.0778295994 1.76034 6.91206 0.80927 -0.39011 0.58884 0.58484 0.39879
1403638549.1778295040 1.73496 7.03940 0.84227 -0.39134 0.58875 0.58393 0.39907
1403638549.2778294086 1.70785 7.17132 0.87960 -0.39203 0.58963 0.58296 0.39850
1403638549.3778295517 1.68149 7.30521 0.92196 -0.39428 0.59114 0.58062 0.39747
1403638549.4778294563 1.65473 7.43978 0.96072 -0.39611 0.59259 0.57850 0.39657
1403638549.5778295994 1.62830 7.57859 0.99486 -0.39745 0.59267 0.57679 0.39760
1403638549.6778295040 1.60345 7.71575 1.02312 -0.39878 0.59217 0.57527 0.39922
1403638549.7778294086 1.57948 7.85521 1.05296 -0.39715 0.59236 0.57579 0.39980
1403638549.8778295517 1.55687 7.99276 1.08768 -0.39616 0.59387 0.57596 0.39831
1403638549.9778294563 1.53209 8.14017 1.13285 -0.39577 0.59477 0.57600 0.39728
1403638550.0778295994 1.51071 8.28492 1.18466 -0.39605 0.59510 0.57577 0.39684
1403638550.1778295040 1.49018 8.43111 1.24465 -0.39681 0.59557 0.57567 0.39552
1403638550.2778294086 1.47240 8.58078 1.31094 -0.39628 0.59513 0.57655 0.39543
1403638550.3778295517 1.45407 8.73028 1.38017 -0.39633 0.59412 0.57699 0.39626
1403638550.4778294563 1.43912 8.88162 1.44271 -0.39902 0.59471 0.57547 0.39488
1403638550.5778295994 1.42543 9.03235 1.49587 -0.40290 0.59535 0.57317 0.39332
1403638550.6778295040 1.41582 9.17952 1.54294 -0.40783 0.59371 0.56986 0.39553
1403638550.7778294086 1.41026 9.32353 1.58546 -0.41083 0.59293 0.56773 0.39665
1403638550.8778295517 1.40914 9.46690 1.62416 -0.41678 0.58915 0.56353 0.40204
1403638550.9778294563 1.40949 9.61358 1.66013 -0.42246 0.58498 0.55907 0.40836
1403638551.0778295994 1.41350 9.74305 1.69018 -0.42620 0.58248 0.55619 0.41198
1403638551.1778295040 1.41970 9.87258 1.72250 -0.43061 0.58294 0.55341 0.41047
1403638551.2778294086 1.43100 9.99088 1.75828 -0.43130 0.58467 0.55231 0.40877
1403638551.3778295517 1.44829 10.10473 1.80178 -0.42660 0.59236 0.54934 0.40663
1403638551.4778294563 1.47262 10.20408 1.83680 -0.41925 0.60493 0.54007 0.40819
1403638551.5778295994 1.50389 10.30672 1.87049 -0.41313 0.62008 0.52388 0.41276
1403638551.6778295040 1.54111 10.40788 1.89797 -0.40635 0.63715 0.50551 0.41639
1403638551.7778294086 1.58734 10.50880 1.92139 -0.39721 0.65138 0.48710 0.42504
1403638551.8778295517 1.64198 10.60487 1.94089 -0.38714 0.66204 0.47159 0.43523
1403638551.9778294563 1.70438 10.69310 1.96352 -0.37529 0.66544 0.46393 0.44845
1403638552.0778295994 1.77231 10.76964 1.99306 -0.36580 0.66697 0.45892 0.45905
1403638552.1778295040 1.84312 10.83565 2.02699 -0.35995 0.67186 0.45585 0.45962
1403638552.2778294086 1.91749 10.89822 2.06672 -0.35580 0.67582 0.45489 0.45798
1403638552.3778295517 1.99453 10.95465 2.10547 -0.35780 0.67687 0.45207 0.45768
1403638552.4778294563 2.07572 11.00704 2.13808 -0.36505 0.67324 0.44657 0.46267
1403638552.5778295994 2.15973 11.04502 2.16548 -0.37063 0.66952 0.44315 0.46689
1403638552.6778295040 2.24712 11.07599 2.18682 -0.37125 0.66721 0.44441 0.46852
1403638552.7778294086 2.33765 11.09739 2.20138 -0.37066 0.66653 0.44669 0.46778
1403638552.8778295517 2.43227 11.11735 2.21136 -0.36852 0.66514 0.45065 0.46765
1403638552.9778294563 2.52901 11.12354 2.21727 -0.36421 0.66274 0.45673 0.46855
1403638553.0778295994 2.62803 11.13132 2.21785 -0.36054 0.66045 0.46213 0.46931
1403638553.1778295040 2.72624 11.12850 2.21692 -0.36601 0.65659 0.46085 0.47175
1403638553.2778294086 2.82615 11.12507 2.21637 -0.37329 0.65087 0.45762 0.47708
1403638553.3778295517 2.92465 11.10771 2.22084 -0.37497 0.64563 0.45848 0.48203
1403638553.4778294563 3.02233 11.08126 2.23057 -0.37150 0.64013 0.46204 0.48861
1403638553.5778295994 3.11774 11.04443 2.24614 -0.36845 0.63581 0.46502 0.49370
1403638553.6778295040 3.21164 10.99560 2.26496 -0.36624 0.63486 0.46732 0.49440
1403638553.7778294086 3.30208 10.93578 2.29248 -0.36437 0.63535 0.46920 0.49338
1403638553.8778295517 3.38256 10.86451 2.32484 -0.36210 0.63714 0.47070 0.49130
1403638553.9778294563 3.46822 10.79258 2.36176 -0.36136 0.64022 0.47115 0.48740
1403638554.0778295994 3.53859 10.70552 2.38876 -0.35979 0.64351 0.47206 0.48333
1403638554.1778295040 3.62346 10.62661 2.41868 -0.35492 0.64644 0.47578 0.47936
1403638554.2778294086 3.69270 10.53352 2.43418 -0.34696 0.65226 0.48162 0.47141
1403638554.3778295517 3.77290 10.45092 2.45434 -0.34104 0.65550 0.48625 0.46645
1403638554.4778294563 3.84612 10.36715 2.47037 -0.33836 0.65692 0.48845 0.46409
1403638554.5778295994 3.91395 10.28310 2.48130 -0.33947 0.65780 0.48814 0.46236
1403638554.6778295040 3.97658 10.19480 2.48936 -0.34536 0.66005 0.48435 0.45876
1403638554.7778294086 4.04135 10.11195 2.50660 -0.35033 0.66070 0.48114 0.45745
1403638554.8778295517 4.10456 10.02561 2.52562 -0.35340 0.66084 0.47917 0.45694
1403638554.9778294563 4.16984 9.94014 2.54572 -0.35598 0.66154 0.47600 0.45724
1403638555.0778295994 4.23993 9.86083 2.56243 -0.35240 0.66475 0.47176 0.45975
1403638555.1778295040 4.30694 9.77195 2.56928 -0.34576 0.67085 0.46512 0.46268
1403638555.2778294086 4.37994 9.69205 2.57603 -0.33971 0.67711 0.45713 0.46600
1403638555.3778295517 4.45407 9.60773 2.57654 -0.33267 0.68033 0.45246 0.47091
1403638555.4778294563 4.52803 9.52177 2.57247 -0.32690 0.68246 0.44941 0.47478
1403638555.5778295994 4.60171 9.43560 2.56738 -0.32457 0.68381 0.44676 0.47694
1403638555.6778295040 4.67616 9.34795 2.56853 -0.32396 0.68555 0.44511 0.47639
1403638555.7778294086 4.74860 9.25934 2.57881 -0.32300 0.68675 0.44530 0.47514
1403638555.8778295517 4.81956 9.16840 2.59602 -0.32233 0.68674 0.44629 0.47467
1403638555.9778294563 4.89206 9.08309 2.62043 -0.32106 0.68545 0.44796 0.47583
1403638556.0778295994 4.96496 8.99765 2.64743 -0.31956 0.68554 0.44932 0.47543
1403638556.1778295040 5.03753 8.91872 2.67104 -0.31860 0.68990 0.44989 0.46918
1403638556.2778294086 5.11168 8.83781 2.68768 -0.31714 0.69315 0.45096 0.46434
1403638556.3778295517 5.18640 8.76691 2.70049 -0.31589 0.69528 0.45175 0.46122
1403638556.4778294563 5.26429 8.69183 2.71106 -0.31349 0.69834 0.45305 0.45693
1403638556.5778295994 5.34185 8.63428 2.72207 -0.31297 0.70133 0.45270 0.45305
1403638556.6778295040 5.42173 8.58279 2.73399 -0.32040 0.70391 0.44661 0.44987
1403638556.7778294086 5.50747 8.52275 2.75453 -0.32705 0.70074 0.44185 0.45473
1403638556.8778295517 5.59487 8.47658 2.78164 -0.33284 0.69928 0.43756 0.45690
1403638556.9778294563 5.68743 8.43244 2.81239 -0.33630 0.69786 0.43496 0.45902
1403638557.0778295994 5.78558 8.38865 2.83692 -0.33496 0.69639 0.43641 0.46086
1403638557.1778295040 5.88784 8.34501 2.85409 -0.33344 0.69478 0.43800 0.46288
1403638557.2778294086 5.99284 8.30062 2.86500 -0.33242 0.69370 0.43911 0.46418
1403638557.3778295517 6.10145 8.25561 2.87067 -0.32999 0.69247 0.44125 0.46572
1403638557.4778294563 6.21123 8.21132 2.87811 -0.32454 0.68945 0.44563 0.46983
1403638557.5778295994 6.32136 8.16653 2.89125 -0.32009 0.68705 0.44875 0.47342
1403638557.6778295040 6.43154 8.12232 2.90911 -0.31758 0.68590 0.45062 0.47500
1403638557.7778294086 6.54033 8.07897 2.93015 -0.31757 0.68560 0.45027 0.47576
1403638557.8778295517 6.64680 8.03552 2.94570 -0.31463 0.68559 0.45166 0.47643
1403638557.9778294563 6.75454 7.99168 2.95666 -0.31183 0.68682 0.45331 0.47493
1403638558.0778295994 6.86134 7.94925 2.96216 -0.31078 0.69057 0.45411 0.46938
1403638558.1778295040 6.96808 7.90934 2.96491 -0.30779 0.69637 0.45567 0.46119
1403638558.2778294086 7.07594 7.87465 2.97309 -0.30415 0.70049 0.45742 0.45560
1403638558.3778295517 7.18491 7.84794 2.99168 -0.29936 0.70182 0.46017 0.45395
1403638558.4778294563 7.29217 7.82807 3.01778 -0.29291 0.70549 0.46382 0.44874
1403638558.5778295994 7.40045 7.81780 3.05107 -0.29407 0.70806 0.46253 0.44523
1403638558.6778295040 7.51080 7.81772 3.08975 -0.30233 0.70885 0.45603 0.44516
1403638558.7778294086 7.62459 7.82383 3.12869 -0.31016 0.70857 0.44991 0.44645
1403638558.8778295517 7.74444 7.83487 3.15910 -0.31283 0.70729 0.44778 0.44874
1403638558.9778294563 7.86735 7.85036 3.18239 -0.31475 0.70249 0.44656 0.45609
1403638559.0778295994 7.99147 7.86883 3.19727 -0.31548 0.69802 0.44638 0.46257
1403638559.1778295040 8.11685 7.89027 3.20528 -0.31587 0.69460 0.44679 0.46705
1403638559.2778294086 8.24094 7.91332 3.20651 -0.31386 0.69176 0.44912 0.47037
1403638559.3778295517 8.36511 7.93679 3.20153 -0.31028 0.68945 0.45236 0.47303
1403638559.4778294563 8.48867 7.96166 3.19339 -0.30826 0.68710 0.45457 0.47565
1403638559.5778295994 8.60750 7.98746 3.18014 -0.30724 0.68492 0.45609 0.47799
1403638559.6778295040 8.72283 8.01568 3.16402 -0.30788 0.68386 0.45628 0.47890
1403638559.7778294086 8.83244 8.04413 3.15063 -0.30824 0.68301 0.45696 0.47925
1403638559.8778295517 8.93932 8.07624 3.14332 -0.30954 0.68379 0.45622 0.47800
1403638559.9778294563 9.04381 8.10873 3.13634 -0.30840 0.68737 0.45031 0.47920
1403638560.0778295994 9.15029 8.14382 3.12492 -0.30304 0.69530 0.43752 0.48301
1403638560.1778295040 9.25550 8.17792 3.10624 -0.29335 0.70509 0.41952 0.49071
1403638560.2778294086 9.35927 8.21272 3.08241 -0.28108 0.71598 0.39838 0.49966
1403638560.3778295517 9.46103 8.24632 3.05663 -0.26992 0.72389 0.37415 0.51297
1403638560.4778294563 9.55871 8.27754 3.02748 -0.25728 0.73200 0.34903 0.52550
1403638560.5778295994 9.65122 8.30370 2.99382 -0.24603 0.74131 0.32219 0.53490
1403638560.6778295040 9.74014 8.32562 2.95625 -0.23638 0.75190 0.29425 0.54054
1403638560.7778294086 9.82550 8.34069 2.92216 -0.22920 0.76076 0.26870 0.54452
1403638560.8778295517 9.90895 8.34793 2.89584 -0.21850 0.76729 0.24589 0.55051
1403638560.9778294563 9.99256 8.34870 2.87726 -0.20627 0.77164 0.22496 0.55806
1403638561.0778295994 10.07372 8.34163 2.86668 -0.19406 0.77424 0.20504 0.56644
1403638561.1778295040 10.15034 8.32571 2.86248 -0.18318 0.77565 0.18735 0.57420
1403638561.2778294086 10.22293 8.30278 2.86495 -0.17634 0.77596 0.17396 0.58011
1403638561.3778295517 10.28814 8.27148 2.87004 -0.16729 0.78056 0.16918 0.57803
1403638561.4778294563 10.34856 8.23372 2.87161 -0.15371 0.78639 0.17280 0.57280
1403638561.5778295994 10.40760 8.19280 2.86722 -0.14409 0.78981 0.17754 0.56914
1403638561.6778295040 10.46442 8.15094 2.85824 -0.14030 0.79144 0.18044 0.56691
1403638561.7778294086 10.51926 8.10812 2.84361 -0.13946 0.79156 0.18284 0.56618
1403638561.8778295517 10.56890 8.06245 2.82229 -0.13699 0.79091 0.18351 0.56747
1403638561.9778294563 10.62037 8.01678 2.79714 -0.13193 0.79186 0.17927 0.56869
1403638562.0778295994 10.66444 7.96848 2.77384 -0.12463 0.79365 0.17058 0.57051
1403638562.1778295040 10.70823 7.91974 2.75741 -0.11717 0.79551 0.16101 0.57229
1403638562.2778294086 10.75039 7.87261 2.74539 -0.11084 0.79655 0.15292 0.57432
1403638562.3778295517 10.78968 7.82519 2.73983 -0.10498 0.79748 0.14116 0.57713
1403638562.4778294563 10.82527 7.77626 2.73837 -0.09724 0.79987 0.12531 0.57883
1403638562.5778295994 10.85814 7.72744 2.74451 -0.08782 0.80229 0.10538 0.58096
1403638562.6778295040 10.88847 7.67707 2.75548 -0.07926 0.80524 0.08139 0.58197
1403638562.7778294086 10.91605 7.62458 2.76812 -0.07060 0.80698 0.05530 0.58373
1403638562.8778295517 10.93903 7.56850 2.77672 -0.05728 0.80832 0.03083 0.58514
1403638562.9778294563 10.95779 7.50904 2.77902 -0.04296 0.80918 0.00834 0.58592
1403638563.0778295994 10.97266 7.44646 2.77603 -0.03412 0.80922 -0.01556 0.58631
1403638563.1778295040 10.98062 7.37973 2.76941 -0.02237 0.80920 -0.03508 0.58605
1403638563.2778294086 10.98475 7.30826 2.75888 -0.01105 0.80621 -0.04866 0.58952
1403638563.3778295517 10.98244 7.23277 2.74367 -0.00467 0.79856 -0.05813 0.59909
1403638563.4778294563 10.97325 7.15352 2.72257 -0.00354 0.79258 -0.06492 0.60629
1403638563.5778295994 10.95752 7.06863 2.70083 0.00196 0.79320 -0.06446 0.60553
1403638563.6778295040 10.93469 6.97943 2.68473 0.00210 0.79677 -0.06441 0.60084
1403638563.7778294086 10.90630 6.88430 2.67535 -0.00096 0.79907 -0.06464 0.59775
1403638563.8778295517 10.87183 6.78500 2.67465 -0.00411 0.79873 -0.06370 0.59830
1403638563.9778294563 10.83377 6.67970 2.67955 -0.00770 0.79772 -0.06194 0.59979
1403638564.0778295994 10.78669 6.57007 2.68257 -0.01216 0.79840 -0.05967 0.59903
1403638564.1778295040 10.73406 6.45468 2.68045 -0.01391 0.79836 -0.05495 0.59951
1403638564.2778294086 10.68042 6.33068 2.67564 -0.01321 0.79678 -0.04934 0.60211
1403638564.3778295517 10.61584 6.20607 2.67685 -0.01332 0.79540 -0.04424 0.60432
1403638564.4778294563 10.54919 6.07532 2.68484 -0.01270 0.79417 -0.03988 0.60626
1403638564.5778295994 10.46892 5.94404 2.69712 -0.01541 0.79597 -0.03937 0.60385
1403638564.6778295040 10.38595 5.80928 2.70904 -0.02049 0.79776 -0.04221 0.60114
1403638564.7778294086 10.29143 5.67079 2.71374 -0.02420 0.79840 -0.04526 0.59994
1403638564.8778295517 10.19785 5.52571 2.71292 -0.02636 0.79796 -0.04772 0.60024
1403638564.9778294563 10.09587 5.37245 2.69071 -0.02821 0.79746 -0.04938 0.60069
1403638565.0778295994 9.99220 5.21268 2.65616 -0.02942 0.79787 -0.05008 0.60003
1403638565.1778295040 9.88481 5.04777 2.60616 -0.02987 0.79865 -0.05028 0.59894
1403638565.2778294086 9.77367 4.87761 2.54993 -0.02821 0.79964 -0.04947 0.59778
1403638565.3778295517 9.65919 4.70318 2.49090 -0.02542 0.80067 -0.04821 0.59662
1403638565.4778294563 9.54151 4.52385 2.43121 -0.02242 0.79999 -0.04725 0.59773
1403638565.5778295994 9.42235 4.34307 2.37791 -0.01577 0.79784 -0.04501 0.60097
1403638565.6778295040 9.29830 4.15953 2.33330 -0.00395 0.79750 -0.03904 0.60204
1403638565.7778294086 9.17248 3.97798 2.29400 0.00519 0.80015 -0.03468 0.59877
1403638565.8778295517 9.03881 3.79752 2.26258 0.01250 0.80228 -0.03141 0.59599
1403638565.9778294563 8.90098 3.62011 2.23462 0.01503 0.80407 -0.03201 0.59349
1403638566.0778295994 8.76091 3.44609 2.20069 0.01661 0.80505 -0.03242 0.59209
1403638566.1778295040 8.61935 3.27515 2.15768 0.01457 0.80520 -0.03386 0.59186
1403638566.2778294086 8.47589 3.10708 2.10583 0.01516 0.80476 -0.03302 0.59248
1403638566.3778295517 8.33276 2.94123 2.04503 0.01538 0.80571 -0.03194 0.59125
1403638566.4778294563 8.18979 2.77775 1.97807 0.01198 0.80592 -0.03260 0.59100
1403638566.5778295994 8.04870 2.61932 1.90511 0.01127 0.80903 -0.03076 0.58685
1403638566.6778295040 7.90750 2.46471 1.82477 0.01055 0.81828 -0.02884 0.57399
1403638566.7778294086 7.77132 2.31443 1.73948 0.00994 0.82992 -0.02691 0.55714
1403638566.8778295517 7.64300 2.16804 1.65138 0.00838 0.83791 -0.02558 0.54515
1403638566.9778294563 7.52335 2.02456 1.56134 0.00841 0.84179 -0.02264 0.53927
1403638567.0778295994 7.41219 1.88496 1.47347 0.00802 0.83364 -0.02115 0.55184
1403638567.1778295040 7.30868 1.74673 1.38291 0.00978 0.82124 -0.01903 0.57018
1403638567.2778294086 7.20754 1.61025 1.28788 0.01266 0.81253 -0.01720 0.58252
1403638567.3778295517 7.10558 1.47786 1.18787 0.01544 0.81059 -0.01652 0.58517
1403638567.4778294563 7.00148 1.34920 1.09193 0.01730 0.81138 -0.01732 0.58401
1403638567.5778295994 6.89552 1.22299 1.00206 0.01864 0.81491 -0.01894 0.57898
1403638567.6778295040 6.78605 1.09682 0.92181 0.02198 0.81815 -0.01936 0.57426
1403638567.7778294086 6.68069 0.97727 0.85155 0.02403 0.82139 -0.01986 0.56951
1403638567.8778295517 6.58101 0.86322 0.79016 0.02329 0.82480 -0.02208 0.56451
1403638567.9778294563 6.49175 0.75722 0.73618 0.02330 0.82574 -0.02310 0.56309
1403638568.0778295994 6.40830 0.65617 0.69104 0.02637 0.82556 -0.02136 0.56330
1403638568.1778295040 6.32931 0.56111 0.65587 0.02848 0.82482 -0.02014 0.56432
1403638568.2778294086 6.25273 0.47097 0.62754 0.02954 0.82468 -0.02048 0.56446
1403638568.3778295517 6.17996 0.38541 0.59952 0.02969 0.82514 -0.02088 0.56376
1403638568.4778294563 6.10829 0.30428 0.56366 0.03023 0.82598 -0.02082 0.56251
1403638568.5778295994 6.04429 0.22839 0.52844 0.03122 0.82734 -0.02021 0.56047
1403638568.6778295040 5.98151 0.15618 0.48687 0.03260 0.82911 -0.01884 0.55782
1403638568.7778294086 5.92838 0.09285 0.45275 0.03230 0.83043 -0.01890 0.55586
1403638568.8778295517 5.87905 0.03649 0.42735 0.03039 0.82981 -0.02056 0.55684
1403638568.9778294563 5.83190 -0.01872 0.40536 0.03232 0.82924 -0.01887 0.55763
1403638569.0778295994 5.79140 -0.06771 0.39590 0.03387 0.82901 -0.01786 0.55792
1403638569.1778295040 5.75232 -0.11370 0.38863 0.03448 0.82981 -0.01783 0.55670
1403638569.2778294086 5.71837 -0.15291 0.38545 0.03661 0.83103 -0.01681 0.55477
1403638569.3778295517 5.68843 -0.18820 0.37392 0.03747 0.83093 -0.01656 0.55486
1403638569.4778294563 5.66489 -0.21955 0.35873 0.03798 0.82949 -0.01613 0.55700
1403638569.5778295994 5.64593 -0.24323 0.33969 0.03867 0.82821 -0.01577 0.55886
1403638569.6778295040 5.63194 -0.26090 0.32638 0.03773 0.82709 -0.01671 0.56056
1403638569.7778294086 5.62093 -0.27280 0.31939 0.03865 0.82624 -0.01607 0.56175
1403638569.8778295517 5.61518 -0.28062 0.31709 0.03965 0.82497 -0.01497 0.56358
1403638569.9778294563 5.60990 -0.28197 0.32004 0.03838 0.82345 -0.01580 0.56587
1403638570.0778295994 5.60886 -0.27695 0.32071 0.03604 0.82287 -0.01732 0.56682
1403638570.1778295040 5.61037 -0.26779 0.31543 0.03106 0.82306 -0.02010 0.56676
1403638570.2778294086 5.61375 -0.25615 0.30430 0.02344 0.82257 -0.02471 0.56764
1403638570.3778295517 5.61916 -0.24320 0.28874 0.01708 0.82236 -0.03201 0.56781
1403638570.4778294563 5.62964 -0.23231 0.26697 0.01277 0.82197 -0.04755 0.56741
1403638570.5778295994 5.63234 -0.22551 0.23945 0.00574 0.81947 -0.07459 0.56821
1403638570.6778295040 5.63817 -0.22643 0.20831 0.00649 0.81447 -0.10378 0.57081
1403638570.7778294086 5.64210 -0.23719 0.17459 0.01365 0.80352 -0.13140 0.58043
1403638570.8778295517 5.64068 -0.25839 0.13908 0.02614 0.79196 -0.15591 0.58975
1403638570.9778294563 5.63224 -0.29011 0.10045 0.04154 0.78389 -0.17733 0.59359
1403638571.0778295994 5.61559 -0.33220 0.05768 0.05840 0.78122 -0.19646 0.58966
1403638571.1778295040 5.58921 -0.38296 0.01701 0.07992 0.78386 -0.20887 0.57926
1403638571.2778294086 5.55666 -0.44118 -0.01417 0.10009 0.78510 -0.21534 0.57204
1403638571.3778295517 5.51697 -0.50345 -0.03537 0.11271 0.78444 -0.22074 0.56854
1403638571.4778294563 5.47168 -0.56937 -0.04725 0.11863 0.78161 -0.22550 0.56935
1403638571.5778295994 5.42139 -0.63827 -0.05579 0.12552 0.77920 -0.22972 0.56949
1403638571.6778295040 5.36722 -0.70991 -0.06868 0.13176 0.77889 -0.23910 0.56462
1403638571.7778294086 5.30994 -0.78509 -0.08688 0.13989 0.77834 -0.25249 0.55755
1403638571.8778295517 5.25077 -0.86349 -0.10934 0.14727 0.77538 -0.27017 0.55146
1403638571.9778294563 5.18850 -0.94657 -0.12830 0.15503 0.76936 -0.29010 0.54762
1403638572.0778295994 5.12344 -1.03299 -0.13946 0.16422 0.76246 -0.30926 0.54410
1403638572.1778295040 5.05381 -1.12346 -0.14182 0.18004 0.75562 -0.32439 0.53981
1403638572.2778294086 4.98058 -1.21687 -0.13940 0.19426 0.75130 -0.34095 0.53062
1403638572.3778295517 4.90661 -1.31355 -0.13873 0.20751 0.74645 -0.35926 0.52028
1403638572.4778294563 4.83313 -1.41267 -0.14068 0.22163 0.74244 -0.37234 0.51091
1403638572.5778295994 4.76079 -1.51603 -0.14370 0.23262 0.73860 -0.38097 0.50519
1403638572.6778295040 4.69095 -1.62162 -0.14545 0.23857 0.73678 -0.38636 0.50096
1403638572.7778294086 4.62368 -1.73243 -0.13907 0.24644 0.73815 -0.38609 0.49532
1403638572.8778295517 4.56101 -1.84571 -0.12463 0.25011 0.74055 -0.38536 0.49043
1403638572.9778294563 4.50235 -1.96193 -0.10528 0.25076 0.74269 -0.38430 0.48769
1403638573.0778295994 4.44823 -2.08086 -0.09033 0.25009 0.74475 -0.38306 0.48587
1403638573.1778295040 4.39854 -2.20203 -0.08220 0.24832 0.74634 -0.38182 0.48531
1403638573.2778294086 4.35313 -2.32559 -0.07516 0.24668 0.74774 -0.37981 0.48558
1403638573.3778295517 4.31168 -2.45328 -0.06859 0.24588 0.74851 -0.37887 0.48551
1403638573.4778294563 4.27763 -2.58238 -0.05688 0.24899 0.74862 -0.37901 0.48365
1403638573.5778295994 4.24812 -2.71657 -0.03927 0.25068 0.74853 -0.37929 0.48270
1403638573.6778295040 4.22419 -2.85141 -0.01437 0.25357 0.74887 -0.37987 0.48021
1403638573.7778294086 4.20517 -2.98949 0.01527 0.26040 0.74526 -0.38331 0.47943
1403638573.8778295517 4.19270 -3.12807 0.04401 0.27392 0.73498 -0.38899 0.48318
1403638573.9778294563 4.18566 -3.26605 0.06749 0.28555 0.71960 -0.40264 0.48839
1403638574.0778295994 4.18134 -3.40081 0.08391 0.29116 0.69941 -0.42435 0.49596
1403638574.1778295040 4.17745 -3.53055 0.09426 0.29702 0.67734 -0.44853 0.50180
1403638574.2778294086 4.17146 -3.65654 0.09996 0.30639 0.65880 -0.47095 0.50031
1403638574.3778295517 4.15778 -3.77870 0.10199 0.31888 0.64561 -0.49094 0.49039
1403638574.4778294563 4.13710 -3.89903 0.10076 0.33247 0.63411 -0.50902 0.47777
1403638574.5778295994 4.11149 -4.01590 0.10332 0.34296 0.62356 -0.52321 0.46883
1403638574.6778295040 4.08161 -4.13130 0.11445 0.35489 0.61725 -0.53030 0.46026
1403638574.7778294086 4.05073 -4.24706 0.13169 0.36577 0.61713 -0.53278 0.44890
1403638574.8778295517 4.02014 -4.36263 0.15266 0.36717 0.61932 -0.53709 0.43951
1403638574.9778294563 3.98850 -4.47372 0.16866 0.36581 0.62179 -0.54026 0.43322
1403638575.0778295994 3.95678 -4.58212 0.17713 0.35822 0.62052 -0.54557 0.43473
1403638575.1778295040 3.92363 -4.69023 0.17945 0.35230 0.61793 -0.54885 0.43910
1403638575.2778294086 3.88820 -4.80053 0.17967 0.34882 0.61667 -0.54968 0.44260
1403638575.3778295517 3.84907 -4.91193 0.17351 0.34566 0.62009 -0.54961 0.44039
1403638575.4778294563 3.80782 -5.02490 0.16497 0.34390 0.62560 -0.54790 0.43608
1403638575.5778295994 3.76326 -5.14182 0.15509 0.34305 0.63067 -0.54528 0.43271
1403638575.6778295040 3.71728 -5.26368 0.15225 0.34662 0.63701 -0.53990 0.42729
1403638575.7778294086 3.67168 -5.38665 0.15771 0.34774 0.64356 -0.53677 0.42045
1403638575.8778295517 3.62847 -5.51395 0.17283 0.34773 0.64779 -0.53460 0.41671
1403638575.9778294563 3.58942 -5.64414 0.19890 0.34724 0.64814 -0.53380 0.41760
1403638576.0778295994 3.55328 -5.78026 0.23197 0.34791 0.64875 -0.53237 0.41793
1403638576.1778295040 3.51960 -5.92454 0.27009 0.34870 0.64718 -0.53192 0.42027
1403638576.2778294086 3.48989 -6.07048 0.30478 0.35278 0.64768 -0.52934 0.41936
1403638576.3778295517 3.46370 -6.22065 0.33283 0.35738 0.64919 -0.52632 0.41691
1403638576.4778294563 3.44259 -6.37512 0.35550 0.36125 0.65179 -0.52376 0.41273
1403638576.5778295994 3.42807 -6.53263 0.37318 0.36587 0.65586 -0.52079 0.40590
1403638576.6778295040 3.42160 -6.68946 0.38621 0.36907 0.65731 -0.51858 0.40351
1403638576.7778294086 3.42379 -6.84991 0.39494 0.37392 0.65491 -0.51492 0.40761
1403638576.8778295517 3.43307 -7.01107 0.39873 0.37652 0.64991 -0.51321 0.41530
1403638576.9778294563 3.44922 -7.17296 0.39805 0.37439 0.64356 -0.51507 0.42469
1403638577.0778295994 3.47085 -7.33289 0.39689 0.37001 0.63984 -0.51852 0.42993
1403638577.1778295040 3.49625 -7.49111 0.40338 0.36709 0.63709 -0.52068 0.43388
1403638577.2778294086 3.52436 -7.64472 0.41549 0.36746 0.63763 -0.52042 0.43309
1403638577.3778295517 3.55489 -7.79920 0.43658 0.37414 0.64182 -0.51545 0.42709
1403638577.4778294563 3.58943 -7.95117 0.46297 0.37851 0.64427 -0.51214 0.42351
1403638577.5778295994 3.62920 -8.10243 0.48563 0.37554 0.64430 -0.51390 0.42398
1403638577.6778295040 3.67397 -8.25208 0.50266 0.37212 0.64330 -0.51602 0.42592
1403638577.7778294086 3.72224 -8.39992 0.51188 0.36935 0.64287 -0.51755 0.42714
1403638577.8778295517 3.77479 -8.54611 0.51601 0.36902 0.64308 -0.51728 0.42744
1403638577.9778294563 3.83055 -8.68895 0.51672 0.36981 0.64363 -0.51585 0.42765
1403638578.0778295994 3.89127 -8.83414 0.52459 0.36868 0.64288 -0.51580 0.42979
1403638578.1778295040 3.95590 -8.97534 0.53792 0.36402 0.63994 -0.51825 0.43518
1403638578.2778294086 4.02176 -9.11696 0.55715 0.35544 0.63517 -0.52383 0.44252
1403638578.3778295517 4.08701 -9.25934 0.57640 0.35334 0.63286 -0.52549 0.44554
1403638578.4778294563 4.15001 -9.39944 0.58947 0.35349 0.63248 -0.52590 0.44547
1403638578.5778295994 4.21081 -9.53676 0.59801 0.35349 0.63194 -0.52660 0.44541
1403638578.6778295040 4.26997 -9.67603 0.60214 0.35594 0.63181 -0.52544 0.44501
1403638578.7778294086 4.32639 -9.80899 0.60383 0.36130 0.63433 -0.52201 0.44112
1403638578.8778295517 4.38451 -9.94551 0.60095 0.36643 0.63711 -0.51834 0.43721
1403638578.9778294563 4.44496 -10.07350 0.59806 0.36892 0.63845 -0.51623 0.43564
1403638579.0778295994 4.50761 -10.20711 0.60355 0.36936 0.63915 -0.51519 0.43548
1403638579.1778295040 4.57105 -10.32955 0.61693 0.36991 0.63921 -0.51432 0.43596
1403638579.2778294086 4.63979 -10.45823 0.63607 0.36767 0.63827 -0.51541 0.43794
1403638579.3778295517 4.70633 -10.57116 0.65595 0.36192 0.63512 -0.51915 0.44286
1403638579.4778294563 4.77685 -10.69588 0.67348 0.35609 0.63093 -0.52309 0.44889
1403638579.5778295994 4.84364 -10.80752 0.68353 0.35479 0.62841 -0.52041 0.45651
1403638579.6778295040 4.90817 -10.91728 0.68887 0.35680 0.62897 -0.50827 0.46770
1403638579.7778294086 4.97262 -11.02538 0.68882 0.35513 0.63937 -0.48923 0.47513
1403638579.8778295517 5.03533 -11.12656 0.68154 0.34446 0.65930 -0.46791 0.47721
1403638579.9778294563 5.09670 -11.22056 0.66889 0.32725 0.67926 -0.44276 0.48526
1403638580.0778295994 5.15982 -11.31233 0.65539 0.31260 0.69361 -0.40823 0.50451
1403638580.1778295040 5.22498 -11.39787 0.63854 0.29252 0.70768 -0.37132 0.52511
1403638580.2778294086 5.28308 -11.46661 0.61642 0.26601 0.72444 -0.33644 0.53966
1403638580.3778295517 5.33863 -11.53036 0.58792 0.23565 0.74049 -0.31008 0.54771
1403638580.4778294563 5.38777 -11.58913 0.55446 0.20946 0.75200 -0.29353 0.55177
1403638580.5778295994 5.43318 -11.64653 0.51952 0.19188 0.75923 -0.28013 0.55522
1403638580.6778295040 5.47497 -11.70161 0.48503 0.17652 0.76925 -0.26542 0.55375
1403638580.7778294086 5.51354 -11.75640 0.45738 0.16613 0.77930 -0.25032 0.54994
1403638580.8778295517 5.54996 -11.81192 0.43822 0.16133 0.78618 -0.23934 0.54645
1403638580.9778294563 5.58802 -11.86774 0.43034 0.15540 0.78765 -0.23578 0.54760
1403638581.0778295994 5.62461 -11.92057 0.43197 0.15418 0.78868 -0.23392 0.54727
1403638581.1778295040 5.65783 -11.97216 0.44129 0.15672 0.78862 -0.23234 0.54730
1403638581.2778294086 5.68910 -12.02095 0.45176 0.16077 0.78871 -0.23203 0.54612
1403638581.3778295517 5.72188 -12.06251 0.46916 0.16418 0.78750 -0.23322 0.54635
1403638581.4778294563 5.75111 -12.10687 0.48092 0.16687 0.78540 -0.23489 0.54784
1403638581.5778295994 5.77727 -12.13141 0.51522 0.17013 0.78485 -0.23703 0.54671
1403638581.6778295040 5.80767 -12.16929 0.53402 0.17518 0.78076 -0.23700 0.55097
1403638581.7778294086 5.82442 -12.17350 0.56786 0.17752 0.77712 -0.23876 0.55459
1403638581.8778295517 5.84591 -12.18298 0.58725 0.18064 0.77401 -0.23885 0.55788
1403638581.9778294563 5.87495 -12.20985 0.59214 0.18442 0.76645 -0.23723 0.56768
1403638582.0778295994 5.90048 -12.22547 0.60125 0.18327 0.76824 -0.23902 0.56488
1403638582.1778295040 5.92586 -12.24179 0.61582 0.17932 0.77563 -0.24224 0.55459
1403638582.2778294086 5.94963 -12.25616 0.63924 0.17977 0.77863 -0.24221 0.55022
1403638582.3778295517 5.97771 -12.27060 0.67479 0.18225 0.77538 -0.23999 0.55496
1403638582.4778294563 6.00190 -12.27844 0.71738 0.18436 0.77419 -0.23840 0.55660
1403638582.5778295994 6.02564 -12.28187 0.77253 0.18542 0.77358 -0.23735 0.55755
1403638582.6778295040 6.05188 -12.28831 0.83210 0.18517 0.77467 -0.23756 0.55603
1403638582.7778294086 6.07420 -12.28342 0.90457 0.18345 0.77624 -0.23935 0.55364
1403638582.8778295517 6.09595 -12.27538 0.97768 0.18392 0.77756 -0.23990 0.55139
1403638582.9778294563 6.11693 -12.26264 1.04429 0.18281 0.77976 -0.24151 0.54793
1403638583.0778295994 6.13746 -12.24750 1.10307 0.18192 0.78227 -0.24320 0.54389
1403638583.1778295040 6.15915 -12.23083 1.15404 0.18191 0.78386 -0.24393 0.54127
1403638583.2778294086 6.18329 -12.21362 1.19892 0.18067 0.78446 -0.24521 0.54024
1403638583.3778295517 6.21042 -12.19683 1.22975 0.18110 0.78413 -0.24475 0.54078
1403638583.4778294563 6.23948 -12.17577 1.26811 0.18130 0.78482 -0.24486 0.53966
1403638583.5778295994 6.26951 -12.15466 1.31207 0.18143 0.78480 -0.24475 0.53970
1403638583.6778295040 6.30045 -12.13135 1.36355 0.18312 0.78509 -0.24353 0.53926
1403638583.7778294086 6.33331 -12.10582 1.41557 0.18285 0.78478 -0.24354 0.53979
1403638583.8778295517 6.36521 -12.07024 1.43523 0.18360 0.78393 -0.24306 0.54099
1403638583.9778294563 6.40268 -12.04035 1.47379 0.18401 0.78395 -0.24274 0.54096
1403638584.0778295994 6.43917 -12.00679 1.50492 0.18690 0.78051 -0.24055 0.54591
1403638584.1778295040 6.47802 -11.97577 1.51091 0.19091 0.77156 -0.23712 0.55859
1403638584.2778294086 6.51283 -11.93437 1.53544 0.19304 0.76253 -0.23488 0.57106
1403638584.3778295517 6.54020 -11.88848 1.52354 0.19462 0.75975 -0.23362 0.57474
1403638584.4778294563 6.55338 -11.83027 1.50553 0.19537 0.75964 -0.23291 0.57492
1403638584.5778295994 6.57131 -11.77044 1.51038 0.19501 0.75984 -0.23298 0.57475
1403638584.6778295040 6.58504 -11.70453 1.52154 0.19273 0.76165 -0.23430 0.57258
1403638584.7778294086 6.57731 -11.63125 1.50733 0.18901 0.76848 -0.23643 0.56375
1403638584.8778295517 6.58687 -11.55457 1.53461 0.18275 0.77617 -0.24099 0.55325
1403638584.9778294563 6.57578 -11.47601 1.52406 0.18078 0.77976 -0.24284 0.54802
1403638585.0778295994 6.56850 -11.39447 1.51374 0.18038 0.78101 -0.24343 0.54610
1403638585.1778295040 6.57599 -11.31511 1.52207 0.17798 0.78086 -0.24505 0.54638
1403638585.2778294086 6.55137 -11.24181 1.48755 0.17880 0.77900 -0.24412 0.54918
1403638585.3778295517 6.55472 -11.16294 1.48025 0.17933 0.77694 -0.24342 0.55223
1403638585.4778294563 6.54176 -11.09045 1.46461 0.17902 0.77723 -0.24347 0.55190
1403638585.5778295994 6.54676 -11.01118 1.46282 0.17815 0.77908 -0.24360 0.54951
1403638585.6778295040 6.53893 -10.93652 1.46534 0.17789 0.78167 -0.24344 0.54597
1403638585.7778294086 6.54506 -10.85551 1.47967 0.17476 0.78672 -0.24555 0.53873
1403638585.8778295517 6.54198 -10.77901 1.50335 0.17215 0.79060 -0.24732 0.53306
1403638585.9778294563 6.54526 -10.70396 1.53632 0.17025 0.79054 -0.24925 0.53285
1403638586.0778295994 6.55175 -10.62992 1.57139 0.17209 0.78641 -0.24854 0.53867
1403638586.1778295040 6.56948 -10.55577 1.59736 0.17393 0.78361 -0.24809 0.54236
1403638586.2778294086 6.57582 -10.48069 1.61992 0.17611 0.78102 -0.24689 0.54593
1403638586.3778295517 6.59324 -10.40802 1.63589 0.18193 0.77794 -0.24331 0.55001
1403638586.4778294563 6.59600 -10.32654 1.64766 0.18992 0.77621 -0.23830 0.55194
1403638586.5778295994 6.61125 -10.24937 1.65225 0.19214 0.77549 -0.23714 0.55268
1403638586.6778295040 6.60999 -10.15900 1.64980 0.18924 0.77632 -0.23926 0.55161
1403638586.7778294086 6.62449 -10.07880 1.64139 0.18513 0.77600 -0.24198 0.55226
1403638586.8778295517 6.62363 -9.99042 1.62765 0.18284 0.77487 -0.24282 0.55423
1403638586.9778294563 6.63450 -9.90659 1.60866 0.18306 0.77463 -0.24255 0.55463
1403638587.0778295994 6.63189 -9.81866 1.58901 0.18219 0.77442 -0.24298 0.55502
1403638587.1778295040 6.64058 -9.73047 1.57302 0.18175 0.77563 -0.24293 0.55349
1403638587.2778294086 6.64039 -9.63731 1.56599 0.18098 0.77729 -0.24303 0.55137
1403638587.3778295517 6.64586 -9.54647 1.56419 0.18038 0.77889 -0.24336 0.54915
1403638587.4778294563 6.64727 -9.45248 1.56528 0.17853 0.77895 -0.24511 0.54889
1403638587.5778295994 6.65309 -9.35785 1.56550 0.17774 0.77901 -0.24609 0.54863
1403638587.6778295040 6.65736 -9.26582 1.55835 0.17751 0.77857 -0.24664 0.54908
1403638587.7778294086 6.66257 -9.17310 1.54687 0.17745 0.77819 -0.24704 0.54945
1403638587.8778295517 6.66835 -9.08347 1.53006 0.17659 0.77779 -0.24790 0.54991
1403638587.9778294563 6.67368 -8.99139 1.51018 0.17638 0.77740 -0.24840 0.55031
1403638588.0778295994 6.67876 -8.90541 1.48517 0.17743 0.77692 -0.24723 0.55117
1403638588.1778295040 6.68177 -8.81594 1.45737 0.18405 0.77770 -0.24282 0.54985
1403638588.2778294086 6.68409 -8.72893 1.42924 0.18679 0.77847 -0.24034 0.54894
1403638588.3778295517 6.68809 -8.63483 1.40885 0.18743 0.77883 -0.23962 0.54853
1403638588.4778294563 6.69308 -8.54174 1.39541 0.18566 0.77875 -0.24061 0.54880
1403638588.5778295994 6.69706 -8.44218 1.39086 0.18324 0.77804 -0.24225 0.54990
1403638588.6778295040 6.69682 -8.34218 1.39335 0.18083 0.77724 -0.24353 0.55127
1403638588.7778294086 6.69877 -8.23894 1.40282 0.17929 0.77574 -0.24493 0.55325
1403638588.8778295517 6.69857 -8.13911 1.40827 0.17679 0.77517 -0.24721 0.55385
1403638588.9778294563 6.69735 -8.03822 1.40696 0.17705 0.77509 -0.24749 0.55375
1403638589.0778295994 6.69580 -7.94184 1.39878 0.17747 0.77531 -0.24774 0.55320
1403638589.1778295040 6.69354 -7.83866 1.38294 0.17909 0.77506 -0.24706 0.55333
1403638589.2778294086 6.69180 -7.74043 1.36623 0.17877 0.77403 -0.24718 0.55482
1403638589.3778295517 6.68638 -7.63657 1.34581 0.17896 0.77382 -0.24699 0.55513
1403638589.4778294563 6.68296 -7.53810 1.33311 0.17862 0.77467 -0.24761 0.55378
1403638589.5778295994 6.67455 -7.43402 1.32392 0.17795 0.77462 -0.24801 0.55388
1403638589.6778295040 6.67306 -7.33877 1.32662 0.17754 0.77521 -0.24808 0.55316
1403638589.7778294086 6.66445 -7.23700 1.33319 0.17793 0.77676 -0.24846 0.55069
1403638589.8778295517 6.65764 -7.14604 1.34529 0.17787 0.77731 -0.24944 0.54948
1403638589.9778294563 6.64831 -7.04449 1.34437 0.17827 0.77730 -0.24990 0.54916
1403638590.0778295994 6.63996 -6.95420 1.34634 0.17780 0.77728 -0.25070 0.54897
1403638590.1778295040 6.63060 -6.85316 1.33693 0.17843 0.77622 -0.25102 0.55012
1403638590.2778294086 6.62345 -6.76916 1.33085 0.17801 0.77551 -0.25159 0.55099
1403638590.3778295517 6.61301 -6.67042 1.31381 0.17825 0.77582 -0.25204 0.55028
1403638590.4778294563 6.60423 -6.57319 1.29743 0.17833 0.77641 -0.25229 0.54931
1403638590.5778295994 6.59211 -6.47622 1.27948 0.17729 0.77749 -0.25296 0.54780
1403638590.6778295040 6.58263 -6.37816 1.26982 0.17542 0.77919 -0.25397 0.54551
1403638590.7778294086 6.57151 -6.28433 1.26893 0.17467 0.78001 -0.25443 0.54437
1403638590.8778295517 6.56163 -6.19231 1.27457 0.17486 0.78086 -0.25440 0.54310
1403638590.9778294563 6.55158 -6.09948 1.28771 0.17359 0.78146 -0.25529 0.54223
1403638591.0778295994 6.53953 -6.00939 1.30349 0.17217 0.78235 -0.25666 0.54075
1403638591.1778295040 6.53118 -5.91808 1.31415 0.17133 0.78656 -0.25784 0.53432
1403638591.2778294086 6.52151 -5.82422 1.31519 0.16891 0.79240 -0.25999 0.52533
1403638591.3778295517 6.51731 -5.73975 1.31229 0.16564 0.79671 -0.26250 0.51856
1403638591.4778294563 6.51980 -5.66444 1.30494 0.16296 0.79946 -0.26462 0.51409
1403638591.5778295994 6.52876 -5.59594 1.29176 0.16027 0.80221 -0.26690 0.50945
1403638591.6778295040 6.54383 -5.53576 1.27486 0.15891 0.80249 -0.26802 0.50885
1403638591.7778294086 6.56586 -5.48544 1.25833 0.16059 0.80063 -0.26698 0.51178
1403638591.8778295517 6.59602 -5.44571 1.24326 0.16148 0.79833 -0.26614 0.51552
1403638591.9778294563 6.63151 -5.41484 1.23593 0.16213 0.79572 -0.26540 0.51972
1403638592.0778295994 6.67155 -5.39153 1.23727 0.16247 0.79317 -0.26432 0.52404
1403638592.1778295040 6.71661 -5.37034 1.24794 0.16044 0.79032 -0.26249 0.52986
1403638592.2778294086 6.76435 -5.36425 1.27083 0.15520 0.78484 -0.25714 0.54204
1403638592.3778295517 6.81151 -5.35643 1.30323 0.14608 0.78223 -0.24829 0.55238
1403638592.4778294563 6.85708 -5.34631 1.34271 0.13430 0.78463 -0.23446 0.55798
1403638592.5778295994 6.89942 -5.34023 1.38754 0.12655 0.79191 -0.22021 0.55531
1403638592.6778295040 6.93938 -5.33766 1.43768 0.12002 0.79929 -0.20892 0.55052
1403638592.7778294086 6.97841 -5.33967 1.48662 0.11492 0.80631 -0.20133 0.54417
1403638592.8778295517 7.01765 -5.34565 1.53042 0.11085 0.81132 -0.19667 0.53926
1403638592.9778294563 7.05911 -5.35447 1.56938 0.11018 0.81382 -0.19296 0.53696
1403638593.0778295994 7.10519 -5.36921 1.60163 0.10913 0.81457 -0.19163 0.53651
1403638593.1778295040 7.15473 -5.38737 1.63660 0.10919 0.81288 -0.19069 0.53939
1403638593.2778294086 7.20932 -5.41060 1.67557 0.11590 0.80959 -0.18691 0.54424
1403638593.3778295517 7.26540 -5.43565 1.72220 0.12483 0.80620 -0.18176 0.54902
1403638593.4778294563 7.32120 -5.46007 1.76605 0.13297 0.80157 -0.17777 0.55516
1403638593.5778295994 7.37854 -5.48223 1.80319 0.13750 0.79873 -0.17645 0.55856
1403638593.6778295040 7.43703 -5.50056 1.83398 0.14018 0.79752 -0.17613 0.55972
1403638593.7778294086 7.49497 -5.51493 1.85922 0.14147 0.79419 -0.17646 0.56401
1403638593.8778295517 7.55204 -5.52551 1.88351 0.13709 0.78376 -0.17657 0.57943
1403638593.9778294563 7.60376 -5.52945 1.91337 0.13053 0.78034 -0.17350 0.58645
1403638594.0778295994 7.64817 -5.53019 1.94590 0.12232 0.78590 -0.17147 0.58138
1403638594.1778295040 7.68753 -5.52928 1.98317 0.12022 0.79199 -0.16687 0.57485
1403638594.2778294086 7.72393 -5.52691 2.01944 0.12066 0.79440 -0.16211 0.57279
1403638594.3778295517 7.75539 -5.52207 2.05072 0.12313 0.79340 -0.15722 0.57500
1403638594.4778294563 7.78158 -5.51313 2.08795 0.12684 0.79206 -0.15180 0.57751
1403638594.5778295994 7.80538 -5.49993 2.12790 0.12125 0.79235 -0.15371 0.57780
1403638594.6778295040 7.82166 -5.48243 2.17699 0.11560 0.79294 -0.15692 0.57729
1403638594.7778294086 7.83890 -5.46510 2.21908 0.11347 0.79367 -0.15895 0.57615
1403638594.8778295517 7.84581 -5.44461 2.25856 0.11218 0.79372 -0.16063 0.57587
1403638594.9778294563 7.85741 -5.42472 2.28683 0.11333 0.79555 -0.16115 0.57296
1403638595.0778295994 7.86611 -5.40327 2.30973 0.11200 0.79674 -0.16295 0.57106
1403638595.1778295040 7.87334 -5.38161 2.32670 0.11189 0.79723 -0.16420 0.57004
1403638595.2778294086 7.87910 -5.35974 2.33785 0.11246 0.79766 -0.16449 0.56923
1403638595.3778295517 7.87466 -5.33167 2.35027 0.11237 0.79730 -0.16527 0.56954
1403638595.4778294563 7.87685 -5.30965 2.34887 0.11246 0.79763 -0.16550 0.56899
1403638595.5778295994 7.87710 -5.28696 2.34655 0.11253 0.79842 -0.16520 0.56795
1403638595.6778295040 7.87553 -5.26358 2.34919 0.11494 0.79846 -0.16354 0.56789
1403638595.7778294086 7.87287 -5.23809 2.35657 0.11926 0.79942 -0.16061 0.56649
1403638595.8778295517 7.87069 -5.21103 2.36151 0.12058 0.79981 -0.15998 0.56583
1403638595.9778294563 7.86821 -5.18321 2.35290 0.12300 0.79952 -0.15855 0.56612
1403638596.0778295994 7.85981 -5.14980 2.33720 0.13055 0.80020 -0.15371 0.56481
1403638596.1778295040 7.85758 -5.11668 2.31612 0.14185 0.80162 -0.14583 0.56216
1403638596.2778294086 7.85560 -5.07509 2.30213 0.15362 0.80330 -0.13717 0.55884
1403638596.3778295517 7.85184 -5.02153 2.29957 0.16305 0.80340 -0.12963 0.55781
1403638596.4778294563 7.85405 -4.96048 2.30216 0.16857 0.80306 -0.12481 0.55776
1403638596.5778295994 7.85962 -4.88575 2.31598 0.17541 0.80379 -0.11936 0.55579
1403638596.6778295040 7.87031 -4.79771 2.33563 0.18305 0.80403 -0.11334 0.55424
1403638596.7778294086 7.88693 -4.69320 2.36260 0.18698 0.80413 -0.10997 0.55347
1403638596.8778295517 7.91021 -4.57172 2.39822 0.19063 0.80347 -0.10709 0.55374
1403638596.9778294563 7.93505 -4.43372 2.43367 0.19241 0.80219 -0.10619 0.55515
1403638597.0778295994 7.96633 -4.28083 2.46626 0.19522 0.80134 -0.10513 0.55560
1403638597.1778295040 8.00060 -4.11430 2.49363 0.19753 0.79955 -0.10488 0.55741
1403638597.2778294086 8.03791 -3.92830 2.51402 0.19508 0.79691 -0.10796 0.56145
1403638597.3778295517 8.07772 -3.72921 2.52703 0.19028 0.79522 -0.11286 0.56452
1403638597.4778294563 8.11866 -3.51553 2.53795 0.18160 0.79203 -0.11988 0.57038
1403638597.5778295994 8.15859 -3.28968 2.54388 0.16878 0.78751 -0.12939 0.57845
1403638597.6778295040 8.19579 -3.05539 2.54513 0.16434 0.78523 -0.13343 0.58189
1403638597.7778294086 8.22941 -2.81317 2.54109 0.16854 0.78700 -0.12831 0.57946
1403638597.8778295517 8.26050 -2.56262 2.53253 0.17275 0.78955 -0.11693 0.57715
1403638597.9778294563 8.28897 -2.30298 2.52069 0.17386 0.79114 -0.10774 0.57641
1403638598.0778295994 8.31842 -2.03212 2.51317 0.16698 0.79134 -0.10521 0.57864
1403638598.1778295040 8.34549 -1.75010 2.51150 0.14532 0.79293 -0.11440 0.58057
1403638598.2778294086 8.36969 -1.46200 2.51434 0.12785 0.79491 -0.12284 0.58025
1403638598.3778295517 8.39298 -1.17304 2.51511 0.11693 0.79675 -0.12814 0.57887
1403638598.4778294563 8.41572 -0.88548 2.50969 0.11273 0.79906 -0.12992 0.57612
1403638598.5778295994 8.43602 -0.59903 2.49614 0.10780 0.80105 -0.12793 0.57474
1403638598.6778295040 8.45459 -0.31519 2.47721 0.10345 0.80334 -0.11938 0.57418
1403638598.7778294086 8.47165 -0.03386 2.45984 0.09503 0.80552 -0.10854 0.57474
1403638598.8778295517 8.48647 0.24506 2.44957 0.08578 0.80653 -0.09409 0.57732
1403638598.9778294563 8.49789 0.52115 2.44272 0.07586 0.80899 -0.07767 0.57772
1403638599.0778295994 8.50816 0.79624 2.43983 0.06379 0.81037 -0.06097 0.57924
1403638599.1778295040 8.51624 1.06971 2.44201 0.05182 0.81165 -0.04330 0.58022
1403638599.2778294086 8.52123 1.33959 2.44805 0.04086 0.81357 -0.02424 0.57952
1403638599.3778295517 8.52421 1.60702 2.46118 0.02840 0.81674 -0.00688 0.57626
1403638599.4778294563 8.52493 1.87264 2.47945 0.01934 0.81884 0.00653 0.57365
1403638599.5778295994 8.52505 2.13723 2.49659 0.01385 0.82112 0.01512 0.57039
1403638599.6778295040 8.52459 2.40108 2.50568 0.01024 0.82257 0.01979 0.56823
1403638599.7778294086 8.52521 2.66386 2.50651 0.00898 0.82268 0.02089 0.56805
1403638599.8778295517 8.52895 2.92414 2.50105 0.00705 0.82400 0.01849 0.56624
1403638599.9778294563 8.53462 3.18405 2.49149 0.00328 0.82423 0.01292 0.56609
1403638600.0778295994 8.54460 3.44107 2.47789 -0.00309 0.82542 0.00515 0.56448
1403638600.1778295040 8.55788 3.69133 2.46072 -0.01516 0.82722 -0.00655 0.56164
1403638600.2778294086 8.57288 3.93514 2.43780 -0.02507 0.82938 -0.01718 0.55786
1403638600.3778295517 8.59201 4.16830 2.41365 -0.03260 0.83084 -0.02575 0.55495
1403638600.4778294563 8.61563 4.38749 2.39640 -0.03878 0.83204 -0.03220 0.55242
1403638600.5778295994 8.64513 4.59096 2.39015 -0.03671 0.83262 -0.03283 0.55166
1403638600.6778295040 8.67869 4.77969 2.39156 -0.03952 0.83413 -0.03579 0.54899
1403638600.7778294086 8.71777 4.95476 2.39997 -0.03915 0.83785 -0.03559 0.54333
1403638600.8778295517 8.76448 5.11363 2.41370 -0.02815 0.84162 -0.02672 0.53867
1403638600.9778294563 8.81669 5.26188 2.42417 -0.01137 0.84368 -0.01321 0.53657
1403638601.0778295994 8.87575 5.40143 2.42950 -0.00223 0.84404 -0.00516 0.53625
1403638601.1778295040 8.94245 5.53580 2.43033 0.00565 0.84263 0.00126 0.53846
1403638601.2778294086 9.01678 5.66988 2.42739 0.01501 0.83618 0.00872 0.54818
1403638601.3778295517 9.09668 5.80498 2.42315 0.01223 0.83109 0.01251 0.55586
1403638601.4778294563 9.17999 5.94417 2.42247 -0.00085 0.82665 0.01711 0.56245
1403638601.5778295994 9.26371 6.08294 2.43013 -0.01166 0.82179 0.03137 0.56881
1403638601.6778295040 9.34789 6.22174 2.44294 -0.02283 0.81911 0.05142 0.57087
1403638601.7778294086 9.43026 6.36049 2.46277 -0.03538 0.81611 0.07688 0.57166
1403638601.8778295517 9.51002 6.49923 2.49121 -0.04922 0.81097 0.10590 0.57331
1403638601.9778294563 9.58617 6.64096 2.52098 -0.06397 0.80773 0.12928 0.57164
1403638602.0778295994 9.65973 6.78345 2.54484 -0.07543 0.80602 0.14619 0.56857
1403638602.1778295040 9.72917 6.92723 2.56247 -0.08132 0.80126 0.16179 0.57026
1403638602.2778294086 9.79385 7.07210 2.57579 -0.08891 0.79418 0.17920 0.57382
1403638602.3778295517 9.85389 7.22086 2.58924 -0.11142 0.78308 0.19166 0.58107
1403638602.4778294563 9.90618 7.37043 2.61308 -0.14640 0.76106 0.19794 0.60015
1403638602.5778295994 9.94682 7.51280 2.64447 -0.18165 0.73943 0.20274 0.61574
1403638602.6778295040 9.97448 7.64147 2.68095 -0.20229 0.72915 0.21605 0.61704
1403638602.7778294086 9.98577 7.75397 2.72206 -0.21321 0.72479 0.23561 0.61131
1403638602.8778295517 9.97870 7.84780 2.76741 -0.22423 0.72138 0.25517 0.60350
1403638602.9778294563 9.95679 7.92668 2.81526 -0.24370 0.72153 0.27048 0.58894
1403638603.0778295994 9.92722 7.99404 2.86002 -0.26238 0.71656 0.28506 0.58004
1403638603.1778295040 9.89264 8.04819 2.89831 -0.27447 0.70927 0.29928 0.57623
1403638603.2778294086 9.85131 8.08722 2.92446 -0.27257 0.71664 0.31637 0.55860
1403638603.3778295517 9.80506 8.11452 2.94116 -0.26562 0.72938 0.33077 0.53669
1403638603.4778294563 9.75712 8.13590 2.95334 -0.26205 0.73775 0.33795 0.52234
1403638603.5778295994 9.71078 8.15564 2.96289 -0.26333 0.73558 0.34220 0.52200
1403638603.6778295040 9.66279 8.17292 2.96821 -0.26547 0.72785 0.34457 0.53013
1403638603.7778294086 9.61579 8.18298 2.96487 -0.25930 0.71914 0.35088 0.54082
1403638603.8778295517 9.56133 8.18882 2.95653 -0.25273 0.71143 0.35581 0.55081
1403638603.9778294563 9.50040 8.19297 2.94219 -0.24776 0.70462 0.35859 0.55995
1403638604.0778295994 9.43277 8.19293 2.92092 -0.24181 0.70114 0.36126 0.56518
1403638604.1778295040 9.35332 8.19444 2.90371 -0.24056 0.70058 0.36205 0.56589
1403638604.2778294086 9.26435 8.18715 2.89440 -0.24691 0.70459 0.35830 0.56055
1403638604.3778295517 9.16343 8.17855 2.89068 -0.25212 0.71235 0.35516 0.55032
1403638604.4778294563 9.05668 8.16453 2.89422 -0.24982 0.72026 0.35675 0.53996
1403638604.5778295994 8.94754 8.14787 2.90345 -0.24775 0.72495 0.35805 0.53374
1403638604.6778295040 8.83585 8.12958 2.90836 -0.25032 0.72824 0.35643 0.52912
1403638604.7778294086 8.72354 8.10983 2.90802 -0.25435 0.73030 0.35371 0.52618
1403638604.8778295517 8.61267 8.08775 2.90745 -0.25530 0.73355 0.35302 0.52164
1403638604.9778294563 8.50210 8.06307 2.91009 -0.25274 0.73958 0.35479 0.51310
1403638605.0778295994 8.39267 8.03593 2.92101 -0.25006 0.74603 0.35676 0.50362
1403638605.1778295040 8.28910 8.01001 2.94072 -0.24750 0.74998 0.35881 0.49752
1403638605.2778294086 8.19247 7.99061 2.96199 -0.24364 0.75080 0.36155 0.49621
1403638605.3778295517 8.09871 7.97621 2.97751 -0.23759 0.74609 0.36581 0.50307
1403638605.4778294563 8.00847 7.96787 2.98975 -0.23041 0.73599 0.37129 0.51708
1403638605.5778295994 7.91406 7.96234 2.99285 -0.22492 0.72761 0.37543 0.52825
1403638605.6778295040 7.81728 7.96111 2.99106 -0.22044 0.72182 0.37866 0.53571
1403638605.7778294086 7.71456 7.96493 2.99278 -0.21886 0.72091 0.37975 0.53683
1403638605.8778295517 7.60721 7.97413 3.00685 -0.21607 0.72085 0.38138 0.53687
1403638605.9778294563 7.49327 7.99194 3.02359 -0.21199 0.72014 0.38327 0.53811
1403638606.0778295994 7.37255 8.01328 3.04166 -0.20938 0.72027 0.38399 0.53844
1403638606.1778295040 7.24449 8.04168 3.04863 -0.20591 0.72008 0.38552 0.53895
1403638606.2778294086 7.11051 8.07496 3.05327 -0.20377 0.72130 0.38587 0.53787
1403638606.3778295517 6.96778 8.11582 3.04509 -0.20923 0.72989 0.38109 0.52749
1403638606.4778294563 6.82067 8.16140 3.03251 -0.21727 0.74020 0.37446 0.51447
1403638606.5778295994 6.67263 8.21224 3.01455 -0.22413 0.74884 0.36984 0.50223
1403638606.6778295040 6.52885 8.26962 2.99314 -0.22955 0.75200 0.37195 0.49340
1403638606.7778294086 6.38920 8.33351 2.96792 -0.23434 0.75188 0.38114 0.48425
1403638606.8778295517 6.25425 8.40402 2.94093 -0.24288 0.74817 0.39379 0.47559
1403638606.9778294563 6.12436 8.48327 2.91885 -0.25377 0.74085 0.40921 0.46828
1403638607.0778295994 6.00581 8.56893 2.90699 -0.26780 0.73201 0.42359 0.46153
1403638607.1778295040 5.89509 8.66215 2.90271 -0.28425 0.72226 0.43058 0.46060
1403638607.2778294086 5.78974 8.75995 2.89801 -0.29810 0.70869 0.43486 0.46882
1403638607.3778295517 5.68822 8.85920 2.88450 -0.31087 0.70023 0.43484 0.47324
1403638607.4778294563 5.59139 8.95827 2.86164 -0.31671 0.69712 0.43595 0.47294
1403638607.5778295994 5.49919 9.05437 2.83122 -0.31869 0.69606 0.43726 0.47195
1403638607.6778295040 5.41191 9.14736 2.79789 -0.32036 0.69434 0.43723 0.47338
1403638607.7778294086 5.33034 9.23895 2.76180 -0.31881 0.69289 0.43765 0.47615
1403638607.8778295517 5.25050 9.32886 2.72184 -0.31993 0.69515 0.43556 0.47403
1403638607.9778294563 5.17745 9.41582 2.67839 -0.32209 0.69959 0.43221 0.46906
1403638608.0778295994 5.10936 9.50261 2.63047 -0.32282 0.69839 0.42965 0.47270
1403638608.1778295040 5.04521 9.58595 2.57776 -0.31898 0.69539 0.42999 0.47937
1403638608.2778294086 4.98575 9.66407 2.52087 -0.31772 0.69082 0.42927 0.48739
1403638608.3778295517 4.92821 9.73906 2.45938 -0.31804 0.68506 0.42803 0.49633
1403638608.4778294563 4.87001 9.80954 2.39273 -0.31817 0.68496 0.42763 0.49672
1403638608.5778295994 4.81379 9.87441 2.32098 -0.31637 0.68649 0.42832 0.49515
1403638608.6778295040 4.75685 9.93465 2.25225 -0.32190 0.68377 0.42437 0.49875
1403638608.7778294086 4.69956 9.98771 2.18779 -0.32238 0.68390 0.42407 0.49851
1403638608.8778295517 4.64286 10.03430 2.12776 -0.32107 0.68733 0.42541 0.49348
1403638608.9778294563 4.58688 10.07437 2.07664 -0.32016 0.69140 0.42631 0.48756
1403638609.0778295994 4.53279 10.11161 2.03158 -0.31955 0.69414 0.42683 0.48361
1403638609.1778295040 4.47995 10.14423 1.99304 -0.32145 0.69459 0.42545 0.48291
1403638609.2778294086 4.43028 10.17258 1.95426 -0.32941 0.69473 0.41971 0.48236
1403638609.3778295517 4.38510 10.19735 1.90773 -0.32825 0.69497 0.42020 0.48239
1403638609.4778294563 4.34342 10.21824 1.85490 -0.32459 0.69502 0.42235 0.48292
1403638609.5778295994 4.30499 10.23344 1.79546 -0.32114 0.69499 0.42432 0.48353
1403638609.6778295040 4.26889 10.25149 1.73093 -0.31907 0.69402 0.42583 0.48498
1403638609.7778294086 4.23584 10.26173 1.66607 -0.31787 0.69412 0.42658 0.48497
1403638609.8778295517 4.20511 10.27609 1.60823 -0.31833 0.69435 0.42629 0.48458
1403638609.9778294563 4.17676 10.28127 1.55838 -0.31925 0.69388 0.42546 0.48537
1403638610.0778295994 4.15376 10.28690 1.51848 -0.32265 0.69165 0.42296 0.48848
1403638610.1778295040 4.13090 10.28688 1.48126 -0.32377 0.68859 0.42208 0.49282
1403638610.2778294086 4.10902 10.28232 1.43998 -0.32617 0.68732 0.42008 0.49472
1403638610.3778295517 4.08841 10.27232 1.39188 -0.32704 0.68695 0.41942 0.49521
1403638610.4778294563 4.07120 10.25643 1.34084 -0.32727 0.68530 0.41899 0.49771
1403638610.5778295994 4.05194 10.23604 1.28383 -0.33012 0.68009 0.41675 0.50479
1403638610.6778295040 4.03144 10.20721 1.22625 -0.33461 0.67505 0.41352 0.51122
1403638610.7778294086 4.00799 10.16988 1.17053 -0.33215 0.68036 0.41623 0.50353
1403638610.8778295517 3.98468 10.12701 1.12345 -0.32834 0.68669 0.42020 0.49405
1403638610.9778294563 3.96329 10.07969 1.08370 -0.32896 0.68706 0.42052 0.49285
1403638611.0778295994 3.94322 10.02739 1.04241 -0.33216 0.68421 0.41869 0.49621
1403638611.1778295040 3.92618 9.97084 0.99657 -0.33353 0.68325 0.41885 0.49648
1403638611.2778294086 3.90951 9.90769 0.95005 -0.33300 0.68286 0.41981 0.49656
1403638611.3778295517 3.89274 9.83648 0.90786 -0.32665 0.68044 0.42427 0.50029
1403638611.4778294563 3.87067 9.76020 0.86903 -0.31445 0.67614 0.43216 0.50713
1403638611.5778295994 3.84931 9.68380 0.84033 -0.30563 0.67571 0.43740 0.50861
1403638611.6778295040 3.81711 9.60136 0.81363 -0.30391 0.67811 0.43777 0.50613
1403638611.7778294086 3.78380 9.51890 0.78698 -0.30954 0.68389 0.43352 0.49853
1403638611.8778295517 3.75175 9.43768 0.75742 -0.31473 0.68953 0.42916 0.49124
1403638611.9778294563 3.71797 9.35546 0.72323 -0.31737 0.69293 0.42655 0.48701
1403638612.0778295994 3.68613 9.27486 0.69185 -0.31674 0.69488 0.42628 0.48486
1403638612.1778295040 3.65703 9.19183 0.66553 -0.31815 0.69613 0.42472 0.48352
1403638612.2778294086 3.63038 9.11205 0.64957 -0.31864 0.69615 0.42405 0.48377
1403638612.3778295517 3.60774 9.02971 0.63749 -0.31701 0.69570 0.42464 0.48495
1403638612.4778294563 3.58493 8.94507 0.62217 -0.31636 0.69450 0.42392 0.48773
1403638612.5778295994 3.56507 8.86100 0.60125 -0.31348 0.69234 0.42448 0.49216
1403638612.6778295040 3.54472 8.77667 0.57301 -0.30768 0.69042 0.42690 0.49640
1403638612.7778294086 3.52140 8.69073 0.53732 -0.30480 0.68950 0.42673 0.49959
1403638612.8778295517 3.49804 8.60692 0.50458 -0.30499 0.68839 0.42443 0.50295
1403638612.9778294563 3.46763 8.51746 0.47198 -0.30589 0.68900 0.42234 0.50332
1403638613.0778295994 3.43917 8.43399 0.45105 -0.30647 0.69182 0.42120 0.50006
1403638613.1778295040 3.40744 8.34815 0.43715 -0.30599 0.69425 0.42095 0.49718
1403638613.2778294086 3.37162 8.25627 0.42851 -0.30516 0.69471 0.42114 0.49689
1403638613.3778295517 3.33849 8.17167 0.42830 -0.30443 0.69427 0.42164 0.49752
1403638613.4778294563 3.30085 8.07893 0.42444 -0.30507 0.69374 0.42054 0.49881
1403638613.5778295994 3.26584 7.99414 0.41578 -0.30430 0.69507 0.41621 0.50105
1403638613.6778295040 3.22931 7.90913 0.40117 -0.30819 0.69578 0.40949 0.50322
1403638613.7778294086 3.18900 7.81637 0.37851 -0.31202 0.69453 0.40179 0.50876
1403638613.8778295517 3.15194 7.72634 0.34853 -0.30896 0.69679 0.39369 0.51384
1403638613.9778294563 3.11116 7.62400 0.31346 -0.30129 0.70286 0.38376 0.51763
1403638614.0778295994 3.07104 7.51955 0.27469 -0.28934 0.71099 0.37189 0.52199
1403638614.1778295040 3.02999 7.41380 0.23659 -0.27464 0.72133 0.35894 0.52480
1403638614.2778294086 2.98642 7.30253 0.20339 -0.26363 0.73031 0.34539 0.52711
1403638614.3778295517 2.94100 7.18955 0.17553 -0.25502 0.73706 0.33588 0.52810
1403638614.4778294563 2.89535 7.08078 0.15746 -0.25151 0.74185 0.32691 0.52871
1403638614.5778295994 2.84889 6.96923 0.14727 -0.24756 0.74639 0.31852 0.52931
1403638614.6778295040 2.80533 6.85998 0.14533 -0.24445 0.75167 0.30649 0.53037
1403638614.7778294086 2.76486 6.75061 0.15567 -0.24256 0.76167 0.28989 0.52630
1403638614.8778295517 2.72711 6.63977 0.17567 -0.23489 0.77292 0.27232 0.52274
1403638614.9778294563 2.69692 6.53061 0.20337 -0.22171 0.78227 0.25316 0.52422
1403638615.0778295994 2.67306 6.41775 0.23529 -0.20361 0.78975 0.23236 0.52996
1403638615.1778295040 2.65557 6.30212 0.27222 -0.18217 0.79327 0.21021 0.54161
1403638615.2778294086 2.64225 6.18456 0.31280 -0.15716 0.79569 0.18877 0.55366
1403638615.3778295517 2.62960 6.06779 0.34901 -0.13579 0.79942 0.16334 0.56197
1403638615.4778294563 2.61697 5.94884 0.37889 -0.11553 0.80255 0.13745 0.56892
1403638615.5778295994 2.60292 5.82894 0.40117 -0.09843 0.80593 0.11312 0.57271
1403638615.6778295040 2.58774 5.70892 0.41893 -0.08521 0.80805 0.09582 0.57498
1403638615.7778294086 2.57184 5.59172 0.44220 -0.07750 0.80938 0.08337 0.57615
1403638615.8778295517 2.55367 5.47540 0.47308 -0.07229 0.81064 0.07158 0.57664
1403638615.9778294563 2.53544 5.35923 0.50219 -0.06510 0.81222 0.05970 0.57662
1403638616.0778295994 2.51628 5.24236 0.52467 -0.05620 0.81286 0.04746 0.57780
1403638616.1778295040 2.49622 5.12509 0.53409 -0.04642 0.81408 0.03339 0.57793
1403638616.2778294086 2.47582 5.00681 0.52654 -0.03579 0.81511 0.01522 0.57800
1403638616.3778295517 2.45481 4.88602 0.50470 -0.02257 0.81584 -0.00404 0.57783
1403638616.4778294563 2.43331 4.76415 0.47561 -0.01203 0.81637 -0.02193 0.57699
1403638616.5778295994 2.41140 4.64346 0.44299 -0.00266 0.81805 -0.03443 0.57411
1403638616.6778295040 2.38987 4.52325 0.40647 0.00318 0.82268 -0.04408 0.56678
1403638616.7778294086 2.36976 4.40316 0.36537 0.00019 0.83112 -0.05433 0.55343
1403638616.8778295517 2.35538 4.28235 0.32397 -0.00365 0.83684 -0.06108 0.54401
1403638616.9778294563 2.34922 4.15812 0.29124 0.00161 0.83507 -0.05869 0.54700
1403638617.0778295994 2.34970 4.02991 0.26869 0.00726 0.83143 -0.05363 0.55299
1403638617.1778295040 2.35361 3.89970 0.25426 0.01327 0.82856 -0.04670 0.55779
1403638617.2778294086 2.36096 3.76964 0.24426 0.01496 0.83095 -0.04200 0.55457
1403638617.3778295517 2.37253 3.63902 0.23896 0.01461 0.83499 -0.03909 0.54867
1403638617.4778294563 2.38977 3.51132 0.24230 0.01434 0.83778 -0.03586 0.54464
1403638617.5778295994 2.41313 3.38471 0.25394 0.01416 0.83854 -0.03289 0.54367
1403638617.6778295040 2.44373 3.26227 0.27459 0.01523 0.83719 -0.02896 0.54593
1403638617.7778294086 2.48120 3.14526 0.30387 0.01545 0.83561 -0.02628 0.54847
1403638617.8778295517 2.52283 3.03223 0.34037 0.01648 0.83566 -0.02296 0.54852
1403638617.9778294563 2.56960 2.92271 0.38088 0.01446 0.83466 -0.02254 0.55011
1403638618.0778295994 2.62097 2.81543 0.41638 0.01372 0.83432 -0.02128 0.55069
1403638618.1778295040 2.67694 2.71153 0.44551 0.01134 0.83450 -0.02120 0.55049
1403638618.2778294086 2.73625 2.60957 0.46799 0.01180 0.83452 -0.01967 0.55051
1403638618.3778295517 2.79910 2.51261 0.48740 0.01160 0.83380 -0.01864 0.55163
1403638618.4778294563 2.86578 2.41687 0.50342 0.01135 0.83394 -0.01737 0.55147
1403638618.5778295994 2.93575 2.32649 0.51819 0.01252 0.83293 -0.01658 0.55298
1403638618.6778295040 3.00990 2.23537 0.52998 0.01638 0.83281 -0.01966 0.55296
1403638618.7778294086 3.08780 2.15080 0.54635 0.01897 0.83212 -0.02286 0.55381
1403638618.8778295517 3.16969 2.06842 0.56861 0.02200 0.83037 -0.02620 0.55616
1403638618.9778294563 3.25358 1.98951 0.59249 0.02800 0.82626 -0.03514 0.56149
1403638619.0778295994 3.33871 1.91208 0.60935 0.03991 0.82268 -0.04883 0.56499
1403638619.1778295040 3.42373 1.83756 0.61835 0.05349 0.81913 -0.06772 0.56708
1403638619.2778294086 3.50950 1.76582 0.62052 0.06748 0.81522 -0.09182 0.56782
1403638619.3778295517 3.59437 1.69688 0.61367 0.08366 0.81075 -0.11633 0.56758
1403638619.4778294563 3.67837 1.63211 0.60322 0.09423 0.80649 -0.13755 0.56725
1403638619.5778295994 3.76314 1.57030 0.59188 0.10077 0.80284 -0.15328 0.56728
1403638619.6778295040 3.84646 1.51017 0.57780 0.09705 0.79933 -0.16972 0.56820
1403638619.7778294086 3.92707 1.44915 0.56152 0.09344 0.79688 -0.18126 0.56868
1403638619.8778295517 4.00404 1.38576 0.54372 0.09311 0.79474 -0.18770 0.56963
1403638619.9778294563 4.07644 1.32031 0.52013 0.09446 0.79388 -0.19139 0.56939
1403638620.0778295994 4.14285 1.25047 0.50198 0.09657 0.79134 -0.19295 0.57204
1403638620.1778295040 4.20515 1.17824 0.48645 0.10121 0.78829 -0.19187 0.57580
1403638620.2778294086 4.25753 1.10390 0.48086 0.10393 0.78886 -0.19070 0.57492
1403638620.3778295517 4.30621 1.02788 0.48040 0.10667 0.79026 -0.18857 0.57319
1403638620.4778294563 4.34565 0.95223 0.48758 0.10774 0.79139 -0.18647 0.57213
1403638620.5778295994 4.38520 0.87389 0.49262 0.10732 0.79276 -0.18489 0.57081
1403638620.6778295040 4.42054 0.79555 0.49250 0.10443 0.79529 -0.18478 0.56786
1403638620.7778294086 4.44757 0.71837 0.48717 0.10087 0.79863 -0.18516 0.56367
1403638620.8778295517 4.47851 0.63650 0.47747 0.10408 0.80183 -0.18066 0.56000
1403638620.9778294563 4.50748 0.55535 0.46465 0.10864 0.80244 -0.17474 0.56014
1403638621.0778295994 4.52968 0.47732 0.45087 0.11237 0.80084 -0.16972 0.56323
1403638621.1778295040 4.55800 0.39656 0.44105 0.11105 0.79962 -0.16791 0.56576
1403638621.2778294086 4.58312 0.31979 0.43752 0.11136 0.79845 -0.16536 0.56810
1403638621.3778295517 4.60941 0.24316 0.43917 0.11303 0.79933 -0.16235 0.56739
1403638621.4778294563 4.63442 0.16893 0.43523 0.11362 0.79751 -0.16030 0.57041
1403638621.5778295994 4.65834 0.09799 0.42612 0.11358 0.79535 -0.15826 0.57400
1403638621.6778295040 4.67832 0.03190 0.41254 0.11320 0.79438 -0.15727 0.57569
1403638621.7778294086 4.69292 -0.02819 0.39469 0.11417 0.79273 -0.15603 0.57810
1403638621.8778295517 4.70670 -0.08860 0.37344 0.11600 0.78930 -0.15422 0.58289
1403638621.9778294563 4.71548 -0.14224 0.34952 0.11643 0.78676 -0.15363 0.58639
1403638622.0778295994 4.71439 -0.18269 0.32229 0.11505 0.78633 -0.15477 0.58694
1403638622.1778295040 4.71386 -0.22901 0.29113 0.11187 0.78729 -0.15670 0.58575
1403638622.2778294086 4.70740 -0.26919 0.26455 0.10906 0.78662 -0.15913 0.58652
1403638622.3778295517 4.69580 -0.30639 0.24546 0.10972 0.78760 -0.15970 0.58493
1403638622.4778294563 4.67382 -0.33274 0.23763 0.11342 0.78838 -0.15815 0.58359
1403638622.5778295994 4.65276 -0.36760 0.23309 0.11686 0.78818 -0.15686 0.58354
1403638622.6778295040 4.62473 -0.38875 0.24066 0.12084 0.78409 -0.15521 0.58865
1403638622.7778294086 4.59322 -0.41349 0.25603 0.12356 0.77290 -0.15384 0.60307
1403638622.8778295517 4.55574 -0.42340 0.27927 0.12534 0.76808 -0.15349 0.60892
1403638622.9778294563 4.50957 -0.42880 0.29911 0.12394 0.77188 -0.15594 0.60376
1403638623.0778295994 4.45439 -0.43355 0.31180 0.12030 0.77838 -0.15948 0.59517
1403638623.1778295040 4.39223 -0.43203 0.31935 0.11528 0.78228 -0.16330 0.58998
1403638623.2778294086 4.32310 -0.42185 0.32221 0.11230 0.78563 -0.16575 0.58541
1403638623.3778295517 4.25154 -0.41883 0.32042 0.10997 0.78822 -0.16751 0.58186
1403638623.4778294563 4.17545 -0.40857 0.31464 0.11073 0.78988 -0.16740 0.57948
1403638623.5778295994 4.09820 -0.40335 0.31059 0.11208 0.79002 -0.16673 0.57924
1403638623.6778295040 4.01549 -0.39598 0.31497 0.11355 0.79048 -0.16623 0.57846
1403638623.7778294086 3.93047 -0.38930 0.32536 0.11577 0.79150 -0.16600 0.57669
1403638623.8778295517 3.84101 -0.38016 0.34068 0.11718 0.79263 -0.16611 0.57481
1403638623.9778294563 3.74745 -0.36866 0.35471 0.11882 0.79375 -0.16665 0.57278
1403638624.0778295994 3.65331 -0.35664 0.36368 0.11715 0.79404 -0.16944 0.57189
1403638624.1778295040 3.55802 -0.34310 0.36876 0.11478 0.79391 -0.17199 0.57180
1403638624.2778294086 3.46035 -0.32928 0.36699 0.11275 0.79356 -0.17465 0.57188
1403638624.3778295517 3.36346 -0.31588 0.36214 0.11237 0.79306 -0.17643 0.57210
1403638624.4778294563 3.26723 -0.30414 0.35625 0.11385 0.79286 -0.17677 0.57199
1403638624.5778295994 3.16654 -0.29133 0.34297 0.10925 0.78450 -0.18156 0.58280
1403638624.6778295040 3.06364 -0.27954 0.32761 0.11093 0.78023 -0.17929 0.58889
1403638624.7778294086 2.95990 -0.26928 0.31730 0.11579 0.78622 -0.16946 0.58287
1403638624.8778295517 2.84767 -0.25454 0.31280 0.11718 0.79232 -0.16125 0.57663
1403638624.9778294563 2.74360 -0.24133 0.31684 0.10991 0.79557 -0.15917 0.57415
1403638625.0778295994 2.63612 -0.22731 0.32204 0.10229 0.79660 -0.15823 0.57440
1403638625.1778295040 2.52252 -0.21032 0.32177 0.09596 0.79748 -0.15846 0.57421
1403638625.2778294086 2.41779 -0.19939 0.31854 0.09391 0.79837 -0.15686 0.57375
1403638625.3778295517 2.30448 -0.18577 0.31319 0.09278 0.79851 -0.15585 0.57401
1403638625.4778294563 2.19938 -0.17861 0.31468 0.09175 0.79800 -0.15546 0.57499
1403638625.5778295994 2.08670 -0.16794 0.32098 0.09242 0.79855 -0.15477 0.57431
1403638625.6778295040 1.97664 -0.15992 0.33508 0.09254 0.80018 -0.15472 0.57202
1403638625.7778294086 1.87023 -0.15523 0.35271 0.09132 0.80473 -0.15582 0.56550
1403638625.8778295517 1.75985 -0.14836 0.36382 0.09156 0.80734 -0.15625 0.56161
1403638625.9778294563 1.65518 -0.14652 0.37135 0.09264 0.80777 -0.15639 0.56078
1403638626.0778295994 1.55002 -0.14406 0.37230 0.09112 0.80903 -0.15821 0.55869
1403638626.1778295040 1.45505 -0.14452 0.36804 0.09139 0.80943 -0.15865 0.55794
1403638626.2778294086 1.35585 -0.14671 0.35996 0.09437 0.80796 -0.15728 0.55996
1403638626.3778295517 1.25609 -0.14914 0.34909 0.10232 0.80609 -0.15202 0.56271
1403638626.4778294563 1.16238 -0.15170 0.33453 0.10478 0.80485 -0.14985 0.56460
1403638626.5778295994 1.06691 -0.15233 0.31865 0.10547 0.80718 -0.14896 0.56138
1403638626.6778295040 0.97809 -0.15326 0.30379 0.10424 0.80908 -0.14939 0.55875
1403638626.7778294086 0.89236 -0.15219 0.29258 0.10164 0.81297 -0.15118 0.55308
1403638626.8778295517 0.81305 -0.15127 0.28895 0.10115 0.81567 -0.15101 0.54923
1403638626.9778294563 0.74263 -0.15056 0.29132 0.10052 0.81656 -0.15118 0.54798
1403638627.0778295994 0.67310 -0.15106 0.29339 0.09986 0.81665 -0.15082 0.54805
1403638627.1778295040 0.61205 -0.15205 0.28789 0.09915 0.81657 -0.15073 0.54833
1403638627.2778294086 0.55366 -0.15465 0.28245 0.10046 0.81659 -0.14940 0.54842
1403638627.3778295517 0.50115 -0.15707 0.27409 0.10252 0.81601 -0.14754 0.54940
1403638627.4778294563 0.45418 -0.15949 0.26247 0.10274 0.81641 -0.14726 0.54885
1403638627.5778295994 0.41253 -0.16167 0.24891 0.10401 0.81526 -0.14687 0.55042
1403638627.6778295040 0.38628 -0.16289 0.22924 0.10612 0.81228 -0.14613 0.55461
1403638627.7778294086 0.35289 -0.16407 0.21429 0.10790 0.81041 -0.14525 0.55722
1403638627.8778295517 0.32390 -0.16311 0.19758 0.10886 0.80975 -0.14528 0.55799
1403638627.9778294563 0.29553 -0.16081 0.18081 0.10926 0.81169 -0.14542 0.55505
1403638628.0778295994 0.28605 -0.15627 0.15884 0.11028 0.81282 -0.14572 0.55310
1403638628.1778295040 0.26163 -0.15120 0.14622 0.11136 0.81339 -0.14624 0.55192
1403638628.2778294086 0.24446 -0.14439 0.13419 0.11153 0.81360 -0.14695 0.55138
1403638628.3778295517 0.24522 -0.13586 0.12031 0.11024 0.81417 -0.14853 0.55037
1403638628.4778294563 0.23431 -0.12683 0.11447 0.10433 0.81135 -0.15317 0.55440
1403638628.5778295994 0.22887 -0.11767 0.11200 0.09633 0.80415 -0.15884 0.56465
1403638628.6778295040 0.22277 -0.10947 0.11101 0.09083 0.80007 -0.16284 0.57019
1403638628.7778294086 0.24125 -0.10083 0.10641 0.09273 0.80129 -0.16224 0.56834
1403638628.8778295517 0.23141 -0.09728 0.09698 0.09718 0.80190 -0.15950 0.56751
1403638628.9778294563 0.22489 -0.09474 0.08529 0.10210 0.80259 -0.15661 0.56648
1403638629.0778295994 0.21541 -0.09195 0.07574 0.10687 0.80376 -0.15321 0.56487
1403638629.1778295040 0.21100 -0.08564 0.07285 0.10936 0.80497 -0.15128 0.56319
1403638629.2778294086 0.19757 -0.07975 0.06767 0.10997 0.80527 -0.15052 0.56284
1403638629.3778295517 0.19039 -0.07369 0.06632 0.11085 0.80836 -0.15066 0.55819
1403638629.4778294563 0.18576 -0.06608 0.06577 0.10946 0.81280 -0.15247 0.55148
1403638629.5778295994 0.19045 -0.05938 0.06747 0.10592 0.81580 -0.15529 0.54694
1403638629.6778295040 0.19866 -0.05392 0.07054 0.09496 0.81367 -0.16361 0.54969
1403638629.7778294086 0.20739 -0.05032 0.07421 0.08828 0.80803 -0.16891 0.55746
1403638629.8778295517 0.21471 -0.04933 0.07390 0.08675 0.80161 -0.17056 0.56640
1403638629.9778294563 0.22025 -0.05192 0.06536 0.09779 0.79608 -0.16376 0.57435
1403638630.0778295994 0.22205 -0.05526 0.04673 0.10689 0.79252 -0.15767 0.57934
1403638630.1778295040 0.22166 -0.05720 0.01813 0.11128 0.79530 -0.15427 0.57560
1403638630.2778294086 0.21654 -0.05794 -0.01602 0.11208 0.79984 -0.15356 0.56931
1403638630.3778295517 0.21726 -0.05519 -0.04196 0.10808 0.81926 -0.15456 0.54152
1403638630.4778294563 0.22847 -0.05428 -0.03090 0.10767 0.80125 -0.15289 0.56836
1403638630.5778295994 0.23776 -0.05357 -0.03245 0.10730 0.80054 -0.15402 0.56913
1403638630.6778295040 0.24393 -0.05303 -0.05487 0.10461 0.81950 -0.15106 0.54282
1403638630.7778294086 0.24307 -0.06003 -0.05826 0.10721 0.82636 -0.14527 0.53342
1403638630.8778295517 0.23504 -0.06074 -0.06340 0.10245 0.82503 -0.14631 0.53612
1403638630.9778294563 0.22902 -0.06067 -0.06698 0.10265 0.82489 -0.14657 0.53622
1403638631.0778295994 0.22050 -0.06058 -0.07108 0.10333 0.82496 -0.14610 0.53612
1403638631.1778295040 0.21226 -0.06079 -0.07517 0.10325 0.82499 -0.14633 0.53602
1403638631.2778294086 0.20330 -0.06084 -0.07893 0.10315 0.82506 -0.14632 0.53594
1403638631.3778295517 0.19429 -0.06105 -0.08243 0.10289 0.82513 -0.14652 0.53583
1403638631.4778294563 0.18534 -0.06133 -0.08573 0.10265 0.82506 -0.14680 0.53589
1403638631.5778295994 0.17587 -0.06170 -0.08920 0.10255 0.82504 -0.14689 0.53592
1403638631.6778295040 0.16666 -0.06233 -0.09238 0.10223 0.82504 -0.14730 0.53588
