1403638523.0778295994 0.03038 0.00444 0.36494 -0.07193 0.80727 0.01546 0.58558
1403638523.1778295040 0.03025 -0.00008 0.39014 -0.07130 0.80651 0.01580 0.58670
1403638523.2778294086 0.02849 -0.00796 0.38246 -0.06205 0.80438 0.01567 0.59066
1403638523.3778295517 0.02848 -0.01330 0.35062 -0.05758 0.80356 0.01479 0.59224
1403638523.4778294563 0.02793 -0.01973 0.30861 -0.05300 0.80747 0.01728 0.58727
1403638523.5778295994 0.02479 -0.02711 0.25993 -0.04610 0.81690 0.02147 0.57454
1403638523.6778295040 0.02123 -0.03327 0.21164 -0.03918 0.82642 0.02418 0.56116
1403638523.7778294086 0.01627 -0.03861 0.16423 -0.03545 0.83108 0.02694 0.55437
1403638523.8778295517 0.00979 -0.04348 0.12249 -0.03204 0.83173 0.02983 0.55345
1403638523.9778294563 0.00221 -0.04755 0.09140 -0.02267 0.83177 0.03587 0.55350
1403638524.0778295994 -0.00271 -0.04913 0.07956 -0.01555 0.83487 0.04418 0.54845
1403638524.1778295040 -0.00454 -0.04841 0.09859 -0.01610 0.83942 0.04899 0.54104
1403638524.2778294086 -0.00377 -0.04911 0.14107 -0.02251 0.84037 0.05007 0.53923
1403638524.3778295517 0.00026 -0.04893 0.19584 -0.03195 0.83759 0.04843 0.54320
1403638524.4778294563 0.00680 -0.04826 0.25623 -0.03887 0.83105 0.04654 0.55289
1403638524.5778295994 0.01519 -0.04630 0.31608 -0.04189 0.82227 0.04512 0.56576
1403638524.6778295040 0.02423 -0.04336 0.37003 -0.03769 0.81588 0.03960 0.57563
1403638524.7778294086 0.03150 -0.03889 0.41078 -0.02490 0.81210 0.03461 0.58195
1403638524.8778295517 0.03669 -0.03418 0.43689 -0.02087 0.81065 0.03188 0.58429
1403638524.9778294563 0.03861 -0.03058 0.44626 -0.02733 0.80911 0.03425 0.58602
1403638525.0778295994 0.03949 -0.02857 0.43377 -0.02498 0.80646 0.03768 0.58956
1403638525.1778295040 0.04058 -0.02670 0.39998 -0.02264 0.80502 0.04224 0.59131
1403638525.2778294086 0.03907 -0.02666 0.35376 -0.02274 0.80769 0.04723 0.58727
1403638525.3778295517 0.03688 -0.02594 0.29973 -0.02530 0.81659 0.05198 0.57432
1403638525.4778294563 0.03287 -0.02414 0.24641 -0.03385 0.82877 0.05364 0.55598
1403638525.5778295994 0.02801 -0.02559 0.20001 -0.04036 0.83777 0.05313 0.54193
1403638525.6778295040 0.02537 -0.02861 0.16099 -0.04160 0.84069 0.05024 0.53757
1403638525.7778294086 0.02478 -0.03267 0.13034 -0.03912 0.83916 0.04472 0.54063
1403638525.8778295517 0.02502 -0.03667 0.10904 -0.03245 0.83560 0.04072 0.54686
1403638525.9778294563 0.02076 -0.04543 0.09657 -0.02416 0.83421 0.03966 0.54948
1403638526.0778295994 0.01719 -0.06516 0.09658 -0.01983 0.83582 0.03760 0.54736
1403638526.1778295040 0.01426 -0.09429 0.10502 -0.01805 0.83819 0.02849 0.54433
1403638526.2778294086 0.00968 -0.13045 0.11859 -0.01468 0.83725 0.01947 0.54627
1403638526.3778295517 0.00240 -0.17133 0.13347 -0.01241 0.83312 0.01083 0.55284
1403638526.4778294563 -0.00751 -0.21691 0.14658 -0.01121 0.82805 -0.00010 0.56054
1403638526.5778295994 -0.01869 -0.26836 0.15597 -0.00983 0.82273 -0.01110 0.56823
1403638526.6778295040 -0.03133 -0.32824 0.16302 -0.00569 0.81764 -0.01931 0.57538
1403638526.7778294086 -0.04657 -0.39333 0.16814 0.00264 0.81461 -0.02469 0.57948
1403638526.8778295517 -0.06336 -0.45833 0.17125 0.01061 0.81394 -0.02790 0.58018
1403638526.9778294563 -0.08062 -0.51961 0.17403 0.01493 0.81705 -0.03432 0.57536
1403638527.0778295994 -0.09558 -0.57774 0.17766 0.02254 0.82155 -0.04741 0.56771
1403638527.1778295040 -0.10714 -0.62966 0.18331 0.03022 0.82328 -0.06254 0.56337
1403638527.2778294086 -0.11424 -0.66986 0.19020 0.04167 0.82034 -0.07624 0.56523
1403638527.3778295517 -0.11569 -0.69240 0.19675 0.05702 0.81529 -0.08491 0.56995
1403638527.4778294563 -0.11209 -0.69382 0.20094 0.06727 0.81177 -0.08923 0.57319
1403638527.5778295994 -0.10366 -0.67516 0.20239 0.07025 0.81113 -0.09038 0.57355
1403638527.6778295040 -0.09041 -0.63726 0.20076 0.06859 0.81168 -0.08694 0.57351
1403638527.7778294086 -0.07602 -0.59197 0.20102 0.06302 0.81314 -0.07962 0.57314
1403638527.8778295517 -0.06038 -0.53819 0.20380 0.04909 0.81633 -0.07478 0.57062
1403638527.9778294563 -0.04155 -0.47992 0.20715 0.03908 0.81721 -0.07004 0.57073
1403638528.0778295994 -0.02099 -0.41967 0.20801 0.03241 0.81601 -0.06273 0.57370
1403638528.1778295040 -0.00004 -0.36263 0.20474 0.02254 0.81653 -0.05379 0.57435
1403638528.2778294086 0.02555 -0.31154 0.19794 0.00985 0.81800 -0.04310 0.57351
1403638528.3778295517 0.05641 -0.27330 0.19166 0.00236 0.81773 -0.03481 0.57454
1403638528.4778294563 0.09288 -0.24718 0.18692 0.00359 0.81710 -0.03126 0.57564
1403638528.5778295994 0.12943 -0.22691 0.18387 0.00456 0.81909 -0.03538 0.57255
1403638528.6778295040 0.16474 -0.21319 0.18324 0.00306 0.82038 -0.04274 0.57021
1403638528.7778294086 0.19402 -0.20440 0.18622 0.00773 0.81958 -0.04761 0.57093
1403638528.8778295517 0.20950 -0.19866 0.19322 0.00361 0.81862 -0.05490 0.57169
1403638528.9778294563 0.21050 -0.19077 0.20544 -0.00356 0.81844 -0.06144 0.57129
1403638529.0778295994 0.19293 -0.18249 0.22193 -0.00271 0.81937 -0.06254 0.56983
1403638529.1778295040 0.16376 -0.16808 0.23238 0.01378 0.82042 -0.05533 0.56892
1403638529.2778294086 0.12783 -0.14920 0.23211 0.02507 0.82242 -0.04902 0.56621
1403638529.3778295517 0.09014 -0.12687 0.21896 0.02893 0.82768 -0.04452 0.55869
1403638529.4778294563 0.05775 -0.10927 0.19769 0.02738 0.83773 -0.04197 0.54378
1403638529.5778295994 0.03267 -0.09604 0.17248 0.02500 0.84788 -0.03897 0.52816
1403638529.6778295040 0.01654 -0.08380 0.14660 0.02636 0.85179 -0.03607 0.52198
1403638529.7778294086 0.00663 -0.07406 0.12351 0.02556 0.84831 -0.03533 0.52770
1403638529.8778295517 0.00177 -0.06568 0.10210 0.02403 0.84198 -0.03631 0.53774
1403638529.9778294563 -0.00230 -0.05856 0.08551 0.02337 0.83933 -0.03627 0.54191
1403638530.0778295994 0.00483 -0.05630 0.07364 0.02378 0.84073 -0.03658 0.53969
1403638530.1778295040 0.01772 -0.05675 0.06403 0.02460 0.84246 -0.04083 0.53665
1403638530.2778294086 0.03253 -0.05843 0.05388 0.02656 0.84206 -0.04657 0.53671
1403638530.3778295517 0.04568 -0.06176 0.04404 0.02882 0.84148 -0.05148 0.53705
1403638530.4778294563 0.05732 -0.06547 0.03649 0.02881 0.84127 -0.05511 0.53703
1403638530.5778295994 0.06500 -0.06962 0.03084 0.02785 0.84128 -0.05820 0.53674
1403638530.6778295040 0.06942 -0.07291 0.02558 0.02881 0.84427 -0.06024 0.53175
1403638530.7778294086 0.07250 -0.07494 0.02006 0.02862 0.84771 -0.06168 0.52609
1403638530.8778295517 0.07492 -0.07614 0.01518 0.02638 0.84835 -0.06098 0.52525
1403638530.9778294563 0.07606 -0.07638 0.01223 0.02494 0.84622 -0.06093 0.52876
1403638531.0778295994 0.07620 -0.07590 0.01021 0.02548 0.84288 -0.05943 0.53421
1403638531.1778295040 0.07605 -0.07410 0.01102 0.02603 0.84090 -0.05723 0.53753
1403638531.2778294086 0.07639 -0.07292 0.00956 0.02869 0.83980 -0.05570 0.53926
1403638531.3778295517 0.07627 -0.07207 0.00930 0.02856 0.83870 -0.05583 0.54097
1403638531.4778294563 0.07608 -0.07238 0.00941 0.02874 0.83772 -0.05611 0.54245
1403638531.5778295994 0.07591 -0.07243 0.00925 0.02923 0.83809 -0.05493 0.54197
1403638531.6778295040 0.07588 -0.07219 0.00912 0.02838 0.83822 -0.05544 0.54177
1403638531.7778294086 0.07596 -0.07222 0.00911 0.02867 0.83816 -0.05531 0.54185
1403638531.8778295517 0.07590 -0.07223 0.00907 0.02872 0.83824 -0.05514 0.54174
1403638531.9778294563 0.07593 -0.07226 0.00904 0.02885 0.83825 -0.05506 0.54173
1403638532.0778295994 0.07592 -0.07228 0.00899 0.02888 0.83828 -0.05490 0.54170
1403638532.1778295040 0.07593 -0.07226 0.00896 0.02873 0.83828 -0.05496 0.54170
1403638532.2778294086 0.07593 -0.07222 0.00894 0.02852 0.83829 -0.05510 0.54168
1403638532.3778295517 0.07591 -0.07220 0.00892 0.02837 0.83830 -0.05511 0.54167
1403638532.4778294563 0.07592 -0.07220 0.00891 0.02825 0.83831 -0.05517 0.54167
1403638532.5778295994 0.07591 -0.07218 0.00888 0.02820 0.83835 -0.05518 0.54160
1403638532.6778295040 0.07593 -0.07220 0.00889 0.02822 0.83834 -0.05513 0.54163
1403638532.7778294086 0.07590 -0.07221 0.00887 0.02826 0.83839 -0.05502 0.54155
1403638532.8778295517 0.07589 -0.07220 0.00887 0.02827 0.83840 -0.05504 0.54153
1403638532.9778294563 0.07590 -0.07220 0.00887 0.02823 0.83840 -0.05501 0.54153
1403638533.0778295994 0.07588 -0.07219 0.00886 0.02821 0.83843 -0.05501 0.54149
1403638533.1778295040 0.07589 -0.07219 0.00886 0.02815 0.83842 -0.05503 0.54151
1403638533.2778294086 0.07587 -0.07219 0.00885 0.02810 0.83843 -0.05504 0.54150
1403638533.3778295517 0.07588 -0.07219 0.00884 0.02812 0.83844 -0.05499 0.54148
1403638533.4778294563 0.07588 -0.07220 0.00885 0.02807 0.83844 -0.05500 0.54148
1403638533.5778295994 0.07586 -0.07218 0.00884 0.02804 0.83846 -0.05500 0.54145
1403638533.6778295040 0.07587 -0.07217 0.00884 0.02799 0.83846 -0.05503 0.54145
1403638533.7778294086 0.07587 -0.07216 0.00884 0.02798 0.83847 -0.05502 0.54144
1403638533.8778295517 0.07587 -0.07212 0.00884 0.02776 0.83852 -0.05477 0.54141
1403638533.9778294563 0.07587 -0.07215 0.00884 0.02791 0.83852 -0.05499 0.54138
1403638534.0778295994 0.07581 -0.07217 0.00884 0.02826 0.83848 -0.05530 0.54138
1403638534.1778295040 0.07585 -0.07218 0.00887 0.02790 0.83853 -0.05511 0.54134
1403638534.2778294086 0.07585 -0.07211 0.00889 0.02764 0.83862 -0.05500 0.54123
1403638534.3778295517 0.07586 -0.07210 0.00889 0.02764 0.83863 -0.05504 0.54121
1403638534.4778294563 0.07587 -0.07215 0.00886 0.02781 0.83864 -0.05531 0.54116
1403638534.5778295994 0.07589 -0.07211 0.00886 0.02768 0.83871 -0.05501 0.54108
1403638534.6778295040 0.07591 -0.07205 0.00887 0.02750 0.83871 -0.05481 0.54111
1403638534.7778294086 0.07589 -0.07207 0.00887 0.02762 0.83871 -0.05473 0.54111
1403638534.8778295517 0.07589 -0.07211 0.00886 0.02790 0.83868 -0.05488 0.54114
1403638534.9778294563 0.07588 -0.07216 0.00887 0.02796 0.83872 -0.05489 0.54107
1403638535.0778295994 0.07588 -0.07214 0.00887 0.02783 0.83877 -0.05488 0.54099
1403638535.1778295040 0.07588 -0.07214 0.00886 0.02775 0.83875 -0.05491 0.54103
1403638535.2778294086 0.07587 -0.07213 0.00886 0.02767 0.83876 -0.05490 0.54102
1403638535.3778295517 0.07587 -0.07210 0.00888 0.02770 0.83877 -0.05487 0.54100
1403638535.4778294563 0.07587 -0.07211 0.00889 0.02777 0.83878 -0.05486 0.54098
1403638535.5778295994 0.07588 -0.07210 0.00889 0.02771 0.83879 -0.05479 0.54098
1403638535.6778295040 0.07588 -0.07209 0.00888 0.02765 0.83878 -0.05483 0.54099
1403638535.7778294086 0.07587 -0.07210 0.00888 0.02768 0.83878 -0.05481 0.54100
1403638535.8778295517 0.07587 -0.07209 0.00889 0.02758 0.83879 -0.05475 0.54099
1403638535.9778294563 0.07586 -0.07208 0.00889 0.02754 0.83884 -0.05472 0.54092
1403638536.0778295994 0.07587 -0.07208 0.00889 0.02751 0.83880 -0.05476 0.54099
1403638536.1778295040 0.07587 -0.07209 0.00890 0.02750 0.83879 -0.05476 0.54099
1403638536.2778294086 0.07587 -0.07208 0.00889 0.02753 0.83881 -0.05471 0.54097
1403638536.3778295517 0.07587 -0.07208 0.00890 0.02754 0.83878 -0.05473 0.54102
1403638536.4778294563 0.07586 -0.07207 0.00890 0.02753 0.83877 -0.05470 0.54102
1403638536.5778295994 0.07586 -0.07207 0.00890 0.02744 0.83879 -0.05470 0.54101
1403638536.6778295040 0.07586 -0.07207 0.00890 0.02744 0.83879 -0.05465 0.54101
1403638536.7778294086 0.07585 -0.07206 0.00889 0.02748 0.83877 -0.05469 0.54104
1403638536.8778295517 0.07585 -0.07207 0.00889 0.02739 0.83874 -0.05476 0.54108
1403638536.9778294563 0.07586 -0.07207 0.00890 0.02732 0.83877 -0.05479 0.54104
1403638537.0778295994 0.07588 -0.07204 0.00891 0.02732 0.83876 -0.05470 0.54105
1403638537.1778295040 0.07588 -0.07204 0.00891 0.02743 0.83874 -0.05469 0.54109
1403638537.2778294086 0.07588 -0.07204 0.00893 0.02753 0.83876 -0.05464 0.54105
1403638537.3778295517 0.07587 -0.07206 0.00892 0.02751 0.83876 -0.05463 0.54106
1403638537.4778294563 0.07588 -0.07205 0.00892 0.02747 0.83875 -0.05462 0.54107
1403638537.5778295994 0.07588 -0.07204 0.00894 0.02750 0.83878 -0.05453 0.54103
1403638537.6778295040 0.07589 -0.07204 0.00897 0.02754 0.83879 -0.05456 0.54101
1403638537.7778294086 0.07588 -0.07204 0.00896 0.02748 0.83877 -0.05459 0.54104
1403638537.8778295517 0.07591 -0.07203 0.00898 0.02756 0.83879 -0.05452 0.54102
1403638537.9778294563 0.07589 -0.07204 0.00899 0.02758 0.83875 -0.05464 0.54106
1403638538.0778295994 0.07590 -0.07203 0.00901 0.02753 0.83875 -0.05466 0.54107
1403638538.1778295040 0.07590 -0.07204 0.00902 0.02755 0.83874 -0.05464 0.54108
1403638538.2778294086 0.07598 -0.07201 0.00902 0.02753 0.83874 -0.05454 0.54110
1403638538.3778295517 0.07593 -0.07204 0.00904 0.02767 0.83870 -0.05454 0.54116
1403638538.4778294563 0.07591 -0.07205 0.00908 0.02763 0.83871 -0.05453 0.54114
1403638538.5778295994 0.07595 -0.07205 0.00912 0.02780 0.83869 -0.05457 0.54116
1403638538.6778295040 0.07595 -0.07205 0.00916 0.02758 0.83854 -0.05467 0.54139
1403638538.7778294086 0.07606 -0.07210 0.00948 0.02735 0.83779 -0.05452 0.54257
1403638538.8778295517 0.07746 -0.07168 0.00988 0.02652 0.83684 -0.05405 0.54412
1403638538.9778294563 0.08089 -0.07143 0.01234 0.02728 0.83216 -0.05339 0.55128
1403638539.0778295994 0.08501 -0.07127 0.01605 0.02859 0.82668 -0.05499 0.55925
1403638539.1778295040 0.09298 -0.07136 0.02362 0.02762 0.82153 -0.05550 0.56678
1403638539.2778294086 0.10212 -0.07152 0.03891 0.02716 0.81790 -0.05472 0.57210
1403638539.3778295517 0.11099 -0.07193 0.06189 0.02654 0.81886 -0.05406 0.57082
1403638539.4778294563 0.12075 -0.07309 0.09105 0.02590 0.82093 -0.05287 0.56799
1403638539.5778295994 0.13156 -0.07479 0.12294 0.02544 0.82192 -0.05143 0.56671
1403638539.6778295040 0.14320 -0.07632 0.14975 0.02371 0.82256 -0.05094 0.56590
1403638539.7778294086 0.15385 -0.07702 0.16567 0.02402 0.82378 -0.04903 0.56427
1403638539.8778295517 0.16697 -0.07688 0.17418 0.02314 0.82633 -0.04829 0.56064
1403638539.9778294563 0.18236 -0.07662 0.18148 0.02141 0.83087 -0.04786 0.55400
1403638540.0778295994 0.20208 -0.07720 0.18831 0.02115 0.83674 -0.04754 0.54513
1403638540.1778295040 0.22725 -0.07866 0.19511 0.02071 0.84064 -0.04716 0.53914
1403638540.2778294086 0.26008 -0.07737 0.21104 0.02126 0.83645 -0.04593 0.54570
1403638540.3778295517 0.29953 -0.07804 0.21775 0.02199 0.83047 -0.04396 0.55490
1403638540.4778294563 0.34261 -0.07756 0.22481 0.01881 0.82820 -0.03802 0.55883
1403638540.5778295994 0.38945 -0.07548 0.23075 0.01152 0.82835 -0.02653 0.55947
1403638540.6778295040 0.43879 -0.07313 0.23728 0.00307 0.82831 -0.00943 0.56018
1403638540.7778294086 0.48993 -0.06784 0.24354 -0.00494 0.82722 0.01450 0.56167
1403638540.8778295517 0.54226 -0.05874 0.24886 -0.01527 0.82619 0.04237 0.56158
1403638540.9778294563 0.59436 -0.04460 0.25229 -0.02901 0.82426 0.06852 0.56130
1403638541.0778295994 0.64618 -0.02683 0.25330 -0.04276 0.82175 0.08781 0.56142
1403638541.1778295040 0.69832 -0.00555 0.24906 -0.05258 0.81973 0.10107 0.56131
1403638541.2778294086 0.75131 0.02166 0.24114 -0.05759 0.81876 0.10988 0.56057
1403638541.3778295517 0.80445 0.05313 0.24083 -0.06046 0.81848 0.11351 0.55996
1403638541.4778294563 0.85593 0.08789 0.24694 -0.06172 0.81822 0.11386 0.56013
1403638541.5778295994 0.90725 0.12749 0.25898 -0.06107 0.81673 0.11453 0.56223
1403638541.6778295040 0.96049 0.17474 0.27975 -0.06530 0.81495 0.11761 0.56370
1403638541.7778294086 1.01192 0.22542 0.30543 -0.07531 0.81340 0.12318 0.56350
1403638541.8778295517 1.06030 0.28131 0.33846 -0.08724 0.81173 0.13210 0.56217
1403638541.9778294563 1.10743 0.33890 0.36797 -0.09899 0.81027 0.14637 0.55878
1403638542.0778295994 1.15221 0.39711 0.39163 -0.11290 0.80777 0.16333 0.55505
1403638542.1778295040 1.19562 0.45657 0.40985 -0.12820 0.80355 0.18306 0.55169
1403638542.2778294086 1.23630 0.51705 0.42175 -0.14284 0.79917 0.20616 0.54628
1403638542.3778295517 1.27964 0.57963 0.43059 -0.15627 0.79112 0.22764 0.54579
1403638542.4778294563 1.32272 0.64308 0.43783 -0.16218 0.77740 0.24740 0.55510
1403638542.5778295994 1.36151 0.70680 0.44231 -0.15805 0.76534 0.26542 0.56465
1403638542.6778295040 1.39603 0.77548 0.44887 -0.15822 0.76195 0.27442 0.56488
1403638542.7778294086 1.42392 0.84827 0.46252 -0.16672 0.76613 0.27302 0.55742
1403638542.8778295517 1.44578 0.92397 0.48359 -0.17297 0.77159 0.26959 0.54959
1403638542.9778294563 1.46379 1.00150 0.51206 -0.17662 0.77629 0.26616 0.54345
1403638543.0778295994 1.47838 1.07888 0.54181 -0.17888 0.77996 0.26269 0.53912
1403638543.1778295040 1.49097 1.15646 0.56524 -0.17859 0.78126 0.25984 0.53873
1403638543.2778294086 1.50541 1.23513 0.58481 -0.17845 0.78171 0.25715 0.53940
1403638543.3778295517 1.51786 1.31425 0.59693 -0.17741 0.78294 0.25584 0.53859
1403638543.4778294563 1.53234 1.39561 0.60536 -0.17924 0.78198 0.25992 0.53741
1403638543.5778295994 1.54936 1.47752 0.61302 -0.18421 0.77907 0.27082 0.53457
1403638543.6778295040 1.56595 1.56282 0.61791 -0.19071 0.77349 0.28815 0.53133
1403638543.7778294086 1.57871 1.64728 0.62441 -0.20049 0.76556 0.30908 0.52745
1403638543.8778295517 1.59227 1.73514 0.63776 -0.21171 0.75559 0.33121 0.52399
1403638543.9778294563 1.60546 1.82648 0.65841 -0.22527 0.74725 0.34910 0.51866
1403638544.0778295994 1.61815 1.91821 0.68307 -0.23964 0.74344 0.35999 0.51017
1403638544.1778295040 1.63202 2.01117 0.70730 -0.24959 0.74048 0.36620 0.50526
1403638544.2778294086 1.64651 2.10485 0.72457 -0.25603 0.73800 0.36933 0.50339
1403638544.3778295517 1.66090 2.19745 0.73493 -0.25745 0.73738 0.37175 0.50178
1403638544.4778294563 1.67720 2.29139 0.74216 -0.25637 0.73799 0.37271 0.50072
1403638544.5778295994 1.69476 2.38526 0.74817 -0.25811 0.73536 0.37176 0.50440
1403638544.6778295040 1.71278 2.48114 0.76048 -0.26298 0.72892 0.37103 0.51172
1403638544.7778294086 1.72983 2.57290 0.77609 -0.26415 0.72811 0.37198 0.51157
1403638544.8778295517 1.74742 2.66153 0.79030 -0.26219 0.73140 0.37429 0.50618
1403638544.9778294563 1.76473 2.75108 0.79848 -0.26233 0.73224 0.37494 0.50441
1403638545.0778295994 1.78247 2.84011 0.80162 -0.26374 0.73105 0.37486 0.50546
1403638545.1778295040 1.79948 2.92409 0.80067 -0.26343 0.73075 0.37609 0.50514
1403638545.2778294086 1.81817 3.01426 0.79262 -0.26264 0.73022 0.37765 0.50515
1403638545.3778295517 1.83709 3.10497 0.78062 -0.26428 0.72762 0.37671 0.50874
1403638545.4778294563 1.85582 3.19360 0.76841 -0.26624 0.72770 0.37766 0.50690
1403638545.5778295994 1.87227 3.28451 0.75536 -0.27032 0.72552 0.38415 0.50296
1403638545.6778295040 1.89036 3.37439 0.75293 -0.27896 0.72012 0.39561 0.49710
1403638545.7778294086 1.90840 3.46569 0.75747 -0.28764 0.71257 0.41200 0.48965
1403638545.8778295517 1.92569 3.55957 0.76848 -0.29851 0.70210 0.43136 0.48153
1403638545.9778294563 1.94267 3.65066 0.78539 -0.30830 0.68975 0.45322 0.47306
1403638546.0778295994 1.95931 3.74205 0.80486 -0.31466 0.67790 0.47210 0.46751
1403638546.1778295040 1.97699 3.83545 0.81856 -0.32220 0.66938 0.48427 0.46217
1403638546.2778294086 1.99217 3.92811 0.82518 -0.32716 0.66468 0.49187 0.45742
1403638546.3778295517 2.00602 4.01955 0.82651 -0.33353 0.66308 0.49411 0.45270
1403638546.4778294563 2.01971 4.11170 0.82225 -0.33640 0.66272 0.49534 0.44975
1403638546.5778295994 2.03320 4.20620 0.81762 -0.33755 0.66067 0.49858 0.44832
1403638546.6778295040 2.04517 4.30314 0.81879 -0.34115 0.65590 0.50445 0.44603
1403638546.7778294086 2.05658 4.40057 0.82958 -0.34375 0.65137 0.51015 0.44418
1403638546.8778295517 2.06737 4.50309 0.84874 -0.34451 0.64778 0.51515 0.44307
1403638546.9778294563 2.07652 4.60491 0.86626 -0.34337 0.64452 0.51972 0.44338
1403638547.0778295994 2.08457 4.70964 0.87812 -0.34143 0.64206 0.52314 0.44442
1403638547.1778295040 2.08897 4.81402 0.88134 -0.33867 0.63997 0.52653 0.44554
1403638547.2778294086 2.09027 4.92040 0.88319 -0.33678 0.63860 0.52818 0.44698
1403638547.3778295517 2.08462 5.02308 0.87762 -0.34015 0.63993 0.52603 0.44506
1403638547.4778294563 2.07864 5.13227 0.87276 -0.34483 0.64304 0.52238 0.44126
1403638547.5778295994 2.07061 5.24252 0.86280 -0.34793 0.64647 0.51902 0.43776
1403638547.6778295040 2.05836 5.34709 0.84359 -0.34889 0.64750 0.51749 0.43729
1403638547.7778294086 2.04750 5.45961 0.82534 -0.34680 0.64693 0.51814 0.43903
1403638547.8778295517 2.03330 5.56890 0.79934 -0.34348 0.64395 0.52036 0.44338
1403638547.9778294563 2.01853 5.68490 0.77809 -0.34366 0.64383 0.52076 0.44293
1403638548.0778295994 2.00072 5.80452 0.76044 -0.34656 0.64328 0.52299 0.43882
1403638548.1778295040 1.98281 5.92810 0.75487 -0.35109 0.63949 0.52838 0.43429
1403638548.2778294086 1.96061 6.05132 0.75380 -0.35795 0.63291 0.53677 0.42800
1403638548.3778295517 1.93702 6.17683 0.76179 -0.36578 0.62334 0.54810 0.42100
1403638548.4778294563 1.91242 6.30506 0.77725 -0.37400 0.61368 0.55858 0.41414
1403638548.5778295994 1.88775 6.42685 0.79184 -0.38060 0.60575 0.56633 0.40923
1403638548.6778295040 1.86409 6.55335 0.80248 -0.38548 0.60028 0.57164 0.40534
1403638548.7778294086 1.84117 6.67964 0.81096 -0.38825 0.59642 0.57557 0.40282
1403638548.8778295517 1.81793 6.80719 0.82568 -0.38952 0.59433 0.57824 0.40085
1403638548.9778294563 1.79421 6.93431 0.84736 -0.39090 0.59330 0.57922 0.39962
1403638549.0778295994 1.76910 7.06243 0.87220 -0.39140 0.59303 0.57960 0.39898
1403638549.1778295040 1.74456 7.19068 0.90518 -0.39257 0.59304 0.57863 0.39922
1403638549.2778294086 1.71948 7.31831 0.94255 -0.39332 0.59389 0.57763 0.39867
1403638549.3778295517 1.69445 7.45149 0.98579 -0.39549 0.59551 0.57520 0.39762
1403638549.4778294563 1.66946 7.58187 1.02449 -0.39732 0.59694 0.57301 0.39681
1403638549.5778295994 1.64543 7.71750 1.05933 -0.39864 0.59719 0.57115 0.39779
1403638549.6778295040 1.62281 7.85144 1.08802 -0.39994 0.59672 0.56957 0.39945
1403638549.7778294086 1.60293 7.98531 1.11714 -0.39830 0.59708 0.57001 0.39992
1403638549.8778295517 1.58386 8.11933 1.15227 -0.39731 0.59857 0.57020 0.39842
1403638549.9778294563 1.56590 8.25660 1.19609 -0.39703 0.59964 0.57013 0.39717
1403638550.0778295994 1.54847 8.39456 1.24718 -0.39737 0.60000 0.56986 0.39668
1403638550.1778295040 1.53555 8.53597 1.30583 -0.39815 0.60074 0.56966 0.39506
1403638550.2778294086 1.52169 8.67792 1.37098 -0.39761 0.60034 0.57053 0.39496
1403638550.3778295517 1.51168 8.82265 1.43916 -0.39760 0.59968 0.57086 0.39550
1403638550.4778294563 1.50124 8.96756 1.49949 -0.40023 0.60027 0.56933 0.39414
1403638550.5778295994 1.49620 9.11408 1.55247 -0.40395 0.60128 0.56690 0.39230
1403638550.6778295040 1.49251 9.25834 1.60034 -0.40863 0.59994 0.56350 0.39441
1403638550.7778294086 1.49143 9.39877 1.64390 -0.41135 0.59939 0.56130 0.39556
1403638550.8778295517 1.49350 9.53874 1.68482 -0.41697 0.59579 0.55710 0.40101
1403638550.9778294563 1.49730 9.67268 1.72145 -0.42237 0.59174 0.55275 0.40732
1403638551.0778295994 1.50303 9.80455 1.75580 -0.42584 0.58934 0.54997 0.41094
1403638551.1778295040 1.51218 9.92666 1.79052 -0.43014 0.58973 0.54736 0.40938
1403638551.2778294086 1.52681 10.04305 1.83019 -0.43078 0.59136 0.54649 0.40752
1403638551.3778295517 1.54928 10.14859 1.87309 -0.42609 0.59903 0.54353 0.40520
1403638551.4778294563 1.57553 10.25831 1.91407 -0.41848 0.61158 0.53439 0.40653
1403638551.5778295994 1.61143 10.35627 1.94767 -0.41221 0.62670 0.51815 0.41090
1403638551.6778295040 1.65190 10.46259 1.97897 -0.40524 0.64364 0.49976 0.41442
1403638551.7778294086 1.70237 10.56265 2.00433 -0.39596 0.65774 0.48138 0.42292
1403638551.8778295517 1.76221 10.65487 2.02394 -0.38585 0.66831 0.46592 0.43290
1403638551.9778294563 1.82967 10.74095 2.04687 -0.37396 0.67170 0.45838 0.44593
1403638552.0778295994 1.90222 10.81980 2.07709 -0.36432 0.67321 0.45346 0.45654
1403638552.1778295040 1.97820 10.89349 2.11227 -0.35839 0.67805 0.45037 0.45713
1403638552.2778294086 2.05795 10.95976 2.15273 -0.35423 0.68195 0.44939 0.45554
1403638552.3778295517 2.14192 11.01980 2.19149 -0.35625 0.68288 0.44651 0.45540
1403638552.4778294563 2.23099 11.07447 2.22475 -0.36348 0.67925 0.44096 0.46050
1403638552.5778295994 2.32187 11.12202 2.25418 -0.36898 0.67538 0.43754 0.46506
1403638552.6778295040 2.41531 11.15769 2.27585 -0.36958 0.67293 0.43877 0.46696
1403638552.7778294086 2.51218 11.18294 2.29141 -0.36900 0.67216 0.44102 0.46641
1403638552.8778295517 2.61336 11.20489 2.30130 -0.36683 0.67080 0.44489 0.46640
1403638552.9778294563 2.71376 11.21190 2.30648 -0.36255 0.66832 0.45089 0.46754
1403638553.0778295994 2.81913 11.22076 2.30674 -0.35884 0.66611 0.45631 0.46831
1403638553.1778295040 2.91732 11.21281 2.30221 -0.36442 0.66196 0.45500 0.47115
1403638553.2778294086 3.02231 11.20857 2.30035 -0.37166 0.65624 0.45176 0.47658
1403638553.3778295517 3.12299 11.18659 2.30322 -0.37336 0.65088 0.45273 0.48166
1403638553.4778294563 3.22343 11.15514 2.31251 -0.36990 0.64534 0.45651 0.48816
1403638553.5778295994 3.32260 11.11566 2.32949 -0.36683 0.64099 0.45973 0.49317
1403638553.6778295040 3.41994 11.06399 2.35048 -0.36478 0.63986 0.46219 0.49385
1403638553.7778294086 3.51130 11.00113 2.37848 -0.36305 0.64020 0.46405 0.49295
1403638553.8778295517 3.59708 10.93143 2.41170 -0.36090 0.64189 0.46544 0.49101
1403638553.9778294563 3.68058 10.85511 2.44594 -0.36027 0.64481 0.46572 0.48737
1403638554.0778295994 3.75639 10.77043 2.47437 -0.35881 0.64800 0.46652 0.48343
1403638554.1778295040 3.83313 10.68393 2.49840 -0.35395 0.65090 0.47002 0.47972
1403638554.2778294086 3.90352 10.59045 2.51318 -0.34613 0.65672 0.47575 0.47177
1403638554.3778295517 3.97302 10.49919 2.52652 -0.34017 0.66013 0.48004 0.46699
1403638554.4778294563 4.03954 10.40924 2.53863 -0.33739 0.66170 0.48210 0.46465
1403638554.5778295994 4.10180 10.32190 2.54816 -0.33831 0.66278 0.48166 0.46290
1403638554.6778295040 4.16466 10.23164 2.55344 -0.34427 0.66497 0.47776 0.45940
1403638554.7778294086 4.22256 10.14686 2.56984 -0.34888 0.66586 0.47432 0.45818
1403638554.8778295517 4.28606 10.05973 2.58628 -0.35202 0.66590 0.47231 0.45780
1403638554.9778294563 4.35046 9.97265 2.60380 -0.35465 0.66650 0.46900 0.45830
1403638555.0778295994 4.41196 9.89169 2.61963 -0.35070 0.66994 0.46452 0.46088
1403638555.1778295040 4.47960 9.80251 2.62415 -0.34416 0.67593 0.45779 0.46379
1403638555.2778294086 4.54890 9.72108 2.63175 -0.33787 0.68223 0.44975 0.46706
1403638555.3778295517 4.62072 9.63370 2.63377 -0.33071 0.68548 0.44497 0.47197
1403638555.4778294563 4.69239 9.54354 2.62984 -0.32492 0.68753 0.44188 0.47589
1403638555.5778295994 4.76543 9.45297 2.62377 -0.32264 0.68880 0.43924 0.47804
1403638555.6778295040 4.83849 9.36234 2.62247 -0.32213 0.69047 0.43760 0.47748
1403638555.7778294086 4.91156 9.26917 2.63035 -0.32129 0.69161 0.43782 0.47620
1403638555.8778295517 4.98161 9.17698 2.64643 -0.32060 0.69162 0.43882 0.47573
1403638555.9778294563 5.05510 9.08958 2.66829 -0.31938 0.69035 0.44059 0.47675
1403638556.0778295994 5.12714 9.00356 2.69405 -0.31789 0.69042 0.44198 0.47637
1403638556.1778295040 5.20154 8.92528 2.71650 -0.31701 0.69483 0.44256 0.46995
1403638556.2778294086 5.27426 8.84373 2.73117 -0.31564 0.69802 0.44352 0.46522
1403638556.3778295517 5.35055 8.77561 2.74372 -0.31438 0.70028 0.44434 0.46188
1403638556.4778294563 5.42775 8.70064 2.75253 -0.31211 0.70326 0.44560 0.45766
1403638556.5778295994 5.50745 8.64336 2.76350 -0.31162 0.70634 0.44518 0.45365
1403638556.6778295040 5.59050 8.58970 2.77523 -0.31912 0.70892 0.43901 0.45039
1403638556.7778294086 5.67580 8.53142 2.79440 -0.32564 0.70574 0.43420 0.45537
1403638556.8778295517 5.76316 8.48462 2.82077 -0.33123 0.70437 0.42985 0.45758
1403638556.9778294563 5.85371 8.44105 2.85097 -0.33436 0.70307 0.42722 0.45976
1403638557.0778295994 5.95039 8.39691 2.87501 -0.33273 0.70181 0.42860 0.46157
1403638557.1778295040 6.05318 8.35081 2.89190 -0.33099 0.70036 0.43022 0.46352
1403638557.2778294086 6.16047 8.30174 2.90258 -0.32986 0.69939 0.43137 0.46471
1403638557.3778295517 6.27125 8.25372 2.90906 -0.32737 0.69829 0.43361 0.46606
1403638557.4778294563 6.38521 8.20654 2.91790 -0.32199 0.69535 0.43821 0.46988
1403638557.5778295994 6.49976 8.15915 2.93270 -0.31764 0.69294 0.44159 0.47321
1403638557.6778295040 6.61475 8.11233 2.95144 -0.31537 0.69164 0.44371 0.47465
1403638557.7778294086 6.72927 8.06517 2.97259 -0.31561 0.69121 0.44349 0.47532
1403638557.8778295517 6.84403 8.01665 2.98870 -0.31297 0.69105 0.44502 0.47587
1403638557.9778294563 6.95408 7.96998 2.99830 -0.31034 0.69220 0.44665 0.47441
1403638558.0778295994 7.06229 7.92500 3.00150 -0.30943 0.69586 0.44738 0.46892
1403638558.1778295040 7.17162 7.88196 3.00189 -0.30665 0.70155 0.44892 0.46072
1403638558.2778294086 7.28196 7.84395 3.00810 -0.30323 0.70565 0.45058 0.45506
1403638558.3778295517 7.39204 7.81487 3.02424 -0.29857 0.70701 0.45339 0.45324
1403638558.4778294563 7.50258 7.79214 3.04874 -0.29225 0.71071 0.45711 0.44780
1403638558.5778295994 7.61366 7.77984 3.08118 -0.29340 0.71334 0.45584 0.44416
1403638558.6778295040 7.72709 7.77812 3.12021 -0.30156 0.71411 0.44935 0.44406
1403638558.7778294086 7.84240 7.78337 3.15791 -0.30931 0.71380 0.44317 0.44544
1403638558.8778295517 7.95996 7.79399 3.18843 -0.31168 0.71270 0.44086 0.44784
1403638558.9778294563 8.08107 7.80878 3.21124 -0.31331 0.70803 0.43957 0.45531
1403638559.0778295994 8.20606 7.82551 3.22631 -0.31381 0.70365 0.43941 0.46186
1403638559.1778295040 8.33171 7.84530 3.23422 -0.31406 0.70028 0.43983 0.46638
1403638559.2778294086 8.45854 7.86621 3.23560 -0.31203 0.69743 0.44227 0.46970
1403638559.3778295517 8.58525 7.88746 3.23094 -0.30851 0.69508 0.44560 0.47236
1403638559.4778294563 8.70601 7.90997 3.22146 -0.30642 0.69280 0.44771 0.47508
1403638559.5778295994 8.82675 7.93343 3.20714 -0.30540 0.69065 0.44919 0.47745
1403638559.6778295040 8.94410 7.95928 3.18959 -0.30614 0.68960 0.44934 0.47836
1403638559.7778294086 9.05655 7.98607 3.17568 -0.30650 0.68872 0.45008 0.47870
1403638559.8778295517 9.16605 8.01591 3.16685 -0.30791 0.68948 0.44928 0.47745
1403638559.9778294563 9.27342 8.04681 3.15922 -0.30677 0.69300 0.44334 0.47863
1403638560.0778295994 9.37968 8.07913 3.14591 -0.30137 0.70089 0.43036 0.48241
1403638560.1778295040 9.48342 8.11063 3.12529 -0.29152 0.71061 0.41222 0.49002
1403638560.2778294086 9.58736 8.14313 3.09944 -0.27911 0.72134 0.39109 0.49882
1403638560.3778295517 9.69163 8.17486 3.07153 -0.26780 0.72907 0.36688 0.51199
1403638560.4778294563 9.79243 8.20502 3.03986 -0.25500 0.73705 0.34176 0.52434
1403638560.5778295994 9.88947 8.23087 3.00371 -0.24361 0.74623 0.31485 0.53354
1403638560.6778295040 9.98419 8.25225 2.96391 -0.23398 0.75666 0.28684 0.53893
1403638560.7778294086 10.07561 8.26727 2.92734 -0.22676 0.76536 0.26124 0.54273
1403638560.8778295517 10.16350 8.27387 2.89906 -0.21596 0.77174 0.23841 0.54858
1403638560.9778294563 10.25040 8.27304 2.87885 -0.20376 0.77586 0.21757 0.55604
1403638561.0778295994 10.33679 8.26441 2.86670 -0.19158 0.77826 0.19781 0.56434
1403638561.1778295040 10.41842 8.24685 2.86081 -0.18076 0.77952 0.18016 0.57202
1403638561.2778294086 10.49455 8.22179 2.86206 -0.17393 0.77974 0.16683 0.57787
1403638561.3778295517 10.56409 8.18882 2.86578 -0.16499 0.78428 0.16212 0.57568
1403638561.4778294563 10.63057 8.15028 2.86469 -0.15153 0.79009 0.16581 0.57035
1403638561.5778295994 10.69500 8.10888 2.85855 -0.14197 0.79355 0.17066 0.56657
1403638561.6778295040 10.75567 8.06607 2.84794 -0.13817 0.79525 0.17351 0.56425
1403638561.7778294086 10.81067 8.02234 2.83290 -0.13709 0.79552 0.17561 0.56349
1403638561.8778295517 10.86437 7.97608 2.81014 -0.13461 0.79487 0.17628 0.56480
1403638561.9778294563 10.91435 7.92954 2.78573 -0.12919 0.79592 0.17164 0.56601
1403638562.0778295994 10.96245 7.88154 2.76079 -0.12175 0.79764 0.16289 0.56782
1403638562.1778295040 11.00058 7.83336 2.74593 -0.11381 0.79953 0.15290 0.56959
1403638562.2778294086 11.03753 7.78691 2.73596 -0.10707 0.80060 0.14445 0.57159
1403638562.3778295517 11.07110 7.73895 2.73226 -0.10087 0.80147 0.13242 0.57440
1403638562.4778294563 11.10053 7.69017 2.73240 -0.09274 0.80374 0.11624 0.57610
1403638562.5778295994 11.12863 7.64211 2.73898 -0.08299 0.80593 0.09608 0.57824
1403638562.6778295040 11.15351 7.59383 2.74963 -0.07409 0.80855 0.07184 0.57931
1403638562.7778294086 11.17697 7.54284 2.76176 -0.06523 0.80996 0.04555 0.58106
1403638562.8778295517 11.19752 7.48745 2.76966 -0.05178 0.81096 0.02097 0.58243
1403638562.9778294563 11.21398 7.42887 2.77112 -0.03730 0.81149 -0.00173 0.58318
1403638563.0778295994 11.22600 7.36793 2.76711 -0.02825 0.81113 -0.02589 0.58361
1403638563.1778295040 11.23164 7.30270 2.75827 -0.01626 0.81072 -0.04572 0.58342
1403638563.2778294086 11.23268 7.23401 2.74554 -0.00459 0.80739 -0.05969 0.58697
1403638563.3778295517 11.22682 7.16286 2.72841 0.00232 0.79946 -0.06961 0.59666
1403638563.4778294563 11.21465 7.08808 2.70615 0.00388 0.79327 -0.07672 0.60401
1403638563.5778295994 11.19659 7.00727 2.68432 0.00953 0.79383 -0.07648 0.60324
1403638563.6778295040 11.17214 6.92117 2.66926 0.00960 0.79737 -0.07659 0.59854
1403638563.7778294086 11.14191 6.83005 2.66123 0.00653 0.79966 -0.07698 0.59546
1403638563.8778295517 11.10699 6.73516 2.66066 0.00336 0.79935 -0.07602 0.59603
1403638563.9778294563 11.06744 6.63392 2.66771 -0.00017 0.79838 -0.07438 0.59754
1403638564.0778295994 11.01968 6.52969 2.67079 -0.00467 0.79909 -0.07212 0.59685
1403638564.1778295040 10.96661 6.41964 2.66910 -0.00646 0.79913 -0.06743 0.59733
1403638564.2778294086 10.91089 6.30206 2.66648 -0.00567 0.79769 -0.06190 0.59986
1403638564.3778295517 10.84641 6.18323 2.66730 -0.00581 0.79634 -0.05673 0.60215
1403638564.4778294563 10.77801 6.05917 2.67676 -0.00514 0.79522 -0.05241 0.60403
1403638564.5778295994 10.69878 5.93426 2.68860 -0.00792 0.79695 -0.05188 0.60176
1403638564.6778295040 10.61533 5.80757 2.70085 -0.01300 0.79864 -0.05478 0.59917
1403638564.7778294086 10.52254 5.67515 2.70472 -0.01677 0.79912 -0.05781 0.59815
1403638564.8778295517 10.42828 5.53784 2.70339 -0.01892 0.79863 -0.06034 0.59849
1403638564.9778294563 10.32720 5.39257 2.68150 -0.02077 0.79803 -0.06204 0.59905
1403638565.0778295994 10.22311 5.24467 2.64651 -0.02197 0.79846 -0.06293 0.59835
1403638565.1778295040 10.11496 5.09038 2.59668 -0.02245 0.79927 -0.06318 0.59722
1403638565.2778294086 10.00325 4.93114 2.54095 -0.02078 0.80027 -0.06242 0.59602
1403638565.3778295517 9.88787 4.76699 2.48225 -0.01799 0.80132 -0.06120 0.59483
1403638565.4778294563 9.76885 4.59695 2.42334 -0.01501 0.80070 -0.06017 0.59585
1403638565.5778295994 9.64656 4.41939 2.37068 -0.00852 0.79863 -0.05772 0.59899
1403638565.6778295040 9.52077 4.24156 2.32664 0.00315 0.79843 -0.05158 0.59987
1403638565.7778294086 9.39170 4.06316 2.28904 0.01213 0.80116 -0.04714 0.59647
1403638565.8778295517 9.25493 3.88451 2.25874 0.01920 0.80339 -0.04364 0.59354
1403638565.9778294563 9.11387 3.70806 2.23234 0.02147 0.80525 -0.04402 0.59091
1403638566.0778295994 8.97242 3.53809 2.20060 0.02294 0.80632 -0.04433 0.58937
1403638566.1778295040 8.83059 3.37213 2.16055 0.02083 0.80660 -0.04572 0.58896
1403638566.2778294086 8.68790 3.21014 2.11264 0.02136 0.80635 -0.04492 0.58935
1403638566.3778295517 8.54618 3.05189 2.05729 0.02159 0.80745 -0.04391 0.58791
1403638566.4778294563 8.40631 2.89843 1.99626 0.01822 0.80780 -0.04474 0.58748
1403638566.5778295994 8.26769 2.74878 1.92940 0.01746 0.81110 -0.04311 0.58305
1403638566.6778295040 8.13001 2.60350 1.85519 0.01660 0.82049 -0.04146 0.56992
1403638566.7778294086 7.99689 2.46152 1.77571 0.01576 0.83222 -0.03986 0.55278
1403638566.8778295517 7.87149 2.32108 1.69332 0.01398 0.84031 -0.03871 0.54055
1403638566.9778294563 7.75374 2.18162 1.60837 0.01382 0.84428 -0.03588 0.53452
1403638567.0778295994 7.64303 2.04631 1.52473 0.01361 0.83628 -0.03451 0.54704
1403638567.1778295040 7.53835 1.91440 1.43738 0.01575 0.82406 -0.03251 0.56535
1403638567.2778294086 7.43452 1.78209 1.34435 0.01888 0.81544 -0.03073 0.57771
1403638567.3778295517 7.33038 1.65489 1.24622 0.02188 0.81348 -0.03015 0.58040
1403638567.4778294563 7.22285 1.52912 1.15196 0.02382 0.81421 -0.03110 0.57925
1403638567.5778295994 7.11714 1.41111 1.06523 0.02526 0.81767 -0.03290 0.57420
1403638567.6778295040 7.01048 1.29228 0.98817 0.02862 0.82087 -0.03323 0.56944
1403638567.7778294086 6.90445 1.17675 0.91914 0.03061 0.82406 -0.03358 0.56468
1403638567.8778295517 6.80175 1.06605 0.85806 0.02973 0.82733 -0.03563 0.55979
1403638567.9778294563 6.70653 0.95809 0.80311 0.02949 0.82819 -0.03639 0.55848
1403638568.0778295994 6.61611 0.85336 0.75615 0.03221 0.82793 -0.03430 0.55885
1403638568.1778295040 6.53110 0.75358 0.71867 0.03396 0.82713 -0.03268 0.56002
1403638568.2778294086 6.45048 0.65829 0.68888 0.03456 0.82698 -0.03263 0.56022
1403638568.3778295517 6.37487 0.56640 0.66006 0.03413 0.82746 -0.03269 0.55954
1403638568.4778294563 6.30561 0.48836 0.62331 0.03488 0.82818 -0.03277 0.55841
1403638568.5778295994 6.23770 0.40705 0.58666 0.03525 0.82950 -0.03194 0.55647
1403638568.6778295040 6.17757 0.33844 0.54433 0.03683 0.83119 -0.03067 0.55392
1403638568.7778294086 6.11778 0.27048 0.50817 0.03613 0.83239 -0.03065 0.55216
1403638568.8778295517 6.06262 0.21281 0.48124 0.03415 0.83157 -0.03244 0.55342
1403638568.9778294563 6.01814 0.15932 0.45868 0.03619 0.83100 -0.03081 0.55423
1403638569.0778295994 5.97267 0.11240 0.44790 0.03777 0.83061 -0.02989 0.55477
1403638569.1778295040 5.93549 0.06751 0.43939 0.03847 0.83136 -0.02984 0.55359
1403638569.2778294086 5.89632 0.03220 0.43572 0.04060 0.83245 -0.02894 0.55185
1403638569.3778295517 5.86818 -0.00189 0.42366 0.04153 0.83235 -0.02872 0.55195
1403638569.4778294563 5.84199 -0.02620 0.41088 0.04228 0.83082 -0.02850 0.55420
1403638569.5778295994 5.82475 -0.04827 0.39218 0.04307 0.82954 -0.02818 0.55607
1403638569.6778295040 5.81205 -0.06326 0.37925 0.04232 0.82839 -0.02918 0.55779
1403638569.7778294086 5.80258 -0.07251 0.37298 0.04341 0.82754 -0.02863 0.55899
1403638569.8778295517 5.79626 -0.07336 0.37716 0.04458 0.82634 -0.02785 0.56071
1403638569.9778294563 5.79364 -0.07421 0.38127 0.04341 0.82484 -0.02872 0.56296
1403638570.0778295994 5.79427 -0.06838 0.38298 0.04122 0.82425 -0.03029 0.56391
1403638570.1778295040 5.79651 -0.05862 0.37825 0.03640 0.82437 -0.03317 0.56391
1403638570.2778294086 5.79974 -0.04593 0.36735 0.02899 0.82377 -0.03789 0.56491
1403638570.3778295517 5.80439 -0.03259 0.35185 0.02280 0.82340 -0.04529 0.56519
1403638570.4778294563 5.80921 -0.01657 0.33294 0.01884 0.82268 -0.06108 0.56489
1403638570.5778295994 5.81359 -0.01195 0.30492 0.01179 0.81970 -0.08808 0.56585
1403638570.6778295040 5.81554 -0.01003 0.27300 0.01285 0.81409 -0.11747 0.56859
1403638570.7778294086 5.81648 -0.01982 0.23721 0.02028 0.80262 -0.14504 0.57823
1403638570.8778295517 5.81205 -0.04112 0.19889 0.03300 0.79057 -0.16944 0.58754
1403638570.9778294563 5.80015 -0.07328 0.15695 0.04853 0.78211 -0.19066 0.59126
1403638571.0778295994 5.77963 -0.11534 0.11027 0.06542 0.77906 -0.20967 0.58722
1403638571.1778295040 5.74927 -0.16431 0.06602 0.08694 0.78142 -0.22199 0.57667
1403638571.2778294086 5.71209 -0.22079 0.03241 0.10714 0.78256 -0.22824 0.56924
1403638571.3778295517 5.66784 -0.28137 0.00872 0.11986 0.78175 -0.23348 0.56568
1403638571.4778294563 5.61908 -0.34504 -0.00520 0.12597 0.77873 -0.23815 0.56656
1403638571.5778295994 5.56609 -0.41227 -0.01494 0.13290 0.77621 -0.24226 0.56670
1403638571.6778295040 5.50979 -0.48292 -0.02840 0.13903 0.77574 -0.25157 0.56180
1403638571.7778294086 5.45012 -0.55734 -0.04703 0.14696 0.77496 -0.26499 0.55463
1403638571.8778295517 5.38803 -0.63547 -0.06984 0.15418 0.77171 -0.28273 0.54841
1403638571.9778294563 5.32299 -0.71687 -0.08993 0.16188 0.76534 -0.30274 0.54443
1403638572.0778295994 5.25539 -0.80107 -0.10180 0.17115 0.75808 -0.32194 0.54072
1403638572.1778295040 5.18358 -0.88952 -0.10413 0.18688 0.75103 -0.33701 0.53615
1403638572.2778294086 5.10855 -0.98000 -0.10207 0.20096 0.74645 -0.35351 0.52674
1403638572.3778295517 5.03194 -1.07438 -0.10304 0.21403 0.74130 -0.37177 0.51619
1403638572.4778294563 4.95505 -1.17270 -0.10694 0.22793 0.73714 -0.38476 0.50658
1403638572.5778295994 4.87979 -1.27393 -0.11190 0.23882 0.73319 -0.39341 0.50062
1403638572.6778295040 4.80623 -1.37932 -0.11514 0.24458 0.73136 -0.39885 0.49619
1403638572.7778294086 4.73620 -1.48843 -0.10971 0.25234 0.73277 -0.39872 0.49030
1403638572.8778295517 4.67005 -1.60076 -0.09629 0.25590 0.73525 -0.39811 0.48522
1403638572.9778294563 4.60729 -1.71627 -0.07846 0.25644 0.73739 -0.39720 0.48242
1403638573.0778295994 4.54944 -1.83487 -0.06446 0.25568 0.73951 -0.39600 0.48056
1403638573.1778295040 4.49531 -1.95664 -0.05683 0.25379 0.74119 -0.39474 0.48001
1403638573.2778294086 4.44556 -2.08052 -0.05104 0.25206 0.74265 -0.39272 0.48032
1403638573.3778295517 4.40086 -2.20769 -0.04348 0.25123 0.74346 -0.39178 0.48027
1403638573.4778294563 4.36292 -2.33756 -0.03290 0.25433 0.74360 -0.39188 0.47833
1403638573.5778295994 4.32992 -2.47062 -0.01374 0.25604 0.74358 -0.39203 0.47733
1403638573.6778295040 4.30200 -2.60521 0.01230 0.25888 0.74403 -0.39237 0.47481
1403638573.7778294086 4.28008 -2.74104 0.04242 0.26575 0.74041 -0.39560 0.47399
1403638573.8778295517 4.26329 -2.88116 0.07197 0.27930 0.73019 -0.40089 0.47761
1403638573.9778294563 4.25219 -3.02013 0.09565 0.29098 0.71468 -0.41412 0.48276
1403638574.0778295994 4.24390 -3.15591 0.11205 0.29674 0.69424 -0.43538 0.49033
1403638574.1778295040 4.23633 -3.28677 0.12245 0.30275 0.67185 -0.45916 0.49611
1403638574.2778294086 4.22712 -3.41149 0.12682 0.31219 0.65290 -0.48131 0.49457
1403638574.3778295517 4.20835 -3.53690 0.12695 0.32445 0.63938 -0.50107 0.48462
1403638574.4778294563 4.18192 -3.66021 0.12329 0.33770 0.62762 -0.51891 0.47200
1403638574.5778295994 4.15158 -3.77849 0.12280 0.34803 0.61676 -0.53296 0.46307
1403638574.6778295040 4.11743 -3.89530 0.13072 0.35976 0.61024 -0.54006 0.45444
1403638574.7778294086 4.08264 -4.01187 0.14548 0.37050 0.60995 -0.54269 0.44291
1403638574.8778295517 4.04823 -4.12471 0.16413 0.37180 0.61193 -0.54718 0.43348
1403638574.9778294563 4.01310 -4.23395 0.17836 0.37029 0.61427 -0.55049 0.42721
1403638575.0778295994 3.97749 -4.34178 0.18626 0.36270 0.61288 -0.55579 0.42886
1403638575.1778295040 3.94124 -4.44727 0.18825 0.35693 0.61017 -0.55898 0.43340
1403638575.2778294086 3.90218 -4.55750 0.18779 0.35357 0.60886 -0.55975 0.43699
1403638575.3778295517 3.86051 -4.66559 0.18155 0.35057 0.61216 -0.55966 0.43491
1403638575.4778294563 3.81555 -4.77885 0.17243 0.34871 0.61766 -0.55806 0.43065
1403638575.5778295994 3.76858 -4.89223 0.16186 0.34790 0.62266 -0.55557 0.42733
1403638575.6778295040 3.71962 -5.01315 0.15827 0.35144 0.62902 -0.55037 0.42180
1403638575.7778294086 3.66838 -5.14290 0.16353 0.35233 0.63563 -0.54738 0.41498
1403638575.8778295517 3.62003 -5.27302 0.17788 0.35211 0.63989 -0.54528 0.41138
1403638575.9778294563 3.57630 -5.40616 0.20334 0.35149 0.64033 -0.54445 0.41232
1403638576.0778295994 3.53685 -5.54103 0.23596 0.35212 0.64104 -0.54300 0.41258
1403638576.1778295040 3.50039 -5.68158 0.27361 0.35295 0.63957 -0.54252 0.41478
1403638576.2778294086 3.46789 -5.82515 0.30845 0.35699 0.64019 -0.53994 0.41373
1403638576.3778295517 3.43800 -5.97484 0.33696 0.36152 0.64183 -0.53694 0.41117
1403638576.4778294563 3.41345 -6.12714 0.35951 0.36528 0.64451 -0.53440 0.40694
1403638576.5778295994 3.39437 -6.28417 0.37640 0.36980 0.64860 -0.53152 0.40008
1403638576.6778295040 3.38223 -6.44663 0.38886 0.37289 0.65010 -0.52932 0.39766
1403638576.7778294086 3.37917 -6.61110 0.39695 0.37778 0.64777 -0.52564 0.40172
1403638576.8778295517 3.38285 -6.77721 0.40016 0.38045 0.64282 -0.52381 0.40946
1403638576.9778294563 3.39453 -6.94008 0.39828 0.37852 0.63643 -0.52553 0.41891
1403638577.0778295994 3.41214 -7.09930 0.39561 0.37431 0.63260 -0.52887 0.42427
1403638577.1778295040 3.43336 -7.25636 0.40037 0.37156 0.62975 -0.53097 0.42829
1403638577.2778294086 3.45724 -7.41346 0.41150 0.37194 0.63026 -0.53073 0.42751
1403638577.3778295517 3.48353 -7.57062 0.43165 0.37854 0.63454 -0.52586 0.42136
1403638577.4778294563 3.51411 -7.72523 0.45736 0.38283 0.63705 -0.52265 0.41766
1403638577.5778295994 3.55018 -7.87803 0.47945 0.37984 0.63704 -0.52443 0.41818
1403638577.6778295040 3.59105 -8.02628 0.49545 0.37645 0.63594 -0.52659 0.42020
1403638577.7778294086 3.63546 -8.17249 0.50368 0.37368 0.63544 -0.52815 0.42147
1403638577.8778295517 3.68414 -8.31958 0.50711 0.37330 0.63564 -0.52794 0.42177
1403638577.9778294563 3.73600 -8.46064 0.50718 0.37408 0.63613 -0.52664 0.42197
1403638578.0778295994 3.79275 -8.60759 0.51433 0.37301 0.63540 -0.52656 0.42411
1403638578.1778295040 3.85268 -8.74417 0.52714 0.36849 0.63225 -0.52905 0.42962
1403638578.2778294086 3.91414 -8.88337 0.54599 0.36014 0.62723 -0.53459 0.43714
1403638578.3778295517 3.97385 -9.02170 0.56454 0.35819 0.62478 -0.53620 0.44027
1403638578.4778294563 4.03129 -9.15884 0.57669 0.35839 0.62439 -0.53648 0.44032
1403638578.5778295994 4.08659 -9.29350 0.58422 0.35840 0.62390 -0.53704 0.44033
1403638578.6778295040 4.14080 -9.43183 0.58750 0.36084 0.62381 -0.53585 0.43992
1403638578.7778294086 4.19179 -9.56122 0.58834 0.36616 0.62646 -0.53239 0.43593
1403638578.8778295517 4.24548 -9.69526 0.58467 0.37123 0.62931 -0.52880 0.43188
1403638578.9778294563 4.29895 -9.81636 0.58126 0.37381 0.63068 -0.52672 0.43020
1403638579.0778295994 4.35605 -9.94788 0.58564 0.37424 0.63141 -0.52563 0.43009
1403638579.1778295040 4.41507 -10.07119 0.59827 0.37479 0.63155 -0.52471 0.43053
1403638579.2778294086 4.47787 -10.19732 0.61663 0.37253 0.63062 -0.52576 0.43256
1403638579.3778295517 4.54285 -10.31522 0.63521 0.36698 0.62738 -0.52942 0.43754
1403638579.4778294563 4.60779 -10.43807 0.65196 0.36123 0.62310 -0.53329 0.44369
1403638579.5778295994 4.67044 -10.54882 0.66085 0.36018 0.62048 -0.53062 0.45134
1403638579.6778295040 4.73354 -10.66338 0.66522 0.36256 0.62111 -0.51857 0.46244
1403638579.7778294086 4.79402 -10.77242 0.66426 0.36115 0.63170 -0.49977 0.46985
1403638579.8778295517 4.85432 -10.87711 0.65656 0.35070 0.65186 -0.47884 0.47201
1403638579.9778294563 4.91606 -10.97929 0.64420 0.33373 0.67210 -0.45416 0.48026
1403638580.0778295994 4.97635 -11.07069 0.62977 0.31950 0.68688 -0.41998 0.49973
1403638580.1778295040 5.03648 -11.15024 0.61199 0.29992 0.70143 -0.38338 0.52064
1403638580.2778294086 5.09599 -11.22318 0.58963 0.27369 0.71874 -0.34890 0.53551
1403638580.3778295517 5.15154 -11.28710 0.56182 0.24355 0.73517 -0.32290 0.54400
1403638580.4778294563 5.20122 -11.34695 0.52987 0.21742 0.74696 -0.30656 0.54845
1403638580.5778295994 5.24636 -11.40517 0.49678 0.19988 0.75441 -0.29330 0.55217
1403638580.6778295040 5.28807 -11.46113 0.46377 0.18456 0.76466 -0.27878 0.55092
1403638580.7778294086 5.32508 -11.51503 0.43744 0.17418 0.77493 -0.26388 0.54728
1403638580.8778295517 5.35851 -11.56842 0.41997 0.16934 0.78197 -0.25300 0.54391
1403638580.9778294563 5.39305 -11.62187 0.41379 0.16348 0.78344 -0.24949 0.54521
1403638581.0778295994 5.42552 -11.67181 0.41631 0.16226 0.78446 -0.24764 0.54495
1403638581.1778295040 5.45669 -11.72086 0.42609 0.16478 0.78434 -0.24618 0.54503
1403638581.2778294086 5.48626 -11.76605 0.43671 0.16889 0.78430 -0.24595 0.54392
1403638581.3778295517 5.51666 -11.80943 0.45140 0.17226 0.78302 -0.24709 0.54421
1403638581.4778294563 5.54390 -11.84896 0.46548 0.17505 0.78073 -0.24877 0.54584
1403638581.5778295994 5.57271 -11.88271 0.49067 0.17829 0.78006 -0.25088 0.54477
1403638581.6778295040 5.59942 -11.91488 0.51070 0.18352 0.77579 -0.25080 0.54916
1403638581.7778294086 5.62647 -11.94420 0.53019 0.18563 0.77220 -0.25235 0.55279
1403638581.8778295517 5.65420 -11.97077 0.54369 0.18867 0.76919 -0.25243 0.55591
1403638581.9778294563 5.68246 -11.99673 0.54670 0.19275 0.76160 -0.25082 0.56560
1403638582.0778295994 5.70998 -12.01787 0.55499 0.19165 0.76342 -0.25283 0.56261
1403638582.1778295040 5.73667 -12.03757 0.56939 0.18764 0.77087 -0.25631 0.55215
1403638582.2778294086 5.75929 -12.05357 0.59160 0.18798 0.77387 -0.25641 0.54776
1403638582.3778295517 5.78836 -12.07210 0.62804 0.19056 0.77082 -0.25427 0.55214
1403638582.4778294563 5.81149 -12.08409 0.66818 0.19262 0.76975 -0.25259 0.55369
1403638582.5778295994 5.83376 -12.09300 0.71908 0.19358 0.76928 -0.25144 0.55453
1403638582.6778295040 5.86062 -12.10205 0.77996 0.19331 0.77062 -0.25162 0.55269
1403638582.7778294086 5.88263 -12.10029 0.84835 0.19151 0.77220 -0.25342 0.55029
1403638582.8778295517 5.90314 -12.09278 0.91910 0.19188 0.77356 -0.25401 0.54796
1403638582.9778294563 5.92341 -12.08165 0.98381 0.19064 0.77579 -0.25565 0.54447
1403638583.0778295994 5.94256 -12.06926 1.04023 0.18963 0.77830 -0.25736 0.54043
1403638583.1778295040 5.96191 -12.05531 1.08871 0.18948 0.77992 -0.25804 0.53781
1403638583.2778294086 5.98303 -12.04037 1.13102 0.18810 0.78054 -0.25926 0.53681
1403638583.3778295517 6.01568 -12.03446 1.16025 0.18842 0.78061 -0.25895 0.53674
1403638583.4778294563 6.04258 -12.01468 1.19581 0.18853 0.78133 -0.25903 0.53561
1403638583.5778295994 6.06938 -11.99266 1.23709 0.18862 0.78135 -0.25889 0.53563
1403638583.6778295040 6.09781 -11.96820 1.28614 0.19028 0.78169 -0.25763 0.53514
1403638583.7778294086 6.12788 -11.94209 1.33607 0.18999 0.78141 -0.25761 0.53567
1403638583.8778295517 6.15721 -11.91334 1.35694 0.19081 0.78070 -0.25737 0.53653
1403638583.9778294563 6.19067 -11.88829 1.39389 0.19109 0.78080 -0.25702 0.53645
1403638584.0778295994 6.22112 -11.86233 1.42407 0.19386 0.77750 -0.25473 0.54131
1403638584.1778295040 6.24856 -11.83039 1.43465 0.19812 0.76863 -0.25127 0.55391
1403638584.2778294086 6.27926 -11.78721 1.45506 0.20055 0.75972 -0.24892 0.56626
1403638584.3778295517 6.29651 -11.73979 1.45157 0.20218 0.75695 -0.24782 0.56986
1403638584.4778294563 6.31225 -11.68505 1.44676 0.20299 0.75684 -0.24735 0.56992
1403638584.5778295994 6.32535 -11.62784 1.45187 0.20251 0.75715 -0.24737 0.56967
1403638584.6778295040 6.33418 -11.56246 1.46232 0.20011 0.75901 -0.24861 0.56750
1403638584.7778294086 6.34056 -11.48644 1.46889 0.19648 0.76574 -0.25113 0.55855
1403638584.8778295517 6.34288 -11.40932 1.49090 0.18995 0.77330 -0.25566 0.54824
1403638584.9778294563 6.33800 -11.32727 1.49226 0.18801 0.77667 -0.25771 0.54315
1403638585.0778295994 6.33665 -11.24475 1.48926 0.18758 0.77772 -0.25844 0.54146
1403638585.1778295040 6.33760 -11.16746 1.49470 0.18503 0.77756 -0.25994 0.54184
1403638585.2778294086 6.34381 -11.08575 1.47911 0.18639 0.77551 -0.25936 0.54459
1403638585.3778295517 6.34757 -11.00715 1.47426 0.18696 0.77352 -0.25857 0.54759
1403638585.4778294563 6.34472 -10.93182 1.45166 0.18699 0.77352 -0.25897 0.54740
1403638585.5778295994 6.34776 -10.85280 1.45026 0.18606 0.77537 -0.25904 0.54505
1403638585.6778295040 6.35434 -10.77388 1.44690 0.18633 0.77776 -0.25897 0.54157
1403638585.7778294086 6.35947 -10.69269 1.46197 0.18306 0.78271 -0.26111 0.53449
1403638585.8778295517 6.36492 -10.61190 1.47923 0.18054 0.78623 -0.26303 0.52920
1403638585.9778294563 6.37633 -10.53075 1.50781 0.17896 0.78583 -0.26536 0.52918
1403638586.0778295994 6.38701 -10.45409 1.53916 0.18107 0.78156 -0.26469 0.53509
1403638586.1778295040 6.40511 -10.37899 1.56585 0.18304 0.77879 -0.26418 0.53869
1403638586.2778294086 6.41570 -10.29736 1.58568 0.18555 0.77599 -0.26315 0.54237
1403638586.3778295517 6.43291 -10.22270 1.60170 0.19149 0.77297 -0.25952 0.54634
1403638586.4778294563 6.44066 -10.13665 1.61144 0.19975 0.77116 -0.25460 0.54825
1403638586.5778295994 6.45497 -10.05847 1.61664 0.20194 0.77053 -0.25342 0.54889
1403638586.6778295040 6.46433 -9.96674 1.61467 0.19926 0.77120 -0.25556 0.54793
1403638586.7778294086 6.47971 -9.88316 1.60738 0.19522 0.77087 -0.25827 0.54859
1403638586.8778295517 6.48816 -9.79181 1.59458 0.19311 0.76964 -0.25916 0.55063
1403638586.9778294563 6.50010 -9.70354 1.57712 0.19333 0.76944 -0.25889 0.55096
1403638587.0778295994 6.50694 -9.60954 1.55709 0.19263 0.76917 -0.25949 0.55131
1403638587.1778295040 6.51697 -9.51723 1.54236 0.19217 0.77043 -0.25944 0.54973
1403638587.2778294086 6.52489 -9.42160 1.53561 0.19144 0.77208 -0.25970 0.54754
1403638587.3778295517 6.53244 -9.32551 1.53602 0.19082 0.77373 -0.26008 0.54525
1403638587.4778294563 6.54189 -9.22583 1.53969 0.18911 0.77379 -0.26197 0.54485
1403638587.5778295994 6.54949 -9.12745 1.54116 0.18832 0.77383 -0.26292 0.54461
1403638587.6778295040 6.56143 -9.02915 1.53599 0.18826 0.77346 -0.26342 0.54491
1403638587.7778294086 6.56953 -8.93256 1.52533 0.18823 0.77311 -0.26381 0.54523
1403638587.8778295517 6.58172 -8.83404 1.51224 0.18755 0.77281 -0.26475 0.54543
1403638587.9778294563 6.58990 -8.73713 1.49373 0.18735 0.77245 -0.26527 0.54576
1403638588.0778295994 6.59957 -8.64504 1.47229 0.18840 0.77221 -0.26410 0.54630
1403638588.1778295040 6.60484 -8.55312 1.44463 0.19493 0.77315 -0.25971 0.54479
1403638588.2778294086 6.61239 -8.45884 1.42042 0.19768 0.77420 -0.25722 0.54348
1403638588.3778295517 6.61965 -8.36184 1.40010 0.19830 0.77460 -0.25650 0.54303
1403638588.4778294563 6.62984 -8.26104 1.39101 0.19652 0.77470 -0.25747 0.54307
1403638588.5778295994 6.63760 -8.15808 1.38753 0.19411 0.77398 -0.25907 0.54421
1403638588.6778295040 6.64336 -8.05334 1.39486 0.19172 0.77331 -0.26023 0.54545
1403638588.7778294086 6.65027 -7.94400 1.40590 0.19023 0.77177 -0.26158 0.54751
1403638588.8778295517 6.65507 -7.83755 1.41625 0.18772 0.77122 -0.26377 0.54809
1403638588.9778294563 6.65903 -7.73028 1.41630 0.18799 0.77109 -0.26406 0.54804
1403638589.0778295994 6.66255 -7.62355 1.41154 0.18839 0.77141 -0.26424 0.54738
1403638589.1778295040 6.66647 -7.51481 1.39798 0.18997 0.77120 -0.26351 0.54746
1403638589.2778294086 6.66860 -7.41462 1.38414 0.18953 0.77034 -0.26356 0.54881
1403638589.3778295517 6.66896 -7.30603 1.36471 0.18971 0.77016 -0.26332 0.54912
1403638589.4778294563 6.66885 -7.20162 1.35341 0.18925 0.77116 -0.26376 0.54766
1403638589.5778295994 6.66661 -7.09230 1.34475 0.18857 0.77105 -0.26412 0.54787
1403638589.6778295040 6.66591 -6.98813 1.34868 0.18798 0.77179 -0.26391 0.54714
1403638589.7778294086 6.66343 -6.88006 1.35619 0.18833 0.77328 -0.26430 0.54471
1403638589.8778295517 6.65861 -6.77337 1.36830 0.18821 0.77394 -0.26508 0.54344
1403638589.9778294563 6.65540 -6.66689 1.36771 0.18851 0.77391 -0.26554 0.54316
1403638590.0778295994 6.64669 -6.56131 1.36621 0.18798 0.77386 -0.26624 0.54306
1403638590.1778295040 6.64166 -6.45609 1.35612 0.18862 0.77277 -0.26649 0.54427
1403638590.2778294086 6.63594 -6.35457 1.34648 0.18827 0.77204 -0.26712 0.54513
1403638590.3778295517 6.63139 -6.24977 1.32774 0.18852 0.77233 -0.26753 0.54443
1403638590.4778294563 6.62372 -6.15567 1.31091 0.18850 0.77298 -0.26785 0.54335
1403638590.5778295994 6.61599 -6.05423 1.29175 0.18737 0.77401 -0.26855 0.54193
1403638590.6778295040 6.60622 -5.96396 1.28322 0.18530 0.77576 -0.26940 0.53971
1403638590.7778294086 6.60062 -5.86515 1.28069 0.18455 0.77652 -0.26994 0.53860
1403638590.8778295517 6.59184 -5.77392 1.28686 0.18468 0.77738 -0.26984 0.53737
1403638590.9778294563 6.58739 -5.67926 1.29812 0.18344 0.77792 -0.27075 0.53655
1403638591.0778295994 6.57593 -5.58291 1.31434 0.18200 0.77873 -0.27210 0.53518
1403638591.1778295040 6.57344 -5.48960 1.32434 0.18101 0.78290 -0.27338 0.52874
1403638591.2778294086 6.56619 -5.39990 1.32747 0.17836 0.78864 -0.27563 0.51987
1403638591.3778295517 6.56409 -5.31660 1.32582 0.17489 0.79278 -0.27825 0.51331
1403638591.4778294563 6.56840 -5.23440 1.31811 0.17217 0.79533 -0.28041 0.50909
1403638591.5778295994 6.57866 -5.15891 1.30464 0.16940 0.79794 -0.28266 0.50467
1403638591.6778295040 6.59583 -5.09392 1.28685 0.16818 0.79806 -0.28382 0.50424
1403638591.7778294086 6.62058 -5.03971 1.26906 0.17019 0.79610 -0.28280 0.50723
1403638591.8778295517 6.65326 -5.00526 1.25487 0.17120 0.79386 -0.28188 0.51090
1403638591.9778294563 6.69059 -4.98168 1.24866 0.17190 0.79132 -0.28105 0.51505
1403638592.0778295994 6.73229 -4.96884 1.24969 0.17233 0.78877 -0.27989 0.51943
1403638592.1778295040 6.77810 -4.95100 1.26098 0.17035 0.78595 -0.27801 0.52533
1403638592.2778294086 6.82599 -4.94448 1.28319 0.16536 0.78056 -0.27257 0.53768
1403638592.3778295517 6.87411 -4.93712 1.31434 0.15645 0.77808 -0.26370 0.54826
1403638592.4778294563 6.91974 -4.93071 1.35292 0.14465 0.78079 -0.24982 0.55411
1403638592.5778295994 6.96153 -4.92843 1.39787 0.13673 0.78840 -0.23561 0.55156
1403638592.6778295040 7.00025 -4.93013 1.44885 0.12995 0.79603 -0.22439 0.54689
1403638592.7778294086 7.03837 -4.93486 1.49872 0.12458 0.80321 -0.21688 0.54065
1403638592.8778295517 7.07610 -4.94338 1.54285 0.12024 0.80829 -0.21212 0.53592
1403638592.9778294563 7.11558 -4.95439 1.58089 0.11937 0.81078 -0.20839 0.53382
1403638593.0778295994 7.16077 -4.96985 1.61278 0.11832 0.81149 -0.20711 0.53347
1403638593.1778295040 7.20815 -4.98874 1.64666 0.11841 0.80971 -0.20624 0.53648
1403638593.2778294086 7.26190 -5.01287 1.68494 0.12523 0.80649 -0.20242 0.54122
1403638593.3778295517 7.31544 -5.03859 1.73007 0.13420 0.80312 -0.19734 0.54594
1403638593.4778294563 7.36930 -5.06404 1.77266 0.14240 0.79853 -0.19339 0.55197
1403638593.5778295994 7.42469 -5.08782 1.80858 0.14693 0.79568 -0.19203 0.55536
1403638593.6778295040 7.48066 -5.10882 1.83757 0.14951 0.79445 -0.19160 0.55658
1403638593.7778294086 7.53713 -5.12631 1.86131 0.15077 0.79110 -0.19177 0.56094
1403638593.8778295517 7.59293 -5.13834 1.88507 0.14667 0.78065 -0.19170 0.57647
1403638593.9778294563 7.64285 -5.14630 1.91333 0.14001 0.77731 -0.18836 0.58370
1403638594.0778295994 7.68620 -5.15034 1.94510 0.13155 0.78287 -0.18625 0.57889
1403638594.1778295040 7.72269 -5.15195 1.98117 0.12916 0.78900 -0.18157 0.57257
1403638594.2778294086 7.75403 -5.15176 2.01480 0.12943 0.79136 -0.17663 0.57078
1403638594.3778295517 7.78385 -5.14749 2.04512 0.13199 0.79039 -0.17172 0.57304
1403638594.4778294563 7.80814 -5.13982 2.08006 0.13563 0.78905 -0.16622 0.57566
1403638594.5778295994 7.83142 -5.12674 2.11977 0.13013 0.78924 -0.16818 0.57609
1403638594.6778295040 7.84790 -5.11013 2.16752 0.12440 0.78967 -0.17141 0.57581
1403638594.7778294086 7.86410 -5.09250 2.20924 0.12232 0.79029 -0.17342 0.57481
1403638594.8778295517 7.87218 -5.07219 2.24667 0.12091 0.79018 -0.17498 0.57478
1403638594.9778294563 7.88301 -5.05128 2.27483 0.12205 0.79196 -0.17554 0.57192
1403638595.0778295994 7.89168 -5.02927 2.29755 0.12072 0.79306 -0.17738 0.57011
1403638595.1778295040 7.89927 -5.00693 2.31425 0.12064 0.79348 -0.17865 0.56914
1403638595.2778294086 7.90573 -4.98425 2.32507 0.12128 0.79388 -0.17895 0.56835
1403638595.3778295517 7.90424 -4.95861 2.33409 0.12105 0.79354 -0.17971 0.56864
1403638595.4778294563 7.90616 -4.93619 2.33282 0.12115 0.79386 -0.17995 0.56809
1403638595.5778295994 7.90742 -4.91297 2.33050 0.12127 0.79468 -0.17967 0.56701
1403638595.6778295040 7.90759 -4.88911 2.33384 0.12370 0.79482 -0.17798 0.56681
1403638595.7778294086 7.90679 -4.86372 2.34214 0.12800 0.79591 -0.17502 0.56525
1403638595.8778295517 7.90617 -4.83690 2.34759 0.12934 0.79639 -0.17436 0.56448
1403638595.9778294563 7.90514 -4.80924 2.33920 0.13179 0.79617 -0.17292 0.56465
1403638596.0778295994 7.90500 -4.77714 2.32557 0.13939 0.79724 -0.16823 0.56275
1403638596.1778295040 7.90386 -4.74362 2.30530 0.15061 0.79882 -0.16036 0.55989
1403638596.2778294086 7.90331 -4.70244 2.29164 0.16224 0.80069 -0.15178 0.55636
1403638596.3778295517 7.90376 -4.65102 2.29123 0.17148 0.80108 -0.14439 0.55499
1403638596.4778294563 7.90825 -4.58991 2.29505 0.17699 0.80086 -0.13956 0.55482
1403638596.5778295994 7.91785 -4.51717 2.31130 0.18372 0.80179 -0.13432 0.55257
1403638596.6778295040 7.93195 -4.42922 2.33094 0.19135 0.80212 -0.12836 0.55092
1403638596.7778294086 7.95248 -4.32512 2.35831 0.19529 0.80225 -0.12500 0.55012
1403638596.8778295517 7.97837 -4.20691 2.39541 0.19880 0.80169 -0.12218 0.55032
1403638596.9778294563 8.00715 -4.07081 2.43036 0.20064 0.80037 -0.12120 0.55178
1403638597.0778295994 8.04043 -3.92256 2.46181 0.20338 0.79944 -0.12016 0.55236
1403638597.1778295040 8.07734 -3.75965 2.48641 0.20561 0.79755 -0.11992 0.55430
1403638597.2778294086 8.11750 -3.58049 2.50495 0.20314 0.79476 -0.12294 0.55856
1403638597.3778295517 8.16285 -3.38451 2.51817 0.19841 0.79293 -0.12771 0.56177
1403638597.4778294563 8.21043 -3.17494 2.52854 0.18985 0.78957 -0.13472 0.56779
1403638597.5778295994 8.25576 -2.95422 2.53309 0.17717 0.78472 -0.14430 0.57620
1403638597.6778295040 8.29849 -2.72414 2.53285 0.17277 0.78222 -0.14841 0.57988
1403638597.7778294086 8.33842 -2.48616 2.52754 0.17688 0.78400 -0.14346 0.57748
1403638597.8778295517 8.37620 -2.23953 2.51772 0.18107 0.78674 -0.13220 0.57514
1403638597.9778294563 8.41283 -1.98324 2.50566 0.18223 0.78858 -0.12300 0.57428
1403638598.0778295994 8.45136 -1.71529 2.49898 0.17551 0.78889 -0.12038 0.57651
1403638598.1778295040 8.48798 -1.43510 2.49952 0.15397 0.79035 -0.12935 0.57871
1403638598.2778294086 8.52262 -1.14863 2.50461 0.13663 0.79224 -0.13769 0.57856
1403638598.3778295517 8.55658 -0.86116 2.50779 0.12581 0.79408 -0.14286 0.57724
1403638598.4778294563 8.58990 -0.57453 2.50549 0.12159 0.79656 -0.14448 0.57431
1403638598.5778295994 8.62170 -0.28897 2.49601 0.11675 0.79888 -0.14240 0.57261
1403638598.6778295040 8.65201 -0.00518 2.48101 0.11261 0.80158 -0.13389 0.57172
1403638598.7778294086 8.68000 0.27570 2.46695 0.10432 0.80418 -0.12309 0.57207
1403638598.8778295517 8.70515 0.55431 2.45856 0.09523 0.80565 -0.10861 0.57451
1403638598.9778294563 8.72634 0.82993 2.45317 0.08534 0.80855 -0.09224 0.57485
1403638599.0778295994 8.74660 1.10444 2.45335 0.07331 0.81040 -0.07559 0.57634
1403638599.1778295040 8.76407 1.37776 2.46065 0.06127 0.81214 -0.05800 0.57733
1403638599.2778294086 8.77842 1.64936 2.47282 0.05023 0.81453 -0.03899 0.57662
1403638599.3778295517 8.79047 1.91946 2.49248 0.03760 0.81815 -0.02165 0.57337
1403638599.4778294563 8.80089 2.18719 2.51673 0.02842 0.82061 -0.00833 0.57072
1403638599.5778295994 8.81060 2.45320 2.53829 0.02282 0.82311 0.00013 0.56742
1403638599.6778295040 8.82017 2.71864 2.55042 0.01914 0.82470 0.00478 0.56523
1403638599.7778294086 8.83085 2.98294 2.55375 0.01784 0.82486 0.00596 0.56503
1403638599.8778295517 8.84409 3.24457 2.54991 0.01590 0.82616 0.00361 0.56320
1403638599.9778294563 8.85904 3.50409 2.54226 0.01214 0.82630 -0.00185 0.56310
1403638600.0778295994 8.87870 3.76151 2.53098 0.00579 0.82735 -0.00959 0.56157
1403638600.1778295040 8.90164 4.01321 2.51551 -0.00630 0.82894 -0.02140 0.55890
1403638600.2778294086 8.92642 4.25801 2.49426 -0.01622 0.83090 -0.03214 0.55525
1403638600.3778295517 8.95529 4.49206 2.47201 -0.02379 0.83218 -0.04086 0.55248
1403638600.4778294563 8.98812 4.71182 2.45588 -0.03001 0.83320 -0.04747 0.55012
1403638600.5778295994 9.02527 4.91691 2.44947 -0.02792 0.83376 -0.04818 0.54931
1403638600.6778295040 9.06562 5.10757 2.45117 -0.03068 0.83522 -0.05122 0.54667
1403638600.7778294086 9.11144 5.28517 2.45986 -0.03033 0.83894 -0.05118 0.54096
1403638600.8778295517 9.16404 5.44983 2.47359 -0.01931 0.84287 -0.04258 0.53608
1403638600.9778294563 9.22280 5.60011 2.48521 -0.00261 0.84520 -0.02916 0.53365
1403638601.0778295994 9.28697 5.74181 2.49076 0.00650 0.84566 -0.02104 0.53326
1403638601.1778295040 9.35964 5.88087 2.49215 0.01451 0.84435 -0.01462 0.53540
1403638601.2778294086 9.44005 6.01820 2.49031 0.02410 0.83812 -0.00692 0.54491
1403638601.3778295517 9.52489 6.15458 2.48707 0.02142 0.83314 -0.00281 0.55265
1403638601.4778294563 9.61355 6.29431 2.48812 0.00839 0.82880 0.00209 0.55948
1403638601.5778295994 9.70392 6.43552 2.49651 -0.00236 0.82418 0.01660 0.56608
1403638601.6778295040 9.79507 6.57498 2.50984 -0.01353 0.82181 0.03681 0.56841
1403638601.7778294086 9.88475 6.71430 2.53004 -0.02616 0.81919 0.06250 0.56950
1403638601.8778295517 9.97248 6.85384 2.55759 -0.04004 0.81452 0.09164 0.57145
1403638601.9778294563 10.05665 6.99542 2.58605 -0.05491 0.81164 0.11516 0.57006
1403638602.0778295994 10.13878 7.13852 2.60867 -0.06647 0.81018 0.13216 0.56721
1403638602.1778295040 10.21668 7.28321 2.62502 -0.07244 0.80564 0.14801 0.56903
1403638602.2778294086 10.29039 7.43104 2.63581 -0.08007 0.79878 0.16565 0.57280
1403638602.3778295517 10.35934 7.58352 2.64686 -0.10252 0.78784 0.17834 0.58051
1403638602.4778294563 10.42068 7.73703 2.66808 -0.13720 0.76588 0.18502 0.60030
1403638602.5778295994 10.47012 7.88375 2.69684 -0.17224 0.74427 0.19015 0.61664
1403638602.6778295040 10.50480 8.01606 2.73073 -0.19287 0.73406 0.20372 0.61843
1403638602.7778294086 10.52112 8.13041 2.76964 -0.20393 0.72984 0.22354 0.61300
1403638602.8778295517 10.51623 8.22557 2.81192 -0.21504 0.72649 0.24339 0.60558
1403638602.9778294563 10.49607 8.30656 2.85705 -0.23475 0.72659 0.25889 0.59155
1403638603.0778295994 10.46727 8.37403 2.89978 -0.25368 0.72163 0.27363 0.58312
1403638603.1778295040 10.43339 8.42843 2.93558 -0.26590 0.71435 0.28809 0.57966
1403638603.2778294086 10.39225 8.46870 2.95866 -0.26419 0.72183 0.30517 0.56217
1403638603.3778295517 10.34553 8.49669 2.97276 -0.25761 0.73472 0.31936 0.54022
1403638603.4778294563 10.29670 8.51934 2.98216 -0.25430 0.74315 0.32622 0.52597
1403638603.5778295994 10.25020 8.53945 2.98994 -0.25573 0.74101 0.33045 0.52565
1403638603.6778295040 10.20222 8.55823 2.99389 -0.25761 0.73339 0.33274 0.53391
1403638603.7778294086 10.15548 8.57128 2.98896 -0.25116 0.72480 0.33910 0.54460
1403638603.8778295517 10.10093 8.58047 2.97982 -0.24411 0.71739 0.34394 0.55450
1403638603.9778294563 10.03921 8.58953 2.96614 -0.23854 0.71088 0.34664 0.56355
1403638604.0778295994 9.97052 8.59322 2.94407 -0.23242 0.70745 0.34939 0.56870
1403638604.1778295040 9.89027 8.59672 2.93030 -0.23114 0.70702 0.35042 0.56912
1403638604.2778294086 9.79883 8.59340 2.91957 -0.23758 0.71094 0.34652 0.56395
1403638604.3778295517 9.69644 8.58575 2.91872 -0.24316 0.71862 0.34343 0.55364
1403638604.4778294563 9.58786 8.57425 2.92335 -0.24109 0.72658 0.34479 0.54321
1403638604.5778295994 9.47624 8.56137 2.93335 -0.23912 0.73135 0.34581 0.53699
1403638604.6778295040 9.36139 8.54761 2.93830 -0.24173 0.73465 0.34400 0.53246
1403638604.7778294086 9.24533 8.53220 2.93889 -0.24570 0.73665 0.34131 0.52961
1403638604.8778295517 9.13020 8.51201 2.93941 -0.24685 0.73978 0.34079 0.52503
1403638604.9778294563 9.01731 8.48876 2.94361 -0.24467 0.74571 0.34273 0.51632
1403638605.0778295994 8.90727 8.46505 2.95468 -0.24238 0.75213 0.34468 0.50671
1403638605.1778295040 8.80066 8.44227 2.97401 -0.24013 0.75606 0.34667 0.50052
1403638605.2778294086 8.69954 8.42562 2.99533 -0.23640 0.75699 0.34938 0.49901
1403638605.3778295517 8.60333 8.41351 3.01230 -0.23029 0.75244 0.35381 0.50559
1403638605.4778294563 8.50951 8.40780 3.02470 -0.22287 0.74252 0.35953 0.51936
1403638605.5778295994 8.41620 8.40350 3.03125 -0.21735 0.73422 0.36410 0.53019
1403638605.6778295040 8.31955 8.40323 3.03334 -0.21288 0.72845 0.36780 0.53737
1403638605.7778294086 8.21612 8.40762 3.03877 -0.21143 0.72748 0.36916 0.53833
1403638605.8778295517 8.10689 8.41915 3.05390 -0.20872 0.72746 0.37085 0.53825
1403638605.9778294563 7.99278 8.43627 3.07473 -0.20480 0.72671 0.37302 0.53926
1403638606.0778295994 7.87062 8.46109 3.09405 -0.20214 0.72690 0.37377 0.53948
1403638606.1778295040 7.74172 8.48828 3.10490 -0.19893 0.72658 0.37554 0.53988
1403638606.2778294086 7.60751 8.52565 3.11097 -0.19675 0.72783 0.37591 0.53875
1403638606.3778295517 7.46587 8.56630 3.10496 -0.20261 0.73611 0.37118 0.52851
1403638606.4778294563 7.31996 8.61308 3.09301 -0.21105 0.74607 0.36449 0.51573
1403638606.5778295994 7.17516 8.66540 3.07507 -0.21827 0.75443 0.35990 0.50365
1403638606.6778295040 7.03413 8.72555 3.05223 -0.22390 0.75756 0.36198 0.49492
1403638606.7778294086 6.89949 8.79358 3.02409 -0.22887 0.75757 0.37108 0.48581
1403638606.8778295517 6.76936 8.86825 2.99489 -0.23754 0.75409 0.38363 0.47723
1403638606.9778294563 6.64567 8.95032 2.97178 -0.24858 0.74704 0.39903 0.47002
1403638607.0778295994 6.52946 9.03968 2.95983 -0.26256 0.73851 0.41340 0.46343
1403638607.1778295040 6.42283 9.13618 2.95595 -0.27885 0.72901 0.42041 0.46264
1403638607.2778294086 6.32434 9.23615 2.95223 -0.29250 0.71563 0.42496 0.47088
1403638607.3778295517 6.22886 9.33771 2.94099 -0.30502 0.70729 0.42523 0.47527
1403638607.4778294563 6.13831 9.43867 2.92104 -0.31075 0.70426 0.42649 0.47493
1403638607.5778295994 6.05179 9.53639 2.89428 -0.31263 0.70326 0.42796 0.47386
1403638607.6778295040 5.96849 9.63101 2.86437 -0.31420 0.70156 0.42806 0.47525
1403638607.7778294086 5.89042 9.72384 2.83081 -0.31257 0.70010 0.42854 0.47802
1403638607.8778295517 5.81482 9.81454 2.79287 -0.31372 0.70232 0.42638 0.47595
1403638607.9778294563 5.74586 9.90185 2.75049 -0.31600 0.70669 0.42293 0.47102
1403638608.0778295994 5.68189 9.98800 2.70349 -0.31674 0.70544 0.42031 0.47473
1403638608.1778295040 5.62295 10.06968 2.65133 -0.31298 0.70234 0.42086 0.48129
1403638608.2778294086 5.56780 10.14733 2.59588 -0.31166 0.69772 0.42036 0.48923
1403638608.3778295517 5.51603 10.21848 2.53433 -0.31217 0.69174 0.41937 0.49817
1403638608.4778294563 5.46195 10.28834 2.46900 -0.31234 0.69161 0.41903 0.49853
1403638608.5778295994 5.41077 10.34956 2.39648 -0.31081 0.69294 0.41980 0.49700
1403638608.6778295040 5.35486 10.41111 2.32904 -0.31611 0.69020 0.41587 0.50075
1403638608.7778294086 5.30195 10.46252 2.26488 -0.31665 0.69021 0.41573 0.50052
1403638608.8778295517 5.24999 10.50746 2.20576 -0.31557 0.69348 0.41722 0.49541
1403638608.9778294563 5.19581 10.54845 2.15558 -0.31468 0.69760 0.41797 0.48953
1403638609.0778295994 5.14495 10.58506 2.11053 -0.31423 0.70025 0.41851 0.48555
1403638609.1778295040 5.09440 10.61880 2.07163 -0.31611 0.70068 0.41705 0.48497
1403638609.2778294086 5.04298 10.64984 2.03214 -0.32384 0.70081 0.41104 0.48481
1403638609.3778295517 4.99972 10.67491 1.98638 -0.32273 0.70103 0.41151 0.48483
1403638609.4778294563 4.95359 10.69967 1.93109 -0.31882 0.70115 0.41338 0.48565
1403638609.5778295994 4.91615 10.71556 1.87198 -0.31542 0.70111 0.41534 0.48626
1403638609.6778295040 4.87620 10.73703 1.80398 -0.31312 0.70026 0.41656 0.48792
1403638609.7778294086 4.84457 10.74708 1.73986 -0.31202 0.70033 0.41731 0.48789
1403638609.8778295517 4.81376 10.76185 1.67973 -0.31250 0.70060 0.41682 0.48761
1403638609.9778294563 4.78576 10.76616 1.63005 -0.31347 0.70008 0.41596 0.48847
1403638610.0778295994 4.76027 10.77286 1.58791 -0.31673 0.69794 0.41315 0.49179
1403638610.1778295040 4.73693 10.77238 1.55078 -0.31780 0.69487 0.41225 0.49619
1403638610.2778294086 4.71439 10.76737 1.50909 -0.32019 0.69356 0.41024 0.49815
1403638610.3778295517 4.69255 10.75769 1.46071 -0.32102 0.69322 0.40955 0.49866
1403638610.4778294563 4.67044 10.74290 1.40658 -0.32104 0.69171 0.40872 0.50141
1403638610.5778295994 4.64906 10.72351 1.35010 -0.32367 0.68654 0.40660 0.50850
1403638610.6778295040 4.62676 10.69628 1.29301 -0.32796 0.68152 0.40351 0.51493
1403638610.7778294086 4.60238 10.65854 1.23830 -0.32564 0.68684 0.40621 0.50716
1403638610.8778295517 4.57700 10.61510 1.19156 -0.32198 0.69317 0.41010 0.49766
1403638610.9778294563 4.55332 10.57189 1.15149 -0.32245 0.69370 0.41025 0.49648
1403638611.0778295994 4.52958 10.52100 1.10928 -0.32542 0.69097 0.40822 0.50002
1403638611.1778295040 4.50968 10.46322 1.06365 -0.32677 0.69001 0.40846 0.50027
1403638611.2778294086 4.49016 10.39882 1.01756 -0.32624 0.68962 0.40947 0.50033
1403638611.3778295517 4.46986 10.32782 0.97615 -0.31978 0.68729 0.41405 0.50393
1403638611.4778294563 4.44309 10.25559 0.93859 -0.30727 0.68332 0.42178 0.51064
1403638611.5778295994 4.41697 10.17711 0.91041 -0.29839 0.68297 0.42708 0.51197
1403638611.6778295040 4.38394 10.09988 0.88689 -0.29659 0.68553 0.42740 0.50932
1403638611.7778294086 4.34822 10.02146 0.86142 -0.30223 0.69140 0.42290 0.50177
1403638611.8778295517 4.31366 9.94048 0.83183 -0.30756 0.69692 0.41848 0.49455
1403638611.9778294563 4.27809 9.86108 0.79744 -0.31028 0.70036 0.41571 0.49031
1403638612.0778295994 4.24427 9.78121 0.76445 -0.30976 0.70236 0.41533 0.48810
1403638612.1778295040 4.21300 9.69812 0.73826 -0.31121 0.70361 0.41375 0.48672
1403638612.2778294086 4.18576 9.61872 0.72162 -0.31169 0.70372 0.41302 0.48688
1403638612.3778295517 4.15979 9.53537 0.70881 -0.30999 0.70328 0.41366 0.48805
1403638612.4778294563 4.13660 9.45084 0.69280 -0.30930 0.70212 0.41293 0.49076
1403638612.5778295994 4.11335 9.36506 0.67087 -0.30638 0.69995 0.41354 0.49516
1403638612.6778295040 4.08990 9.27920 0.64223 -0.30052 0.69806 0.41607 0.49928
1403638612.7778294086 4.06667 9.19322 0.60736 -0.29766 0.69714 0.41601 0.50233
1403638612.8778295517 4.03936 9.10646 0.57311 -0.29781 0.69596 0.41375 0.50572
1403638612.9778294563 4.01198 9.01750 0.54247 -0.29891 0.69652 0.41180 0.50589
1403638613.0778295994 3.98038 8.93246 0.52101 -0.29956 0.69929 0.41057 0.50268
1403638613.1778295040 3.94538 8.84606 0.50686 -0.29911 0.70168 0.41026 0.49987
1403638613.2778294086 3.91100 8.75797 0.49977 -0.29838 0.70203 0.41056 0.49956
1403638613.3778295517 3.87382 8.67124 0.49868 -0.29762 0.70159 0.41102 0.50026
1403638613.4778294563 3.83824 8.58129 0.49578 -0.29831 0.70095 0.41018 0.50143
1403638613.5778295994 3.79984 8.49542 0.48677 -0.29746 0.70218 0.40587 0.50373
1403638613.6778295040 3.76052 8.40944 0.47172 -0.30125 0.70273 0.39919 0.50603
1403638613.7778294086 3.72003 8.31840 0.44946 -0.30497 0.70133 0.39167 0.51159
1403638613.8778295517 3.67993 8.22636 0.41900 -0.30183 0.70343 0.38360 0.51665
1403638613.9778294563 3.63757 8.12565 0.38452 -0.29411 0.70929 0.37367 0.52037
1403638614.0778295994 3.59470 8.02381 0.34723 -0.28207 0.71723 0.36170 0.52459
1403638614.1778295040 3.54907 7.91823 0.30954 -0.26727 0.72737 0.34862 0.52722
1403638614.2778294086 3.50316 7.80908 0.27622 -0.25630 0.73606 0.33510 0.52937
1403638614.3778295517 3.45523 7.69964 0.24787 -0.24774 0.74257 0.32558 0.53029
1403638614.4778294563 3.40572 7.59012 0.22842 -0.24436 0.74711 0.31657 0.53093
1403638614.5778295994 3.35702 7.47881 0.21770 -0.24059 0.75139 0.30814 0.53158
1403638614.6778295040 3.31152 7.36875 0.21428 -0.23768 0.75636 0.29602 0.53272
1403638614.7778294086 3.26800 7.25830 0.22211 -0.23593 0.76594 0.27923 0.52887
1403638614.8778295517 3.22610 7.14577 0.23842 -0.22830 0.77681 0.26144 0.52545
1403638614.9778294563 3.19064 7.03097 0.26129 -0.21518 0.78576 0.24214 0.52692
1403638615.0778295994 3.16358 6.91447 0.29008 -0.19709 0.79289 0.22132 0.53244
1403638615.1778295040 3.14390 6.79829 0.32542 -0.17552 0.79608 0.19930 0.54381
1403638615.2778294086 3.12842 6.68041 0.36504 -0.15029 0.79826 0.17797 0.55544
1403638615.3778295517 3.11403 6.56598 0.40160 -0.12862 0.80174 0.15262 0.56336
1403638615.4778294563 3.10001 6.45132 0.43197 -0.10802 0.80467 0.12676 0.56988
1403638615.5778295994 3.08393 6.33499 0.45453 -0.09070 0.80782 0.10237 0.57335
1403638615.6778295040 3.06630 6.21825 0.47256 -0.07737 0.80976 0.08495 0.57540
1403638615.7778294086 3.04781 6.10456 0.49607 -0.06959 0.81095 0.07239 0.57643
1403638615.8778295517 3.02651 5.99133 0.52675 -0.06435 0.81205 0.06050 0.57686
1403638615.9778294563 3.00635 5.87826 0.55581 -0.05719 0.81357 0.04853 0.57661
1403638616.0778295994 2.98530 5.76305 0.57845 -0.04833 0.81414 0.03624 0.57752
1403638616.1778295040 2.96352 5.64690 0.58857 -0.03860 0.81526 0.02215 0.57738
1403638616.2778294086 2.94112 5.53054 0.58152 -0.02800 0.81610 0.00391 0.57722
1403638616.3778295517 2.91800 5.41244 0.55944 -0.01485 0.81654 -0.01542 0.57689
1403638616.4778294563 2.89375 5.29316 0.52909 -0.00453 0.81677 -0.03334 0.57598
1403638616.5778295994 2.86926 5.17429 0.49537 0.00456 0.81824 -0.04580 0.57304
1403638616.6778295040 2.84545 5.05521 0.45804 0.01000 0.82274 -0.05545 0.56561
1403638616.7778294086 2.82284 4.93608 0.41659 0.00657 0.83105 -0.06579 0.55225
1403638616.8778295517 2.80604 4.81623 0.37466 0.00231 0.83670 -0.07267 0.54281
1403638616.9778294563 2.79732 4.69292 0.34145 0.00740 0.83502 -0.07032 0.54565
1403638617.0778295994 2.79429 4.56482 0.31862 0.01295 0.83150 -0.06534 0.55152
1403638617.1778295040 2.79459 4.43393 0.30494 0.01891 0.82884 -0.05844 0.55611
1403638617.2778294086 2.79781 4.30221 0.29648 0.02051 0.83134 -0.05380 0.55277
1403638617.3778295517 2.80521 4.17127 0.29333 0.02010 0.83543 -0.05096 0.54686
1403638617.4778294563 2.81841 4.04292 0.29829 0.01978 0.83822 -0.04767 0.54289
1403638617.5778295994 2.83760 3.91688 0.31070 0.01963 0.83895 -0.04465 0.54202
1403638617.6778295040 2.86383 3.79306 0.33076 0.02074 0.83760 -0.04047 0.54439
1403638617.7778294086 2.89825 3.67370 0.35981 0.02094 0.83606 -0.03769 0.54695
1403638617.8778295517 2.93592 3.55610 0.39436 0.02189 0.83605 -0.03415 0.54715
1403638617.9778294563 2.97954 3.44429 0.43344 0.01982 0.83498 -0.03352 0.54890
1403638618.0778295994 3.02795 3.33478 0.46790 0.01893 0.83464 -0.03207 0.54953
1403638618.1778295040 3.08113 3.22989 0.49628 0.01643 0.83481 -0.03190 0.54936
1403638618.2778294086 3.13716 3.12669 0.51841 0.01689 0.83483 -0.03037 0.54941
1403638618.3778295517 3.19763 3.02841 0.53692 0.01660 0.83419 -0.02927 0.55044
1403638618.4778294563 3.26108 2.93182 0.55239 0.01637 0.83430 -0.02803 0.55036
1403638618.5778295994 3.32915 2.83885 0.56710 0.01743 0.83343 -0.02711 0.55169
1403638618.6778295040 3.40014 2.74677 0.57876 0.02129 0.83327 -0.03016 0.55163
1403638618.7778294086 3.47608 2.65948 0.59580 0.02375 0.83263 -0.03317 0.55233
1403638618.8778295517 3.55471 2.57591 0.61887 0.02675 0.83089 -0.03642 0.55460
1403638618.9778294563 3.63631 2.49313 0.64341 0.03278 0.82673 -0.04521 0.55982
1403638619.0778295994 3.71884 2.41220 0.66034 0.04476 0.82301 -0.05876 0.56321
1403638619.1778295040 3.80185 2.33335 0.66968 0.05841 0.81925 -0.07746 0.56517
1403638619.2778294086 3.88466 2.25803 0.67041 0.07244 0.81502 -0.10146 0.56587
1403638619.3778295517 3.96670 2.18566 0.66173 0.08864 0.81023 -0.12586 0.56553
1403638619.4778294563 4.04852 2.11636 0.64842 0.09924 0.80565 -0.14693 0.56523
1403638619.5778295994 4.13095 2.05012 0.63350 0.10583 0.80175 -0.16261 0.56529
1403638619.6778295040 4.21211 1.98699 0.61556 0.10222 0.79799 -0.17903 0.56631
1403638619.7778294086 4.29115 1.92419 0.59581 0.09872 0.79534 -0.19066 0.56686
1403638619.8778295517 4.36706 1.85850 0.57532 0.09853 0.79313 -0.19714 0.56778
1403638619.9778294563 4.43787 1.79036 0.54990 0.09991 0.79218 -0.20078 0.56759
1403638620.0778295994 4.50387 1.71880 0.52975 0.10216 0.78963 -0.20241 0.57016
1403638620.1778295040 4.56383 1.64436 0.51180 0.10685 0.78657 -0.20125 0.57393
1403638620.2778294086 4.61533 1.56840 0.50537 0.10961 0.78720 -0.20003 0.57296
1403638620.3778295517 4.66149 1.49118 0.50310 0.11232 0.78861 -0.19790 0.57124
1403638620.4778294563 4.70092 1.41333 0.51188 0.11336 0.78987 -0.19577 0.57002
1403638620.5778295994 4.73811 1.33527 0.51485 0.11299 0.79120 -0.19422 0.56879
1403638620.6778295040 4.77092 1.25783 0.51320 0.11012 0.79368 -0.19412 0.56592
1403638620.7778294086 4.79788 1.17950 0.51139 0.10647 0.79719 -0.19432 0.56160
1403638620.8778295517 4.82693 1.09809 0.50026 0.10972 0.80040 -0.18983 0.55793
1403638620.9778294563 4.85317 1.01790 0.48633 0.11429 0.80104 -0.18391 0.55808
1403638621.0778295994 4.87562 0.93701 0.47780 0.11781 0.79970 -0.17850 0.56102
1403638621.1778295040 4.90160 0.85641 0.46772 0.11650 0.79849 -0.17666 0.56359
1403638621.2778294086 4.92698 0.77737 0.47089 0.11666 0.79760 -0.17379 0.56570
1403638621.3778295517 4.95129 0.70133 0.47204 0.11835 0.79852 -0.17078 0.56497
1403638621.4778294563 4.97302 0.63133 0.47526 0.11895 0.79693 -0.16873 0.56770
1403638621.5778295994 4.99550 0.56051 0.46617 0.11894 0.79480 -0.16665 0.57128
1403638621.6778295040 5.01376 0.49528 0.45249 0.11862 0.79385 -0.16558 0.57299
1403638621.7778294086 5.02744 0.43887 0.43962 0.11971 0.79237 -0.16431 0.57517
1403638621.8778295517 5.04037 0.37898 0.41838 0.12156 0.78899 -0.16242 0.57995
1403638621.9778294563 5.04818 0.32636 0.39453 0.12199 0.78646 -0.16176 0.58346
1403638622.0778295994 5.04961 0.28557 0.37034 0.12069 0.78611 -0.16285 0.58391
1403638622.1778295040 5.04824 0.23991 0.33907 0.11744 0.78705 -0.16475 0.58277
1403638622.2778294086 5.04145 0.20020 0.31232 0.11462 0.78634 -0.16713 0.58360
1403638622.3778295517 5.02884 0.16392 0.29271 0.11523 0.78726 -0.16762 0.58211
1403638622.4778294563 5.00809 0.13835 0.28597 0.11903 0.78805 -0.16605 0.58071
1403638622.5778295994 4.98638 0.10587 0.28208 0.12238 0.78786 -0.16467 0.58068
1403638622.6778295040 4.95723 0.08420 0.28908 0.12628 0.78378 -0.16289 0.58584
1403638622.7778294086 4.92659 0.06141 0.30448 0.12915 0.77267 -0.16138 0.60021
1403638622.8778295517 4.88859 0.04716 0.32713 0.13084 0.76798 -0.16095 0.60595
1403638622.9778294563 4.84185 0.03964 0.34802 0.12921 0.77187 -0.16339 0.60068
1403638623.0778295994 4.78679 0.03589 0.35924 0.12534 0.77829 -0.16691 0.59219
1403638623.1778295040 4.72503 0.03719 0.36584 0.12015 0.78213 -0.17067 0.58712
1403638623.2778294086 4.65436 0.04371 0.36918 0.11692 0.78541 -0.17309 0.58266
1403638623.3778295517 4.58386 0.04701 0.36697 0.11453 0.78799 -0.17479 0.57915
1403638623.4778294563 4.50586 0.05431 0.36167 0.11510 0.78958 -0.17467 0.57690
1403638623.5778295994 4.42979 0.06026 0.35844 0.11640 0.78978 -0.17396 0.57657
1403638623.6778295040 4.34693 0.06661 0.36235 0.11774 0.79023 -0.17345 0.57584
1403638623.7778294086 4.26361 0.07473 0.37363 0.11992 0.79131 -0.17320 0.57398
1403638623.8778295517 4.17588 0.08489 0.38985 0.12129 0.79243 -0.17326 0.57212
1403638623.9778294563 4.08406 0.09541 0.40328 0.12283 0.79346 -0.17375 0.57022
1403638624.0778295994 3.99327 0.10891 0.41296 0.12121 0.79365 -0.17656 0.56943
1403638624.1778295040 3.90133 0.12162 0.41557 0.11881 0.79344 -0.17885 0.56952
1403638624.2778294086 3.80780 0.13707 0.41487 0.11685 0.79300 -0.18152 0.56970
1403638624.3778295517 3.71534 0.15154 0.41085 0.11647 0.79246 -0.18329 0.56995
1403638624.4778294563 3.62547 0.16635 0.40243 0.11801 0.79229 -0.18355 0.56979
1403638624.5778295994 3.52860 0.18059 0.38968 0.11358 0.78390 -0.18821 0.58067
1403638624.6778295040 3.43051 0.19367 0.37525 0.11538 0.77973 -0.18582 0.58666
1403638624.7778294086 3.33433 0.20762 0.36452 0.12032 0.78595 -0.17584 0.58042
1403638624.8778295517 3.22669 0.22445 0.36030 0.12166 0.79208 -0.16771 0.57418
1403638624.9778294563 3.12983 0.24062 0.36485 0.11452 0.79541 -0.16572 0.57162
1403638625.0778295994 3.03250 0.25689 0.37096 0.10697 0.79647 -0.16500 0.57182
1403638625.1778295040 2.92475 0.27558 0.37039 0.10068 0.79731 -0.16524 0.57172
1403638625.2778294086 2.82637 0.28996 0.36975 0.09872 0.79825 -0.16382 0.57115
1403638625.3778295517 2.71910 0.30576 0.36394 0.09765 0.79836 -0.16285 0.57146
1403638625.4778294563 2.62045 0.31665 0.36843 0.09665 0.79796 -0.16259 0.57226
1403638625.5778295994 2.51412 0.32937 0.37423 0.09734 0.79847 -0.16185 0.57164
1403638625.6778295040 2.40980 0.33956 0.38740 0.09745 0.80007 -0.16180 0.56940
1403638625.7778294086 2.30568 0.34806 0.40571 0.09615 0.80466 -0.16301 0.56277
1403638625.8778295517 2.20224 0.35725 0.41516 0.09631 0.80720 -0.16354 0.55893
1403638625.9778294563 2.09700 0.36043 0.42412 0.09720 0.80768 -0.16359 0.55807
1403638626.0778295994 1.99893 0.36449 0.42439 0.09563 0.80891 -0.16540 0.55603
1403638626.1778295040 1.89621 0.36458 0.42290 0.09570 0.80930 -0.16569 0.55535
1403638626.2778294086 1.80339 0.36440 0.41509 0.09870 0.80788 -0.16427 0.55732
1403638626.3778295517 1.70157 0.36286 0.40589 0.10650 0.80611 -0.15880 0.56002
1403638626.4778294563 1.61340 0.36218 0.39218 0.10897 0.80495 -0.15663 0.56182
1403638626.5778295994 1.51790 0.36072 0.37789 0.10942 0.80734 -0.15557 0.55859
1403638626.6778295040 1.43437 0.36145 0.36333 0.10816 0.80926 -0.15603 0.55593
1403638626.7778294086 1.35198 0.36314 0.35277 0.10543 0.81313 -0.15774 0.55029
1403638626.8778295517 1.26737 0.36165 0.35198 0.10462 0.81591 -0.15733 0.54644
1403638626.9778294563 1.19131 0.36081 0.35759 0.10376 0.81688 -0.15737 0.54514
1403638627.0778295994 1.12577 0.36139 0.36012 0.10310 0.81704 -0.15699 0.54513
1403638627.1778295040 1.06092 0.35875 0.35846 0.10225 0.81703 -0.15677 0.54537
1403638627.2778294086 1.00628 0.35653 0.35418 0.10353 0.81715 -0.15540 0.54534
1403638627.3778295517 0.95520 0.35439 0.34711 0.10554 0.81664 -0.15348 0.54627
1403638627.4778294563 0.90860 0.35240 0.33664 0.10572 0.81706 -0.15316 0.54570
1403638627.5778295994 0.86704 0.35032 0.32476 0.10694 0.81598 -0.15272 0.54720
1403638627.6778295040 0.83222 0.34726 0.30980 0.10899 0.81303 -0.15188 0.55139
1403638627.7778294086 0.80229 0.34663 0.29620 0.11077 0.81128 -0.15098 0.55386
1403638627.8778295517 0.77291 0.34798 0.28090 0.11172 0.81068 -0.15096 0.55455
1403638627.9778294563 0.74332 0.35026 0.26611 0.11204 0.81266 -0.15110 0.55155
1403638628.0778295994 0.72119 0.35234 0.24737 0.11288 0.81370 -0.15140 0.54976
1403638628.1778295040 0.69984 0.35568 0.23602 0.11379 0.81433 -0.15185 0.54851
1403638628.2778294086 0.68538 0.36213 0.22504 0.11390 0.81458 -0.15254 0.54793
1403638628.3778295517 0.67334 0.36687 0.21132 0.11240 0.81503 -0.15402 0.54715
1403638628.4778294563 0.66579 0.37601 0.20768 0.10658 0.81223 -0.15865 0.55114
1403638628.5778295994 0.66218 0.38532 0.20654 0.09875 0.80504 -0.16431 0.56139
1403638628.6778295040 0.65885 0.39321 0.20654 0.09335 0.80098 -0.16826 0.56693
1403638628.7778294086 0.66205 0.40189 0.19915 0.09544 0.80208 -0.16758 0.56522
1403638628.8778295517 0.65332 0.40528 0.19114 0.09988 0.80273 -0.16478 0.56435
1403638628.9778294563 0.64482 0.40784 0.17967 0.10481 0.80343 -0.16177 0.56334
1403638629.0778295994 0.63558 0.41133 0.16992 0.10960 0.80460 -0.15829 0.56174
1403638629.1778295040 0.61814 0.41602 0.16066 0.11192 0.80569 -0.15613 0.56032
1403638629.2778294086 0.60691 0.42169 0.15590 0.11251 0.80601 -0.15536 0.55997
1403638629.3778295517 0.59578 0.43011 0.14847 0.11337 0.80892 -0.15543 0.55556
1403638629.4778294563 0.58978 0.43852 0.14596 0.11198 0.81326 -0.15719 0.54895
1403638629.5778295994 0.59121 0.44652 0.14383 0.10844 0.81616 -0.16008 0.54452
1403638629.6778295040 0.59767 0.45277 0.14526 0.09754 0.81393 -0.16843 0.54739
1403638629.7778294086 0.60512 0.45675 0.14839 0.09091 0.80824 -0.17368 0.55527
1403638629.8778295517 0.61277 0.45748 0.14778 0.08940 0.80181 -0.17524 0.56427
1403638629.9778294563 0.61863 0.45451 0.13919 0.10039 0.79634 -0.16831 0.57222
1403638630.0778295994 0.62078 0.45111 0.12069 0.10958 0.79293 -0.16209 0.57705
1403638630.1778295040 0.62044 0.44910 0.09218 0.11390 0.79577 -0.15874 0.57322
1403638630.2778294086 0.61633 0.44834 0.05762 0.11456 0.80028 -0.15815 0.56693
1403638630.3778295517 0.61751 0.45121 0.03166 0.11034 0.81963 -0.15920 0.53915
1403638630.4778294563 0.62949 0.45196 0.04268 0.11002 0.80167 -0.15748 0.56606
1403638630.5778295994 0.63973 0.45269 0.04110 0.10963 0.80094 -0.15856 0.56686
1403638630.6778295040 0.64698 0.45348 0.01861 0.10679 0.81987 -0.15567 0.54054
1403638630.7778294086 0.64801 0.44616 0.01541 0.10916 0.82680 -0.14995 0.53104
1403638630.8778295517 0.64199 0.44532 0.01077 0.10434 0.82552 -0.15095 0.53371
1403638630.9778294563 0.63750 0.44546 0.00760 0.10451 0.82539 -0.15116 0.53381
1403638631.0778295994 0.63108 0.44600 0.00329 0.10519 0.82546 -0.15065 0.53372
1403638631.1778295040 0.62521 0.44631 -0.00085 0.10509 0.82549 -0.15084 0.53363
1403638631.2778294086 0.61853 0.44629 -0.00463 0.10493 0.82555 -0.15079 0.53359
1403638631.3778295517 0.61215 0.44632 -0.00798 0.10465 0.82562 -0.15095 0.53350
1403638631.4778294563 0.60605 0.44629 -0.01105 0.10439 0.82555 -0.15120 0.53358
1403638631.5778295994 0.59983 0.44622 -0.01418 0.10426 0.82553 -0.15124 0.53362
1403638631.6778295040 0.59395 0.44582 -0.01699 0.10391 0.82552 -0.15161 0.53360
