1403638523.0778295994 0.03374 0.00435 0.36508 -0.07128 0.80799 0.01329 0.58472
1403638523.1778295040 0.03228 -0.00072 0.39184 -0.07101 0.80667 0.01418 0.58655
1403638523.2778294086 0.03036 -0.00860 0.38576 -0.06177 0.80454 0.01409 0.59052
1403638523.3778295517 0.03150 -0.01371 0.35481 -0.05716 0.80382 0.01340 0.59198
1403638523.4778294563 0.03006 -0.02117 0.31380 -0.05258 0.80769 0.01593 0.58705
1403638523.5778295994 0.02788 -0.02731 0.26444 -0.04548 0.81720 0.02007 0.57421
1403638523.6778295040 0.02404 -0.03184 0.21542 -0.03839 0.82674 0.02281 0.56082
1403638523.7778294086 0.01880 -0.03620 0.16819 -0.03459 0.83142 0.02560 0.55397
1403638523.8778295517 0.01159 -0.04028 0.12648 -0.03109 0.83207 0.02862 0.55306
1403638523.9778294563 0.00267 -0.04527 0.09540 -0.02207 0.83210 0.03477 0.55310
1403638524.0778295994 -0.00243 -0.04895 0.08292 -0.01539 0.83522 0.04325 0.54800
1403638524.1778295040 -0.00459 -0.04873 0.10053 -0.01602 0.83973 0.04784 0.54066
1403638524.2778294086 -0.00369 -0.04956 0.14315 -0.02217 0.84062 0.04903 0.53895
1403638524.3778295517 0.00058 -0.04933 0.19786 -0.03157 0.83783 0.04745 0.54295
1403638524.4778294563 0.00717 -0.04870 0.25823 -0.03856 0.83126 0.04558 0.55267
1403638524.5778295994 0.01557 -0.04678 0.31810 -0.04137 0.82253 0.04439 0.56547
1403638524.6778295040 0.02459 -0.04393 0.37206 -0.03715 0.81615 0.03900 0.57532
1403638524.7778294086 0.03182 -0.03943 0.41286 -0.02425 0.81241 0.03420 0.58158
1403638524.8778295517 0.03705 -0.03458 0.43901 -0.02015 0.81096 0.03168 0.58390
1403638524.9778294563 0.03889 -0.03069 0.44832 -0.02661 0.80940 0.03409 0.58566
1403638525.0778295994 0.03983 -0.02833 0.43582 -0.02424 0.80680 0.03750 0.58913
1403638525.1778295040 0.04093 -0.02604 0.40192 -0.02194 0.80539 0.04193 0.59086
1403638525.2778294086 0.03969 -0.02602 0.35558 -0.02213 0.80808 0.04685 0.58679
1403638525.3778295517 0.03744 -0.02500 0.30139 -0.02475 0.81697 0.05142 0.57384
1403638525.4778294563 0.03359 -0.02290 0.24743 -0.03340 0.82910 0.05292 0.55559
1403638525.5778295994 0.02898 -0.02459 0.20033 -0.03995 0.83805 0.05222 0.54162
1403638525.6778295040 0.02562 -0.02704 0.16062 -0.04103 0.84090 0.04927 0.53738
1403638525.7778294086 0.02417 -0.03324 0.13001 -0.03868 0.83935 0.04404 0.54042
1403638525.8778295517 0.02402 -0.03727 0.10960 -0.03194 0.83584 0.04008 0.54658
1403638525.9778294563 0.02021 -0.04624 0.09796 -0.02380 0.83446 0.03903 0.54917
1403638526.0778295994 0.01653 -0.06586 0.09857 -0.01958 0.83602 0.03688 0.54711
1403638526.1778295040 0.01339 -0.09485 0.10759 -0.01787 0.83841 0.02764 0.54404
1403638526.2778294086 0.00859 -0.13102 0.12162 -0.01457 0.83752 0.01891 0.54588
1403638526.3778295517 0.00124 -0.17185 0.13665 -0.01231 0.83346 0.01038 0.55235
1403638526.4778294563 -0.00869 -0.21743 0.14979 -0.01123 0.82844 -0.00029 0.55997
1403638526.5778295994 -0.01978 -0.26920 0.15912 -0.01015 0.82316 -0.01118 0.56761
1403638526.6778295040 -0.03251 -0.32938 0.16622 -0.00618 0.81809 -0.01915 0.57473
1403638526.7778294086 -0.04768 -0.39470 0.17140 0.00209 0.81511 -0.02420 0.57880
1403638526.8778295517 -0.06424 -0.45990 0.17458 0.00987 0.81446 -0.02722 0.57949
1403638526.9778294563 -0.08121 -0.52146 0.17739 0.01401 0.81756 -0.03351 0.57470
1403638527.0778295994 -0.09590 -0.57981 0.18103 0.02151 0.82211 -0.04652 0.56702
1403638527.1778295040 -0.10720 -0.63190 0.18668 0.02894 0.82383 -0.06179 0.56272
1403638527.2778294086 -0.11419 -0.67245 0.19361 0.04040 0.82099 -0.07540 0.56450
1403638527.3778295517 -0.11550 -0.69531 0.20021 0.05571 0.81603 -0.08394 0.56916
1403638527.4778294563 -0.11245 -0.69718 0.20433 0.06616 0.81250 -0.08828 0.57242
1403638527.5778295994 -0.10401 -0.67777 0.20577 0.06942 0.81180 -0.08955 0.57283
1403638527.6778295040 -0.09082 -0.63934 0.20423 0.06823 0.81227 -0.08642 0.57279
1403638527.7778294086 -0.07619 -0.59398 0.20466 0.06288 0.81371 -0.07928 0.57239
1403638527.8778295517 -0.06052 -0.54086 0.20735 0.04922 0.81681 -0.07459 0.56994
1403638527.9778294563 -0.04072 -0.48072 0.21026 0.03976 0.81769 -0.07001 0.57001
1403638528.0778295994 -0.01934 -0.41952 0.21051 0.03325 0.81651 -0.06303 0.57291
1403638528.1778295040 0.00122 -0.36187 0.20728 0.02394 0.81697 -0.05449 0.57360
1403638528.2778294086 0.02579 -0.31127 0.20056 0.01138 0.81836 -0.04396 0.57290
1403638528.3778295517 0.05546 -0.27391 0.19452 0.00386 0.81805 -0.03588 0.57401
1403638528.4778294563 0.09101 -0.24911 0.19004 0.00476 0.81743 -0.03218 0.57511
1403638528.5778295994 0.12637 -0.23083 0.18703 0.00557 0.81938 -0.03619 0.57209
1403638528.6778295040 0.16033 -0.21789 0.18647 0.00372 0.82062 -0.04337 0.56981
1403638528.7778294086 0.18686 -0.20926 0.18980 0.00815 0.81983 -0.04804 0.57053
1403638528.8778295517 0.20025 -0.20490 0.19706 0.00369 0.81883 -0.05518 0.57136
1403638528.9778294563 0.19724 -0.20039 0.20934 -0.00388 0.81857 -0.06150 0.57109
1403638529.0778295994 0.17808 -0.19371 0.22605 -0.00333 0.81953 -0.06244 0.56961
1403638529.1778295040 0.14824 -0.18025 0.23705 0.01294 0.82065 -0.05511 0.56862
1403638529.2778294086 0.11228 -0.16142 0.23745 0.02405 0.82265 -0.04871 0.56594
1403638529.3778295517 0.07640 -0.13855 0.22421 0.02789 0.82793 -0.04398 0.55841
1403638529.4778294563 0.04638 -0.11722 0.20212 0.02640 0.83795 -0.04152 0.54352
1403638529.5778295994 0.02316 -0.10259 0.17595 0.02408 0.84804 -0.03843 0.52799
1403638529.6778295040 0.00925 -0.08691 0.14976 0.02554 0.85202 -0.03555 0.52168
1403638529.7778294086 -0.00004 -0.07713 0.12674 0.02469 0.84859 -0.03460 0.52734
1403638529.8778295517 -0.00445 -0.06886 0.10549 0.02314 0.84229 -0.03540 0.53736
1403638529.9778294563 -0.00762 -0.06185 0.08884 0.02237 0.83961 -0.03523 0.54159
1403638530.0778295994 0.00050 -0.06002 0.07692 0.02251 0.84092 -0.03550 0.53953
1403638530.1778295040 0.01347 -0.06059 0.06725 0.02317 0.84256 -0.03976 0.53663
1403638530.2778294086 0.02824 -0.06233 0.05746 0.02505 0.84225 -0.04531 0.53660
1403638530.3778295517 0.04136 -0.06566 0.04782 0.02734 0.84173 -0.05019 0.53686
1403638530.4778294563 0.05301 -0.06934 0.04042 0.02740 0.84152 -0.05380 0.53684
1403638530.5778295994 0.06068 -0.07342 0.03487 0.02652 0.84151 -0.05689 0.53658
1403638530.6778295040 0.06518 -0.07669 0.02951 0.02742 0.84447 -0.05917 0.53162
1403638530.7778294086 0.06822 -0.07872 0.02404 0.02726 0.84785 -0.06081 0.52604
1403638530.8778295517 0.07074 -0.07990 0.01905 0.02518 0.84850 -0.06016 0.52515
1403638530.9778294563 0.07187 -0.08012 0.01623 0.02400 0.84652 -0.06010 0.52841
1403638531.0778295994 0.07203 -0.07965 0.01421 0.02466 0.84318 -0.05865 0.53386
1403638531.1778295040 0.07190 -0.07784 0.01503 0.02537 0.84122 -0.05643 0.53714
1403638531.2778294086 0.07222 -0.07669 0.01360 0.02799 0.84008 -0.05494 0.53895
1403638531.3778295517 0.07207 -0.07587 0.01323 0.02772 0.83877 -0.05531 0.54096
1403638531.4778294563 0.07187 -0.07618 0.01340 0.02782 0.83790 -0.05547 0.54229
1403638531.5778295994 0.07172 -0.07622 0.01326 0.02841 0.83830 -0.05426 0.54175
1403638531.6778295040 0.07169 -0.07597 0.01316 0.02763 0.83847 -0.05471 0.54149
1403638531.7778294086 0.07175 -0.07601 0.01318 0.02776 0.83849 -0.05454 0.54148
1403638531.8778295517 0.07169 -0.07602 0.01314 0.02779 0.83857 -0.05443 0.54136
1403638531.9778294563 0.07170 -0.07606 0.01313 0.02788 0.83863 -0.05431 0.54127
1403638532.0778295994 0.07168 -0.07607 0.01309 0.02791 0.83867 -0.05419 0.54122
1403638532.1778295040 0.07168 -0.07604 0.01308 0.02776 0.83872 -0.05422 0.54115
1403638532.2778294086 0.07168 -0.07600 0.01308 0.02759 0.83876 -0.05432 0.54109
1403638532.3778295517 0.07167 -0.07596 0.01306 0.02745 0.83881 -0.05433 0.54101
1403638532.4778294563 0.07167 -0.07595 0.01308 0.02736 0.83885 -0.05434 0.54096
1403638532.5778295994 0.07166 -0.07594 0.01304 0.02731 0.83889 -0.05432 0.54089
1403638532.6778295040 0.07167 -0.07595 0.01306 0.02731 0.83891 -0.05427 0.54087
1403638532.7778294086 0.07164 -0.07596 0.01303 0.02733 0.83896 -0.05418 0.54079
1403638532.8778295517 0.07164 -0.07595 0.01303 0.02731 0.83899 -0.05416 0.54075
1403638532.9778294563 0.07165 -0.07594 0.01303 0.02725 0.83901 -0.05414 0.54073
1403638533.0778295994 0.07163 -0.07593 0.01302 0.02721 0.83905 -0.05412 0.54067
1403638533.1778295040 0.07164 -0.07592 0.01302 0.02715 0.83906 -0.05412 0.54066
1403638533.2778294086 0.07163 -0.07591 0.01302 0.02711 0.83909 -0.05410 0.54062
1403638533.3778295517 0.07163 -0.07592 0.01301 0.02709 0.83911 -0.05406 0.54060
1403638533.4778294563 0.07164 -0.07591 0.01302 0.02708 0.83912 -0.05404 0.54058
1403638533.5778295994 0.07163 -0.07589 0.01300 0.02701 0.83915 -0.05403 0.54054
1403638533.6778295040 0.07164 -0.07588 0.01300 0.02695 0.83915 -0.05405 0.54053
1403638533.7778294086 0.07163 -0.07588 0.01299 0.02692 0.83916 -0.05403 0.54052
1403638533.8778295517 0.07163 -0.07582 0.01298 0.02672 0.83920 -0.05382 0.54050
1403638533.9778294563 0.07164 -0.07585 0.01298 0.02686 0.83917 -0.05397 0.54052
1403638534.0778295994 0.07158 -0.07591 0.01297 0.02705 0.83917 -0.05429 0.54048
1403638534.1778295040 0.07162 -0.07587 0.01299 0.02686 0.83919 -0.05412 0.54047
1403638534.2778294086 0.07161 -0.07580 0.01300 0.02661 0.83924 -0.05398 0.54041
1403638534.3778295517 0.07163 -0.07579 0.01299 0.02659 0.83924 -0.05401 0.54041
1403638534.4778294563 0.07164 -0.07584 0.01295 0.02679 0.83921 -0.05427 0.54042
1403638534.5778295994 0.07166 -0.07580 0.01292 0.02667 0.83925 -0.05396 0.54041
1403638534.6778295040 0.07168 -0.07573 0.01292 0.02650 0.83926 -0.05379 0.54041
1403638534.7778294086 0.07167 -0.07576 0.01292 0.02664 0.83926 -0.05371 0.54042
1403638534.8778295517 0.07167 -0.07581 0.01292 0.02685 0.83924 -0.05381 0.54043
1403638534.9778294563 0.07166 -0.07585 0.01291 0.02694 0.83926 -0.05384 0.54039
1403638535.0778295994 0.07165 -0.07583 0.01290 0.02688 0.83928 -0.05384 0.54036
1403638535.1778295040 0.07166 -0.07582 0.01290 0.02683 0.83927 -0.05385 0.54037
1403638535.2778294086 0.07166 -0.07580 0.01290 0.02678 0.83929 -0.05384 0.54035
1403638535.3778295517 0.07165 -0.07579 0.01291 0.02676 0.83930 -0.05381 0.54034
1403638535.4778294563 0.07165 -0.07580 0.01291 0.02681 0.83931 -0.05380 0.54031
1403638535.5778295994 0.07165 -0.07579 0.01291 0.02676 0.83931 -0.05376 0.54032
1403638535.6778295040 0.07166 -0.07578 0.01291 0.02672 0.83932 -0.05377 0.54032
1403638535.7778294086 0.07165 -0.07579 0.01290 0.02675 0.83932 -0.05377 0.54031
1403638535.8778295517 0.07165 -0.07578 0.01290 0.02668 0.83933 -0.05372 0.54031
1403638535.9778294563 0.07164 -0.07577 0.01290 0.02663 0.83936 -0.05367 0.54027
1403638536.0778295994 0.07164 -0.07577 0.01290 0.02663 0.83932 -0.05371 0.54032
1403638536.1778295040 0.07164 -0.07578 0.01290 0.02664 0.83933 -0.05373 0.54031
1403638536.2778294086 0.07164 -0.07577 0.01290 0.02669 0.83935 -0.05370 0.54027
1403638536.3778295517 0.07165 -0.07577 0.01291 0.02670 0.83934 -0.05370 0.54028
1403638536.4778294563 0.07164 -0.07577 0.01292 0.02668 0.83935 -0.05368 0.54028
1403638536.5778295994 0.07164 -0.07576 0.01292 0.02663 0.83936 -0.05366 0.54027
1403638536.6778295040 0.07164 -0.07576 0.01292 0.02663 0.83936 -0.05362 0.54026
1403638536.7778294086 0.07163 -0.07576 0.01291 0.02666 0.83935 -0.05366 0.54027
1403638536.8778295517 0.07163 -0.07576 0.01291 0.02660 0.83935 -0.05371 0.54028
1403638536.9778294563 0.07163 -0.07576 0.01291 0.02655 0.83935 -0.05374 0.54028
1403638537.0778295994 0.07165 -0.07574 0.01291 0.02651 0.83933 -0.05371 0.54031
1403638537.1778295040 0.07165 -0.07575 0.01291 0.02655 0.83933 -0.05372 0.54032
1403638537.2778294086 0.07165 -0.07577 0.01292 0.02662 0.83934 -0.05369 0.54029
1403638537.3778295517 0.07164 -0.07577 0.01291 0.02662 0.83935 -0.05369 0.54027
1403638537.4778294563 0.07165 -0.07577 0.01291 0.02659 0.83934 -0.05369 0.54030
1403638537.5778295994 0.07164 -0.07577 0.01291 0.02657 0.83935 -0.05364 0.54029
1403638537.6778295040 0.07165 -0.07578 0.01293 0.02659 0.83934 -0.05370 0.54030
1403638537.7778294086 0.07166 -0.07577 0.01292 0.02655 0.83933 -0.05371 0.54031
1403638537.8778295517 0.07167 -0.07578 0.01293 0.02659 0.83933 -0.05367 0.54031
1403638537.9778294563 0.07166 -0.07579 0.01295 0.02660 0.83932 -0.05378 0.54032
1403638538.0778295994 0.07167 -0.07577 0.01297 0.02654 0.83932 -0.05384 0.54031
1403638538.1778295040 0.07167 -0.07579 0.01298 0.02656 0.83931 -0.05379 0.54034
1403638538.2778294086 0.07174 -0.07578 0.01296 0.02650 0.83929 -0.05376 0.54037
1403638538.3778295517 0.07170 -0.07581 0.01299 0.02662 0.83926 -0.05377 0.54041
1403638538.4778294563 0.07167 -0.07581 0.01303 0.02658 0.83925 -0.05377 0.54043
1403638538.5778295994 0.07172 -0.07584 0.01305 0.02667 0.83924 -0.05383 0.54043
1403638538.6778295040 0.07172 -0.07583 0.01310 0.02645 0.83910 -0.05395 0.54065
1403638538.7778294086 0.07182 -0.07590 0.01341 0.02617 0.83835 -0.05385 0.54184
1403638538.8778295517 0.07323 -0.07547 0.01382 0.02530 0.83744 -0.05339 0.54333
1403638538.9778294563 0.07664 -0.07522 0.01629 0.02607 0.83280 -0.05273 0.55044
1403638539.0778295994 0.08083 -0.07505 0.02005 0.02755 0.82745 -0.05426 0.55823
1403638539.1778295040 0.08906 -0.07514 0.02754 0.02748 0.82258 -0.05410 0.56541
1403638539.2778294086 0.09847 -0.07517 0.04276 0.02673 0.81863 -0.05337 0.57121
1403638539.3778295517 0.10764 -0.07552 0.06565 0.02615 0.81956 -0.05270 0.56996
1403638539.4778294563 0.11777 -0.07665 0.09471 0.02539 0.82158 -0.05150 0.56720
1403638539.5778295994 0.12896 -0.07821 0.12660 0.02487 0.82253 -0.05009 0.56597
1403638539.6778295040 0.14070 -0.07954 0.15352 0.02310 0.82321 -0.04963 0.56509
1403638539.7778294086 0.15180 -0.07983 0.16940 0.02347 0.82435 -0.04762 0.56359
1403638539.8778295517 0.16463 -0.07937 0.17816 0.02263 0.82683 -0.04678 0.56005
1403638539.9778294563 0.17996 -0.07963 0.18561 0.02072 0.83135 -0.04640 0.55342
1403638540.0778295994 0.19976 -0.08066 0.19250 0.02003 0.83718 -0.04629 0.54459
1403638540.1778295040 0.22494 -0.08174 0.19929 0.01955 0.84103 -0.04597 0.53867
1403638540.2778294086 0.25686 -0.08099 0.21529 0.01990 0.83693 -0.04481 0.54510
1403638540.3778295517 0.29700 -0.08135 0.22225 0.02079 0.83099 -0.04263 0.55426
1403638540.4778294563 0.34045 -0.08057 0.22989 0.01773 0.82879 -0.03669 0.55807
1403638540.5778295994 0.38743 -0.07817 0.23647 0.01049 0.82895 -0.02529 0.55865
1403638540.6778295040 0.43635 -0.07593 0.24376 0.00201 0.82889 -0.00834 0.55934
1403638540.7778294086 0.48785 -0.07009 0.25097 -0.00593 0.82780 0.01561 0.56077
1403638540.8778295517 0.54016 -0.05983 0.25688 -0.01617 0.82671 0.04337 0.56072
1403638540.9778294563 0.59251 -0.04466 0.26067 -0.02993 0.82473 0.06950 0.56044
1403638541.0778295994 0.64424 -0.02584 0.26201 -0.04353 0.82219 0.08864 0.56058
1403638541.1778295040 0.69645 -0.00367 0.25806 -0.05341 0.82016 0.10186 0.56046
1403638541.2778294086 0.74947 0.02475 0.24986 -0.05841 0.81917 0.11056 0.55976
1403638541.3778295517 0.80259 0.05694 0.24948 -0.06123 0.81883 0.11421 0.55921
1403638541.4778294563 0.85432 0.09202 0.25542 -0.06262 0.81848 0.11477 0.55946
1403638541.5778295994 0.90588 0.13226 0.26740 -0.06197 0.81699 0.11553 0.56155
1403638541.6778295040 0.95850 0.17956 0.28790 -0.06629 0.81518 0.11860 0.56304
1403638541.7778294086 1.01038 0.23095 0.31338 -0.07635 0.81359 0.12424 0.56286
1403638541.8778295517 1.05826 0.28678 0.34576 -0.08841 0.81177 0.13316 0.56167
1403638541.9778294563 1.10543 0.34472 0.37478 -0.10036 0.81020 0.14755 0.55833
1403638542.0778295994 1.15013 0.40350 0.39822 -0.11439 0.80764 0.16471 0.55453
1403638542.1778295040 1.19209 0.46277 0.41643 -0.12988 0.80335 0.18445 0.55113
1403638542.2778294086 1.23195 0.52371 0.42849 -0.14453 0.79887 0.20759 0.54573
1403638542.3778295517 1.27374 0.58645 0.43734 -0.15796 0.79071 0.22918 0.54526
1403638542.4778294563 1.31559 0.65038 0.44493 -0.16376 0.77705 0.24895 0.55444
1403638542.5778295994 1.35328 0.71492 0.45009 -0.15960 0.76507 0.26689 0.56388
1403638542.6778295040 1.38701 0.78473 0.45731 -0.15968 0.76158 0.27587 0.56426
1403638542.7778294086 1.41401 0.85848 0.47144 -0.16814 0.76576 0.27431 0.55686
1403638542.8778295517 1.43382 0.93542 0.49316 -0.17433 0.77128 0.27062 0.54909
1403638542.9778294563 1.45155 1.01374 0.52154 -0.17806 0.77589 0.26726 0.54301
1403638543.0778295994 1.46487 1.09178 0.55127 -0.18048 0.77947 0.26371 0.53881
1403638543.1778295040 1.47574 1.16980 0.57423 -0.18027 0.78071 0.26082 0.53849
1403638543.2778294086 1.48990 1.24886 0.59379 -0.18026 0.78113 0.25831 0.53908
1403638543.3778295517 1.50208 1.32805 0.60507 -0.17934 0.78226 0.25704 0.53837
1403638543.4778294563 1.51516 1.40948 0.61303 -0.18112 0.78133 0.26108 0.53717
1403638543.5778295994 1.53256 1.49110 0.62131 -0.18615 0.77845 0.27214 0.53414
1403638543.6778295040 1.54879 1.57553 0.62674 -0.19252 0.77274 0.28971 0.53092
1403638543.7778294086 1.56091 1.65876 0.63340 -0.20237 0.76483 0.31060 0.52688
1403638543.8778295517 1.57375 1.74549 0.64675 -0.21356 0.75482 0.33281 0.52334
1403638543.9778294563 1.58686 1.83788 0.66781 -0.22718 0.74641 0.35071 0.51794
1403638544.0778295994 1.59911 1.93008 0.69271 -0.24136 0.74260 0.36156 0.50948
1403638544.1778295040 1.61256 2.02354 0.71679 -0.25141 0.73951 0.36774 0.50467
1403638544.2778294086 1.62619 2.11762 0.73377 -0.25787 0.73697 0.37085 0.50284
1403638544.3778295517 1.63959 2.20994 0.74377 -0.25935 0.73635 0.37325 0.50122
1403638544.4778294563 1.65463 2.30372 0.75065 -0.25820 0.73689 0.37430 0.50023
1403638544.5778295994 1.67104 2.39719 0.75597 -0.25992 0.73423 0.37335 0.50394
1403638544.6778295040 1.68805 2.49262 0.76801 -0.26467 0.72775 0.37275 0.51125
1403638544.7778294086 1.70369 2.58442 0.78295 -0.26576 0.72690 0.37369 0.51122
1403638544.8778295517 1.72080 2.67294 0.79711 -0.26391 0.73013 0.37597 0.50587
1403638544.9778294563 1.73658 2.76214 0.80430 -0.26397 0.73091 0.37667 0.50420
1403638545.0778295994 1.75282 2.85113 0.80684 -0.26528 0.72968 0.37660 0.50534
1403638545.1778295040 1.77080 2.93520 0.80697 -0.26499 0.72954 0.37785 0.50477
1403638545.2778294086 1.78828 3.02467 0.79818 -0.26415 0.72892 0.37935 0.50496
1403638545.3778295517 1.80625 3.11505 0.78561 -0.26572 0.72631 0.37843 0.50858
1403638545.4778294563 1.82726 3.20526 0.77528 -0.26777 0.72660 0.37926 0.50647
1403638545.5778295994 1.84294 3.29667 0.76189 -0.27170 0.72445 0.38567 0.50259
1403638545.6778295040 1.86204 3.38887 0.76094 -0.28013 0.71918 0.39708 0.49663
1403638545.7778294086 1.88102 3.48521 0.76668 -0.28855 0.71173 0.41345 0.48912
1403638545.8778295517 1.89897 3.58125 0.77831 -0.29943 0.70125 0.43275 0.48096
1403638545.9778294563 1.91593 3.67279 0.79543 -0.30905 0.68892 0.45450 0.47255
1403638546.0778295994 1.93226 3.76513 0.81516 -0.31535 0.67716 0.47328 0.46692
1403638546.1778295040 1.94950 3.85844 0.82915 -0.32294 0.66873 0.48533 0.46149
1403638546.2778294086 1.96392 3.95064 0.83585 -0.32785 0.66389 0.49299 0.45686
1403638546.3778295517 1.97707 4.04147 0.83716 -0.33431 0.66222 0.49525 0.45214
1403638546.4778294563 1.99036 4.13331 0.83296 -0.33730 0.66184 0.49647 0.44913
1403638546.5778295994 2.00356 4.22778 0.82840 -0.33854 0.65982 0.49972 0.44756
1403638546.6778295040 2.01475 4.32496 0.82979 -0.34212 0.65507 0.50556 0.44525
1403638546.7778294086 2.02601 4.42287 0.84080 -0.34481 0.65060 0.51126 0.44320
1403638546.8778295517 2.03646 4.52534 0.86022 -0.34555 0.64708 0.51631 0.44193
1403638546.9778294563 2.04488 4.62549 0.87806 -0.34445 0.64386 0.52091 0.44210
1403638547.0778295994 2.05211 4.72969 0.89059 -0.34258 0.64145 0.52429 0.44306
1403638547.1778295040 2.05566 4.83436 0.89417 -0.33986 0.63917 0.52785 0.44422
1403638547.2778294086 2.05660 4.94051 0.89682 -0.33794 0.63785 0.52958 0.44553
1403638547.3778295517 2.05014 5.04140 0.89112 -0.34141 0.63903 0.52748 0.44366
1403638547.4778294563 2.04411 5.15034 0.88691 -0.34610 0.64218 0.52385 0.43977
1403638547.5778295994 2.03616 5.26027 0.87764 -0.34918 0.64563 0.52056 0.43616
1403638547.6778295040 2.02405 5.36272 0.85759 -0.35027 0.64660 0.51901 0.43571
1403638547.7778294086 2.01389 5.47572 0.84026 -0.34813 0.64607 0.51974 0.43734
1403638547.8778295517 1.99974 5.58568 0.81384 -0.34478 0.64295 0.52211 0.44176
1403638547.9778294563 1.98606 5.70217 0.79337 -0.34503 0.64279 0.52255 0.44126
1403638548.0778295994 1.96691 5.81821 0.77447 -0.34805 0.64216 0.52467 0.43728
1403638548.1778295040 1.94906 5.93943 0.76840 -0.35264 0.63830 0.53006 0.43272
1403638548.2778294086 1.92434 6.05757 0.76569 -0.35959 0.63155 0.53836 0.42662
1403638548.3778295517 1.89893 6.18087 0.77271 -0.36736 0.62188 0.54971 0.41968
1403638548.4778294563 1.87289 6.30555 0.78747 -0.37561 0.61214 0.56010 0.41290
1403638548.5778295994 1.84764 6.42737 0.80145 -0.38223 0.60425 0.56777 0.40794
1403638548.6778295040 1.82385 6.55371 0.81132 -0.38715 0.59873 0.57302 0.40408
1403638548.7778294086 1.80106 6.68019 0.81916 -0.38985 0.59486 0.57698 0.40157
1403638548.8778295517 1.77800 6.80669 0.83366 -0.39107 0.59277 0.57970 0.39954
1403638548.9778294563 1.75450 6.93274 0.85510 -0.39256 0.59176 0.58062 0.39823
1403638549.0778295994 1.72948 7.06042 0.87897 -0.39313 0.59146 0.58096 0.39763
1403638549.1778295040 1.70522 7.18768 0.91159 -0.39443 0.59144 0.57999 0.39779
1403638549.2778294086 1.68081 7.31548 0.94769 -0.39542 0.59219 0.57891 0.39727
1403638549.3778295517 1.65527 7.44903 0.99045 -0.39768 0.59388 0.57638 0.39616
1403638549.4778294563 1.63071 7.58014 1.02764 -0.39979 0.59524 0.57400 0.39544
1403638549.5778295994 1.60518 7.71610 1.06200 -0.40113 0.59562 0.57209 0.39628
1403638549.6778295040 1.58314 7.84960 1.08933 -0.40264 0.59508 0.57042 0.39798
1403638549.7778294086 1.56179 7.98409 1.11790 -0.40086 0.59542 0.57101 0.39841
1403638549.8778295517 1.54470 8.11692 1.15171 -0.40009 0.59674 0.57118 0.39696
1403638549.9778294563 1.52624 8.25550 1.19477 -0.39988 0.59801 0.57099 0.39555
1403638550.0778295994 1.51148 8.39289 1.24506 -0.40041 0.59835 0.57075 0.39484
1403638550.1778295040 1.49748 8.53064 1.30500 -0.40083 0.59920 0.57078 0.39307
1403638550.2778294086 1.48641 8.66763 1.37108 -0.40019 0.59874 0.57197 0.39270
1403638550.3778295517 1.47431 8.80683 1.44256 -0.39962 0.59839 0.57263 0.39286
1403638550.4778294563 1.46753 8.94751 1.50456 -0.40212 0.59904 0.57141 0.39107
1403638550.5778295994 1.45884 9.08716 1.56202 -0.40526 0.60033 0.56919 0.38908
1403638550.6778295040 1.45213 9.22634 1.61306 -0.40969 0.59915 0.56599 0.39092
1403638550.7778294086 1.44729 9.36515 1.65874 -0.41219 0.59856 0.56406 0.39199
1403638550.8778295517 1.44629 9.50137 1.70085 -0.41782 0.59487 0.56017 0.39720
1403638550.9778294563 1.44809 9.63519 1.73991 -0.42318 0.59078 0.55612 0.40327
1403638551.0778295994 1.45258 9.76460 1.77588 -0.42667 0.58829 0.55359 0.40671
1403638551.1778295040 1.46153 9.88579 1.81296 -0.43101 0.58848 0.55128 0.40498
1403638551.2778294086 1.47726 9.99898 1.85440 -0.43185 0.58985 0.55073 0.40285
1403638551.3778295517 1.50296 10.10166 1.89869 -0.42738 0.59732 0.54813 0.40012
1403638551.4778294563 1.53047 10.20426 1.94006 -0.42020 0.60963 0.53923 0.40127
1403638551.5778295994 1.57063 10.29862 1.97534 -0.41405 0.62479 0.52361 0.40501
1403638551.6778295040 1.61243 10.39569 2.00631 -0.40747 0.64144 0.50559 0.40854
1403638551.7778294086 1.66415 10.48988 2.03249 -0.39848 0.65549 0.48774 0.41672
1403638551.8778295517 1.72566 10.57818 2.05354 -0.38858 0.66613 0.47273 0.42638
1403638551.9778294563 1.79339 10.66252 2.07773 -0.37693 0.66950 0.46542 0.43940
1403638552.0778295994 1.86500 10.74028 2.10864 -0.36732 0.67089 0.46078 0.45018
1403638552.1778295040 1.94046 10.81273 2.14402 -0.36158 0.67568 0.45768 0.45083
1403638552.2778294086 2.01992 10.88147 2.18498 -0.35754 0.67950 0.45666 0.44934
1403638552.3778295517 2.10312 10.94406 2.22335 -0.35972 0.68040 0.45350 0.44944
1403638552.4778294563 2.19449 10.99944 2.25701 -0.36691 0.67682 0.44819 0.45433
1403638552.5778295994 2.28365 11.04770 2.28543 -0.37246 0.67271 0.44485 0.45918
1403638552.6778295040 2.37630 11.08686 2.30691 -0.37304 0.67013 0.44590 0.46145
1403638552.7778294086 2.47270 11.11728 2.32281 -0.37234 0.66942 0.44777 0.46124
1403638552.8778295517 2.57553 11.14193 2.33312 -0.37020 0.66804 0.45162 0.46120
1403638552.9778294563 2.67604 11.15125 2.33760 -0.36595 0.66541 0.45750 0.46260
1403638553.0778295994 2.78348 11.16299 2.33852 -0.36219 0.66312 0.46302 0.46336
1403638553.1778295040 2.88118 11.15645 2.33265 -0.36793 0.65888 0.46147 0.46642
1403638553.2778294086 2.98813 11.15381 2.33086 -0.37532 0.65304 0.45840 0.47175
1403638553.3778295517 3.08949 11.13191 2.33290 -0.37714 0.64762 0.45931 0.47685
1403638553.4778294563 3.19140 11.10134 2.34197 -0.37385 0.64201 0.46293 0.48348
1403638553.5778295994 3.29110 11.06303 2.35850 -0.37095 0.63750 0.46608 0.48863
1403638553.6778295040 3.38873 11.01150 2.37838 -0.36906 0.63634 0.46811 0.48962
1403638553.7778294086 3.48076 10.94950 2.40509 -0.36743 0.63654 0.46978 0.48900
1403638553.8778295517 3.56928 10.88143 2.43707 -0.36547 0.63808 0.47110 0.48718
1403638553.9778294563 3.65232 10.80607 2.46970 -0.36467 0.64106 0.47127 0.48370
1403638554.0778295994 3.73052 10.72267 2.49652 -0.36334 0.64410 0.47205 0.47988
1403638554.1778295040 3.80363 10.63694 2.51915 -0.35814 0.64732 0.47525 0.47630
1403638554.2778294086 3.87635 10.54469 2.53225 -0.35047 0.65304 0.48100 0.46835
1403638554.3778295517 3.94423 10.45486 2.54491 -0.34430 0.65655 0.48517 0.46369
1403638554.4778294563 4.00937 10.36699 2.55686 -0.34126 0.65825 0.48716 0.46144
1403638554.5778295994 4.06875 10.28244 2.56662 -0.34193 0.65949 0.48654 0.45982
1403638554.6778295040 4.13154 10.19379 2.57039 -0.34789 0.66177 0.48248 0.45634
1403638554.7778294086 4.18519 10.11218 2.58684 -0.35227 0.66267 0.47898 0.45536
1403638554.8778295517 4.24926 10.02655 2.60130 -0.35555 0.66262 0.47684 0.45512
1403638554.9778294563 4.31351 9.93977 2.61618 -0.35830 0.66310 0.47345 0.45581
1403638555.0778295994 4.36957 9.86103 2.63193 -0.35410 0.66676 0.46883 0.45852
1403638555.1778295040 4.43743 9.77295 2.63397 -0.34786 0.67273 0.46185 0.46165
1403638555.2778294086 4.50704 9.69212 2.64151 -0.34154 0.67898 0.45396 0.46503
1403638555.3778295517 4.57706 9.60566 2.64291 -0.33431 0.68221 0.44927 0.47010
1403638555.4778294563 4.64871 9.51651 2.63845 -0.32861 0.68420 0.44631 0.47403
1403638555.5778295994 4.72428 9.42700 2.63215 -0.32647 0.68533 0.44390 0.47612
1403638555.6778295040 4.80032 9.33807 2.63096 -0.32604 0.68691 0.44248 0.47547
1403638555.7778294086 4.87628 9.24666 2.63920 -0.32523 0.68805 0.44285 0.47403
1403638555.8778295517 4.94678 9.15588 2.65429 -0.32456 0.68803 0.44383 0.47358
1403638555.9778294563 5.02443 9.07092 2.67675 -0.32351 0.68668 0.44579 0.47442
1403638556.0778295994 5.09785 8.98553 2.70081 -0.32215 0.68659 0.44724 0.47413
1403638556.1778295040 5.17745 8.90871 2.72287 -0.32151 0.69080 0.44794 0.46775
1403638556.2778294086 5.25191 8.82566 2.73495 -0.32029 0.69375 0.44899 0.46318
1403638556.3778295517 5.33320 8.76048 2.74784 -0.31910 0.69600 0.45010 0.45954
1403638556.4778294563 5.41289 8.68474 2.75417 -0.31711 0.69869 0.45143 0.45550
1403638556.5778295994 5.49702 8.63086 2.76502 -0.31673 0.70185 0.45113 0.45119
1403638556.6778295040 5.58258 8.57961 2.77681 -0.32419 0.70460 0.44500 0.44768
1403638556.7778294086 5.66904 8.52150 2.79439 -0.33080 0.70126 0.44023 0.45277
1403638556.8778295517 5.75717 8.47828 2.82135 -0.33625 0.69990 0.43597 0.45498
1403638556.9778294563 5.84678 8.43781 2.85263 -0.33909 0.69875 0.43343 0.45706
1403638557.0778295994 5.94251 8.39599 2.87744 -0.33731 0.69770 0.43466 0.45881
1403638557.1778295040 6.04493 8.35210 2.89490 -0.33549 0.69633 0.43619 0.46078
1403638557.2778294086 6.15346 8.30396 2.90602 -0.33437 0.69549 0.43722 0.46188
1403638557.3778295517 6.26396 8.25849 2.91287 -0.33186 0.69460 0.43927 0.46308
1403638557.4778294563 6.37928 8.21362 2.92188 -0.32660 0.69160 0.44395 0.46683
1403638557.5778295994 6.49552 8.16808 2.93674 -0.32236 0.68906 0.44745 0.47019
1403638557.6778295040 6.61270 8.12273 2.95509 -0.32032 0.68763 0.44957 0.47164
1403638557.7778294086 6.72934 8.07718 2.97574 -0.32067 0.68715 0.44941 0.47226
1403638557.8778295517 6.84537 8.03072 2.99129 -0.31815 0.68686 0.45108 0.47279
1403638557.9778294563 6.95780 7.98564 3.00024 -0.31576 0.68787 0.45273 0.47134
1403638558.0778295994 7.06795 7.94227 3.00261 -0.31486 0.69150 0.45356 0.46581
1403638558.1778295040 7.17834 7.90121 3.00235 -0.31206 0.69710 0.45522 0.45765
1403638558.2778294086 7.28961 7.86523 3.00806 -0.30877 0.70119 0.45687 0.45195
1403638558.3778295517 7.40123 7.83820 3.02399 -0.30410 0.70265 0.45984 0.44984
1403638558.4778294563 7.51230 7.81788 3.04839 -0.29777 0.70629 0.46372 0.44436
1403638558.5778295994 7.62315 7.80842 3.08083 -0.29886 0.70889 0.46257 0.44067
1403638558.6778295040 7.73545 7.80960 3.11979 -0.30698 0.70960 0.45626 0.44052
1403638558.7778294086 7.85177 7.81646 3.15716 -0.31488 0.70931 0.45009 0.44176
1403638558.8778295517 7.96736 7.82975 3.18789 -0.31706 0.70845 0.44763 0.44407
1403638558.9778294563 8.08646 7.84752 3.21082 -0.31861 0.70378 0.44641 0.45155
1403638559.0778295994 8.20952 7.86700 3.22599 -0.31912 0.69939 0.44627 0.45810
1403638559.1778295040 8.33531 7.88919 3.23394 -0.31947 0.69599 0.44673 0.46256
1403638559.2778294086 8.46260 7.91217 3.23552 -0.31748 0.69309 0.44924 0.46585
1403638559.3778295517 8.58935 7.93539 3.23095 -0.31423 0.69061 0.45256 0.46852
1403638559.4778294563 8.71042 7.95973 3.22151 -0.31224 0.68830 0.45451 0.47134
1403638559.5778295994 8.83056 7.98482 3.20716 -0.31112 0.68621 0.45593 0.47375
1403638559.6778295040 8.94766 8.01217 3.18973 -0.31189 0.68516 0.45604 0.47467
1403638559.7778294086 9.06102 8.04038 3.17583 -0.31240 0.68420 0.45689 0.47489
1403638559.8778295517 9.16939 8.07148 3.16689 -0.31376 0.68496 0.45605 0.47371
1403638559.9778294563 9.27752 8.10369 3.15895 -0.31300 0.68848 0.45019 0.47472
1403638560.0778295994 9.38321 8.13792 3.14521 -0.30770 0.69654 0.43716 0.47858
1403638560.1778295040 9.48585 8.17124 3.12436 -0.29795 0.70653 0.41909 0.48621
1403638560.2778294086 9.58868 8.20586 3.09852 -0.28552 0.71746 0.39818 0.49516
1403638560.3778295517 9.69169 8.23956 3.07034 -0.27443 0.72548 0.37392 0.50848
1403638560.4778294563 9.79244 8.27186 3.03844 -0.26183 0.73384 0.34890 0.52075
1403638560.5778295994 9.88941 8.29938 3.00227 -0.25060 0.74337 0.32190 0.53008
1403638560.6778295040 9.98520 8.32163 2.96258 -0.24124 0.75405 0.29414 0.53544
1403638560.7778294086 10.07740 8.33770 2.92618 -0.23405 0.76296 0.26883 0.53930
1403638560.8778295517 10.16578 8.34506 2.89787 -0.22332 0.76948 0.24622 0.54535
1403638560.9778294563 10.25320 8.34445 2.87757 -0.21156 0.77376 0.22529 0.55298
1403638561.0778295994 10.34053 8.33618 2.86530 -0.19972 0.77633 0.20563 0.56138
1403638561.1778295040 10.42345 8.31882 2.85926 -0.18908 0.77784 0.18798 0.56910
1403638561.2778294086 10.50106 8.29444 2.86075 -0.18218 0.77826 0.17488 0.57493
1403638561.3778295517 10.57225 8.26103 2.86464 -0.17322 0.78285 0.17035 0.57282
1403638561.4778294563 10.64124 8.22306 2.86361 -0.15963 0.78865 0.17426 0.56761
1403638561.5778295994 10.70797 8.18275 2.85772 -0.15000 0.79206 0.17927 0.56392
1403638561.6778295040 10.77094 8.14176 2.84723 -0.14596 0.79377 0.18225 0.56162
1403638561.7778294086 10.82809 8.09975 2.83219 -0.14458 0.79407 0.18428 0.56088
1403638561.8778295517 10.88480 8.05326 2.80935 -0.14213 0.79341 0.18500 0.56220
1403638561.9778294563 10.93637 8.00918 2.78466 -0.13655 0.79454 0.18034 0.56351
1403638562.0778295994 10.98732 7.96159 2.75927 -0.12899 0.79642 0.17152 0.56539
1403638562.1778295040 11.02601 7.91522 2.74429 -0.12083 0.79850 0.16135 0.56724
1403638562.2778294086 11.06366 7.86991 2.73413 -0.11370 0.79973 0.15266 0.56938
1403638562.3778295517 11.09747 7.82231 2.73022 -0.10735 0.80073 0.14042 0.57236
1403638562.4778294563 11.12678 7.77412 2.73003 -0.09901 0.80318 0.12412 0.57418
1403638562.5778295994 11.15499 7.72684 2.73618 -0.08927 0.80556 0.10392 0.57646
1403638562.6778295040 11.18027 7.67913 2.74628 -0.08040 0.80833 0.07972 0.57773
1403638562.7778294086 11.20448 7.62771 2.75835 -0.07170 0.81003 0.05339 0.57954
1403638562.8778295517 11.22639 7.57100 2.76606 -0.05835 0.81119 0.02885 0.58115
1403638562.9778294563 11.24426 7.51130 2.76730 -0.04390 0.81197 0.00620 0.58201
1403638563.0778295994 11.25736 7.45026 2.76297 -0.03475 0.81182 -0.01799 0.58259
1403638563.1778295040 11.26387 7.38573 2.75344 -0.02248 0.81156 -0.03817 0.58258
1403638563.2778294086 11.26538 7.31934 2.73973 -0.01053 0.80826 -0.05265 0.58638
1403638563.3778295517 11.26018 7.25042 2.72186 -0.00328 0.80039 -0.06290 0.59616
1403638563.4778294563 11.24924 7.17669 2.69914 -0.00148 0.79421 -0.07005 0.60359
1403638563.5778295994 11.23279 7.09610 2.67712 0.00434 0.79474 -0.06979 0.60291
1403638563.6778295040 11.21019 7.00897 2.66224 0.00433 0.79828 -0.06982 0.59821
1403638563.7778294086 11.18192 6.91703 2.65440 0.00136 0.80063 -0.07023 0.59502
1403638563.8778295517 11.14917 6.82181 2.65365 -0.00175 0.80031 -0.06936 0.59555
1403638563.9778294563 11.11173 6.72113 2.66100 -0.00509 0.79928 -0.06791 0.59709
1403638564.0778295994 11.06620 6.61673 2.66397 -0.00955 0.79999 -0.06578 0.59632
1403638564.1778295040 11.01547 6.50665 2.66230 -0.01136 0.79997 -0.06117 0.59681
1403638564.2778294086 10.96171 6.39034 2.66046 -0.01042 0.79847 -0.05561 0.59937
1403638564.3778295517 10.89965 6.27039 2.66051 -0.01062 0.79703 -0.05052 0.60173
1403638564.4778294563 10.83355 6.14734 2.67106 -0.01000 0.79595 -0.04605 0.60353
1403638564.5778295994 10.75710 6.02028 2.68173 -0.01283 0.79753 -0.04547 0.60142
1403638564.6778295040 10.67631 5.89197 2.69379 -0.01807 0.79917 -0.04808 0.59891
1403638564.7778294086 10.58664 5.75632 2.69605 -0.02191 0.79961 -0.05105 0.59794
1403638564.8778295517 10.49459 5.61752 2.69479 -0.02418 0.79919 -0.05343 0.59821
1403638564.9778294563 10.39697 5.47122 2.67168 -0.02605 0.79851 -0.05522 0.59887
1403638565.0778295994 10.29672 5.32292 2.63748 -0.02738 0.79904 -0.05596 0.59805
1403638565.1778295040 10.19256 5.16690 2.58809 -0.02803 0.79990 -0.05605 0.59685
1403638565.2778294086 10.08532 5.00818 2.53278 -0.02637 0.80087 -0.05519 0.59570
1403638565.3778295517 9.97413 4.84323 2.47438 -0.02364 0.80196 -0.05379 0.59449
1403638565.4778294563 9.85918 4.67078 2.41566 -0.02080 0.80142 -0.05255 0.59542
1403638565.5778295994 9.74093 4.48871 2.36306 -0.01466 0.79930 -0.04999 0.59867
1403638565.6778295040 9.61919 4.30622 2.31905 -0.00332 0.79915 -0.04372 0.59953
1403638565.7778294086 9.49413 4.12456 2.28139 0.00576 0.80184 -0.03922 0.59623
1403638565.8778295517 9.36115 3.94070 2.25123 0.01262 0.80412 -0.03550 0.59327
1403638565.9778294563 9.22372 3.75918 2.22532 0.01469 0.80609 -0.03576 0.59052
1403638566.0778295994 9.08579 3.58461 2.19424 0.01615 0.80719 -0.03601 0.58897
1403638566.1778295040 8.94734 3.41415 2.15540 0.01409 0.80767 -0.03738 0.58828
1403638566.2778294086 8.80834 3.24761 2.10915 0.01440 0.80751 -0.03688 0.58852
1403638566.3778295517 8.66988 3.08498 2.05543 0.01484 0.80862 -0.03579 0.58706
1403638566.4778294563 8.53295 2.92588 1.99620 0.01085 0.80923 -0.03709 0.58622
1403638566.5778295994 8.39750 2.76940 1.93188 0.01007 0.81276 -0.03558 0.58143
1403638566.6778295040 8.26209 2.61722 1.85980 0.00924 0.82215 -0.03371 0.56820
1403638566.7778294086 8.13018 2.46821 1.78244 0.00840 0.83394 -0.03217 0.55085
1403638566.8778295517 8.00602 2.32059 1.70205 0.00646 0.84209 -0.03109 0.53841
1403638566.9778294563 7.88979 2.17311 1.61886 0.00614 0.84607 -0.02809 0.53229
1403638567.0778295994 7.77959 2.02830 1.53725 0.00575 0.83838 -0.02675 0.54440
1403638567.1778295040 7.67564 1.88651 1.45185 0.00767 0.82643 -0.02455 0.56245
1403638567.2778294086 7.57372 1.74391 1.36082 0.01035 0.81804 -0.02275 0.57461
1403638567.3778295517 7.47390 1.60891 1.26426 0.01313 0.81619 -0.02211 0.57721
1403638567.4778294563 7.37109 1.47285 1.17172 0.01465 0.81712 -0.02313 0.57581
1403638567.5778295994 7.26724 1.34374 1.08534 0.01569 0.82058 -0.02496 0.57078
1403638567.6778295040 7.16459 1.21569 1.00854 0.01891 0.82375 -0.02511 0.56608
1403638567.7778294086 7.06261 1.08831 0.94009 0.02033 0.82709 -0.02528 0.56114
1403638567.8778295517 6.96094 0.96270 0.87821 0.01879 0.83028 -0.02708 0.55637
1403638567.9778294563 6.86507 0.83848 0.82216 0.01809 0.83114 -0.02728 0.55510
1403638568.0778295994 6.77272 0.71463 0.77300 0.01985 0.83070 -0.02449 0.55582
1403638568.1778295040 6.68699 0.59835 0.73334 0.02066 0.82974 -0.02246 0.55732
1403638568.2778294086 6.60549 0.48744 0.70090 0.02052 0.82939 -0.02190 0.55786
1403638568.3778295517 6.52833 0.38502 0.66878 0.02002 0.82957 -0.02177 0.55762
1403638568.4778294563 6.46177 0.28702 0.63056 0.01970 0.83032 -0.02139 0.55653
1403638568.5778295994 6.39054 0.19877 0.58936 0.02028 0.83125 -0.02039 0.55515
1403638568.6778295040 6.33169 0.10949 0.54496 0.02092 0.83283 -0.01842 0.55283
1403638568.7778294086 6.26900 0.04028 0.50416 0.02072 0.83371 -0.01888 0.55150
1403638568.8778295517 6.21091 -0.01411 0.47280 0.01951 0.83258 -0.02146 0.55315
1403638568.9778294563 6.16696 -0.08416 0.44851 0.02084 0.83193 -0.01937 0.55415
1403638569.0778295994 6.12149 -0.12036 0.43566 0.02340 0.83141 -0.01911 0.55484
1403638569.1778295040 6.08604 -0.18024 0.42629 0.02320 0.83220 -0.01875 0.55367
1403638569.2778294086 6.04978 -0.19146 0.42357 0.02703 0.83314 -0.01900 0.55207
1403638569.3778295517 6.02300 -0.23550 0.41102 0.02743 0.83299 -0.01860 0.55229
1403638569.4778294563 6.00290 -0.22821 0.40278 0.03009 0.83141 -0.01954 0.55450
1403638569.5778295994 5.98679 -0.25738 0.38380 0.03032 0.83010 -0.01906 0.55646
1403638569.6778295040 5.97618 -0.27279 0.37163 0.02950 0.82897 -0.02010 0.55815
1403638569.7778294086 5.96870 -0.27848 0.36643 0.03078 0.82809 -0.01967 0.55941
1403638569.8778295517 5.96728 -0.23627 0.37730 0.03467 0.82672 -0.02004 0.56119
1403638569.9778294563 5.96471 -0.23630 0.38147 0.03355 0.82515 -0.02089 0.56353
1403638570.0778295994 5.96632 -0.22502 0.38382 0.03170 0.82452 -0.02259 0.56449
1403638570.1778295040 5.96961 -0.20795 0.37922 0.02739 0.82456 -0.02567 0.56452
1403638570.2778294086 5.97366 -0.18793 0.36837 0.02044 0.82393 -0.03060 0.56550
1403638570.3778295517 5.97822 -0.16982 0.35239 0.01456 0.82351 -0.03807 0.56584
1403638570.4778294563 5.98315 -0.14252 0.33417 0.01130 0.82283 -0.05418 0.56558
1403638570.5778295994 5.98525 -0.14171 0.30294 0.00388 0.81989 -0.08113 0.56673
1403638570.6778295040 5.98617 -0.13542 0.27051 0.00514 0.81446 -0.11061 0.56956
1403638570.7778294086 5.98604 -0.14443 0.23436 0.01236 0.80321 -0.13812 0.57933
1403638570.8778295517 5.98049 -0.16622 0.19533 0.02483 0.79131 -0.16243 0.58892
1403638570.9778294563 5.96751 -0.19971 0.15300 0.03999 0.78312 -0.18353 0.59282
1403638571.0778295994 5.94565 -0.24312 0.10589 0.05659 0.78018 -0.20238 0.58921
1403638571.1778295040 5.91327 -0.29310 0.06087 0.07802 0.78264 -0.21426 0.57920
1403638571.2778294086 5.87386 -0.35139 0.02672 0.09816 0.78384 -0.22034 0.57219
1403638571.3778295517 5.82803 -0.41352 0.00154 0.11080 0.78312 -0.22549 0.56886
1403638571.4778294563 5.77849 -0.47920 -0.01437 0.11687 0.78005 -0.23030 0.56994
1403638571.5778295994 5.72596 -0.54954 -0.02561 0.12381 0.77766 -0.23465 0.56996
1403638571.6778295040 5.67013 -0.62408 -0.04069 0.13002 0.77728 -0.24419 0.56507
1403638571.7778294086 5.61146 -0.70251 -0.06068 0.13813 0.77677 -0.25787 0.55771
1403638571.8778295517 5.55029 -0.78379 -0.08479 0.14583 0.77374 -0.27592 0.55129
1403638571.9778294563 5.48607 -0.86781 -0.10635 0.15383 0.76762 -0.29623 0.54713
1403638572.0778295994 5.41857 -0.95481 -0.11979 0.16338 0.76048 -0.31567 0.54344
1403638572.1778295040 5.34632 -1.04770 -0.12359 0.17918 0.75355 -0.33090 0.53904
1403638572.2778294086 5.27038 -1.14239 -0.12353 0.19342 0.74913 -0.34744 0.52979
1403638572.3778295517 5.19273 -1.24023 -0.12638 0.20668 0.74406 -0.36597 0.51935
1403638572.4778294563 5.11553 -1.34127 -0.13149 0.22088 0.73994 -0.37940 0.50967
1403638572.5778295994 5.03945 -1.44533 -0.13768 0.23198 0.73596 -0.38841 0.50367
1403638572.6778295040 4.96559 -1.55326 -0.14145 0.23795 0.73407 -0.39430 0.49904
1403638572.7778294086 4.89530 -1.66530 -0.13629 0.24602 0.73555 -0.39409 0.49309
1403638572.8778295517 4.82981 -1.78025 -0.12247 0.24988 0.73820 -0.39334 0.48776
1403638572.9778294563 4.76811 -1.89805 -0.10435 0.25070 0.74030 -0.39254 0.48478
1403638573.0778295994 4.71250 -2.01809 -0.08926 0.25032 0.74244 -0.39146 0.48257
1403638573.1778295040 4.66042 -2.14117 -0.08080 0.24867 0.74417 -0.39020 0.48179
1403638573.2778294086 4.61126 -2.26761 -0.07490 0.24695 0.74558 -0.38830 0.48203
1403638573.3778295517 4.56936 -2.39561 -0.06643 0.24639 0.74638 -0.38731 0.48187
1403638573.4778294563 4.53264 -2.52711 -0.05548 0.24972 0.74657 -0.38739 0.47980
1403638573.5778295994 4.50222 -2.66138 -0.03535 0.25142 0.74674 -0.38738 0.47864
1403638573.6778295040 4.47606 -2.79767 -0.00875 0.25430 0.74727 -0.38760 0.47612
1403638573.7778294086 4.45571 -2.93585 0.02161 0.26121 0.74358 -0.39085 0.47550
1403638573.8778295517 4.44200 -3.07643 0.05162 0.27504 0.73340 -0.39620 0.47906
1403638573.9778294563 4.43281 -3.21772 0.07531 0.28663 0.71798 -0.40947 0.48444
1403638574.0778295994 4.42613 -3.35605 0.09181 0.29244 0.69781 -0.43069 0.49198
1403638574.1778295040 4.41958 -3.48993 0.10224 0.29830 0.67571 -0.45452 0.49784
1403638574.2778294086 4.41067 -3.61900 0.10676 0.30731 0.65666 -0.47703 0.49679
1403638574.3778295517 4.39270 -3.74704 0.10644 0.31983 0.64330 -0.49698 0.48671
1403638574.4778294563 4.36705 -3.87263 0.10240 0.33326 0.63173 -0.51501 0.47394
1403638574.5778295994 4.33800 -3.99263 0.10131 0.34357 0.62072 -0.52943 0.46516
1403638574.6778295040 4.30529 -4.11120 0.10854 0.35533 0.61398 -0.53693 0.45658
1403638574.7778294086 4.27149 -4.22828 0.12290 0.36618 0.61351 -0.53985 0.44506
1403638574.8778295517 4.23765 -4.34274 0.14135 0.36745 0.61527 -0.54460 0.43570
1403638574.9778294563 4.20321 -4.45322 0.15569 0.36598 0.61756 -0.54802 0.42937
1403638575.0778295994 4.16904 -4.56219 0.16353 0.35866 0.61631 -0.55302 0.43092
1403638575.1778295040 4.13453 -4.67050 0.16524 0.35310 0.61386 -0.55579 0.43542
1403638575.2778294086 4.09657 -4.78241 0.16438 0.34992 0.61255 -0.55650 0.43892
1403638575.3778295517 4.05632 -4.89222 0.15777 0.34710 0.61586 -0.55625 0.43682
1403638575.4778294563 4.01231 -5.00764 0.14825 0.34523 0.62133 -0.55472 0.43249
1403638575.5778295994 3.96646 -5.12327 0.13737 0.34452 0.62636 -0.55220 0.42902
1403638575.6778295040 3.91886 -5.24701 0.13362 0.34811 0.63281 -0.54688 0.42344
1403638575.7778294086 3.87012 -5.37584 0.13856 0.34902 0.63930 -0.54382 0.41682
1403638575.8778295517 3.82341 -5.50632 0.15258 0.34872 0.64351 -0.54175 0.41328
1403638575.9778294563 3.78141 -5.64030 0.17786 0.34809 0.64409 -0.54079 0.41416
1403638576.0778295994 3.74335 -5.77766 0.21045 0.34885 0.64493 -0.53921 0.41427
1403638576.1778295040 3.70883 -5.92028 0.24817 0.34977 0.64361 -0.53863 0.41630
1403638576.2778294086 3.67763 -6.06693 0.28294 0.35365 0.64412 -0.53605 0.41556
1403638576.3778295517 3.64963 -6.21839 0.31148 0.35817 0.64577 -0.53302 0.41301
1403638576.4778294563 3.62685 -6.37272 0.33403 0.36190 0.64842 -0.53049 0.40885
1403638576.5778295994 3.60974 -6.53198 0.35082 0.36645 0.65250 -0.52753 0.40208
1403638576.6778295040 3.60005 -6.69545 0.36313 0.36956 0.65410 -0.52530 0.39956
1403638576.7778294086 3.59904 -6.86159 0.37120 0.37442 0.65175 -0.52165 0.40362
1403638576.8778295517 3.60518 -7.02807 0.37422 0.37708 0.64683 -0.51981 0.41136
1403638576.9778294563 3.61921 -7.19230 0.37214 0.37514 0.64043 -0.52154 0.42085
1403638577.0778295994 3.63951 -7.35238 0.36912 0.37093 0.63650 -0.52491 0.42632
1403638577.1778295040 3.66336 -7.51073 0.37354 0.36818 0.63373 -0.52701 0.43023
1403638577.2778294086 3.68965 -7.66748 0.38421 0.36856 0.63423 -0.52681 0.42941
1403638577.3778295517 3.71834 -7.82439 0.40407 0.37516 0.63855 -0.52199 0.42313
1403638577.4778294563 3.75105 -7.97900 0.42955 0.37937 0.64102 -0.51885 0.41950
1403638577.5778295994 3.78920 -8.13166 0.45137 0.37641 0.64086 -0.52065 0.42017
1403638577.6778295040 3.83188 -8.28109 0.46715 0.37290 0.63962 -0.52302 0.42223
1403638577.7778294086 3.87846 -8.42777 0.47511 0.36995 0.63901 -0.52474 0.42361
1403638577.8778295517 3.92916 -8.57569 0.47834 0.36948 0.63920 -0.52460 0.42391
1403638577.9778294563 3.98333 -8.71664 0.47827 0.37038 0.63972 -0.52324 0.42403
1403638578.0778295994 4.04223 -8.86354 0.48536 0.36940 0.63902 -0.52306 0.42615
1403638578.1778295040 4.10438 -9.00115 0.49798 0.36486 0.63575 -0.52566 0.43172
1403638578.2778294086 4.16779 -9.13990 0.51655 0.35647 0.63071 -0.53122 0.43925
1403638578.3778295517 4.22968 -9.27854 0.53480 0.35456 0.62826 -0.53282 0.44235
1403638578.4778294563 4.28918 -9.41577 0.54671 0.35486 0.62794 -0.53298 0.44237
1403638578.5778295994 4.34687 -9.55050 0.55416 0.35482 0.62761 -0.53342 0.44235
1403638578.6778295040 4.40305 -9.68889 0.55718 0.35724 0.62753 -0.53223 0.44194
1403638578.7778294086 4.45660 -9.81865 0.55818 0.36256 0.63023 -0.52880 0.43788
1403638578.8778295517 4.51289 -9.95320 0.55448 0.36768 0.63313 -0.52518 0.43376
1403638578.9778294563 4.56924 -10.07550 0.55135 0.37043 0.63454 -0.52295 0.43204
1403638579.0778295994 4.62838 -10.20692 0.55560 0.37092 0.63532 -0.52179 0.43188
1403638579.1778295040 4.68805 -10.32804 0.56833 0.37142 0.63562 -0.52087 0.43212
1403638579.2778294086 4.75270 -10.45402 0.58680 0.36914 0.63466 -0.52186 0.43429
1403638579.3778295517 4.81786 -10.56957 0.60511 0.36367 0.63125 -0.52558 0.43935
1403638579.4778294563 4.88509 -10.69244 0.62173 0.35786 0.62694 -0.52955 0.44548
1403638579.5778295994 4.94848 -10.80299 0.63023 0.35685 0.62400 -0.52718 0.45317
1403638579.6778295040 5.01227 -10.91429 0.63413 0.35945 0.62456 -0.51517 0.46402
1403638579.7778294086 5.07370 -11.02130 0.63301 0.35838 0.63513 -0.49631 0.47100
1403638579.8778295517 5.13466 -11.12222 0.62506 0.34821 0.65517 -0.47532 0.47283
1403638579.9778294563 5.19580 -11.21924 0.61256 0.33128 0.67517 -0.45067 0.48092
1403638580.0778295994 5.25669 -11.31033 0.59793 0.31693 0.68966 -0.41673 0.50026
1403638580.1778295040 5.31954 -11.39280 0.58025 0.29728 0.70401 -0.38009 0.52108
1403638580.2778294086 5.37994 -11.46483 0.55811 0.27081 0.72121 -0.34562 0.53579
1403638580.3778295517 5.43655 -11.52847 0.53021 0.24075 0.73734 -0.31956 0.54429
1403638580.4778294563 5.48651 -11.58710 0.49806 0.21456 0.74905 -0.30308 0.54867
1403638580.5778295994 5.53169 -11.64428 0.46465 0.19711 0.75626 -0.29004 0.55235
1403638580.6778295040 5.57371 -11.69839 0.43142 0.18187 0.76642 -0.27548 0.55103
1403638580.7778294086 5.61166 -11.75136 0.40494 0.17195 0.77653 -0.26065 0.54727
1403638580.8778295517 5.64606 -11.80366 0.38698 0.16719 0.78337 -0.24971 0.54408
1403638580.9778294563 5.68109 -11.85611 0.37956 0.16116 0.78465 -0.24629 0.54561
1403638581.0778295994 5.71451 -11.90711 0.38072 0.15967 0.78563 -0.24446 0.54546
1403638581.1778295040 5.74724 -11.95716 0.38893 0.16199 0.78539 -0.24315 0.54571
1403638581.2778294086 5.77958 -12.00450 0.39750 0.16596 0.78520 -0.24314 0.54479
1403638581.3778295517 5.81603 -12.05146 0.40973 0.16938 0.78383 -0.24429 0.54520
1403638581.4778294563 5.84596 -12.09378 0.42133 0.17222 0.78140 -0.24592 0.54707
1403638581.5778295994 5.87995 -12.13568 0.44397 0.17533 0.78070 -0.24797 0.54615
1403638581.6778295040 5.91103 -12.17330 0.46077 0.18065 0.77617 -0.24792 0.55087
1403638581.7778294086 5.94383 -12.21149 0.47802 0.18239 0.77281 -0.24938 0.55436
1403638581.8778295517 5.97336 -12.24212 0.49198 0.18518 0.76989 -0.24947 0.55745
1403638581.9778294563 6.00579 -12.27004 0.49167 0.18921 0.76211 -0.24820 0.56727
1403638582.0778295994 6.03383 -12.28888 0.50193 0.18849 0.76407 -0.24998 0.56408
1403638582.1778295040 6.05757 -12.30283 0.51871 0.18459 0.77174 -0.25328 0.55335
1403638582.2778294086 6.08016 -12.31818 0.53960 0.18485 0.77465 -0.25357 0.54904
1403638582.3778295517 6.10367 -12.32880 0.57945 0.18738 0.77200 -0.25100 0.55308
1403638582.4778294563 6.12546 -12.33911 0.61994 0.18953 0.77111 -0.24926 0.55438
1403638582.5778295994 6.14580 -12.34541 0.67206 0.19060 0.77102 -0.24804 0.55468
1403638582.6778295040 6.16561 -12.34751 0.73609 0.19027 0.77284 -0.24777 0.55238
1403638582.7778294086 6.18659 -12.34613 0.80334 0.18840 0.77492 -0.24957 0.54930
1403638582.8778295517 6.20660 -12.34007 0.87303 0.18862 0.77679 -0.25023 0.54626
1403638582.9778294563 6.22680 -12.33153 0.93608 0.18746 0.77934 -0.25182 0.54229
1403638583.0778295994 6.24501 -12.31885 0.99141 0.18644 0.78210 -0.25360 0.53782
1403638583.1778295040 6.26374 -12.30440 1.03909 0.18610 0.78398 -0.25440 0.53482
1403638583.2778294086 6.28514 -12.28774 1.08066 0.18476 0.78487 -0.25596 0.53323
1403638583.3778295517 6.30229 -12.27730 1.11187 0.18485 0.78484 -0.25537 0.53352
1403638583.4778294563 6.32388 -12.26008 1.14749 0.18495 0.78611 -0.25532 0.53163
1403638583.5778295994 6.34783 -12.23999 1.18815 0.18510 0.78644 -0.25515 0.53117
1403638583.6778295040 6.37219 -12.21835 1.23621 0.18675 0.78711 -0.25383 0.53024
1403638583.7778294086 6.39733 -12.19497 1.28477 0.18645 0.78710 -0.25369 0.53043
1403638583.8778295517 6.41268 -12.17304 1.31556 0.18618 0.78539 -0.25428 0.53276
1403638583.9778294563 6.43954 -12.14524 1.35252 0.18647 0.78576 -0.25379 0.53236
1403638584.0778295994 6.46858 -12.11933 1.38286 0.18931 0.78263 -0.25148 0.53704
1403638584.1778295040 6.49516 -12.08064 1.40047 0.19377 0.77353 -0.24845 0.54989
1403638584.2778294086 6.52939 -12.04144 1.42375 0.19643 0.76505 -0.24629 0.56166
1403638584.3778295517 6.55206 -11.99549 1.42986 0.19801 0.76204 -0.24527 0.56562
1403638584.4778294563 6.57541 -11.94233 1.43175 0.19904 0.76177 -0.24501 0.56575
1403638584.5778295994 6.59170 -11.88958 1.44133 0.19851 0.76232 -0.24509 0.56515
1403638584.6778295040 6.60575 -11.82779 1.45733 0.19626 0.76436 -0.24621 0.56269
1403638584.7778294086 6.61863 -11.75196 1.46843 0.19279 0.77069 -0.24883 0.55403
1403638584.8778295517 6.62677 -11.67933 1.49475 0.18634 0.77836 -0.25328 0.54340
1403638584.9778294563 6.62016 -11.59873 1.49723 0.18412 0.78126 -0.25542 0.53897
1403638585.0778295994 6.60880 -11.51998 1.48993 0.18319 0.78165 -0.25632 0.53830
1403638585.1778295040 6.60939 -11.44833 1.49851 0.18035 0.78166 -0.25753 0.53867
1403638585.2778294086 6.59936 -11.37080 1.47122 0.18118 0.77910 -0.25671 0.54248
1403638585.3778295517 6.59982 -11.29791 1.47025 0.18121 0.77743 -0.25567 0.54534
1403638585.4778294563 6.59720 -11.22138 1.44145 0.18210 0.77693 -0.25608 0.54557
1403638585.5778295994 6.60013 -11.14633 1.44163 0.18121 0.77885 -0.25582 0.54324
1403638585.6778295040 6.60750 -11.06488 1.43051 0.18241 0.78037 -0.25598 0.54058
1403638585.7778294086 6.61162 -10.98773 1.44517 0.17917 0.78525 -0.25812 0.53354
1403638585.8778295517 6.61661 -10.90617 1.45765 0.17676 0.78839 -0.26034 0.52861
1403638585.9778294563 6.62792 -10.82548 1.48385 0.17537 0.78785 -0.26265 0.52873
1403638586.0778295994 6.63843 -10.74851 1.51423 0.17773 0.78365 -0.26180 0.53457
1403638586.1778295040 6.65582 -10.67601 1.54140 0.17974 0.78094 -0.26134 0.53808
1403638586.2778294086 6.66496 -10.59519 1.56040 0.18221 0.77806 -0.26030 0.54191
1403638586.3778295517 6.68101 -10.52281 1.57643 0.18811 0.77509 -0.25659 0.54590
1403638586.4778294563 6.68775 -10.43732 1.58608 0.19645 0.77315 -0.25184 0.54792
1403638586.5778295994 6.70105 -10.36172 1.59238 0.19863 0.77262 -0.25054 0.54848
1403638586.6778295040 6.70975 -10.27077 1.58994 0.19599 0.77307 -0.25286 0.54773
1403638586.7778294086 6.72435 -10.18993 1.58343 0.19188 0.77285 -0.25546 0.54829
1403638586.8778295517 6.73274 -10.09886 1.57020 0.18997 0.77149 -0.25654 0.55037
1403638586.9778294563 6.74364 -10.01270 1.55384 0.19006 0.77135 -0.25622 0.55069
1403638587.0778295994 6.74989 -9.91858 1.53320 0.18940 0.77101 -0.25683 0.55110
1403638587.1778295040 6.75892 -9.82883 1.51949 0.18885 0.77236 -0.25663 0.54949
1403638587.2778294086 6.76707 -9.73269 1.51246 0.18840 0.77397 -0.25693 0.54722
1403638587.3778295517 6.77413 -9.63863 1.51415 0.18771 0.77568 -0.25729 0.54487
1403638587.4778294563 6.78366 -9.53951 1.51775 0.18621 0.77558 -0.25935 0.54455
1403638587.5778295994 6.79067 -9.44443 1.51934 0.18544 0.77563 -0.26029 0.54430
1403638587.6778295040 6.80179 -9.34875 1.51346 0.18553 0.77524 -0.26082 0.54457
1403638587.7778294086 6.81009 -9.25417 1.50360 0.18560 0.77493 -0.26127 0.54478
1403638587.8778295517 6.82257 -9.15550 1.49188 0.18508 0.77454 -0.26251 0.54491
1403638587.9778294563 6.83170 -9.05893 1.47499 0.18498 0.77426 -0.26301 0.54510
1403638588.0778295994 6.84070 -8.96420 1.45657 0.18606 0.77412 -0.26198 0.54543
1403638588.1778295040 6.84686 -8.87194 1.43131 0.19262 0.77521 -0.25748 0.54374
1403638588.2778294086 6.85260 -8.77363 1.41044 0.19541 0.77629 -0.25496 0.54238
1403638588.3778295517 6.86171 -8.67549 1.39228 0.19631 0.77680 -0.25419 0.54169
1403638588.4778294563 6.86982 -8.57393 1.38601 0.19442 0.77695 -0.25519 0.54169
1403638588.5778295994 6.87876 -8.47172 1.38384 0.19220 0.77620 -0.25679 0.54279
1403638588.6778295040 6.88246 -8.36512 1.39282 0.18986 0.77540 -0.25801 0.54419
1403638588.7778294086 6.89067 -8.25759 1.40450 0.18848 0.77394 -0.25927 0.54615
1403638588.8778295517 6.89262 -8.15095 1.41459 0.18597 0.77319 -0.26164 0.54694
1403638588.9778294563 6.89767 -8.04461 1.41470 0.18633 0.77303 -0.26201 0.54686
1403638589.0778295994 6.89836 -7.93945 1.41047 0.18660 0.77332 -0.26215 0.54629
1403638589.1778295040 6.90331 -7.83321 1.39814 0.18827 0.77320 -0.26133 0.54628
1403638589.2778294086 6.90396 -7.73017 1.38528 0.18790 0.77237 -0.26149 0.54751
1403638589.3778295517 6.90605 -7.62256 1.36732 0.18829 0.77230 -0.26113 0.54765
1403638589.4778294563 6.90413 -7.51654 1.35710 0.18769 0.77322 -0.26170 0.54628
1403638589.5778295994 6.90311 -7.40896 1.34826 0.18721 0.77300 -0.26201 0.54660
1403638589.6778295040 6.89940 -7.30540 1.35214 0.18650 0.77361 -0.26190 0.54603
1403638589.7778294086 6.89795 -7.19798 1.35938 0.18699 0.77509 -0.26226 0.54359
1403638589.8778295517 6.89048 -7.09373 1.37145 0.18669 0.77580 -0.26296 0.54234
1403638589.9778294563 6.88789 -6.98872 1.37102 0.18698 0.77574 -0.26357 0.54203
1403638590.0778295994 6.87704 -6.88552 1.36837 0.18642 0.77563 -0.26432 0.54202
1403638590.1778295040 6.87348 -6.77996 1.35848 0.18727 0.77457 -0.26460 0.54311
1403638590.2778294086 6.86585 -6.68076 1.34789 0.18697 0.77384 -0.26506 0.54402
1403638590.3778295517 6.86216 -6.57618 1.32942 0.18737 0.77413 -0.26554 0.54323
1403638590.4778294563 6.85341 -6.47906 1.31262 0.18742 0.77478 -0.26600 0.54207
1403638590.5778295994 6.84707 -6.37772 1.29354 0.18646 0.77570 -0.26677 0.54070
1403638590.6778295040 6.83594 -6.28311 1.28535 0.18445 0.77743 -0.26764 0.53847
1403638590.7778294086 6.83297 -6.18295 1.28320 0.18401 0.77833 -0.26818 0.53705
1403638590.8778295517 6.82165 -6.09193 1.28967 0.18395 0.77906 -0.26815 0.53602
1403638590.9778294563 6.81914 -5.99690 1.30153 0.18294 0.77969 -0.26907 0.53500
1403638591.0778295994 6.80430 -5.90490 1.31829 0.18112 0.78040 -0.27042 0.53390
1403638591.1778295040 6.80343 -5.81152 1.32898 0.18024 0.78461 -0.27176 0.52730
1403638591.2778294086 6.79341 -5.72458 1.33214 0.17731 0.79016 -0.27412 0.51871
1403638591.3778295517 6.78984 -5.64145 1.32956 0.17382 0.79416 -0.27677 0.51234
1403638591.4778294563 6.79348 -5.56066 1.32079 0.17110 0.79663 -0.27894 0.50823
1403638591.5778295994 6.80368 -5.48582 1.30687 0.16845 0.79915 -0.28131 0.50384
1403638591.6778295040 6.82110 -5.42010 1.28847 0.16753 0.79918 -0.28243 0.50347
1403638591.7778294086 6.84683 -5.36526 1.26998 0.16976 0.79713 -0.28152 0.50647
1403638591.8778295517 6.88142 -5.32663 1.25559 0.17106 0.79483 -0.28074 0.51006
1403638591.9778294563 6.92087 -5.29652 1.24897 0.17214 0.79219 -0.27998 0.51421
1403638592.0778295994 6.96442 -5.27714 1.24907 0.17265 0.78955 -0.27900 0.51861
1403638592.1778295040 7.01341 -5.25103 1.26032 0.17121 0.78666 -0.27730 0.52436
1403638592.2778294086 7.06244 -5.24044 1.28241 0.16621 0.78127 -0.27197 0.53668
1403638592.3778295517 7.11123 -5.23144 1.31365 0.15725 0.77878 -0.26305 0.54733
1403638592.4778294563 7.15794 -5.22338 1.35281 0.14549 0.78154 -0.24932 0.55305
1403638592.5778295994 7.20051 -5.22017 1.39890 0.13748 0.78921 -0.23524 0.55037
1403638592.6778295040 7.23917 -5.22240 1.45097 0.13059 0.79679 -0.22410 0.54576
1403638592.7778294086 7.27575 -5.22917 1.50160 0.12496 0.80403 -0.21651 0.53949
1403638592.8778295517 7.31085 -5.24053 1.54580 0.12034 0.80912 -0.21152 0.53488
1403638592.9778294563 7.34832 -5.25292 1.58359 0.11915 0.81158 -0.20775 0.53289
1403638593.0778295994 7.39484 -5.26624 1.61548 0.11832 0.81225 -0.20655 0.53253
1403638593.1778295040 7.43996 -5.28622 1.64894 0.11816 0.81049 -0.20555 0.53562
1403638593.2778294086 7.49510 -5.30862 1.68732 0.12500 0.80732 -0.20186 0.54024
1403638593.3778295517 7.54610 -5.33645 1.73147 0.13357 0.80395 -0.19656 0.54514
1403638593.4778294563 7.59870 -5.36305 1.77328 0.14153 0.79937 -0.19250 0.55129
1403638593.5778295994 7.65252 -5.38757 1.80783 0.14584 0.79639 -0.19096 0.55501
1403638593.6778295040 7.70722 -5.40926 1.83536 0.14828 0.79514 -0.19026 0.55639
1403638593.7778294086 7.76245 -5.42704 1.85762 0.14943 0.79175 -0.19034 0.56086
1403638593.8778295517 7.81791 -5.43850 1.88057 0.14535 0.78128 -0.19029 0.57642
1403638593.9778294563 7.86658 -5.44695 1.90786 0.13850 0.77795 -0.18680 0.58372
1403638594.0778295994 7.90830 -5.45112 1.93817 0.12995 0.78332 -0.18455 0.57920
1403638594.1778295040 7.94298 -5.45294 1.97254 0.12747 0.78929 -0.17977 0.57311
1403638594.2778294086 7.97256 -5.45280 2.00422 0.12766 0.79151 -0.17474 0.57156
1403638594.3778295517 8.00032 -5.44812 2.03260 0.13009 0.79038 -0.16983 0.57405
1403638594.4778294563 8.02327 -5.44103 2.06624 0.13352 0.78898 -0.16429 0.57680
1403638594.5778295994 8.04337 -5.42764 2.10356 0.12790 0.78882 -0.16620 0.57773
1403638594.6778295040 8.05803 -5.41236 2.14969 0.12201 0.78913 -0.16920 0.57772
1403638594.7778294086 8.06999 -5.39501 2.18821 0.11971 0.78942 -0.17103 0.57726
1403638594.8778295517 8.07907 -5.37616 2.22512 0.11808 0.78941 -0.17258 0.57716
1403638594.9778294563 8.08505 -5.35618 2.25011 0.11887 0.79084 -0.17305 0.57488
1403638595.0778295994 8.08892 -5.33536 2.26987 0.11732 0.79171 -0.17486 0.57345
1403638595.1778295040 8.09168 -5.31391 2.28358 0.11699 0.79192 -0.17610 0.57285
1403638595.2778294086 8.09408 -5.29185 2.29155 0.11744 0.79213 -0.17644 0.57237
1403638595.3778295517 8.09834 -5.26599 2.30347 0.11737 0.79228 -0.17719 0.57195
1403638595.4778294563 8.09494 -5.24446 2.29919 0.11722 0.79236 -0.17737 0.57181
1403638595.5778295994 8.09394 -5.22160 2.29560 0.11726 0.79314 -0.17707 0.57081
1403638595.6778295040 8.09315 -5.19864 2.29911 0.11954 0.79338 -0.17534 0.57054
1403638595.7778294086 8.09103 -5.17469 2.30725 0.12369 0.79443 -0.17231 0.56911
1403638595.8778295517 8.09080 -5.14839 2.31267 0.12507 0.79493 -0.17161 0.56832
1403638595.9778294563 8.09145 -5.12048 2.30428 0.12760 0.79480 -0.17028 0.56835
1403638596.0778295994 8.11056 -5.08279 2.30414 0.13603 0.79690 -0.16558 0.56483
1403638596.1778295040 8.10849 -5.05040 2.28154 0.14708 0.79831 -0.15777 0.56230
1403638596.2778294086 8.10572 -5.01077 2.26568 0.15836 0.80005 -0.14939 0.55904
1403638596.3778295517 8.11173 -4.95772 2.27147 0.16772 0.80080 -0.14191 0.55718
1403638596.4778294563 8.11368 -4.89748 2.27358 0.17318 0.80041 -0.13707 0.55728
1403638596.5778295994 8.12554 -4.82316 2.29428 0.17996 0.80155 -0.13166 0.55480
1403638596.6778295040 8.13585 -4.73599 2.31189 0.18734 0.80165 -0.12570 0.55358
1403638596.7778294086 8.15138 -4.63211 2.33725 0.19104 0.80154 -0.12234 0.55324
1403638596.8778295517 8.17718 -4.51137 2.37746 0.19456 0.80108 -0.11917 0.55337
1403638596.9778294563 8.19942 -4.37576 2.41034 0.19607 0.79948 -0.11811 0.55537
1403638597.0778295994 8.23190 -4.22486 2.44343 0.19890 0.79862 -0.11679 0.55588
1403638597.1778295040 8.26698 -4.06039 2.46960 0.20093 0.79687 -0.11625 0.55777
1403638597.2778294086 8.30432 -3.88031 2.48913 0.19833 0.79399 -0.11928 0.56215
1403638597.3778295517 8.34528 -3.68417 2.50320 0.19363 0.79215 -0.12383 0.56539
1403638597.4778294563 8.38872 -3.47438 2.51439 0.18477 0.78879 -0.13075 0.57147
1403638597.5778295994 8.42770 -3.25471 2.51811 0.17160 0.78380 -0.14045 0.58007
1403638597.6778295040 8.46371 -3.02601 2.51702 0.16681 0.78136 -0.14449 0.58375
1403638597.7778294086 8.49656 -2.78925 2.51107 0.17050 0.78321 -0.13924 0.58148
1403638597.8778295517 8.52862 -2.54364 2.50201 0.17478 0.78626 -0.12723 0.57884
1403638597.9778294563 8.55980 -2.28779 2.49128 0.17585 0.78834 -0.11740 0.57777
1403638598.0778295994 8.59319 -2.02005 2.48576 0.16923 0.78859 -0.11434 0.58001
1403638598.1778295040 8.62367 -1.74010 2.48732 0.14728 0.79008 -0.12299 0.58220
1403638598.2778294086 8.65359 -1.45326 2.49352 0.13005 0.79222 -0.13094 0.58166
1403638598.3778295517 8.68234 -1.16552 2.49775 0.11915 0.79427 -0.13557 0.58014
1403638598.4778294563 8.70999 -0.87868 2.49725 0.11481 0.79707 -0.13714 0.57679
1403638598.5778295994 8.73807 -0.59245 2.49039 0.11016 0.79970 -0.13486 0.57460
1403638598.6778295040 8.76640 -0.30749 2.47769 0.10648 0.80244 -0.12660 0.57335
1403638598.7778294086 8.79370 -0.02570 2.46580 0.09854 0.80507 -0.11625 0.57328
1403638598.8778295517 8.81701 0.25428 2.45920 0.08963 0.80662 -0.10187 0.57528
1403638598.9778294563 8.83633 0.53138 2.45538 0.07980 0.80943 -0.08594 0.57539
1403638599.0778295994 8.85387 0.80712 2.45730 0.06780 0.81112 -0.06942 0.57678
1403638599.1778295040 8.86798 1.08169 2.46633 0.05579 0.81276 -0.05219 0.57757
1403638599.2778294086 8.87969 1.35422 2.48039 0.04495 0.81505 -0.03332 0.57669
1403638599.3778295517 8.88911 1.62534 2.50178 0.03243 0.81855 -0.01613 0.57329
1403638599.4778294563 8.89954 1.89497 2.52749 0.02348 0.82104 -0.00335 0.57037
1403638599.5778295994 8.90996 2.16275 2.55064 0.01815 0.82358 0.00476 0.56688
1403638599.6778295040 8.91700 2.42837 2.56457 0.01405 0.82518 0.00956 0.56462
1403638599.7778294086 8.92344 2.69184 2.56941 0.01251 0.82536 0.01102 0.56436
1403638599.8778295517 8.93154 2.95299 2.56710 0.01056 0.82668 0.00919 0.56250
1403638599.9778294563 8.94243 3.21297 2.56075 0.00669 0.82682 0.00403 0.56241
1403638600.0778295994 8.95746 3.47028 2.55091 0.00006 0.82800 -0.00346 0.56072
1403638600.1778295040 8.97663 3.72287 2.53670 -0.01223 0.82965 -0.01525 0.55794
1403638600.2778294086 8.99660 3.96791 2.51691 -0.02223 0.83173 -0.02548 0.55416
1403638600.3778295517 9.02061 4.20148 2.49597 -0.03001 0.83307 -0.03398 0.55130
1403638600.4778294563 9.04901 4.42018 2.48066 -0.03629 0.83406 -0.04034 0.54899
1403638600.5778295994 9.08238 4.62439 2.47560 -0.03446 0.83480 -0.04101 0.54794
1403638600.6778295040 9.12003 4.81687 2.47835 -0.03696 0.83627 -0.04411 0.54529
1403638600.7778294086 9.16318 4.99837 2.48808 -0.03654 0.83998 -0.04419 0.53958
1403638600.8778295517 9.21411 5.16965 2.50250 -0.02540 0.84385 -0.03594 0.53477
1403638600.9778294563 9.27108 5.32526 2.51484 -0.00848 0.84604 -0.02261 0.53257
1403638601.0778295994 9.33328 5.47214 2.52045 0.00082 0.84637 -0.01440 0.53240
1403638601.1778295040 9.40521 5.61720 2.52169 0.00908 0.84499 -0.00812 0.53464
1403638601.2778294086 9.48426 5.75908 2.52033 0.01875 0.83881 -0.00035 0.54410
1403638601.3778295517 9.56754 5.89813 2.51716 0.01610 0.83377 0.00386 0.55186
1403638601.4778294563 9.65478 6.04141 2.51830 0.00305 0.82935 0.00879 0.55865
1403638601.5778295994 9.74368 6.18505 2.52657 -0.00771 0.82457 0.02335 0.56523
1403638601.6778295040 9.83381 6.32823 2.53973 -0.01875 0.82195 0.04363 0.56757
1403638601.7778294086 9.92266 6.47080 2.55951 -0.03136 0.81905 0.06930 0.56866
1403638601.8778295517 10.01023 6.61349 2.58663 -0.04530 0.81421 0.09815 0.57042
1403638601.9778294563 10.09430 6.75846 2.61480 -0.06007 0.81115 0.12160 0.56889
1403638602.0778295994 10.17594 6.90464 2.63732 -0.07148 0.80956 0.13861 0.56595
1403638602.1778295040 10.25265 7.04954 2.65344 -0.07782 0.80479 0.15466 0.56776
1403638602.2778294086 10.32471 7.19642 2.66364 -0.08590 0.79764 0.17248 0.57153
1403638602.3778295517 10.39199 7.34848 2.67410 -0.10878 0.78643 0.18524 0.57912
1403638602.4778294563 10.45130 7.50144 2.69452 -0.14374 0.76422 0.19211 0.59866
1403638602.5778295994 10.49861 7.64616 2.72226 -0.17956 0.74227 0.19730 0.61471
1403638602.6778295040 10.53156 7.77701 2.75488 -0.20034 0.73172 0.21110 0.61635
1403638602.7778294086 10.54690 7.88925 2.79246 -0.21156 0.72708 0.23125 0.61083
1403638602.8778295517 10.54048 7.98148 2.83271 -0.22292 0.72317 0.25133 0.60346
1403638602.9778294563 10.51812 8.05848 2.87492 -0.24307 0.72257 0.26732 0.58937
1403638603.0778295994 10.48788 8.12074 2.91475 -0.26232 0.71705 0.28226 0.58083
1403638603.1778295040 10.45425 8.17225 2.94813 -0.27464 0.70940 0.29672 0.57730
1403638603.2778294086 10.41382 8.21229 2.96959 -0.27278 0.71670 0.31389 0.55983
1403638603.3778295517 10.36671 8.23705 2.98222 -0.26644 0.72950 0.32784 0.53792
1403638603.4778294563 10.31674 8.25708 2.98994 -0.26321 0.73774 0.33473 0.52385
1403638603.5778295994 10.26907 8.27418 2.99653 -0.26473 0.73547 0.33914 0.52343
1403638603.6778295040 10.21981 8.29634 3.00087 -0.26606 0.72804 0.34109 0.53182
1403638603.7778294086 10.17201 8.30794 2.99446 -0.25954 0.71941 0.34721 0.54271
1403638603.8778295517 10.11618 8.32739 2.98802 -0.25122 0.71282 0.35134 0.55257
1403638603.9778294563 10.05227 8.34494 2.97655 -0.24464 0.70691 0.35346 0.56169
1403638604.0778295994 9.98227 8.34767 2.95405 -0.23844 0.70351 0.35622 0.56686
1403638604.1778295040 9.90056 8.35271 2.94272 -0.23673 0.70343 0.35716 0.56709
1403638604.2778294086 9.80756 8.34868 2.93108 -0.24297 0.70746 0.35304 0.56199
1403638604.3778295517 9.70405 8.33990 2.93095 -0.24841 0.71518 0.34996 0.55166
1403638604.4778294563 9.59387 8.32709 2.93524 -0.24641 0.72317 0.35135 0.54116
1403638604.5778295994 9.48061 8.31274 2.94450 -0.24455 0.72794 0.35225 0.53499
1403638604.6778295040 9.36425 8.29694 2.94905 -0.24706 0.73137 0.35037 0.53039
1403638604.7778294086 9.24667 8.27866 2.95014 -0.25073 0.73337 0.34789 0.52752
1403638604.8778295517 9.13021 8.25488 2.95127 -0.25186 0.73649 0.34752 0.52286
1403638604.9778294563 9.01543 8.22730 2.95615 -0.24985 0.74227 0.34974 0.51409
1403638605.0778295994 8.90287 8.20044 2.96716 -0.24760 0.74874 0.35162 0.50443
1403638605.1778295040 8.79498 8.17493 2.98666 -0.24534 0.75264 0.35378 0.49818
1403638605.2778294086 8.69442 8.15547 3.00904 -0.24169 0.75359 0.35679 0.49637
1403638605.3778295517 8.59933 8.14060 3.02733 -0.23556 0.74896 0.36160 0.50281
1403638605.4778294563 8.50566 8.13179 3.04071 -0.22839 0.73904 0.36739 0.51641
1403638605.5778295994 8.41335 8.12472 3.04884 -0.22294 0.73064 0.37211 0.52726
1403638605.6778295040 8.31766 8.12135 3.05251 -0.21864 0.72474 0.37606 0.53436
1403638605.7778294086 8.21459 8.12256 3.05912 -0.21739 0.72370 0.37735 0.53536
1403638605.8778295517 8.10447 8.13032 3.07539 -0.21475 0.72366 0.37923 0.53515
1403638605.9778294563 7.98970 8.14351 3.09763 -0.21083 0.72286 0.38166 0.53606
1403638606.0778295994 7.86657 8.16458 3.11837 -0.20824 0.72301 0.38255 0.53623
1403638606.1778295040 7.73573 8.18666 3.13046 -0.20531 0.72248 0.38444 0.53672
1403638606.2778294086 7.59934 8.21940 3.13765 -0.20334 0.72362 0.38495 0.53558
1403638606.3778295517 7.45414 8.25461 3.13224 -0.20928 0.73183 0.38024 0.52541
1403638606.4778294563 7.30599 8.29717 3.12036 -0.21760 0.74182 0.37370 0.51255
1403638606.5778295994 7.15955 8.34652 3.10215 -0.22477 0.75031 0.36900 0.50036
1403638606.6778295040 7.01759 8.40425 3.07891 -0.23024 0.75360 0.37097 0.49138
1403638606.7778294086 6.88208 8.47041 3.05015 -0.23515 0.75364 0.37987 0.48211
1403638606.8778295517 6.75045 8.54313 3.02043 -0.24372 0.75006 0.39229 0.47342
1403638606.9778294563 6.62471 8.62354 2.99715 -0.25444 0.74292 0.40747 0.46615
1403638607.0778295994 6.50808 8.71138 2.98519 -0.26788 0.73428 0.42181 0.45950
1403638607.1778295040 6.40058 8.80633 2.98159 -0.28413 0.72475 0.42877 0.45844
1403638607.2778294086 6.30111 8.90455 2.97859 -0.29774 0.71147 0.43330 0.46628
1403638607.3778295517 6.20444 9.00399 2.96835 -0.31029 0.70315 0.43359 0.47043
1403638607.4778294563 6.11126 9.10366 2.94893 -0.31603 0.70021 0.43455 0.47010
1403638607.5778295994 6.02131 9.20043 2.92258 -0.31775 0.69925 0.43596 0.46906
1403638607.6778295040 5.93395 9.29416 2.89282 -0.31915 0.69748 0.43605 0.47067
1403638607.7778294086 5.85290 9.38580 2.85929 -0.31750 0.69602 0.43650 0.47351
1403638607.8778295517 5.77450 9.47481 2.82137 -0.31862 0.69824 0.43427 0.47154
1403638607.9778294563 5.70369 9.56070 2.77944 -0.32091 0.70269 0.43077 0.46656
1403638608.0778295994 5.63755 9.64505 2.73246 -0.32167 0.70154 0.42812 0.47020
1403638608.1778295040 5.57912 9.72369 2.68015 -0.31831 0.69830 0.42888 0.47657
1403638608.2778294086 5.52456 9.79923 2.62530 -0.31726 0.69364 0.42851 0.48435
1403638608.3778295517 5.47596 9.86478 2.56289 -0.31845 0.68732 0.42774 0.49317
1403638608.4778294563 5.42379 9.93159 2.49788 -0.31884 0.68708 0.42755 0.49342
1403638608.5778295994 5.37590 9.98762 2.42460 -0.31765 0.68798 0.42866 0.49197
1403638608.6778295040 5.32039 10.04700 2.35751 -0.32297 0.68513 0.42496 0.49567
1403638608.7778294086 5.26895 10.09606 2.29317 -0.32357 0.68524 0.42473 0.49533
1403638608.8778295517 5.21747 10.13919 2.23382 -0.32256 0.68846 0.42620 0.49023
1403638608.9778294563 5.16378 10.17850 2.18373 -0.32163 0.69249 0.42708 0.48437
1403638609.0778295994 5.11134 10.21423 2.13875 -0.32107 0.69524 0.42749 0.48043
1403638609.1778295040 5.05764 10.24815 2.09954 -0.32267 0.69578 0.42578 0.48008
1403638609.2778294086 5.00281 10.27859 2.05994 -0.33012 0.69601 0.41965 0.48008
1403638609.3778295517 4.96144 10.30144 2.01405 -0.32921 0.69611 0.42020 0.48009
1403638609.4778294563 4.91125 10.32605 1.95839 -0.32499 0.69632 0.42180 0.48126
1403638609.5778295994 4.87508 10.34013 1.89889 -0.32169 0.69614 0.42381 0.48196
1403638609.6778295040 4.83165 10.36125 1.83071 -0.31908 0.69553 0.42454 0.48393
1403638609.7778294086 4.80055 10.36972 1.76582 -0.31802 0.69548 0.42529 0.48404
1403638609.8778295517 4.76773 10.38389 1.70533 -0.31825 0.69596 0.42445 0.48394
1403638609.9778294563 4.73880 10.38707 1.65451 -0.31926 0.69539 0.42347 0.48495
1403638610.0778295994 4.70758 10.39479 1.61153 -0.32215 0.69348 0.42023 0.48858
1403638610.1778295040 4.68234 10.39392 1.57350 -0.32320 0.69040 0.41915 0.49316
1403638610.2778294086 4.65920 10.38813 1.53113 -0.32560 0.68905 0.41717 0.49513
1403638610.3778295517 4.63553 10.37776 1.48190 -0.32636 0.68882 0.41627 0.49572
1403638610.4778294563 4.60753 10.36535 1.42738 -0.32604 0.68766 0.41500 0.49859
1403638610.5778295994 4.58575 10.34527 1.37097 -0.32874 0.68252 0.41281 0.50566
1403638610.6778295040 4.56439 10.31743 1.31454 -0.33308 0.67755 0.40973 0.51196
1403638610.7778294086 4.54109 10.27869 1.25975 -0.33085 0.68274 0.41244 0.50428
1403638610.8778295517 4.51443 10.23333 1.21154 -0.32718 0.68895 0.41626 0.49501
1403638610.9778294563 4.49005 10.19176 1.17247 -0.32745 0.68977 0.41629 0.49365
1403638611.0778295994 4.46407 10.14111 1.12978 -0.33027 0.68715 0.41399 0.49735
1403638611.1778295040 4.44633 10.08311 1.08533 -0.33167 0.68613 0.41438 0.49750
1403638611.2778294086 4.42882 10.01844 1.04014 -0.33114 0.68573 0.41551 0.49747
1403638611.3778295517 4.41174 9.94715 1.00053 -0.32481 0.68334 0.42023 0.50095
1403638611.4778294563 4.38411 9.87620 0.96368 -0.31234 0.67947 0.42767 0.50780
1403638611.5778295994 4.36060 9.79719 0.93713 -0.30347 0.67912 0.43307 0.50907
1403638611.6778295040 4.33109 9.72060 0.91567 -0.30167 0.68170 0.43350 0.50631
1403638611.7778294086 4.29876 9.64245 0.89108 -0.30739 0.68758 0.42905 0.49866
1403638611.8778295517 4.26586 9.56089 0.86145 -0.31271 0.69312 0.42471 0.49135
1403638611.9778294563 4.23460 9.48142 0.82791 -0.31556 0.69654 0.42205 0.48697
1403638612.0778295994 4.20520 9.40147 0.79646 -0.31513 0.69860 0.42179 0.48451
1403638612.1778295040 4.17632 9.31791 0.77123 -0.31653 0.69990 0.42028 0.48302
1403638612.2778294086 4.15369 9.23917 0.75701 -0.31695 0.70001 0.41985 0.48297
1403638612.3778295517 4.13083 9.15590 0.74583 -0.31521 0.69956 0.42065 0.48405
1403638612.4778294563 4.11223 9.07237 0.73139 -0.31455 0.69845 0.42002 0.48663
1403638612.5778295994 4.09305 8.98631 0.71067 -0.31181 0.69622 0.42076 0.49093
1403638612.6778295040 4.07418 8.90075 0.68390 -0.30604 0.69434 0.42344 0.49489
1403638612.7778294086 4.05616 8.81552 0.65030 -0.30330 0.69335 0.42350 0.49792
1403638612.8778295517 4.03371 8.72823 0.61742 -0.30359 0.69219 0.42140 0.50113
1403638612.9778294563 4.01196 8.64023 0.58775 -0.30486 0.69271 0.41950 0.50124
1403638613.0778295994 3.98489 8.55406 0.56699 -0.30564 0.69543 0.41837 0.49793
1403638613.1778295040 3.95367 8.46683 0.55324 -0.30521 0.69776 0.41816 0.49509
1403638613.2778294086 3.92117 8.37901 0.54569 -0.30441 0.69803 0.41845 0.49496
1403638613.3778295517 3.88869 8.29142 0.54546 -0.30369 0.69763 0.41902 0.49549
1403638613.4778294563 3.85515 8.20384 0.54364 -0.30423 0.69708 0.41821 0.49662
1403638613.5778295994 3.82242 8.11733 0.53557 -0.30352 0.69819 0.41416 0.49887
1403638613.6778295040 3.78829 8.03057 0.52102 -0.30732 0.69874 0.40766 0.50112
1403638613.7778294086 3.74746 7.94085 0.49884 -0.31096 0.69758 0.39996 0.50667
1403638613.8778295517 3.71446 7.84780 0.46950 -0.30805 0.69961 0.39221 0.51168
1403638613.9778294563 3.66975 7.74788 0.43403 -0.30031 0.70567 0.38194 0.51572
1403638614.0778295994 3.62607 7.64598 0.39604 -0.28827 0.71382 0.36977 0.52022
1403638614.1778295040 3.58099 7.54138 0.35819 -0.27346 0.72413 0.35670 0.52309
1403638614.2778294086 3.53755 7.43248 0.32488 -0.26251 0.73290 0.34333 0.52542
1403638614.3778295517 3.49150 7.32301 0.29616 -0.25389 0.73949 0.33372 0.52662
1403638614.4778294563 3.44481 7.21334 0.27648 -0.25062 0.74412 0.32469 0.52730
1403638614.5778295994 3.39876 7.10149 0.26500 -0.24688 0.74833 0.31624 0.52824
1403638614.6778295040 3.35574 6.99022 0.26044 -0.24406 0.75333 0.30405 0.52961
1403638614.7778294086 3.31269 6.87747 0.26619 -0.24203 0.76288 0.28738 0.52617
1403638614.8778295517 3.27055 6.76175 0.28029 -0.23423 0.77386 0.26963 0.52305
1403638614.9778294563 3.23597 6.64407 0.30138 -0.22124 0.78295 0.25044 0.52471
1403638615.0778295994 3.20991 6.52405 0.32856 -0.20324 0.79019 0.22966 0.53062
1403638615.1778295040 3.19135 6.40427 0.36240 -0.18172 0.79334 0.20795 0.54254
1403638615.2778294086 3.17725 6.28477 0.40157 -0.15648 0.79573 0.18683 0.55446
1403638615.3778295517 3.16434 6.16876 0.43745 -0.13457 0.79921 0.16206 0.56293
1403638615.4778294563 3.15218 6.05423 0.46787 -0.11380 0.80265 0.13592 0.56950
1403638615.5778295994 3.13803 5.93935 0.49075 -0.09646 0.80618 0.11113 0.57308
1403638615.6778295040 3.12214 5.82469 0.50930 -0.08316 0.80852 0.09301 0.57509
1403638615.7778294086 3.10481 5.71241 0.53293 -0.07530 0.80982 0.08021 0.57627
1403638615.8778295517 3.08499 5.60015 0.56362 -0.06992 0.81111 0.06839 0.57666
1403638615.9778294563 3.06637 5.48848 0.59297 -0.06265 0.81292 0.05586 0.57629
1403638616.0778295994 3.04651 5.37529 0.61602 -0.05334 0.81370 0.04334 0.57721
1403638616.1778295040 3.02632 5.26154 0.62663 -0.04337 0.81496 0.02902 0.57717
1403638616.2778294086 3.00540 5.14732 0.61952 -0.03276 0.81589 0.01044 0.57719
1403638616.3778295517 2.98568 5.03101 0.59660 -0.01990 0.81648 -0.00889 0.57696
1403638616.4778294563 2.96588 4.91280 0.56480 -0.01013 0.81694 -0.02661 0.57603
1403638616.5778295994 2.94622 4.79443 0.52998 -0.00146 0.81857 -0.03869 0.57310
1403638616.6778295040 2.92730 4.67469 0.49169 0.00347 0.82318 -0.04783 0.56574
1403638616.7778294086 2.90856 4.55431 0.44948 -0.00026 0.83157 -0.05778 0.55240
1403638616.8778295517 2.89537 4.43258 0.40725 -0.00480 0.83732 -0.06434 0.54290
1403638616.9778294563 2.89014 4.30836 0.37396 0.00005 0.83570 -0.06156 0.54572
1403638617.0778295994 2.89044 4.17992 0.35111 0.00538 0.83219 -0.05632 0.55160
1403638617.1778295040 2.89385 4.04894 0.33816 0.01126 0.82962 -0.04916 0.55605
1403638617.2778294086 2.89926 3.91850 0.33062 0.01324 0.83208 -0.04454 0.55270
1403638617.3778295517 2.90907 3.78967 0.32845 0.01322 0.83614 -0.04178 0.54676
1403638617.4778294563 2.92463 3.66299 0.33378 0.01311 0.83886 -0.03847 0.54282
1403638617.5778295994 2.94595 3.53824 0.34623 0.01308 0.83957 -0.03537 0.54194
1403638617.6778295040 2.97452 3.41554 0.36619 0.01411 0.83821 -0.03106 0.54428
1403638617.7778294086 3.01110 3.29704 0.39520 0.01416 0.83664 -0.02821 0.54684
1403638617.8778295517 3.05108 3.18035 0.42922 0.01502 0.83656 -0.02474 0.54711
1403638617.9778294563 3.09712 3.06883 0.46767 0.01286 0.83549 -0.02416 0.54883
1403638618.0778295994 3.14783 2.96008 0.50174 0.01196 0.83515 -0.02278 0.54942
1403638618.1778295040 3.20315 2.85628 0.52971 0.00942 0.83529 -0.02272 0.54926
1403638618.2778294086 3.26100 2.75348 0.55144 0.00974 0.83531 -0.02110 0.54929
1403638618.3778295517 3.32339 2.65764 0.57006 0.00952 0.83467 -0.02014 0.55030
1403638618.4778294563 3.38870 2.56143 0.58465 0.00915 0.83469 -0.01882 0.55032
1403638618.5778295994 3.45802 2.47220 0.59997 0.01036 0.83391 -0.01803 0.55151
1403638618.6778295040 3.53110 2.38013 0.61109 0.01399 0.83377 -0.02088 0.55154
1403638618.7778294086 3.60822 2.29626 0.62850 0.01659 0.83317 -0.02389 0.55226
1403638618.8778295517 3.68774 2.21487 0.65145 0.01962 0.83142 -0.02737 0.55463
1403638618.9778294563 3.77038 2.13472 0.67594 0.02573 0.82742 -0.03619 0.55983
1403638619.0778295994 3.85372 2.05622 0.69253 0.03777 0.82376 -0.04980 0.56348
1403638619.1778295040 3.93721 1.97994 0.70145 0.05149 0.82019 -0.06856 0.56563
1403638619.2778294086 4.02049 1.90652 0.70150 0.06538 0.81617 -0.09277 0.56656
1403638619.3778295517 4.10299 1.83596 0.69240 0.08157 0.81164 -0.11720 0.56644
1403638619.4778294563 4.18468 1.76906 0.67835 0.09233 0.80726 -0.13818 0.56631
1403638619.5778295994 4.26657 1.70568 0.66269 0.09896 0.80349 -0.15410 0.56645
1403638619.6778295040 4.34748 1.64513 0.64406 0.09534 0.79991 -0.17057 0.56742
1403638619.7778294086 4.42638 1.58485 0.62376 0.09193 0.79734 -0.18225 0.56796
1403638619.8778295517 4.50214 1.52164 0.60287 0.09194 0.79523 -0.18871 0.56880
1403638619.9778294563 4.57217 1.45574 0.57649 0.09329 0.79425 -0.19231 0.56876
1403638620.0778295994 4.63881 1.38638 0.55634 0.09571 0.79177 -0.19404 0.57122
1403638620.1778295040 4.69760 1.31402 0.53722 0.10033 0.78867 -0.19279 0.57512
1403638620.2778294086 4.74990 1.23978 0.53127 0.10316 0.78933 -0.19164 0.57410
1403638620.3778295517 4.79586 1.16420 0.52843 0.10585 0.79070 -0.18944 0.57245
1403638620.4778294563 4.83751 1.08704 0.53866 0.10686 0.79203 -0.18739 0.57110
1403638620.5778295994 4.87482 1.01107 0.54082 0.10654 0.79326 -0.18580 0.56997
1403638620.6778295040 4.90805 0.93510 0.53870 0.10362 0.79575 -0.18564 0.56709
1403638620.7778294086 4.93879 0.85624 0.53868 0.10011 0.79942 -0.18571 0.56251
1403638620.8778295517 4.96925 0.77638 0.52705 0.10339 0.80253 -0.18121 0.55895
1403638620.9778294563 4.99692 0.69705 0.51283 0.10788 0.80309 -0.17535 0.55916
1403638621.0778295994 5.02394 0.61502 0.50600 0.11126 0.80183 -0.16990 0.56199
1403638621.1778295040 5.05145 0.53530 0.49602 0.10997 0.80061 -0.16805 0.56452
1403638621.2778294086 5.08233 0.45664 0.50113 0.11014 0.79989 -0.16506 0.56639
1403638621.3778295517 5.10858 0.38185 0.50297 0.11186 0.80085 -0.16206 0.56557
1403638621.4778294563 5.13498 0.31184 0.50729 0.11239 0.79930 -0.16027 0.56815
1403638621.5778295994 5.15908 0.24249 0.49895 0.11245 0.79720 -0.15815 0.57168
1403638621.6778295040 5.17912 0.17813 0.48584 0.11218 0.79627 -0.15702 0.57333
1403638621.7778294086 5.19640 0.12142 0.47355 0.11336 0.79488 -0.15576 0.57537
1403638621.8778295517 5.21135 0.06236 0.45334 0.11512 0.79150 -0.15396 0.58015
1403638621.9778294563 5.22092 0.00944 0.42990 0.11543 0.78900 -0.15327 0.58366
1403638622.0778295994 5.22423 -0.03218 0.40579 0.11414 0.78865 -0.15443 0.58408
1403638622.1778295040 5.22449 -0.07786 0.37562 0.11093 0.78967 -0.15634 0.58282
1403638622.2778294086 5.21894 -0.11795 0.34943 0.10808 0.78900 -0.15870 0.58362
1403638622.3778295517 5.20631 -0.15450 0.32945 0.10862 0.78984 -0.15915 0.58226
1403638622.4778294563 5.18567 -0.18174 0.32158 0.11239 0.79054 -0.15762 0.58100
1403638622.5778295994 5.16423 -0.21552 0.31738 0.11557 0.79029 -0.15617 0.58112
1403638622.6778295040 5.13561 -0.24233 0.32215 0.11924 0.78616 -0.15436 0.58643
1403638622.7778294086 5.10542 -0.26586 0.33829 0.12197 0.77518 -0.15296 0.60069
1403638622.8778295517 5.06765 -0.28130 0.36105 0.12360 0.77061 -0.15261 0.60630
1403638622.9778294563 5.02104 -0.29071 0.38226 0.12185 0.77450 -0.15506 0.60105
1403638623.0778295994 4.96556 -0.29767 0.39351 0.11793 0.78091 -0.15846 0.59259
1403638623.1778295040 4.90331 -0.29978 0.39997 0.11268 0.78476 -0.16213 0.58751
1403638623.2778294086 4.83202 -0.29572 0.40241 0.10957 0.78797 -0.16447 0.58314
1403638623.3778295517 4.76112 -0.29553 0.40018 0.10716 0.79057 -0.16609 0.57959
1403638623.4778294563 4.68281 -0.28990 0.39389 0.10777 0.79210 -0.16591 0.57744
1403638623.5778295994 4.60640 -0.28697 0.39107 0.10904 0.79237 -0.16519 0.57704
1403638623.6778295040 4.52331 -0.28227 0.39423 0.11048 0.79275 -0.16477 0.57637
1403638623.7778294086 4.43973 -0.27748 0.40577 0.11257 0.79388 -0.16440 0.57451
1403638623.8778295517 4.35170 -0.27082 0.42152 0.11390 0.79491 -0.16438 0.57282
1403638623.9778294563 4.25999 -0.26232 0.43353 0.11549 0.79580 -0.16486 0.57112
1403638624.0778295994 4.16918 -0.25252 0.44221 0.11387 0.79596 -0.16761 0.57042
1403638624.1778295040 4.07922 -0.23969 0.44433 0.11168 0.79573 -0.17001 0.57047
1403638624.2778294086 3.98606 -0.22696 0.44256 0.10968 0.79527 -0.17270 0.57069
1403638624.3778295517 3.89430 -0.21564 0.43756 0.10927 0.79476 -0.17443 0.57096
1403638624.4778294563 3.80730 -0.19988 0.42926 0.11100 0.79463 -0.17482 0.57068
1403638624.5778295994 3.71103 -0.18820 0.41578 0.10665 0.78634 -0.17942 0.58147
1403638624.6778295040 3.61434 -0.17728 0.40134 0.10848 0.78217 -0.17704 0.58744
1403638624.7778294086 3.52082 -0.16268 0.39125 0.11368 0.78830 -0.16717 0.58114
1403638624.8778295517 3.41462 -0.14763 0.38651 0.11518 0.79426 -0.15904 0.57497
1403638624.9778294563 3.31936 -0.13177 0.39124 0.10823 0.79746 -0.15724 0.57238
1403638625.0778295994 3.22151 -0.11643 0.39738 0.10079 0.79843 -0.15668 0.57254
1403638625.1778295040 3.11505 -0.09958 0.39592 0.09463 0.79924 -0.15687 0.57240
1403638625.2778294086 3.01578 -0.08645 0.39566 0.09272 0.80013 -0.15556 0.57184
1403638625.3778295517 2.90985 -0.07196 0.38939 0.09169 0.80026 -0.15466 0.57207
1403638625.4778294563 2.81013 -0.06284 0.39496 0.09069 0.79991 -0.15438 0.57279
1403638625.5778295994 2.70484 -0.05184 0.40016 0.09143 0.80034 -0.15365 0.57227
1403638625.6778295040 2.60123 -0.04319 0.41273 0.09168 0.80193 -0.15356 0.57002
1403638625.7778294086 2.49738 -0.03735 0.43251 0.09017 0.80655 -0.15482 0.56336
1403638625.8778295517 2.39499 -0.03003 0.44156 0.09038 0.80908 -0.15545 0.55951
1403638625.9778294563 2.28944 -0.03079 0.45181 0.09114 0.80963 -0.15534 0.55863
1403638626.0778295994 2.19167 -0.02874 0.45178 0.08962 0.81083 -0.15717 0.55661
1403638626.1778295040 2.08830 -0.03137 0.45131 0.08967 0.81124 -0.15747 0.55593
1403638626.2778294086 1.99582 -0.03332 0.44369 0.09270 0.80983 -0.15603 0.55789
1403638626.3778295517 1.89493 -0.03738 0.43567 0.10038 0.80807 -0.15056 0.56061
1403638626.4778294563 1.80722 -0.03957 0.42260 0.10290 0.80691 -0.14843 0.56238
1403638626.5778295994 1.71353 -0.04347 0.40922 0.10331 0.80929 -0.14736 0.55916
1403638626.6778295040 1.63032 -0.04439 0.39507 0.10210 0.81123 -0.14777 0.55646
1403638626.7778294086 1.54836 -0.04507 0.38486 0.09938 0.81512 -0.14933 0.55082
1403638626.8778295517 1.46649 -0.04881 0.38492 0.09858 0.81796 -0.14893 0.54684
1403638626.9778294563 1.39370 -0.05131 0.39137 0.09772 0.81902 -0.14900 0.54540
1403638627.0778295994 1.32908 -0.05233 0.39492 0.09706 0.81920 -0.14863 0.54535
1403638627.1778295040 1.26625 -0.05572 0.39371 0.09634 0.81921 -0.14836 0.54553
1403638627.2778294086 1.21233 -0.05927 0.39061 0.09760 0.81936 -0.14695 0.54546
1403638627.3778295517 1.16168 -0.06286 0.38435 0.09955 0.81883 -0.14502 0.54643
1403638627.4778294563 1.11536 -0.06595 0.37462 0.09976 0.81926 -0.14467 0.54583
1403638627.5778295994 1.07376 -0.06930 0.36387 0.10089 0.81823 -0.14423 0.54728
1403638627.6778295040 1.03843 -0.07276 0.34829 0.10286 0.81527 -0.14343 0.55153
1403638627.7778294086 1.00848 -0.07487 0.33642 0.10455 0.81357 -0.14254 0.55395
1403638627.8778295517 0.97872 -0.07471 0.32235 0.10542 0.81300 -0.14252 0.55462
1403638627.9778294563 0.94880 -0.07355 0.30886 0.10569 0.81499 -0.14270 0.55160
1403638628.0778295994 0.92598 -0.07120 0.28791 0.10653 0.81586 -0.14304 0.55005
1403638628.1778295040 0.90376 -0.06964 0.27816 0.10736 0.81658 -0.14344 0.54872
1403638628.2778294086 0.88910 -0.06399 0.26826 0.10738 0.81688 -0.14417 0.54808
1403638628.3778295517 0.87701 -0.05924 0.25219 0.10602 0.81719 -0.14557 0.54752
1403638628.4778294563 0.86960 -0.05051 0.24931 0.10021 0.81448 -0.15026 0.55137
1403638628.5778295994 0.86665 -0.04093 0.24863 0.09240 0.80737 -0.15600 0.56150
1403638628.6778295040 0.86369 -0.03342 0.24915 0.08694 0.80337 -0.15992 0.56698
1403638628.7778294086 0.86265 -0.02430 0.23678 0.08917 0.80429 -0.15910 0.56556
1403638628.8778295517 0.85411 -0.02133 0.22910 0.09355 0.80491 -0.15625 0.56476
1403638628.9778294563 0.84578 -0.01900 0.21808 0.09849 0.80559 -0.15320 0.56378
1403638629.0778295994 0.83708 -0.01622 0.20897 0.10322 0.80675 -0.14972 0.56222
1403638629.1778295040 0.82097 -0.01089 0.19832 0.10537 0.80783 -0.14768 0.56080
1403638629.2778294086 0.81037 -0.00578 0.19443 0.10599 0.80820 -0.14690 0.56035
1403638629.3778295517 0.80099 0.00203 0.18586 0.10692 0.81101 -0.14684 0.55612
1403638629.4778294563 0.79543 0.01023 0.18412 0.10574 0.81541 -0.14855 0.54941
1403638629.5778295994 0.79584 0.01858 0.18140 0.10229 0.81826 -0.15152 0.54500
1403638629.6778295040 0.80165 0.02541 0.18256 0.09141 0.81600 -0.15998 0.54790
1403638629.7778294086 0.80896 0.02954 0.18576 0.08472 0.81038 -0.16520 0.55571
1403638629.8778295517 0.81677 0.03034 0.18519 0.08315 0.80409 -0.16685 0.56452
1403638629.9778294563 0.82278 0.02715 0.17652 0.09371 0.79857 -0.16012 0.57259
1403638630.0778295994 0.82495 0.02405 0.15782 0.10317 0.79523 -0.15375 0.57734
1403638630.1778295040 0.82486 0.02182 0.12922 0.10754 0.79805 -0.15036 0.57354
1403638630.2778294086 0.82125 0.02051 0.09448 0.10804 0.80261 -0.14981 0.56719
1403638630.3778295517 0.82257 0.02316 0.06838 0.10431 0.82161 -0.15016 0.53994
1403638630.4778294563 0.83475 0.02398 0.07924 0.10369 0.80365 -0.14870 0.56681
1403638630.5778295994 0.84529 0.02496 0.07753 0.10340 0.80300 -0.14966 0.56753
1403638630.6778295040 0.85316 0.02625 0.05493 0.10102 0.82197 -0.14682 0.54093
1403638630.7778294086 0.85568 0.01835 0.05200 0.10316 0.82881 -0.14124 0.53149
1403638630.8778295517 0.85283 0.01679 0.04776 0.09836 0.82780 -0.14212 0.53374
1403638630.9778294563 0.85167 0.01585 0.04525 0.09838 0.82767 -0.14264 0.53380
1403638631.0778295994 0.84820 0.01673 0.04129 0.09934 0.82783 -0.14194 0.53355
1403638631.1778295040 0.84580 0.01809 0.03724 0.09963 0.82793 -0.14189 0.53336
1403638631.2778294086 0.84429 0.02052 0.03362 0.10003 0.82809 -0.14159 0.53312
1403638631.3778295517 0.84583 0.02464 0.03064 0.10051 0.82837 -0.14145 0.53262
1403638631.4778294563 0.85296 0.03120 0.02862 0.10122 0.82859 -0.14144 0.53215
1403638631.5778295994 0.85842 0.02867 0.02697 0.10105 0.82878 -0.14172 0.53181
1403638631.6778295040 0.87024 0.02026 0.02781 0.10026 0.82897 -0.14251 0.53146
