1403638523.0778295994 0.03542 0.00494 0.36319 -0.07071 0.80830 0.01257 0.58437
1403638523.1778295040 0.03377 -0.00011 0.39022 -0.07075 0.80678 0.01381 0.58644
1403638523.2778294086 0.03305 -0.00702 0.38447 -0.06128 0.80476 0.01365 0.59027
1403638523.3778295517 0.03395 -0.01166 0.35411 -0.05667 0.80392 0.01292 0.59189
1403638523.4778294563 0.03283 -0.01992 0.31325 -0.05234 0.80773 0.01567 0.58702
1403638523.5778295994 0.03077 -0.02371 0.26456 -0.04497 0.81722 0.01958 0.57423
1403638523.6778295040 0.02611 -0.02731 0.21621 -0.03786 0.82683 0.02228 0.56074
1403638523.7778294086 0.02040 -0.03244 0.16904 -0.03426 0.83156 0.02520 0.55380
1403638523.8778295517 0.01238 -0.03670 0.12726 -0.03086 0.83218 0.02830 0.55292
1403638523.9778294563 0.00187 -0.04509 0.09628 -0.02227 0.83212 0.03475 0.55306
1403638524.0778295994 -0.00192 -0.04833 0.08353 -0.01563 0.83527 0.04327 0.54791
1403638524.1778295040 -0.00349 -0.04863 0.10131 -0.01639 0.83973 0.04802 0.54063
1403638524.2778294086 -0.00151 -0.04854 0.14456 -0.02284 0.84055 0.04958 0.53898
1403638524.3778295517 0.00234 -0.04842 0.19919 -0.03233 0.83768 0.04794 0.54310
1403638524.4778294563 0.00826 -0.04824 0.25963 -0.03937 0.83110 0.04608 0.55281
1403638524.5778295994 0.01591 -0.04673 0.31955 -0.04217 0.82235 0.04493 0.56564
1403638524.6778295040 0.02372 -0.04495 0.37345 -0.03810 0.81589 0.03955 0.57559
1403638524.7778294086 0.03014 -0.04129 0.41424 -0.02522 0.81217 0.03467 0.58185
1403638524.8778295517 0.03366 -0.03783 0.44027 -0.02132 0.81062 0.03225 0.58429
1403638524.9778294563 0.03550 -0.03472 0.44973 -0.02774 0.80912 0.03462 0.58596
1403638525.0778295994 0.03696 -0.03281 0.43729 -0.02537 0.80660 0.03801 0.58932
1403638525.1778295040 0.03919 -0.03109 0.40347 -0.02306 0.80526 0.04248 0.59095
1403638525.2778294086 0.04014 -0.03146 0.35704 -0.02318 0.80801 0.04746 0.58679
1403638525.3778295517 0.03942 -0.03328 0.30289 -0.02600 0.81694 0.05224 0.57376
1403638525.4778294563 0.03698 -0.03281 0.24900 -0.03465 0.82908 0.05386 0.55544
1403638525.5778295994 0.03360 -0.03474 0.20139 -0.04109 0.83807 0.05325 0.54139
1403638525.6778295040 0.03097 -0.03663 0.16159 -0.04205 0.84097 0.05028 0.53709
1403638525.7778294086 0.02905 -0.03725 0.13100 -0.03921 0.83945 0.04463 0.54018
1403638525.8778295517 0.02794 -0.03933 0.11063 -0.03232 0.83592 0.04051 0.54639
1403638525.9778294563 0.02404 -0.04837 0.09947 -0.02406 0.83456 0.03936 0.54899
1403638526.0778295994 0.02057 -0.06753 0.10082 -0.01969 0.83614 0.03715 0.54690
1403638526.1778295040 0.01751 -0.09581 0.11015 -0.01782 0.83856 0.02785 0.54381
1403638526.2778294086 0.01288 -0.13142 0.12499 -0.01439 0.83763 0.01912 0.54571
1403638526.3778295517 0.00533 -0.17199 0.14012 -0.01197 0.83354 0.01044 0.55223
1403638526.4778294563 -0.00479 -0.21723 0.15322 -0.01081 0.82849 -0.00035 0.55990
1403638526.5778295994 -0.01618 -0.26865 0.16257 -0.00964 0.82320 -0.01134 0.56756
1403638526.6778295040 -0.02890 -0.32863 0.16956 -0.00562 0.81811 -0.01937 0.57470
1403638526.7778294086 -0.04402 -0.39353 0.17463 0.00272 0.81511 -0.02449 0.57878
1403638526.8778295517 -0.06057 -0.45841 0.17785 0.01047 0.81448 -0.02760 0.57945
1403638526.9778294563 -0.07712 -0.52047 0.18072 0.01456 0.81758 -0.03388 0.57463
1403638527.0778295994 -0.09084 -0.57905 0.18411 0.02208 0.82216 -0.04694 0.56688
1403638527.1778295040 -0.10148 -0.63070 0.18938 0.02968 0.82387 -0.06225 0.56257
1403638527.2778294086 -0.10779 -0.67001 0.19596 0.04144 0.82098 -0.07602 0.56436
1403638527.3778295517 -0.10849 -0.69082 0.20195 0.05714 0.81595 -0.08479 0.56900
1403638527.4778294563 -0.10448 -0.69053 0.20543 0.06788 0.81236 -0.08930 0.57226
1403638527.5778295994 -0.09410 -0.67101 0.20592 0.07120 0.81164 -0.09060 0.57268
1403638527.6778295040 -0.07950 -0.63363 0.20396 0.06995 0.81213 -0.08736 0.57265
1403638527.7778294086 -0.06112 -0.58740 0.20317 0.06467 0.81357 -0.08032 0.57226
1403638527.8778295517 -0.03911 -0.52955 0.20414 0.05135 0.81663 -0.07594 0.56984
1403638527.9778294563 -0.01357 -0.46531 0.20492 0.04198 0.81744 -0.07152 0.57002
1403638528.0778295994 0.00677 -0.40677 0.20481 0.03567 0.81618 -0.06450 0.57308
1403638528.1778295040 0.02267 -0.35271 0.20229 0.02641 0.81654 -0.05591 0.57397
1403638528.2778294086 0.04501 -0.30341 0.19638 0.01452 0.81785 -0.04572 0.57343
1403638528.3778295517 0.07579 -0.26498 0.18998 0.00782 0.81748 -0.03815 0.57463
1403638528.4778294563 0.11302 -0.24157 0.18442 0.00934 0.81680 -0.03480 0.57580
1403638528.5778295994 0.14939 -0.22314 0.18095 0.01091 0.81862 -0.03934 0.57288
1403638528.6778295040 0.18528 -0.21024 0.17979 0.00995 0.81972 -0.04715 0.57073
1403638528.7778294086 0.21467 -0.19628 0.18271 0.01550 0.81876 -0.05257 0.57151
1403638528.8778295517 0.23017 -0.19146 0.18955 0.01179 0.81759 -0.06020 0.57252
1403638528.9778294563 0.22987 -0.18434 0.20149 0.00485 0.81718 -0.06692 0.57247
1403638529.0778295994 0.21030 -0.17822 0.21782 0.00608 0.81799 -0.06831 0.57113
1403638529.1778295040 0.17951 -0.16326 0.22832 0.02304 0.81899 -0.06147 0.57004
1403638529.2778294086 0.14340 -0.14071 0.22794 0.03480 0.82089 -0.05559 0.56731
1403638529.3778295517 0.10786 -0.11344 0.21475 0.03886 0.82610 -0.05119 0.55984
1403638529.4778294563 0.07743 -0.09295 0.19270 0.03736 0.83609 -0.04904 0.54511
1403638529.5778295994 0.05286 -0.07904 0.16654 0.03515 0.84618 -0.04632 0.52972
1403638529.6778295040 0.03763 -0.06825 0.14044 0.03662 0.85013 -0.04353 0.52349
1403638529.7778294086 0.02893 -0.06045 0.11747 0.03617 0.84667 -0.04275 0.52916
1403638529.8778295517 0.02546 -0.05519 0.09725 0.03514 0.84031 -0.04372 0.53919
1403638529.9778294563 0.02589 -0.05055 0.08174 0.03489 0.83768 -0.04397 0.54327
1403638530.0778295994 0.03479 -0.04988 0.07057 0.03543 0.83899 -0.04463 0.54116
1403638530.1778295040 0.04792 -0.05124 0.06087 0.03646 0.84055 -0.04917 0.53827
1403638530.2778294086 0.06260 -0.05346 0.05124 0.03855 0.84005 -0.05493 0.53835
1403638530.3778295517 0.07546 -0.05727 0.04170 0.04116 0.83939 -0.06012 0.53862
1403638530.4778294563 0.08685 -0.06134 0.03423 0.04158 0.83906 -0.06403 0.53866
1403638530.5778295994 0.09429 -0.06563 0.02868 0.04105 0.83900 -0.06731 0.53838
1403638530.6778295040 0.09891 -0.06918 0.02313 0.04208 0.84193 -0.06988 0.53339
1403638530.7778294086 0.10202 -0.07142 0.01759 0.04202 0.84524 -0.07178 0.52788
1403638530.8778295517 0.10492 -0.07285 0.01215 0.04015 0.84585 -0.07126 0.52711
1403638530.9778294563 0.10569 -0.07303 0.00970 0.03921 0.84386 -0.07120 0.53037
1403638531.0778295994 0.10593 -0.07263 0.00768 0.03989 0.84055 -0.06963 0.53575
1403638531.1778295040 0.10587 -0.07081 0.00845 0.04071 0.83855 -0.06732 0.53912
1403638531.2778294086 0.10626 -0.06970 0.00701 0.04330 0.83737 -0.06581 0.54093
1403638531.3778295517 0.10616 -0.06888 0.00663 0.04304 0.83601 -0.06611 0.54302
1403638531.4778294563 0.10593 -0.06917 0.00684 0.04308 0.83506 -0.06625 0.54445
1403638531.5778295994 0.10579 -0.06921 0.00670 0.04364 0.83546 -0.06502 0.54394
1403638531.6778295040 0.10576 -0.06897 0.00662 0.04286 0.83561 -0.06546 0.54373
1403638531.7778294086 0.10580 -0.06901 0.00666 0.04302 0.83558 -0.06531 0.54377
1403638531.8778295517 0.10576 -0.06902 0.00662 0.04308 0.83564 -0.06520 0.54369
1403638531.9778294563 0.10577 -0.06906 0.00663 0.04319 0.83568 -0.06507 0.54363
1403638532.0778295994 0.10576 -0.06909 0.00659 0.04324 0.83570 -0.06496 0.54361
1403638532.1778295040 0.10577 -0.06906 0.00658 0.04312 0.83574 -0.06499 0.54356
1403638532.2778294086 0.10577 -0.06901 0.00658 0.04297 0.83576 -0.06508 0.54353
1403638532.3778295517 0.10577 -0.06898 0.00657 0.04285 0.83580 -0.06509 0.54347
1403638532.4778294563 0.10578 -0.06897 0.00658 0.04278 0.83583 -0.06510 0.54344
1403638532.5778295994 0.10577 -0.06896 0.00655 0.04274 0.83586 -0.06508 0.54339
1403638532.6778295040 0.10578 -0.06897 0.00656 0.04275 0.83587 -0.06503 0.54338
1403638532.7778294086 0.10576 -0.06898 0.00653 0.04278 0.83592 -0.06496 0.54331
1403638532.8778295517 0.10576 -0.06897 0.00653 0.04277 0.83594 -0.06494 0.54328
1403638532.9778294563 0.10577 -0.06897 0.00653 0.04273 0.83596 -0.06492 0.54326
1403638533.0778295994 0.10576 -0.06896 0.00651 0.04269 0.83600 -0.06490 0.54320
1403638533.1778295040 0.10577 -0.06895 0.00652 0.04264 0.83602 -0.06490 0.54318
1403638533.2778294086 0.10576 -0.06894 0.00651 0.04260 0.83605 -0.06488 0.54313
1403638533.3778295517 0.10576 -0.06894 0.00650 0.04258 0.83607 -0.06484 0.54311
1403638533.4778294563 0.10576 -0.06894 0.00651 0.04258 0.83609 -0.06481 0.54308
1403638533.5778295994 0.10575 -0.06892 0.00649 0.04250 0.83613 -0.06480 0.54304
1403638533.6778295040 0.10576 -0.06890 0.00649 0.04244 0.83614 -0.06481 0.54302
1403638533.7778294086 0.10576 -0.06890 0.00648 0.04240 0.83616 -0.06479 0.54299
1403638533.8778295517 0.10575 -0.06883 0.00646 0.04221 0.83620 -0.06459 0.54296
1403638533.9778294563 0.10576 -0.06887 0.00646 0.04235 0.83618 -0.06473 0.54298
1403638534.0778295994 0.10570 -0.06893 0.00645 0.04251 0.83618 -0.06505 0.54292
1403638534.1778295040 0.10573 -0.06888 0.00647 0.04235 0.83622 -0.06487 0.54290
1403638534.2778294086 0.10573 -0.06882 0.00648 0.04208 0.83628 -0.06473 0.54284
1403638534.3778295517 0.10576 -0.06881 0.00646 0.04206 0.83628 -0.06476 0.54284
1403638534.4778294563 0.10575 -0.06885 0.00641 0.04227 0.83624 -0.06502 0.54285
1403638534.5778295994 0.10579 -0.06882 0.00637 0.04214 0.83629 -0.06471 0.54282
1403638534.6778295040 0.10582 -0.06875 0.00637 0.04196 0.83631 -0.06455 0.54282
1403638534.7778294086 0.10580 -0.06877 0.00637 0.04210 0.83631 -0.06446 0.54282
1403638534.8778295517 0.10580 -0.06884 0.00636 0.04231 0.83629 -0.06456 0.54282
1403638534.9778294563 0.10579 -0.06887 0.00635 0.04241 0.83632 -0.06459 0.54277
1403638535.0778295994 0.10579 -0.06884 0.00634 0.04235 0.83634 -0.06459 0.54274
1403638535.1778295040 0.10580 -0.06884 0.00634 0.04230 0.83635 -0.06459 0.54274
1403638535.2778294086 0.10579 -0.06882 0.00634 0.04225 0.83637 -0.06458 0.54271
1403638535.3778295517 0.10578 -0.06881 0.00635 0.04222 0.83639 -0.06455 0.54269
1403638535.4778294563 0.10578 -0.06881 0.00635 0.04226 0.83641 -0.06453 0.54265
1403638535.5778295994 0.10578 -0.06880 0.00635 0.04220 0.83642 -0.06449 0.54265
1403638535.6778295040 0.10578 -0.06879 0.00634 0.04216 0.83643 -0.06449 0.54264
1403638535.7778294086 0.10578 -0.06880 0.00634 0.04219 0.83644 -0.06449 0.54261
1403638535.8778295517 0.10578 -0.06879 0.00634 0.04211 0.83645 -0.06443 0.54261
1403638535.9778294563 0.10576 -0.06878 0.00633 0.04205 0.83649 -0.06437 0.54256
1403638536.0778295994 0.10578 -0.06878 0.00633 0.04205 0.83646 -0.06440 0.54260
1403638536.1778295040 0.10577 -0.06878 0.00634 0.04204 0.83647 -0.06442 0.54259
1403638536.2778294086 0.10576 -0.06877 0.00634 0.04207 0.83651 -0.06438 0.54253
1403638536.3778295517 0.10576 -0.06877 0.00635 0.04207 0.83651 -0.06437 0.54253
1403638536.4778294563 0.10575 -0.06876 0.00635 0.04203 0.83653 -0.06434 0.54251
1403638536.5778295994 0.10575 -0.06875 0.00635 0.04196 0.83654 -0.06430 0.54249
1403638536.6778295040 0.10575 -0.06874 0.00635 0.04194 0.83656 -0.06425 0.54247
1403638536.7778294086 0.10574 -0.06874 0.00634 0.04195 0.83656 -0.06428 0.54247
1403638536.8778295517 0.10574 -0.06873 0.00635 0.04187 0.83657 -0.06432 0.54247
1403638536.9778294563 0.10574 -0.06872 0.00634 0.04181 0.83657 -0.06434 0.54246
1403638537.0778295994 0.10576 -0.06871 0.00633 0.04174 0.83656 -0.06430 0.54249
1403638537.1778295040 0.10576 -0.06872 0.00633 0.04176 0.83656 -0.06430 0.54248
1403638537.2778294086 0.10576 -0.06873 0.00634 0.04180 0.83658 -0.06426 0.54245
1403638537.3778295517 0.10575 -0.06873 0.00633 0.04179 0.83660 -0.06423 0.54242
1403638537.4778294563 0.10576 -0.06872 0.00633 0.04174 0.83660 -0.06422 0.54244
1403638537.5778295994 0.10575 -0.06872 0.00633 0.04169 0.83661 -0.06416 0.54243
1403638537.6778295040 0.10576 -0.06873 0.00634 0.04168 0.83660 -0.06421 0.54244
1403638537.7778294086 0.10576 -0.06871 0.00635 0.04163 0.83661 -0.06420 0.54243
1403638537.8778295517 0.10578 -0.06871 0.00635 0.04163 0.83661 -0.06414 0.54244
1403638537.9778294563 0.10576 -0.06872 0.00637 0.04161 0.83660 -0.06423 0.54244
1403638538.0778295994 0.10577 -0.06869 0.00639 0.04153 0.83661 -0.06429 0.54242
1403638538.1778295040 0.10577 -0.06870 0.00640 0.04153 0.83661 -0.06420 0.54244
1403638538.2778294086 0.10586 -0.06870 0.00638 0.04144 0.83659 -0.06416 0.54248
1403638538.3778295517 0.10581 -0.06873 0.00641 0.04153 0.83657 -0.06416 0.54251
1403638538.4778294563 0.10578 -0.06871 0.00645 0.04145 0.83656 -0.06413 0.54252
1403638538.5778295994 0.10582 -0.06873 0.00648 0.04148 0.83657 -0.06416 0.54251
1403638538.6778295040 0.10582 -0.06871 0.00652 0.04124 0.83643 -0.06426 0.54272
1403638538.7778294086 0.10593 -0.06878 0.00683 0.04095 0.83568 -0.06413 0.54392
1403638538.8778295517 0.10734 -0.06839 0.00724 0.04008 0.83479 -0.06363 0.54541
1403638538.9778294563 0.11074 -0.06819 0.00972 0.04087 0.83017 -0.06279 0.55245
1403638539.0778295994 0.11565 -0.06837 0.01333 0.04217 0.82495 -0.06401 0.55999
1403638539.1778295040 0.12486 -0.06865 0.02053 0.04295 0.82013 -0.06309 0.56707
1403638539.2778294086 0.13467 -0.06899 0.03560 0.04160 0.81595 -0.06290 0.57318
1403638539.3778295517 0.14391 -0.06969 0.05850 0.04131 0.81691 -0.06226 0.57190
1403638539.4778294563 0.15434 -0.07067 0.08778 0.04066 0.81893 -0.06128 0.56916
1403638539.5778295994 0.16560 -0.07175 0.12030 0.04040 0.81992 -0.06005 0.56788
1403638539.6778295040 0.17733 -0.07295 0.14778 0.03883 0.82066 -0.05968 0.56696
1403638539.7778294086 0.18997 -0.07395 0.16383 0.03916 0.82183 -0.05773 0.56545
1403638539.8778295517 0.20314 -0.07475 0.17283 0.03815 0.82431 -0.05702 0.56197
1403638539.9778294563 0.21853 -0.07557 0.18064 0.03628 0.82891 -0.05674 0.55531
1403638540.0778295994 0.23589 -0.07633 0.18843 0.03541 0.83487 -0.05697 0.54634
1403638540.1778295040 0.26167 -0.07975 0.19554 0.03487 0.83879 -0.05667 0.54037
1403638540.2778294086 0.29257 -0.07864 0.21060 0.03541 0.83492 -0.05536 0.54643
1403638540.3778295517 0.33162 -0.08056 0.21916 0.03622 0.82896 -0.05312 0.55560
1403638540.4778294563 0.37563 -0.07992 0.22724 0.03319 0.82689 -0.04720 0.55939
1403638540.5778295994 0.42272 -0.07689 0.23450 0.02601 0.82723 -0.03601 0.56010
1403638540.6778295040 0.47107 -0.07983 0.24225 0.01739 0.82754 -0.01870 0.56083
1403638540.7778294086 0.52297 -0.07622 0.24982 0.00954 0.82694 0.00547 0.56218
1403638540.8778295517 0.57395 -0.06715 0.25596 -0.00066 0.82641 0.03331 0.56208
1403638540.9778294563 0.62621 -0.05359 0.25990 -0.01440 0.82500 0.05953 0.56180
1403638541.0778295994 0.67837 -0.03641 0.26166 -0.02796 0.82291 0.07871 0.56200
1403638541.1778295040 0.73290 -0.01619 0.25804 -0.03774 0.82121 0.09187 0.56192
1403638541.2778294086 0.79151 0.01161 0.25024 -0.04287 0.82033 0.10069 0.56132
1403638541.3778295517 0.84593 0.04318 0.24993 -0.04568 0.82005 0.10436 0.56083
1403638541.4778294563 0.89916 0.07741 0.25586 -0.04695 0.81972 0.10487 0.56113
1403638541.5778295994 0.95201 0.11750 0.26809 -0.04622 0.81825 0.10564 0.56318
1403638541.6778295040 1.00523 0.16439 0.28830 -0.05045 0.81653 0.10871 0.56473
1403638541.7778294086 1.06003 0.21493 0.31411 -0.06055 0.81512 0.11441 0.56465
1403638541.8778295517 1.10884 0.26889 0.34607 -0.07270 0.81355 0.12338 0.56359
1403638541.9778294563 1.15730 0.32410 0.37467 -0.08478 0.81231 0.13783 0.56032
1403638542.0778295994 1.20093 0.37836 0.39737 -0.09895 0.81017 0.15507 0.55658
1403638542.1778295040 1.24063 0.43176 0.41449 -0.11458 0.80636 0.17490 0.55323
1403638542.2778294086 1.27889 0.48759 0.42522 -0.12926 0.80242 0.19811 0.54787
1403638542.3778295517 1.32032 0.54517 0.43227 -0.14280 0.79472 0.21996 0.54740
1403638542.4778294563 1.36074 0.60307 0.43749 -0.14868 0.78140 0.24015 0.55645
1403638542.5778295994 1.39950 0.66335 0.44048 -0.14471 0.76955 0.25858 0.56567
1403638542.6778295040 1.43356 0.72928 0.44575 -0.14524 0.76602 0.26787 0.56601
1403638542.7778294086 1.46076 0.79853 0.45839 -0.15450 0.76998 0.26660 0.55873
1403638542.8778295517 1.48183 0.87162 0.47876 -0.16150 0.77518 0.26339 0.55103
1403638542.9778294563 1.49880 0.94691 0.50659 -0.16591 0.77960 0.26028 0.54494
1403638543.0778295994 1.51269 1.02096 0.53532 -0.16908 0.78289 0.25718 0.54070
1403638543.1778295040 1.52640 1.09581 0.55768 -0.16951 0.78396 0.25471 0.54018
1403638543.2778294086 1.53873 1.16750 0.57534 -0.17019 0.78404 0.25270 0.54079
1403638543.3778295517 1.55164 1.24353 0.58652 -0.16981 0.78504 0.25166 0.53994
1403638543.4778294563 1.56710 1.31972 0.59333 -0.17230 0.78394 0.25619 0.53863
1403638543.5778295994 1.57714 1.39485 0.59958 -0.17777 0.78089 0.26748 0.53579
1403638543.6778295040 1.58977 1.47326 0.60280 -0.18474 0.77509 0.28536 0.53262
1403638543.7778294086 1.60098 1.55287 0.60850 -0.19506 0.76723 0.30647 0.52857
1403638543.8778295517 1.61397 1.63291 0.62026 -0.20674 0.75717 0.32903 0.52506
1403638543.9778294563 1.62785 1.72032 0.63988 -0.22074 0.74872 0.34725 0.51972
1403638544.0778295994 1.64100 1.80902 0.66366 -0.23528 0.74483 0.35836 0.51132
1403638544.1778295040 1.65480 1.89965 0.68693 -0.24573 0.74163 0.36475 0.50652
1403638544.2778294086 1.66851 1.99162 0.70351 -0.25250 0.73893 0.36808 0.50473
1403638544.3778295517 1.68045 2.08304 0.71359 -0.25422 0.73815 0.37059 0.50316
1403638544.4778294563 1.69381 2.17535 0.72035 -0.25330 0.73852 0.37174 0.50224
1403638544.5778295994 1.71115 2.26619 0.72520 -0.25530 0.73570 0.37097 0.50591
1403638544.6778295040 1.72556 2.35894 0.73698 -0.26015 0.72907 0.37051 0.51333
1403638544.7778294086 1.74126 2.44680 0.75142 -0.26146 0.72811 0.37158 0.51325
1403638544.8778295517 1.75703 2.53347 0.76560 -0.25975 0.73125 0.37386 0.50796
1403638544.9778294563 1.77268 2.61951 0.77247 -0.25996 0.73193 0.37464 0.50630
1403638545.0778295994 1.78921 2.70665 0.77487 -0.26137 0.73062 0.37464 0.50746
1403638545.1778295040 1.80720 2.79571 0.77592 -0.26097 0.73051 0.37577 0.50699
1403638545.2778294086 1.82648 2.88470 0.76720 -0.26021 0.72983 0.37734 0.50720
1403638545.3778295517 1.84672 2.97707 0.75490 -0.26184 0.72715 0.37650 0.51082
1403638545.4778294563 1.87043 3.07768 0.74600 -0.26378 0.72750 0.37723 0.50878
1403638545.5778295994 1.88874 3.16896 0.73237 -0.26778 0.72533 0.38373 0.50492
1403638545.6778295040 1.90973 3.27125 0.73247 -0.27603 0.72023 0.39501 0.49905
1403638545.7778294086 1.92937 3.36932 0.73840 -0.28436 0.71290 0.41137 0.49162
1403638545.8778295517 1.94883 3.46666 0.75001 -0.29520 0.70256 0.43068 0.48352
1403638545.9778294563 1.96717 3.55987 0.76720 -0.30477 0.69039 0.45245 0.47516
1403638546.0778295994 1.98414 3.65140 0.78691 -0.31117 0.67873 0.47127 0.46947
1403638546.1778295040 2.00260 3.74439 0.80089 -0.31890 0.67031 0.48340 0.46401
1403638546.2778294086 2.01714 3.83484 0.80772 -0.32397 0.66539 0.49119 0.45938
1403638546.3778295517 2.03084 3.92588 0.80911 -0.33065 0.66362 0.49352 0.45466
1403638546.4778294563 2.04460 4.01831 0.80502 -0.33383 0.66313 0.49479 0.45166
1403638546.5778295994 2.05774 4.11239 0.80061 -0.33525 0.66098 0.49815 0.45008
1403638546.6778295040 2.06949 4.20880 0.80204 -0.33902 0.65614 0.50415 0.44764
1403638546.7778294086 2.07919 4.30515 0.81327 -0.34175 0.65164 0.50988 0.44564
1403638546.8778295517 2.08813 4.40570 0.83292 -0.34246 0.64810 0.51495 0.44442
1403638546.9778294563 2.09583 4.50505 0.85103 -0.34130 0.64491 0.51954 0.44461
1403638547.0778295994 2.10154 4.60693 0.86379 -0.33953 0.64244 0.52299 0.44550
1403638547.1778295040 2.10354 4.70717 0.86750 -0.33673 0.64016 0.52654 0.44672
1403638547.2778294086 2.10266 4.81044 0.87031 -0.33489 0.63879 0.52832 0.44797
1403638547.3778295517 2.09765 4.90993 0.86459 -0.33829 0.64002 0.52623 0.44611
1403638547.4778294563 2.09210 5.01505 0.86057 -0.34312 0.64310 0.52268 0.44214
1403638547.5778295994 2.08465 5.12105 0.85137 -0.34636 0.64650 0.51947 0.43843
1403638547.6778295040 2.07598 5.22112 0.83090 -0.34741 0.64754 0.51790 0.43792
1403638547.7778294086 2.06615 5.33120 0.81395 -0.34531 0.64696 0.51871 0.43948
1403638547.8778295517 2.05435 5.43819 0.78727 -0.34192 0.64387 0.52110 0.44382
1403638547.9778294563 2.04107 5.55461 0.76714 -0.34223 0.64371 0.52159 0.44323
1403638548.0778295994 2.02364 5.66607 0.74827 -0.34529 0.64307 0.52378 0.43919
1403638548.1778295040 2.00733 5.78163 0.74194 -0.35003 0.63918 0.52924 0.43454
1403638548.2778294086 1.98403 5.89741 0.73934 -0.35703 0.63244 0.53762 0.42839
1403638548.3778295517 1.95997 6.01843 0.74631 -0.36490 0.62278 0.54906 0.42133
1403638548.4778294563 1.93488 6.14050 0.76110 -0.37322 0.61305 0.55955 0.41446
1403638548.5778295994 1.91105 6.25891 0.77510 -0.37986 0.60519 0.56730 0.40941
1403638548.6778295040 1.88933 6.37942 0.78501 -0.38482 0.59968 0.57263 0.40546
1403638548.7778294086 1.86883 6.50413 0.79268 -0.38751 0.59583 0.57666 0.40286
1403638548.8778295517 1.84746 6.62989 0.80691 -0.38871 0.59380 0.57941 0.40073
1403638548.9778294563 1.82547 6.75459 0.82788 -0.39016 0.59285 0.58031 0.39942
1403638549.0778295994 1.80160 6.88218 0.85163 -0.39066 0.59261 0.58067 0.39878
1403638549.1778295040 1.77799 7.00530 0.88369 -0.39197 0.59258 0.57967 0.39898
1403638549.2778294086 1.75558 7.13243 0.91966 -0.39293 0.59337 0.57863 0.39838
1403638549.3778295517 1.72763 7.26091 0.96161 -0.39509 0.59513 0.57601 0.39741
1403638549.4778294563 1.70168 7.39347 0.99858 -0.39702 0.59665 0.57357 0.39672
1403638549.5778295994 1.67293 7.52569 1.03166 -0.39835 0.59706 0.57154 0.39772
1403638549.6778295040 1.64922 7.66084 1.05849 -0.39967 0.59660 0.56983 0.39953
1403638549.7778294086 1.62603 7.79340 1.08548 -0.39806 0.59690 0.57028 0.40005
1403638549.8778295517 1.61083 7.92536 1.11882 -0.39727 0.59823 0.57048 0.39855
1403638549.9778294563 1.59233 8.05641 1.16069 -0.39742 0.59935 0.57017 0.39717
1403638550.0778295994 1.57500 8.19026 1.21098 -0.39774 0.59983 0.56988 0.39654
1403638550.1778295040 1.56298 8.31881 1.27086 -0.39837 0.60054 0.56996 0.39471
1403638550.2778294086 1.55017 8.45220 1.33689 -0.39760 0.60019 0.57114 0.39431
1403638550.3778295517 1.53797 8.58438 1.40851 -0.39707 0.59985 0.57183 0.39437
1403638550.4778294563 1.52825 8.72217 1.47059 -0.39943 0.60069 0.57053 0.39259
1403638550.5778295994 1.51994 8.85896 1.52852 -0.40252 0.60202 0.56836 0.39053
1403638550.6778295040 1.51132 8.99718 1.58077 -0.40683 0.60098 0.56509 0.39241
1403638550.7778294086 1.50354 9.13640 1.62770 -0.40917 0.60047 0.56320 0.39348
1403638550.8778295517 1.49914 9.27464 1.67118 -0.41473 0.59705 0.55916 0.39860
1403638550.9778294563 1.49748 9.40997 1.71091 -0.41988 0.59323 0.55502 0.40464
1403638551.0778295994 1.49828 9.53844 1.74632 -0.42316 0.59098 0.55236 0.40814
1403638551.1778295040 1.50456 9.65826 1.78267 -0.42734 0.59144 0.54984 0.40651
1403638551.2778294086 1.52002 9.76890 1.82321 -0.42812 0.59295 0.54913 0.40445
1403638551.3778295517 1.54178 9.87095 1.86773 -0.42350 0.60061 0.54634 0.40178
1403638551.4778294563 1.57036 9.96463 1.90627 -0.41657 0.61279 0.53727 0.40286
1403638551.5778295994 1.60576 10.05890 1.94144 -0.41016 0.62807 0.52142 0.40670
1403638551.6778295040 1.64620 10.14550 1.96935 -0.40367 0.64457 0.50329 0.41022
1403638551.7778294086 1.69769 10.22960 1.99256 -0.39491 0.65832 0.48548 0.41830
1403638551.8778295517 1.75777 10.30978 2.01142 -0.38513 0.66877 0.47046 0.42789
1403638551.9778294563 1.82261 10.38590 2.03361 -0.37356 0.67198 0.46317 0.44087
1403638552.0778295994 1.88882 10.45710 2.06298 -0.36389 0.67330 0.45850 0.45169
1403638552.1778295040 1.95795 10.52134 2.09634 -0.35818 0.67808 0.45531 0.45234
1403638552.2778294086 2.03104 10.58082 2.13509 -0.35425 0.68187 0.45430 0.45074
1403638552.3778295517 2.10877 10.63366 2.17106 -0.35667 0.68268 0.45127 0.45065
1403638552.4778294563 2.19392 10.68186 2.20401 -0.36400 0.67898 0.44621 0.45540
1403638552.5778295994 2.27520 10.71842 2.22985 -0.36983 0.67475 0.44330 0.45982
1403638552.6778295040 2.36156 10.75054 2.24956 -0.37062 0.67210 0.44475 0.46165
1403638552.7778294086 2.44990 10.77741 2.26390 -0.36988 0.67146 0.44677 0.46122
1403638552.8778295517 2.54331 10.79680 2.27367 -0.36779 0.67001 0.45078 0.46110
1403638552.9778294563 2.63694 10.80459 2.27698 -0.36359 0.66740 0.45679 0.46230
1403638553.0778295994 2.73594 10.81253 2.27729 -0.35994 0.66501 0.46239 0.46302
1403638553.1778295040 2.82892 10.80926 2.27044 -0.36568 0.66085 0.46083 0.46604
1403638553.2778294086 2.92950 10.80486 2.26897 -0.37310 0.65493 0.45793 0.47134
1403638553.3778295517 3.02879 10.78991 2.27081 -0.37485 0.64961 0.45893 0.47633
1403638553.4778294563 3.12958 10.76420 2.27888 -0.37169 0.64393 0.46273 0.48279
1403638553.5778295994 3.22683 10.73089 2.29457 -0.36893 0.63936 0.46601 0.48779
1403638553.6778295040 3.32182 10.68400 2.31445 -0.36709 0.63827 0.46808 0.48863
1403638553.7778294086 3.41040 10.62769 2.34133 -0.36531 0.63861 0.46975 0.48791
1403638553.8778295517 3.49358 10.56553 2.37277 -0.36326 0.64022 0.47112 0.48602
1403638553.9778294563 3.56712 10.49978 2.40569 -0.36207 0.64342 0.47122 0.48257
1403638554.0778295994 3.63834 10.42486 2.43229 -0.36060 0.64653 0.47201 0.47872
1403638554.1778295040 3.69460 10.34998 2.45476 -0.35510 0.64986 0.47500 0.47534
1403638554.2778294086 3.76074 10.26671 2.46794 -0.34738 0.65558 0.48073 0.46738
1403638554.3778295517 3.81431 10.18815 2.48007 -0.34114 0.65909 0.48476 0.46285
1403638554.4778294563 3.86831 10.11044 2.49074 -0.33816 0.66069 0.48670 0.46071
1403638554.5778295994 3.91824 10.03477 2.49835 -0.33908 0.66169 0.48612 0.45922
1403638554.6778295040 3.97362 9.95456 2.50190 -0.34500 0.66404 0.48191 0.45584
1403638554.7778294086 4.01865 9.87997 2.51588 -0.34966 0.66471 0.47840 0.45500
1403638554.8778295517 4.07491 9.80424 2.52980 -0.35281 0.66473 0.47619 0.45487
1403638554.9778294563 4.12963 9.72445 2.54416 -0.35544 0.66524 0.47269 0.45571
1403638555.0778295994 4.17702 9.64938 2.55700 -0.35150 0.66871 0.46797 0.45855
1403638555.1778295040 4.23854 9.56935 2.55836 -0.34529 0.67462 0.46092 0.46175
1403638555.2778294086 4.31328 9.49279 2.56312 -0.33968 0.68040 0.45342 0.46486
1403638555.3778295517 4.38130 9.41191 2.56267 -0.33272 0.68339 0.44881 0.46994
1403638555.4778294563 4.45328 9.32853 2.55731 -0.32734 0.68516 0.44601 0.47379
1403638555.5778295994 4.53034 9.24437 2.55075 -0.32549 0.68606 0.44384 0.47580
1403638555.6778295040 4.60601 9.16016 2.54933 -0.32529 0.68749 0.44254 0.47508
1403638555.7778294086 4.68014 9.07400 2.55728 -0.32460 0.68858 0.44298 0.47357
1403638555.8778295517 4.74704 8.99318 2.57110 -0.32397 0.68862 0.44398 0.47300
1403638555.9778294563 4.81957 8.91443 2.59242 -0.32284 0.68730 0.44585 0.47393
1403638556.0778295994 4.88940 8.84004 2.61488 -0.32151 0.68729 0.44731 0.47347
1403638556.1778295040 4.96358 8.76789 2.63473 -0.32094 0.69155 0.44776 0.46719
1403638556.2778294086 5.03592 8.69657 2.64507 -0.31982 0.69455 0.44888 0.46241
1403638556.3778295517 5.10949 8.63035 2.65634 -0.31862 0.69663 0.44977 0.45924
1403638556.4778294563 5.18668 8.56479 2.66137 -0.31673 0.69935 0.45114 0.45505
1403638556.5778295994 5.26522 8.50667 2.67095 -0.31648 0.70219 0.45086 0.45110
1403638556.6778295040 5.34554 8.45330 2.68172 -0.32407 0.70474 0.44474 0.44780
1403638556.7778294086 5.42928 8.40242 2.69727 -0.33076 0.70143 0.44002 0.45275
1403638556.8778295517 5.51671 8.35655 2.72253 -0.33653 0.69980 0.43589 0.45500
1403638556.9778294563 5.60456 8.31253 2.75213 -0.33960 0.69851 0.43336 0.45712
1403638557.0778295994 5.69834 8.26758 2.77581 -0.33799 0.69739 0.43455 0.45889
1403638557.1778295040 5.79903 8.22175 2.79195 -0.33637 0.69580 0.43615 0.46097
1403638557.2778294086 5.90432 8.17442 2.80164 -0.33536 0.69482 0.43720 0.46218
1403638557.3778295517 6.01409 8.12801 2.80766 -0.33307 0.69377 0.43929 0.46344
1403638557.4778294563 6.12803 8.08150 2.81582 -0.32791 0.69060 0.44397 0.46738
1403638557.5778295994 6.24074 8.03386 2.83023 -0.32365 0.68798 0.44734 0.47098
1403638557.6778295040 6.35316 7.98713 2.84804 -0.32157 0.68650 0.44932 0.47268
1403638557.7778294086 6.46376 7.94170 2.86816 -0.32179 0.68603 0.44904 0.47348
1403638557.8778295517 6.57255 7.89671 2.88314 -0.31913 0.68579 0.45060 0.47414
1403638557.9778294563 6.67836 7.85336 2.89161 -0.31670 0.68683 0.45219 0.47276
1403638558.0778295994 6.78305 7.81196 2.89364 -0.31581 0.69047 0.45300 0.46723
1403638558.1778295040 6.88873 7.77291 2.89313 -0.31303 0.69608 0.45467 0.45908
1403638558.2778294086 6.99615 7.73889 2.89861 -0.30977 0.70020 0.45634 0.45335
1403638558.3778295517 7.10420 7.71354 2.91420 -0.30510 0.70168 0.45934 0.45118
1403638558.4778294563 7.21089 7.69490 2.93813 -0.29875 0.70537 0.46321 0.44569
1403638558.5778295994 7.31688 7.68729 2.96995 -0.29976 0.70803 0.46207 0.44196
1403638558.6778295040 7.42649 7.68967 3.00824 -0.30788 0.70874 0.45585 0.44170
1403638558.7778294086 7.54007 7.69778 3.04478 -0.31581 0.70844 0.44975 0.44284
1403638558.8778295517 7.65536 7.71017 3.07494 -0.31816 0.70749 0.44737 0.44507
1403638558.9778294563 7.77603 7.72690 3.09747 -0.31991 0.70268 0.44626 0.45249
1403638559.0778295994 7.90014 7.74521 3.11237 -0.32063 0.69814 0.44617 0.45906
1403638559.1778295040 8.02807 7.76651 3.11995 -0.32118 0.69462 0.44663 0.46352
1403638559.2778294086 8.15625 7.78801 3.12155 -0.31924 0.69167 0.44904 0.46694
1403638559.3778295517 8.28329 7.80965 3.11719 -0.31603 0.68915 0.45225 0.46976
1403638559.4778294563 8.40383 7.83246 3.10810 -0.31406 0.68681 0.45410 0.47269
1403638559.5778295994 8.52103 7.85631 3.09394 -0.31290 0.68473 0.45544 0.47520
1403638559.6778295040 8.63502 7.88333 3.07671 -0.31358 0.68371 0.45547 0.47619
1403638559.7778294086 8.74604 7.91334 3.06251 -0.31400 0.68281 0.45624 0.47647
1403638559.8778295517 8.85268 7.94500 3.05397 -0.31531 0.68359 0.45534 0.47534
1403638559.9778294563 8.95917 7.97987 3.04577 -0.31449 0.68719 0.44935 0.47639
1403638560.0778295994 9.06362 8.01560 3.03201 -0.30913 0.69523 0.43634 0.48031
1403638560.1778295040 9.16612 8.04977 3.01165 -0.29949 0.70523 0.41825 0.48788
1403638560.2778294086 9.26907 8.08526 2.98613 -0.28709 0.71618 0.39736 0.49677
1403638560.3778295517 9.37186 8.11841 2.95847 -0.27611 0.72422 0.37304 0.51002
1403638560.4778294563 9.47069 8.14888 2.92725 -0.26363 0.73255 0.34798 0.52228
1403638560.5778295994 9.56615 8.17438 2.89177 -0.25260 0.74206 0.32082 0.53161
1403638560.6778295040 9.66106 8.19396 2.85299 -0.24338 0.75270 0.29307 0.53695
1403638560.7778294086 9.75136 8.20723 2.81752 -0.23630 0.76160 0.26773 0.54079
1403638560.8778295517 9.83825 8.21292 2.78983 -0.22564 0.76815 0.24517 0.54674
1403638560.9778294563 9.92635 8.21199 2.77002 -0.21401 0.77251 0.22419 0.55422
1403638561.0778295994 10.01269 8.20403 2.75844 -0.20210 0.77516 0.20448 0.56256
1403638561.1778295040 10.09520 8.18735 2.75304 -0.19136 0.77677 0.18683 0.57018
1403638561.2778294086 10.17268 8.16526 2.75493 -0.18423 0.77726 0.17372 0.57597
1403638561.3778295517 10.24291 8.13242 2.75923 -0.17523 0.78189 0.16920 0.57386
1403638561.4778294563 10.30957 8.09555 2.75873 -0.16158 0.78773 0.17308 0.56870
1403638561.5778295994 10.37429 8.05674 2.75348 -0.15187 0.79118 0.17801 0.56505
1403638561.6778295040 10.43455 8.01837 2.74357 -0.14773 0.79290 0.18090 0.56281
1403638561.7778294086 10.48819 7.97817 2.72878 -0.14639 0.79317 0.18293 0.56213
1403638561.8778295517 10.54355 7.93164 2.70626 -0.14398 0.79251 0.18368 0.56343
1403638561.9778294563 10.59110 7.88937 2.68158 -0.13855 0.79359 0.17911 0.56474
1403638562.0778295994 10.63999 7.84188 2.65644 -0.13106 0.79547 0.17034 0.56660
1403638562.1778295040 10.67682 7.79706 2.64092 -0.12313 0.79754 0.16029 0.56840
1403638562.2778294086 10.71438 7.75237 2.63025 -0.11624 0.79876 0.15178 0.57046
1403638562.3778295517 10.74951 7.70369 2.62588 -0.11023 0.79977 0.13973 0.57332
1403638562.4778294563 10.78033 7.65490 2.62518 -0.10218 0.80228 0.12363 0.57500
1403638562.5778295994 10.80995 7.60691 2.63080 -0.09268 0.80473 0.10359 0.57714
1403638562.6778295040 10.83622 7.55778 2.64042 -0.08401 0.80760 0.07955 0.57827
1403638562.7778294086 10.86123 7.50357 2.65224 -0.07550 0.80941 0.05332 0.57993
1403638562.8778295517 10.88328 7.44316 2.66000 -0.06224 0.81068 0.02895 0.58146
1403638562.9778294563 10.89985 7.37966 2.66155 -0.04797 0.81158 0.00646 0.58223
1403638563.0778295994 10.91188 7.31514 2.65768 -0.03903 0.81156 -0.01749 0.58270
1403638563.1778295040 10.91737 7.24657 2.64877 -0.02702 0.81149 -0.03741 0.58254
1403638563.2778294086 10.91977 7.17526 2.63579 -0.01541 0.80842 -0.05160 0.58614
1403638563.3778295517 10.91668 7.10081 2.61873 -0.00853 0.80078 -0.06154 0.59573
1403638563.4778294563 10.90871 7.02233 2.59628 -0.00696 0.79482 -0.06855 0.60292
1403638563.5778295994 10.89558 6.93919 2.57370 -0.00108 0.79548 -0.06841 0.60210
1403638563.6778295040 10.87619 6.84975 2.55778 -0.00091 0.79908 -0.06852 0.59731
1403638563.7778294086 10.85050 6.75728 2.54868 -0.00356 0.80142 -0.06913 0.59408
1403638563.8778295517 10.81885 6.65991 2.54753 -0.00658 0.80111 -0.06827 0.59458
1403638563.9778294563 10.78258 6.56260 2.55347 -0.00951 0.79998 -0.06713 0.59619
1403638564.0778295994 10.73712 6.45526 2.55585 -0.01400 0.80068 -0.06496 0.59540
1403638564.1778295040 10.68559 6.34407 2.55378 -0.01578 0.80064 -0.06034 0.59589
1403638564.2778294086 10.62996 6.23519 2.55076 -0.01439 0.79904 -0.05513 0.59857
1403638564.3778295517 10.56804 6.11117 2.55031 -0.01467 0.79761 -0.04999 0.60092
1403638564.4778294563 10.50029 5.99102 2.55991 -0.01381 0.79645 -0.04573 0.60281
1403638564.5778295994 10.42392 5.86096 2.57026 -0.01667 0.79803 -0.04507 0.60070
1403638564.6778295040 10.34211 5.73683 2.58183 -0.02167 0.79961 -0.04788 0.59822
1403638564.7778294086 10.25343 5.59872 2.58367 -0.02555 0.80006 -0.05079 0.59722
1403638564.8778295517 10.16143 5.46449 2.58197 -0.02764 0.79963 -0.05335 0.59748
1403638564.9778294563 10.06694 5.31506 2.55765 -0.02963 0.79895 -0.05507 0.59814
1403638565.0778295994 9.96921 5.17018 2.52253 -0.03092 0.79945 -0.05584 0.59734
1403638565.1778295040 9.86782 5.01389 2.47194 -0.03169 0.80030 -0.05587 0.59615
1403638565.2778294086 9.76507 4.85512 2.41524 -0.03022 0.80127 -0.05484 0.59502
1403638565.3778295517 9.65819 4.68771 2.35537 -0.02774 0.80237 -0.05319 0.59380
1403638565.4778294563 9.54585 4.51060 2.29523 -0.02507 0.80180 -0.05175 0.59482
1403638565.5778295994 9.42866 4.32184 2.24097 -0.01911 0.79967 -0.04904 0.59813
1403638565.6778295040 9.30830 4.13454 2.19561 -0.00797 0.79955 -0.04264 0.59904
1403638565.7778294086 9.18554 3.94946 2.15675 0.00093 0.80225 -0.03801 0.59578
1403638565.8778295517 9.05295 3.76226 2.12542 0.00781 0.80456 -0.03425 0.59283
1403638565.9778294563 8.91585 3.57644 2.09835 0.00998 0.80652 -0.03450 0.59012
1403638566.0778295994 8.77980 3.39828 2.06614 0.01146 0.80763 -0.03475 0.58856
1403638566.1778295040 8.64453 3.22338 2.02602 0.00935 0.80814 -0.03606 0.58781
1403638566.2778294086 8.50982 3.05226 1.97838 0.00945 0.80798 -0.03558 0.58806
1403638566.3778295517 8.37453 2.88557 1.92318 0.00971 0.80913 -0.03443 0.58654
1403638566.4778294563 8.24114 2.72229 1.86240 0.00554 0.80969 -0.03559 0.58575
1403638566.5778295994 8.10825 2.56317 1.79648 0.00478 0.81318 -0.03389 0.58101
1403638566.6778295040 7.97394 2.40836 1.72333 0.00408 0.82245 -0.03194 0.56792
1403638566.7778294086 7.84235 2.25910 1.64515 0.00318 0.83424 -0.03051 0.55054
1403638566.8778295517 7.71868 2.11145 1.56388 0.00145 0.84229 -0.02938 0.53822
1403638566.9778294563 7.60171 1.96353 1.47983 0.00142 0.84620 -0.02622 0.53222
1403638567.0778295994 7.48723 1.82061 1.39780 0.00128 0.83852 -0.02512 0.54429
1403638567.1778295040 7.37855 1.68305 1.31245 0.00363 0.82653 -0.02325 0.56240
1403638567.2778294086 7.27282 1.54327 1.22195 0.00654 0.81814 -0.02186 0.57456
1403638567.3778295517 7.17166 1.41414 1.12616 0.00974 0.81628 -0.02160 0.57717
1403638567.4778294563 7.06699 1.28060 1.03447 0.01148 0.81728 -0.02291 0.57568
1403638567.5778295994 6.96245 1.15684 0.94957 0.01291 0.82077 -0.02495 0.57057
1403638567.6778295040 6.85919 1.03352 0.87441 0.01646 0.82406 -0.02528 0.56570
1403638567.7778294086 6.75659 0.91005 0.80776 0.01808 0.82755 -0.02566 0.56052
1403638567.8778295517 6.65498 0.79016 0.74886 0.01687 0.83084 -0.02768 0.55556
1403638567.9778294563 6.55899 0.67080 0.69610 0.01646 0.83184 -0.02805 0.55406
1403638568.0778295994 6.46637 0.55250 0.65075 0.01854 0.83155 -0.02563 0.55455
1403638568.1778295040 6.38013 0.44202 0.61498 0.01974 0.83078 -0.02402 0.55573
1403638568.2778294086 6.29698 0.33521 0.58683 0.01998 0.83066 -0.02380 0.55591
1403638568.3778295517 6.21701 0.23860 0.55948 0.01999 0.83106 -0.02408 0.55530
1403638568.4778294563 6.14406 0.14869 0.52307 0.02023 0.83173 -0.02399 0.55429
1403638568.5778295994 6.06811 0.07588 0.48854 0.02165 0.83295 -0.02382 0.55241
1403638568.6778295040 6.00283 -0.00070 0.44694 0.02287 0.83456 -0.02243 0.54998
1403638568.7778294086 5.94068 -0.05157 0.41287 0.02344 0.83582 -0.02356 0.54799
1403638568.8778295517 5.88599 -0.09755 0.38684 0.02235 0.83514 -0.02609 0.54897
1403638568.9778294563 5.83959 -0.15653 0.36596 0.02403 0.83465 -0.02443 0.54971
1403638569.0778295994 5.79756 -0.19527 0.35584 0.02636 0.83452 -0.02373 0.54984
1403638569.1778295040 5.75841 -0.24235 0.34954 0.02695 0.83528 -0.02366 0.54866
1403638569.2778294086 5.72473 -0.27342 0.34606 0.02952 0.83661 -0.02305 0.54652
1403638569.3778295517 5.69638 -0.30987 0.33554 0.03038 0.83650 -0.02285 0.54665
1403638569.4778294563 5.67405 -0.33337 0.32114 0.03134 0.83514 -0.02274 0.54867
1403638569.5778295994 5.65681 -0.35800 0.30298 0.03197 0.83387 -0.02238 0.55057
1403638569.6778295040 5.64317 -0.37408 0.28985 0.03121 0.83275 -0.02341 0.55227
1403638569.7778294086 5.63246 -0.38364 0.28306 0.03234 0.83190 -0.02289 0.55351
1403638569.8778295517 5.62740 -0.39084 0.28244 0.03343 0.83068 -0.02197 0.55531
1403638569.9778294563 5.62506 -0.39330 0.28556 0.03224 0.82915 -0.02283 0.55762
1403638570.0778295994 5.62438 -0.38844 0.28551 0.03006 0.82849 -0.02439 0.55867
1403638570.1778295040 5.62461 -0.37853 0.27843 0.02536 0.82848 -0.02731 0.55878
1403638570.2778294086 5.62578 -0.36522 0.26528 0.01800 0.82782 -0.03211 0.55979
1403638570.3778295517 5.62807 -0.35215 0.24705 0.01182 0.82736 -0.03950 0.56015
1403638570.4778294563 5.63218 -0.34303 0.22214 0.00751 0.82663 -0.05495 0.56001
1403638570.5778295994 5.63498 -0.34244 0.18943 0.00022 0.82373 -0.08199 0.56102
1403638570.6778295040 5.63567 -0.34522 0.15263 0.00112 0.81835 -0.11122 0.56385
1403638570.7778294086 5.63513 -0.35729 0.11413 0.00838 0.80728 -0.13868 0.57359
1403638570.8778295517 5.63038 -0.38084 0.07289 0.02101 0.79556 -0.16296 0.58317
1403638570.9778294563 5.61863 -0.41481 0.02876 0.03645 0.78753 -0.18406 0.58702
1403638571.0778295994 5.59840 -0.45775 -0.01960 0.05342 0.78463 -0.20291 0.58338
1403638571.1778295040 5.56721 -0.50624 -0.06495 0.07528 0.78704 -0.21484 0.57336
1403638571.2778294086 5.52910 -0.56506 -0.09843 0.09582 0.78822 -0.22098 0.56631
1403638571.3778295517 5.48563 -0.62806 -0.12428 0.10863 0.78737 -0.22603 0.56317
1403638571.4778294563 5.43710 -0.69363 -0.14107 0.11477 0.78414 -0.23076 0.56454
1403638571.5778295994 5.38485 -0.76506 -0.15387 0.12157 0.78160 -0.23490 0.56493
1403638571.6778295040 5.32851 -0.84161 -0.17092 0.12755 0.78105 -0.24412 0.56044
1403638571.7778294086 5.26844 -0.92293 -0.19320 0.13529 0.78038 -0.25744 0.55357
1403638571.8778295517 5.20659 -1.00689 -0.21938 0.14268 0.77724 -0.27525 0.54752
1403638571.9778294563 5.14266 -1.09097 -0.24239 0.15073 0.77104 -0.29536 0.54363
1403638572.0778295994 5.07662 -1.17589 -0.25668 0.16043 0.76385 -0.31470 0.54015
1403638572.1778295040 5.00568 -1.26764 -0.26158 0.17632 0.75688 -0.32982 0.53597
1403638572.2778294086 4.93169 -1.35981 -0.26226 0.19076 0.75239 -0.34621 0.52693
1403638572.3778295517 4.85651 -1.45611 -0.26555 0.20405 0.74735 -0.36463 0.51660
1403638572.4778294563 4.78243 -1.55567 -0.27071 0.21816 0.74327 -0.37800 0.50702
1403638572.5778295994 4.71023 -1.65912 -0.27688 0.22924 0.73947 -0.38680 0.50101
1403638572.6778295040 4.64048 -1.76593 -0.28070 0.23521 0.73766 -0.39257 0.49640
1403638572.7778294086 4.57333 -1.87529 -0.27588 0.24331 0.73906 -0.39237 0.49055
1403638572.8778295517 4.50926 -1.98794 -0.26305 0.24716 0.74158 -0.39153 0.48547
1403638572.9778294563 4.44610 -2.10354 -0.24589 0.24787 0.74354 -0.39054 0.48289
1403638573.0778295994 4.39010 -2.22038 -0.23143 0.24748 0.74555 -0.38932 0.48098
1403638573.1778295040 4.33802 -2.34019 -0.22326 0.24591 0.74716 -0.38795 0.48039
1403638573.2778294086 4.29002 -2.46448 -0.21796 0.24423 0.74849 -0.38610 0.48066
1403638573.3778295517 4.24958 -2.58573 -0.20914 0.24388 0.74920 -0.38511 0.48052
1403638573.4778294563 4.21546 -2.71539 -0.19915 0.24726 0.74940 -0.38517 0.47844
1403638573.5778295994 4.18721 -2.84338 -0.17882 0.24904 0.74960 -0.38513 0.47723
1403638573.6778295040 4.16254 -2.97583 -0.15233 0.25190 0.75016 -0.38533 0.47469
1403638573.7778294086 4.14445 -3.11118 -0.12239 0.25880 0.74650 -0.38864 0.47404
1403638573.8778295517 4.13292 -3.25079 -0.09306 0.27267 0.73644 -0.39399 0.47758
1403638573.9778294563 4.12592 -3.39366 -0.07044 0.28415 0.72111 -0.40730 0.48308
1403638574.0778295994 4.12210 -3.53432 -0.05517 0.28999 0.70109 -0.42853 0.49066
1403638574.1778295040 4.11819 -3.67251 -0.04609 0.29573 0.67910 -0.45248 0.49663
1403638574.2778294086 4.11193 -3.80680 -0.04247 0.30475 0.66013 -0.47499 0.49573
1403638574.3778295517 4.09575 -3.93887 -0.04353 0.31731 0.64690 -0.49480 0.48580
1403638574.4778294563 4.07079 -4.06589 -0.04804 0.33089 0.63539 -0.51277 0.47314
1403638574.5778295994 4.04210 -4.18620 -0.04984 0.34117 0.62425 -0.52726 0.46468
1403638574.6778295040 4.01050 -4.30550 -0.04324 0.35302 0.61749 -0.53477 0.45618
1403638574.7778294086 3.97742 -4.42123 -0.02930 0.36411 0.61709 -0.53755 0.44459
1403638574.8778295517 3.94471 -4.53281 -0.01143 0.36552 0.61879 -0.54227 0.43524
1403638574.9778294563 3.91048 -4.63900 0.00250 0.36397 0.62096 -0.54569 0.42914
1403638575.0778295994 3.87672 -4.74511 0.01013 0.35660 0.61966 -0.55067 0.43083
1403638575.1778295040 3.84309 -4.85025 0.01155 0.35102 0.61715 -0.55345 0.43542
1403638575.2778294086 3.80609 -4.96120 0.01022 0.34787 0.61580 -0.55419 0.43892
1403638575.3778295517 3.76709 -5.06917 0.00338 0.34502 0.61907 -0.55396 0.43685
1403638575.4778294563 3.72396 -5.18531 -0.00634 0.34314 0.62452 -0.55243 0.43249
1403638575.5778295994 3.67823 -5.30225 -0.01706 0.34230 0.62956 -0.54992 0.42904
1403638575.6778295040 3.63071 -5.42726 -0.02070 0.34584 0.63603 -0.54455 0.42348
1403638575.7778294086 3.58317 -5.55587 -0.01586 0.34683 0.64242 -0.54153 0.41683
1403638575.8778295517 3.53698 -5.68742 -0.00188 0.34668 0.64659 -0.53946 0.41318
1403638575.9778294563 3.49580 -5.82232 0.02324 0.34614 0.64714 -0.53853 0.41397
1403638576.0778295994 3.45929 -5.96069 0.05555 0.34699 0.64799 -0.53694 0.41401
1403638576.1778295040 3.42612 -6.10620 0.09282 0.34789 0.64668 -0.53636 0.41606
1403638576.2778294086 3.39691 -6.25615 0.12712 0.35181 0.64724 -0.53366 0.41535
1403638576.3778295517 3.36972 -6.41216 0.15530 0.35637 0.64894 -0.53054 0.41280
1403638576.4778294563 3.34778 -6.57245 0.17740 0.36015 0.65154 -0.52798 0.40868
1403638576.5778295994 3.33134 -6.73901 0.19388 0.36473 0.65557 -0.52499 0.40197
1403638576.6778295040 3.32215 -6.90814 0.20636 0.36788 0.65714 -0.52270 0.39952
1403638576.7778294086 3.32151 -7.07864 0.21489 0.37281 0.65469 -0.51906 0.40370
1403638576.8778295517 3.32791 -7.24866 0.21862 0.37558 0.64975 -0.51718 0.41144
1403638576.9778294563 3.34244 -7.41550 0.21721 0.37362 0.64331 -0.51896 0.42101
1403638577.0778295994 3.36410 -7.57869 0.21454 0.36940 0.63935 -0.52240 0.42647
1403638577.1778295040 3.38962 -7.74038 0.21901 0.36662 0.63662 -0.52450 0.43036
1403638577.2778294086 3.41776 -7.90055 0.22961 0.36701 0.63712 -0.52427 0.42956
1403638577.3778295517 3.44824 -8.06047 0.24937 0.37365 0.64141 -0.51941 0.42331
1403638577.4778294563 3.48289 -8.21743 0.27472 0.37794 0.64380 -0.51626 0.41971
1403638577.5778295994 3.52245 -8.37026 0.29645 0.37506 0.64357 -0.51807 0.42042
1403638577.6778295040 3.56706 -8.51945 0.31217 0.37162 0.64227 -0.52050 0.42245
1403638577.7778294086 3.61589 -8.66515 0.32012 0.36878 0.64159 -0.52229 0.42376
1403638577.8778295517 3.66942 -8.81253 0.32324 0.36846 0.64179 -0.52213 0.42394
1403638577.9778294563 3.72590 -8.94985 0.32333 0.36942 0.64228 -0.52079 0.42402
1403638578.0778295994 3.78666 -9.09531 0.33055 0.36847 0.64156 -0.52063 0.42611
1403638578.1778295040 3.85061 -9.22913 0.34353 0.36383 0.63824 -0.52336 0.43170
1403638578.2778294086 3.91537 -9.36844 0.36237 0.35549 0.63332 -0.52890 0.43908
1403638578.3778295517 3.97894 -9.50852 0.38055 0.35345 0.63093 -0.53056 0.44216
1403638578.4778294563 4.03958 -9.64549 0.39238 0.35376 0.63061 -0.53075 0.44214
1403638578.5778295994 4.09768 -9.78021 0.39928 0.35374 0.63034 -0.53113 0.44210
1403638578.6778295040 4.15615 -9.91606 0.40213 0.35622 0.63023 -0.52998 0.44163
1403638578.7778294086 4.20888 -10.04253 0.40229 0.36138 0.63293 -0.52653 0.43770
1403638578.8778295517 4.26835 -10.17256 0.39857 0.36663 0.63577 -0.52296 0.43346
1403638578.9778294563 4.32057 -10.29227 0.39491 0.36910 0.63732 -0.52054 0.43200
1403638579.0778295994 4.37833 -10.42067 0.39892 0.36955 0.63811 -0.51935 0.43188
1403638579.1778295040 4.43427 -10.53981 0.41124 0.36986 0.63852 -0.51832 0.43224
1403638579.2778294086 4.49821 -10.65998 0.42979 0.36755 0.63748 -0.51939 0.43446
1403638579.3778295517 4.56433 -10.77672 0.44788 0.36197 0.63423 -0.52304 0.43949
1403638579.4778294563 4.63075 -10.89539 0.46412 0.35616 0.62995 -0.52702 0.44560
1403638579.5778295994 4.69519 -11.00761 0.47204 0.35491 0.62710 -0.52463 0.45337
1403638579.6778295040 4.76056 -11.12124 0.47543 0.35741 0.62774 -0.51256 0.46420
1403638579.7778294086 4.82293 -11.22877 0.47391 0.35632 0.63834 -0.49357 0.47110
1403638579.8778295517 4.88458 -11.32881 0.46549 0.34601 0.65828 -0.47254 0.47292
1403638579.9778294563 4.94574 -11.42561 0.45245 0.32887 0.67816 -0.44784 0.48103
1403638580.0778295994 5.00533 -11.51387 0.43721 0.31438 0.69249 -0.41389 0.50032
1403638580.1778295040 5.06803 -11.59406 0.41900 0.29464 0.70667 -0.37724 0.52105
1403638580.2778294086 5.12805 -11.66562 0.39648 0.26804 0.72369 -0.34276 0.53567
1403638580.3778295517 5.18400 -11.72735 0.36834 0.23795 0.73965 -0.31668 0.54407
1403638580.4778294563 5.23291 -11.78483 0.33599 0.21162 0.75125 -0.30017 0.54840
1403638580.5778295994 5.27668 -11.84127 0.30256 0.19402 0.75830 -0.28722 0.55212
1403638580.6778295040 5.31870 -11.89552 0.26929 0.17883 0.76842 -0.27254 0.55069
1403638580.7778294086 5.35633 -11.94831 0.24282 0.16889 0.77844 -0.25770 0.54690
1403638580.8778295517 5.39034 -12.00080 0.22487 0.16404 0.78523 -0.24675 0.54371
1403638580.9778294563 5.42660 -12.05353 0.21738 0.15804 0.78653 -0.24331 0.54516
1403638581.0778295994 5.46164 -12.10430 0.21852 0.15665 0.78751 -0.24151 0.54494
1403638581.1778295040 5.49720 -12.15590 0.22657 0.15900 0.78730 -0.24012 0.54517
1403638581.2778294086 5.53405 -12.20510 0.23479 0.16293 0.78714 -0.24000 0.54430
1403638581.3778295517 5.57315 -12.25284 0.24708 0.16619 0.78578 -0.24092 0.54488
1403638581.4778294563 5.60604 -12.29941 0.25895 0.16889 0.78341 -0.24245 0.54678
1403638581.5778295994 5.64085 -12.34301 0.28218 0.17183 0.78266 -0.24456 0.54599
1403638581.6778295040 5.67709 -12.38182 0.29834 0.17718 0.77815 -0.24450 0.55074
1403638581.7778294086 5.70841 -12.41565 0.31615 0.17904 0.77465 -0.24598 0.55440
1403638581.8778295517 5.73562 -12.43947 0.33008 0.18184 0.77163 -0.24610 0.55763
1403638581.9778294563 5.77172 -12.46792 0.32999 0.18577 0.76392 -0.24472 0.56748
1403638582.0778295994 5.79071 -12.47673 0.34025 0.18499 0.76580 -0.24634 0.56449
1403638582.1778295040 5.80546 -12.48244 0.35704 0.18102 0.77339 -0.24949 0.55395
1403638582.2778294086 5.82886 -12.49705 0.37761 0.18135 0.77631 -0.24976 0.54961
1403638582.3778295517 5.84046 -12.50097 0.41751 0.18378 0.77360 -0.24711 0.55382
1403638582.4778294563 5.85930 -12.51213 0.45793 0.18582 0.77270 -0.24533 0.55518
1403638582.5778295994 5.87449 -12.51831 0.51011 0.18679 0.77263 -0.24409 0.55550
1403638582.6778295040 5.88458 -12.51883 0.57391 0.18637 0.77438 -0.24397 0.55325
1403638582.7778294086 5.90205 -12.51923 0.64136 0.18435 0.77651 -0.24583 0.55010
1403638582.8778295517 5.91914 -12.51482 0.71117 0.18457 0.77845 -0.24639 0.54702
1403638582.9778294563 5.93453 -12.50763 0.77437 0.18341 0.78106 -0.24787 0.54302
1403638583.0778295994 5.94656 -12.49647 0.83004 0.18237 0.78389 -0.24954 0.53850
1403638583.1778295040 5.95825 -12.48419 0.87826 0.18200 0.78584 -0.25014 0.53550
1403638583.2778294086 5.97342 -12.46929 0.92015 0.18067 0.78684 -0.25135 0.53392
1403638583.3778295517 5.99663 -12.45656 0.95487 0.18067 0.78654 -0.25166 0.53420
1403638583.4778294563 6.01082 -12.43729 0.99172 0.18077 0.78786 -0.25151 0.53230
1403638583.5778295994 6.02973 -12.41603 1.03384 0.18093 0.78827 -0.25124 0.53176
1403638583.6778295040 6.04725 -12.39388 1.08369 0.18257 0.78905 -0.24993 0.53067
1403638583.7778294086 6.06575 -12.37078 1.13438 0.18210 0.78917 -0.24995 0.53064
1403638583.8778295517 6.10712 -12.34854 1.16878 0.18181 0.78753 -0.25135 0.53250
1403638583.9778294563 6.12784 -12.31973 1.20811 0.18202 0.78807 -0.25112 0.53174
1403638584.0778295994 6.15246 -12.29182 1.24056 0.18484 0.78511 -0.24894 0.53616
1403638584.1778295040 6.19283 -12.25342 1.26365 0.18948 0.77607 -0.24617 0.54882
1403638584.2778294086 6.22553 -12.21426 1.28918 0.19217 0.76777 -0.24400 0.56041
1403638584.3778295517 6.25865 -12.16745 1.29856 0.19372 0.76474 -0.24312 0.56439
1403638584.4778294563 6.29051 -12.11235 1.30210 0.19481 0.76435 -0.24282 0.56467
1403638584.5778295994 6.30597 -12.05862 1.31305 0.19424 0.76494 -0.24294 0.56402
1403638584.6778295040 6.31520 -11.99197 1.33039 0.19194 0.76694 -0.24422 0.56153
1403638584.7778294086 6.32815 -11.90590 1.34249 0.18827 0.77305 -0.24712 0.55307
1403638584.8778295517 6.32623 -11.82601 1.36938 0.18177 0.78055 -0.25171 0.54254
1403638584.9778294563 6.31999 -11.73095 1.37879 0.17941 0.78330 -0.25413 0.53821
1403638585.0778295994 6.31615 -11.64006 1.38324 0.17857 0.78378 -0.25501 0.53737
1403638585.1778295040 6.31079 -11.55825 1.39382 0.17595 0.78375 -0.25631 0.53766
1403638585.2778294086 6.31646 -11.46777 1.38137 0.17746 0.78148 -0.25548 0.54086
1403638585.3778295517 6.31604 -11.38213 1.38218 0.17814 0.77963 -0.25480 0.54362
1403638585.4778294563 6.31405 -11.29595 1.36227 0.17868 0.77925 -0.25510 0.54385
1403638585.5778295994 6.31426 -11.20817 1.36608 0.17792 0.78106 -0.25513 0.54148
1403638585.6778295040 6.31807 -11.11968 1.36143 0.17852 0.78289 -0.25492 0.53873
1403638585.7778294086 6.31781 -11.02917 1.38161 0.17551 0.78772 -0.25718 0.53156
1403638585.8778295517 6.32004 -10.94899 1.39760 0.17265 0.79112 -0.25893 0.52657
1403638585.9778294563 6.32836 -10.86970 1.42569 0.17091 0.79074 -0.26078 0.52680
1403638586.0778295994 6.33940 -10.79017 1.45945 0.17315 0.78660 -0.26004 0.53260
1403638586.1778295040 6.35403 -10.71091 1.49021 0.17507 0.78390 -0.25961 0.53616
1403638586.2778294086 6.36368 -10.63075 1.51365 0.17742 0.78119 -0.25851 0.53984
1403638586.3778295517 6.37770 -10.55175 1.53345 0.18335 0.77828 -0.25480 0.54383
1403638586.4778294563 6.38790 -10.47065 1.54757 0.19148 0.77667 -0.24998 0.54555
1403638586.5778295994 6.40029 -10.38953 1.55772 0.19362 0.77623 -0.24865 0.54603
1403638586.6778295040 6.41196 -10.30041 1.55841 0.19089 0.77697 -0.25094 0.54489
1403638586.7778294086 6.42666 -10.21181 1.55475 0.18691 0.77678 -0.25353 0.54535
1403638586.8778295517 6.43898 -10.11954 1.54318 0.18513 0.77556 -0.25466 0.54715
1403638586.9778294563 6.44971 -10.02745 1.52915 0.18525 0.77550 -0.25431 0.54736
1403638587.0778295994 6.46069 -9.93064 1.50861 0.18485 0.77522 -0.25505 0.54755
1403638587.1778295040 6.47073 -9.83684 1.49667 0.18432 0.77664 -0.25477 0.54585
1403638587.2778294086 6.48159 -9.74147 1.48729 0.18400 0.77822 -0.25499 0.54361
1403638587.3778295517 6.48801 -9.64375 1.49053 0.18314 0.77989 -0.25538 0.54130
1403638587.4778294563 6.49628 -9.54495 1.49071 0.18158 0.77957 -0.25735 0.54135
1403638587.5778295994 6.50332 -9.44643 1.49393 0.18075 0.77964 -0.25831 0.54107
1403638587.6778295040 6.51079 -9.35175 1.48405 0.18072 0.77906 -0.25876 0.54172
1403638587.7778294086 6.51876 -9.25365 1.47539 0.18076 0.77875 -0.25921 0.54193
1403638587.8778295517 6.52763 -9.15452 1.46037 0.18022 0.77819 -0.26034 0.54237
1403638587.9778294563 6.53689 -9.05498 1.44447 0.18012 0.77795 -0.26082 0.54251
1403638588.0778295994 6.54017 -8.95982 1.42373 0.18102 0.77769 -0.25965 0.54315
1403638588.1778295040 6.54407 -8.86583 1.39939 0.18745 0.77883 -0.25502 0.54152
1403638588.2778294086 6.54381 -8.76099 1.37906 0.19017 0.77989 -0.25235 0.54030
1403638588.3778295517 6.55056 -8.65977 1.36242 0.19101 0.78046 -0.25144 0.53960
1403638588.4778294563 6.55571 -8.54905 1.35783 0.18915 0.78063 -0.25245 0.53955
1403638588.5778295994 6.56175 -8.44322 1.35714 0.18689 0.77988 -0.25401 0.54069
1403638588.6778295040 6.56427 -8.32889 1.36806 0.18464 0.77909 -0.25523 0.54202
1403638588.7778294086 6.57087 -8.21756 1.38095 0.18321 0.77759 -0.25649 0.54406
1403638588.8778295517 6.57224 -8.10319 1.39287 0.18083 0.77687 -0.25891 0.54474
1403638588.9778294563 6.57493 -7.99413 1.39418 0.18111 0.77674 -0.25919 0.54469
1403638589.0778295994 6.57850 -7.88233 1.39112 0.18164 0.77709 -0.25944 0.54389
1403638589.1778295040 6.58387 -7.77395 1.37922 0.18328 0.77702 -0.25862 0.54385
1403638589.2778294086 6.58572 -7.66688 1.36668 0.18308 0.77615 -0.25889 0.54502
1403638589.3778295517 6.58686 -7.55585 1.34935 0.18345 0.77612 -0.25849 0.54514
1403638589.4778294563 6.58357 -7.44299 1.33971 0.18298 0.77695 -0.25915 0.54378
1403638589.5778295994 6.57869 -7.33327 1.33191 0.18231 0.77677 -0.25934 0.54418
1403638589.6778295040 6.57576 -7.22224 1.33605 0.18193 0.77729 -0.25940 0.54354
1403638589.7778294086 6.57219 -7.11243 1.34387 0.18238 0.77875 -0.25967 0.54116
1403638589.8778295517 6.56582 -6.99808 1.35632 0.18239 0.77936 -0.26061 0.53982
1403638589.9778294563 6.56081 -6.89127 1.35647 0.18255 0.77930 -0.26116 0.53960
1403638590.0778295994 6.54882 -6.77429 1.35537 0.18234 0.77913 -0.26207 0.53947
1403638590.1778295040 6.54094 -6.66531 1.34690 0.18305 0.77810 -0.26226 0.54062
1403638590.2778294086 6.53304 -6.55291 1.33804 0.18306 0.77741 -0.26283 0.54134
1403638590.3778295517 6.52538 -6.44345 1.32103 0.18339 0.77775 -0.26323 0.54054
1403638590.4778294563 6.51575 -6.33555 1.30668 0.18367 0.77841 -0.26380 0.53922
1403638590.5778295994 6.50533 -6.23001 1.28888 0.18257 0.77934 -0.26450 0.53790
1403638590.6778295040 6.49382 -6.12450 1.28309 0.18072 0.78104 -0.26550 0.53556
1403638590.7778294086 6.48599 -6.01958 1.28252 0.18013 0.78195 -0.26592 0.53423
1403638590.8778295517 6.47586 -5.91700 1.29081 0.18041 0.78273 -0.26595 0.53297
1403638590.9778294563 6.46810 -5.81694 1.30470 0.17928 0.78334 -0.26672 0.53207
1403638591.0778295994 6.45631 -5.71029 1.32321 0.17776 0.78405 -0.26828 0.53075
1403638591.1778295040 6.45005 -5.61396 1.33578 0.17667 0.78825 -0.26944 0.52426
1403638591.2778294086 6.44517 -5.51871 1.34072 0.17410 0.79386 -0.27194 0.51529
1403638591.3778295517 6.44553 -5.42725 1.33921 0.17085 0.79785 -0.27475 0.50869
1403638591.4778294563 6.45294 -5.33812 1.33108 0.16835 0.80034 -0.27703 0.50435
1403638591.5778295994 6.46537 -5.25675 1.31768 0.16579 0.80288 -0.27945 0.49981
1403638591.6778295040 6.48487 -5.18539 1.29961 0.16488 0.80297 -0.28059 0.49931
1403638591.7778294086 6.51342 -5.12399 1.28156 0.16709 0.80102 -0.27971 0.50221
1403638591.8778295517 6.55044 -5.07776 1.26633 0.16824 0.79880 -0.27890 0.50579
1403638591.9778294563 6.59236 -5.03918 1.25827 0.16909 0.79621 -0.27810 0.51001
1403638592.0778295994 6.64086 -5.01085 1.25551 0.16952 0.79351 -0.27710 0.51461
1403638592.1778295040 6.69274 -4.98400 1.26599 0.16778 0.79066 -0.27533 0.52048
1403638592.2778294086 6.74675 -4.96497 1.28596 0.16277 0.78512 -0.27003 0.53308
1403638592.3778295517 6.80096 -4.95041 1.31506 0.15400 0.78238 -0.26117 0.54402
1403638592.4778294563 6.85196 -4.94146 1.35292 0.14226 0.78487 -0.24747 0.54999
1403638592.5778295994 6.89627 -4.94036 1.39824 0.13427 0.79228 -0.23330 0.54758
1403638592.6778295040 6.93352 -4.94610 1.45022 0.12739 0.79959 -0.22202 0.54327
1403638592.7778294086 6.96703 -4.95657 1.50143 0.12167 0.80662 -0.21433 0.53723
1403638592.8778295517 6.99917 -4.97001 1.54615 0.11707 0.81155 -0.20923 0.53282
1403638592.9778294563 7.03506 -4.98388 1.58413 0.11584 0.81392 -0.20534 0.53099
1403638593.0778295994 7.08190 -4.99954 1.61560 0.11484 0.81447 -0.20394 0.53091
1403638593.1778295040 7.12627 -5.02161 1.64932 0.11460 0.81268 -0.20293 0.53408
1403638593.2778294086 7.18307 -5.04733 1.68740 0.12130 0.80944 -0.19910 0.53894
1403638593.3778295517 7.23660 -5.07538 1.73284 0.13013 0.80609 -0.19401 0.54374
1403638593.4778294563 7.29239 -5.10192 1.77606 0.13826 0.80156 -0.19017 0.54975
1403638593.5778295994 7.34925 -5.12658 1.81204 0.14271 0.79864 -0.18880 0.55332
1403638593.6778295040 7.40719 -5.14817 1.84116 0.14530 0.79748 -0.18820 0.55453
1403638593.7778294086 7.46511 -5.16602 1.86492 0.14657 0.79415 -0.18831 0.55891
1403638593.8778295517 7.52169 -5.18027 1.88805 0.14229 0.78368 -0.18812 0.57464
1403638593.9778294563 7.57126 -5.18856 1.91660 0.13548 0.78033 -0.18469 0.58191
1403638594.0778295994 7.61415 -5.19237 1.94784 0.12704 0.78564 -0.18250 0.57735
1403638594.1778295040 7.64991 -5.19412 1.98253 0.12463 0.79152 -0.17775 0.57129
1403638594.2778294086 7.68078 -5.19264 2.01440 0.12506 0.79367 -0.17288 0.56971
1403638594.3778295517 7.70892 -5.18749 2.04293 0.12746 0.79245 -0.16797 0.57232
1403638594.4778294563 7.73371 -5.17679 2.07715 0.13125 0.79099 -0.16266 0.57502
1403638594.5778295994 7.75463 -5.16216 2.11451 0.12567 0.79074 -0.16460 0.57606
1403638594.6778295040 7.77138 -5.14411 2.16133 0.12006 0.79102 -0.16776 0.57597
1403638594.7778294086 7.78478 -5.12530 2.20002 0.11779 0.79125 -0.16966 0.57555
1403638594.8778295517 7.79574 -5.10425 2.23824 0.11633 0.79125 -0.17134 0.57536
1403638594.9778294563 7.80402 -5.08209 2.26317 0.11722 0.79264 -0.17186 0.57311
1403638595.0778295994 7.80971 -5.05893 2.28268 0.11579 0.79346 -0.17370 0.57170
1403638595.1778295040 7.81470 -5.03452 2.29588 0.11558 0.79362 -0.17497 0.57114
1403638595.2778294086 7.81983 -5.00936 2.30295 0.11614 0.79377 -0.17531 0.57071
1403638595.3778295517 7.82256 -4.98360 2.31702 0.11595 0.79397 -0.17594 0.57028
1403638595.4778294563 7.82289 -4.96007 2.31177 0.11588 0.79404 -0.17614 0.57013
1403638595.5778295994 7.82424 -4.93594 2.30720 0.11590 0.79478 -0.17581 0.56920
1403638595.6778295040 7.82511 -4.91252 2.30925 0.11807 0.79495 -0.17402 0.56906
1403638595.7778294086 7.82343 -4.88850 2.31589 0.12211 0.79591 -0.17092 0.56781
1403638595.8778295517 7.82277 -4.86163 2.31943 0.12335 0.79626 -0.17017 0.56727
1403638595.9778294563 7.82241 -4.83311 2.30932 0.12571 0.79599 -0.16884 0.56753
1403638596.0778295994 7.82837 -4.80181 2.31344 0.13310 0.79804 -0.16359 0.56449
1403638596.1778295040 7.82841 -4.76934 2.28995 0.14404 0.79949 -0.15566 0.56200
1403638596.2778294086 7.82746 -4.72877 2.27369 0.15523 0.80125 -0.14725 0.55876
1403638596.3778295517 7.82802 -4.67549 2.28469 0.16421 0.80209 -0.13944 0.55699
1403638596.4778294563 7.83347 -4.61337 2.28539 0.16970 0.80168 -0.13461 0.55713
1403638596.5778295994 7.84199 -4.53732 2.30920 0.17636 0.80285 -0.12894 0.55472
1403638596.6778295040 7.85570 -4.44740 2.32536 0.18386 0.80289 -0.12300 0.55356
1403638596.7778294086 7.87290 -4.33906 2.34914 0.18768 0.80267 -0.11974 0.55332
1403638596.8778295517 7.89440 -4.21268 2.39217 0.19119 0.80214 -0.11654 0.55356
1403638596.9778294563 7.92308 -4.07223 2.42305 0.19293 0.80047 -0.11573 0.55555
1403638597.0778295994 7.95425 -3.91489 2.45775 0.19591 0.79958 -0.11446 0.55605
1403638597.1778295040 7.98874 -3.74576 2.48443 0.19805 0.79777 -0.11397 0.55798
1403638597.2778294086 8.02484 -3.56186 2.50405 0.19554 0.79476 -0.11719 0.56248
1403638597.3778295517 8.06177 -3.36248 2.51768 0.19104 0.79283 -0.12180 0.56576
1403638597.4778294563 8.10333 -3.14842 2.52843 0.18240 0.78932 -0.12897 0.57191
1403638597.5778295994 8.14094 -2.92833 2.53259 0.16944 0.78431 -0.13889 0.58039
1403638597.6778295040 8.17640 -2.69996 2.53213 0.16488 0.78193 -0.14305 0.58390
1403638597.7778294086 8.21052 -2.46273 2.52650 0.16883 0.78383 -0.13793 0.58145
1403638597.8778295517 8.24727 -2.21400 2.51713 0.17352 0.78691 -0.12612 0.57858
1403638597.9778294563 8.28547 -1.95320 2.50555 0.17504 0.78896 -0.11671 0.57730
1403638598.0778295994 8.32782 -1.67877 2.49871 0.16906 0.78915 -0.11398 0.57937
1403638598.1778295040 8.36714 -1.39100 2.49891 0.14775 0.79061 -0.12318 0.58131
1403638598.2778294086 8.40752 -1.09457 2.50312 0.13125 0.79259 -0.13171 0.58072
1403638598.3778295517 8.44540 -0.79727 2.50500 0.12096 0.79452 -0.13706 0.57906
1403638598.4778294563 8.48302 -0.50018 2.50156 0.11723 0.79706 -0.13932 0.57580
1403638598.5778295994 8.51976 -0.20437 2.49162 0.11317 0.79946 -0.13757 0.57370
1403638598.6778295040 8.55590 0.09022 2.47579 0.10996 0.80203 -0.12978 0.57255
1403638598.7778294086 8.58767 0.38112 2.46120 0.10225 0.80448 -0.11976 0.57273
1403638598.8778295517 8.61439 0.66882 2.45221 0.09359 0.80593 -0.10551 0.57496
1403638598.9778294563 8.63611 0.95220 2.44640 0.08374 0.80870 -0.08974 0.57527
1403638599.0778295994 8.65637 1.23454 2.44659 0.07187 0.81040 -0.07326 0.57682
1403638599.1778295040 8.67370 1.51585 2.45400 0.05992 0.81205 -0.05614 0.57779
1403638599.2778294086 8.68742 1.79533 2.46642 0.04908 0.81435 -0.03728 0.57709
1403638599.3778295517 8.69850 2.07217 2.48624 0.03648 0.81791 -0.02008 0.57384
1403638599.4778294563 8.70764 2.34667 2.51078 0.02739 0.82037 -0.00715 0.57113
1403638599.5778295994 8.71701 2.61974 2.53302 0.02199 0.82287 0.00122 0.56781
1403638599.6778295040 8.72434 2.89041 2.54619 0.01771 0.82444 0.00612 0.56565
1403638599.7778294086 8.73224 3.16193 2.55025 0.01612 0.82461 0.00754 0.56543
1403638599.8778295517 8.74108 3.42965 2.54743 0.01410 0.82592 0.00569 0.56359
1403638599.9778294563 8.75289 3.69536 2.54078 0.01013 0.82604 0.00061 0.56352
1403638600.0778295994 8.76985 3.96074 2.53068 0.00345 0.82720 -0.00695 0.56185
1403638600.1778295040 8.79081 4.22123 2.51619 -0.00891 0.82880 -0.01877 0.55916
1403638600.2778294086 8.81221 4.47357 2.49625 -0.01888 0.83084 -0.02898 0.55544
1403638600.3778295517 8.83699 4.71403 2.47526 -0.02669 0.83215 -0.03753 0.55263
1403638600.4778294563 8.86719 4.93870 2.46007 -0.03293 0.83314 -0.04385 0.55033
1403638600.5778295994 8.90362 5.15056 2.45595 -0.03105 0.83394 -0.04468 0.54916
1403638600.6778295040 8.94429 5.34907 2.45987 -0.03353 0.83546 -0.04789 0.54643
1403638600.7778294086 8.98900 5.53543 2.47105 -0.03316 0.83923 -0.04798 0.54065
1403638600.8778295517 9.04272 5.70343 2.48716 -0.02234 0.84320 -0.03945 0.53568
1403638600.9778294563 9.10033 5.85876 2.50022 -0.00558 0.84552 -0.02604 0.53329
1403638601.0778295994 9.16329 6.00357 2.50646 0.00358 0.84588 -0.01772 0.53307
1403638601.1778295040 9.23805 6.14977 2.50817 0.01179 0.84457 -0.01150 0.53519
1403638601.2778294086 9.31957 6.29222 2.50712 0.02141 0.83846 -0.00371 0.54453
1403638601.3778295517 9.40540 6.42962 2.50417 0.01869 0.83347 0.00054 0.55225
1403638601.4778294563 9.49548 6.57274 2.50563 0.00561 0.82910 0.00552 0.55904
1403638601.5778295994 9.58788 6.71771 2.51427 -0.00515 0.82441 0.02010 0.56561
1403638601.6778295040 9.68145 6.86039 2.52753 -0.01625 0.82190 0.04046 0.56797
1403638601.7778294086 9.77373 7.00356 2.54722 -0.02891 0.81909 0.06618 0.56910
1403638601.8778295517 9.86379 7.14614 2.57409 -0.04290 0.81435 0.09513 0.57092
1403638601.9778294563 9.94852 7.28990 2.60209 -0.05767 0.81134 0.11873 0.56947
1403638602.0778295994 10.03032 7.43588 2.62451 -0.06909 0.80978 0.13581 0.56660
1403638602.1778295040 10.10430 7.57927 2.64050 -0.07545 0.80500 0.15191 0.56851
1403638602.2778294086 10.17410 7.72526 2.65063 -0.08349 0.79788 0.16974 0.57237
1403638602.3778295517 10.24219 7.87842 2.66121 -0.10629 0.78676 0.18248 0.58001
1403638602.4778294563 10.30255 8.03303 2.68177 -0.14107 0.76461 0.18946 0.59965
1403638602.5778295994 10.35151 8.17928 2.70974 -0.17691 0.74271 0.19465 0.61579
1403638602.6778295040 10.38746 8.31074 2.74262 -0.19770 0.73225 0.20852 0.61744
1403638602.7778294086 10.40463 8.42364 2.78044 -0.20892 0.72773 0.22870 0.61193
1403638602.8778295517 10.39619 8.51895 2.82103 -0.22011 0.72396 0.24857 0.60469
1403638602.9778294563 10.37358 8.60109 2.86411 -0.24019 0.72352 0.26445 0.59068
1403638603.0778295994 10.34439 8.66738 2.90497 -0.25941 0.71815 0.27942 0.58215
1403638603.1778295040 10.31210 8.72222 2.93916 -0.27170 0.71064 0.29391 0.57861
1403638603.2778294086 10.27175 8.76681 2.96156 -0.26982 0.71813 0.31094 0.56107
1403638603.3778295517 10.22388 8.79382 2.97484 -0.26354 0.73105 0.32477 0.53910
1403638603.4778294563 10.17275 8.81738 2.98356 -0.26035 0.73934 0.33166 0.52497
1403638603.5778295994 10.12430 8.83658 2.99088 -0.26191 0.73704 0.33628 0.52449
1403638603.6778295040 10.07314 8.86092 2.99568 -0.26357 0.72940 0.33870 0.53273
1403638603.7778294086 10.02403 8.87563 2.98943 -0.25710 0.72074 0.34494 0.54355
1403638603.8778295517 9.96595 8.89246 2.98241 -0.24961 0.71363 0.34985 0.55321
1403638603.9778294563 9.90044 8.90416 2.96987 -0.24411 0.70707 0.35287 0.56209
1403638604.0778295994 9.83107 8.90696 2.94692 -0.23820 0.70352 0.35584 0.56719
1403638604.1778295040 9.74929 8.90716 2.93525 -0.23722 0.70308 0.35721 0.56728
1403638604.2778294086 9.65563 8.90263 2.92316 -0.24348 0.70710 0.35307 0.56220
1403638604.3778295517 9.54988 8.88908 2.92295 -0.24924 0.71467 0.35010 0.55187
1403638604.4778294563 9.43739 8.87296 2.92707 -0.24744 0.72257 0.35155 0.54136
1403638604.5778295994 9.32101 8.85470 2.93647 -0.24574 0.72725 0.35259 0.53516
1403638604.6778295040 9.20112 8.83398 2.94141 -0.24839 0.73062 0.35084 0.53048
1403638604.7778294086 9.07946 8.80984 2.94311 -0.25224 0.73252 0.34858 0.52753
1403638604.8778295517 8.95874 8.78175 2.94464 -0.25341 0.73562 0.34829 0.52282
1403638604.9778294563 8.84049 8.75286 2.95006 -0.25110 0.74146 0.35050 0.51413
1403638605.0778295994 8.72575 8.72779 2.96221 -0.24849 0.74812 0.35217 0.50452
1403638605.1778295040 8.61514 8.70523 2.98277 -0.24572 0.75220 0.35418 0.49836
1403638605.2778294086 8.51228 8.68884 3.00594 -0.24169 0.75332 0.35699 0.49664
1403638605.3778295517 8.41487 8.67541 3.02480 -0.23532 0.74877 0.36169 0.50314
1403638605.4778294563 8.31907 8.66479 3.03873 -0.22824 0.73882 0.36752 0.51670
1403638605.5778295994 8.22458 8.65852 3.04715 -0.22264 0.73048 0.37214 0.52758
1403638605.6778295040 8.12546 8.65475 3.05098 -0.21829 0.72461 0.37600 0.53471
1403638605.7778294086 8.01899 8.65544 3.05788 -0.21703 0.72361 0.37719 0.53574
1403638605.8778295517 7.90700 8.66215 3.07460 -0.21444 0.72354 0.37914 0.53550
1403638605.9778294563 7.78925 8.67568 3.09714 -0.21039 0.72276 0.38155 0.53645
1403638606.0778295994 7.66323 8.69572 3.11836 -0.20791 0.72288 0.38242 0.53663
1403638606.1778295040 7.52802 8.71781 3.13109 -0.20496 0.72237 0.38426 0.53714
1403638606.2778294086 7.38821 8.75006 3.13854 -0.20311 0.72347 0.38474 0.53601
1403638606.3778295517 7.23962 8.78734 3.13352 -0.20895 0.73175 0.38005 0.52578
1403638606.4778294563 7.08801 8.83244 3.12179 -0.21716 0.74177 0.37358 0.51290
1403638606.5778295994 6.93858 8.88491 3.10319 -0.22428 0.75031 0.36882 0.50071
1403638606.6778295040 6.79324 8.94547 3.07933 -0.22971 0.75362 0.37078 0.49175
1403638606.7778294086 6.65300 9.01455 3.04982 -0.23463 0.75366 0.37963 0.48252
1403638606.8778295517 6.51636 9.08978 3.01946 -0.24323 0.75007 0.39205 0.47384
1403638606.9778294563 6.38688 9.17210 2.99574 -0.25402 0.74293 0.40730 0.46651
1403638607.0778295994 6.26594 9.26309 2.98308 -0.26743 0.73427 0.42171 0.45988
1403638607.1778295040 6.15467 9.36142 2.97858 -0.28371 0.72473 0.42861 0.45888
1403638607.2778294086 6.05309 9.46215 2.97466 -0.29728 0.71143 0.43312 0.46680
1403638607.3778295517 5.95301 9.56420 2.96374 -0.30979 0.70310 0.43337 0.47104
1403638607.4778294563 5.85596 9.66701 2.94375 -0.31542 0.70023 0.43419 0.47082
1403638607.5778295994 5.76240 9.76637 2.91710 -0.31700 0.69931 0.43553 0.46989
1403638607.6778295040 5.67204 9.86168 2.88739 -0.31830 0.69753 0.43560 0.47158
1403638607.7778294086 5.58869 9.95534 2.85390 -0.31660 0.69609 0.43606 0.47442
1403638607.8778295517 5.50881 10.04574 2.81606 -0.31773 0.69835 0.43382 0.47240
1403638607.9778294563 5.43574 10.13251 2.77397 -0.31995 0.70283 0.43027 0.46748
1403638608.0778295994 5.37086 10.21783 2.72690 -0.32078 0.70173 0.42765 0.47095
1403638608.1778295040 5.31477 10.29533 2.67440 -0.31747 0.69844 0.42847 0.47728
1403638608.2778294086 5.25815 10.36990 2.61946 -0.31626 0.69378 0.42806 0.48519
1403638608.3778295517 5.21520 10.43178 2.55692 -0.31746 0.68746 0.42729 0.49400
1403638608.4778294563 5.16223 10.49849 2.49142 -0.31776 0.68720 0.42712 0.49432
1403638608.5778295994 5.11889 10.55218 2.41777 -0.31657 0.68810 0.42822 0.49288
1403638608.6778295040 5.05819 10.61284 2.35042 -0.32172 0.68528 0.42448 0.49669
1403638608.7778294086 5.00990 10.66294 2.28535 -0.32242 0.68544 0.42424 0.49623
1403638608.8778295517 4.96113 10.70622 2.22584 -0.32147 0.68870 0.42567 0.49108
1403638608.9778294563 4.90601 10.74646 2.17557 -0.32050 0.69276 0.42649 0.48525
1403638609.0778295994 4.85519 10.78110 2.13143 -0.32005 0.69551 0.42686 0.48128
1403638609.1778295040 4.80081 10.81408 2.09365 -0.32165 0.69606 0.42511 0.48096
1403638609.2778294086 4.74392 10.84427 2.05603 -0.32911 0.69631 0.41899 0.48093
1403638609.3778295517 4.70071 10.87252 2.01079 -0.32797 0.69658 0.41941 0.48094
1403638609.4778294563 4.65067 10.89712 1.95804 -0.32385 0.69672 0.42114 0.48202
1403638609.5778295994 4.61319 10.91360 1.89925 -0.32045 0.69662 0.42305 0.48276
1403638609.6778295040 4.57172 10.93022 1.83326 -0.31823 0.69591 0.42382 0.48457
1403638609.7778294086 4.54100 10.94007 1.76867 -0.31716 0.69586 0.42457 0.48469
1403638609.8778295517 4.51605 10.94997 1.71026 -0.31788 0.69598 0.42421 0.48437
1403638609.9778294563 4.48661 10.95391 1.66000 -0.31883 0.69547 0.42320 0.48536
1403638610.0778295994 4.45792 10.95658 1.61712 -0.32205 0.69346 0.41997 0.48890
1403638610.1778295040 4.43208 10.95629 1.57900 -0.32310 0.69049 0.41870 0.49348
1403638610.2778294086 4.40857 10.95100 1.53655 -0.32548 0.68917 0.41663 0.49551
1403638610.3778295517 4.38232 10.94153 1.48762 -0.32616 0.68903 0.41555 0.49617
1403638610.4778294563 4.35598 10.92555 1.43195 -0.32609 0.68766 0.41439 0.49907
1403638610.5778295994 4.33191 10.90768 1.37671 -0.32866 0.68262 0.41201 0.50621
1403638610.6778295040 4.30998 10.88191 1.32102 -0.33297 0.67772 0.40880 0.51255
1403638610.7778294086 4.28734 10.84576 1.26659 -0.33079 0.68292 0.41144 0.50490
1403638610.8778295517 4.26138 10.80313 1.21923 -0.32717 0.68924 0.41514 0.49556
1403638610.9778294563 4.23477 10.75752 1.17917 -0.32750 0.68983 0.41518 0.49447
1403638611.0778295994 4.20545 10.70757 1.13743 -0.33016 0.68720 0.41283 0.49832
1403638611.1778295040 4.18373 10.65282 1.09337 -0.33137 0.68630 0.41295 0.49865
1403638611.2778294086 4.16115 10.59422 1.04851 -0.33058 0.68609 0.41380 0.49877
1403638611.3778295517 4.14047 10.52918 1.00855 -0.32411 0.68393 0.41813 0.50235
1403638611.4778294563 4.11484 10.45635 0.97447 -0.31169 0.67998 0.42574 0.50915
1403638611.5778295994 4.09120 10.38117 0.94858 -0.30283 0.67976 0.43099 0.51036
1403638611.6778295040 4.06507 10.30091 0.92742 -0.30128 0.68217 0.43155 0.50759
1403638611.7778294086 4.03937 10.21987 0.90295 -0.30737 0.68777 0.42747 0.49978
1403638611.8778295517 4.00789 10.14018 0.87369 -0.31277 0.69328 0.42311 0.49246
1403638611.9778294563 3.98553 10.05856 0.84112 -0.31599 0.69639 0.42094 0.48784
1403638612.0778295994 3.96401 9.97736 0.81181 -0.31583 0.69827 0.42111 0.48512
1403638612.1778295040 3.93749 9.89470 0.78700 -0.31729 0.69953 0.41970 0.48357
1403638612.2778294086 3.91977 9.81583 0.77368 -0.31778 0.69956 0.41945 0.48342
1403638612.3778295517 3.89843 9.73309 0.76321 -0.31605 0.69914 0.42030 0.48442
1403638612.4778294563 3.88009 9.65180 0.74904 -0.31530 0.69804 0.41961 0.48709
1403638612.5778295994 3.86141 9.56696 0.72928 -0.31252 0.69585 0.42035 0.49135
1403638612.6778295040 3.84172 9.48342 0.70369 -0.30664 0.69405 0.42299 0.49532
1403638612.7778294086 3.82180 9.40135 0.67031 -0.30373 0.69306 0.42294 0.49853
1403638612.8778295517 3.79938 9.31587 0.63877 -0.30398 0.69194 0.42084 0.50170
1403638612.9778294563 3.77716 9.23092 0.60941 -0.30514 0.69249 0.41890 0.50187
1403638613.0778295994 3.75001 9.14644 0.58963 -0.30586 0.69526 0.41778 0.49852
1403638613.1778295040 3.71685 9.06187 0.57675 -0.30532 0.69768 0.41751 0.49569
1403638613.2778294086 3.68250 8.97731 0.56968 -0.30442 0.69802 0.41776 0.49556
1403638613.3778295517 3.64804 8.89108 0.57079 -0.30359 0.69774 0.41827 0.49603
1403638613.4778294563 3.61480 8.80639 0.56970 -0.30411 0.69722 0.41750 0.49709
1403638613.5778295994 3.57991 8.72089 0.56284 -0.30329 0.69840 0.41340 0.49935
1403638613.6778295040 3.54279 8.63579 0.54982 -0.30699 0.69908 0.40677 0.50158
1403638613.7778294086 3.50201 8.54904 0.52846 -0.31061 0.69796 0.39909 0.50705
1403638613.8778295517 3.46660 8.45693 0.50049 -0.30759 0.70005 0.39126 0.51209
1403638613.9778294563 3.42479 8.36032 0.46600 -0.29987 0.70603 0.38115 0.51607
1403638614.0778295994 3.38348 8.26094 0.42854 -0.28798 0.71416 0.36905 0.52043
1403638614.1778295040 3.34085 8.15827 0.39116 -0.27329 0.72445 0.35607 0.52317
1403638614.2778294086 3.30083 8.05067 0.35862 -0.26244 0.73317 0.34286 0.52540
1403638614.3778295517 3.25628 7.94237 0.33068 -0.25391 0.73978 0.33326 0.52649
1403638614.4778294563 3.21021 7.83262 0.31135 -0.25068 0.74440 0.32431 0.52711
1403638614.5778295994 3.16485 7.72058 0.30040 -0.24693 0.74862 0.31590 0.52802
1403638614.6778295040 3.12252 7.61001 0.29647 -0.24410 0.75365 0.30369 0.52933
1403638614.7778294086 3.07922 7.49786 0.30295 -0.24206 0.76319 0.28708 0.52586
1403638614.8778295517 3.03731 7.38314 0.31763 -0.23432 0.77416 0.26939 0.52267
1403638614.9778294563 3.00392 7.26514 0.33914 -0.22148 0.78321 0.25038 0.52425
1403638615.0778295994 2.98009 7.14339 0.36647 -0.20368 0.79037 0.22986 0.53009
1403638615.1778295040 2.96365 7.02157 0.39987 -0.18232 0.79345 0.20840 0.54200
1403638615.2778294086 2.95135 6.90093 0.43860 -0.15726 0.79589 0.18733 0.55384
1403638615.3778295517 2.94031 6.78496 0.47385 -0.13537 0.79933 0.16274 0.56237
1403638615.4778294563 2.93035 6.67282 0.50421 -0.11478 0.80298 0.13637 0.56873
1403638615.5778295994 2.91812 6.56043 0.52674 -0.09754 0.80664 0.11145 0.57218
1403638615.6778295040 2.90431 6.44758 0.54487 -0.08430 0.80907 0.09320 0.57412
1403638615.7778294086 2.88912 6.33745 0.56809 -0.07641 0.81042 0.08044 0.57525
1403638615.8778295517 2.87000 6.22669 0.59833 -0.07100 0.81172 0.06868 0.57563
1403638615.9778294563 2.85319 6.11603 0.62706 -0.06370 0.81357 0.05626 0.57522
1403638616.0778295994 2.83435 6.00352 0.64956 -0.05424 0.81432 0.04389 0.57620
1403638616.1778295040 2.81380 5.89035 0.65966 -0.04418 0.81549 0.02955 0.57633
1403638616.2778294086 2.79250 5.77722 0.65201 -0.03350 0.81631 0.01085 0.57654
1403638616.3778295517 2.77182 5.66157 0.62848 -0.02054 0.81677 -0.00867 0.57654
1403638616.4778294563 2.75086 5.54243 0.59651 -0.01070 0.81709 -0.02655 0.57579
1403638616.5778295994 2.72987 5.42324 0.56156 -0.00194 0.81861 -0.03875 0.57304
1403638616.6778295040 2.70938 5.30277 0.52324 0.00315 0.82313 -0.04805 0.56581
1403638616.7778294086 2.68941 5.18221 0.48100 -0.00041 0.83145 -0.05819 0.55255
1403638616.8778295517 2.67536 5.06081 0.43878 -0.00476 0.83712 -0.06489 0.54314
1403638616.9778294563 2.66883 4.93701 0.40573 0.00040 0.83546 -0.06234 0.54601
1403638617.0778295994 2.66670 4.80841 0.38300 0.00584 0.83187 -0.05719 0.55198
1403638617.1778295040 2.66693 4.67832 0.37035 0.01192 0.82925 -0.05020 0.55650
1403638617.2778294086 2.66896 4.55047 0.36342 0.01412 0.83168 -0.04571 0.55318
1403638617.3778295517 2.67684 4.42544 0.36207 0.01427 0.83575 -0.04312 0.54723
1403638617.4778294563 2.69166 4.30271 0.36823 0.01432 0.83854 -0.03991 0.54319
1403638617.5778295994 2.71270 4.18124 0.38154 0.01437 0.83933 -0.03687 0.54218
1403638617.6778295040 2.74161 4.06081 0.40226 0.01541 0.83805 -0.03258 0.54441
1403638617.7778294086 2.77724 3.94360 0.43163 0.01550 0.83651 -0.02973 0.54692
1403638617.8778295517 2.81787 3.82782 0.46613 0.01633 0.83650 -0.02621 0.54710
1403638617.9778294563 2.86400 3.71730 0.50471 0.01414 0.83547 -0.02557 0.54875
1403638618.0778295994 2.91455 3.60901 0.53868 0.01322 0.83516 -0.02415 0.54932
1403638618.1778295040 2.96930 3.50610 0.56622 0.01063 0.83528 -0.02404 0.54920
1403638618.2778294086 3.02672 3.40451 0.58786 0.01098 0.83532 -0.02240 0.54920
1403638618.3778295517 3.08876 3.30835 0.60565 0.01066 0.83464 -0.02141 0.55027
1403638618.4778294563 3.15517 3.21172 0.61981 0.01027 0.83467 -0.02006 0.55028
1403638618.5778295994 3.22409 3.12163 0.63428 0.01137 0.83385 -0.01926 0.55154
1403638618.6778295040 3.29910 3.02890 0.64486 0.01496 0.83370 -0.02212 0.55157
1403638618.7778294086 3.37582 2.94337 0.66129 0.01743 0.83301 -0.02515 0.55241
1403638618.8778295517 3.45432 2.86083 0.68370 0.02040 0.83122 -0.02865 0.55483
1403638618.9778294563 3.53607 2.78028 0.70801 0.02654 0.82718 -0.03750 0.56006
1403638619.0778295994 3.61802 2.70202 0.72443 0.03862 0.82346 -0.05117 0.56374
1403638619.1778295040 3.70011 2.62624 0.73329 0.05243 0.81985 -0.06998 0.56587
1403638619.2778294086 3.78148 2.55310 0.73332 0.06629 0.81575 -0.09426 0.56681
1403638619.3778295517 3.86271 2.48293 0.72419 0.08256 0.81117 -0.11874 0.56665
1403638619.4778294563 3.94319 2.41663 0.71015 0.09346 0.80674 -0.13973 0.56649
1403638619.5778295994 4.02403 2.35455 0.69446 0.10019 0.80292 -0.15579 0.56657
1403638619.6778295040 4.10377 2.29571 0.67577 0.09671 0.79929 -0.17233 0.56753
1403638619.7778294086 4.18133 2.23694 0.65540 0.09345 0.79667 -0.18406 0.56808
1403638619.8778295517 4.25464 2.17441 0.63459 0.09354 0.79450 -0.19054 0.56895
1403638619.9778294563 4.32029 2.11099 0.60812 0.09495 0.79341 -0.19419 0.56901
1403638620.0778295994 4.38314 2.04298 0.58792 0.09741 0.79088 -0.19595 0.57151
1403638620.1778295040 4.43596 1.97402 0.56873 0.10202 0.78770 -0.19469 0.57552
1403638620.2778294086 4.48577 1.89757 0.56320 0.10463 0.78847 -0.19341 0.57442
1403638620.3778295517 4.52868 1.82309 0.56070 0.10720 0.78984 -0.19118 0.57281
1403638620.4778294563 4.57316 1.74225 0.57165 0.10806 0.79135 -0.18910 0.57126
1403638620.5778295994 4.60845 1.66920 0.57447 0.10775 0.79260 -0.18750 0.57010
1403638620.6778295040 4.64254 1.59541 0.57314 0.10486 0.79514 -0.18738 0.56714
1403638620.7778294086 4.67962 1.51239 0.57420 0.10131 0.79901 -0.18745 0.56231
1403638620.8778295517 4.70880 1.43533 0.56293 0.10455 0.80211 -0.18298 0.55876
1403638620.9778294563 4.73680 1.35723 0.54930 0.10904 0.80272 -0.17713 0.55891
1403638621.0778295994 4.76956 1.27121 0.54280 0.11242 0.80161 -0.17166 0.56153
1403638621.1778295040 4.79655 1.19405 0.53329 0.11120 0.80041 -0.16982 0.56403
1403638621.2778294086 4.82970 1.11550 0.53862 0.11140 0.79976 -0.16682 0.56582
1403638621.3778295517 4.85518 1.04253 0.54097 0.11313 0.80073 -0.16384 0.56496
1403638621.4778294563 4.88139 0.97403 0.54551 0.11354 0.79924 -0.16195 0.56754
1403638621.5778295994 4.90475 0.90692 0.53763 0.11367 0.79714 -0.15983 0.57105
1403638621.6778295040 4.92394 0.84347 0.52512 0.11339 0.79624 -0.15870 0.57268
1403638621.7778294086 4.94028 0.78576 0.51312 0.11432 0.79492 -0.15725 0.57473
1403638621.8778295517 4.95429 0.72917 0.49367 0.11613 0.79153 -0.15549 0.57950
1403638621.9778294563 4.96398 0.67673 0.47074 0.11645 0.78906 -0.15479 0.58298
1403638622.0778295994 4.96788 0.62937 0.44678 0.11488 0.78877 -0.15581 0.58341
1403638622.1778295040 4.96619 0.58512 0.41772 0.11169 0.78978 -0.15774 0.58215
1403638622.2778294086 4.96069 0.54389 0.39245 0.10882 0.78914 -0.16009 0.58291
1403638622.3778295517 4.94904 0.50469 0.37367 0.10930 0.79005 -0.16053 0.58146
1403638622.4778294563 4.93186 0.46683 0.36502 0.11272 0.79088 -0.15891 0.58012
1403638622.5778295994 4.91068 0.43229 0.36096 0.11587 0.79064 -0.15746 0.58023
1403638622.6778295040 4.88358 0.40010 0.36410 0.11944 0.78656 -0.15565 0.58552
1403638622.7778294086 4.85349 0.37813 0.38088 0.12230 0.77560 -0.15429 0.59973
1403638622.8778295517 4.81707 0.36147 0.40256 0.12411 0.77102 -0.15405 0.60530
1403638622.9778294563 4.77139 0.35214 0.42335 0.12243 0.77487 -0.15652 0.60007
1403638623.0778295994 4.71361 0.34535 0.43522 0.11856 0.78125 -0.15995 0.59162
1403638623.1778295040 4.64873 0.34354 0.44206 0.11338 0.78505 -0.16369 0.58655
1403638623.2778294086 4.57716 0.34545 0.44389 0.11027 0.78829 -0.16605 0.58213
1403638623.3778295517 4.50426 0.34634 0.44194 0.10788 0.79088 -0.16771 0.57857
1403638623.4778294563 4.42597 0.34805 0.43529 0.10837 0.79249 -0.16747 0.57634
1403638623.5778295994 4.34820 0.35176 0.43267 0.10966 0.79276 -0.16678 0.57593
1403638623.6778295040 4.26580 0.35329 0.43560 0.11098 0.79321 -0.16629 0.57520
1403638623.7778294086 4.18209 0.35858 0.44699 0.11308 0.79433 -0.16593 0.57334
1403638623.8778295517 4.09550 0.36572 0.46262 0.11444 0.79535 -0.16592 0.57166
1403638623.9778294563 4.00632 0.37305 0.47418 0.11599 0.79626 -0.16642 0.56993
1403638624.0778295994 3.91902 0.38326 0.48234 0.11441 0.79639 -0.16919 0.56925
1403638624.1778295040 3.83184 0.39491 0.48402 0.11217 0.79615 -0.17152 0.56933
1403638624.2778294086 3.74328 0.40769 0.48170 0.11019 0.79569 -0.17425 0.56953
1403638624.3778295517 3.65535 0.41837 0.47569 0.10979 0.79516 -0.17598 0.56983
1403638624.4778294563 3.56845 0.43350 0.46650 0.11139 0.79494 -0.17634 0.56970
1403638624.5778295994 3.47571 0.44471 0.45259 0.10712 0.78667 -0.18098 0.58045
1403638624.6778295040 3.38138 0.45500 0.43721 0.10894 0.78247 -0.17864 0.58648
1403638624.7778294086 3.28098 0.46942 0.42632 0.11405 0.78848 -0.16875 0.58036
1403638624.8778295517 3.17897 0.48337 0.42095 0.11551 0.79444 -0.16067 0.57420
1403638624.9778294563 3.07578 0.49711 0.42500 0.10839 0.79756 -0.15874 0.57180
1403638625.0778295994 2.97152 0.51169 0.43127 0.10092 0.79848 -0.15800 0.57209
1403638625.1778295040 2.86656 0.52525 0.42914 0.09463 0.79930 -0.15813 0.57198
1403638625.2778294086 2.76142 0.53869 0.42872 0.09269 0.80012 -0.15671 0.57154
1403638625.3778295517 2.65596 0.54989 0.42212 0.09153 0.80027 -0.15573 0.57178
1403638625.4778294563 2.55232 0.56163 0.42756 0.09060 0.79984 -0.15544 0.57261
1403638625.5778295994 2.44592 0.56890 0.43261 0.09115 0.80028 -0.15463 0.57213
1403638625.6778295040 2.33931 0.57466 0.44530 0.09126 0.80189 -0.15443 0.56990
1403638625.7778294086 2.23057 0.59004 0.46732 0.09011 0.80644 -0.15588 0.56324
1403638625.8778295517 2.12435 0.59613 0.47699 0.09023 0.80897 -0.15645 0.55941
1403638625.9778294563 2.01505 0.59892 0.48896 0.09118 0.80955 -0.15638 0.55844
1403638626.0778295994 1.91263 0.59960 0.48945 0.08956 0.81077 -0.15814 0.55644
1403638626.1778295040 1.80905 0.60057 0.49023 0.08979 0.81122 -0.15855 0.55562
1403638626.2778294086 1.71282 0.59788 0.48321 0.09278 0.80984 -0.15706 0.55757
1403638626.3778295517 1.61686 0.59704 0.47663 0.10062 0.80817 -0.15176 0.56009
1403638626.4778294563 1.52740 0.59472 0.46388 0.10315 0.80703 -0.14962 0.56185
1403638626.5778295994 1.44319 0.59436 0.45094 0.10384 0.80944 -0.14880 0.55847
1403638626.6778295040 1.35791 0.59280 0.43697 0.10258 0.81138 -0.14917 0.55577
1403638626.7778294086 1.27556 0.59170 0.42709 0.09984 0.81528 -0.15072 0.55012
1403638626.8778295517 1.20253 0.59199 0.42696 0.09933 0.81810 -0.15058 0.54605
1403638626.9778294563 1.13420 0.59246 0.43324 0.09868 0.81915 -0.15077 0.54455
1403638627.0778295994 1.06816 0.59195 0.43728 0.09802 0.81932 -0.15041 0.54450
1403638627.1778295040 1.00861 0.59038 0.43607 0.09746 0.81932 -0.15025 0.54465
1403638627.2778294086 0.95329 0.58633 0.43335 0.09867 0.81949 -0.14883 0.54457
1403638627.3778295517 0.90235 0.58222 0.42756 0.10058 0.81897 -0.14689 0.54553
1403638627.4778294563 0.85615 0.57920 0.41844 0.10078 0.81941 -0.14654 0.54492
1403638627.5778295994 0.81501 0.57546 0.40841 0.10189 0.81840 -0.14611 0.54634
1403638627.6778295040 0.78192 0.57194 0.39196 0.10389 0.81543 -0.14533 0.55060
1403638627.7778294086 0.75100 0.56959 0.38034 0.10558 0.81374 -0.14441 0.55302
1403638627.8778295517 0.72155 0.57004 0.36665 0.10645 0.81318 -0.14438 0.55368
1403638627.9778294563 0.69178 0.57145 0.35401 0.10672 0.81517 -0.14459 0.55063
1403638628.0778295994 0.67270 0.57451 0.33177 0.10757 0.81598 -0.14494 0.54918
1403638628.1778295040 0.64867 0.57366 0.32294 0.10832 0.81673 -0.14527 0.54783
1403638628.2778294086 0.63391 0.57863 0.31299 0.10830 0.81703 -0.14598 0.54720
1403638628.3778295517 0.62558 0.58386 0.29610 0.10699 0.81727 -0.14740 0.54672
1403638628.4778294563 0.61850 0.59358 0.29321 0.10125 0.81455 -0.15212 0.55056
1403638628.5778295994 0.61695 0.60532 0.29214 0.09355 0.80742 -0.15789 0.56071
1403638628.6778295040 0.61553 0.61410 0.29230 0.08816 0.80340 -0.16183 0.56621
1403638628.7778294086 0.60980 0.62070 0.27849 0.09021 0.80426 -0.16089 0.56493
1403638628.8778295517 0.60103 0.62350 0.27141 0.09458 0.80491 -0.15807 0.56409
1403638628.9778294563 0.59307 0.62574 0.26105 0.09949 0.80561 -0.15503 0.56307
1403638629.0778295994 0.58461 0.62815 0.25254 0.10417 0.80680 -0.15155 0.56147
1403638629.1778295040 0.57142 0.63447 0.23892 0.10643 0.80779 -0.14952 0.56018
1403638629.2778294086 0.56171 0.63878 0.23740 0.10702 0.80825 -0.14873 0.55960
1403638629.3778295517 0.55279 0.64563 0.23003 0.10794 0.81112 -0.14865 0.55527
1403638629.4778294563 0.54758 0.65340 0.22991 0.10670 0.81558 -0.15039 0.54847
1403638629.5778295994 0.54577 0.66276 0.22594 0.10323 0.81841 -0.15337 0.54408
1403638629.6778295040 0.55128 0.67058 0.22674 0.09238 0.81613 -0.16185 0.54700
1403638629.7778294086 0.55858 0.67575 0.22986 0.08575 0.81052 -0.16705 0.55480
1403638629.8778295517 0.56688 0.67704 0.22917 0.08419 0.80422 -0.16872 0.56363
1403638629.9778294563 0.57346 0.67309 0.22076 0.09478 0.79873 -0.16202 0.57166
1403638630.0778295994 0.57624 0.66942 0.20211 0.10429 0.79543 -0.15549 0.57640
1403638630.1778295040 0.57643 0.66650 0.17353 0.10845 0.79822 -0.15201 0.57270
1403638630.2778294086 0.57349 0.66458 0.13854 0.10907 0.80275 -0.15145 0.56636
1403638630.3778295517 0.57517 0.66649 0.11217 0.10582 0.82162 -0.15144 0.53926
1403638630.4778294563 0.58886 0.66640 0.12306 0.10512 0.80383 -0.15023 0.56590
1403638630.5778295994 0.60190 0.66668 0.12137 0.10484 0.80313 -0.15131 0.56666
1403638630.6778295040 0.61311 0.66762 0.09875 0.10334 0.82266 -0.14822 0.53906
1403638630.7778294086 0.63052 0.65395 0.09626 0.10444 0.82883 -0.14316 0.53069
1403638630.8778295517 0.63230 0.65692 0.09428 0.09960 0.82755 -0.14459 0.53322
1403638630.9778294563 0.63345 0.65864 0.09442 0.09939 0.82688 -0.14589 0.53395
1403638631.0778295994 0.63582 0.65930 0.09252 0.09981 0.82700 -0.14559 0.53377
1403638631.1778295040 0.63804 0.65968 0.09079 0.09949 0.82696 -0.14559 0.53389
1403638631.2778294086 0.63947 0.66009 0.08957 0.09917 0.82688 -0.14564 0.53406
1403638631.3778295517 0.63960 0.66024 0.08974 0.09875 0.82689 -0.14583 0.53407
1403638631.4778294563 0.63661 0.65981 0.09444 0.09896 0.82685 -0.14548 0.53420
1403638631.5778295994 0.62544 0.65884 0.10689 0.09904 0.82687 -0.14531 0.53419
1403638631.6778295040 0.62573 0.65818 0.10860 0.09898 0.82712 -0.14556 0.53375
