1403638523.0778295994 0.03513 0.00461 0.36402 -0.07099 0.80837 0.01277 0.58424
1403638523.1778295040 0.03347 -0.00041 0.39102 -0.07088 0.80684 0.01391 0.58633
1403638523.2778294086 0.03211 -0.00809 0.38531 -0.06161 0.80475 0.01381 0.59025
1403638523.3778295517 0.03343 -0.01289 0.35462 -0.05695 0.80398 0.01313 0.59178
1403638523.4778294563 0.03187 -0.02042 0.31377 -0.05242 0.80775 0.01572 0.58697
1403638523.5778295994 0.02969 -0.02552 0.26482 -0.04519 0.81725 0.01976 0.57417
1403638523.6778295040 0.02543 -0.02906 0.21620 -0.03803 0.82680 0.02244 0.56075
1403638523.7778294086 0.01983 -0.03360 0.16904 -0.03431 0.83151 0.02528 0.55387
1403638523.8778295517 0.01224 -0.03770 0.12723 -0.03087 0.83215 0.02836 0.55297
1403638523.9778294563 0.00249 -0.04461 0.09615 -0.02205 0.83214 0.03464 0.55304
1403638524.0778295994 -0.00220 -0.04864 0.08352 -0.01545 0.83527 0.04316 0.54793
1403638524.1778295040 -0.00395 -0.04871 0.10111 -0.01613 0.83976 0.04783 0.54061
1403638524.2778294086 -0.00208 -0.04873 0.14420 -0.02249 0.84059 0.04931 0.53895
1403638524.3778295517 0.00210 -0.04843 0.19890 -0.03199 0.83776 0.04774 0.54300
1403638524.4778294563 0.00834 -0.04801 0.25931 -0.03904 0.83118 0.04587 0.55273
1403638524.5778295994 0.01629 -0.04632 0.31921 -0.04184 0.82244 0.04473 0.56555
1403638524.6778295040 0.02466 -0.04398 0.37313 -0.03770 0.81602 0.03932 0.57545
1403638524.7778294086 0.03141 -0.03987 0.41393 -0.02478 0.81230 0.03447 0.58170
1403638524.8778295517 0.03565 -0.03573 0.43998 -0.02077 0.81080 0.03200 0.58409
1403638524.9778294563 0.03706 -0.03243 0.44940 -0.02723 0.80925 0.03438 0.58582
1403638525.0778295994 0.03794 -0.03057 0.43693 -0.02490 0.80669 0.03779 0.58923
1403638525.1778295040 0.03935 -0.02886 0.40304 -0.02263 0.80533 0.04225 0.59089
1403638525.2778294086 0.03961 -0.02929 0.35663 -0.02275 0.80807 0.04718 0.58676
1403638525.3778295517 0.03825 -0.03006 0.30249 -0.02550 0.81698 0.05188 0.57376
1403638525.4778294563 0.03525 -0.02920 0.24856 -0.03416 0.82911 0.05347 0.55547
1403638525.5778295994 0.03171 -0.03157 0.20106 -0.04067 0.83808 0.05285 0.54146
1403638525.6778295040 0.02897 -0.03403 0.16126 -0.04170 0.84096 0.04993 0.53718
1403638525.7778294086 0.02768 -0.03576 0.13069 -0.03895 0.83944 0.04436 0.54024
1403638525.8778295517 0.02673 -0.03819 0.11013 -0.03201 0.83591 0.04022 0.54646
1403638525.9778294563 0.02282 -0.04719 0.09879 -0.02379 0.83453 0.03909 0.54905
1403638526.0778295994 0.01939 -0.06652 0.10001 -0.01946 0.83612 0.03687 0.54696
1403638526.1778295040 0.01635 -0.09509 0.10934 -0.01762 0.83854 0.02757 0.54386
1403638526.2778294086 0.01169 -0.13090 0.12385 -0.01422 0.83765 0.01886 0.54570
1403638526.3778295517 0.00418 -0.17149 0.13900 -0.01183 0.83357 0.01023 0.55220
1403638526.4778294563 -0.00589 -0.21680 0.15214 -0.01070 0.82853 -0.00050 0.55984
1403638526.5778295994 -0.01711 -0.26842 0.16147 -0.00959 0.82325 -0.01146 0.56749
1403638526.6778295040 -0.02994 -0.32841 0.16854 -0.00560 0.81817 -0.01944 0.57462
1403638526.7778294086 -0.04512 -0.39344 0.17366 0.00272 0.81517 -0.02453 0.57869
1403638526.8778295517 -0.06173 -0.45852 0.17689 0.01055 0.81453 -0.02762 0.57937
1403638526.9778294563 -0.07843 -0.51998 0.17970 0.01463 0.81762 -0.03393 0.57456
1403638527.0778295994 -0.09255 -0.57828 0.18320 0.02213 0.82219 -0.04698 0.56685
1403638527.1778295040 -0.10320 -0.63003 0.18854 0.02962 0.82390 -0.06228 0.56253
1403638527.2778294086 -0.10977 -0.66998 0.19525 0.04124 0.82103 -0.07594 0.56431
1403638527.3778295517 -0.11056 -0.69178 0.20146 0.05676 0.81603 -0.08460 0.56895
1403638527.4778294563 -0.10647 -0.69217 0.20514 0.06740 0.81247 -0.08906 0.57221
1403638527.5778295994 -0.09739 -0.67315 0.20589 0.07077 0.81172 -0.09038 0.57266
1403638527.6778295040 -0.08322 -0.63464 0.20390 0.06957 0.81219 -0.08718 0.57262
1403638527.7778294086 -0.06688 -0.58845 0.20376 0.06418 0.81365 -0.08005 0.57223
1403638527.8778295517 -0.04800 -0.53296 0.20556 0.05070 0.81675 -0.07551 0.56978
1403638527.9778294563 -0.02387 -0.47148 0.20715 0.04127 0.81761 -0.07100 0.56989
1403638528.0778295994 -0.00173 -0.41072 0.20691 0.03487 0.81640 -0.06403 0.57287
1403638528.1778295040 0.01746 -0.35432 0.20303 0.02561 0.81675 -0.05550 0.57375
1403638528.2778294086 0.03978 -0.30547 0.19695 0.01354 0.81807 -0.04520 0.57318
1403638528.3778295517 0.06990 -0.26828 0.19077 0.00661 0.81771 -0.03749 0.57438
1403638528.4778294563 0.10614 -0.24449 0.18570 0.00806 0.81700 -0.03411 0.57557
1403638528.5778295994 0.14176 -0.22664 0.18242 0.00943 0.81885 -0.03850 0.57264
1403638528.6778295040 0.17615 -0.21421 0.18157 0.00814 0.81999 -0.04608 0.57047
1403638528.7778294086 0.20315 -0.20291 0.18477 0.01326 0.81908 -0.05120 0.57123
1403638528.8778295517 0.21705 -0.19818 0.19183 0.00927 0.81797 -0.05866 0.57218
1403638528.9778294563 0.21522 -0.19214 0.20401 0.00213 0.81759 -0.06524 0.57209
1403638529.0778295994 0.19588 -0.18538 0.22058 0.00306 0.81845 -0.06643 0.57071
1403638529.1778295040 0.16590 -0.17046 0.23143 0.01973 0.81950 -0.05937 0.56965
1403638529.2778294086 0.12985 -0.14853 0.23179 0.03122 0.82145 -0.05328 0.56693
1403638529.3778295517 0.09552 -0.12155 0.21834 0.03511 0.82661 -0.04868 0.55956
1403638529.4778294563 0.06539 -0.10198 0.19644 0.03347 0.83660 -0.04631 0.54483
1403638529.5778295994 0.04140 -0.08835 0.17035 0.03113 0.84666 -0.04337 0.52944
1403638529.6778295040 0.02640 -0.07665 0.14430 0.03246 0.85060 -0.04043 0.52325
1403638529.7778294086 0.01748 -0.06802 0.12120 0.03177 0.84715 -0.03951 0.52893
1403638529.8778295517 0.01389 -0.06149 0.10040 0.03048 0.84084 -0.04038 0.53892
1403638529.9778294563 0.01378 -0.05597 0.08430 0.02999 0.83819 -0.04046 0.54305
1403638530.0778295994 0.02252 -0.05502 0.07312 0.03038 0.83953 -0.04103 0.54091
1403638530.1778295040 0.03547 -0.05599 0.06349 0.03128 0.84117 -0.04546 0.53796
1403638530.2778294086 0.05016 -0.05801 0.05383 0.03327 0.84074 -0.05110 0.53800
1403638530.3778295517 0.06309 -0.06165 0.04435 0.03574 0.84013 -0.05616 0.53828
1403638530.4778294563 0.07457 -0.06558 0.03697 0.03600 0.83984 -0.05994 0.53832
1403638530.5778295994 0.08213 -0.06979 0.03141 0.03533 0.83979 -0.06314 0.53807
1403638530.6778295040 0.08676 -0.07320 0.02586 0.03631 0.84274 -0.06559 0.53307
1403638530.7778294086 0.08986 -0.07535 0.02036 0.03618 0.84608 -0.06739 0.52755
1403638530.8778295517 0.09266 -0.07669 0.01508 0.03426 0.84671 -0.06682 0.52672
1403638530.9778294563 0.09358 -0.07689 0.01245 0.03324 0.84476 -0.06676 0.52992
1403638531.0778295994 0.09380 -0.07646 0.01043 0.03390 0.84145 -0.06525 0.53532
1403638531.1778295040 0.09371 -0.07464 0.01121 0.03467 0.83946 -0.06295 0.53864
1403638531.2778294086 0.09409 -0.07352 0.00976 0.03724 0.83830 -0.06145 0.54046
1403638531.3778295517 0.09397 -0.07270 0.00937 0.03693 0.83695 -0.06176 0.54253
1403638531.4778294563 0.09376 -0.07299 0.00957 0.03696 0.83603 -0.06188 0.54392
1403638531.5778295994 0.09361 -0.07302 0.00944 0.03749 0.83645 -0.06063 0.54339
1403638531.6778295040 0.09357 -0.07277 0.00935 0.03667 0.83661 -0.06106 0.54314
1403638531.7778294086 0.09362 -0.07280 0.00938 0.03678 0.83662 -0.06087 0.54314
1403638531.8778295517 0.09357 -0.07281 0.00933 0.03680 0.83669 -0.06075 0.54305
1403638531.9778294563 0.09359 -0.07285 0.00933 0.03688 0.83676 -0.06061 0.54296
1403638532.0778295994 0.09357 -0.07287 0.00929 0.03691 0.83678 -0.06049 0.54293
1403638532.1778295040 0.09358 -0.07283 0.00928 0.03676 0.83683 -0.06050 0.54286
1403638532.2778294086 0.09358 -0.07278 0.00928 0.03658 0.83687 -0.06057 0.54281
1403638532.3778295517 0.09358 -0.07274 0.00926 0.03643 0.83693 -0.06057 0.54273
1403638532.4778294563 0.09359 -0.07273 0.00927 0.03633 0.83697 -0.06055 0.54267
1403638532.5778295994 0.09358 -0.07271 0.00923 0.03628 0.83701 -0.06053 0.54261
1403638532.6778295040 0.09359 -0.07272 0.00924 0.03626 0.83703 -0.06046 0.54259
1403638532.7778294086 0.09357 -0.07273 0.00921 0.03627 0.83709 -0.06038 0.54251
1403638532.8778295517 0.09357 -0.07272 0.00920 0.03623 0.83713 -0.06035 0.54246
1403638532.9778294563 0.09358 -0.07270 0.00920 0.03616 0.83715 -0.06031 0.54243
1403638533.0778295994 0.09357 -0.07269 0.00918 0.03610 0.83720 -0.06028 0.54236
1403638533.1778295040 0.09358 -0.07268 0.00918 0.03602 0.83723 -0.06026 0.54233
1403638533.2778294086 0.09357 -0.07267 0.00917 0.03596 0.83727 -0.06022 0.54227
1403638533.3778295517 0.09357 -0.07266 0.00916 0.03591 0.83730 -0.06017 0.54223
1403638533.4778294563 0.09358 -0.07266 0.00916 0.03589 0.83733 -0.06012 0.54219
1403638533.5778295994 0.09357 -0.07263 0.00914 0.03579 0.83737 -0.06011 0.54214
1403638533.6778295040 0.09358 -0.07262 0.00914 0.03571 0.83739 -0.06011 0.54211
1403638533.7778294086 0.09358 -0.07261 0.00912 0.03565 0.83742 -0.06007 0.54208
1403638533.8778295517 0.09357 -0.07254 0.00911 0.03543 0.83747 -0.05986 0.54204
1403638533.9778294563 0.09357 -0.07257 0.00910 0.03557 0.83745 -0.05999 0.54205
1403638534.0778295994 0.09352 -0.07263 0.00909 0.03571 0.83746 -0.06030 0.54198
1403638534.1778295040 0.09355 -0.07258 0.00911 0.03553 0.83750 -0.06012 0.54196
1403638534.2778294086 0.09355 -0.07252 0.00911 0.03526 0.83756 -0.05997 0.54190
1403638534.3778295517 0.09357 -0.07251 0.00910 0.03522 0.83757 -0.05999 0.54189
1403638534.4778294563 0.09357 -0.07254 0.00905 0.03542 0.83754 -0.06025 0.54189
1403638534.5778295994 0.09360 -0.07251 0.00901 0.03529 0.83759 -0.05993 0.54186
1403638534.6778295040 0.09363 -0.07244 0.00901 0.03510 0.83761 -0.05976 0.54186
1403638534.7778294086 0.09361 -0.07246 0.00901 0.03523 0.83761 -0.05967 0.54185
1403638534.8778295517 0.09362 -0.07252 0.00900 0.03543 0.83760 -0.05976 0.54185
1403638534.9778294563 0.09361 -0.07255 0.00899 0.03551 0.83763 -0.05978 0.54179
1403638535.0778295994 0.09360 -0.07253 0.00898 0.03544 0.83765 -0.05978 0.54176
1403638535.1778295040 0.09361 -0.07252 0.00897 0.03539 0.83766 -0.05978 0.54175
1403638535.2778294086 0.09360 -0.07250 0.00897 0.03532 0.83769 -0.05976 0.54172
1403638535.3778295517 0.09359 -0.07248 0.00898 0.03528 0.83771 -0.05972 0.54170
1403638535.4778294563 0.09359 -0.07249 0.00898 0.03531 0.83773 -0.05970 0.54166
1403638535.5778295994 0.09359 -0.07248 0.00898 0.03525 0.83774 -0.05966 0.54166
1403638535.6778295040 0.09360 -0.07247 0.00897 0.03520 0.83775 -0.05965 0.54164
1403638535.7778294086 0.09359 -0.07247 0.00897 0.03522 0.83777 -0.05965 0.54162
1403638535.8778295517 0.09360 -0.07246 0.00896 0.03514 0.83778 -0.05958 0.54161
1403638535.9778294563 0.09358 -0.07245 0.00895 0.03508 0.83782 -0.05952 0.54156
1403638536.0778295994 0.09359 -0.07245 0.00895 0.03506 0.83779 -0.05955 0.54160
1403638536.1778295040 0.09359 -0.07245 0.00896 0.03505 0.83780 -0.05956 0.54158
1403638536.2778294086 0.09358 -0.07244 0.00896 0.03508 0.83784 -0.05952 0.54152
1403638536.3778295517 0.09359 -0.07244 0.00897 0.03507 0.83784 -0.05951 0.54152
1403638536.4778294563 0.09358 -0.07243 0.00897 0.03503 0.83786 -0.05948 0.54150
1403638536.5778295994 0.09357 -0.07242 0.00897 0.03497 0.83788 -0.05944 0.54149
1403638536.6778295040 0.09358 -0.07241 0.00897 0.03495 0.83790 -0.05938 0.54146
1403638536.7778294086 0.09357 -0.07241 0.00895 0.03495 0.83790 -0.05941 0.54146
1403638536.8778295517 0.09357 -0.07240 0.00896 0.03488 0.83790 -0.05945 0.54145
1403638536.9778294563 0.09357 -0.07240 0.00896 0.03481 0.83791 -0.05947 0.54145
1403638537.0778295994 0.09359 -0.07238 0.00895 0.03474 0.83790 -0.05943 0.54147
1403638537.1778295040 0.09359 -0.07239 0.00895 0.03475 0.83790 -0.05943 0.54147
1403638537.2778294086 0.09359 -0.07240 0.00895 0.03480 0.83792 -0.05939 0.54143
1403638537.3778295517 0.09359 -0.07240 0.00895 0.03478 0.83794 -0.05936 0.54140
1403638537.4778294563 0.09359 -0.07239 0.00894 0.03473 0.83793 -0.05935 0.54142
1403638537.5778295994 0.09358 -0.07239 0.00895 0.03469 0.83795 -0.05929 0.54141
1403638537.6778295040 0.09359 -0.07240 0.00896 0.03468 0.83794 -0.05934 0.54142
1403638537.7778294086 0.09360 -0.07238 0.00896 0.03463 0.83795 -0.05933 0.54141
1403638537.8778295517 0.09361 -0.07238 0.00896 0.03463 0.83795 -0.05927 0.54142
1403638537.9778294563 0.09360 -0.07239 0.00898 0.03461 0.83794 -0.05937 0.54141
1403638538.0778295994 0.09360 -0.07237 0.00900 0.03453 0.83796 -0.05942 0.54139
1403638538.1778295040 0.09361 -0.07238 0.00901 0.03454 0.83795 -0.05934 0.54141
1403638538.2778294086 0.09369 -0.07237 0.00899 0.03444 0.83793 -0.05930 0.54146
1403638538.3778295517 0.09365 -0.07240 0.00901 0.03453 0.83791 -0.05930 0.54148
1403638538.4778294563 0.09361 -0.07239 0.00906 0.03447 0.83790 -0.05928 0.54150
1403638538.5778295994 0.09366 -0.07241 0.00908 0.03452 0.83790 -0.05932 0.54149
1403638538.6778295040 0.09366 -0.07240 0.00913 0.03429 0.83777 -0.05942 0.54169
1403638538.7778294086 0.09377 -0.07246 0.00944 0.03398 0.83702 -0.05930 0.54289
1403638538.8778295517 0.09518 -0.07206 0.00985 0.03311 0.83612 -0.05882 0.54438
1403638538.9778294563 0.09860 -0.07183 0.01233 0.03388 0.83152 -0.05804 0.55141
1403638539.0778295994 0.10294 -0.07174 0.01608 0.03528 0.82619 -0.05937 0.55914
1403638539.1778295040 0.11193 -0.07200 0.02338 0.03581 0.82146 -0.05857 0.56613
1403638539.2778294086 0.12195 -0.07223 0.03845 0.03442 0.81735 -0.05826 0.57216
1403638539.3778295517 0.13161 -0.07284 0.06125 0.03402 0.81832 -0.05751 0.57087
1403638539.4778294563 0.14212 -0.07390 0.09037 0.03327 0.82032 -0.05643 0.56815
1403638539.5778295994 0.15321 -0.07513 0.12266 0.03285 0.82128 -0.05514 0.56690
1403638539.6778295040 0.16479 -0.07635 0.14997 0.03121 0.82201 -0.05475 0.56598
1403638539.7778294086 0.17689 -0.07714 0.16587 0.03150 0.82316 -0.05276 0.56448
1403638539.8778295517 0.19004 -0.07757 0.17473 0.03048 0.82563 -0.05198 0.56099
1403638539.9778294563 0.20562 -0.07822 0.18233 0.02857 0.83018 -0.05163 0.55436
1403638540.0778295994 0.22405 -0.07903 0.18972 0.02773 0.83608 -0.05172 0.54546
1403638540.1778295040 0.24907 -0.08157 0.19683 0.02714 0.83998 -0.05140 0.53950
1403638540.2778294086 0.28008 -0.08008 0.21235 0.02761 0.83607 -0.05016 0.54562
1403638540.3778295517 0.31971 -0.08132 0.22010 0.02838 0.83011 -0.04794 0.55481
1403638540.4778294563 0.36327 -0.08100 0.22798 0.02527 0.82797 -0.04198 0.55862
1403638540.5778295994 0.41016 -0.07858 0.23499 0.01802 0.82822 -0.03067 0.55927
1403638540.6778295040 0.45887 -0.07835 0.24271 0.00943 0.82834 -0.01353 0.55998
1403638540.7778294086 0.51061 -0.07347 0.25022 0.00151 0.82750 0.01060 0.56136
1403638540.8778295517 0.56239 -0.06371 0.25639 -0.00874 0.82668 0.03842 0.56129
1403638540.9778294563 0.61462 -0.04925 0.26025 -0.02252 0.82498 0.06462 0.56101
1403638541.0778295994 0.66630 -0.03115 0.26175 -0.03614 0.82265 0.08380 0.56118
1403638541.1778295040 0.71950 -0.00996 0.25798 -0.04601 0.82077 0.09700 0.56108
1403638541.2778294086 0.77515 0.01867 0.24999 -0.05114 0.81982 0.10580 0.56044
1403638541.3778295517 0.82865 0.05060 0.24962 -0.05401 0.81950 0.10950 0.55993
1403638541.4778294563 0.88118 0.08515 0.25549 -0.05539 0.81914 0.11007 0.56021
1403638541.5778295994 0.93354 0.12530 0.26756 -0.05475 0.81765 0.11087 0.56228
1403638541.6778295040 0.98587 0.17239 0.28783 -0.05909 0.81585 0.11398 0.56383
1403638541.7778294086 1.03957 0.22364 0.31347 -0.06924 0.81432 0.11970 0.56370
1403638541.8778295517 1.08695 0.27881 0.34561 -0.08141 0.81258 0.12870 0.56260
1403638541.9778294563 1.13465 0.33594 0.37444 -0.09349 0.81113 0.14319 0.55931
1403638542.0778295994 1.17882 0.39309 0.39759 -0.10767 0.80872 0.16047 0.55555
1403638542.1778295040 1.21922 0.44977 0.41532 -0.12335 0.80459 0.18031 0.55218
1403638542.2778294086 1.25780 0.50831 0.42679 -0.13811 0.80031 0.20357 0.54680
1403638542.3778295517 1.29863 0.56834 0.43478 -0.15171 0.79231 0.22537 0.54630
1403638542.4778294563 1.33924 0.62933 0.44129 -0.15765 0.77876 0.24539 0.55539
1403638542.5778295994 1.37575 0.69055 0.44511 -0.15371 0.76681 0.26361 0.56470
1403638542.6778295040 1.40870 0.75767 0.45122 -0.15409 0.76326 0.27280 0.56504
1403638542.7778294086 1.43536 0.82887 0.46453 -0.16301 0.76733 0.27142 0.55763
1403638542.8778295517 1.45589 0.90392 0.48553 -0.16965 0.77271 0.26802 0.54983
1403638542.9778294563 1.47399 0.98033 0.51356 -0.17381 0.77718 0.26492 0.54368
1403638543.0778295994 1.48751 1.05622 0.54279 -0.17663 0.78063 0.26162 0.53942
1403638543.1778295040 1.49975 1.13267 0.56536 -0.17672 0.78181 0.25893 0.53898
1403638543.2778294086 1.51334 1.20758 0.58383 -0.17710 0.78206 0.25672 0.53955
1403638543.3778295517 1.52549 1.28479 0.59517 -0.17641 0.78316 0.25552 0.53875
1403638543.4778294563 1.54072 1.36283 0.60230 -0.17860 0.78213 0.25986 0.53745
1403638543.5778295994 1.55332 1.43885 0.60923 -0.18394 0.77909 0.27106 0.53452
1403638543.6778295040 1.56668 1.51898 0.61330 -0.19069 0.77325 0.28880 0.53133
1403638543.7778294086 1.57722 1.59920 0.61954 -0.20081 0.76531 0.30978 0.52728
1403638543.8778295517 1.58923 1.68122 0.63202 -0.21227 0.75517 0.33216 0.52376
1403638543.9778294563 1.60190 1.77018 0.65236 -0.22607 0.74667 0.35020 0.51840
1403638544.0778295994 1.61367 1.85907 0.67656 -0.24040 0.74276 0.36119 0.50995
1403638544.1778295040 1.62649 1.94967 0.70004 -0.25063 0.73960 0.36745 0.50513
1403638544.2778294086 1.63939 2.04170 0.71671 -0.25720 0.73698 0.37066 0.50331
1403638544.3778295517 1.65185 2.13340 0.72675 -0.25877 0.73629 0.37310 0.50171
1403638544.4778294563 1.66584 2.22603 0.73354 -0.25769 0.73675 0.37419 0.50077
1403638544.5778295994 1.68256 2.31782 0.73859 -0.25952 0.73403 0.37329 0.50448
1403638544.6778295040 1.69807 2.41195 0.75058 -0.26427 0.72749 0.37270 0.51187
1403638544.7778294086 1.71352 2.50170 0.76525 -0.26543 0.72659 0.37368 0.51184
1403638544.8778295517 1.72925 2.58883 0.77952 -0.26361 0.72978 0.37593 0.50656
1403638544.9778294563 1.74461 2.67662 0.78661 -0.26370 0.73051 0.37666 0.50492
1403638545.0778295994 1.76063 2.76463 0.78913 -0.26502 0.72925 0.37660 0.50610
1403638545.1778295040 1.77760 2.84952 0.78984 -0.26464 0.72914 0.37774 0.50560
1403638545.2778294086 1.79576 2.93934 0.78120 -0.26380 0.72850 0.37925 0.50584
1403638545.3778295517 1.81484 3.03096 0.76890 -0.26538 0.72587 0.37834 0.50946
1403638545.4778294563 1.83705 3.12684 0.75983 -0.26733 0.72623 0.37908 0.50737
1403638545.5778295994 1.85414 3.21909 0.74649 -0.27126 0.72407 0.38553 0.50351
1403638545.6778295040 1.87416 3.31741 0.74654 -0.27952 0.71888 0.39684 0.49758
1403638545.7778294086 1.89384 3.41739 0.75284 -0.28781 0.71151 0.41316 0.49012
1403638545.8778295517 1.91261 3.51592 0.76471 -0.29860 0.70110 0.43242 0.48199
1403638545.9778294563 1.92991 3.60875 0.78200 -0.30812 0.68883 0.45415 0.47362
1403638546.0778295994 1.94624 3.70135 0.80183 -0.31443 0.67712 0.47291 0.46797
1403638546.1778295040 1.96366 3.79477 0.81590 -0.32205 0.66869 0.48498 0.46253
1403638546.2778294086 1.97757 3.88569 0.82275 -0.32702 0.66378 0.49272 0.45790
1403638546.3778295517 1.99060 3.97594 0.82418 -0.33360 0.66205 0.49503 0.45315
1403638546.4778294563 2.00390 4.06786 0.82009 -0.33671 0.66161 0.49629 0.45011
1403638546.5778295994 2.01685 4.16208 0.81565 -0.33806 0.65952 0.49961 0.44849
1403638546.6778295040 2.02790 4.25895 0.81707 -0.34173 0.65472 0.50554 0.44608
1403638546.7778294086 2.03838 4.35587 0.82825 -0.34448 0.65022 0.51127 0.44402
1403638546.8778295517 2.04792 4.45717 0.84786 -0.34521 0.64668 0.51634 0.44275
1403638546.9778294563 2.05555 4.55581 0.86586 -0.34409 0.64346 0.52094 0.44292
1403638547.0778295994 2.06163 4.65855 0.87851 -0.34228 0.64102 0.52436 0.44384
1403638547.1778295040 2.06396 4.76007 0.88221 -0.33950 0.63874 0.52791 0.44504
1403638547.2778294086 2.06347 4.86395 0.88492 -0.33762 0.63739 0.52966 0.44632
1403638547.3778295517 2.05689 4.96178 0.87923 -0.34100 0.63863 0.52754 0.44450
1403638547.4778294563 2.05048 5.06796 0.87509 -0.34573 0.64176 0.52394 0.44057
1403638547.5778295994 2.04201 5.17444 0.86579 -0.34886 0.64521 0.52067 0.43693
1403638547.6778295040 2.03157 5.27394 0.84559 -0.34984 0.64627 0.51907 0.43649
1403638547.7778294086 2.02112 5.38453 0.82849 -0.34767 0.64573 0.51981 0.43812
1403638547.8778295517 2.00857 5.49328 0.80218 -0.34420 0.64270 0.52214 0.44253
1403638547.9778294563 1.99464 5.60907 0.78197 -0.34444 0.64258 0.52256 0.44202
1403638548.0778295994 1.97676 5.72379 0.76334 -0.34737 0.64200 0.52469 0.43804
1403638548.1778295040 1.95953 5.84114 0.75696 -0.35199 0.63815 0.53007 0.43347
1403638548.2778294086 1.93636 5.95859 0.75445 -0.35890 0.63142 0.53841 0.42734
1403638548.3778295517 1.91192 6.08069 0.76152 -0.36670 0.62177 0.54979 0.42032
1403638548.4778294563 1.88651 6.20376 0.77635 -0.37495 0.61204 0.56022 0.41349
1403638548.5778295994 1.86220 6.32311 0.79045 -0.38156 0.60417 0.56792 0.40848
1403638548.6778295040 1.83970 6.44573 0.80043 -0.38648 0.59866 0.57320 0.40458
1403638548.7778294086 1.81848 6.56998 0.80827 -0.38915 0.59480 0.57719 0.40203
1403638548.8778295517 1.79669 6.69467 0.82267 -0.39034 0.59276 0.57993 0.39994
1403638548.9778294563 1.77437 6.81861 0.84385 -0.39178 0.59182 0.58083 0.39862
1403638549.0778295994 1.74994 6.94556 0.86763 -0.39226 0.59157 0.58117 0.39803
1403638549.1778295040 1.72645 7.07006 0.89987 -0.39354 0.59158 0.58018 0.39819
1403638549.2778294086 1.70314 7.19680 0.93587 -0.39447 0.59237 0.57911 0.39764
1403638549.3778295517 1.67697 7.32753 0.97807 -0.39667 0.59412 0.57653 0.39659
1403638549.4778294563 1.65221 7.45889 1.01510 -0.39867 0.59559 0.57412 0.39588
1403638549.5778295994 1.62521 7.59264 1.04861 -0.40000 0.59599 0.57213 0.39681
1403638549.6778295040 1.60259 7.72673 1.07560 -0.40138 0.59550 0.57045 0.39858
1403638549.7778294086 1.58004 7.85911 1.10301 -0.39968 0.59583 0.57095 0.39908
1403638549.8778295517 1.56379 7.99151 1.13641 -0.39887 0.59716 0.57114 0.39762
1403638549.9778294563 1.54445 8.12490 1.17831 -0.39889 0.59837 0.57084 0.39622
1403638550.0778295994 1.52799 8.26087 1.22847 -0.39927 0.59880 0.57057 0.39557
1403638550.1778295040 1.51364 8.39185 1.28807 -0.39977 0.59958 0.57061 0.39381
1403638550.2778294086 1.50106 8.52640 1.35405 -0.39902 0.59921 0.57179 0.39342
1403638550.3778295517 1.48796 8.65913 1.42546 -0.39848 0.59887 0.57245 0.39354
1403638550.4778294563 1.47911 8.79794 1.48738 -0.40087 0.59964 0.57118 0.39176
1403638550.5778295994 1.47010 8.93301 1.54498 -0.40400 0.60095 0.56899 0.38974
1403638550.6778295040 1.46219 9.06912 1.59655 -0.40840 0.59983 0.56577 0.39156
1403638550.7778294086 1.45531 9.20687 1.64291 -0.41082 0.59927 0.56389 0.39260
1403638550.8778295517 1.45188 9.34301 1.68582 -0.41643 0.59576 0.55990 0.39770
1403638550.9778294563 1.45120 9.47605 1.72501 -0.42165 0.59186 0.55580 0.40372
1403638551.0778295994 1.45292 9.60415 1.76058 -0.42501 0.58955 0.55319 0.40716
1403638551.1778295040 1.45963 9.72386 1.79714 -0.42921 0.58994 0.55076 0.40547
1403638551.2778294086 1.47456 9.83528 1.83797 -0.42997 0.59143 0.55011 0.40338
1403638551.3778295517 1.49760 9.93700 1.88219 -0.42541 0.59902 0.54741 0.40068
1403638551.4778294563 1.52472 10.03402 1.92179 -0.41835 0.61130 0.53838 0.40181
1403638551.5778295994 1.56170 10.12771 1.95692 -0.41201 0.62656 0.52265 0.40559
1403638551.6778295040 1.60236 10.21800 1.98589 -0.40550 0.64309 0.50459 0.40913
1403638551.7778294086 1.65366 10.30545 2.01004 -0.39669 0.65695 0.48678 0.41725
1403638551.8778295517 1.71417 10.38785 2.02936 -0.38690 0.66747 0.47179 0.42686
1403638551.9778294563 1.77986 10.46699 2.05199 -0.37531 0.67075 0.46448 0.43988
1403638552.0778295994 1.84806 10.54014 2.08140 -0.36568 0.67208 0.45986 0.45069
1403638552.1778295040 1.91951 10.60718 2.11507 -0.35998 0.67686 0.45668 0.45134
1403638552.2778294086 1.99470 10.67053 2.15438 -0.35602 0.68067 0.45563 0.44982
1403638552.3778295517 2.07339 10.72722 2.19087 -0.35833 0.68152 0.45249 0.44986
1403638552.4778294563 2.16067 10.77853 2.22362 -0.36557 0.67787 0.44731 0.45471
1403638552.5778295994 2.24338 10.81938 2.25018 -0.37130 0.67365 0.44416 0.45941
1403638552.6778295040 2.33041 10.85325 2.27026 -0.37206 0.67098 0.44541 0.46148
1403638552.7778294086 2.42090 10.88100 2.28516 -0.37136 0.67029 0.44737 0.46115
1403638552.8778295517 2.51795 10.90248 2.29494 -0.36928 0.66884 0.45134 0.46105
1403638552.9778294563 2.61283 10.91003 2.29862 -0.36507 0.66621 0.45730 0.46235
1403638553.0778295994 2.71490 10.91933 2.29898 -0.36139 0.66382 0.46289 0.46310
1403638553.1778295040 2.80838 10.91431 2.29259 -0.36713 0.65966 0.46129 0.46613
1403638553.2778294086 2.91085 10.91064 2.29093 -0.37456 0.65375 0.45832 0.47144
1403638553.3778295517 3.01046 10.89352 2.29324 -0.37630 0.64844 0.45929 0.47642
1403638553.4778294563 3.11127 10.86639 2.30179 -0.37308 0.64281 0.46304 0.48291
1403638553.5778295994 3.20942 10.83159 2.31786 -0.37027 0.63828 0.46628 0.48794
1403638553.6778295040 3.30613 10.78320 2.33782 -0.36841 0.63716 0.46836 0.48882
1403638553.7778294086 3.39665 10.72478 2.36463 -0.36671 0.63743 0.47005 0.48811
1403638553.8778295517 3.48225 10.65954 2.39616 -0.36473 0.63901 0.47137 0.48625
1403638553.9778294563 3.56167 10.58991 2.42903 -0.36369 0.64215 0.47152 0.48275
1403638554.0778295994 3.63609 10.51091 2.45551 -0.36229 0.64523 0.47231 0.47891
1403638554.1778295040 3.70049 10.43285 2.47819 -0.35681 0.64859 0.47538 0.47542
1403638554.2778294086 3.76961 10.34593 2.49116 -0.34912 0.65431 0.48113 0.46745
1403638554.3778295517 3.82889 10.26440 2.50363 -0.34279 0.65789 0.48520 0.46287
1403638554.4778294563 3.88683 10.18392 2.51486 -0.33971 0.65959 0.48713 0.46070
1403638554.5778295994 3.93955 10.10609 2.52328 -0.34045 0.66073 0.48649 0.45918
1403638554.6778295040 3.99832 10.02335 2.52676 -0.34639 0.66305 0.48236 0.45575
1403638554.7778294086 4.04613 9.94679 2.54158 -0.35090 0.66382 0.47883 0.45489
1403638554.8778295517 4.10589 9.86809 2.55559 -0.35410 0.66382 0.47666 0.45470
1403638554.9778294563 4.16533 9.78633 2.56996 -0.35682 0.66429 0.47324 0.45545
1403638555.0778295994 4.21541 9.70901 2.58379 -0.35278 0.66784 0.46851 0.45830
1403638555.1778295040 4.27963 9.62688 2.58525 -0.34656 0.67379 0.46148 0.46146
1403638555.2778294086 4.34970 9.54732 2.59102 -0.34062 0.67978 0.45372 0.46477
1403638555.3778295517 4.41779 9.46331 2.59132 -0.33358 0.68284 0.44909 0.46987
1403638555.4778294563 4.48898 9.37692 2.58629 -0.32806 0.68472 0.44618 0.47377
1403638555.5778295994 4.56521 9.29058 2.57981 -0.32607 0.68571 0.44391 0.47583
1403638555.6778295040 4.64128 9.20492 2.57847 -0.32578 0.68719 0.44260 0.47513
1403638555.7778294086 4.71659 9.11708 2.58654 -0.32506 0.68829 0.44304 0.47362
1403638555.8778295517 4.78479 9.03261 2.60083 -0.32442 0.68831 0.44404 0.47309
1403638555.9778294563 4.86021 8.95198 2.62254 -0.32336 0.68697 0.44600 0.47392
1403638556.0778295994 4.93158 8.87391 2.64560 -0.32203 0.68694 0.44747 0.47348
1403638556.1778295040 5.00884 8.80036 2.66612 -0.32145 0.69117 0.44805 0.46713
1403638556.2778294086 5.08182 8.72554 2.67718 -0.32026 0.69418 0.44914 0.46240
1403638556.3778295517 5.15989 8.66042 2.68861 -0.31912 0.69631 0.45015 0.45901
1403638556.4778294563 5.23848 8.59204 2.69402 -0.31719 0.69903 0.45152 0.45484
1403638556.5778295994 5.32024 8.53550 2.70364 -0.31693 0.70196 0.45125 0.45076
1403638556.6778295040 5.40361 8.48225 2.71448 -0.32451 0.70455 0.44514 0.44738
1403638556.7778294086 5.48877 8.42958 2.73059 -0.33118 0.70125 0.44041 0.45234
1403638556.8778295517 5.57729 8.38353 2.75620 -0.33689 0.69965 0.43626 0.45462
1403638556.9778294563 5.66634 8.33962 2.78620 -0.33990 0.69838 0.43372 0.45675
1403638557.0778295994 5.76118 8.29471 2.81025 -0.33825 0.69727 0.43490 0.45854
1403638557.1778295040 5.86313 8.24838 2.82691 -0.33656 0.69575 0.43648 0.46060
1403638557.2778294086 5.97060 8.19945 2.83720 -0.33548 0.69483 0.43750 0.46179
1403638557.3778295517 6.08083 8.15303 2.84351 -0.33308 0.69387 0.43955 0.46303
1403638557.4778294563 6.19640 8.10664 2.85199 -0.32787 0.69076 0.44424 0.46690
1403638557.5778295994 6.31168 8.05938 2.86661 -0.32362 0.68818 0.44767 0.47041
1403638557.6778295040 6.42688 8.01316 2.88461 -0.32155 0.68671 0.44971 0.47201
1403638557.7778294086 6.54117 7.96727 2.90496 -0.32183 0.68622 0.44949 0.47274
1403638557.8778295517 6.65390 7.92120 2.92018 -0.31922 0.68596 0.45109 0.47337
1403638557.9778294563 6.76280 7.87677 2.92882 -0.31678 0.68699 0.45267 0.47199
1403638558.0778295994 6.86966 7.83424 2.93095 -0.31586 0.69064 0.45346 0.46650
1403638558.1778295040 6.97705 7.79410 2.93052 -0.31305 0.69625 0.45511 0.45838
1403638558.2778294086 7.08567 7.75918 2.93607 -0.30975 0.70037 0.45675 0.45268
1403638558.3778295517 7.19482 7.73321 2.95178 -0.30506 0.70186 0.45973 0.45054
1403638558.4778294563 7.30314 7.71394 2.97589 -0.29871 0.70553 0.46360 0.44505
1403638558.5778295994 7.41099 7.70569 3.00795 -0.29974 0.70818 0.46245 0.44133
1403638558.6778295040 7.52119 7.70786 3.04649 -0.30783 0.70891 0.45619 0.44111
1403638558.7778294086 7.63570 7.71564 3.08326 -0.31575 0.70862 0.45006 0.44227
1403638558.8778295517 7.75078 7.72905 3.11361 -0.31799 0.70774 0.44764 0.44452
1403638558.9778294563 7.87069 7.74662 3.13625 -0.31965 0.70299 0.44649 0.45196
1403638559.0778295994 7.99456 7.76569 3.15120 -0.32030 0.69851 0.44640 0.45850
1403638559.1778295040 8.12211 7.78758 3.15889 -0.32079 0.69504 0.44689 0.46293
1403638559.2778294086 8.25072 7.80991 3.16050 -0.31884 0.69211 0.44935 0.46627
1403638559.3778295517 8.37818 7.83232 3.15607 -0.31562 0.68961 0.45260 0.46900
1403638559.4778294563 8.49905 7.85572 3.14683 -0.31365 0.68729 0.45449 0.47191
1403638559.5778295994 8.61781 7.87992 3.13263 -0.31249 0.68520 0.45586 0.47439
1403638559.6778295040 8.73289 7.90675 3.11528 -0.31320 0.68416 0.45592 0.47536
1403638559.7778294086 8.84534 7.93539 3.10114 -0.31371 0.68321 0.45675 0.47559
1403638559.8778295517 8.95249 7.96655 3.09239 -0.31502 0.68399 0.45588 0.47445
1403638559.9778294563 9.05996 7.99974 3.08421 -0.31428 0.68754 0.44995 0.47545
1403638560.0778295994 9.16454 8.03590 3.07048 -0.30888 0.69565 0.43689 0.47937
1403638560.1778295040 9.26623 8.07031 3.04979 -0.29915 0.70567 0.41878 0.48698
1403638560.2778294086 9.36878 8.10609 3.02400 -0.28669 0.71663 0.39788 0.49593
1403638560.3778295517 9.47216 8.14002 2.99596 -0.27568 0.72468 0.37357 0.50920
1403638560.4778294563 9.57283 8.17189 2.96429 -0.26313 0.73304 0.34856 0.52145
1403638560.5778295994 9.66952 8.19861 2.92839 -0.25202 0.74258 0.32145 0.53079
1403638560.6778295040 9.76557 8.21950 2.88910 -0.24273 0.75324 0.29373 0.53613
1403638560.7778294086 9.85740 8.23393 2.85309 -0.23561 0.76214 0.26843 0.53998
1403638560.8778295517 9.94477 8.23993 2.82508 -0.22494 0.76867 0.24585 0.54599
1403638560.9778294563 10.03254 8.23856 2.80502 -0.21334 0.77299 0.22487 0.55353
1403638561.0778295994 10.12010 8.22985 2.79299 -0.20152 0.77561 0.20522 0.56187
1403638561.1778295040 10.20363 8.21224 2.78717 -0.19088 0.77719 0.18760 0.56951
1403638561.2778294086 10.28170 8.18855 2.78889 -0.18386 0.77766 0.17456 0.57530
1403638561.3778295517 10.35304 8.15499 2.79295 -0.17486 0.78229 0.17010 0.57317
1403638561.4778294563 10.42171 8.11702 2.79213 -0.16126 0.78811 0.17403 0.56797
1403638561.5778295994 10.48819 8.07708 2.78644 -0.15158 0.79154 0.17903 0.56430
1403638561.6778295040 10.55044 8.03714 2.77618 -0.14748 0.79327 0.18200 0.56201
1403638561.7778294086 10.60629 7.99602 2.76126 -0.14607 0.79357 0.18403 0.56129
1403638561.8778295517 10.66305 7.94866 2.73849 -0.14368 0.79291 0.18480 0.56258
1403638561.9778294563 10.71299 7.90539 2.71378 -0.13813 0.79403 0.18015 0.56389
1403638562.0778295994 10.76359 7.85688 2.68838 -0.13063 0.79592 0.17137 0.56575
1403638562.1778295040 10.80125 7.81115 2.67312 -0.12254 0.79802 0.16121 0.56759
1403638562.2778294086 10.83874 7.76594 2.66267 -0.11547 0.79927 0.15258 0.56970
1403638562.3778295517 10.87344 7.71734 2.65848 -0.10928 0.80029 0.14041 0.57261
1403638562.4778294563 10.90395 7.66812 2.65795 -0.10109 0.80279 0.12420 0.57435
1403638562.5778295994 10.93346 7.61976 2.66369 -0.09148 0.80522 0.10410 0.57655
1403638562.6778295040 10.95985 7.57075 2.67336 -0.08272 0.80807 0.08001 0.57774
1403638562.7778294086 10.98516 7.51731 2.68517 -0.07413 0.80984 0.05374 0.57946
1403638562.8778295517 11.00791 7.45791 2.69285 -0.06081 0.81107 0.02930 0.58104
1403638562.9778294563 11.02563 7.39559 2.69429 -0.04640 0.81193 0.00671 0.58186
1403638563.0778295994 11.03816 7.33245 2.69031 -0.03726 0.81185 -0.01740 0.58242
1403638563.1778295040 11.04356 7.26563 2.68121 -0.02505 0.81167 -0.03755 0.58237
1403638563.2778294086 11.04454 7.19678 2.66800 -0.01320 0.80846 -0.05196 0.58610
1403638563.3778295517 11.03946 7.12488 2.65065 -0.00610 0.80070 -0.06207 0.59581
1403638563.4778294563 11.02932 7.04796 2.62812 -0.00443 0.79463 -0.06912 0.60313
1403638563.5778295994 11.01410 6.96479 2.60577 0.00136 0.79523 -0.06888 0.60238
1403638563.6778295040 10.99296 6.87507 2.59024 0.00139 0.79880 -0.06891 0.59764
1403638563.7778294086 10.96590 6.78140 2.58152 -0.00144 0.80115 -0.06939 0.59443
1403638563.8778295517 10.93395 6.68388 2.58041 -0.00453 0.80082 -0.06849 0.59496
1403638563.9778294563 10.89722 6.58354 2.58668 -0.00764 0.79972 -0.06720 0.59655
1403638564.0778295994 10.85217 6.47658 2.58916 -0.01215 0.80042 -0.06500 0.59578
1403638564.1778295040 10.80145 6.36458 2.58701 -0.01398 0.80037 -0.06034 0.59629
1403638564.2778294086 10.74579 6.25189 2.58412 -0.01270 0.79880 -0.05499 0.59895
1403638564.3778295517 10.68392 6.12864 2.58362 -0.01299 0.79734 -0.04984 0.60132
1403638564.4778294563 10.61604 6.00706 2.59345 -0.01215 0.79620 -0.04553 0.60320
1403638564.5778295994 10.54000 5.87677 2.60368 -0.01504 0.79777 -0.04485 0.60111
1403638564.6778295040 10.45741 5.75066 2.61535 -0.02006 0.79936 -0.04762 0.59863
1403638564.7778294086 10.36854 5.61249 2.61716 -0.02395 0.79980 -0.05052 0.59765
1403638564.8778295517 10.27536 5.47634 2.61574 -0.02605 0.79938 -0.05307 0.59792
1403638564.9778294563 10.17940 5.32740 2.59168 -0.02800 0.79869 -0.05481 0.59859
1403638565.0778295994 10.07943 5.18066 2.55707 -0.02925 0.79920 -0.05562 0.59777
1403638565.1778295040 9.97582 5.02439 2.50720 -0.02992 0.80008 -0.05575 0.59655
1403638565.2778294086 9.87024 4.86540 2.45132 -0.02832 0.80107 -0.05485 0.59538
1403638565.3778295517 9.76066 4.69820 2.39216 -0.02572 0.80219 -0.05333 0.59413
1403638565.4778294563 9.64655 4.52243 2.33260 -0.02295 0.80164 -0.05201 0.59509
1403638565.5778295994 9.52855 4.33582 2.27893 -0.01690 0.79951 -0.04938 0.59838
1403638565.6778295040 9.40743 4.15000 2.23393 -0.00567 0.79938 -0.04304 0.59926
1403638565.7778294086 9.28374 3.96584 2.19527 0.00331 0.80206 -0.03846 0.59599
1403638565.8778295517 9.15142 3.77924 2.16410 0.01014 0.80436 -0.03467 0.59305
1403638565.9778294563 9.01427 3.59438 2.13718 0.01224 0.80631 -0.03489 0.59034
1403638566.0778295994 8.87702 3.41683 2.10512 0.01370 0.80740 -0.03512 0.58880
1403638566.1778295040 8.73965 3.24280 2.06521 0.01161 0.80790 -0.03642 0.58808
1403638566.2778294086 8.60228 3.07250 2.01785 0.01176 0.80773 -0.03596 0.58834
1403638566.3778295517 8.46517 2.90619 1.96297 0.01208 0.80887 -0.03480 0.58683
1403638566.4778294563 8.32993 2.74310 1.90254 0.00784 0.80949 -0.03608 0.58598
1403638566.5778295994 8.19565 2.58356 1.83700 0.00710 0.81298 -0.03436 0.58123
1403638566.6778295040 8.06063 2.42853 1.76398 0.00632 0.82229 -0.03242 0.56811
1403638566.7778294086 7.92889 2.27790 1.68581 0.00540 0.83409 -0.03092 0.55073
1403638566.8778295517 7.80504 2.12874 1.60457 0.00353 0.84218 -0.02980 0.53836
1403638566.9778294563 7.68875 1.97941 1.52055 0.00334 0.84612 -0.02661 0.53232
1403638567.0778295994 7.57681 1.83385 1.43832 0.00305 0.83845 -0.02533 0.54439
1403638567.1778295040 7.47056 1.69261 1.35249 0.00517 0.82647 -0.02324 0.56247
1403638567.2778294086 7.36672 1.55007 1.26126 0.00790 0.81808 -0.02169 0.57465
1403638567.3778295517 7.26591 1.41669 1.16468 0.01084 0.81621 -0.02127 0.57726
1403638567.4778294563 7.16203 1.28080 1.07219 0.01244 0.81717 -0.02249 0.57582
1403638567.5778295994 7.05701 1.15275 0.98601 0.01369 0.82062 -0.02442 0.57079
1403638567.6778295040 6.95323 1.02523 0.90948 0.01705 0.82384 -0.02466 0.56603
1403638567.7778294086 6.85035 0.89810 0.84143 0.01853 0.82724 -0.02493 0.56099
1403638567.8778295517 6.74786 0.77355 0.78034 0.01715 0.83046 -0.02681 0.55617
1403638567.9778294563 6.65139 0.65026 0.72530 0.01662 0.83137 -0.02704 0.55481
1403638568.0778295994 6.55875 0.52787 0.67748 0.01852 0.83097 -0.02439 0.55547
1403638568.1778295040 6.47266 0.41342 0.63929 0.01948 0.83008 -0.02255 0.55685
1403638568.2778294086 6.39043 0.30406 0.60846 0.01951 0.82981 -0.02215 0.55726
1403638568.3778295517 6.31220 0.20413 0.57827 0.01926 0.83007 -0.02222 0.55688
1403638568.4778294563 6.24347 0.10624 0.54040 0.01893 0.83081 -0.02185 0.55581
1403638568.5778295994 6.16998 0.02466 0.50214 0.01993 0.83185 -0.02126 0.55423
1403638568.6778295040 6.10837 -0.06219 0.45862 0.02065 0.83343 -0.01944 0.55190
1403638568.7778294086 6.04465 -0.11826 0.42186 0.02107 0.83446 -0.02056 0.55028
1403638568.8778295517 5.98768 -0.16107 0.39496 0.02027 0.83354 -0.02337 0.55159
1403638568.9778294563 5.94250 -0.22482 0.37231 0.02171 0.83298 -0.02156 0.55246
1403638569.0778295994 5.89951 -0.25166 0.36364 0.02467 0.83266 -0.02127 0.55282
1403638569.1778295040 5.86198 -0.30217 0.35600 0.02502 0.83339 -0.02108 0.55171
1403638569.2778294086 5.82776 -0.31552 0.35463 0.02863 0.83458 -0.02095 0.54974
1403638569.3778295517 5.80035 -0.35302 0.34328 0.02937 0.83444 -0.02068 0.54993
1403638569.4778294563 5.77903 -0.36064 0.33176 0.03122 0.83303 -0.02100 0.55195
1403638569.5778295994 5.76249 -0.38564 0.31323 0.03175 0.83173 -0.02059 0.55388
1403638569.6778295040 5.75024 -0.40030 0.30029 0.03103 0.83060 -0.02163 0.55559
1403638569.7778294086 5.74081 -0.40771 0.29370 0.03226 0.82972 -0.02115 0.55684
1403638569.8778295517 5.73615 -0.40378 0.29588 0.03399 0.82853 -0.02055 0.55854
1403638569.9778294563 5.73380 -0.40619 0.29869 0.03276 0.82698 -0.02139 0.56087
1403638570.0778295994 5.73362 -0.40059 0.29861 0.03061 0.82631 -0.02296 0.56191
1403638570.1778295040 5.73442 -0.38997 0.29156 0.02594 0.82631 -0.02588 0.56202
1403638570.2778294086 5.73590 -0.37616 0.27839 0.01861 0.82564 -0.03067 0.56306
1403638570.3778295517 5.73824 -0.36273 0.26019 0.01245 0.82518 -0.03804 0.56346
1403638570.4778294563 5.74203 -0.34877 0.23716 0.00842 0.82449 -0.05368 0.56326
1403638570.5778295994 5.74451 -0.34765 0.20379 0.00108 0.82156 -0.08069 0.56438
1403638570.6778295040 5.74538 -0.34833 0.16906 0.00195 0.81625 -0.10996 0.56714
1403638570.7778294086 5.74512 -0.36025 0.13207 0.00904 0.80519 -0.13740 0.57681
1403638570.8778295517 5.73985 -0.38390 0.09193 0.02151 0.79346 -0.16167 0.58636
1403638570.9778294563 5.72741 -0.41815 0.04869 0.03676 0.78543 -0.18276 0.59020
1403638571.0778295994 5.70648 -0.46168 0.00098 0.05352 0.78259 -0.20160 0.58656
1403638571.1778295040 5.67487 -0.51147 -0.04435 0.07515 0.78510 -0.21346 0.57654
1403638571.2778294086 5.63643 -0.57114 -0.07834 0.09546 0.78634 -0.21956 0.56952
1403638571.3778295517 5.59230 -0.63412 -0.10441 0.10813 0.78557 -0.22461 0.56633
1403638571.4778294563 5.54359 -0.70048 -0.12135 0.11417 0.78242 -0.22935 0.56761
1403638571.5778295994 5.49138 -0.77225 -0.13407 0.12098 0.77995 -0.23358 0.56788
1403638571.6778295040 5.43529 -0.84874 -0.15092 0.12702 0.77947 -0.24293 0.56328
1403638571.7778294086 5.37579 -0.92954 -0.17288 0.13488 0.77888 -0.25638 0.55625
1403638571.8778295517 5.31406 -1.01319 -0.19879 0.14235 0.77582 -0.27427 0.55011
1403638571.9778294563 5.24965 -1.09821 -0.22175 0.15035 0.76967 -0.29446 0.54616
1403638572.0778295994 5.18232 -1.18566 -0.23640 0.15993 0.76253 -0.31384 0.54265
1403638572.1778295040 5.11028 -1.27936 -0.24151 0.17576 0.75561 -0.32903 0.53843
1403638572.2778294086 5.03481 -1.37413 -0.24259 0.19015 0.75118 -0.34551 0.52933
1403638572.3778295517 4.95804 -1.47200 -0.24621 0.20349 0.74613 -0.36405 0.51899
1403638572.4778294563 4.88193 -1.57318 -0.25184 0.21771 0.74202 -0.37753 0.50939
1403638572.5778295994 4.80721 -1.67774 -0.25848 0.22887 0.73812 -0.38648 0.50342
1403638572.6778295040 4.73477 -1.78600 -0.26270 0.23490 0.73624 -0.39238 0.49880
1403638572.7778294086 4.66589 -1.89770 -0.25805 0.24308 0.73768 -0.39216 0.49290
1403638572.8778295517 4.60114 -2.01229 -0.24501 0.24701 0.74025 -0.39141 0.48766
1403638572.9778294563 4.53877 -2.13008 -0.22777 0.24780 0.74226 -0.39055 0.48488
1403638573.0778295994 4.48271 -2.24981 -0.21334 0.24747 0.74432 -0.38940 0.48282
1403638573.1778295040 4.43048 -2.37234 -0.20527 0.24589 0.74597 -0.38808 0.48213
1403638573.2778294086 4.38188 -2.49948 -0.20019 0.24415 0.74734 -0.38619 0.48242
1403638573.3778295517 4.34033 -2.62479 -0.19157 0.24377 0.74806 -0.38521 0.48227
1403638573.4778294563 4.30509 -2.75630 -0.18145 0.24714 0.74825 -0.38528 0.48021
1403638573.5778295994 4.27575 -2.88695 -0.16087 0.24899 0.74841 -0.38531 0.47899
1403638573.6778295040 4.25084 -3.02028 -0.13401 0.25196 0.74892 -0.38559 0.47641
1403638573.7778294086 4.23195 -3.15643 -0.10358 0.25891 0.74522 -0.38895 0.47574
1403638573.8778295517 4.21988 -3.29533 -0.07368 0.27285 0.73508 -0.39440 0.47922
1403638573.9778294563 4.21214 -3.43721 -0.05044 0.28439 0.71971 -0.40776 0.48464
1403638574.0778295994 4.20709 -3.57667 -0.03449 0.29024 0.69965 -0.42901 0.49214
1403638574.1778295040 4.20219 -3.71272 -0.02476 0.29603 0.67764 -0.45294 0.49802
1403638574.2778294086 4.19520 -3.84507 -0.02092 0.30498 0.65862 -0.47553 0.49707
1403638574.3778295517 4.17878 -3.97546 -0.02183 0.31760 0.64540 -0.49540 0.48699
1403638574.4778294563 4.15394 -4.10254 -0.02614 0.33114 0.63391 -0.51343 0.47423
1403638574.5778295994 4.12556 -4.22336 -0.02765 0.34145 0.62281 -0.52794 0.46562
1403638574.6778295040 4.09356 -4.34344 -0.02070 0.35318 0.61607 -0.53553 0.45710
1403638574.7778294086 4.06036 -4.46080 -0.00655 0.36420 0.61566 -0.53837 0.44551
1403638574.8778295517 4.02717 -4.57491 0.01160 0.36553 0.61739 -0.54313 0.43615
1403638574.9778294563 3.99279 -4.68389 0.02578 0.36406 0.61965 -0.54652 0.42990
1403638575.0778295994 3.95885 -4.79139 0.03357 0.35673 0.61839 -0.55149 0.43151
1403638575.1778295040 3.92471 -4.89895 0.03522 0.35116 0.61592 -0.55424 0.43605
1403638575.2778294086 3.88737 -5.01089 0.03406 0.34800 0.61459 -0.55497 0.43953
1403638575.3778295517 3.84749 -5.12028 0.02743 0.34516 0.61788 -0.55472 0.43746
1403638575.4778294563 3.80396 -5.23675 0.01772 0.34329 0.62335 -0.55318 0.43312
1403638575.5778295994 3.75830 -5.35300 0.00683 0.34254 0.62837 -0.55064 0.42965
1403638575.6778295040 3.71075 -5.47769 0.00305 0.34613 0.63482 -0.54529 0.42409
1403638575.7778294086 3.66316 -5.60473 0.00785 0.34710 0.64123 -0.54227 0.41748
1403638575.8778295517 3.61725 -5.73453 0.02175 0.34691 0.64541 -0.54020 0.41388
1403638575.9778294563 3.57590 -5.86836 0.04690 0.34635 0.64596 -0.53926 0.41469
1403638576.0778295994 3.53846 -6.00693 0.07930 0.34717 0.64680 -0.53768 0.41475
1403638576.1778295040 3.50462 -6.15153 0.11674 0.34808 0.64548 -0.53711 0.41679
1403638576.2778294086 3.47425 -6.30138 0.15121 0.35196 0.64600 -0.53447 0.41611
1403638576.3778295517 3.44697 -6.45562 0.17951 0.35651 0.64769 -0.53140 0.41354
1403638576.4778294563 3.42497 -6.61334 0.20177 0.36027 0.65031 -0.52886 0.40940
1403638576.5778295994 3.40872 -6.77629 0.21828 0.36484 0.65437 -0.52590 0.40266
1403638576.6778295040 3.39983 -6.94282 0.23056 0.36798 0.65598 -0.52362 0.40013
1403638576.7778294086 3.39936 -7.11219 0.23884 0.37286 0.65357 -0.51999 0.40427
1403638576.8778295517 3.40610 -7.28044 0.24215 0.37557 0.64866 -0.51811 0.41200
1403638576.9778294563 3.42063 -7.44723 0.24047 0.37359 0.64224 -0.51988 0.42153
1403638577.0778295994 3.44183 -7.60942 0.23764 0.36935 0.63829 -0.52329 0.42700
1403638577.1778295040 3.46672 -7.77038 0.24213 0.36659 0.63555 -0.52539 0.43088
1403638577.2778294086 3.49419 -7.92921 0.25271 0.36698 0.63605 -0.52518 0.43007
1403638577.3778295517 3.52405 -8.08750 0.27244 0.37362 0.64035 -0.52034 0.42381
1403638577.4778294563 3.55794 -8.24321 0.29779 0.37787 0.64276 -0.51721 0.42020
1403638577.5778295994 3.59705 -8.39626 0.31952 0.37496 0.64255 -0.51903 0.42088
1403638577.6778295040 3.64096 -8.54637 0.33524 0.37148 0.64127 -0.52145 0.42292
1403638577.7778294086 3.68880 -8.69265 0.34320 0.36858 0.64062 -0.52322 0.42426
1403638577.8778295517 3.74099 -8.84112 0.34634 0.36818 0.64082 -0.52306 0.42451
1403638577.9778294563 3.79664 -8.97966 0.34636 0.36918 0.64131 -0.52171 0.42456
1403638578.0778295994 3.85697 -9.12631 0.35344 0.36823 0.64062 -0.52152 0.42666
1403638578.1778295040 3.92074 -9.26178 0.36629 0.36369 0.63728 -0.52422 0.43220
1403638578.2778294086 3.98533 -9.39930 0.38502 0.35535 0.63227 -0.52980 0.43963
1403638578.3778295517 4.04848 -9.53762 0.40326 0.35340 0.62983 -0.53145 0.44270
1403638578.4778294563 4.10883 -9.67425 0.41516 0.35373 0.62952 -0.53162 0.44267
1403638578.5778295994 4.16680 -9.80850 0.42228 0.35371 0.62924 -0.53201 0.44263
1403638578.6778295040 4.22445 -9.94532 0.42512 0.35616 0.62914 -0.53085 0.44219
1403638578.7778294086 4.27816 -10.07402 0.42566 0.36138 0.63183 -0.52744 0.43819
1403638578.8778295517 4.33661 -10.20643 0.42186 0.36661 0.63471 -0.52383 0.43398
1403638578.9778294563 4.39108 -10.32682 0.41844 0.36923 0.63619 -0.52151 0.43238
1403638579.0778295994 4.44996 -10.45624 0.42247 0.36971 0.63697 -0.52034 0.43225
1403638579.1778295040 4.50714 -10.57523 0.43499 0.37010 0.63734 -0.51934 0.43256
1403638579.2778294086 4.57205 -10.69794 0.45345 0.36780 0.63631 -0.52040 0.43476
1403638579.3778295517 4.63659 -10.81202 0.47164 0.36225 0.63299 -0.52406 0.43984
1403638579.4778294563 4.70355 -10.93232 0.48800 0.35644 0.62869 -0.52803 0.44596
1403638579.5778295994 4.76667 -11.04304 0.49622 0.35524 0.62580 -0.52564 0.45374
1403638579.6778295040 4.83032 -11.15407 0.49981 0.35777 0.62642 -0.51357 0.46459
1403638579.7778294086 4.89159 -11.26057 0.49849 0.35670 0.63703 -0.49460 0.47151
1403638579.8778295517 4.95236 -11.36045 0.49033 0.34642 0.65698 -0.47359 0.47338
1403638579.9778294563 5.01234 -11.45550 0.47757 0.32937 0.67688 -0.44890 0.48149
1403638580.0778295994 5.07247 -11.54568 0.46268 0.31494 0.69123 -0.41499 0.50079
1403638580.1778295040 5.13576 -11.62793 0.44479 0.29524 0.70545 -0.37834 0.52156
1403638580.2778294086 5.19534 -11.69847 0.42248 0.26871 0.72252 -0.34385 0.53621
1403638580.3778295517 5.25172 -11.76125 0.39451 0.23867 0.73853 -0.31776 0.54464
1403638580.4778294563 5.30107 -11.81904 0.36231 0.21241 0.75017 -0.30124 0.54899
1403638580.5778295994 5.34553 -11.87574 0.32893 0.19487 0.75725 -0.28828 0.55271
1403638580.6778295040 5.38726 -11.92955 0.29579 0.17968 0.76739 -0.27362 0.55132
1403638580.7778294086 5.42507 -11.98261 0.26941 0.16976 0.77744 -0.25878 0.54754
1403638580.8778295517 5.45943 -12.03528 0.25149 0.16495 0.78424 -0.24786 0.54435
1403638580.9778294563 5.49507 -12.08797 0.24408 0.15894 0.78554 -0.24445 0.54582
1403638581.0778295994 5.52935 -12.13899 0.24524 0.15751 0.78653 -0.24270 0.54559
1403638581.1778295040 5.56284 -12.18940 0.25343 0.15988 0.78630 -0.24135 0.54582
1403638581.2778294086 5.59713 -12.23737 0.26185 0.16385 0.78612 -0.24132 0.54492
1403638581.3778295517 5.63565 -12.28491 0.27419 0.16721 0.78477 -0.24237 0.54537
1403638581.4778294563 5.66734 -12.32870 0.28589 0.17006 0.78238 -0.24393 0.54724
1403638581.5778295994 5.70283 -12.37240 0.30913 0.17307 0.78167 -0.24603 0.54636
1403638581.6778295040 5.73627 -12.41117 0.32584 0.17841 0.77716 -0.24594 0.55109
1403638581.7778294086 5.76968 -12.44844 0.34365 0.18015 0.77374 -0.24742 0.55466
1403638581.8778295517 5.79865 -12.47528 0.35746 0.18294 0.77076 -0.24752 0.55785
1403638581.9778294563 5.83314 -12.50364 0.35741 0.18686 0.76301 -0.24616 0.56771
1403638582.0778295994 5.85636 -12.51629 0.36738 0.18612 0.76493 -0.24778 0.56467
1403638582.1778295040 5.87433 -12.52453 0.38392 0.18216 0.77254 -0.25096 0.55409
1403638582.2778294086 5.89719 -12.53939 0.40465 0.18244 0.77547 -0.25123 0.54976
1403638582.3778295517 5.91303 -12.54439 0.44402 0.18496 0.77277 -0.24857 0.55392
1403638582.4778294563 5.93320 -12.55499 0.48443 0.18706 0.77188 -0.24679 0.55525
1403638582.5778295994 5.95014 -12.56068 0.53658 0.18807 0.77183 -0.24555 0.55554
1403638582.6778295040 5.96214 -12.56090 0.60029 0.18764 0.77359 -0.24535 0.55331
1403638582.7778294086 5.98083 -12.56060 0.66768 0.18566 0.77573 -0.24720 0.55015
1403638582.8778295517 5.99882 -12.55546 0.73741 0.18590 0.77767 -0.24780 0.54706
1403638582.9778294563 6.01578 -12.54779 0.80046 0.18475 0.78026 -0.24931 0.54306
1403638583.0778295994 6.02924 -12.53649 0.85590 0.18371 0.78308 -0.25101 0.53855
1403638583.1778295040 6.04161 -12.52415 0.90387 0.18333 0.78502 -0.25162 0.53556
1403638583.2778294086 6.05684 -12.50925 0.94564 0.18199 0.78601 -0.25289 0.53396
1403638583.3778295517 6.07629 -12.49694 0.97951 0.18196 0.78572 -0.25304 0.53433
1403638583.4778294563 6.09061 -12.47802 1.01621 0.18209 0.78704 -0.25283 0.53243
1403638583.5778295994 6.10943 -12.45733 1.05814 0.18221 0.78744 -0.25256 0.53192
1403638583.6778295040 6.12747 -12.43537 1.10769 0.18387 0.78821 -0.25123 0.53084
1403638583.7778294086 6.14630 -12.41242 1.15807 0.18341 0.78832 -0.25122 0.53085
1403638583.8778295517 6.18172 -12.39160 1.19186 0.18304 0.78667 -0.25253 0.53280
1403638583.9778294563 6.20259 -12.36360 1.23085 0.18326 0.78719 -0.25223 0.53209
1403638584.0778295994 6.22781 -12.33626 1.26294 0.18609 0.78422 -0.25003 0.53653
1403638584.1778295040 6.26608 -12.29806 1.28514 0.19073 0.77520 -0.24725 0.54914
1403638584.2778294086 6.29788 -12.25984 1.31029 0.19338 0.76687 -0.24505 0.56077
1403638584.3778295517 6.32988 -12.21343 1.31922 0.19500 0.76386 -0.24417 0.56469
1403638584.4778294563 6.36014 -12.15932 1.32232 0.19610 0.76349 -0.24390 0.56492
1403638584.5778295994 6.37584 -12.10717 1.33307 0.19552 0.76408 -0.24399 0.56429
1403638584.6778295040 6.38825 -12.04470 1.35022 0.19325 0.76611 -0.24515 0.56180
1403638584.7778294086 6.40242 -11.96456 1.36159 0.18967 0.77227 -0.24787 0.55333
1403638584.8778295517 6.40728 -11.89048 1.38896 0.18324 0.77988 -0.25235 0.54271
1403638584.9778294563 6.39984 -11.80125 1.39314 0.18084 0.78263 -0.25461 0.53848
1403638585.0778295994 6.38958 -11.71386 1.38912 0.17988 0.78290 -0.25555 0.53797
1403638585.1778295040 6.38484 -11.63876 1.39754 0.17703 0.78288 -0.25672 0.53838
1403638585.2778294086 6.38832 -11.55153 1.37871 0.17842 0.78044 -0.25597 0.54182
1403638585.3778295517 6.38762 -11.47384 1.37825 0.17872 0.77867 -0.25509 0.54467
1403638585.4778294563 6.38825 -11.38749 1.35385 0.17975 0.77809 -0.25552 0.54496
1403638585.5778295994 6.38931 -11.30671 1.35585 0.17885 0.77992 -0.25551 0.54264
1403638585.6778295040 6.39616 -11.21837 1.34813 0.17992 0.78155 -0.25545 0.53995
1403638585.7778294086 6.39729 -11.13437 1.36545 0.17684 0.78636 -0.25762 0.53292
1403638585.8778295517 6.40098 -11.05187 1.38095 0.17417 0.78970 -0.25957 0.52789
1403638585.9778294563 6.41014 -10.97175 1.40894 0.17253 0.78930 -0.26155 0.52804
1403638586.0778295994 6.42083 -10.89308 1.44176 0.17479 0.78517 -0.26073 0.53383
1403638586.1778295040 6.43591 -10.81675 1.47098 0.17672 0.78246 -0.26027 0.53739
1403638586.2778294086 6.44531 -10.73696 1.49299 0.17907 0.77969 -0.25918 0.54114
1403638586.3778295517 6.45937 -10.66113 1.51118 0.18496 0.77675 -0.25545 0.54516
1403638586.4778294563 6.46851 -10.57954 1.52381 0.19317 0.77502 -0.25068 0.54699
1403638586.5778295994 6.48089 -10.50098 1.53243 0.19533 0.77454 -0.24935 0.54751
1403638586.6778295040 6.49198 -10.41203 1.53210 0.19266 0.77519 -0.25166 0.54647
1403638586.7778294086 6.50645 -10.32762 1.52725 0.18860 0.77499 -0.25425 0.54696
1403638586.8778295517 6.51785 -10.23613 1.51512 0.18684 0.77372 -0.25540 0.54883
1403638586.9778294563 6.52867 -10.14756 1.50002 0.18690 0.77364 -0.25506 0.54909
1403638587.0778295994 6.53847 -10.05227 1.47924 0.18646 0.77334 -0.25578 0.54933
1403638587.1778295040 6.54804 -9.96173 1.46644 0.18587 0.77475 -0.25549 0.54767
1403638587.2778294086 6.55872 -9.86680 1.45730 0.18554 0.77633 -0.25576 0.54541
1403638587.3778295517 6.56575 -9.77257 1.45951 0.18469 0.77803 -0.25614 0.54310
1403638587.4778294563 6.57560 -9.67470 1.45984 0.18320 0.77776 -0.25816 0.54303
1403638587.5778295994 6.58319 -9.57942 1.46202 0.18236 0.77782 -0.25912 0.54277
1403638587.6778295040 6.59236 -9.48507 1.45257 0.18242 0.77725 -0.25965 0.54331
1403638587.7778294086 6.60077 -9.38946 1.44319 0.18248 0.77692 -0.26011 0.54353
1403638587.8778295517 6.61099 -9.29068 1.42894 0.18200 0.77639 -0.26128 0.54390
1403638587.9778294563 6.62074 -9.19389 1.41228 0.18189 0.77613 -0.26176 0.54407
1403638588.0778295994 6.62607 -9.09832 1.39241 0.18287 0.77590 -0.26063 0.54462
1403638588.1778295040 6.63147 -9.00673 1.36718 0.18932 0.77701 -0.25605 0.54300
1403638588.2778294086 6.63298 -8.90431 1.34658 0.19208 0.77805 -0.25343 0.54177
1403638588.3778295517 6.64077 -8.80583 1.32890 0.19293 0.77858 -0.25256 0.54111
1403638588.4778294563 6.64634 -8.69895 1.32374 0.19106 0.77872 -0.25358 0.54110
1403638588.5778295994 6.65356 -8.59622 1.32201 0.18880 0.77796 -0.25515 0.54225
1403638588.6778295040 6.65576 -8.48379 1.33252 0.18655 0.77713 -0.25640 0.54362
1403638588.7778294086 6.66287 -8.37560 1.34451 0.18513 0.77564 -0.25765 0.54564
1403638588.8778295517 6.66430 -8.26413 1.35588 0.18276 0.77489 -0.26009 0.54635
1403638588.9778294563 6.66779 -8.15751 1.35640 0.18305 0.77475 -0.26039 0.54631
1403638589.0778295994 6.67019 -8.04836 1.35305 0.18354 0.77508 -0.26061 0.54557
1403638589.1778295040 6.67524 -7.94211 1.34078 0.18517 0.77499 -0.25979 0.54555
1403638589.2778294086 6.67763 -7.83522 1.32819 0.18500 0.77413 -0.26007 0.54668
1403638589.3778295517 6.67928 -7.72695 1.31040 0.18537 0.77408 -0.25968 0.54682
1403638589.4778294563 6.67770 -7.61616 1.30029 0.18492 0.77493 -0.26036 0.54544
1403638589.5778295994 6.67471 -7.50890 1.29175 0.18430 0.77473 -0.26058 0.54583
1403638589.6778295040 6.67171 -7.40069 1.29562 0.18384 0.77527 -0.26062 0.54520
1403638589.7778294086 6.66907 -7.29308 1.30293 0.18429 0.77674 -0.26092 0.54280
1403638589.8778295517 6.66233 -7.18342 1.31542 0.18420 0.77739 -0.26178 0.54148
1403638589.9778294563 6.65855 -7.07852 1.31501 0.18440 0.77733 -0.26235 0.54123
1403638590.0778295994 6.64766 -6.96789 1.31308 0.18410 0.77718 -0.26319 0.54114
1403638590.1778295040 6.64184 -6.86140 1.30371 0.18486 0.77614 -0.26340 0.54228
1403638590.2778294086 6.63423 -6.75507 1.29398 0.18478 0.77541 -0.26392 0.54309
1403638590.3778295517 6.62860 -6.64924 1.27596 0.18512 0.77572 -0.26435 0.54232
1403638590.4778294563 6.61955 -6.54457 1.26067 0.18535 0.77636 -0.26490 0.54106
1403638590.5778295994 6.61090 -6.44205 1.24207 0.18428 0.77727 -0.26562 0.53975
1403638590.6778295040 6.59937 -6.33891 1.23558 0.18239 0.77898 -0.26659 0.53746
1403638590.7778294086 6.59350 -6.23741 1.23410 0.18185 0.77990 -0.26702 0.53608
1403638590.8778295517 6.58250 -6.13798 1.24208 0.18200 0.78065 -0.26704 0.53492
1403638590.9778294563 6.57649 -6.04086 1.25492 0.18089 0.78127 -0.26785 0.53400
1403638591.0778295994 6.56329 -5.94028 1.27336 0.17925 0.78199 -0.26934 0.53274
1403638591.1778295040 6.55881 -5.84573 1.28487 0.17822 0.78620 -0.27055 0.52624
1403638591.2778294086 6.55190 -5.75292 1.28955 0.17551 0.79182 -0.27300 0.51739
1403638591.3778295517 6.55108 -5.66456 1.28788 0.17221 0.79582 -0.27577 0.51084
1403638591.4778294563 6.55751 -5.57971 1.27971 0.16966 0.79832 -0.27803 0.50655
1403638591.5778295994 6.56953 -5.50217 1.26633 0.16710 0.80086 -0.28047 0.50203
1403638591.6778295040 6.58850 -5.43432 1.24835 0.16622 0.80094 -0.28162 0.50155
1403638591.7778294086 6.61599 -5.37702 1.23034 0.16844 0.79896 -0.28075 0.50446
1403638591.8778295517 6.65208 -5.33472 1.21557 0.16967 0.79672 -0.27995 0.50801
1403638591.9778294563 6.69324 -5.29942 1.20816 0.17062 0.79412 -0.27917 0.51218
1403638592.0778295994 6.73963 -5.27381 1.20657 0.17102 0.79147 -0.27817 0.51668
1403638592.1778295040 6.79048 -5.24671 1.21730 0.16941 0.78860 -0.27642 0.52250
1403638592.2778294086 6.84151 -5.23182 1.23804 0.16428 0.78314 -0.27104 0.53502
1403638592.3778295517 6.89292 -5.21976 1.26791 0.15539 0.78051 -0.26211 0.54585
1403638592.4778294563 6.94187 -5.21123 1.30626 0.14363 0.78311 -0.24840 0.55174
1403638592.5778295994 6.98552 -5.20898 1.35185 0.13565 0.79062 -0.23426 0.54922
1403638592.6778295040 7.02352 -5.21311 1.40385 0.12882 0.79804 -0.22306 0.54478
1403638592.7778294086 7.05841 -5.22190 1.45477 0.12317 0.80517 -0.21544 0.53863
1403638592.8778295517 7.09206 -5.23408 1.49920 0.11863 0.81016 -0.21039 0.53413
1403638592.9778294563 7.12895 -5.24666 1.53703 0.11747 0.81256 -0.20660 0.53222
1403638593.0778295994 7.17614 -5.26093 1.56862 0.11660 0.81316 -0.20529 0.53201
1403638593.1778295040 7.22037 -5.28155 1.60221 0.11640 0.81137 -0.20427 0.53517
1403638593.2778294086 7.27665 -5.30546 1.64040 0.12318 0.80815 -0.20051 0.53992
1403638593.3778295517 7.32805 -5.33384 1.68526 0.13180 0.80478 -0.19529 0.54481
1403638593.4778294563 7.38172 -5.36073 1.72794 0.13981 0.80022 -0.19134 0.55090
1403638593.5778295994 7.43670 -5.38568 1.76338 0.14417 0.79727 -0.18987 0.55456
1403638593.6778295040 7.49292 -5.40767 1.79193 0.14667 0.79607 -0.18921 0.55584
1403638593.7778294086 7.54956 -5.42576 1.81517 0.14788 0.79272 -0.18931 0.56025
1403638593.8778295517 7.60569 -5.43900 1.83821 0.14367 0.78224 -0.18917 0.57591
1403638593.9778294563 7.65515 -5.44774 1.86635 0.13684 0.77890 -0.18570 0.58318
1403638594.0778295994 7.69759 -5.45193 1.89722 0.12835 0.78424 -0.18347 0.57865
1403638594.1778295040 7.73286 -5.45374 1.93180 0.12593 0.79015 -0.17871 0.57259
1403638594.2778294086 7.76299 -5.45291 1.96361 0.12626 0.79233 -0.17378 0.57103
1403638594.3778295517 7.79094 -5.44839 1.99199 0.12864 0.79115 -0.16886 0.57360
1403638594.4778294563 7.81441 -5.43926 2.02575 0.13231 0.78970 -0.16346 0.57633
1403638594.5778295994 7.83477 -5.42556 2.06293 0.12669 0.78948 -0.16536 0.57734
1403638594.6778295040 7.85006 -5.40830 2.10917 0.12101 0.78975 -0.16847 0.57729
1403638594.7778294086 7.86274 -5.39034 2.14771 0.11871 0.79001 -0.17034 0.57686
1403638594.8778295517 7.87283 -5.36962 2.18523 0.11723 0.79000 -0.17200 0.57669
1403638594.9778294563 7.87993 -5.34858 2.21007 0.11807 0.79140 -0.17250 0.57445
1403638595.0778295994 7.88484 -5.32645 2.22950 0.11658 0.79224 -0.17433 0.57304
1403638595.1778295040 7.88920 -5.30315 2.24268 0.11634 0.79241 -0.17561 0.57246
1403638595.2778294086 7.89403 -5.27870 2.24978 0.11690 0.79257 -0.17598 0.57201
1403638595.3778295517 7.89792 -5.25180 2.26284 0.11681 0.79275 -0.17668 0.57157
1403638595.4778294563 7.89731 -5.22849 2.25761 0.11677 0.79281 -0.17690 0.57143
1403638595.5778295994 7.89808 -5.20443 2.25302 0.11682 0.79355 -0.17659 0.57048
1403638595.6778295040 7.89873 -5.18093 2.25516 0.11905 0.79373 -0.17483 0.57031
1403638595.7778294086 7.89720 -5.15701 2.26178 0.12314 0.79470 -0.17175 0.56902
1403638595.8778295517 7.89716 -5.13036 2.26528 0.12442 0.79508 -0.17102 0.56844
1403638595.9778294563 7.89746 -5.10216 2.25499 0.12681 0.79481 -0.16970 0.56867
1403638596.0778295994 7.90611 -5.06941 2.25786 0.13442 0.79687 -0.16455 0.56555
1403638596.1778295040 7.90610 -5.03707 2.23434 0.14540 0.79830 -0.15667 0.56305
1403638596.2778294086 7.90495 -4.99709 2.21822 0.15660 0.80006 -0.14831 0.55980
1403638596.3778295517 7.90649 -4.94456 2.22840 0.16563 0.80090 -0.14057 0.55800
1403638596.4778294563 7.91106 -4.88344 2.22927 0.17110 0.80049 -0.13574 0.55813
1403638596.5778295994 7.91987 -4.80843 2.25271 0.17775 0.80168 -0.13010 0.55569
1403638596.6778295040 7.93234 -4.72020 2.26922 0.18518 0.80176 -0.12412 0.55451
1403638596.7778294086 7.94885 -4.61471 2.29338 0.18890 0.80159 -0.12079 0.55424
1403638596.8778295517 7.97086 -4.49089 2.33581 0.19238 0.80110 -0.11755 0.55444
1403638596.9778294563 7.99639 -4.35357 2.36740 0.19397 0.79947 -0.11662 0.55644
1403638597.0778295994 8.02752 -4.19903 2.40194 0.19689 0.79862 -0.11530 0.55690
1403638597.1778295040 8.06169 -4.03204 2.42876 0.19895 0.79686 -0.11476 0.55880
1403638597.2778294086 8.09742 -3.84977 2.44857 0.19635 0.79389 -0.11788 0.56328
1403638597.3778295517 8.13466 -3.65172 2.46250 0.19171 0.79199 -0.12246 0.56657
1403638597.4778294563 8.17500 -3.43974 2.47337 0.18289 0.78851 -0.12949 0.57274
1403638597.5778295994 8.21171 -3.22035 2.47739 0.16976 0.78353 -0.13922 0.58128
1403638597.6778295040 8.24589 -2.99223 2.47672 0.16502 0.78114 -0.14325 0.58486
1403638597.7778294086 8.27791 -2.75533 2.47103 0.16876 0.78303 -0.13800 0.58253
1403638597.8778295517 8.31084 -2.50832 2.46197 0.17323 0.78616 -0.12593 0.57973
1403638597.9778294563 8.34410 -2.25009 2.45100 0.17444 0.78827 -0.11623 0.57853
1403638598.0778295994 8.38051 -1.97909 2.44497 0.16807 0.78851 -0.11324 0.58068
1403638598.1778295040 8.41445 -1.69529 2.44593 0.14632 0.79003 -0.12211 0.58269
1403638598.2778294086 8.44909 -1.40383 2.45129 0.12950 0.79219 -0.13019 0.58200
1403638598.3778295517 8.48245 -1.11155 2.45444 0.11892 0.79426 -0.13510 0.58032
1403638598.4778294563 8.51524 -0.82024 2.45263 0.11489 0.79699 -0.13706 0.57690
1403638598.5778295994 8.54843 -0.52953 2.44430 0.11062 0.79956 -0.13509 0.57465
1403638598.6778295040 8.58152 -0.23983 2.42995 0.10726 0.80222 -0.12716 0.57338
1403638598.7778294086 8.61202 0.04616 2.41660 0.09951 0.80475 -0.11710 0.57337
1403638598.8778295517 8.63756 0.33007 2.40865 0.09082 0.80626 -0.10283 0.57544
1403638598.9778294563 8.65836 0.61073 2.40368 0.08102 0.80901 -0.08708 0.57563
1403638599.0778295994 8.67724 0.89033 2.40460 0.06918 0.81068 -0.07062 0.57709
1403638599.1778295040 8.69282 1.16875 2.41274 0.05724 0.81230 -0.05352 0.57795
1403638599.2778294086 8.70521 1.44480 2.42595 0.04645 0.81458 -0.03468 0.57715
1403638599.3778295517 8.71518 1.71909 2.44652 0.03392 0.81810 -0.01752 0.57380
1403638599.4778294563 8.72532 1.99188 2.47153 0.02498 0.82059 -0.00474 0.57096
1403638599.5778295994 8.73510 2.26281 2.49421 0.01967 0.82310 0.00350 0.56755
1403638599.6778295040 8.74156 2.53143 2.50782 0.01546 0.82467 0.00835 0.56535
1403638599.7778294086 8.74780 2.79898 2.51234 0.01388 0.82484 0.00978 0.56511
1403638599.8778295517 8.75534 3.06385 2.50987 0.01190 0.82616 0.00795 0.56326
1403638599.9778294563 8.76574 3.32730 2.50350 0.00797 0.82629 0.00284 0.56318
1403638600.0778295994 8.78069 3.58878 2.49367 0.00130 0.82747 -0.00468 0.56149
1403638600.1778295040 8.80002 3.84557 2.47944 -0.01105 0.82910 -0.01650 0.55874
1403638600.2778294086 8.81992 4.09459 2.45975 -0.02103 0.83118 -0.02667 0.55497
1403638600.3778295517 8.84359 4.33186 2.43900 -0.02884 0.83252 -0.03519 0.55212
1403638600.4778294563 8.87205 4.55344 2.42409 -0.03511 0.83353 -0.04147 0.54979
1403638600.5778295994 8.90626 4.76111 2.42014 -0.03330 0.83433 -0.04222 0.54863
1403638600.6778295040 8.94482 4.95644 2.42414 -0.03581 0.83586 -0.04536 0.54589
1403638600.7778294086 8.98804 5.14066 2.43515 -0.03543 0.83962 -0.04543 0.54011
1403638600.8778295517 9.03989 5.30951 2.45123 -0.02453 0.84356 -0.03698 0.53519
1403638600.9778294563 9.09655 5.46524 2.46431 -0.00771 0.84583 -0.02359 0.53287
1403638601.0778295994 9.15844 5.61078 2.47063 0.00149 0.84618 -0.01529 0.53267
1403638601.1778295040 9.23102 5.75589 2.47245 0.00968 0.84484 -0.00904 0.53485
1403638601.2778294086 9.31053 5.89779 2.47151 0.01930 0.83871 -0.00125 0.54424
1403638601.3778295517 9.39437 6.03570 2.46866 0.01661 0.83369 0.00296 0.55197
1403638601.4778294563 9.48218 6.17865 2.47018 0.00354 0.82930 0.00789 0.55874
1403638601.5778295994 9.57196 6.32252 2.47884 -0.00721 0.82455 0.02245 0.56529
1403638601.6778295040 9.66303 6.46530 2.49226 -0.01827 0.82197 0.04275 0.56763
1403638601.7778294086 9.75288 6.60789 2.51219 -0.03091 0.81910 0.06841 0.56872
1403638601.8778295517 9.84144 6.75046 2.53930 -0.04488 0.81430 0.09724 0.57049
1403638601.9778294563 9.92569 6.89490 2.56752 -0.05960 0.81126 0.12077 0.56897
1403638602.0778295994 10.00715 7.04092 2.59015 -0.07100 0.80967 0.13780 0.56604
1403638602.1778295040 10.08234 7.18493 2.60638 -0.07737 0.80489 0.15386 0.56789
1403638602.2778294086 10.15283 7.33105 2.61671 -0.08544 0.79773 0.17168 0.57170
1403638602.3778295517 10.21967 7.48326 2.62735 -0.10829 0.78656 0.18440 0.57931
1403638602.4778294563 10.27867 7.63669 2.64802 -0.14315 0.76436 0.19132 0.59888
1403638602.5778295994 10.32586 7.78171 2.67602 -0.17903 0.74243 0.19645 0.61494
1403638602.6778295040 10.35956 7.91286 2.70894 -0.19980 0.73192 0.21026 0.61657
1403638602.7778294086 10.37534 8.02548 2.74685 -0.21100 0.72733 0.23040 0.61105
1403638602.8778295517 10.36779 8.11856 2.78742 -0.22231 0.72348 0.25037 0.60372
1403638602.9778294563 10.34508 8.19750 2.83019 -0.24244 0.72293 0.26632 0.58963
1403638603.0778295994 10.31536 8.26174 2.87070 -0.26165 0.71748 0.28127 0.58107
1403638603.1778295040 10.28252 8.31523 2.90467 -0.27394 0.70991 0.29573 0.57752
1403638603.2778294086 10.24225 8.35773 2.92678 -0.27207 0.71729 0.31283 0.56000
1403638603.3778295517 10.19490 8.38368 2.93986 -0.26576 0.73015 0.32673 0.53805
1403638603.4778294563 10.14437 8.40564 2.94823 -0.26252 0.73840 0.33363 0.52396
1403638603.5778295994 10.09632 8.42387 2.95531 -0.26406 0.73612 0.33817 0.52350
1403638603.6778295040 10.04601 8.44768 2.96010 -0.26548 0.72861 0.34031 0.53182
1403638603.7778294086 9.99753 8.46083 2.95401 -0.25898 0.72000 0.34647 0.54267
1403638603.8778295517 9.94045 8.48009 2.94751 -0.25099 0.71320 0.35092 0.55245
1403638603.9778294563 9.87552 8.49487 2.93542 -0.24494 0.70696 0.35348 0.56148
1403638604.0778295994 9.80566 8.49761 2.91283 -0.23887 0.70349 0.35635 0.56661
1403638604.1778295040 9.72398 8.49993 2.90113 -0.23757 0.70320 0.35755 0.56677
1403638604.2778294086 9.63079 8.49565 2.88931 -0.24382 0.70723 0.35342 0.56167
1403638604.3778295517 9.52647 8.48457 2.88899 -0.24944 0.71485 0.35041 0.55134
1403638604.4778294563 9.41539 8.47009 2.89313 -0.24756 0.72279 0.35183 0.54084
1403638604.5778295994 9.30081 8.45376 2.90243 -0.24577 0.72751 0.35279 0.53466
1403638604.6778295040 9.18284 8.43524 2.90720 -0.24835 0.73090 0.35097 0.53002
1403638604.7778294086 9.06354 8.41345 2.90860 -0.25210 0.73285 0.34863 0.52710
1403638604.8778295517 8.94537 8.38575 2.91028 -0.25335 0.73595 0.34833 0.52236
1403638604.9778294563 8.82875 8.35702 2.91558 -0.25114 0.74175 0.35056 0.51365
1403638605.0778295994 8.71471 8.33003 2.92747 -0.24870 0.74832 0.35235 0.50400
1403638605.1778295040 8.60569 8.30527 2.94788 -0.24614 0.75232 0.35447 0.49778
1403638605.2778294086 8.50416 8.28711 2.97098 -0.24224 0.75337 0.35739 0.49601
1403638605.3778295517 8.40797 8.27295 2.98980 -0.23594 0.74880 0.36213 0.50249
1403638605.4778294563 8.31340 8.26271 3.00363 -0.22885 0.73886 0.36794 0.51607
1403638605.5778295994 8.21963 8.25630 3.01212 -0.22328 0.73050 0.37259 0.52696
1403638605.6778295040 8.12237 8.25303 3.01602 -0.21892 0.72464 0.37647 0.53408
1403638605.7778294086 8.01760 8.25416 3.02291 -0.21764 0.72364 0.37769 0.53510
1403638605.8778295517 7.90667 8.26103 3.03958 -0.21503 0.72357 0.37963 0.53487
1403638605.9778294563 7.79047 8.27424 3.06215 -0.21103 0.72278 0.38207 0.53580
1403638606.0778295994 7.66621 8.29446 3.08329 -0.20851 0.72292 0.38296 0.53597
1403638606.1778295040 7.53359 8.31636 3.09588 -0.20557 0.72239 0.38482 0.53647
1403638606.2778294086 7.39588 8.34847 3.10332 -0.20369 0.72351 0.38532 0.53533
1403638606.3778295517 7.24912 8.38451 3.09822 -0.20954 0.73176 0.38060 0.52512
1403638606.4778294563 7.09965 8.42825 3.08646 -0.21777 0.74178 0.37410 0.51225
1403638606.5778295994 6.95201 8.47926 3.06802 -0.22490 0.75031 0.36933 0.50006
1403638606.6778295040 6.80845 8.53849 3.04442 -0.23032 0.75361 0.37128 0.49109
1403638606.7778294086 6.67030 8.60629 3.01520 -0.23523 0.75365 0.38012 0.48186
1403638606.8778295517 6.53565 8.68043 2.98510 -0.24381 0.75005 0.39252 0.47319
1403638606.9778294563 6.40721 8.76196 2.96159 -0.25454 0.74291 0.40772 0.46590
1403638607.0778295994 6.28846 8.85123 2.94932 -0.26793 0.73425 0.42209 0.45927
1403638607.1778295040 6.17924 8.94775 2.94528 -0.28421 0.72472 0.42899 0.45824
1403638607.2778294086 6.07871 9.04715 2.94185 -0.29779 0.71143 0.43350 0.46611
1403638607.3778295517 5.98014 9.14786 2.93130 -0.31032 0.70311 0.43376 0.47030
1403638607.4778294563 5.88468 9.24911 2.91159 -0.31602 0.70022 0.43461 0.47003
1403638607.5778295994 5.79245 9.34731 2.88507 -0.31766 0.69928 0.43599 0.46905
1403638607.6778295040 5.70296 9.44208 2.85530 -0.31899 0.69749 0.43608 0.47073
1403638607.7778294086 5.62039 9.53481 2.82181 -0.31731 0.69605 0.43652 0.47357
1403638607.8778295517 5.54078 9.62466 2.78397 -0.31842 0.69829 0.43428 0.47159
1403638607.9778294563 5.46858 9.71098 2.74200 -0.32067 0.70276 0.43075 0.46664
1403638608.0778295994 5.40254 9.79582 2.69506 -0.32146 0.70165 0.42811 0.47019
1403638608.1778295040 5.34500 9.87389 2.64273 -0.31813 0.69838 0.42891 0.47653
1403638608.2778294086 5.28929 9.94884 2.58790 -0.31701 0.69372 0.42852 0.48438
1403638608.3778295517 5.24330 10.01241 2.52547 -0.31824 0.68739 0.42777 0.49319
1403638608.4778294563 5.19048 10.07888 2.46027 -0.31857 0.68712 0.42760 0.49349
1403638608.5778295994 5.14465 10.13381 2.38676 -0.31739 0.68802 0.42871 0.49203
1403638608.6778295040 5.08641 10.19363 2.31958 -0.32261 0.68518 0.42500 0.49581
1403638608.7778294086 5.03641 10.24329 2.25481 -0.32329 0.68533 0.42476 0.49537
1403638608.8778295517 4.98643 10.28658 2.19531 -0.32234 0.68856 0.42622 0.49022
1403638608.9778294563 4.93220 10.32625 2.14513 -0.32140 0.69259 0.42710 0.48436
1403638609.0778295994 4.88089 10.36147 2.10058 -0.32093 0.69534 0.42750 0.48037
1403638609.1778295040 4.82722 10.39480 2.06228 -0.32254 0.69588 0.42578 0.48003
1403638609.2778294086 4.77134 10.42490 2.02405 -0.32998 0.69612 0.41966 0.48001
1403638609.3778295517 4.72898 10.45060 1.97843 -0.32895 0.69632 0.42013 0.48002
1403638609.4778294563 4.67852 10.47529 1.92476 -0.32473 0.69652 0.42176 0.48116
1403638609.5778295994 4.64159 10.49102 1.86562 -0.32137 0.69642 0.42368 0.48188
1403638609.6778295040 4.59870 10.50982 1.79935 -0.31894 0.69579 0.42437 0.48380
1403638609.7778294086 4.56744 10.51966 1.73493 -0.31782 0.69573 0.42513 0.48395
1403638609.8778295517 4.53853 10.53151 1.67653 -0.31831 0.69600 0.42457 0.48374
1403638609.9778294563 4.50854 10.53544 1.62586 -0.31926 0.69550 0.42350 0.48476
1403638610.0778295994 4.47916 10.53946 1.58345 -0.32241 0.69353 0.42025 0.48832
1403638610.1778295040 4.45312 10.53908 1.54537 -0.32345 0.69055 0.41900 0.49291
1403638610.2778294086 4.42967 10.53328 1.50298 -0.32585 0.68921 0.41695 0.49493
1403638610.3778295517 4.40479 10.52325 1.45392 -0.32660 0.68903 0.41594 0.49555
1403638610.4778294563 4.37837 10.50765 1.39881 -0.32650 0.68768 0.41479 0.49844
1403638610.5778295994 4.35490 10.48899 1.34307 -0.32912 0.68261 0.41245 0.50558
1403638610.6778295040 4.33315 10.46258 1.28718 -0.33344 0.67769 0.40927 0.51192
1403638610.7778294086 4.30988 10.42572 1.23265 -0.33123 0.68288 0.41190 0.50428
1403638610.8778295517 4.28347 10.38315 1.18521 -0.32757 0.68919 0.41561 0.49496
1403638610.9778294563 4.25847 10.33889 1.14596 -0.32792 0.68982 0.41568 0.49378
1403638611.0778295994 4.23034 10.28871 1.10423 -0.33065 0.68718 0.41335 0.49759
1403638611.1778295040 4.21028 10.23279 1.06009 -0.33194 0.68622 0.41357 0.49787
1403638611.2778294086 4.18971 10.17170 1.01508 -0.33126 0.68591 0.41454 0.49795
1403638611.3778295517 4.16965 10.10552 0.97518 -0.32481 0.68372 0.41896 0.50150
1403638611.4778294563 4.14201 10.03389 0.94037 -0.31233 0.67983 0.42643 0.50836
1403638611.5778295994 4.11859 9.95829 0.91486 -0.30345 0.67959 0.43175 0.50958
1403638611.6778295040 4.09025 9.87951 0.89360 -0.30179 0.68210 0.43218 0.50683
1403638611.7778294086 4.06279 9.79922 0.86960 -0.30777 0.68779 0.42799 0.49905
1403638611.8778295517 4.03010 9.71912 0.84027 -0.31312 0.69333 0.42359 0.49175
1403638611.9778294563 4.00558 9.63793 0.80761 -0.31625 0.69653 0.42131 0.48717
1403638612.0778295994 3.98216 9.55714 0.77779 -0.31603 0.69844 0.42140 0.48449
1403638612.1778295040 3.95484 9.47443 0.75313 -0.31746 0.69972 0.41995 0.48296
1403638612.2778294086 3.93617 9.39548 0.73958 -0.31795 0.69975 0.41971 0.48281
1403638612.3778295517 3.91462 9.31268 0.72914 -0.31622 0.69932 0.42056 0.48383
1403638612.4778294563 3.89750 9.23071 0.71505 -0.31554 0.69820 0.41994 0.48642
1403638612.5778295994 3.87943 9.14542 0.69514 -0.31280 0.69598 0.42071 0.49068
1403638612.6778295040 3.86096 9.06117 0.66936 -0.30699 0.69415 0.42339 0.49463
1403638612.7778294086 3.84240 8.97858 0.63612 -0.30414 0.69316 0.42339 0.49776
1403638612.8778295517 3.82075 8.89251 0.60437 -0.30442 0.69202 0.42131 0.50092
1403638612.9778294563 3.79852 8.80720 0.57512 -0.30558 0.69258 0.41936 0.50109
1403638613.0778295994 3.77201 8.72208 0.55524 -0.30633 0.69533 0.41826 0.49774
1403638613.1778295040 3.73998 8.63667 0.54231 -0.30583 0.69772 0.41802 0.49490
1403638613.2778294086 3.70553 8.55190 0.53523 -0.30488 0.69806 0.41825 0.49480
1403638613.3778295517 3.67245 8.46552 0.53614 -0.30410 0.69774 0.41879 0.49528
1403638613.4778294563 3.63828 8.38092 0.53492 -0.30456 0.69724 0.41796 0.49640
1403638613.5778295994 3.60460 8.29541 0.52782 -0.30378 0.69839 0.41389 0.49866
1403638613.6778295040 3.56909 8.21009 0.51445 -0.30751 0.69903 0.40731 0.50089
1403638613.7778294086 3.52726 8.12333 0.49285 -0.31109 0.69793 0.39956 0.50643
1403638613.8778295517 3.49313 8.03116 0.46454 -0.30811 0.69999 0.39177 0.51147
1403638613.9778294563 3.44891 7.93417 0.42982 -0.30032 0.70604 0.38155 0.51550
1403638614.0778295994 3.40633 7.83420 0.39222 -0.28836 0.71418 0.36941 0.51993
1403638614.1778295040 3.36287 7.73131 0.35481 -0.27363 0.72448 0.35641 0.52271
1403638614.2778294086 3.32200 7.62354 0.32212 -0.26276 0.73321 0.34318 0.52496
1403638614.3778295517 3.27745 7.51505 0.29400 -0.25423 0.73981 0.33360 0.52607
1403638614.4778294563 3.23179 7.40561 0.27460 -0.25101 0.74443 0.32465 0.52670
1403638614.5778295994 3.18678 7.29413 0.26352 -0.24728 0.74864 0.31623 0.52763
1403638614.6778295040 3.14463 7.18384 0.25943 -0.24446 0.75366 0.30403 0.52896
1403638614.7778294086 3.10172 7.07198 0.26561 -0.24240 0.76319 0.28739 0.52553
1403638614.8778295517 3.05990 6.95738 0.28006 -0.23463 0.77418 0.26965 0.52238
1403638614.9778294563 3.02617 6.84027 0.30142 -0.22170 0.78326 0.25055 0.52401
1403638615.0778295994 3.00136 6.72002 0.32864 -0.20380 0.79045 0.22991 0.52991
1403638615.1778295040 2.98389 6.59966 0.36210 -0.18234 0.79354 0.20839 0.54187
1403638615.2778294086 2.97073 6.47977 0.40086 -0.15721 0.79597 0.18730 0.55375
1403638615.3778295517 2.95869 6.36337 0.43607 -0.13530 0.79940 0.16268 0.56230
1403638615.4778294563 2.94783 6.25000 0.46635 -0.11466 0.80301 0.13636 0.56872
1403638615.5778295994 2.93474 6.13621 0.48893 -0.09741 0.80663 0.11148 0.57222
1403638615.6778295040 2.91998 6.02249 0.50717 -0.08414 0.80905 0.09323 0.57417
1403638615.7778294086 2.90394 5.91145 0.53052 -0.07623 0.81037 0.08047 0.57534
1403638615.8778295517 2.88488 5.80022 0.56090 -0.07079 0.81167 0.06869 0.57572
1403638615.9778294563 2.86751 5.68944 0.58983 -0.06349 0.81353 0.05618 0.57531
1403638616.0778295994 2.84869 5.57711 0.61251 -0.05404 0.81431 0.04378 0.57625
1403638616.1778295040 2.82889 5.46425 0.62275 -0.04399 0.81552 0.02946 0.57630
1403638616.2778294086 2.80819 5.35112 0.61528 -0.03333 0.81639 0.01081 0.57643
1403638616.3778295517 2.78809 5.23562 0.59194 -0.02039 0.81690 -0.00864 0.57635
1403638616.4778294563 2.76778 5.11727 0.55998 -0.01058 0.81727 -0.02647 0.57555
1403638616.5778295994 2.74734 4.99871 0.52508 -0.00185 0.81882 -0.03863 0.57275
1403638616.6778295040 2.72736 4.87880 0.48678 0.00317 0.82335 -0.04787 0.56550
1403638616.7778294086 2.70776 4.75848 0.44454 -0.00046 0.83168 -0.05792 0.55223
1403638616.8778295517 2.69400 4.63686 0.40230 -0.00492 0.83737 -0.06454 0.54279
1403638616.9778294563 2.68792 4.51278 0.36916 0.00008 0.83573 -0.06185 0.54565
1403638617.0778295994 2.68715 4.38422 0.34635 0.00546 0.83218 -0.05665 0.55158
1403638617.1778295040 2.68910 4.25355 0.33350 0.01144 0.82957 -0.04958 0.55607
1403638617.2778294086 2.69279 4.12406 0.32618 0.01353 0.83201 -0.04503 0.55276
1403638617.3778295517 2.70129 3.99698 0.32441 0.01362 0.83606 -0.04237 0.54684
1403638617.4778294563 2.71604 3.87249 0.33023 0.01362 0.83880 -0.03912 0.54286
1403638617.5778295994 2.73684 3.74987 0.34322 0.01367 0.83955 -0.03608 0.54192
1403638617.6778295040 2.76528 3.62905 0.36366 0.01474 0.83822 -0.03180 0.54420
1403638617.7778294086 2.80123 3.51162 0.39284 0.01481 0.83668 -0.02896 0.54673
1403638617.8778295517 2.84146 3.39609 0.42712 0.01568 0.83664 -0.02548 0.54694
1403638617.9778294563 2.88772 3.28493 0.46553 0.01349 0.83560 -0.02486 0.54862
1403638618.0778295994 2.93865 3.17608 0.49943 0.01254 0.83528 -0.02344 0.54919
1403638618.1778295040 2.99395 3.07235 0.52708 0.00994 0.83541 -0.02334 0.54905
1403638618.2778294086 3.05172 2.97024 0.54869 0.01028 0.83544 -0.02170 0.54906
1403638618.3778295517 3.11397 2.87400 0.56680 0.00998 0.83478 -0.02072 0.55011
1403638618.4778294563 3.18010 2.77749 0.58103 0.00959 0.83480 -0.01937 0.55012
1403638618.5778295994 3.24908 2.68789 0.59584 0.01075 0.83399 -0.01859 0.55136
1403638618.6778295040 3.32354 2.59544 0.60652 0.01434 0.83385 -0.02144 0.55139
1403638618.7778294086 3.40040 2.51065 0.62328 0.01688 0.83319 -0.02447 0.55219
1403638618.8778295517 3.47950 2.42836 0.64583 0.01986 0.83141 -0.02797 0.55460
1403638618.9778294563 3.56173 2.34795 0.67014 0.02598 0.82738 -0.03680 0.55983
1403638619.0778295994 3.64446 2.26950 0.68656 0.03803 0.82369 -0.05045 0.56352
1403638619.1778295040 3.72725 2.19343 0.69539 0.05179 0.82009 -0.06922 0.56566
1403638619.2778294086 3.80967 2.12002 0.69539 0.06564 0.81603 -0.09348 0.56661
1403638619.3778295517 3.89152 2.04951 0.68619 0.08186 0.81147 -0.11792 0.56649
1403638619.4778294563 3.97250 1.98287 0.67208 0.09270 0.80707 -0.13889 0.56636
1403638619.5778295994 4.05365 1.92015 0.65637 0.09936 0.80327 -0.15490 0.56647
1403638619.6778295040 4.13389 1.86042 0.63769 0.09582 0.79966 -0.17140 0.56743
1403638619.7778294086 4.21215 1.80097 0.61735 0.09251 0.79707 -0.18311 0.56798
1403638619.8778295517 4.28678 1.73829 0.59648 0.09260 0.79493 -0.18959 0.56883
1403638619.9778294563 4.35494 1.67360 0.57001 0.09399 0.79389 -0.19322 0.56883
1403638620.0778295994 4.41949 1.60525 0.54988 0.09647 0.79137 -0.19498 0.57132
1403638620.1778295040 4.47539 1.53448 0.53067 0.10108 0.78823 -0.19373 0.57528
1403638620.2778294086 4.52529 1.45979 0.52501 0.10380 0.78892 -0.19252 0.57425
1403638620.3778295517 4.56910 1.38499 0.52231 0.10642 0.79028 -0.19030 0.57264
1403638620.4778294563 4.61127 1.30607 0.53302 0.10732 0.79170 -0.18822 0.57119
1403638620.5778295994 4.64699 1.23158 0.53549 0.10699 0.79294 -0.18662 0.57006
1403638620.6778295040 4.68022 1.15653 0.53385 0.10406 0.79546 -0.18647 0.56714
1403638620.7778294086 4.71482 1.07459 0.53453 0.10049 0.79926 -0.18651 0.56240
1403638620.8778295517 4.74412 0.99615 0.52304 0.10371 0.80235 -0.18203 0.55888
1403638620.9778294563 4.77212 0.91725 0.50921 0.10819 0.80294 -0.17618 0.55905
1403638621.0778295994 4.80426 0.83240 0.50262 0.11159 0.80181 -0.17073 0.56169
1403638621.1778295040 4.83160 0.75417 0.49299 0.11035 0.80062 -0.16889 0.56419
1403638621.2778294086 4.86525 0.67558 0.49812 0.11057 0.79996 -0.16589 0.56597
1403638621.3778295517 4.89132 0.60178 0.50026 0.11230 0.80093 -0.16291 0.56512
1403638621.4778294563 4.91907 0.53193 0.50444 0.11276 0.79942 -0.16106 0.56769
1403638621.5778295994 4.94293 0.46406 0.49635 0.11287 0.79733 -0.15894 0.57120
1403638621.6778295040 4.96274 0.40017 0.48359 0.11261 0.79641 -0.15782 0.57283
1403638621.7778294086 4.98040 0.34170 0.47130 0.11361 0.79508 -0.15642 0.57488
1403638621.8778295517 4.99490 0.28429 0.45155 0.11540 0.79169 -0.15465 0.57965
1403638621.9778294563 5.00455 0.23164 0.42843 0.11573 0.78921 -0.15396 0.58314
1403638622.0778295994 5.00834 0.18600 0.40450 0.11422 0.78892 -0.15500 0.58356
1403638622.1778295040 5.00733 0.14137 0.37508 0.11104 0.78992 -0.15693 0.58229
1403638622.2778294086 5.00165 0.10049 0.34949 0.10818 0.78928 -0.15929 0.58307
1403638622.3778295517 4.98957 0.06188 0.33036 0.10867 0.79016 -0.15972 0.58165
1403638622.4778294563 4.97128 0.02677 0.32219 0.11214 0.79098 -0.15811 0.58033
1403638622.5778295994 4.94991 -0.00778 0.31808 0.11530 0.79073 -0.15666 0.58044
1403638622.6778295040 4.92267 -0.03917 0.32161 0.11886 0.78664 -0.15483 0.58574
1403638622.7778294086 4.89228 -0.06207 0.33819 0.12165 0.77568 -0.15346 0.59997
1403638622.8778295517 4.85559 -0.07920 0.36005 0.12335 0.77111 -0.15317 0.60556
1403638622.9778294563 4.80969 -0.08907 0.38085 0.12164 0.77497 -0.15564 0.60033
1403638623.0778295994 4.75279 -0.09609 0.39256 0.11773 0.78136 -0.15904 0.59188
1403638623.1778295040 4.68873 -0.09795 0.39936 0.11252 0.78517 -0.16275 0.58682
1403638623.2778294086 4.61702 -0.09462 0.40151 0.10947 0.78838 -0.16511 0.58242
1403638623.3778295517 4.54457 -0.09405 0.39938 0.10707 0.79097 -0.16675 0.57888
1403638623.4778294563 4.46571 -0.09005 0.39298 0.10766 0.79253 -0.16655 0.57668
1403638623.5778295994 4.38807 -0.08670 0.39021 0.10894 0.79280 -0.16585 0.57628
1403638623.6778295040 4.30462 -0.08387 0.39333 0.11034 0.79322 -0.16539 0.57557
1403638623.7778294086 4.22053 -0.07887 0.40472 0.11243 0.79434 -0.16502 0.57372
1403638623.8778295517 4.13293 -0.07207 0.42037 0.11378 0.79536 -0.16501 0.57204
1403638623.9778294563 4.04267 -0.06466 0.43223 0.11533 0.79627 -0.16550 0.57032
1403638624.0778295994 3.95390 -0.05482 0.44051 0.11373 0.79642 -0.16826 0.56963
1403638624.1778295040 3.86676 -0.04268 0.44248 0.11152 0.79619 -0.17062 0.56968
1403638624.2778294086 3.77646 -0.03015 0.44031 0.10952 0.79573 -0.17335 0.56988
1403638624.3778295517 3.68770 -0.01942 0.43457 0.10912 0.79521 -0.17508 0.57015
1403638624.4778294563 3.60165 -0.00402 0.42556 0.11078 0.79503 -0.17547 0.56997
1403638624.5778295994 3.50795 0.00693 0.41172 0.10648 0.78676 -0.18009 0.58073
1403638624.6778295040 3.41339 0.01713 0.39650 0.10830 0.78257 -0.17775 0.58674
1403638624.7778294086 3.31589 0.03164 0.38553 0.11345 0.78859 -0.16788 0.58058
1403638624.8778295517 3.21306 0.04543 0.38025 0.11492 0.79454 -0.15978 0.57443
1403638624.9778294563 3.11201 0.06004 0.38420 0.10787 0.79766 -0.15789 0.57199
1403638625.0778295994 3.00869 0.07475 0.39034 0.10041 0.79858 -0.15720 0.57225
1403638625.1778295040 2.90370 0.08918 0.38825 0.09416 0.79940 -0.15735 0.57213
1403638625.2778294086 2.79913 0.10250 0.38779 0.09223 0.80023 -0.15594 0.57167
1403638625.3778295517 2.69398 0.11458 0.38123 0.09111 0.80038 -0.15499 0.57190
1403638625.4778294563 2.59059 0.12520 0.38662 0.09014 0.79996 -0.15467 0.57272
1403638625.5778295994 2.48522 0.13341 0.39162 0.09074 0.80040 -0.15389 0.57223
1403638625.6778295040 2.38019 0.13973 0.40408 0.09089 0.80200 -0.15371 0.57000
1403638625.7778294086 2.27278 0.15162 0.42535 0.08961 0.80656 -0.15509 0.56336
1403638625.8778295517 2.16837 0.15778 0.43468 0.08975 0.80909 -0.15568 0.55954
1403638625.9778294563 2.05938 0.15964 0.44631 0.09066 0.80966 -0.15558 0.55860
1403638626.0778295994 1.95867 0.16052 0.44652 0.08906 0.81087 -0.15736 0.55660
1403638626.1778295040 1.85431 0.16073 0.44717 0.08926 0.81130 -0.15774 0.55582
1403638626.2778294086 1.75910 0.15802 0.43992 0.09226 0.80991 -0.15625 0.55778
1403638626.3778295517 1.66083 0.15609 0.43321 0.10006 0.80821 -0.15091 0.56036
1403638626.4778294563 1.57141 0.15347 0.42039 0.10257 0.80707 -0.14877 0.56213
1403638626.5778295994 1.48428 0.15212 0.40767 0.10320 0.80948 -0.14791 0.55877
1403638626.6778295040 1.39931 0.15060 0.39365 0.10195 0.81142 -0.14829 0.55607
1403638626.7778294086 1.31708 0.14945 0.38373 0.09921 0.81532 -0.14983 0.55041
1403638626.8778295517 1.24277 0.14869 0.38388 0.09866 0.81816 -0.14965 0.54634
1403638626.9778294563 1.17433 0.14831 0.39033 0.09797 0.81922 -0.14982 0.54483
1403638627.0778295994 1.10870 0.14732 0.39424 0.09731 0.81940 -0.14945 0.54478
1403638627.1778295040 1.04877 0.14567 0.39299 0.09674 0.81940 -0.14928 0.54492
1403638627.2778294086 0.99380 0.14184 0.39010 0.09797 0.81956 -0.14786 0.54485
1403638627.3778295517 0.94295 0.13806 0.38412 0.09990 0.81903 -0.14592 0.54582
1403638627.4778294563 0.89668 0.13511 0.37480 0.10011 0.81947 -0.14557 0.54521
1403638627.5778295994 0.85528 0.13165 0.36463 0.10123 0.81846 -0.14515 0.54664
1403638627.6778295040 0.82167 0.12848 0.34855 0.10323 0.81549 -0.14437 0.55089
1403638627.7778294086 0.79092 0.12612 0.33688 0.10491 0.81379 -0.14346 0.55331
1403638627.8778295517 0.76144 0.12636 0.32315 0.10578 0.81324 -0.14343 0.55397
1403638627.9778294563 0.73170 0.12767 0.31036 0.10604 0.81523 -0.14364 0.55092
1403638628.0778295994 0.71191 0.13059 0.28851 0.10690 0.81607 -0.14399 0.54943
1403638628.1778295040 0.68837 0.13077 0.27943 0.10769 0.81681 -0.14435 0.54808
1403638628.2778294086 0.67370 0.13623 0.26945 0.10768 0.81710 -0.14507 0.54745
1403638628.3778295517 0.66473 0.14118 0.25281 0.10637 0.81737 -0.14648 0.54693
1403638628.4778294563 0.65740 0.15027 0.24995 0.10059 0.81466 -0.15118 0.55078
1403638628.5778295994 0.65521 0.16095 0.24901 0.09284 0.80754 -0.15694 0.56092
1403638628.6778295040 0.65315 0.16910 0.24928 0.08742 0.80353 -0.16087 0.56641
1403638628.7778294086 0.64859 0.17677 0.23555 0.08954 0.80440 -0.15998 0.56509
1403638628.8778295517 0.63983 0.17958 0.22829 0.09390 0.80504 -0.15715 0.56427
1403638628.9778294563 0.63163 0.18175 0.21783 0.09881 0.80574 -0.15410 0.56327
1403638629.0778295994 0.62327 0.18420 0.20930 0.10350 0.80692 -0.15062 0.56168
1403638629.1778295040 0.60949 0.19060 0.19641 0.10575 0.80792 -0.14860 0.56035
1403638629.2778294086 0.59956 0.19510 0.19426 0.10635 0.80836 -0.14781 0.55982
1403638629.3778295517 0.59092 0.20197 0.18695 0.10727 0.81122 -0.14773 0.55551
1403638629.4778294563 0.58576 0.20977 0.18668 0.10606 0.81567 -0.14946 0.54872
1403638629.5778295994 0.58459 0.21886 0.18313 0.10262 0.81850 -0.15245 0.54431
1403638629.6778295040 0.59019 0.22630 0.18409 0.09176 0.81623 -0.16094 0.54721
1403638629.7778294086 0.59743 0.23100 0.18727 0.08510 0.81063 -0.16614 0.55501
1403638629.8778295517 0.60544 0.23205 0.18658 0.08354 0.80435 -0.16783 0.56381
1403638629.9778294563 0.61183 0.22835 0.17799 0.09407 0.79884 -0.16113 0.57187
1403638630.0778295994 0.61440 0.22489 0.15924 0.10358 0.79554 -0.15464 0.57661
1403638630.1778295040 0.61459 0.22222 0.13061 0.10787 0.79832 -0.15117 0.57289
1403638630.2778294086 0.61155 0.22041 0.09561 0.10839 0.80286 -0.15058 0.56656
1403638630.3778295517 0.61317 0.22267 0.06925 0.10505 0.82172 -0.15063 0.53949
1403638630.4778294563 0.62605 0.22309 0.08005 0.10439 0.80394 -0.14936 0.56611
1403638630.5778295994 0.63782 0.22370 0.07829 0.10413 0.80327 -0.15037 0.56684
1403638630.6778295040 0.64773 0.22512 0.05568 0.10225 0.82255 -0.14750 0.53963
1403638630.7778294086 0.65532 0.21634 0.05362 0.10416 0.82902 -0.14199 0.53076
1403638630.8778295517 0.66700 0.21305 0.05272 0.09856 0.82806 -0.14372 0.53287
1403638630.9778294563 0.67016 0.21423 0.05340 0.09934 0.82821 -0.14401 0.53241
1403638631.0778295994 0.67284 0.21476 0.05162 0.10036 0.82853 -0.14329 0.53192
1403638631.1778295040 0.67334 0.21484 0.05123 0.09918 0.82776 -0.14427 0.53307
1403638631.2778294086 0.67386 0.21518 0.05107 0.09886 0.82762 -0.14439 0.53331
1403638631.3778295517 0.67317 0.21527 0.05205 0.09837 0.82755 -0.14468 0.53343
1403638631.4778294563 0.66837 0.21506 0.05752 0.09809 0.82737 -0.14492 0.53370
1403638631.5778295994 0.66219 0.21504 0.06621 0.09898 0.82757 -0.14447 0.53334
1403638631.6778295040 0.66305 0.21463 0.06621 0.09901 0.82784 -0.14463 0.53288
