1403638523.0778295994 0.02225 0.00644 0.36842 -0.06752 0.79616 0.01227 0.60119
1403638523.1778295040 0.01188 0.00110 0.38680 -0.06638 0.79043 0.01309 0.60880
1403638523.2778294086 0.00906 -0.00663 0.38010 -0.06656 0.78559 0.01889 0.61487
1403638523.3778295517 0.01092 -0.00961 0.35251 -0.06087 0.78322 0.01746 0.61851
1403638523.4778294563 0.00903 -0.02507 0.31917 -0.06707 0.78252 0.02774 0.61838
1403638523.5778295994 0.01094 -0.01916 0.27006 -0.03285 0.79414 0.01324 0.60670
1403638523.6778295040 0.00798 -0.02686 0.22222 -0.04954 0.80143 0.03340 0.59510
1403638523.7778294086 0.00688 -0.03624 0.17289 -0.04258 0.80796 0.03368 0.58673
1403638523.8778295517 -0.00004 -0.04837 0.13062 -0.03382 0.80915 0.03280 0.58571
1403638523.9778294563 -0.00752 -0.04858 0.09930 -0.03480 0.80863 0.04606 0.58548
1403638524.0778295994 -0.01009 -0.04810 0.08562 -0.00514 0.81437 0.03653 0.57918
1403638524.1778295040 -0.01406 -0.04913 0.10079 -0.00284 0.81947 0.03880 0.57180
1403638524.2778294086 -0.01695 -0.04914 0.14137 -0.00861 0.82104 0.03950 0.56943
1403638524.3778295517 -0.01926 -0.05014 0.19561 -0.01729 0.81879 0.03697 0.57264
1403638524.4778294563 -0.01648 -0.05108 0.25557 -0.03107 0.81138 0.04141 0.58223
1403638524.5778295994 -0.01126 -0.04847 0.31538 -0.03125 0.80261 0.03838 0.59445
1403638524.6778295040 -0.00578 -0.05551 0.36924 -0.03266 0.79597 0.03675 0.60333
1403638524.7778294086 -0.00828 -0.04578 0.40957 -0.01289 0.79254 0.02666 0.60911
1403638524.8778295517 -0.00676 -0.04169 0.43528 -0.00890 0.79133 0.02403 0.61086
1403638524.9778294563 0.00036 -0.03511 0.44510 -0.01277 0.79087 0.02526 0.61132
1403638525.0778295994 0.00426 -0.03174 0.43378 -0.00731 0.78863 0.02681 0.61424
1403638525.1778295040 0.00857 -0.03181 0.40132 -0.00347 0.78759 0.03034 0.61545
1403638525.2778294086 0.01075 -0.03280 0.35762 0.00371 0.79076 0.03068 0.61134
1403638525.3778295517 0.01491 -0.03650 0.30550 0.00122 0.80068 0.03495 0.59807
1403638525.4778294563 0.01638 -0.03615 0.25317 -0.00921 0.81383 0.03733 0.57983
1403638525.5778295994 0.01439 -0.04021 0.20670 -0.01976 0.82305 0.03907 0.56627
1403638525.6778295040 0.01232 -0.04189 0.16708 -0.02419 0.82625 0.03837 0.56147
1403638525.7778294086 0.01199 -0.04294 0.13752 -0.01961 0.82496 0.03149 0.56398
1403638525.8778295517 0.01408 -0.04392 0.11783 -0.01169 0.82162 0.02663 0.56929
1403638525.9778294563 0.01035 -0.05246 0.10446 -0.00776 0.82056 0.02877 0.57079
1403638526.0778295994 0.00569 -0.07045 0.10372 -0.00809 0.82202 0.03011 0.56861
1403638526.1778295040 0.00119 -0.09856 0.11097 -0.00683 0.82438 0.02097 0.56561
1403638526.2778294086 -0.00450 -0.13350 0.12505 -0.00836 0.82321 0.01620 0.56744
1403638526.3778295517 -0.01529 -0.17448 0.14040 0.00028 0.81950 0.00281 0.57308
1403638526.4778294563 -0.02864 -0.21860 0.15376 0.00469 0.81438 -0.01023 0.58022
1403638526.5778295994 -0.04353 -0.26919 0.16356 0.00713 0.80875 -0.02198 0.58770
1403638526.6778295040 -0.05784 -0.32854 0.17036 0.00944 0.80356 -0.02901 0.59445
1403638526.7778294086 -0.07834 -0.39097 0.17646 0.02121 0.80056 -0.03636 0.59777
1403638526.8778295517 -0.09822 -0.45446 0.18049 0.02972 0.80007 -0.04009 0.59783
1403638526.9778294563 -0.11460 -0.51431 0.18370 0.03303 0.80331 -0.04603 0.59286
1403638527.0778295994 -0.13019 -0.57312 0.18694 0.03921 0.80811 -0.05875 0.58479
1403638527.1778295040 -0.14251 -0.62252 0.19221 0.04659 0.80970 -0.07421 0.58027
1403638527.2778294086 -0.15454 -0.65765 0.19978 0.06078 0.80616 -0.08993 0.58165
1403638527.3778295517 -0.15872 -0.67568 0.20750 0.07939 0.80040 -0.10085 0.58557
1403638527.4778294563 -0.15402 -0.67723 0.21137 0.08929 0.79673 -0.10494 0.58841
1403638527.5778295994 -0.13466 -0.65858 0.21031 0.08865 0.79658 -0.10355 0.58896
1403638527.6778295040 -0.11233 -0.62424 0.20544 0.07969 0.79795 -0.09474 0.58987
1403638527.7778294086 -0.08533 -0.57795 0.20147 0.06885 0.79975 -0.08346 0.59051
1403638527.8778295517 -0.06122 -0.51980 0.19969 0.05102 0.80297 -0.07531 0.58903
1403638527.9778294563 -0.04004 -0.46179 0.20090 0.03744 0.80389 -0.06741 0.58976
1403638528.0778295994 -0.02315 -0.40535 0.20192 0.03099 0.80232 -0.05994 0.59307
1403638528.1778295040 -0.00856 -0.35761 0.20037 0.02193 0.80250 -0.05121 0.59405
1403638528.2778294086 0.01380 -0.31249 0.19637 0.00944 0.80391 -0.04015 0.59331
1403638528.3778295517 0.04437 -0.27516 0.19077 0.00224 0.80358 -0.03195 0.59434
1403638528.4778294563 0.08180 -0.24526 0.18633 0.00388 0.80284 -0.02871 0.59549
1403638528.5778295994 0.11991 -0.22362 0.18421 0.00588 0.80494 -0.03374 0.59237
1403638528.6778295040 0.15520 -0.20912 0.18426 0.00479 0.80621 -0.04159 0.59014
1403638528.7778294086 0.18375 -0.19949 0.18821 0.01007 0.80530 -0.04704 0.59091
1403638528.8778295517 0.19795 -0.19603 0.19574 0.00637 0.80411 -0.05471 0.59192
1403638528.9778294563 0.19510 -0.19222 0.20815 0.00015 0.80364 -0.06189 0.59189
1403638529.0778295994 0.17569 -0.18499 0.22397 0.00166 0.80445 -0.06349 0.59061
1403638529.1778295040 0.14423 -0.16952 0.23316 0.01884 0.80542 -0.05706 0.58965
1403638529.2778294086 0.10938 -0.14794 0.22994 0.03079 0.80736 -0.05151 0.58701
1403638529.3778295517 0.07436 -0.12466 0.21261 0.03483 0.81287 -0.04714 0.57949
1403638529.4778294563 0.04611 -0.10828 0.19001 0.03314 0.82329 -0.04471 0.56488
1403638529.5778295994 0.02382 -0.09969 0.16292 0.03074 0.83384 -0.04163 0.54958
1403638529.6778295040 0.01124 -0.08197 0.13834 0.03269 0.83799 -0.03917 0.54329
1403638529.7778294086 0.00140 -0.07247 0.11616 0.03214 0.83453 -0.03843 0.54869
1403638529.8778295517 -0.00336 -0.06461 0.09713 0.03086 0.82822 -0.03936 0.55817
1403638529.9778294563 -0.00244 -0.06069 0.08382 0.03036 0.82598 -0.03954 0.56150
1403638530.0778295994 0.00661 -0.06049 0.07389 0.03056 0.82780 -0.04004 0.55876
1403638530.1778295040 0.01911 -0.06493 0.06483 0.03115 0.83008 -0.04452 0.55499
1403638530.2778294086 0.03342 -0.06673 0.05571 0.03308 0.82981 -0.05033 0.55478
1403638530.3778295517 0.04657 -0.07072 0.04733 0.03593 0.82914 -0.05589 0.55508
1403638530.4778294563 0.05804 -0.07459 0.04056 0.03656 0.82872 -0.06001 0.55524
1403638530.5778295994 0.06538 -0.07860 0.03510 0.03638 0.82882 -0.06346 0.55471
1403638530.6778295040 0.06977 -0.08208 0.02970 0.03747 0.83212 -0.06619 0.54936
1403638530.7778294086 0.07329 -0.08421 0.02400 0.03725 0.83553 -0.06797 0.54394
1403638530.8778295517 0.07729 -0.08539 0.01794 0.03433 0.83582 -0.06675 0.54385
1403638530.9778294563 0.07752 -0.08559 0.01565 0.03389 0.83436 -0.06710 0.54607
1403638531.0778295994 0.07784 -0.08522 0.01369 0.03463 0.83089 -0.06560 0.55148
1403638531.1778295040 0.07757 -0.08338 0.01450 0.03555 0.82892 -0.06338 0.55463
1403638531.2778294086 0.07805 -0.08228 0.01305 0.03812 0.82773 -0.06190 0.55640
1403638531.3778295517 0.07803 -0.08136 0.01270 0.03748 0.82654 -0.06173 0.55823
1403638531.4778294563 0.07783 -0.08169 0.01281 0.03745 0.82554 -0.06197 0.55968
1403638531.5778295994 0.07769 -0.08177 0.01265 0.03812 0.82586 -0.06089 0.55928
1403638531.6778295040 0.07764 -0.08155 0.01259 0.03744 0.82591 -0.06142 0.55919
1403638531.7778294086 0.07767 -0.08160 0.01266 0.03767 0.82579 -0.06134 0.55937
1403638531.8778295517 0.07762 -0.08161 0.01264 0.03773 0.82583 -0.06120 0.55932
1403638531.9778294563 0.07762 -0.08166 0.01267 0.03790 0.82583 -0.06113 0.55931
1403638532.0778295994 0.07761 -0.08166 0.01265 0.03791 0.82586 -0.06096 0.55929
1403638532.1778295040 0.07761 -0.08164 0.01265 0.03784 0.82586 -0.06102 0.55928
1403638532.2778294086 0.07761 -0.08161 0.01267 0.03776 0.82583 -0.06117 0.55933
1403638532.3778295517 0.07759 -0.08159 0.01268 0.03773 0.82580 -0.06124 0.55936
1403638532.4778294563 0.07759 -0.08160 0.01273 0.03777 0.82575 -0.06132 0.55942
1403638532.5778295994 0.07758 -0.08158 0.01271 0.03774 0.82576 -0.06130 0.55942
1403638532.6778295040 0.07759 -0.08160 0.01274 0.03778 0.82573 -0.06127 0.55945
1403638532.7778294086 0.07757 -0.08161 0.01272 0.03783 0.82576 -0.06120 0.55942
1403638532.8778295517 0.07756 -0.08161 0.01274 0.03790 0.82574 -0.06123 0.55944
1403638532.9778294563 0.07756 -0.08161 0.01276 0.03792 0.82570 -0.06125 0.55949
1403638533.0778295994 0.07753 -0.08161 0.01276 0.03794 0.82570 -0.06127 0.55949
1403638533.1778295040 0.07754 -0.08161 0.01278 0.03794 0.82567 -0.06130 0.55953
1403638533.2778294086 0.07751 -0.08161 0.01280 0.03798 0.82566 -0.06134 0.55954
1403638533.3778295517 0.07750 -0.08162 0.01281 0.03801 0.82563 -0.06134 0.55957
1403638533.4778294563 0.07750 -0.08163 0.01283 0.03809 0.82561 -0.06136 0.55961
1403638533.5778295994 0.07748 -0.08161 0.01283 0.03803 0.82561 -0.06136 0.55960
1403638533.6778295040 0.07749 -0.08160 0.01284 0.03801 0.82560 -0.06140 0.55962
1403638533.7778294086 0.07748 -0.08160 0.01284 0.03800 0.82559 -0.06139 0.55963
1403638533.8778295517 0.07747 -0.08154 0.01283 0.03784 0.82561 -0.06120 0.55963
1403638533.9778294563 0.07748 -0.08156 0.01284 0.03793 0.82559 -0.06130 0.55964
1403638534.0778295994 0.07740 -0.08163 0.01284 0.03816 0.82558 -0.06169 0.55960
1403638534.1778295040 0.07744 -0.08159 0.01286 0.03800 0.82558 -0.06152 0.55963
1403638534.2778294086 0.07746 -0.08154 0.01285 0.03774 0.82563 -0.06138 0.55960
1403638534.3778295517 0.07747 -0.08152 0.01286 0.03769 0.82564 -0.06137 0.55958
1403638534.4778294563 0.07745 -0.08155 0.01283 0.03795 0.82561 -0.06167 0.55957
1403638534.5778295994 0.07749 -0.08152 0.01279 0.03785 0.82565 -0.06135 0.55955
1403638534.6778295040 0.07753 -0.08146 0.01279 0.03769 0.82566 -0.06120 0.55957
1403638534.7778294086 0.07750 -0.08149 0.01280 0.03785 0.82565 -0.06111 0.55959
1403638534.8778295517 0.07750 -0.08154 0.01281 0.03806 0.82562 -0.06122 0.55960
1403638534.9778294563 0.07749 -0.08158 0.01281 0.03817 0.82564 -0.06125 0.55957
1403638535.0778295994 0.07747 -0.08155 0.01280 0.03813 0.82565 -0.06126 0.55955
1403638535.1778295040 0.07748 -0.08155 0.01281 0.03812 0.82564 -0.06129 0.55957
1403638535.2778294086 0.07746 -0.08154 0.01282 0.03810 0.82564 -0.06130 0.55956
1403638535.3778295517 0.07743 -0.08153 0.01284 0.03812 0.82564 -0.06132 0.55956
1403638535.4778294563 0.07742 -0.08155 0.01285 0.03821 0.82564 -0.06135 0.55955
1403638535.5778295994 0.07741 -0.08154 0.01286 0.03818 0.82564 -0.06132 0.55956
1403638535.6778295040 0.07741 -0.08153 0.01286 0.03817 0.82564 -0.06133 0.55956
1403638535.7778294086 0.07739 -0.08154 0.01287 0.03823 0.82565 -0.06135 0.55953
1403638535.8778295517 0.07738 -0.08153 0.01288 0.03819 0.82566 -0.06131 0.55953
1403638535.9778294563 0.07736 -0.08152 0.01288 0.03815 0.82569 -0.06126 0.55949
1403638536.0778295994 0.07736 -0.08152 0.01289 0.03817 0.82566 -0.06131 0.55953
1403638536.1778295040 0.07734 -0.08153 0.01290 0.03821 0.82566 -0.06136 0.55951
1403638536.2778294086 0.07731 -0.08153 0.01291 0.03830 0.82570 -0.06137 0.55945
1403638536.3778295517 0.07729 -0.08154 0.01293 0.03835 0.82570 -0.06141 0.55945
1403638536.4778294563 0.07727 -0.08153 0.01294 0.03836 0.82571 -0.06141 0.55943
1403638536.5778295994 0.07725 -0.08152 0.01295 0.03834 0.82573 -0.06140 0.55940
1403638536.6778295040 0.07723 -0.08152 0.01296 0.03835 0.82575 -0.06137 0.55937
1403638536.7778294086 0.07721 -0.08152 0.01296 0.03838 0.82576 -0.06141 0.55935
1403638536.8778295517 0.07719 -0.08152 0.01297 0.03835 0.82578 -0.06148 0.55932
1403638536.9778294563 0.07717 -0.08151 0.01298 0.03832 0.82579 -0.06152 0.55930
1403638537.0778295994 0.07719 -0.08149 0.01298 0.03825 0.82579 -0.06147 0.55932
1403638537.1778295040 0.07718 -0.08150 0.01298 0.03828 0.82581 -0.06147 0.55929
1403638537.2778294086 0.07715 -0.08151 0.01299 0.03836 0.82584 -0.06147 0.55923
1403638537.3778295517 0.07714 -0.08151 0.01300 0.03837 0.82587 -0.06145 0.55918
1403638537.4778294563 0.07713 -0.08150 0.01300 0.03833 0.82588 -0.06144 0.55917
1403638537.5778295994 0.07710 -0.08150 0.01301 0.03831 0.82592 -0.06140 0.55913
1403638537.6778295040 0.07712 -0.08150 0.01303 0.03828 0.82591 -0.06143 0.55913
1403638537.7778294086 0.07710 -0.08149 0.01303 0.03826 0.82594 -0.06145 0.55909
1403638537.8778295517 0.07712 -0.08149 0.01303 0.03825 0.82594 -0.06138 0.55910
1403638537.9778294563 0.07707 -0.08150 0.01305 0.03828 0.82597 -0.06151 0.55903
1403638538.0778295994 0.07706 -0.08148 0.01308 0.03822 0.82600 -0.06158 0.55899
1403638538.1778295040 0.07706 -0.08149 0.01309 0.03822 0.82600 -0.06150 0.55900
1403638538.2778294086 0.07716 -0.08146 0.01308 0.03806 0.82597 -0.06138 0.55907
1403638538.3778295517 0.07710 -0.08150 0.01310 0.03818 0.82600 -0.06141 0.55902
1403638538.4778294563 0.07702 -0.08149 0.01314 0.03819 0.82603 -0.06146 0.55896
1403638538.5778295994 0.07705 -0.08152 0.01317 0.03824 0.82605 -0.06151 0.55892
1403638538.6778295040 0.07706 -0.08150 0.01321 0.03798 0.82591 -0.06158 0.55914
1403638538.7778294086 0.07718 -0.08155 0.01351 0.03762 0.82513 -0.06140 0.56034
1403638538.8778295517 0.07856 -0.08116 0.01395 0.03672 0.82422 -0.06086 0.56179
1403638538.9778294563 0.08174 -0.08094 0.01647 0.03770 0.81955 -0.06020 0.56859
1403638539.0778295994 0.08743 -0.08136 0.01993 0.03912 0.81415 -0.06180 0.57603
1403638539.1778295040 0.09558 -0.08160 0.02661 0.03944 0.80797 -0.06171 0.58466
1403638539.2778294086 0.10493 -0.08215 0.04118 0.03904 0.80382 -0.06096 0.59045
1403638539.3778295517 0.11450 -0.08346 0.06341 0.03920 0.80471 -0.06030 0.58929
1403638539.4778294563 0.12269 -0.08350 0.09228 0.03883 0.80667 -0.05936 0.58673
1403638539.5778295994 0.13093 -0.08385 0.12460 0.03874 0.80743 -0.05825 0.58580
1403638539.6778295040 0.14118 -0.08542 0.15176 0.03723 0.80804 -0.05797 0.58508
1403638539.7778294086 0.15432 -0.08714 0.16744 0.03766 0.80920 -0.05606 0.58363
1403638539.8778295517 0.16894 -0.08883 0.17612 0.03676 0.81175 -0.05533 0.58021
1403638539.9778294563 0.18514 -0.09023 0.18367 0.03498 0.81650 -0.05503 0.57365
1403638540.0778295994 0.20226 -0.09109 0.19217 0.03411 0.82282 -0.05513 0.56460
1403638540.1778295040 0.22865 -0.09911 0.19883 0.03359 0.82685 -0.05469 0.55874
1403638540.2778294086 0.25443 -0.09310 0.21859 0.03285 0.82450 -0.05299 0.56241
1403638540.3778295517 0.29333 -0.09181 0.22715 0.03406 0.81813 -0.05108 0.57175
1403638540.4778294563 0.34147 -0.08900 0.23503 0.03129 0.81559 -0.04530 0.57601
1403638540.5778295994 0.38068 -0.08511 0.24297 0.02428 0.81579 -0.03384 0.57684
1403638540.6778295040 0.42145 -0.09050 0.25203 0.01601 0.81639 -0.01642 0.57705
1403638540.7778294086 0.46940 -0.08504 0.25984 0.00902 0.81578 0.00760 0.57824
1403638540.8778295517 0.51622 -0.07438 0.26612 -0.00029 0.81512 0.03556 0.57819
1403638540.9778294563 0.56601 -0.06333 0.27137 -0.01353 0.81373 0.06196 0.57777
1403638541.0778295994 0.61689 -0.04770 0.27528 -0.02676 0.81180 0.08132 0.57762
1403638541.1778295040 0.67134 -0.02822 0.27254 -0.03612 0.81012 0.09450 0.57747
1403638541.2778294086 0.72312 -0.00085 0.26531 -0.04077 0.80910 0.10329 0.57708
1403638541.3778295517 0.77072 0.03101 0.26667 -0.04343 0.80877 0.10704 0.57667
1403638541.4778294563 0.82192 0.06467 0.27621 -0.04451 0.80880 0.10737 0.57648
1403638541.5778295994 0.87248 0.10146 0.29048 -0.04368 0.80747 0.10804 0.57828
1403638541.6778295040 0.92604 0.14449 0.31441 -0.04769 0.80621 0.11093 0.57917
1403638541.7778294086 0.97717 0.18922 0.34160 -0.05790 0.80483 0.11691 0.57898
1403638541.8778295517 1.02656 0.23872 0.37621 -0.06980 0.80356 0.12588 0.57756
1403638541.9778294563 1.07222 0.29019 0.40658 -0.08147 0.80255 0.14029 0.57411
1403638542.0778295994 1.11482 0.34287 0.43110 -0.09483 0.80072 0.15738 0.57016
1403638542.1778295040 1.15664 0.39457 0.45034 -0.10946 0.79725 0.17704 0.56663
1403638542.2778294086 1.19308 0.45960 0.46319 -0.12254 0.79379 0.19976 0.56123
1403638542.3778295517 1.24056 0.51873 0.47179 -0.13576 0.78618 0.22189 0.56059
1403638542.4778294563 1.28500 0.57603 0.47857 -0.14137 0.77274 0.24222 0.56940
1403638542.5778295994 1.32915 0.63842 0.48443 -0.13721 0.76080 0.26071 0.57827
1403638542.6778295040 1.36244 0.70738 0.49134 -0.13734 0.75737 0.26996 0.57849
1403638542.7778294086 1.39097 0.77945 0.50646 -0.14650 0.76165 0.26879 0.57112
1403638542.8778295517 1.41253 0.85498 0.52853 -0.15354 0.76714 0.26568 0.56332
1403638542.9778294563 1.42948 0.92994 0.55758 -0.15803 0.77177 0.26266 0.55714
1403638543.0778295994 1.44218 1.00556 0.58729 -0.16094 0.77529 0.25941 0.55293
1403638543.1778295040 1.45524 1.07994 0.61182 -0.16132 0.77642 0.25691 0.55239
1403638543.2778294086 1.46653 1.15211 0.63019 -0.16173 0.77666 0.25460 0.55301
1403638543.3778295517 1.48177 1.22897 0.64326 -0.16126 0.77775 0.25358 0.55208
1403638543.4778294563 1.49474 1.30989 0.65248 -0.16324 0.77690 0.25787 0.55072
1403638543.5778295994 1.50278 1.38781 0.65925 -0.16792 0.77410 0.26890 0.54796
1403638543.6778295040 1.51700 1.46383 0.66212 -0.17473 0.76849 0.28694 0.54457
1403638543.7778294086 1.53384 1.54217 0.66845 -0.18493 0.76078 0.30846 0.54025
1403638543.8778295517 1.55038 1.62181 0.68055 -0.19649 0.75088 0.33143 0.53640
1403638543.9778294563 1.56283 1.71660 0.70005 -0.21018 0.74263 0.34982 0.53099
1403638544.0778295994 1.57167 1.80806 0.72417 -0.22466 0.73885 0.36125 0.52261
1403638544.1778295040 1.58067 1.89882 0.74755 -0.23511 0.73573 0.36786 0.51779
1403638544.2778294086 1.58718 1.99239 0.76303 -0.24161 0.73315 0.37106 0.51616
1403638544.3778295517 1.60110 2.07987 0.77171 -0.24336 0.73238 0.37362 0.51459
1403638544.4778294563 1.61680 2.17127 0.77770 -0.24253 0.73282 0.37486 0.51345
1403638544.5778295994 1.63537 2.26123 0.78363 -0.24453 0.73012 0.37421 0.51681
1403638544.6778295040 1.65144 2.35457 0.79487 -0.24959 0.72345 0.37402 0.52386
1403638544.7778294086 1.66789 2.44228 0.81051 -0.25075 0.72270 0.37510 0.52358
1403638544.8778295517 1.68444 2.53392 0.82498 -0.24933 0.72595 0.37762 0.51791
1403638544.9778294563 1.70111 2.62082 0.83336 -0.24961 0.72678 0.37854 0.51595
1403638545.0778295994 1.71916 2.70904 0.83727 -0.25117 0.72557 0.37873 0.51675
1403638545.1778295040 1.73837 2.80388 0.83915 -0.25169 0.72533 0.38060 0.51545
1403638545.2778294086 1.76050 2.89192 0.83249 -0.25123 0.72475 0.38244 0.51514
1403638545.3778295517 1.78082 2.98266 0.82105 -0.25306 0.72208 0.38180 0.51845
1403638545.4778294563 1.80188 3.07869 0.80862 -0.25579 0.72210 0.38316 0.51607
1403638545.5778295994 1.81979 3.16672 0.79614 -0.25987 0.72005 0.38983 0.51189
1403638545.6778295040 1.83660 3.25891 0.79181 -0.26848 0.71476 0.40146 0.50583
1403638545.7778294086 1.85202 3.34419 0.79443 -0.27715 0.70732 0.41816 0.49802
1403638545.8778295517 1.87119 3.43415 0.80363 -0.28812 0.69698 0.43774 0.48947
1403638545.9778294563 1.88852 3.52368 0.81861 -0.29706 0.68500 0.45928 0.48123
1403638546.0778295994 1.90423 3.61636 0.83613 -0.30308 0.67342 0.47802 0.47556
1403638546.1778295040 1.92886 3.71183 0.84791 -0.31047 0.66512 0.49006 0.47018
1403638546.2778294086 1.94157 3.79852 0.85352 -0.31501 0.66039 0.49762 0.46586
1403638546.3778295517 1.95453 3.88703 0.85426 -0.32121 0.65891 0.49978 0.46140
1403638546.4778294563 1.97097 3.97799 0.84963 -0.32373 0.65881 0.50072 0.45874
1403638546.5778295994 1.98489 4.07017 0.84481 -0.32456 0.65698 0.50379 0.45743
1403638546.6778295040 1.99689 4.16446 0.84582 -0.32785 0.65242 0.50955 0.45522
1403638546.7778294086 2.00463 4.25924 0.85624 -0.32995 0.64825 0.51489 0.45364
1403638546.8778295517 2.01396 4.35649 0.87500 -0.33018 0.64494 0.51960 0.45282
1403638546.9778294563 2.02394 4.45450 0.89183 -0.32850 0.64197 0.52371 0.45353
1403638547.0778295994 2.02759 4.55212 0.90267 -0.32619 0.63971 0.52677 0.45485
1403638547.1778295040 2.03482 4.65214 0.90311 -0.32314 0.63739 0.52984 0.45671
1403638547.2778294086 2.03637 4.75383 0.90341 -0.32105 0.63613 0.53138 0.45814
1403638547.3778295517 2.04188 4.85226 0.89413 -0.32461 0.63729 0.52899 0.45679
1403638547.4778294563 2.03995 4.95370 0.88752 -0.32936 0.64056 0.52533 0.45303
1403638547.5778295994 2.03491 5.05745 0.87497 -0.33266 0.64398 0.52198 0.44964
1403638547.6778295040 2.03484 5.15920 0.85536 -0.33368 0.64497 0.52009 0.44965
1403638547.7778294086 2.02876 5.26665 0.83680 -0.33138 0.64448 0.52070 0.45133
1403638547.8778295517 2.01828 5.37690 0.81017 -0.32762 0.64158 0.52275 0.45582
1403638547.9778294563 2.00367 5.49066 0.78601 -0.32791 0.64146 0.52298 0.45552
1403638548.0778295994 1.98595 5.60182 0.76608 -0.33090 0.64091 0.52503 0.45176
1403638548.1778295040 1.97864 5.71390 0.75918 -0.33563 0.63715 0.53059 0.44706
1403638548.2778294086 1.95898 5.82923 0.75781 -0.34232 0.63076 0.53910 0.44083
1403638548.3778295517 1.93842 5.94985 0.76574 -0.34964 0.62167 0.55072 0.43358
1403638548.4778294563 1.91608 6.07123 0.78160 -0.35730 0.61255 0.56141 0.42654
1403638548.5778295994 1.89450 6.19125 0.79700 -0.36351 0.60508 0.56944 0.42128
1403638548.6778295040 1.87505 6.30915 0.80865 -0.36827 0.59978 0.57514 0.41696
1403638548.7778294086 1.85665 6.43498 0.81668 -0.37093 0.59598 0.57934 0.41422
1403638548.8778295517 1.83576 6.56156 0.83038 -0.37205 0.59401 0.58216 0.41209
1403638548.9778294563 1.81227 6.68685 0.84977 -0.37344 0.59318 0.58298 0.41087
1403638549.0778295994 1.79095 6.81561 0.87351 -0.37389 0.59299 0.58341 0.41013
1403638549.1778295040 1.76660 6.94102 0.90322 -0.37521 0.59301 0.58232 0.41044
1403638549.2778294086 1.74730 7.06885 0.93974 -0.37613 0.59387 0.58143 0.40961
1403638549.3778295517 1.71189 7.20148 0.97951 -0.37815 0.59574 0.57865 0.40898
1403638549.4778294563 1.68548 7.33540 1.01605 -0.38003 0.59733 0.57627 0.40827
1403638549.5778295994 1.65912 7.46976 1.04640 -0.38163 0.59755 0.57428 0.40926
1403638549.6778295040 1.63571 7.60547 1.07252 -0.38287 0.59715 0.57262 0.41101
1403638549.7778294086 1.61649 7.73891 1.09723 -0.38148 0.59731 0.57303 0.41150
1403638549.8778295517 1.60568 7.86960 1.13069 -0.38080 0.59862 0.57337 0.40974
1403638549.9778294563 1.58557 7.99793 1.17247 -0.38098 0.59975 0.57303 0.40840
1403638550.0778295994 1.57247 8.12914 1.22332 -0.38134 0.60023 0.57291 0.40753
1403638550.1778295040 1.56303 8.26236 1.28428 -0.38217 0.60088 0.57322 0.40535
1403638550.2778294086 1.55221 8.40160 1.34972 -0.38118 0.60060 0.57455 0.40482
1403638550.3778295517 1.53185 8.55010 1.42133 -0.38007 0.60066 0.57510 0.40499
1403638550.4778294563 1.52062 8.68817 1.48508 -0.38239 0.60172 0.57384 0.40301
1403638550.5778295994 1.50896 8.83741 1.54176 -0.38520 0.60329 0.57151 0.40130
1403638550.6778295040 1.49157 8.98050 1.59377 -0.38890 0.60270 0.56772 0.40399
1403638550.7778294086 1.48315 9.12039 1.63867 -0.39101 0.60233 0.56564 0.40542
1403638550.8778295517 1.48029 9.25896 1.67844 -0.39653 0.59886 0.56152 0.41088
1403638550.9778294563 1.48465 9.39209 1.71498 -0.40149 0.59506 0.55722 0.41739
1403638551.0778295994 1.48971 9.51791 1.74591 -0.40428 0.59295 0.55441 0.42143
1403638551.1778295040 1.49997 9.63764 1.77809 -0.40799 0.59385 0.55143 0.42049
1403638551.2778294086 1.52017 9.74577 1.81424 -0.40845 0.59562 0.55032 0.41899
1403638551.3778295517 1.54423 9.84667 1.85769 -0.40388 0.60326 0.54738 0.41635
1403638551.4778294563 1.58364 9.93797 1.89211 -0.39650 0.61555 0.53754 0.41825
1403638551.5778295994 1.61574 10.03159 1.92478 -0.38976 0.63080 0.52084 0.42298
1403638551.6778295040 1.65215 10.11094 1.94928 -0.38284 0.64733 0.50154 0.42762
1403638551.7778294086 1.70283 10.18666 1.96888 -0.37371 0.66076 0.48282 0.43660
1403638551.8778295517 1.76016 10.26031 1.98418 -0.36336 0.67097 0.46684 0.44702
1403638551.9778294563 1.82460 10.32297 2.00331 -0.35122 0.67385 0.45900 0.46032
1403638552.0778295994 1.89168 10.38141 2.02857 -0.34070 0.67505 0.45369 0.47159
1403638552.1778295040 1.96219 10.43459 2.05748 -0.33430 0.67997 0.44973 0.47289
1403638552.2778294086 2.03584 10.48333 2.09577 -0.33108 0.68334 0.44926 0.47074
1403638552.3778295517 2.11388 10.53098 2.13117 -0.33367 0.68405 0.44669 0.47033
1403638552.4778294563 2.19747 10.57132 2.16398 -0.34119 0.68007 0.44197 0.47514
1403638552.5778295994 2.27939 10.60301 2.19257 -0.34776 0.67543 0.44026 0.47857
1403638552.6778295040 2.36224 10.63435 2.21466 -0.34888 0.67262 0.44208 0.48003
1403638552.7778294086 2.43391 10.66657 2.23005 -0.34719 0.67261 0.44348 0.47997
1403638552.8778295517 2.52162 10.68155 2.24130 -0.34552 0.67099 0.44770 0.47953
1403638552.9778294563 2.61053 10.68887 2.24788 -0.34151 0.66841 0.45396 0.48013
1403638553.0778295994 2.70469 10.69294 2.24936 -0.33790 0.66595 0.45951 0.48082
1403638553.1778295040 2.79397 10.69240 2.24906 -0.34370 0.66191 0.45814 0.48358
1403638553.2778294086 2.89277 10.68653 2.25100 -0.35174 0.65557 0.45585 0.48858
1403638553.3778295517 2.99940 10.67512 2.26135 -0.35515 0.64939 0.45847 0.49190
1403638553.4778294563 3.10419 10.65041 2.27628 -0.35340 0.64291 0.46356 0.49687
1403638553.5778295994 3.19784 10.62262 2.29722 -0.35182 0.63772 0.46771 0.50079
1403638553.6778295040 3.28566 10.58380 2.32234 -0.35076 0.63616 0.47043 0.50096
1403638553.7778294086 3.36564 10.53569 2.35364 -0.34948 0.63630 0.47266 0.49958
1403638553.8778295517 3.43975 10.47563 2.38886 -0.34749 0.63781 0.47407 0.49770
1403638553.9778294563 3.50280 10.41418 2.42526 -0.34685 0.64077 0.47453 0.49390
1403638554.0778295994 3.56716 10.34304 2.45587 -0.34533 0.64396 0.47533 0.49002
1403638554.1778295040 3.62170 10.26957 2.48246 -0.34026 0.64700 0.47849 0.48648
1403638554.2778294086 3.67980 10.18873 2.50027 -0.33223 0.65296 0.48393 0.47863
1403638554.3778295517 3.73713 10.10986 2.51590 -0.32640 0.65627 0.48822 0.47372
1403638554.4778294563 3.79510 10.03129 2.53076 -0.32373 0.65765 0.49027 0.47152
1403638554.5778295994 3.84696 9.95267 2.54172 -0.32459 0.65872 0.48961 0.47011
1403638554.6778295040 3.89568 9.87522 2.54904 -0.33029 0.66136 0.48545 0.46673
1403638554.7778294086 3.93902 9.80381 2.56504 -0.33496 0.66214 0.48193 0.46596
1403638554.8778295517 3.98857 9.72875 2.58390 -0.33785 0.66235 0.47963 0.46594
1403638554.9778294563 4.03835 9.65042 2.60303 -0.34032 0.66298 0.47617 0.46680
1403638555.0778295994 4.09198 9.57421 2.61818 -0.33671 0.66627 0.47179 0.46917
1403638555.1778295040 4.15399 9.49432 2.62414 -0.33056 0.67200 0.46477 0.47237
1403638555.2778294086 4.23705 9.41432 2.63533 -0.32514 0.67772 0.45755 0.47500
1403638555.3778295517 4.30683 9.33567 2.63882 -0.31834 0.68067 0.45337 0.47938
1403638555.4778294563 4.37940 9.25415 2.63671 -0.31325 0.68224 0.45088 0.48284
1403638555.5778295994 4.45286 9.17152 2.63253 -0.31162 0.68308 0.44882 0.48462
1403638555.6778295040 4.52126 9.08957 2.63352 -0.31140 0.68456 0.44751 0.48388
1403638555.7778294086 4.58841 9.00866 2.64361 -0.31066 0.68570 0.44791 0.48238
1403638555.8778295517 4.64770 8.93157 2.66179 -0.30977 0.68587 0.44876 0.48190
1403638555.9778294563 4.71607 8.85641 2.68405 -0.30879 0.68446 0.45066 0.48277
1403638556.0778295994 4.78016 8.78184 2.71198 -0.30729 0.68460 0.45205 0.48222
1403638556.1778295040 4.84419 8.71430 2.73355 -0.30636 0.68911 0.45221 0.47621
1403638556.2778294086 4.91114 8.64364 2.74904 -0.30502 0.69234 0.45313 0.47148
1403638556.3778295517 4.98162 8.57931 2.76085 -0.30399 0.69430 0.45404 0.46839
1403638556.4778294563 5.05339 8.51407 2.77143 -0.30187 0.69727 0.45520 0.46420
1403638556.5778295994 5.13303 8.45701 2.78140 -0.30181 0.70009 0.45490 0.46028
1403638556.6778295040 5.21330 8.40523 2.79359 -0.30956 0.70264 0.44895 0.45707
1403638556.7778294086 5.29452 8.35558 2.81367 -0.31625 0.69939 0.44440 0.46189
1403638556.8778295517 5.38572 8.31227 2.84028 -0.32236 0.69766 0.44063 0.46390
1403638556.9778294563 5.47641 8.26769 2.87183 -0.32583 0.69618 0.43844 0.46577
1403638557.0778295994 5.57301 8.22023 2.89755 -0.32443 0.69490 0.43978 0.46739
1403638557.1778295040 5.67172 8.16968 2.91590 -0.32281 0.69317 0.44128 0.46965
1403638557.2778294086 5.77626 8.12146 2.92791 -0.32183 0.69209 0.44229 0.47098
1403638557.3778295517 5.88460 8.07213 2.93673 -0.31942 0.69098 0.44423 0.47241
1403638557.4778294563 5.99585 8.02507 2.94759 -0.31411 0.68776 0.44878 0.47636
1403638557.5778295994 6.10477 7.97878 2.96499 -0.30972 0.68511 0.45207 0.47993
1403638557.6778295040 6.21283 7.93214 2.98622 -0.30748 0.68366 0.45394 0.48166
1403638557.7778294086 6.32031 7.88838 3.01020 -0.30766 0.68323 0.45371 0.48238
1403638557.8778295517 6.42870 7.84398 3.02977 -0.30511 0.68297 0.45541 0.48277
1403638557.9778294563 6.53376 7.80070 3.04371 -0.30272 0.68405 0.45713 0.48111
1403638558.0778295994 6.63707 7.75999 3.05132 -0.30178 0.68790 0.45794 0.47540
1403638558.1778295040 6.74068 7.72185 3.05638 -0.29883 0.69378 0.45951 0.46715
1403638558.2778294086 6.84593 7.68841 3.06696 -0.29537 0.69811 0.46104 0.46134
1403638558.3778295517 6.95081 7.66159 3.08682 -0.29049 0.69970 0.46386 0.45920
1403638558.4778294563 7.05461 7.64315 3.11397 -0.28398 0.70346 0.46752 0.45379
1403638558.5778295994 7.15962 7.63574 3.14824 -0.28511 0.70608 0.46637 0.45017
1403638558.6778295040 7.27204 7.63614 3.18851 -0.29368 0.70661 0.46026 0.45013
1403638558.7778294086 7.38439 7.64139 3.22913 -0.30163 0.70634 0.45425 0.45140
1403638558.8778295517 7.49801 7.65283 3.26016 -0.30417 0.70523 0.45181 0.45387
1403638558.9778294563 7.61616 7.67024 3.28329 -0.30604 0.70015 0.45063 0.46158
1403638559.0778295994 7.73526 7.68676 3.29914 -0.30681 0.69542 0.45037 0.46843
1403638559.1778295040 7.85957 7.70536 3.30788 -0.30752 0.69173 0.45072 0.47308
1403638559.2778294086 7.98241 7.72641 3.31110 -0.30552 0.68869 0.45301 0.47661
1403638559.3778295517 8.10598 7.74832 3.30924 -0.30218 0.68618 0.45617 0.47933
1403638559.4778294563 8.22617 7.77119 3.30386 -0.30016 0.68392 0.45812 0.48196
1403638559.5778295994 8.34244 7.79571 3.29353 -0.29886 0.68191 0.45950 0.48429
1403638559.6778295040 8.45748 7.82629 3.28003 -0.29936 0.68103 0.45966 0.48508
1403638559.7778294086 8.56702 7.85733 3.26839 -0.29966 0.68015 0.46032 0.48549
1403638559.8778295517 8.67527 7.88541 3.26374 -0.30128 0.68090 0.45960 0.48412
1403638559.9778294563 8.78043 7.91754 3.25835 -0.30056 0.68442 0.45358 0.48528
1403638560.0778295994 8.88546 7.94832 3.24788 -0.29554 0.69215 0.44078 0.48918
1403638560.1778295040 8.99001 7.98095 3.23109 -0.28615 0.70188 0.42271 0.49678
1403638560.2778294086 9.09243 8.01393 3.20883 -0.27407 0.71248 0.40173 0.50584
1403638560.3778295517 9.19379 8.04223 3.18440 -0.26360 0.72008 0.37737 0.51922
1403638560.4778294563 9.28879 8.06991 3.15631 -0.25154 0.72800 0.35220 0.53169
1403638560.5778295994 9.38334 8.09541 3.12388 -0.24083 0.73721 0.32503 0.54118
1403638560.6778295040 9.47676 8.11170 3.08861 -0.23200 0.74760 0.29717 0.54678
1403638560.7778294086 9.56452 8.12401 3.05633 -0.22509 0.75630 0.27171 0.55092
1403638560.8778295517 9.64854 8.13464 3.03198 -0.21420 0.76272 0.24896 0.55714
1403638560.9778294563 9.73630 8.13409 3.01562 -0.20271 0.76686 0.22776 0.56477
1403638561.0778295994 9.81529 8.12623 3.00791 -0.19096 0.76920 0.20779 0.57332
1403638561.1778295040 9.89574 8.10990 3.00674 -0.18061 0.77054 0.19017 0.58093
1403638561.2778294086 9.97177 8.08799 3.01241 -0.17377 0.77083 0.17694 0.58679
1403638561.3778295517 10.03360 8.05594 3.02141 -0.16527 0.77535 0.17225 0.58467
1403638561.4778294563 10.09323 8.02656 3.02483 -0.15140 0.78122 0.17578 0.57955
1403638561.5778295994 10.15450 7.99185 3.02469 -0.14209 0.78468 0.18084 0.57566
1403638561.6778295040 10.21062 7.95145 3.01881 -0.13865 0.78629 0.18406 0.57328
1403638561.7778294086 10.26230 7.90459 3.00627 -0.13792 0.78646 0.18642 0.57245
1403638561.8778295517 10.31445 7.86078 2.98732 -0.13533 0.78583 0.18702 0.57374
1403638561.9778294563 10.36256 7.81738 2.96480 -0.13050 0.78674 0.18294 0.57493
1403638562.0778295994 10.40805 7.77403 2.94338 -0.12286 0.78860 0.17393 0.57686
1403638562.1778295040 10.44525 7.72931 2.92896 -0.11524 0.79054 0.16398 0.57868
1403638562.2778294086 10.48210 7.68402 2.92003 -0.10855 0.79168 0.15546 0.58077
1403638562.3778295517 10.51813 7.63253 2.91716 -0.10267 0.79267 0.14327 0.58362
1403638562.4778294563 10.54629 7.58553 2.91712 -0.09455 0.79513 0.12679 0.58546
1403638562.5778295994 10.56876 7.53829 2.92374 -0.08494 0.79750 0.10635 0.58776
1403638562.6778295040 10.59107 7.48794 2.93455 -0.07653 0.80035 0.08206 0.58894
1403638562.7778294086 10.61310 7.43331 2.94835 -0.06846 0.80211 0.05587 0.59061
1403638562.8778295517 10.63258 7.37059 2.95779 -0.05591 0.80330 0.03170 0.59209
1403638562.9778294563 10.65014 7.30551 2.96081 -0.04238 0.80420 0.00942 0.59277
1403638563.0778295994 10.66319 7.24303 2.95811 -0.03401 0.80421 -0.01446 0.59319
1403638563.1778295040 10.67117 7.17881 2.95038 -0.02229 0.80416 -0.03432 0.59300
1403638563.2778294086 10.67985 7.11237 2.93854 -0.01102 0.80113 -0.04853 0.59642
1403638563.3778295517 10.68060 7.04361 2.92246 -0.00431 0.79340 -0.05853 0.60586
1403638563.4778294563 10.67711 6.96953 2.90074 -0.00296 0.78740 -0.06551 0.61295
1403638563.5778295994 10.66887 6.89225 2.87896 0.00292 0.78803 -0.06551 0.61214
1403638563.6778295040 10.65206 6.80443 2.86403 0.00281 0.79169 -0.06555 0.60738
1403638563.7778294086 10.62816 6.71630 2.85633 -0.00016 0.79409 -0.06603 0.60421
1403638563.8778295517 10.59711 6.62454 2.85722 -0.00317 0.79381 -0.06527 0.60464
1403638563.9778294563 10.56167 6.53333 2.86455 -0.00638 0.79268 -0.06398 0.60624
1403638564.0778295994 10.51779 6.43235 2.86885 -0.01072 0.79347 -0.06199 0.60535
1403638564.1778295040 10.46848 6.32783 2.86885 -0.01235 0.79350 -0.05754 0.60572
1403638564.2778294086 10.41753 6.21917 2.86640 -0.01132 0.79188 -0.05209 0.60834
1403638564.3778295517 10.35689 6.10200 2.86849 -0.01151 0.79050 -0.04710 0.61055
1403638564.4778294563 10.28979 5.98513 2.87891 -0.01110 0.78933 -0.04247 0.61240
1403638564.5778295994 10.21333 5.86357 2.89165 -0.01376 0.79106 -0.04209 0.61013
1403638564.6778295040 10.13319 5.74111 2.90281 -0.01908 0.79272 -0.04465 0.60765
1403638564.7778294086 10.04573 5.61118 2.90735 -0.02287 0.79333 -0.04773 0.60648
1403638564.8778295517 9.95899 5.47382 2.90380 -0.02530 0.79289 -0.05000 0.60678
1403638564.9778294563 9.86735 5.33149 2.88173 -0.02718 0.79229 -0.05187 0.60732
1403638565.0778295994 9.76957 5.17963 2.84449 -0.02889 0.79274 -0.05224 0.60664
1403638565.1778295040 9.66803 5.02006 2.79227 -0.02988 0.79355 -0.05194 0.60554
1403638565.2778294086 9.56128 4.84974 2.73283 -0.02878 0.79447 -0.05051 0.60451
1403638565.3778295517 9.45060 4.66928 2.67121 -0.02668 0.79555 -0.04857 0.60334
1403638565.4778294563 9.33712 4.49183 2.61180 -0.02431 0.79507 -0.04706 0.60420
1403638565.5778295994 9.21801 4.30494 2.55875 -0.01847 0.79295 -0.04450 0.60738
1403638565.6778295040 9.09003 4.12130 2.51471 -0.00702 0.79285 -0.03854 0.60816
1403638565.7778294086 8.96878 3.93467 2.47628 0.00209 0.79558 -0.03404 0.60489
1403638565.8778295517 8.83568 3.75605 2.44672 0.00925 0.79794 -0.03072 0.60188
1403638565.9778294563 8.70571 3.58057 2.42165 0.01150 0.80009 -0.03120 0.59896
1403638566.0778295994 8.58117 3.40830 2.39068 0.01289 0.80131 -0.03162 0.59727
1403638566.1778295040 8.45390 3.23483 2.35200 0.01062 0.80191 -0.03276 0.59645
1403638566.2778294086 8.32396 3.06018 2.30546 0.01049 0.80177 -0.03199 0.59668
1403638566.3778295517 8.18973 2.89591 2.25240 0.01068 0.80295 -0.03080 0.59516
1403638566.4778294563 8.05693 2.72875 2.19337 0.00606 0.80365 -0.03174 0.59423
1403638566.5778295994 7.92783 2.57433 2.12930 0.00537 0.80719 -0.03005 0.58951
1403638566.6778295040 7.79881 2.43823 2.05776 0.00512 0.81666 -0.02859 0.57639
1403638566.7778294086 7.66672 2.31154 1.98212 0.00534 0.82854 -0.02749 0.55924
1403638566.8778295517 7.54545 2.17803 1.90415 0.00351 0.83680 -0.02687 0.54684
1403638566.9778294563 7.43809 2.02827 1.82272 0.00267 0.84085 -0.02370 0.54075
1403638567.0778295994 7.33087 1.89506 1.74523 0.00283 0.83316 -0.02256 0.55256
1403638567.1778295040 7.23678 1.76970 1.66146 0.00529 0.82096 -0.02072 0.57058
1403638567.2778294086 7.13962 1.63988 1.57461 0.00845 0.81243 -0.01905 0.58268
1403638567.3778295517 7.04818 1.52425 1.48064 0.01190 0.81045 -0.01852 0.58539
1403638567.4778294563 6.95224 1.40706 1.39398 0.01418 0.81155 -0.01966 0.58378
1403638567.5778295994 6.85853 1.27278 1.31458 0.01434 0.81566 -0.02115 0.57797
1403638567.6778295040 6.76433 1.15620 1.24629 0.01768 0.81953 -0.02162 0.57235
1403638567.7778294086 6.67033 1.04178 1.18940 0.01919 0.82356 -0.02225 0.56647
1403638567.8778295517 6.57307 0.93625 1.14139 0.01838 0.82748 -0.02461 0.56065
1403638567.9778294563 6.48433 0.82543 1.10043 0.01795 0.82916 -0.02569 0.55813
1403638568.0778295994 6.39714 0.72233 1.06910 0.02071 0.82969 -0.02422 0.55732
1403638568.1778295040 6.31562 0.62276 1.04977 0.02216 0.82987 -0.02303 0.55704
1403638568.2778294086 6.23706 0.52803 1.03873 0.02281 0.83076 -0.02342 0.55567
1403638568.3778295517 6.16061 0.44307 1.02261 0.02310 0.83181 -0.02419 0.55405
1403638568.4778294563 6.08788 0.36457 0.99314 0.02364 0.83265 -0.02435 0.55276
1403638568.5778295994 6.01882 0.28463 0.95927 0.02439 0.83397 -0.02403 0.55075
1403638568.6778295040 5.95721 0.21789 0.92504 0.02585 0.83584 -0.02285 0.54789
1403638568.7778294086 5.90050 0.15591 0.88941 0.02570 0.83702 -0.02357 0.54606
1403638568.8778295517 5.85013 0.09637 0.86115 0.02385 0.83624 -0.02579 0.54724
1403638568.9778294563 5.80405 0.04268 0.84760 0.02573 0.83599 -0.02425 0.54760
1403638569.0778295994 5.76127 -0.01053 0.83207 0.02748 0.83552 -0.02335 0.54828
1403638569.1778295040 5.72325 -0.05284 0.83174 0.02828 0.83648 -0.02346 0.54676
1403638569.2778294086 5.68830 -0.09776 0.82016 0.03035 0.83734 -0.02249 0.54538
1403638569.3778295517 5.66082 -0.13073 0.81323 0.03136 0.83734 -0.02240 0.54532
1403638569.4778294563 5.63679 -0.16385 0.78914 0.03191 0.83539 -0.02192 0.54830
1403638569.5778295994 5.62021 -0.18674 0.77410 0.03255 0.83424 -0.02162 0.55002
1403638569.6778295040 5.60719 -0.20405 0.76229 0.03168 0.83315 -0.02263 0.55168
1403638569.7778294086 5.59760 -0.21746 0.75576 0.03257 0.83229 -0.02203 0.55295
1403638569.8778295517 5.59064 -0.23372 0.74401 0.03335 0.83047 -0.02080 0.55568
1403638569.9778294563 5.58746 -0.23516 0.74765 0.03222 0.82894 -0.02169 0.55799
1403638570.0778295994 5.58601 -0.23124 0.74752 0.03001 0.82827 -0.02320 0.55905
1403638570.1778295040 5.58567 -0.22277 0.73929 0.02524 0.82820 -0.02607 0.55926
1403638570.2778294086 5.58698 -0.21083 0.72451 0.01780 0.82745 -0.03083 0.56041
1403638570.3778295517 5.58983 -0.20002 0.70525 0.01146 0.82695 -0.03816 0.56086
1403638570.4778294563 5.59166 -0.19803 0.67334 0.00675 0.82589 -0.05328 0.56126
1403638570.5778295994 5.59460 -0.19719 0.64393 -0.00062 0.82314 -0.08039 0.56212
1403638570.6778295040 5.59100 -0.19967 0.60320 0.00035 0.81746 -0.10959 0.56546
1403638570.7778294086 5.58858 -0.20851 0.56383 0.00765 0.80630 -0.13715 0.57534
1403638570.8778295517 5.58489 -0.23050 0.52249 0.02030 0.79456 -0.16157 0.58495
1403638570.9778294563 5.57365 -0.25989 0.47974 0.03592 0.78661 -0.18271 0.58870
1403638571.0778295994 5.55100 -0.30059 0.43231 0.05275 0.78369 -0.20158 0.58516
1403638571.1778295040 5.51760 -0.34749 0.38742 0.07427 0.78627 -0.21333 0.57511
1403638571.2778294086 5.47857 -0.40724 0.35421 0.09455 0.78756 -0.21948 0.56801
1403638571.3778295517 5.43646 -0.47635 0.32827 0.10694 0.78696 -0.22439 0.56473
1403638571.4778294563 5.39226 -0.54077 0.31218 0.11337 0.78383 -0.22926 0.56587
1403638571.5778295994 5.34529 -0.61529 0.30121 0.11977 0.78163 -0.23324 0.56596
1403638571.6778295040 5.29161 -0.69261 0.28654 0.12537 0.78144 -0.24233 0.56118
1403638571.7778294086 5.23418 -0.77105 0.26760 0.13308 0.78109 -0.25559 0.55395
1403638571.8778295517 5.18143 -0.84328 0.24459 0.14125 0.77815 -0.27363 0.54742
1403638571.9778294563 5.12165 -0.92090 0.22545 0.14913 0.77229 -0.29374 0.54318
1403638572.0778295994 5.05595 -0.99746 0.21542 0.15853 0.76538 -0.31307 0.53949
1403638572.1778295040 4.98691 -1.08863 0.21449 0.17379 0.75893 -0.32803 0.53499
1403638572.2778294086 4.91750 -1.18422 0.21656 0.18745 0.75510 -0.34411 0.52562
1403638572.3778295517 4.84597 -1.28539 0.21516 0.19999 0.75065 -0.36221 0.51511
1403638572.4778294563 4.77748 -1.38739 0.21195 0.21376 0.74708 -0.37534 0.50526
1403638572.5778295994 4.70941 -1.49008 0.20772 0.22478 0.74363 -0.38402 0.49901
1403638572.6778295040 4.64165 -1.59418 0.20594 0.23065 0.74210 -0.38953 0.49432
1403638572.7778294086 4.57649 -1.70074 0.21219 0.23863 0.74369 -0.38922 0.48835
1403638572.8778295517 4.51579 -1.80989 0.22495 0.24253 0.74622 -0.38827 0.48331
1403638572.9778294563 4.45557 -1.92190 0.24244 0.24339 0.74824 -0.38721 0.48059
1403638573.0778295994 4.40159 -2.03973 0.25575 0.24285 0.75031 -0.38589 0.47870
1403638573.1778295040 4.34966 -2.15926 0.26321 0.24111 0.75193 -0.38453 0.47813
1403638573.2778294086 4.30421 -2.28024 0.27086 0.23958 0.75335 -0.38273 0.47810
1403638573.3778295517 4.26561 -2.40861 0.27712 0.23889 0.75413 -0.38158 0.47814
1403638573.4778294563 4.23211 -2.53635 0.28888 0.24227 0.75438 -0.38168 0.47596
1403638573.5778295994 4.20370 -2.67234 0.30565 0.24368 0.75453 -0.38140 0.47522
1403638573.6778295040 4.18064 -2.80988 0.32934 0.24634 0.75505 -0.38137 0.47305
1403638573.7778294086 4.16310 -2.95139 0.35677 0.25297 0.75137 -0.38462 0.47278
1403638573.8778295517 4.15306 -3.09523 0.38502 0.26669 0.74144 -0.38991 0.47657
1403638573.9778294563 4.14826 -3.24393 0.40606 0.27816 0.72624 -0.40326 0.48227
1403638574.0778295994 4.14905 -3.39081 0.41940 0.28400 0.70637 -0.42457 0.49003
1403638574.1778295040 4.14851 -3.52729 0.42508 0.28976 0.68441 -0.44850 0.49646
1403638574.2778294086 4.14893 -3.65755 0.42446 0.29883 0.66552 -0.47082 0.49610
1403638574.3778295517 4.13280 -3.78190 0.41816 0.31123 0.65230 -0.49048 0.48690
1403638574.4778294563 4.10980 -3.90249 0.40995 0.32479 0.64079 -0.50844 0.47475
1403638574.5778295994 4.08723 -4.02044 0.40639 0.33515 0.62981 -0.52293 0.46642
1403638574.6778295040 4.06493 -4.14160 0.41164 0.34717 0.62322 -0.53054 0.45782
1403638574.7778294086 4.03341 -4.25296 0.42505 0.35809 0.62290 -0.53319 0.44663
1403638574.8778295517 4.00273 -4.36473 0.44252 0.35943 0.62477 -0.53780 0.43732
1403638574.9778294563 3.96895 -4.47602 0.45628 0.35763 0.62718 -0.54122 0.43107
1403638575.0778295994 3.93657 -4.58426 0.46398 0.35010 0.62613 -0.54614 0.43257
1403638575.1778295040 3.90584 -4.69603 0.46519 0.34443 0.62375 -0.54906 0.43685
1403638575.2778294086 3.87257 -4.80726 0.46315 0.34117 0.62248 -0.54978 0.44030
1403638575.3778295517 3.83584 -4.92139 0.45605 0.33823 0.62584 -0.54955 0.43808
1403638575.4778294563 3.79510 -5.03765 0.44581 0.33635 0.63130 -0.54798 0.43365
1403638575.5778295994 3.75075 -5.15581 0.43436 0.33549 0.63633 -0.54546 0.43012
1403638575.6778295040 3.70382 -5.28086 0.43018 0.33907 0.64276 -0.54008 0.42451
1403638575.7778294086 3.66043 -5.40230 0.43445 0.34016 0.64918 -0.53693 0.41781
1403638575.8778295517 3.61745 -5.53194 0.44756 0.34004 0.65331 -0.53496 0.41397
1403638575.9778294563 3.58056 -5.66232 0.47206 0.33955 0.65393 -0.53408 0.41453
1403638576.0778295994 3.54602 -5.80468 0.50302 0.34039 0.65478 -0.53256 0.41446
1403638576.1778295040 3.51370 -5.95454 0.53865 0.34126 0.65348 -0.53196 0.41656
1403638576.2778294086 3.48769 -6.11118 0.57081 0.34542 0.65393 -0.52938 0.41572
1403638576.3778295517 3.46173 -6.26764 0.59716 0.35009 0.65551 -0.52620 0.41335
1403638576.4778294563 3.44286 -6.42805 0.61719 0.35389 0.65805 -0.52352 0.40947
1403638576.5778295994 3.43116 -6.58938 0.63075 0.35842 0.66203 -0.52023 0.40325
1403638576.6778295040 3.42509 -6.74902 0.64054 0.36149 0.66346 -0.51778 0.40131
1403638576.7778294086 3.43009 -6.91306 0.64658 0.36641 0.66095 -0.51405 0.40576
1403638576.8778295517 3.44036 -7.07623 0.64792 0.36909 0.65605 -0.51218 0.41359
1403638576.9778294563 3.45909 -7.24124 0.64509 0.36714 0.64967 -0.51412 0.42287
1403638577.0778295994 3.48464 -7.40453 0.64158 0.36294 0.64574 -0.51765 0.42818
1403638577.1778295040 3.51146 -7.56631 0.64552 0.36014 0.64297 -0.51985 0.43202
1403638577.2778294086 3.53942 -7.72864 0.65529 0.36081 0.64335 -0.51993 0.43081
1403638577.3778295517 3.57244 -7.88226 0.67391 0.36748 0.64761 -0.51493 0.42474
1403638577.4778294563 3.61129 -8.03196 0.69796 0.37179 0.65002 -0.51165 0.42125
1403638577.5778295994 3.65198 -8.17712 0.71847 0.36870 0.64997 -0.51327 0.42209
1403638577.6778295040 3.70035 -8.32533 0.73282 0.36505 0.64879 -0.51567 0.42414
1403638577.7778294086 3.75491 -8.46768 0.73925 0.36212 0.64816 -0.51745 0.42544
1403638577.8778295517 3.81111 -8.61070 0.74097 0.36176 0.64843 -0.51722 0.42563
1403638577.9778294563 3.86715 -8.74764 0.74048 0.36226 0.64898 -0.51580 0.42608
1403638578.0778295994 3.92796 -8.88814 0.74685 0.36128 0.64828 -0.51570 0.42809
1403638578.1778295040 3.99677 -9.02580 0.75916 0.35645 0.64501 -0.51848 0.43368
1403638578.2778294086 4.06574 -9.16453 0.77711 0.34800 0.64023 -0.52406 0.44086
1403638578.3778295517 4.13232 -9.30151 0.79428 0.34592 0.63792 -0.52569 0.44389
1403638578.4778294563 4.19493 -9.43321 0.80506 0.34616 0.63765 -0.52592 0.44383
1403638578.5778295994 4.25335 -9.56033 0.81125 0.34602 0.63735 -0.52633 0.44387
1403638578.6778295040 4.31344 -9.69082 0.81359 0.34842 0.63728 -0.52520 0.44345
1403638578.7778294086 4.36672 -9.81860 0.81287 0.35352 0.64013 -0.52157 0.43957
1403638578.8778295517 4.42913 -9.94256 0.80844 0.35874 0.64297 -0.51796 0.43544
1403638578.9778294563 4.48088 -10.06500 0.80358 0.36102 0.64460 -0.51541 0.43417
1403638579.0778295994 4.54048 -10.19231 0.80581 0.36147 0.64536 -0.51422 0.43409
1403638579.1778295040 4.59876 -10.30753 0.81576 0.36176 0.64563 -0.51318 0.43466
1403638579.2778294086 4.66372 -10.42413 0.83326 0.35939 0.64468 -0.51425 0.43676
1403638579.3778295517 4.73602 -10.53788 0.84777 0.35383 0.64157 -0.51778 0.44171
1403638579.4778294563 4.80388 -10.65112 0.86215 0.34804 0.63732 -0.52175 0.44775
1403638579.5778295994 4.87373 -10.76306 0.86603 0.34672 0.63443 -0.51933 0.45561
1403638579.6778295040 4.93920 -10.87168 0.86511 0.34896 0.63490 -0.50724 0.46673
1403638579.7778294086 5.00083 -10.97443 0.86020 0.34762 0.64521 -0.48811 0.47393
1403638579.8778295517 5.06170 -11.07035 0.84963 0.33711 0.66475 -0.46684 0.47594
1403638579.9778294563 5.11912 -11.16271 0.83559 0.31950 0.68413 -0.44200 0.48427
1403638580.0778295994 5.18222 -11.25023 0.81903 0.30501 0.69807 -0.40785 0.50332
1403638580.1778295040 5.25525 -11.32882 0.79918 0.28524 0.71173 -0.37117 0.52375
1403638580.2778294086 5.31150 -11.39497 0.77650 0.25841 0.72815 -0.33654 0.53829
1403638580.3778295517 5.37002 -11.46097 0.74824 0.22828 0.74380 -0.31020 0.54628
1403638580.4778294563 5.41597 -11.52245 0.71586 0.20125 0.75483 -0.29382 0.55082
1403638580.5778295994 5.46250 -11.57619 0.68324 0.18396 0.76177 -0.28075 0.55411
1403638580.6778295040 5.50770 -11.62450 0.65109 0.16916 0.77173 -0.26591 0.55237
1403638580.7778294086 5.54793 -11.67416 0.62546 0.15940 0.78156 -0.25090 0.54845
1403638580.8778295517 5.58438 -11.72727 0.60823 0.15444 0.78828 -0.23980 0.54522
1403638580.9778294563 5.62201 -11.77677 0.60218 0.14845 0.78951 -0.23619 0.54667
1403638581.0778295994 5.65764 -11.82387 0.60519 0.14698 0.79052 -0.23406 0.54653
1403638581.1778295040 5.69526 -11.87522 0.61387 0.14917 0.79036 -0.23265 0.54677
1403638581.2778294086 5.72892 -11.92480 0.62235 0.15289 0.79020 -0.23248 0.54604
1403638581.3778295517 5.76406 -11.96693 0.63870 0.15602 0.78897 -0.23313 0.54666
1403638581.4778294563 5.79720 -12.01165 0.65395 0.15868 0.78677 -0.23460 0.54843
1403638581.5778295994 5.83025 -12.04640 0.68085 0.16168 0.78613 -0.23663 0.54759
1403638581.6778295040 5.86269 -12.08266 0.70058 0.16695 0.78181 -0.23651 0.55224
1403638581.7778294086 5.88799 -12.11234 0.72190 0.16877 0.77847 -0.23792 0.55578
1403638581.8778295517 5.91594 -12.13739 0.73512 0.17151 0.77551 -0.23807 0.55901
1403638581.9778294563 5.95437 -12.16174 0.73729 0.17547 0.76788 -0.23683 0.56875
1403638582.0778295994 5.97744 -12.18068 0.74534 0.17446 0.76973 -0.23836 0.56593
1403638582.1778295040 5.99716 -12.19582 0.76058 0.17048 0.77725 -0.24145 0.55544
1403638582.2778294086 6.01684 -12.21238 0.78383 0.17069 0.78033 -0.24151 0.55102
1403638582.3778295517 6.03229 -12.22549 0.82186 0.17298 0.77746 -0.23911 0.55539
1403638582.4778294563 6.04981 -12.23642 0.86332 0.17494 0.77654 -0.23733 0.55682
1403638582.5778295994 6.06644 -12.24333 0.91632 0.17596 0.77646 -0.23605 0.55716
1403638582.6778295040 6.08572 -12.24802 0.97589 0.17550 0.77799 -0.23598 0.55519
1403638582.7778294086 6.10282 -12.24453 1.04446 0.17368 0.78010 -0.23782 0.55201
1403638582.8778295517 6.11536 -12.24186 1.11604 0.17382 0.78207 -0.23819 0.54902
1403638582.9778294563 6.12923 -12.23329 1.18066 0.17282 0.78471 -0.23950 0.54498
1403638583.0778295994 6.14046 -12.22119 1.23688 0.17182 0.78755 -0.24106 0.54049
1403638583.1778295040 6.15465 -12.20752 1.28492 0.17160 0.78951 -0.24160 0.53746
1403638583.2778294086 6.16932 -12.19105 1.32626 0.17031 0.79048 -0.24270 0.53594
1403638583.3778295517 6.20391 -12.17284 1.34792 0.16997 0.78973 -0.24304 0.53699
1403638583.4778294563 6.21724 -12.15220 1.38518 0.17012 0.79098 -0.24302 0.53512
1403638583.5778295994 6.23646 -12.12934 1.42553 0.17023 0.79128 -0.24284 0.53472
1403638583.6778295040 6.25306 -12.10822 1.47406 0.17174 0.79196 -0.24152 0.53383
1403638583.7778294086 6.27178 -12.08519 1.52262 0.17120 0.79197 -0.24153 0.53398
1403638583.8778295517 6.31315 -12.05540 1.53034 0.17094 0.78966 -0.24243 0.53707
1403638583.9778294563 6.33641 -12.02853 1.56385 0.17091 0.78989 -0.24239 0.53676
1403638584.0778295994 6.35975 -11.99986 1.59015 0.17367 0.78663 -0.24028 0.54159
1403638584.1778295040 6.39907 -11.95869 1.59253 0.17831 0.77701 -0.23736 0.55509
1403638584.2778294086 6.43292 -11.91761 1.61876 0.18089 0.76856 -0.23543 0.56671
1403638584.3778295517 6.46385 -11.87101 1.61560 0.18238 0.76527 -0.23433 0.57113
1403638584.4778294563 6.48959 -11.81815 1.60949 0.18328 0.76469 -0.23392 0.57179
1403638584.5778295994 6.49758 -11.76090 1.61499 0.18277 0.76508 -0.23400 0.57140
1403638584.6778295040 6.50265 -11.69147 1.62812 0.18053 0.76698 -0.23525 0.56904
1403638584.7778294086 6.51473 -11.60526 1.63292 0.17718 0.77309 -0.23791 0.56066
1403638584.8778295517 6.51068 -11.51917 1.65419 0.17096 0.78053 -0.24243 0.55025
1403638584.9778294563 6.51635 -11.43258 1.66021 0.16904 0.78343 -0.24473 0.54569
1403638585.0778295994 6.51611 -11.35010 1.66044 0.16885 0.78402 -0.24580 0.54441
1403638585.1778295040 6.51119 -11.26005 1.66853 0.16662 0.78382 -0.24750 0.54461
1403638585.2778294086 6.52277 -11.17694 1.65387 0.16825 0.78194 -0.24653 0.54725
1403638585.3778295517 6.52290 -11.09029 1.65191 0.16907 0.77994 -0.24599 0.55009
1403638585.4778294563 6.51777 -11.01485 1.64060 0.16898 0.78013 -0.24591 0.54988
1403638585.5778295994 6.51610 -10.92611 1.64169 0.16833 0.78183 -0.24604 0.54760
1403638585.6778295040 6.51473 -10.84505 1.64367 0.16815 0.78413 -0.24595 0.54441
1403638585.7778294086 6.51288 -10.75510 1.66230 0.16514 0.78901 -0.24816 0.53722
1403638585.8778295517 6.50961 -10.67961 1.68231 0.16211 0.79271 -0.24993 0.53185
1403638585.9778294563 6.51110 -10.60544 1.71496 0.16014 0.79259 -0.25182 0.53173
1403638586.0778295994 6.52275 -10.52732 1.75120 0.16247 0.78857 -0.25129 0.53723
1403638586.1778295040 6.53546 -10.44845 1.78192 0.16441 0.78589 -0.25088 0.54075
1403638586.2778294086 6.54342 -10.37503 1.80932 0.16677 0.78342 -0.24986 0.54407
1403638586.3778295517 6.55648 -10.29474 1.82971 0.17283 0.78047 -0.24624 0.54805
1403638586.4778294563 6.56246 -10.22476 1.84546 0.18065 0.77904 -0.24134 0.54974
1403638586.5778295994 6.57076 -10.14536 1.85637 0.18275 0.77860 -0.24001 0.55026
1403638586.6778295040 6.58040 -10.05830 1.85642 0.18005 0.77935 -0.24226 0.54910
1403638586.7778294086 6.59214 -9.96486 1.85329 0.17631 0.77906 -0.24488 0.54955
1403638586.8778295517 6.60078 -9.87717 1.84046 0.17426 0.77783 -0.24595 0.55147
1403638586.9778294563 6.60797 -9.78536 1.82827 0.17442 0.77779 -0.24564 0.55161
1403638587.0778295994 6.61763 -9.68778 1.80688 0.17396 0.77744 -0.24634 0.55194
1403638587.1778295040 6.62546 -9.59487 1.79576 0.17345 0.77885 -0.24611 0.55021
1403638587.2778294086 6.63430 -9.50400 1.78297 0.17301 0.78026 -0.24629 0.54828
1403638587.3778295517 6.63517 -9.40559 1.78803 0.17224 0.78196 -0.24670 0.54590
1403638587.4778294563 6.64067 -9.31241 1.78675 0.17054 0.78164 -0.24862 0.54602
1403638587.5778295994 6.64408 -9.21406 1.79125 0.16979 0.78176 -0.24957 0.54565
1403638587.6778295040 6.65304 -9.12686 1.77699 0.16979 0.78100 -0.25007 0.54650
1403638587.7778294086 6.65569 -9.02985 1.76795 0.16979 0.78064 -0.25051 0.54682
1403638587.8778295517 6.66040 -8.93612 1.75479 0.16910 0.78012 -0.25181 0.54718
1403638587.9778294563 6.66660 -8.83547 1.74096 0.16901 0.77994 -0.25232 0.54724
1403638588.0778295994 6.66559 -8.74181 1.72376 0.17001 0.77975 -0.25125 0.54769
1403638588.1778295040 6.66572 -8.64574 1.70143 0.17654 0.78086 -0.24667 0.54611
1403638588.2778294086 6.66411 -8.54461 1.68546 0.17929 0.78213 -0.24400 0.54460
1403638588.3778295517 6.66688 -8.44250 1.67147 0.18012 0.78276 -0.24310 0.54382
1403638588.4778294563 6.66836 -8.33738 1.67139 0.17818 0.78316 -0.24404 0.54347
1403638588.5778295994 6.66893 -8.23070 1.67378 0.17584 0.78252 -0.24554 0.54448
1403638588.6778295040 6.66997 -8.12259 1.68860 0.17342 0.78196 -0.24670 0.54553
1403638588.7778294086 6.66954 -8.01177 1.70523 0.17182 0.78056 -0.24791 0.54749
1403638588.8778295517 6.66729 -7.90677 1.72078 0.16927 0.78007 -0.25021 0.54794
1403638588.9778294563 6.66646 -7.79891 1.72612 0.16957 0.78009 -0.25048 0.54769
1403638589.0778295994 6.66878 -7.69330 1.72582 0.17013 0.78056 -0.25068 0.54676
1403638589.1778295040 6.66938 -7.58562 1.71782 0.17175 0.78057 -0.24983 0.54662
1403638589.2778294086 6.66283 -7.47483 1.70866 0.17144 0.77980 -0.25006 0.54772
1403638589.3778295517 6.65888 -7.36310 1.69580 0.17183 0.77986 -0.24964 0.54770
1403638589.4778294563 6.65208 -7.25181 1.68920 0.17130 0.78086 -0.25015 0.54621
1403638589.5778295994 6.64162 -7.14190 1.68611 0.17062 0.78081 -0.25036 0.54639
1403638589.6778295040 6.64036 -7.03485 1.69040 0.17028 0.78129 -0.25042 0.54579
1403638589.7778294086 6.63172 -6.92344 1.70209 0.17074 0.78285 -0.25065 0.54329
1403638589.8778295517 6.61801 -6.81747 1.71565 0.17062 0.78349 -0.25148 0.54203
1403638589.9778294563 6.60703 -6.70937 1.71987 0.17079 0.78352 -0.25201 0.54168
1403638590.0778295994 6.59100 -6.59913 1.71894 0.17052 0.78334 -0.25294 0.54160
1403638590.1778295040 6.57886 -6.48916 1.71420 0.17120 0.78242 -0.25311 0.54263
1403638590.2778294086 6.56591 -6.38309 1.70639 0.17128 0.78180 -0.25362 0.54326
1403638590.3778295517 6.55068 -6.27278 1.69608 0.17157 0.78233 -0.25397 0.54224
1403638590.4778294563 6.53478 -6.16750 1.68363 0.17175 0.78306 -0.25443 0.54091
1403638590.5778295994 6.52152 -6.06301 1.67026 0.17074 0.78411 -0.25515 0.53937
1403638590.6778295040 6.50748 -5.95404 1.66674 0.16887 0.78587 -0.25609 0.53694
1403638590.7778294086 6.49513 -5.84731 1.67064 0.16832 0.78682 -0.25656 0.53549
1403638590.8778295517 6.48754 -5.75049 1.67679 0.16873 0.78762 -0.25641 0.53427
1403638590.9778294563 6.47638 -5.64800 1.69326 0.16767 0.78828 -0.25719 0.53325
1403638591.0778295994 6.46615 -5.55082 1.70674 0.16632 0.78883 -0.25881 0.53207
1403638591.1778295040 6.45508 -5.45194 1.72207 0.16526 0.79311 -0.25984 0.52551
1403638591.2778294086 6.45271 -5.35752 1.72219 0.16300 0.79859 -0.26225 0.51664
1403638591.3778295517 6.45372 -5.27086 1.71722 0.15989 0.80244 -0.26495 0.51022
1403638591.4778294563 6.46077 -5.18880 1.70569 0.15756 0.80477 -0.26727 0.50605
1403638591.5778295994 6.47104 -5.11677 1.69080 0.15496 0.80725 -0.26963 0.50163
1403638591.6778295040 6.49011 -5.05069 1.67155 0.15411 0.80724 -0.27084 0.50126
1403638591.7778294086 6.51602 -4.98892 1.65225 0.15628 0.80516 -0.27003 0.50436
1403638591.8778295517 6.54987 -4.93985 1.63698 0.15741 0.80286 -0.26928 0.50806
1403638591.9778294563 6.58936 -4.89912 1.63041 0.15826 0.80029 -0.26861 0.51218
1403638592.0778295994 6.63956 -4.86436 1.62788 0.15883 0.79756 -0.26782 0.51666
1403638592.1778295040 6.68720 -4.83717 1.63996 0.15690 0.79477 -0.26612 0.52241
1403638592.2778294086 6.74220 -4.81640 1.66140 0.15195 0.78926 -0.26113 0.53459
1403638592.3778295517 6.79738 -4.79815 1.69229 0.14335 0.78646 -0.25259 0.54510
1403638592.4778294563 6.84451 -4.78810 1.73174 0.13153 0.78884 -0.23905 0.55071
1403638592.5778295994 6.88689 -4.78522 1.77827 0.12344 0.79618 -0.22490 0.54797
1403638592.6778295040 6.92898 -4.78650 1.83126 0.11682 0.80349 -0.21378 0.54319
1403638592.7778294086 6.96628 -4.79197 1.88341 0.11142 0.81050 -0.20627 0.53677
1403638592.8778295517 7.00244 -4.80305 1.92921 0.10703 0.81543 -0.20142 0.53202
1403638592.9778294563 7.04283 -4.81828 1.96896 0.10580 0.81785 -0.19773 0.52994
1403638593.0778295994 7.09136 -4.83435 2.00233 0.10479 0.81848 -0.19646 0.52963
1403638593.1778295040 7.14576 -4.85396 2.03845 0.10487 0.81689 -0.19580 0.53231
1403638593.2778294086 7.20456 -4.87827 2.07831 0.11161 0.81370 -0.19209 0.53716
1403638593.3778295517 7.26377 -4.90453 2.12638 0.12053 0.81049 -0.18709 0.54182
1403638593.4778294563 7.32379 -4.93104 2.17165 0.12859 0.80610 -0.18330 0.54779
1403638593.5778295994 7.38379 -4.95694 2.20992 0.13298 0.80332 -0.18195 0.55127
1403638593.6778295040 7.44274 -4.97854 2.24112 0.13553 0.80225 -0.18138 0.55238
1403638593.7778294086 7.50352 -4.99388 2.26628 0.13681 0.79901 -0.18166 0.55665
1403638593.8778295517 7.56089 -5.00983 2.29182 0.13231 0.78871 -0.18172 0.57219
1403638593.9778294563 7.61540 -5.01634 2.32104 0.12556 0.78537 -0.17850 0.57928
1403638594.0778295994 7.66194 -5.01416 2.35344 0.11750 0.79058 -0.17647 0.57448
1403638594.1778295040 7.70154 -5.01515 2.38959 0.11533 0.79644 -0.17184 0.56820
1403638594.2778294086 7.73611 -5.01200 2.42331 0.11590 0.79856 -0.16707 0.56652
1403638594.3778295517 7.76684 -5.00573 2.45573 0.11832 0.79750 -0.16223 0.56893
1403638594.4778294563 7.79544 -4.99521 2.49281 0.12202 0.79613 -0.15694 0.57155
1403638594.5778295994 7.81952 -4.97965 2.53447 0.11647 0.79604 -0.15897 0.57226
1403638594.6778295040 7.83896 -4.96234 2.58458 0.11091 0.79639 -0.16220 0.57197
1403638594.7778294086 7.85138 -4.94137 2.62878 0.10881 0.79675 -0.16411 0.57133
1403638594.8778295517 7.86361 -4.91932 2.67153 0.10751 0.79682 -0.16584 0.57098
1403638594.9778294563 7.87545 -4.89619 2.70194 0.10845 0.79845 -0.16630 0.56839
1403638595.0778295994 7.88422 -4.87184 2.72727 0.10706 0.79952 -0.16810 0.56662
1403638595.1778295040 7.89005 -4.84714 2.74691 0.10687 0.79994 -0.16925 0.56571
1403638595.2778294086 7.89557 -4.82171 2.76097 0.10742 0.80039 -0.16947 0.56490
1403638595.3778295517 7.90315 -4.79634 2.77795 0.10710 0.80074 -0.17010 0.56428
1403638595.4778294563 7.90364 -4.77162 2.77795 0.10712 0.80106 -0.17023 0.56379
1403638595.5778295994 7.90416 -4.74586 2.77668 0.10718 0.80195 -0.16987 0.56262
1403638595.6778295040 7.90249 -4.72245 2.78152 0.10928 0.80224 -0.16798 0.56236
1403638595.7778294086 7.90001 -4.69705 2.79018 0.11337 0.80327 -0.16482 0.56102
1403638595.8778295517 7.89694 -4.67016 2.79545 0.11453 0.80369 -0.16404 0.56040
1403638595.9778294563 7.89266 -4.64144 2.78670 0.11684 0.80349 -0.16261 0.56063
1403638596.0778295994 7.88965 -4.61190 2.76537 0.12420 0.80445 -0.15763 0.55910
1403638596.1778295040 7.88763 -4.57758 2.74545 0.13519 0.80601 -0.14950 0.55653
1403638596.2778294086 7.88435 -4.53535 2.72972 0.14648 0.80775 -0.14088 0.55339
1403638596.3778295517 7.88464 -4.48281 2.72552 0.15557 0.80804 -0.13332 0.55236
1403638596.4778294563 7.89064 -4.41717 2.73039 0.16114 0.80777 -0.12836 0.55232
1403638596.5778295994 7.89740 -4.34193 2.74491 0.16796 0.80851 -0.12310 0.55040
1403638596.6778295040 7.91049 -4.24609 2.76481 0.17560 0.80862 -0.11720 0.54915
1403638596.7778294086 7.92879 -4.13249 2.79293 0.17974 0.80854 -0.11397 0.54860
1403638596.8778295517 7.94784 -4.00596 2.83034 0.18349 0.80772 -0.11118 0.54915
1403638596.9778294563 7.97788 -3.85786 2.86534 0.18560 0.80614 -0.11054 0.55088
1403638597.0778295994 8.00683 -3.69614 2.89713 0.18875 0.80497 -0.10979 0.55168
1403638597.1778295040 8.03887 -3.52448 2.92255 0.19115 0.80300 -0.10976 0.55372
1403638597.2778294086 8.07199 -3.33997 2.94274 0.18931 0.80004 -0.11342 0.55788
1403638597.3778295517 8.10456 -3.13598 2.95732 0.18537 0.79805 -0.11845 0.56101
1403638597.4778294563 8.14747 -2.91490 2.96940 0.17724 0.79460 -0.12617 0.56681
1403638597.5778295994 8.18745 -2.68244 2.97483 0.16493 0.78958 -0.13667 0.57505
1403638597.6778295040 8.22903 -2.44167 2.97709 0.16089 0.78732 -0.14116 0.57820
1403638597.7778294086 8.27170 -2.18896 2.97496 0.16545 0.78933 -0.13631 0.57533
1403638597.8778295517 8.31506 -1.92312 2.96905 0.17053 0.79228 -0.12505 0.57234
1403638597.9778294563 8.35672 -1.64287 2.96084 0.17255 0.79422 -0.11607 0.57093
1403638598.0778295994 8.40032 -1.34700 2.95696 0.16697 0.79436 -0.11377 0.57286
1403638598.1778295040 8.44470 -1.04180 2.96004 0.14592 0.79573 -0.12340 0.57471
1403638598.2778294086 8.48470 -0.72505 2.96604 0.12938 0.79741 -0.13247 0.57433
1403638598.3778295517 8.51840 -0.41116 2.96973 0.11866 0.79914 -0.13782 0.57298
1403638598.4778294563 8.55026 -0.10009 2.96774 0.11446 0.80150 -0.13975 0.57006
1403638598.5778295994 8.58370 0.21788 2.96024 0.11027 0.80379 -0.13792 0.56811
1403638598.6778295040 8.61958 0.53220 2.94709 0.10670 0.80634 -0.12992 0.56705
1403638598.7778294086 8.64435 0.83211 2.93459 0.09820 0.80877 -0.11940 0.56745
1403638598.8778295517 8.66806 1.13223 2.92705 0.08900 0.81018 -0.10490 0.56981
1403638598.9778294563 8.68765 1.42539 2.92230 0.07856 0.81284 -0.08880 0.57029
1403638599.0778295994 8.70834 1.71969 2.92268 0.06649 0.81440 -0.07223 0.57194
1403638599.1778295040 8.72184 2.01595 2.93027 0.05463 0.81579 -0.05505 0.57313
1403638599.2778294086 8.73029 2.30293 2.94227 0.04351 0.81784 -0.03602 0.57266
1403638599.3778295517 8.74287 2.59400 2.95984 0.03128 0.82110 -0.01897 0.56962
1403638599.4778294563 8.74697 2.89051 2.98288 0.02258 0.82328 -0.00626 0.56715
1403638599.5778295994 8.75941 3.18994 3.00261 0.01788 0.82560 0.00182 0.56397
1403638599.6778295040 8.77591 3.47295 3.01075 0.01360 0.82701 0.00664 0.56198
1403638599.7778294086 8.78936 3.74650 3.00909 0.01181 0.82696 0.00842 0.56207
1403638599.8778295517 8.79284 4.02452 3.00354 0.00977 0.82812 0.00656 0.56042
1403638599.9778294563 8.79818 4.30243 2.99626 0.00586 0.82819 0.00149 0.56042
1403638600.0778295994 8.81013 4.58336 2.98661 -0.00069 0.82930 -0.00616 0.55877
1403638600.1778295040 8.82418 4.85035 2.97103 -0.01320 0.83084 -0.01771 0.55608
1403638600.2778294086 8.84624 5.11553 2.94875 -0.02308 0.83276 -0.02807 0.55244
1403638600.3778295517 8.87065 5.36310 2.92599 -0.03094 0.83404 -0.03654 0.54962
1403638600.4778294563 8.90231 5.60226 2.91166 -0.03694 0.83505 -0.04302 0.54724
1403638600.5778295994 8.93967 5.83216 2.91047 -0.03494 0.83594 -0.04396 0.54594
1403638600.6778295040 8.98249 6.04644 2.91783 -0.03746 0.83753 -0.04727 0.54305
1403638600.7778294086 9.02830 6.24491 2.93218 -0.03719 0.84134 -0.04729 0.53715
1403638600.8778295517 9.08920 6.42432 2.94987 -0.02648 0.84524 -0.03864 0.53233
1403638600.9778294563 9.15385 6.58524 2.96163 -0.00988 0.84744 -0.02514 0.53021
1403638601.0778295994 9.21946 6.73410 2.96674 -0.00073 0.84772 -0.01673 0.53019
1403638601.1778295040 9.29774 6.88542 2.96910 0.00724 0.84640 -0.01029 0.53241
1403638601.2778294086 9.38455 7.03442 2.96869 0.01669 0.84034 -0.00244 0.54180
1403638601.3778295517 9.47495 7.17789 2.96658 0.01383 0.83540 0.00182 0.54946
1403638601.4778294563 9.56941 7.32360 2.96899 0.00048 0.83103 0.00694 0.55618
1403638601.5778295994 9.66188 7.47421 2.97939 -0.01044 0.82634 0.02147 0.56266
1403638601.6778295040 9.76049 7.62831 2.99386 -0.02147 0.82375 0.04164 0.56502
1403638601.7778294086 9.85559 7.77996 3.01462 -0.03414 0.82080 0.06729 0.56621
1403638601.8778295517 9.94857 7.93229 3.04301 -0.04816 0.81590 0.09619 0.56810
1403638601.9778294563 10.03382 8.09010 3.07286 -0.06281 0.81282 0.11951 0.56666
1403638602.0778295994 10.11687 8.25978 3.09689 -0.07363 0.81125 0.13617 0.56384
1403638602.1778295040 10.18618 8.41429 3.11461 -0.07989 0.80648 0.15193 0.56580
1403638602.2778294086 10.25912 8.56919 3.12618 -0.08793 0.79936 0.16962 0.56966
1403638602.3778295517 10.34270 8.72441 3.13865 -0.11112 0.78823 0.18245 0.57711
1403638602.4778294563 10.40778 8.88058 3.16111 -0.14622 0.76596 0.18927 0.59674
1403638602.5778295994 10.46292 9.02222 3.19014 -0.18242 0.74380 0.19466 0.61286
1403638602.6778295040 10.50106 9.15688 3.22367 -0.20325 0.73310 0.20854 0.61462
1403638602.7778294086 10.51434 9.27769 3.26231 -0.21432 0.72839 0.22845 0.60936
1403638602.8778295517 10.50168 9.38638 3.30378 -0.22537 0.72448 0.24812 0.60231
1403638602.9778294563 10.48182 9.47562 3.35005 -0.24567 0.72393 0.26405 0.58809
1403638603.0778295994 10.45108 9.54675 3.39353 -0.26488 0.71841 0.27904 0.57954
1403638603.1778295040 10.41576 9.60469 3.42903 -0.27715 0.71071 0.29355 0.57612
1403638603.2778294086 10.36861 9.65680 3.45423 -0.27511 0.71812 0.31061 0.55869
1403638603.3778295517 10.31706 9.68373 3.47094 -0.26891 0.73085 0.32459 0.53683
1403638603.4778294563 10.26420 9.70810 3.48475 -0.26611 0.73891 0.33187 0.52254
1403638603.5778295994 10.21116 9.72404 3.49820 -0.26806 0.73625 0.33702 0.52202
1403638603.6778295040 10.15441 9.74252 3.50804 -0.27080 0.72789 0.34058 0.52994
1403638603.7778294086 10.10079 9.75516 3.50483 -0.26485 0.71904 0.34728 0.54058
1403638603.8778295517 10.03743 9.76269 3.50232 -0.25853 0.71125 0.35314 0.55007
1403638603.9778294563 9.97115 9.76501 3.49060 -0.25361 0.70435 0.35654 0.55897
1403638604.0778295994 9.89990 9.76331 3.46945 -0.24782 0.70085 0.35958 0.56400
1403638604.1778295040 9.81514 9.75791 3.45624 -0.24679 0.70025 0.36080 0.56442
1403638604.2778294086 9.71498 9.74780 3.44679 -0.25281 0.70442 0.35673 0.55912
1403638604.3778295517 9.60405 9.73017 3.44454 -0.25832 0.71196 0.35358 0.54896
1403638604.4778294563 9.48589 9.70972 3.44739 -0.25630 0.71983 0.35507 0.53860
1403638604.5778295994 9.36438 9.68565 3.45720 -0.25457 0.72445 0.35631 0.53236
1403638604.6778295040 9.23985 9.66287 3.46255 -0.25709 0.72785 0.35456 0.52766
1403638604.7778294086 9.11808 9.63968 3.46295 -0.26069 0.72988 0.35197 0.52482
1403638604.8778295517 8.99411 9.60946 3.46498 -0.26150 0.73307 0.35147 0.52029
1403638604.9778294563 8.87298 9.57937 3.47107 -0.25894 0.73895 0.35360 0.51173
1403638605.0778295994 8.75183 9.55428 3.48474 -0.25610 0.74562 0.35532 0.50221
1403638605.1778295040 8.63841 9.53313 3.50656 -0.25318 0.74973 0.35717 0.49623
1403638605.2778294086 8.53114 9.51477 3.53074 -0.24913 0.75081 0.35992 0.49465
1403638605.3778295517 8.42921 9.49802 3.55017 -0.24280 0.74624 0.36443 0.50137
1403638605.4778294563 8.32923 9.48192 3.56595 -0.23584 0.73628 0.37018 0.51501
1403638605.5778295994 8.22677 9.47397 3.57349 -0.23014 0.72797 0.37438 0.52625
1403638605.6778295040 8.12181 9.47027 3.57607 -0.22556 0.72217 0.37782 0.53371
1403638605.7778294086 8.01231 9.47268 3.58251 -0.22415 0.72121 0.37890 0.53483
1403638605.8778295517 7.89466 9.47722 3.59973 -0.22161 0.72110 0.38080 0.53470
1403638605.9778294563 7.76909 9.49101 3.62166 -0.21741 0.72031 0.38293 0.53596
1403638606.0778295994 7.63672 9.50854 3.64346 -0.21509 0.72037 0.38380 0.53619
1403638606.1778295040 7.49711 9.52982 3.65473 -0.21216 0.71981 0.38546 0.53692
1403638606.2778294086 7.34992 9.56265 3.66174 -0.21036 0.72088 0.38593 0.53585
1403638606.3778295517 7.19962 9.60607 3.65413 -0.21606 0.72914 0.38117 0.52572
1403638606.4778294563 7.04381 9.65709 3.64090 -0.22410 0.73916 0.37468 0.51287
1403638606.5778295994 6.88892 9.71419 3.62104 -0.23117 0.74767 0.36994 0.50069
1403638606.6778295040 6.73719 9.78050 3.59587 -0.23657 0.75092 0.37185 0.49182
1403638606.7778294086 6.59006 9.84988 3.56588 -0.24160 0.75079 0.38076 0.48266
1403638606.8778295517 6.44638 9.92237 3.53619 -0.25034 0.74700 0.39324 0.47400
1403638606.9778294563 6.31198 10.00382 3.51324 -0.26131 0.73961 0.40865 0.46658
1403638607.0778295994 6.18476 10.10126 3.50120 -0.27443 0.73088 0.42295 0.46003
1403638607.1778295040 6.06543 10.20408 3.49640 -0.29052 0.72115 0.42964 0.45929
1403638607.2778294086 5.95893 10.30897 3.49078 -0.30413 0.70758 0.43390 0.46752
1403638607.3778295517 5.85169 10.41513 3.47888 -0.31638 0.69916 0.43392 0.47201
1403638607.4778294563 5.74113 10.52318 3.45818 -0.32170 0.69622 0.43452 0.47221
1403638607.5778295994 5.63939 10.62434 3.43128 -0.32332 0.69522 0.43582 0.47137
1403638607.6778295040 5.54550 10.72305 3.40234 -0.32472 0.69350 0.43593 0.47284
1403638607.7778294086 5.46325 10.82168 3.36907 -0.32315 0.69208 0.43648 0.47547
1403638607.8778295517 5.38069 10.91588 3.33154 -0.32421 0.69440 0.43426 0.47341
1403638607.9778294563 5.30423 11.00580 3.28724 -0.32619 0.69888 0.43060 0.46877
1403638608.0778295994 5.23786 11.09368 3.23903 -0.32684 0.69786 0.42778 0.47241
1403638608.1778295040 5.18199 11.17170 3.18442 -0.32316 0.69469 0.42828 0.47912
1403638608.2778294086 5.12709 11.24792 3.12636 -0.32175 0.69006 0.42764 0.48725
1403638608.3778295517 5.08749 11.31493 3.05997 -0.32221 0.68397 0.42638 0.49656
1403638608.4778294563 5.03157 11.38613 2.99274 -0.32242 0.68374 0.42621 0.49688
1403638608.5778295994 4.98269 11.44635 2.91594 -0.32056 0.68496 0.42685 0.49585
1403638608.6778295040 4.91865 11.50965 2.84728 -0.32586 0.68207 0.42323 0.49947
1403638608.7778294086 4.86767 11.56365 2.78013 -0.32627 0.68238 0.42274 0.49919
1403638608.8778295517 4.80933 11.61107 2.71872 -0.32483 0.68588 0.42377 0.49444
1403638608.9778294563 4.74853 11.65391 2.66655 -0.32379 0.68999 0.42452 0.48874
1403638609.0778295994 4.69750 11.68992 2.62054 -0.32334 0.69272 0.42491 0.48481
1403638609.1778295040 4.64047 11.72306 2.58120 -0.32507 0.69321 0.42321 0.48445
1403638609.2778294086 4.58569 11.75577 2.54276 -0.33281 0.69332 0.41736 0.48411
1403638609.3778295517 4.54565 11.78873 2.49603 -0.33188 0.69350 0.41799 0.48394
1403638609.4778294563 4.49750 11.81146 2.44197 -0.32788 0.69353 0.41980 0.48505
1403638609.5778295994 4.46187 11.82841 2.38052 -0.32459 0.69336 0.42182 0.48576
1403638609.6778295040 4.42297 11.84383 2.31195 -0.32246 0.69255 0.42270 0.48756
1403638609.7778294086 4.39345 11.85444 2.24486 -0.32140 0.69250 0.42349 0.48764
1403638609.8778295517 4.36377 11.86363 2.18346 -0.32195 0.69271 0.42287 0.48752
1403638609.9778294563 4.33146 11.86739 2.13094 -0.32284 0.69224 0.42175 0.48858
1403638610.0778295994 4.29410 11.87291 2.08554 -0.32573 0.69039 0.41816 0.49234
1403638610.1778295040 4.26728 11.87393 2.04523 -0.32674 0.68738 0.41686 0.49696
1403638610.2778294086 4.24200 11.86935 2.00028 -0.32905 0.68606 0.41469 0.49908
1403638610.3778295517 4.20976 11.86008 1.94842 -0.32955 0.68602 0.41333 0.49994
1403638610.4778294563 4.18228 11.84578 1.88915 -0.32931 0.68475 0.41199 0.50292
1403638610.5778295994 4.15767 11.82935 1.83148 -0.33188 0.67972 0.40957 0.50999
1403638610.6778295040 4.13785 11.80187 1.77369 -0.33632 0.67471 0.40647 0.51618
1403638610.7778294086 4.11555 11.76553 1.71634 -0.33418 0.67991 0.40917 0.50855
1403638610.8778295517 4.08495 11.71945 1.66435 -0.33054 0.68626 0.41271 0.49946
1403638610.9778294563 4.05521 11.67142 1.62007 -0.33079 0.68684 0.41265 0.49855
1403638611.0778295994 4.02486 11.62100 1.57410 -0.33339 0.68415 0.41020 0.50252
1403638611.1778295040 3.99953 11.56592 1.52643 -0.33457 0.68327 0.41018 0.50294
1403638611.2778294086 3.97327 11.50560 1.47730 -0.33376 0.68309 0.41085 0.50320
1403638611.3778295517 3.95449 11.43717 1.43273 -0.32742 0.68082 0.41520 0.50684
1403638611.4778294563 3.93115 11.36060 1.39635 -0.31513 0.67682 0.42290 0.51358
1403638611.5778295994 3.90590 11.28298 1.36732 -0.30627 0.67664 0.42806 0.51490
1403638611.6778295040 3.88257 11.19654 1.34445 -0.30500 0.67885 0.42891 0.51203
1403638611.7778294086 3.85845 11.11350 1.32080 -0.31117 0.68434 0.42511 0.50412
1403638611.8778295517 3.82648 11.03143 1.28903 -0.31663 0.68979 0.42084 0.49682
1403638611.9778294563 3.80800 10.94897 1.25870 -0.31992 0.69297 0.41887 0.49193
1403638612.0778295994 3.79035 10.86492 1.22990 -0.31986 0.69484 0.41926 0.48898
1403638612.1778295040 3.76272 10.77930 1.20213 -0.32132 0.69607 0.41781 0.48751
1403638612.2778294086 3.74318 10.69782 1.18748 -0.32178 0.69612 0.41754 0.48737
1403638612.3778295517 3.71835 10.61275 1.17458 -0.31996 0.69573 0.41825 0.48851
1403638612.4778294563 3.69951 10.53022 1.15944 -0.31916 0.69462 0.41753 0.49123
1403638612.5778295994 3.67679 10.44368 1.13750 -0.31623 0.69251 0.41810 0.49561
1403638612.6778295040 3.65594 10.35767 1.10941 -0.31034 0.69073 0.42067 0.49962
1403638612.7778294086 3.64204 10.27312 1.07362 -0.30766 0.68958 0.42082 0.50273
1403638612.8778295517 3.61739 10.18638 1.03890 -0.30784 0.68848 0.41860 0.50597
1403638612.9778294563 3.59719 10.09881 1.00602 -0.30914 0.68892 0.41674 0.50611
1403638613.0778295994 3.56622 10.01171 0.98320 -0.30982 0.69169 0.41554 0.50289
1403638613.1778295040 3.52966 9.92448 0.96724 -0.30926 0.69410 0.41521 0.50018
1403638613.2778294086 3.49288 9.83589 0.95748 -0.30839 0.69444 0.41538 0.50011
1403638613.3778295517 3.45521 9.74650 0.95657 -0.30753 0.69417 0.41583 0.50064
1403638613.4778294563 3.42528 9.65909 0.95529 -0.30816 0.69363 0.41521 0.50152
1403638613.5778295994 3.38765 9.57004 0.94648 -0.30735 0.69481 0.41106 0.50379
1403638613.6778295040 3.34880 9.48299 0.93186 -0.31105 0.69550 0.40441 0.50594
1403638613.7778294086 3.31124 9.39414 0.91116 -0.31478 0.69435 0.39692 0.51112
1403638613.8778295517 3.27530 9.29822 0.88034 -0.31184 0.69644 0.38905 0.51611
1403638613.9778294563 3.23501 9.19891 0.84572 -0.30418 0.70252 0.37904 0.51987
1403638614.0778295994 3.19411 9.09831 0.80875 -0.29234 0.71083 0.36697 0.52401
1403638614.1778295040 3.15048 8.99520 0.77179 -0.27765 0.72136 0.35398 0.52654
1403638614.2778294086 3.10932 8.88584 0.73837 -0.26679 0.73023 0.34077 0.52864
1403638614.3778295517 3.06170 8.77584 0.70978 -0.25824 0.73701 0.33111 0.52962
1403638614.4778294563 3.01601 8.66289 0.68993 -0.25512 0.74170 0.32228 0.53003
1403638614.5778295994 2.97207 8.54655 0.67904 -0.25153 0.74599 0.31402 0.53069
1403638614.6778295040 2.92727 8.43416 0.67596 -0.24869 0.75116 0.30185 0.53179
1403638614.7778294086 2.88394 8.31575 0.68456 -0.24696 0.76078 0.28564 0.52786
1403638614.8778295517 2.84864 8.19640 0.70020 -0.23975 0.77180 0.26851 0.52417
1403638614.9778294563 2.82106 8.07202 0.72191 -0.22725 0.78092 0.24993 0.52541
1403638615.0778295994 2.79856 7.94434 0.74962 -0.20972 0.78834 0.22949 0.53092
1403638615.1778295040 2.78667 7.82011 0.78343 -0.18865 0.79174 0.20809 0.54245
1403638615.2778294086 2.77572 7.69908 0.82315 -0.16376 0.79456 0.18696 0.55399
1403638615.3778295517 2.77061 7.57631 0.85900 -0.14279 0.79855 0.16220 0.56180
1403638615.4778294563 2.76017 7.45707 0.88996 -0.12247 0.80247 0.13569 0.56800
1403638615.5778295994 2.74932 7.33444 0.91185 -0.10536 0.80632 0.11086 0.57136
1403638615.6778295040 2.73422 7.20859 0.92890 -0.09237 0.80863 0.09310 0.57352
1403638615.7778294086 2.71314 7.08754 0.95217 -0.08444 0.80993 0.08053 0.57480
1403638615.8778295517 2.68795 6.96320 0.98309 -0.07921 0.81116 0.06886 0.57533
1403638615.9778294563 2.67334 6.84798 1.01194 -0.07162 0.81316 0.05657 0.57484
1403638616.0778295994 2.64963 6.72698 1.03388 -0.06223 0.81386 0.04417 0.57603
1403638616.1778295040 2.62772 6.60755 1.04240 -0.05219 0.81505 0.02982 0.57626
1403638616.2778294086 2.60866 6.49164 1.03258 -0.04140 0.81600 0.01116 0.57645
1403638616.3778295517 2.58899 6.37305 1.00607 -0.02840 0.81660 -0.00836 0.57644
1403638616.4778294563 2.56936 6.25417 0.97102 -0.01827 0.81704 -0.02640 0.57569
1403638616.5778295994 2.54978 6.13291 0.93324 -0.00941 0.81868 -0.03875 0.57287
1403638616.6778295040 2.53094 6.01181 0.89253 -0.00401 0.82329 -0.04825 0.56555
1403638616.7778294086 2.51194 5.89177 0.84795 -0.00723 0.83163 -0.05863 0.55218
1403638616.8778295517 2.49679 5.77040 0.80350 -0.01134 0.83725 -0.06556 0.54276
1403638616.9778294563 2.48923 5.64977 0.76843 -0.00599 0.83555 -0.06330 0.54573
1403638617.0778295994 2.48235 5.52337 0.74434 -0.00059 0.83189 -0.05825 0.55188
1403638617.1778295040 2.48160 5.39330 0.73016 0.00534 0.82927 -0.05125 0.55647
1403638617.2778294086 2.48850 5.26499 0.72104 0.00739 0.83180 -0.04658 0.55306
1403638617.3778295517 2.49931 5.13767 0.71698 0.00732 0.83582 -0.04383 0.54720
1403638617.4778294563 2.51632 5.01078 0.72029 0.00709 0.83852 -0.04042 0.54333
1403638617.5778295994 2.53929 4.88472 0.73060 0.00694 0.83919 -0.03727 0.54251
1403638617.6778295040 2.57114 4.76009 0.74886 0.00778 0.83782 -0.03285 0.54491
1403638617.7778294086 2.60713 4.64225 0.77704 0.00792 0.83627 -0.03008 0.54744
1403638617.8778295517 2.64988 4.52850 0.81050 0.00867 0.83625 -0.02647 0.54764
1403638617.9778294563 2.69875 4.42015 0.84820 0.00645 0.83523 -0.02577 0.54926
1403638618.0778295994 2.75102 4.31134 0.88142 0.00552 0.83493 -0.02433 0.54979
1403638618.1778295040 2.80666 4.20700 0.90847 0.00299 0.83506 -0.02426 0.54962
1403638618.2778294086 2.86675 4.10436 0.92888 0.00336 0.83511 -0.02262 0.54960
1403638618.3778295517 2.93166 4.00459 0.94692 0.00298 0.83454 -0.02158 0.55052
1403638618.4778294563 2.99998 3.90729 0.95997 0.00262 0.83454 -0.02024 0.55057
1403638618.5778295994 3.07225 3.81356 0.97522 0.00372 0.83385 -0.01941 0.55164
1403638618.6778295040 3.14942 3.72052 0.98476 0.00732 0.83372 -0.02227 0.55169
1403638618.7778294086 3.22713 3.63211 1.00169 0.00978 0.83311 -0.02527 0.55245
1403638618.8778295517 3.30766 3.54669 1.02462 0.01279 0.83143 -0.02876 0.55474
1403638618.9778294563 3.39276 3.46826 1.04882 0.01917 0.82755 -0.03766 0.55979
1403638619.0778295994 3.47469 3.38983 1.06507 0.03117 0.82400 -0.05136 0.56340
1403638619.1778295040 3.56047 3.31380 1.07389 0.04492 0.82067 -0.07018 0.56529
1403638619.2778294086 3.64270 3.23758 1.07372 0.05856 0.81684 -0.09434 0.56607
1403638619.3778295517 3.72737 3.17264 1.06489 0.07506 0.81254 -0.11890 0.56569
1403638619.4778294563 3.80959 3.10609 1.05125 0.08589 0.80837 -0.13982 0.56534
1403638619.5778295994 3.89114 3.04400 1.03640 0.09248 0.80478 -0.15577 0.56525
1403638619.6778295040 3.96961 2.98413 1.01890 0.08878 0.80134 -0.17221 0.56597
1403638619.7778294086 4.04651 2.92323 0.99958 0.08513 0.79888 -0.18382 0.56635
1403638619.8778295517 4.11690 2.85876 0.97998 0.08486 0.79691 -0.19019 0.56706
1403638619.9778294563 4.18301 2.79611 0.95512 0.08612 0.79599 -0.19380 0.56694
1403638620.0778295994 4.24935 2.72973 0.93637 0.08839 0.79372 -0.19549 0.56920
1403638620.1778295040 4.30337 2.66336 0.91882 0.09308 0.79069 -0.19429 0.57306
1403638620.2778294086 4.35598 2.58266 0.91401 0.09543 0.79166 -0.19292 0.57179
1403638620.3778295517 4.40205 2.50957 0.91392 0.09808 0.79320 -0.19066 0.56997
1403638620.4778294563 4.44857 2.43403 0.92478 0.09901 0.79471 -0.18858 0.56839
1403638620.5778295994 4.48495 2.36370 0.92911 0.09880 0.79604 -0.18696 0.56710
1403638620.6778295040 4.51996 2.28950 0.92930 0.09585 0.79868 -0.18670 0.56397
1403638620.7778294086 4.55745 2.21155 0.92806 0.09236 0.80239 -0.18691 0.55919
1403638620.8778295517 4.58828 2.13533 0.91702 0.09572 0.80557 -0.18241 0.55554
1403638620.9778294563 4.61643 2.05777 0.90350 0.10025 0.80624 -0.17652 0.55567
1403638621.0778295994 4.64582 1.97474 0.88946 0.10371 0.80481 -0.17130 0.55873
1403638621.1778295040 4.67360 1.89983 0.87985 0.10256 0.80364 -0.16951 0.56117
1403638621.2778294086 4.70356 1.82522 0.87825 0.10297 0.80269 -0.16661 0.56331
1403638621.3778295517 4.72942 1.75289 0.88076 0.10471 0.80372 -0.16361 0.56241
1403638621.4778294563 4.75583 1.68312 0.87839 0.10525 0.80200 -0.16183 0.56527
1403638621.5778295994 4.77903 1.61748 0.87000 0.10537 0.79992 -0.15973 0.56878
1403638621.6778295040 4.79856 1.55422 0.85623 0.10509 0.79901 -0.15860 0.57042
1403638621.7778294086 4.81599 1.49310 0.83883 0.10606 0.79754 -0.15722 0.57268
1403638621.8778295517 4.83092 1.43814 0.81916 0.10787 0.79419 -0.15551 0.57744
1403638621.9778294563 4.84093 1.38622 0.79519 0.10818 0.79171 -0.15485 0.58096
1403638622.0778295994 4.84296 1.33775 0.76860 0.10653 0.79133 -0.15585 0.58151
1403638622.1778295040 4.84187 1.29379 0.73910 0.10335 0.79234 -0.15777 0.58020
1403638622.2778294086 4.83702 1.25323 0.71334 0.10050 0.79170 -0.16014 0.58091
1403638622.3778295517 4.82604 1.21401 0.69454 0.10097 0.79264 -0.16055 0.57944
1403638622.4778294563 4.81012 1.17627 0.68541 0.10439 0.79350 -0.15896 0.57809
1403638622.5778295994 4.79002 1.14246 0.68129 0.10759 0.79328 -0.15751 0.57820
1403638622.6778295040 4.76173 1.10895 0.68437 0.11126 0.78921 -0.15590 0.58349
1403638622.7778294086 4.73334 1.09065 0.70167 0.11434 0.77831 -0.15477 0.59767
1403638622.8778295517 4.69524 1.07663 0.72457 0.11630 0.77373 -0.15465 0.60324
1403638622.9778294563 4.64878 1.06692 0.74584 0.11463 0.77757 -0.15705 0.59798
1403638623.0778295994 4.59004 1.05351 0.75689 0.11054 0.78398 -0.16037 0.58944
1403638623.1778295040 4.52639 1.04954 0.76269 0.10538 0.78776 -0.16406 0.58431
1403638623.2778294086 4.45697 1.04678 0.76330 0.10214 0.79100 -0.16637 0.57983
1403638623.3778295517 4.38447 1.04799 0.76134 0.09979 0.79356 -0.16803 0.57625
1403638623.4778294563 4.30732 1.04801 0.75363 0.10025 0.79516 -0.16777 0.57405
1403638623.5778295994 4.22957 1.05190 0.75119 0.10158 0.79541 -0.16707 0.57366
1403638623.6778295040 4.14863 1.05210 0.75330 0.10294 0.79583 -0.16660 0.57297
1403638623.7778294086 4.06555 1.05731 0.76446 0.10508 0.79693 -0.16622 0.57116
1403638623.8778295517 3.97991 1.06350 0.78041 0.10645 0.79796 -0.16620 0.56948
1403638623.9778294563 3.89338 1.07007 0.79267 0.10798 0.79889 -0.16664 0.56775
1403638624.0778295994 3.80576 1.07902 0.80165 0.10633 0.79903 -0.16937 0.56706
1403638624.1778295040 3.72023 1.09006 0.80565 0.10402 0.79884 -0.17161 0.56708
1403638624.2778294086 3.63234 1.10236 0.80481 0.10202 0.79841 -0.17432 0.56722
1403638624.3778295517 3.54335 1.11146 0.80060 0.10154 0.79793 -0.17600 0.56747
1403638624.4778294563 3.45336 1.12310 0.79507 0.10287 0.79782 -0.17622 0.56732
1403638624.5778295994 3.36185 1.13324 0.78278 0.09862 0.78960 -0.18101 0.57797
1403638624.6778295040 3.26757 1.14159 0.76941 0.10038 0.78547 -0.17869 0.58398
1403638624.7778294086 3.16838 1.15513 0.76166 0.10531 0.79155 -0.16870 0.57784
1403638624.8778295517 3.06792 1.16899 0.75870 0.10678 0.79751 -0.16057 0.57165
1403638624.9778294563 2.96547 1.18185 0.76400 0.09961 0.80059 -0.15855 0.56920
1403638625.0778295994 2.86350 1.19525 0.77153 0.09206 0.80149 -0.15775 0.56944
1403638625.1778295040 2.75938 1.20768 0.77299 0.08574 0.80235 -0.15790 0.56917
1403638625.2778294086 2.65725 1.22037 0.77284 0.08380 0.80313 -0.15650 0.56874
1403638625.3778295517 2.55158 1.23212 0.76954 0.08270 0.80333 -0.15557 0.56888
1403638625.4778294563 2.44715 1.24381 0.77458 0.08176 0.80284 -0.15531 0.56978
1403638625.5778295994 2.34018 1.24983 0.78295 0.08231 0.80335 -0.15453 0.56919
1403638625.6778295040 2.23290 1.25447 0.79848 0.08243 0.80501 -0.15433 0.56687
1403638625.7778294086 2.12344 1.26354 0.81821 0.08112 0.80950 -0.15547 0.56032
1403638625.8778295517 2.01667 1.26836 0.83082 0.08130 0.81211 -0.15599 0.55636
1403638625.9778294563 1.91076 1.27075 0.83907 0.08237 0.81258 -0.15602 0.55550
1403638626.0778295994 1.80869 1.27089 0.84193 0.08082 0.81383 -0.15779 0.55339
1403638626.1778295040 1.70948 1.27167 0.83908 0.08114 0.81417 -0.15829 0.55271
1403638626.2778294086 1.61522 1.26832 0.83372 0.08415 0.81284 -0.15683 0.55462
1403638626.3778295517 1.52378 1.26903 0.82460 0.09206 0.81111 -0.15155 0.55736
1403638626.4778294563 1.43598 1.26723 0.81319 0.09463 0.80999 -0.14941 0.55913
1403638626.5778295994 1.35258 1.26504 0.79728 0.09526 0.81225 -0.14850 0.55598
1403638626.6778295040 1.26877 1.26263 0.78413 0.09402 0.81420 -0.14885 0.55325
1403638626.7778294086 1.18658 1.26110 0.77486 0.09130 0.81805 -0.15036 0.54758
1403638626.8778295517 1.11299 1.26248 0.77222 0.09089 0.82071 -0.15019 0.54371
1403638626.9778294563 1.04500 1.26323 0.77686 0.09027 0.82166 -0.15035 0.54233
1403638627.0778295994 0.97956 1.26174 0.78062 0.08960 0.82180 -0.14997 0.54233
1403638627.1778295040 0.92096 1.25667 0.77686 0.08894 0.82170 -0.14977 0.54265
1403638627.2778294086 0.86595 1.25162 0.77363 0.09014 0.82183 -0.14833 0.54264
1403638627.3778295517 0.81600 1.24690 0.76654 0.09204 0.82126 -0.14638 0.54372
1403638627.4778294563 0.77066 1.24475 0.75577 0.09228 0.82162 -0.14600 0.54324
1403638627.5778295994 0.73073 1.24000 0.74388 0.09336 0.82056 -0.14553 0.54478
1403638627.6778295040 0.69904 1.23788 0.72314 0.09543 0.81739 -0.14471 0.54939
1403638627.7778294086 0.66822 1.23789 0.70890 0.09722 0.81558 -0.14380 0.55200
1403638627.8778295517 0.63946 1.24005 0.69261 0.09817 0.81492 -0.14375 0.55282
1403638627.9778294563 0.60811 1.24144 0.67946 0.09844 0.81689 -0.14393 0.54980
1403638628.0778295994 0.58573 1.23690 0.65978 0.09899 0.81778 -0.14407 0.54834
1403638628.1778295040 0.56325 1.23554 0.64938 0.09976 0.81851 -0.14441 0.54703
1403638628.2778294086 0.55136 1.24322 0.63675 0.09986 0.81870 -0.14510 0.54654
1403638628.3778295517 0.54031 1.24994 0.62212 0.09855 0.81891 -0.14647 0.54609
1403638628.4778294563 0.53516 1.26307 0.61874 0.09293 0.81617 -0.15131 0.54985
1403638628.5778295994 0.53480 1.27731 0.61702 0.08534 0.80898 -0.15720 0.55996
1403638628.6778295040 0.53161 1.28375 0.61629 0.07986 0.80492 -0.16111 0.56548
1403638628.7778294086 0.51979 1.28482 0.60910 0.08163 0.80594 -0.16006 0.56407
1403638628.8778295517 0.51121 1.28772 0.60197 0.08601 0.80662 -0.15718 0.56326
1403638628.9778294563 0.50238 1.29006 0.59157 0.09089 0.80734 -0.15412 0.56230
1403638629.0778295994 0.49238 1.29255 0.58273 0.09555 0.80852 -0.15062 0.56078
1403638629.1778295040 0.48292 1.29621 0.57295 0.09765 0.80964 -0.14852 0.55937
1403638629.2778294086 0.47355 1.30000 0.57062 0.09826 0.81010 -0.14772 0.55880
1403638629.3778295517 0.46296 1.30620 0.56401 0.09911 0.81300 -0.14750 0.55448
1403638629.4778294563 0.45612 1.31436 0.56230 0.09782 0.81741 -0.14920 0.54773
1403638629.5778295994 0.45254 1.32400 0.55933 0.09434 0.82024 -0.15206 0.54331
1403638629.6778295040 0.45594 1.33310 0.56031 0.08347 0.81796 -0.16055 0.54608
1403638629.7778294086 0.46214 1.33900 0.56326 0.07682 0.81233 -0.16587 0.55380
1403638629.8778295517 0.47064 1.34209 0.56234 0.07527 0.80598 -0.16764 0.56270
1403638629.9778294563 0.47824 1.33748 0.55432 0.08600 0.80046 -0.16102 0.57091
1403638630.0778295994 0.48140 1.33390 0.53595 0.09544 0.79719 -0.15449 0.57577
1403638630.1778295040 0.48144 1.33078 0.50744 0.09942 0.79997 -0.15125 0.57209
1403638630.2778294086 0.47918 1.32965 0.47246 0.10028 0.80450 -0.15049 0.56575
1403638630.3778295517 0.48159 1.32833 0.44641 0.09719 0.82334 -0.15014 0.53863
1403638630.4778294563 0.51057 1.32259 0.45613 0.09695 0.80578 -0.14914 0.56486
1403638630.5778295994 0.52728 1.32231 0.45632 0.09639 0.80490 -0.15055 0.56585
1403638630.6778295040 0.54222 1.32498 0.43342 0.09505 0.82456 -0.14715 0.53797
1403638630.7778294086 0.53839 1.32253 0.43743 0.09508 0.82980 -0.14266 0.53108
1403638630.8778295517 0.53580 1.32120 0.43671 0.08950 0.82841 -0.14423 0.53379
1403638630.9778294563 0.53594 1.32134 0.43688 0.08987 0.82836 -0.14470 0.53367
1403638631.0778295994 0.53584 1.32123 0.43676 0.09041 0.82834 -0.14430 0.53372
1403638631.1778295040 0.53593 1.32114 0.43671 0.09041 0.82834 -0.14441 0.53368
1403638631.2778294086 0.53585 1.32122 0.43670 0.09043 0.82841 -0.14429 0.53362
1403638631.3778295517 0.53584 1.32126 0.43670 0.09028 0.82852 -0.14438 0.53343
1403638631.4778294563 0.53593 1.32130 0.43674 0.09018 0.82847 -0.14451 0.53350
1403638631.5778295994 0.53590 1.32134 0.43668 0.09003 0.82842 -0.14459 0.53359
1403638631.6778295040 0.53602 1.32132 0.43671 0.08988 0.82840 -0.14482 0.53357
