1403638523.0778295994 0.03188 0.00688 0.36111 -0.06502 0.80519 0.00952 0.58937
1403638523.1778295040 0.02756 0.00111 0.38338 -0.06742 0.80293 0.01222 0.59212
1403638523.2778294086 0.02886 -0.00491 0.37722 -0.05895 0.80231 0.01239 0.59387
1403638523.3778295517 0.03166 -0.00836 0.34898 -0.05555 0.80190 0.01235 0.59474
1403638523.4778294563 0.03370 -0.02044 0.31000 -0.05286 0.80739 0.01593 0.58743
1403638523.5778295994 0.03304 -0.02193 0.26387 -0.04602 0.81766 0.02008 0.57351
1403638523.6778295040 0.02856 -0.02606 0.21700 -0.03936 0.82875 0.02291 0.55776
1403638523.7778294086 0.02352 -0.03135 0.16977 -0.03636 0.83378 0.02625 0.55028
1403638523.8778295517 0.01390 -0.03835 0.12800 -0.03546 0.83396 0.03105 0.54981
1403638523.9778294563 -0.00080 -0.04925 0.09708 -0.02734 0.83296 0.03805 0.55134
1403638524.0778295994 -0.00070 -0.04821 0.08388 -0.01893 0.83556 0.04559 0.54718
1403638524.1778295040 -0.00255 -0.04896 0.10113 -0.02023 0.84004 0.05077 0.53976
1403638524.2778294086 -0.00140 -0.04955 0.14324 -0.02687 0.84093 0.05231 0.53793
1403638524.3778295517 0.00143 -0.05079 0.19789 -0.03625 0.83816 0.05038 0.54189
1403638524.4778294563 0.00761 -0.05144 0.25840 -0.04340 0.83173 0.04855 0.55135
1403638524.5778295994 0.01710 -0.04989 0.31846 -0.04596 0.82315 0.04708 0.56400
1403638524.6778295040 0.02534 -0.05262 0.37251 -0.04384 0.81653 0.04296 0.57404
1403638524.7778294086 0.02875 -0.04780 0.41346 -0.03055 0.81255 0.03776 0.58086
1403638524.8778295517 0.03141 -0.04491 0.43968 -0.02616 0.81080 0.03500 0.58369
1403638524.9778294563 0.03604 -0.03956 0.44944 -0.03159 0.80938 0.03684 0.58528
1403638525.0778295994 0.03821 -0.03641 0.43739 -0.02915 0.80683 0.04019 0.58869
1403638525.1778295040 0.03973 -0.03519 0.40394 -0.02717 0.80541 0.04480 0.59040
1403638525.2778294086 0.03988 -0.03664 0.35777 -0.02788 0.80804 0.05012 0.58633
1403638525.3778295517 0.03964 -0.03903 0.30396 -0.03068 0.81700 0.05502 0.57318
1403638525.4778294563 0.03750 -0.03732 0.25050 -0.03901 0.82917 0.05660 0.55475
1403638525.5778295994 0.03391 -0.04050 0.20317 -0.04509 0.83843 0.05593 0.54025
1403638525.6778295040 0.03030 -0.04200 0.16356 -0.04544 0.84155 0.05265 0.53569
1403638525.7778294086 0.02800 -0.04098 0.13336 -0.04235 0.84004 0.04684 0.53883
1403638525.8778295517 0.02782 -0.04267 0.11323 -0.03512 0.83671 0.04250 0.54487
1403638525.9778294563 0.02397 -0.05176 0.10147 -0.02650 0.83530 0.04115 0.54760
1403638526.0778295994 0.02014 -0.07076 0.10196 -0.02295 0.83677 0.03959 0.54563
1403638526.1778295040 0.01665 -0.09886 0.11009 -0.02204 0.83938 0.03108 0.54221
1403638526.2778294086 0.01229 -0.13490 0.12474 -0.01943 0.83842 0.02295 0.54419
1403638526.3778295517 0.00538 -0.17599 0.13971 -0.01578 0.83423 0.01328 0.55104
1403638526.4778294563 -0.00473 -0.22134 0.15272 -0.01388 0.82924 0.00193 0.55872
1403638526.5778295994 -0.01563 -0.27338 0.16188 -0.01347 0.82377 -0.00867 0.56670
1403638526.6778295040 -0.02834 -0.33391 0.16893 -0.00906 0.81879 -0.01701 0.57377
1403638526.7778294086 -0.04385 -0.40018 0.17416 -0.00001 0.81594 -0.02255 0.57770
1403638526.8778295517 -0.06144 -0.46502 0.17787 0.00896 0.81530 -0.02641 0.57836
1403638526.9778294563 -0.07711 -0.52634 0.18094 0.01361 0.81844 -0.03293 0.57349
1403638527.0778295994 -0.09117 -0.58576 0.18439 0.02139 0.82300 -0.04611 0.56576
1403638527.1778295040 -0.10265 -0.63646 0.18988 0.02990 0.82466 -0.06183 0.56145
1403638527.2778294086 -0.11125 -0.67403 0.19678 0.04280 0.82161 -0.07631 0.56330
1403638527.3778295517 -0.11201 -0.69473 0.20321 0.05919 0.81671 -0.08544 0.56762
1403638527.4778294563 -0.10766 -0.69733 0.20712 0.06984 0.81318 -0.08987 0.57077
1403638527.5778295994 -0.09388 -0.67793 0.20753 0.07289 0.81257 -0.09105 0.57107
1403638527.6778295040 -0.07690 -0.64010 0.20515 0.07040 0.81303 -0.08707 0.57135
1403638527.7778294086 -0.05399 -0.58954 0.20275 0.06406 0.81443 -0.07929 0.57123
1403638527.8778295517 -0.03109 -0.52813 0.20206 0.04914 0.81742 -0.07378 0.56918
1403638527.9778294563 -0.00915 -0.46902 0.20222 0.03694 0.81809 -0.06735 0.56993
1403638528.0778295994 0.00966 -0.41186 0.20183 0.02924 0.81665 -0.05928 0.57333
1403638528.1778295040 0.02494 -0.35918 0.19931 0.01961 0.81682 -0.05041 0.57435
1403638528.2778294086 0.04891 -0.30794 0.19364 0.00781 0.81805 -0.04029 0.57368
1403638528.3778295517 0.08265 -0.26507 0.18643 0.00124 0.81765 -0.03280 0.57479
1403638528.4778294563 0.12216 -0.23433 0.18027 0.00247 0.81686 -0.02925 0.57608
1403638528.5778295994 0.15720 -0.21452 0.17795 0.00303 0.81867 -0.03304 0.57330
1403638528.6778295040 0.19637 -0.19949 0.17663 0.00231 0.81980 -0.04098 0.57118
1403638528.7778294086 0.22710 -0.18717 0.17958 0.00782 0.81886 -0.04634 0.57206
1403638528.8778295517 0.24289 -0.18275 0.18598 0.00423 0.81769 -0.05407 0.57309
1403638528.9778294563 0.24144 -0.17560 0.19790 -0.00281 0.81727 -0.06072 0.57304
1403638529.0778295994 0.21986 -0.17135 0.21407 -0.00153 0.81807 -0.06211 0.57176
1403638529.1778295040 0.18632 -0.15679 0.22416 0.01538 0.81902 -0.05520 0.57090
1403638529.2778294086 0.14974 -0.13278 0.22280 0.02731 0.82088 -0.04943 0.56830
1403638529.3778295517 0.10970 -0.10719 0.21038 0.03045 0.82607 -0.04425 0.56099
1403638529.4778294563 0.07929 -0.08503 0.18819 0.02911 0.83608 -0.04199 0.54623
1403638529.5778295994 0.05390 -0.07420 0.16191 0.02677 0.84626 -0.03895 0.53066
1403638529.6778295040 0.03918 -0.06254 0.13617 0.02869 0.85028 -0.03643 0.52428
1403638529.7778294086 0.02763 -0.05534 0.11413 0.02836 0.84676 -0.03581 0.53001
1403638529.8778295517 0.02268 -0.04977 0.09489 0.02752 0.84028 -0.03707 0.54018
1403638529.9778294563 0.02384 -0.04576 0.08001 0.02756 0.83764 -0.03758 0.54423
1403638530.0778295994 0.03243 -0.04447 0.06824 0.02849 0.83883 -0.03839 0.54229
1403638530.1778295040 0.04577 -0.04787 0.05886 0.02976 0.84044 -0.04307 0.53936
1403638530.2778294086 0.06050 -0.04986 0.04920 0.03187 0.83998 -0.04887 0.53948
1403638530.3778295517 0.07343 -0.05327 0.03949 0.03471 0.83930 -0.05427 0.53984
1403638530.4778294563 0.08489 -0.05706 0.03185 0.03532 0.83894 -0.05837 0.53993
1403638530.5778295994 0.09214 -0.06127 0.02665 0.03513 0.83873 -0.06187 0.53987
1403638530.6778295040 0.09668 -0.06468 0.02089 0.03591 0.84180 -0.06426 0.53475
1403638530.7778294086 0.09991 -0.06689 0.01518 0.03604 0.84513 -0.06620 0.52921
1403638530.8778295517 0.10305 -0.06824 0.00948 0.03403 0.84567 -0.06559 0.52856
1403638530.9778294563 0.10368 -0.06837 0.00703 0.03303 0.84382 -0.06555 0.53159
1403638531.0778295994 0.10391 -0.06797 0.00502 0.03368 0.84047 -0.06405 0.53701
1403638531.1778295040 0.10371 -0.06609 0.00589 0.03458 0.83844 -0.06178 0.54037
1403638531.2778294086 0.10408 -0.06496 0.00447 0.03716 0.83726 -0.06028 0.54220
1403638531.3778295517 0.10398 -0.06411 0.00412 0.03687 0.83593 -0.06050 0.54424
1403638531.4778294563 0.10377 -0.06440 0.00431 0.03680 0.83493 -0.06061 0.54577
1403638531.5778295994 0.10364 -0.06446 0.00415 0.03741 0.83531 -0.05943 0.54528
1403638531.6778295040 0.10360 -0.06423 0.00408 0.03669 0.83542 -0.05991 0.54510
1403638531.7778294086 0.10363 -0.06428 0.00414 0.03689 0.83536 -0.05981 0.54519
1403638531.8778295517 0.10359 -0.06429 0.00411 0.03696 0.83540 -0.05971 0.54514
1403638531.9778294563 0.10359 -0.06434 0.00413 0.03712 0.83542 -0.05961 0.54511
1403638532.0778295994 0.10358 -0.06436 0.00409 0.03715 0.83542 -0.05948 0.54511
1403638532.1778295040 0.10359 -0.06434 0.00409 0.03707 0.83543 -0.05953 0.54511
1403638532.2778294086 0.10359 -0.06430 0.00411 0.03697 0.83542 -0.05966 0.54511
1403638532.3778295517 0.10358 -0.06427 0.00411 0.03689 0.83544 -0.05970 0.54509
1403638532.4778294563 0.10358 -0.06427 0.00413 0.03687 0.83543 -0.05973 0.54509
1403638532.5778295994 0.10357 -0.06426 0.00411 0.03684 0.83545 -0.05972 0.54507
1403638532.6778295040 0.10359 -0.06427 0.00413 0.03688 0.83543 -0.05969 0.54510
1403638532.7778294086 0.10357 -0.06428 0.00411 0.03692 0.83546 -0.05962 0.54506
1403638532.8778295517 0.10356 -0.06428 0.00412 0.03695 0.83546 -0.05962 0.54506
1403638532.9778294563 0.10357 -0.06428 0.00413 0.03694 0.83545 -0.05962 0.54507
1403638533.0778295994 0.10355 -0.06427 0.00412 0.03693 0.83547 -0.05962 0.54505
1403638533.1778295040 0.10355 -0.06427 0.00414 0.03691 0.83546 -0.05964 0.54506
1403638533.2778294086 0.10354 -0.06426 0.00414 0.03691 0.83548 -0.05964 0.54503
1403638533.3778295517 0.10353 -0.06427 0.00414 0.03691 0.83547 -0.05963 0.54504
1403638533.4778294563 0.10353 -0.06427 0.00416 0.03695 0.83548 -0.05961 0.54503
1403638533.5778295994 0.10351 -0.06425 0.00415 0.03688 0.83549 -0.05962 0.54502
1403638533.6778295040 0.10352 -0.06424 0.00415 0.03684 0.83548 -0.05964 0.54503
1403638533.7778294086 0.10352 -0.06424 0.00415 0.03682 0.83548 -0.05963 0.54503
1403638533.8778295517 0.10350 -0.06418 0.00415 0.03664 0.83550 -0.05944 0.54503
1403638533.9778294563 0.10352 -0.06421 0.00415 0.03677 0.83544 -0.05957 0.54510
1403638534.0778295994 0.10345 -0.06427 0.00416 0.03696 0.83544 -0.05992 0.54505
1403638534.1778295040 0.10348 -0.06422 0.00418 0.03682 0.83546 -0.05975 0.54504
1403638534.2778294086 0.10348 -0.06417 0.00417 0.03656 0.83552 -0.05963 0.54499
1403638534.3778295517 0.10352 -0.06416 0.00417 0.03653 0.83548 -0.05964 0.54505
1403638534.4778294563 0.10351 -0.06419 0.00413 0.03673 0.83542 -0.05990 0.54510
1403638534.5778295994 0.10357 -0.06416 0.00410 0.03660 0.83543 -0.05956 0.54513
1403638534.6778295040 0.10360 -0.06409 0.00409 0.03644 0.83544 -0.05941 0.54514
1403638534.7778294086 0.10358 -0.06411 0.00410 0.03659 0.83543 -0.05932 0.54516
1403638534.8778295517 0.10359 -0.06418 0.00410 0.03681 0.83539 -0.05942 0.54520
1403638534.9778294563 0.10358 -0.06421 0.00411 0.03691 0.83540 -0.05945 0.54517
1403638535.0778295994 0.10357 -0.06419 0.00409 0.03686 0.83541 -0.05945 0.54516
1403638535.1778295040 0.10358 -0.06418 0.00410 0.03682 0.83540 -0.05947 0.54517
1403638535.2778294086 0.10357 -0.06416 0.00410 0.03678 0.83542 -0.05946 0.54515
1403638535.3778295517 0.10355 -0.06415 0.00411 0.03676 0.83544 -0.05945 0.54512
1403638535.4778294563 0.10354 -0.06416 0.00411 0.03681 0.83546 -0.05945 0.54509
1403638535.5778295994 0.10354 -0.06415 0.00411 0.03676 0.83546 -0.05941 0.54510
1403638535.6778295040 0.10354 -0.06414 0.00411 0.03672 0.83546 -0.05941 0.54510
1403638535.7778294086 0.10353 -0.06415 0.00412 0.03676 0.83547 -0.05941 0.54508
1403638535.8778295517 0.10353 -0.06413 0.00412 0.03669 0.83547 -0.05935 0.54508
1403638535.9778294563 0.10352 -0.06412 0.00412 0.03664 0.83549 -0.05929 0.54507
1403638536.0778295994 0.10353 -0.06412 0.00412 0.03663 0.83546 -0.05933 0.54511
1403638536.1778295040 0.10351 -0.06413 0.00413 0.03663 0.83548 -0.05936 0.54508
1403638536.2778294086 0.10350 -0.06412 0.00413 0.03667 0.83553 -0.05933 0.54500
1403638536.3778295517 0.10348 -0.06412 0.00414 0.03667 0.83555 -0.05933 0.54497
1403638536.4778294563 0.10347 -0.06411 0.00414 0.03664 0.83557 -0.05931 0.54495
1403638536.5778295994 0.10345 -0.06409 0.00414 0.03658 0.83559 -0.05927 0.54492
1403638536.6778295040 0.10345 -0.06409 0.00414 0.03656 0.83561 -0.05922 0.54490
1403638536.7778294086 0.10345 -0.06409 0.00414 0.03656 0.83559 -0.05924 0.54492
1403638536.8778295517 0.10344 -0.06408 0.00414 0.03649 0.83562 -0.05929 0.54488
1403638536.9778294563 0.10343 -0.06407 0.00414 0.03642 0.83562 -0.05930 0.54488
1403638537.0778295994 0.10346 -0.06405 0.00415 0.03635 0.83558 -0.05925 0.54496
1403638537.1778295040 0.10347 -0.06406 0.00415 0.03636 0.83558 -0.05924 0.54496
1403638537.2778294086 0.10345 -0.06407 0.00415 0.03640 0.83562 -0.05921 0.54489
1403638537.3778295517 0.10345 -0.06407 0.00415 0.03639 0.83564 -0.05918 0.54487
1403638537.4778294563 0.10345 -0.06405 0.00415 0.03633 0.83563 -0.05916 0.54489
1403638537.5778295994 0.10344 -0.06405 0.00416 0.03629 0.83564 -0.05910 0.54487
1403638537.6778295040 0.10346 -0.06406 0.00418 0.03627 0.83561 -0.05914 0.54492
1403638537.7778294086 0.10344 -0.06404 0.00417 0.03622 0.83565 -0.05914 0.54487
1403638537.8778295517 0.10346 -0.06404 0.00418 0.03622 0.83564 -0.05908 0.54489
1403638537.9778294563 0.10344 -0.06404 0.00420 0.03620 0.83567 -0.05917 0.54484
1403638538.0778295994 0.10343 -0.06402 0.00422 0.03611 0.83570 -0.05923 0.54478
1403638538.1778295040 0.10343 -0.06403 0.00423 0.03611 0.83569 -0.05914 0.54481
1403638538.2778294086 0.10355 -0.06402 0.00424 0.03602 0.83557 -0.05907 0.54502
1403638538.3778295517 0.10350 -0.06405 0.00425 0.03610 0.83559 -0.05907 0.54498
1403638538.4778294563 0.10343 -0.06403 0.00427 0.03602 0.83567 -0.05906 0.54486
1403638538.5778295994 0.10347 -0.06405 0.00430 0.03605 0.83569 -0.05910 0.54482
1403638538.6778295040 0.10347 -0.06403 0.00435 0.03581 0.83555 -0.05919 0.54504
1403638538.7778294086 0.10359 -0.06410 0.00467 0.03549 0.83474 -0.05904 0.54631
1403638538.8778295517 0.10501 -0.06368 0.00510 0.03461 0.83385 -0.05855 0.54778
1403638538.9778294563 0.10834 -0.06344 0.00754 0.03536 0.82943 -0.05779 0.55448
1403638539.0778295994 0.11431 -0.06385 0.01092 0.03656 0.82447 -0.05927 0.56160
1403638539.1778295040 0.12240 -0.06381 0.01838 0.03749 0.81912 -0.05854 0.56940
1403638539.2778294086 0.13084 -0.06389 0.03357 0.03621 0.81503 -0.05831 0.57534
1403638539.3778295517 0.14085 -0.06489 0.05651 0.03579 0.81597 -0.05761 0.57410
1403638539.4778294563 0.15272 -0.06579 0.08586 0.03542 0.81797 -0.05659 0.57137
1403638539.5778295994 0.16406 -0.06651 0.11864 0.03525 0.81879 -0.05536 0.57033
1403638539.6778295040 0.17639 -0.06813 0.14629 0.03368 0.81936 -0.05504 0.56963
1403638539.7778294086 0.19043 -0.06978 0.16250 0.03411 0.82049 -0.05314 0.56817
1403638539.8778295517 0.20489 -0.07096 0.17172 0.03324 0.82295 -0.05243 0.56471
1403638539.9778294563 0.22148 -0.07191 0.17980 0.03149 0.82758 -0.05214 0.55804
1403638540.0778295994 0.23950 -0.07289 0.18787 0.03082 0.83351 -0.05232 0.54915
1403638540.1778295040 0.26551 -0.07807 0.19520 0.03024 0.83749 -0.05187 0.54314
1403638540.2778294086 0.29480 -0.07553 0.20948 0.03062 0.83384 -0.05058 0.54883
1403638540.3778295517 0.33525 -0.07457 0.21902 0.03155 0.82774 -0.04856 0.55812
1403638540.4778294563 0.38665 -0.06950 0.22710 0.02863 0.82549 -0.04285 0.56205
1403638540.5778295994 0.43017 -0.06708 0.23492 0.02150 0.82571 -0.03165 0.56280
1403638540.6778295040 0.47268 -0.07328 0.24302 0.01292 0.82600 -0.01431 0.56334
1403638540.7778294086 0.52336 -0.06827 0.25085 0.00552 0.82521 0.00966 0.56472
1403638540.8778295517 0.57314 -0.05755 0.25704 -0.00427 0.82444 0.03743 0.56469
1403638540.9778294563 0.62584 -0.04387 0.26141 -0.01783 0.82286 0.06365 0.56439
1403638541.0778295994 0.67859 -0.02667 0.26396 -0.03125 0.82064 0.08283 0.56454
1403638541.1778295040 0.73558 -0.00579 0.26060 -0.04076 0.81880 0.09588 0.56454
1403638541.2778294086 0.79387 0.02307 0.25329 -0.04564 0.81769 0.10467 0.56422
1403638541.3778295517 0.84657 0.05742 0.25343 -0.04839 0.81723 0.10844 0.56394
1403638541.4778294563 0.89909 0.09387 0.26024 -0.04943 0.81700 0.10879 0.56412
1403638541.5778295994 0.95242 0.13531 0.27317 -0.04867 0.81562 0.10950 0.56605
1403638541.6778295040 1.00759 0.18157 0.29424 -0.05283 0.81400 0.11247 0.56742
1403638541.7778294086 1.06109 0.22925 0.32074 -0.06301 0.81257 0.11822 0.56726
1403638541.8778295517 1.10967 0.27956 0.35342 -0.07503 0.81103 0.12706 0.56609
1403638541.9778294563 1.15594 0.33121 0.38243 -0.08690 0.80978 0.14136 0.56278
1403638542.0778295994 1.19655 0.38253 0.40528 -0.10050 0.80770 0.15828 0.55898
1403638542.1778295040 1.23553 0.43396 0.42255 -0.11543 0.80400 0.17777 0.55556
1403638542.2778294086 1.27219 0.49286 0.43366 -0.12898 0.80026 0.20038 0.55027
1403638542.3778295517 1.31552 0.55134 0.44080 -0.14219 0.79258 0.22210 0.54980
1403638542.4778294563 1.35623 0.60932 0.44601 -0.14782 0.77922 0.24215 0.55887
1403638542.5778295994 1.39734 0.66930 0.44939 -0.14383 0.76727 0.26059 0.56807
1403638542.6778295040 1.43058 0.73455 0.45487 -0.14413 0.76373 0.26980 0.56847
1403638542.7778294086 1.45770 0.80228 0.46798 -0.15314 0.76781 0.26844 0.56120
1403638542.8778295517 1.47932 0.87507 0.48836 -0.15982 0.77319 0.26509 0.55350
1403638542.9778294563 1.49763 0.94963 0.51625 -0.16394 0.77776 0.26183 0.54741
1403638543.0778295994 1.51202 1.02615 0.54547 -0.16665 0.78121 0.25842 0.54329
1403638543.1778295040 1.52501 1.10108 0.56839 -0.16698 0.78230 0.25587 0.54283
1403638543.2778294086 1.53717 1.17325 0.58610 -0.16725 0.78249 0.25356 0.54354
1403638543.3778295517 1.55113 1.24995 0.59787 -0.16661 0.78358 0.25235 0.54274
1403638543.4778294563 1.56503 1.32900 0.60566 -0.16865 0.78263 0.25660 0.54148
1403638543.5778295994 1.57555 1.40293 0.61114 -0.17351 0.77970 0.26753 0.53889
1403638543.6778295040 1.59023 1.47963 0.61389 -0.18005 0.77407 0.28513 0.53582
1403638543.7778294086 1.60467 1.55735 0.61951 -0.18999 0.76639 0.30609 0.53185
1403638543.8778295517 1.62158 1.63680 0.63154 -0.20141 0.75653 0.32859 0.52831
1403638543.9778294563 1.63725 1.72635 0.65081 -0.21496 0.74834 0.34661 0.52311
1403638544.0778295994 1.65014 1.81597 0.67484 -0.22914 0.74462 0.35753 0.51499
1403638544.1778295040 1.66085 1.90556 0.69830 -0.23925 0.74156 0.36372 0.51045
1403638544.2778294086 1.66972 1.99784 0.71478 -0.24560 0.73904 0.36677 0.50891
1403638544.3778295517 1.68181 2.08649 0.72431 -0.24732 0.73829 0.36929 0.50734
1403638544.4778294563 1.69611 2.17763 0.73034 -0.24624 0.73878 0.37037 0.50636
1403638544.5778295994 1.71499 2.26618 0.73522 -0.24799 0.73613 0.36952 0.50997
1403638544.6778295040 1.73202 2.35876 0.74606 -0.25264 0.72964 0.36904 0.51732
1403638544.7778294086 1.74994 2.44530 0.76067 -0.25364 0.72887 0.36996 0.51724
1403638544.8778295517 1.76967 2.53418 0.77396 -0.25168 0.73222 0.37205 0.51195
1403638544.9778294563 1.78704 2.62029 0.78094 -0.25162 0.73307 0.37268 0.51030
1403638545.0778295994 1.80601 2.70801 0.78332 -0.25281 0.73193 0.37259 0.51142
1403638545.1778295040 1.82742 2.80007 0.78317 -0.25230 0.73198 0.37369 0.51079
1403638545.2778294086 1.85160 2.88892 0.77473 -0.25139 0.73148 0.37521 0.51084
1403638545.3778295517 1.87526 2.98131 0.76231 -0.25282 0.72896 0.37431 0.51439
1403638545.4778294563 1.90202 3.08181 0.75073 -0.25465 0.72941 0.37509 0.51226
1403638545.5778295994 1.92340 3.17263 0.73688 -0.25851 0.72745 0.38154 0.50835
1403638545.6778295040 1.94510 3.27271 0.73421 -0.26666 0.72259 0.39285 0.50243
1403638545.7778294086 1.96664 3.36855 0.73795 -0.27498 0.71554 0.40926 0.49487
1403638545.8778295517 1.98892 3.46457 0.74767 -0.28586 0.70551 0.42870 0.48657
1403638545.9778294563 2.00894 3.55564 0.76330 -0.29530 0.69368 0.45046 0.47822
1403638546.0778295994 2.02753 3.64804 0.78166 -0.30156 0.68232 0.46927 0.47253
1403638546.1778295040 2.05093 3.74172 0.79445 -0.30930 0.67408 0.48146 0.46706
1403638546.2778294086 2.06655 3.82999 0.80047 -0.31424 0.66928 0.48918 0.46263
1403638546.3778295517 2.08117 3.91826 0.80116 -0.32062 0.66770 0.49132 0.45825
1403638546.4778294563 2.09699 4.00894 0.79642 -0.32340 0.66743 0.49236 0.45555
1403638546.5778295994 2.11174 4.10255 0.79126 -0.32431 0.66556 0.49547 0.45427
1403638546.6778295040 2.12460 4.19724 0.79233 -0.32769 0.66104 0.50129 0.45205
1403638546.7778294086 2.13481 4.29521 0.80287 -0.33007 0.65682 0.50681 0.45031
1403638546.8778295517 2.14587 4.39555 0.82204 -0.33062 0.65340 0.51176 0.44928
1403638546.9778294563 2.15622 4.49412 0.83972 -0.32931 0.65030 0.51618 0.44969
1403638547.0778295994 2.16006 4.59204 0.85218 -0.32700 0.64815 0.51934 0.45084
1403638547.1778295040 2.16627 4.69431 0.85513 -0.32417 0.64582 0.52277 0.45227
1403638547.2778294086 2.16795 4.79752 0.85774 -0.32197 0.64465 0.52440 0.45360
1403638547.3778295517 2.17202 4.89979 0.85126 -0.32578 0.64561 0.52229 0.45197
1403638547.4778294563 2.17280 5.00205 0.84716 -0.33050 0.64880 0.51868 0.44811
1403638547.5778295994 2.16980 5.10844 0.83769 -0.33367 0.65226 0.51537 0.44453
1403638547.6778295040 2.16489 5.20798 0.81580 -0.33522 0.65298 0.51371 0.44424
1403638547.7778294086 2.15855 5.31574 0.79856 -0.33295 0.65250 0.51443 0.44581
1403638547.8778295517 2.15007 5.42145 0.77072 -0.32976 0.64917 0.51682 0.45026
1403638547.9778294563 2.14082 5.53790 0.75087 -0.32991 0.64911 0.51729 0.44970
1403638548.0778295994 2.12572 5.64753 0.73144 -0.33331 0.64832 0.51945 0.44583
1403638548.1778295040 2.11363 5.76075 0.72487 -0.33814 0.64453 0.52499 0.44117
1403638548.2778294086 2.09121 5.87577 0.72174 -0.34534 0.63787 0.53339 0.43515
1403638548.3778295517 2.07063 5.99710 0.72801 -0.35331 0.62840 0.54496 0.42814
1403638548.4778294563 2.04872 6.12059 0.74221 -0.36157 0.61894 0.55558 0.42133
1403638548.5778295994 2.02777 6.24082 0.75562 -0.36811 0.61132 0.56346 0.41630
1403638548.6778295040 2.00960 6.36145 0.76492 -0.37311 0.60591 0.56891 0.41231
1403638548.7778294086 1.99293 6.48717 0.77194 -0.37587 0.60212 0.57301 0.40967
1403638548.8778295517 1.97405 6.61236 0.78541 -0.37708 0.60013 0.57579 0.40757
1403638548.9778294563 1.95386 6.73711 0.80538 -0.37851 0.59924 0.57664 0.40636
1403638549.0778295994 1.93130 6.86510 0.82904 -0.37906 0.59898 0.57708 0.40560
1403638549.1778295040 1.90900 6.99008 0.85990 -0.38040 0.59895 0.57610 0.40579
1403638549.2778294086 1.89079 7.11787 0.89571 -0.38139 0.59972 0.57516 0.40505
1403638549.3778295517 1.86007 7.24978 0.93636 -0.38343 0.60156 0.57245 0.40425
1403638549.4778294563 1.83211 7.38423 0.97307 -0.38527 0.60315 0.56999 0.40360
1403638549.5778295994 1.80630 7.51885 1.00489 -0.38677 0.60343 0.56801 0.40454
1403638549.6778295040 1.78348 7.65510 1.03142 -0.38807 0.60299 0.56635 0.40627
1403638549.7778294086 1.76700 7.78818 1.05740 -0.38678 0.60308 0.56692 0.40658
1403638549.8778295517 1.75782 7.91803 1.09051 -0.38615 0.60434 0.56722 0.40487
1403638549.9778294563 1.74212 8.04510 1.13208 -0.38637 0.60542 0.56690 0.40351
1403638550.0778295994 1.72856 8.17576 1.18257 -0.38671 0.60590 0.56667 0.40277
1403638550.1778295040 1.72280 8.30703 1.24213 -0.38748 0.60658 0.56686 0.40074
1403638550.2778294086 1.71437 8.44288 1.30751 -0.38666 0.60621 0.56819 0.40021
1403638550.3778295517 1.69895 8.58639 1.37849 -0.38565 0.60620 0.56876 0.40038
1403638550.4778294563 1.68950 8.72521 1.44085 -0.38791 0.60723 0.56739 0.39858
1403638550.5778295994 1.68187 8.87124 1.49741 -0.39074 0.60875 0.56511 0.39673
1403638550.6778295040 1.67125 9.01179 1.55007 -0.39472 0.60794 0.56154 0.39909
1403638550.7778294086 1.66242 9.15098 1.59698 -0.39681 0.60757 0.55948 0.40048
1403638550.8778295517 1.65782 9.29091 1.63972 -0.40224 0.60421 0.55539 0.40580
1403638550.9778294563 1.65844 9.42962 1.67926 -0.40726 0.60041 0.55127 0.41200
1403638551.0778295994 1.66431 9.55619 1.71348 -0.41050 0.59803 0.54872 0.41564
1403638551.1778295040 1.67398 9.67656 1.74927 -0.41464 0.59865 0.54600 0.41422
1403638551.2778294086 1.69380 9.78693 1.78878 -0.41536 0.60024 0.54512 0.41234
1403638551.3778295517 1.71941 9.88598 1.83306 -0.41083 0.60781 0.54230 0.40951
1403638551.4778294563 1.75764 9.98004 1.87038 -0.40378 0.61989 0.53292 0.41073
1403638551.5778295994 1.79485 10.07328 1.90525 -0.39727 0.63496 0.51673 0.41471
1403638551.6778295040 1.83464 10.15682 1.93271 -0.39046 0.65138 0.49790 0.41873
1403638551.7778294086 1.88722 10.23623 1.95526 -0.38134 0.66490 0.47960 0.42717
1403638551.8778295517 1.94640 10.31302 1.97365 -0.37102 0.67525 0.46402 0.43711
1403638551.9778294563 2.01037 10.38073 1.99519 -0.35888 0.67835 0.45633 0.45035
1403638552.0778295994 2.07411 10.44425 2.02350 -0.34850 0.67974 0.45116 0.46147
1403638552.1778295040 2.14429 10.50275 2.05534 -0.34237 0.68463 0.44755 0.46236
1403638552.2778294086 2.22243 10.55268 2.09250 -0.33851 0.68825 0.44663 0.46070
1403638552.3778295517 2.30410 10.59861 2.12768 -0.34071 0.68918 0.44352 0.46070
1403638552.4778294563 2.39130 10.63817 2.16160 -0.34821 0.68528 0.43887 0.46534
1403638552.5778295994 2.47626 10.66948 2.18738 -0.35360 0.68125 0.43595 0.46991
1403638552.6778295040 2.56361 10.69860 2.20689 -0.35380 0.67890 0.43717 0.47202
1403638552.7778294086 2.64544 10.72341 2.22126 -0.35236 0.67867 0.43871 0.47200
1403638552.8778295517 2.73069 10.73910 2.23166 -0.34996 0.67744 0.44253 0.47199
1403638552.9778294563 2.82059 10.74465 2.23537 -0.34529 0.67517 0.44824 0.47328
1403638553.0778295994 2.91565 10.74856 2.23615 -0.34153 0.67290 0.45375 0.47400
1403638553.1778295040 3.00779 10.74277 2.23101 -0.34682 0.66896 0.45201 0.47739
1403638553.2778294086 3.10616 10.73428 2.23086 -0.35438 0.66288 0.44940 0.48275
1403638553.3778295517 3.21067 10.71718 2.23596 -0.35646 0.65732 0.45094 0.48736
1403638553.4778294563 3.31431 10.68839 2.24702 -0.35362 0.65139 0.45523 0.49336
1403638553.5778295994 3.41027 10.65508 2.26509 -0.35125 0.64659 0.45891 0.49795
1403638553.6778295040 3.50060 10.61021 2.28752 -0.34967 0.64535 0.46120 0.49854
1403638553.7778294086 3.58112 10.55817 2.31680 -0.34803 0.64562 0.46299 0.49768
1403638553.8778295517 3.65564 10.49711 2.34938 -0.34609 0.64710 0.46433 0.49586
1403638553.9778294563 3.71796 10.43225 2.38432 -0.34523 0.65007 0.46443 0.49247
1403638554.0778295994 3.78024 10.35806 2.41255 -0.34374 0.65323 0.46504 0.48875
1403638554.1778295040 3.83123 10.28144 2.43758 -0.33877 0.65623 0.46810 0.48526
1403638554.2778294086 3.88876 10.19825 2.45288 -0.33095 0.66216 0.47345 0.47735
1403638554.3778295517 3.94046 10.11927 2.46730 -0.32531 0.66530 0.47759 0.47271
1403638554.4778294563 3.99241 10.04213 2.47987 -0.32282 0.66653 0.47961 0.47064
1403638554.5778295994 4.03909 9.96524 2.48903 -0.32398 0.66730 0.47896 0.46941
1403638554.6778295040 4.08747 9.88366 2.49492 -0.32970 0.66985 0.47459 0.46623
1403638554.7778294086 4.12746 9.81159 2.50994 -0.33437 0.67044 0.47094 0.46574
1403638554.8778295517 4.17571 9.73604 2.52611 -0.33731 0.67055 0.46856 0.46588
1403638554.9778294563 4.22252 9.65660 2.54288 -0.33973 0.67111 0.46491 0.46696
1403638555.0778295994 4.26812 9.58127 2.55660 -0.33582 0.67437 0.45995 0.46999
1403638555.1778295040 4.32658 9.49913 2.56029 -0.32959 0.68006 0.45272 0.47322
1403638555.2778294086 4.41019 9.41743 2.56635 -0.32411 0.68552 0.44495 0.47648
1403638555.3778295517 4.47566 9.33404 2.56748 -0.31689 0.68849 0.43986 0.48175
1403638555.4778294563 4.54657 9.24814 2.56403 -0.31149 0.69010 0.43694 0.48561
1403638555.5778295994 4.61872 9.16049 2.55933 -0.30958 0.69097 0.43451 0.48778
1403638555.6778295040 4.68524 9.07326 2.55995 -0.30912 0.69249 0.43282 0.48740
1403638555.7778294086 4.75044 8.98672 2.56991 -0.30812 0.69374 0.43291 0.48619
1403638555.8778295517 4.80886 8.90737 2.58569 -0.30727 0.69389 0.43368 0.48582
1403638555.9778294563 4.87239 8.82951 2.60860 -0.30589 0.69268 0.43535 0.48693
1403638556.0778295994 4.93544 8.75301 2.63351 -0.30444 0.69276 0.43665 0.48655
1403638556.1778295040 4.99948 8.68067 2.65531 -0.30369 0.69723 0.43668 0.48058
1403638556.2778294086 5.06526 8.60706 2.66790 -0.30252 0.70037 0.43751 0.47596
1403638556.3778295517 5.13118 8.53870 2.68096 -0.30125 0.70250 0.43819 0.47300
1403638556.4778294563 5.20135 8.47056 2.68897 -0.29927 0.70539 0.43929 0.46893
1403638556.5778295994 5.27639 8.40985 2.70014 -0.29911 0.70827 0.43886 0.46506
1403638556.6778295040 5.35380 8.35419 2.71203 -0.30696 0.71059 0.43276 0.46211
1403638556.7778294086 5.43329 8.30059 2.73011 -0.31352 0.70718 0.42812 0.46723
1403638556.8778295517 5.52093 8.25284 2.75642 -0.31939 0.70541 0.42413 0.46958
1403638556.9778294563 5.60699 8.20582 2.78723 -0.32257 0.70398 0.42171 0.47172
1403638557.0778295994 5.69919 8.15546 2.81204 -0.32106 0.70275 0.42295 0.47348
1403638557.1778295040 5.79746 8.10144 2.82976 -0.31950 0.70098 0.42449 0.47577
1403638557.2778294086 5.89984 8.04936 2.84108 -0.31857 0.69989 0.42556 0.47703
1403638557.3778295517 6.00618 7.99701 2.84921 -0.31628 0.69880 0.42760 0.47834
1403638557.4778294563 6.11559 7.94517 2.85954 -0.31099 0.69565 0.43225 0.48221
1403638557.5778295994 6.22228 7.89362 2.87625 -0.30653 0.69309 0.43554 0.48577
1403638557.6778295040 6.32850 7.84251 2.89653 -0.30431 0.69166 0.43743 0.48750
1403638557.7778294086 6.43425 7.79379 2.91926 -0.30446 0.69119 0.43710 0.48838
1403638557.8778295517 6.54067 7.74532 2.93691 -0.30193 0.69093 0.43878 0.48881
1403638557.9778294563 6.64496 7.69784 2.94839 -0.29963 0.69196 0.44044 0.48726
1403638558.0778295994 6.74819 7.65278 2.95355 -0.29890 0.69570 0.44120 0.48166
1403638558.1778295040 6.85124 7.61031 2.95617 -0.29620 0.70150 0.44269 0.47349
1403638558.2778294086 6.95595 7.57281 2.96472 -0.29291 0.70581 0.44415 0.46773
1403638558.3778295517 7.06072 7.54258 2.98319 -0.28812 0.70744 0.44696 0.46556
1403638558.4778294563 7.16417 7.51962 3.00977 -0.28176 0.71130 0.45061 0.46003
1403638558.5778295994 7.26858 7.50792 3.04394 -0.28289 0.71394 0.44944 0.45636
1403638558.6778295040 7.38047 7.50503 3.08457 -0.29139 0.71436 0.44343 0.45623
1403638558.7778294086 7.49384 7.50565 3.12449 -0.29935 0.71391 0.43741 0.45760
1403638558.8778295517 7.60959 7.51221 3.15686 -0.30187 0.71277 0.43512 0.45990
1403638558.9778294563 7.73060 7.52446 3.18143 -0.30368 0.70767 0.43418 0.46741
1403638559.0778295994 7.85291 7.53702 3.19851 -0.30443 0.70288 0.43414 0.47414
1403638559.1778295040 7.98072 7.55200 3.20820 -0.30520 0.69910 0.43470 0.47869
1403638559.2778294086 8.10836 7.56738 3.21200 -0.30337 0.69598 0.43716 0.48215
1403638559.3778295517 8.23560 7.58406 3.21012 -0.30017 0.69341 0.44038 0.48492
1403638559.4778294563 8.35751 7.60294 3.20374 -0.29819 0.69108 0.44227 0.48773
1403638559.5778295994 8.47534 7.62339 3.19245 -0.29695 0.68905 0.44359 0.49017
1403638559.6778295040 8.59083 7.64881 3.17804 -0.29748 0.68812 0.44363 0.49111
1403638559.7778294086 8.70268 7.67772 3.16644 -0.29774 0.68727 0.44433 0.49151
1403638559.8778295517 8.81210 7.70247 3.16106 -0.29934 0.68797 0.44350 0.49029
1403638559.9778294563 8.91990 7.73222 3.15566 -0.29860 0.69140 0.43745 0.49137
1403638560.0778295994 9.02589 7.75948 3.14454 -0.29353 0.69894 0.42440 0.49518
1403638560.1778295040 9.13008 7.78859 3.12705 -0.28399 0.70844 0.40604 0.50258
1403638560.2778294086 9.23373 7.81931 3.10428 -0.27172 0.71879 0.38481 0.51130
1403638560.3778295517 9.33647 7.84603 3.07942 -0.26091 0.72608 0.36026 0.52436
1403638560.4778294563 9.43384 7.86990 3.05102 -0.24864 0.73368 0.33486 0.53643
1403638560.5778295994 9.52914 7.89092 3.01824 -0.23783 0.74251 0.30742 0.54554
1403638560.6778295040 9.62478 7.90560 2.98234 -0.22887 0.75251 0.27940 0.55071
1403638560.7778294086 9.71413 7.91522 2.94952 -0.22188 0.76085 0.25377 0.55451
1403638560.8778295517 9.79944 7.92015 2.92461 -0.21109 0.76692 0.23090 0.56032
1403638560.9778294563 9.88673 7.91785 2.90763 -0.19935 0.77081 0.20960 0.56761
1403638561.0778295994 9.96746 7.90904 2.89918 -0.18718 0.77296 0.18949 0.57583
1403638561.1778295040 10.04689 7.89004 2.89658 -0.17648 0.77408 0.17167 0.58326
1403638561.2778294086 10.12329 7.86382 2.90092 -0.16955 0.77418 0.15845 0.58889
1403638561.3778295517 10.18926 7.82792 2.90794 -0.16086 0.77869 0.15349 0.58669
1403638561.4778294563 10.24864 7.79281 2.91014 -0.14698 0.78466 0.15687 0.58147
1403638561.5778295994 10.30770 7.75630 2.90827 -0.13725 0.78829 0.16147 0.57766
1403638561.6778295040 10.36266 7.71622 2.90113 -0.13343 0.79001 0.16435 0.57539
1403638561.7778294086 10.41296 7.66975 2.88815 -0.13266 0.79021 0.16668 0.57463
1403638561.8778295517 10.46392 7.62267 2.86843 -0.13016 0.78958 0.16738 0.57585
1403638561.9778294563 10.51073 7.57653 2.84548 -0.12518 0.79046 0.16310 0.57698
1403638562.0778295994 10.55498 7.53022 2.82344 -0.11766 0.79218 0.15419 0.57866
1403638562.1778295040 10.59089 7.48317 2.80894 -0.11008 0.79397 0.14426 0.58025
1403638562.2778294086 10.62703 7.43633 2.79935 -0.10340 0.79497 0.13577 0.58215
1403638562.3778295517 10.66125 7.38376 2.79552 -0.09766 0.79570 0.12372 0.58482
1403638562.4778294563 10.68872 7.33435 2.79496 -0.08967 0.79788 0.10735 0.58637
1403638562.5778295994 10.71235 7.28586 2.80090 -0.08013 0.79992 0.08698 0.58834
1403638562.6778295040 10.73264 7.23477 2.81093 -0.07167 0.80234 0.06267 0.58922
1403638562.7778294086 10.75275 7.17757 2.82360 -0.06358 0.80365 0.03647 0.59057
1403638562.8778295517 10.77029 7.11382 2.83210 -0.05084 0.80448 0.01222 0.59168
1403638562.9778294563 10.78446 7.04677 2.83451 -0.03721 0.80504 -0.01011 0.59196
1403638563.0778295994 10.79548 6.97930 2.83135 -0.02893 0.80470 -0.03384 0.59201
1403638563.1778295040 10.80062 6.91069 2.82332 -0.01731 0.80440 -0.05360 0.59141
1403638563.2778294086 10.80470 6.84160 2.81133 -0.00587 0.80124 -0.06775 0.59447
1403638563.3778295517 10.80263 6.77128 2.79514 0.00111 0.79345 -0.07771 0.60365
1403638563.4778294563 10.79526 6.69813 2.77317 0.00286 0.78738 -0.08480 0.61060
1403638563.5778295994 10.78268 6.62269 2.75076 0.00905 0.78808 -0.08507 0.60960
1403638563.6778295040 10.76178 6.53687 2.73470 0.00916 0.79172 -0.08539 0.60481
1403638563.7778294086 10.73378 6.45020 2.72565 0.00651 0.79407 -0.08616 0.60165
1403638563.8778295517 10.69798 6.35963 2.72600 0.00362 0.79383 -0.08548 0.60209
1403638563.9778294563 10.65871 6.26978 2.73177 0.00078 0.79270 -0.08441 0.60374
1403638564.0778295994 10.60878 6.16937 2.73535 -0.00348 0.79352 -0.08250 0.60292
1403638564.1778295040 10.55363 6.06503 2.73444 -0.00505 0.79365 -0.07810 0.60332
1403638564.2778294086 10.49756 5.95930 2.73008 -0.00365 0.79215 -0.07285 0.60596
1403638564.3778295517 10.43099 5.84254 2.73117 -0.00368 0.79089 -0.06792 0.60817
1403638564.4778294563 10.35862 5.72632 2.73913 -0.00288 0.78980 -0.06349 0.61006
1403638564.5778295994 10.27462 5.60533 2.75089 -0.00557 0.79153 -0.06314 0.60784
1403638564.6778295040 10.18888 5.48457 2.76029 -0.01076 0.79307 -0.06584 0.60546
1403638564.7778294086 10.09346 5.35761 2.76357 -0.01445 0.79358 -0.06901 0.60436
1403638564.8778295517 9.99854 5.22493 2.75861 -0.01667 0.79307 -0.07143 0.60470
1403638564.9778294563 9.89941 5.08502 2.73542 -0.01850 0.79245 -0.07333 0.60524
1403638565.0778295994 9.79547 4.93860 2.69655 -0.02006 0.79288 -0.07383 0.60456
1403638565.1778295040 9.68718 4.78226 2.64244 -0.02101 0.79369 -0.07362 0.60348
1403638565.2778294086 9.57379 4.61988 2.58163 -0.01977 0.79464 -0.07235 0.60244
1403638565.3778295517 9.45491 4.44910 2.51855 -0.01752 0.79576 -0.07054 0.60123
1403638565.4778294563 9.33200 4.27411 2.45659 -0.01507 0.79529 -0.06899 0.60210
1403638565.5778295994 9.20425 4.08935 2.40088 -0.00917 0.79326 -0.06630 0.60519
1403638565.6778295040 9.07013 3.90803 2.35475 0.00215 0.79338 -0.06020 0.60574
1403638565.7778294086 8.93859 3.72944 2.31561 0.01118 0.79632 -0.05584 0.60219
1403638565.8778295517 8.79366 3.55573 2.28438 0.01835 0.79878 -0.05259 0.59904
1403638565.9778294563 8.65142 3.38085 2.25733 0.02048 0.80092 -0.05302 0.59607
1403638566.0778295994 8.51520 3.21263 2.22507 0.02187 0.80217 -0.05347 0.59429
1403638566.1778295040 8.37926 3.04536 2.18477 0.01967 0.80275 -0.05477 0.59347
1403638566.2778294086 8.24111 2.88105 2.13683 0.01972 0.80263 -0.05424 0.59368
1403638566.3778295517 8.09773 2.72384 2.08123 0.01995 0.80381 -0.05312 0.59217
1403638566.4778294563 7.95681 2.56581 2.02017 0.01553 0.80440 -0.05416 0.59141
1403638566.5778295994 7.81816 2.41565 1.95394 0.01465 0.80795 -0.05253 0.58672
1403638566.6778295040 7.67901 2.27300 1.88081 0.01363 0.81743 -0.05086 0.57362
1403638566.7778294086 7.53844 2.14386 1.80310 0.01299 0.82931 -0.04994 0.55640
1403638566.8778295517 7.40770 2.01496 1.72261 0.01118 0.83749 -0.04943 0.54410
1403638566.9778294563 7.28733 1.88136 1.63957 0.01091 0.84157 -0.04674 0.53802
1403638567.0778295994 7.17005 1.75180 1.55956 0.01128 0.83389 -0.04550 0.54993
1403638567.1778295040 7.06730 1.62785 1.47591 0.01405 0.82190 -0.04350 0.56779
1403638567.2778294086 6.96404 1.49927 1.38799 0.01732 0.81358 -0.04173 0.57970
1403638567.3778295517 6.86688 1.38991 1.29446 0.02103 0.81175 -0.04136 0.58217
1403638567.4778294563 6.76216 1.27360 1.20547 0.02315 0.81281 -0.04251 0.58052
1403638567.5778295994 6.66049 1.15380 1.12309 0.02374 0.81663 -0.04431 0.57496
1403638567.6778295040 6.55801 1.04097 1.05055 0.02697 0.82025 -0.04474 0.56961
1403638567.7778294086 6.45957 0.92825 0.98883 0.02736 0.82449 -0.04482 0.56344
1403638567.8778295517 6.35567 0.82189 0.93444 0.02639 0.82804 -0.04714 0.55805
1403638567.9778294563 6.25832 0.71166 0.88699 0.02590 0.82935 -0.04807 0.55605
1403638568.0778295994 6.16180 0.60843 0.84846 0.02853 0.82952 -0.04634 0.55582
1403638568.1778295040 6.07127 0.51087 0.81987 0.03020 0.82929 -0.04511 0.55618
1403638568.2778294086 5.98449 0.41321 0.80028 0.03063 0.82982 -0.04527 0.55534
1403638568.3778295517 5.90247 0.32927 0.78049 0.03083 0.83075 -0.04593 0.55389
1403638568.4778294563 5.82382 0.25578 0.74958 0.03139 0.83165 -0.04609 0.55249
1403638568.5778295994 5.75064 0.17842 0.71640 0.03209 0.83327 -0.04580 0.55003
1403638568.6778295040 5.68339 0.11279 0.67955 0.03346 0.83514 -0.04462 0.54720
1403638568.7778294086 5.62347 0.05197 0.64529 0.03321 0.83660 -0.04541 0.54491
1403638568.8778295517 5.56924 -0.00469 0.61842 0.03139 0.83601 -0.04763 0.54574
1403638568.9778294563 5.51839 -0.05691 0.60286 0.03332 0.83577 -0.04609 0.54613
1403638569.0778295994 5.47334 -0.10563 0.59024 0.03514 0.83562 -0.04522 0.54632
1403638569.1778295040 5.43148 -0.14715 0.58907 0.03590 0.83657 -0.04534 0.54479
1403638569.2778294086 5.39469 -0.18982 0.58133 0.03797 0.83783 -0.04450 0.54279
1403638569.3778295517 5.36469 -0.22205 0.57461 0.03903 0.83788 -0.04444 0.54264
1403638569.4778294563 5.33902 -0.25398 0.55429 0.03974 0.83629 -0.04409 0.54507
1403638569.5778295994 5.32051 -0.27527 0.53952 0.04055 0.83518 -0.04384 0.54672
1403638569.6778295040 5.30585 -0.29131 0.52861 0.03981 0.83415 -0.04488 0.54827
1403638569.7778294086 5.29482 -0.30365 0.52315 0.04081 0.83339 -0.04431 0.54939
1403638569.8778295517 5.28578 -0.32126 0.51245 0.04165 0.83175 -0.04310 0.55191
1403638569.9778294563 5.28272 -0.32319 0.51685 0.04061 0.83024 -0.04400 0.55419
1403638570.0778295994 5.28086 -0.31923 0.51668 0.03850 0.82952 -0.04554 0.55529
1403638570.1778295040 5.28042 -0.31070 0.50844 0.03379 0.82937 -0.04844 0.55557
1403638570.2778294086 5.28176 -0.29873 0.49359 0.02644 0.82849 -0.05323 0.55684
1403638570.3778295517 5.28470 -0.28776 0.47389 0.02018 0.82779 -0.06058 0.55739
1403638570.4778294563 5.28508 -0.28793 0.43895 0.01542 0.82636 -0.07563 0.55783
1403638570.5778295994 5.28949 -0.28785 0.41087 0.00812 0.82306 -0.10272 0.55853
1403638570.6778295040 5.28598 -0.29296 0.36700 0.00913 0.81670 -0.13178 0.56175
1403638570.7778294086 5.28211 -0.30405 0.32523 0.01678 0.80487 -0.15915 0.57146
1403638570.8778295517 5.27575 -0.32730 0.28222 0.02980 0.79261 -0.18336 0.58074
1403638570.9778294563 5.26273 -0.35806 0.23820 0.04569 0.78417 -0.20442 0.58413
1403638571.0778295994 5.24020 -0.39694 0.19037 0.06277 0.78087 -0.22333 0.58002
1403638571.1778295040 5.20449 -0.44004 0.14564 0.08450 0.78314 -0.23527 0.56939
1403638571.2778294086 5.16104 -0.49806 0.11263 0.10461 0.78442 -0.24134 0.56170
1403638571.3778295517 5.11404 -0.56451 0.08723 0.11699 0.78372 -0.24629 0.55806
1403638571.4778294563 5.06433 -0.63016 0.07174 0.12327 0.78058 -0.25100 0.55902
1403638571.5778295994 5.01095 -0.70158 0.05984 0.13015 0.77813 -0.25509 0.55903
1403638571.6778295040 4.95110 -0.77729 0.04306 0.13607 0.77747 -0.26429 0.55423
1403638571.7778294086 4.88642 -0.85645 0.02097 0.14385 0.77658 -0.27757 0.54698
1403638571.8778295517 4.82395 -0.93207 -0.00480 0.15184 0.77304 -0.29547 0.54042
1403638571.9778294563 4.75915 -1.00709 -0.02635 0.16017 0.76647 -0.31553 0.53602
1403638572.0778295994 4.68972 -1.08267 -0.03879 0.16992 0.75891 -0.33471 0.53212
1403638572.1778295040 4.61297 -1.17185 -0.04240 0.18534 0.75189 -0.34948 0.52742
1403638572.2778294086 4.53443 -1.26626 -0.04251 0.19892 0.74750 -0.36539 0.51785
1403638572.3778295517 4.45641 -1.36575 -0.04564 0.21138 0.74248 -0.38335 0.50703
1403638572.4778294563 4.38018 -1.46792 -0.05099 0.22486 0.73852 -0.39630 0.49696
1403638572.5778295994 4.30529 -1.57152 -0.05724 0.23562 0.73485 -0.40480 0.49053
1403638572.6778295040 4.23070 -1.67477 -0.06091 0.24146 0.73306 -0.41027 0.48579
1403638572.7778294086 4.15658 -1.77866 -0.05571 0.24927 0.73455 -0.40994 0.47984
1403638572.8778295517 4.08851 -1.88664 -0.04301 0.25300 0.73713 -0.40905 0.47467
1403638572.9778294563 4.02100 -1.99610 -0.02515 0.25378 0.73917 -0.40805 0.47193
1403638573.0778295994 3.96111 -2.11091 -0.01115 0.25329 0.74130 -0.40680 0.46994
1403638573.1778295040 3.90384 -2.22955 -0.00348 0.25158 0.74299 -0.40547 0.46933
1403638573.2778294086 3.85057 -2.34936 0.00347 0.25004 0.74444 -0.40370 0.46938
1403638573.3778295517 3.80461 -2.47762 0.01011 0.24938 0.74529 -0.40262 0.46931
1403638573.4778294563 3.76427 -2.60631 0.02108 0.25270 0.74555 -0.40268 0.46706
1403638573.5778295994 3.72718 -2.74456 0.03856 0.25414 0.74578 -0.40249 0.46608
1403638573.6778295040 3.69495 -2.88418 0.06295 0.25680 0.74630 -0.40255 0.46372
1403638573.7778294086 3.66953 -3.02870 0.09071 0.26355 0.74257 -0.40575 0.46314
1403638573.8778295517 3.65207 -3.17598 0.11847 0.27749 0.73252 -0.41078 0.46656
1403638573.9778294563 3.63803 -3.32875 0.13980 0.28920 0.71701 -0.42375 0.47191
1403638574.0778295994 3.62871 -3.47955 0.15385 0.29540 0.69660 -0.44460 0.47940
1403638574.1778295040 3.62039 -3.62511 0.16169 0.30149 0.67412 -0.46812 0.48532
1403638574.2778294086 3.61126 -3.76165 0.16397 0.31077 0.65470 -0.49006 0.48439
1403638574.3778295517 3.58963 -3.89268 0.16065 0.32316 0.64105 -0.50929 0.47459
1403638574.4778294563 3.55665 -4.01582 0.15399 0.33641 0.62917 -0.52674 0.46209
1403638574.5778295994 3.52197 -4.13621 0.15089 0.34644 0.61783 -0.54081 0.45364
1403638574.6778295040 3.49001 -4.25883 0.15627 0.35825 0.61097 -0.54813 0.44489
1403638574.7778294086 3.45296 -4.37298 0.16894 0.36904 0.61056 -0.55069 0.43331
1403638574.8778295517 3.41494 -4.48647 0.18559 0.37013 0.61218 -0.55529 0.42415
1403638574.9778294563 3.37383 -4.59734 0.19834 0.36819 0.61432 -0.55867 0.41826
1403638575.0778295994 3.33478 -4.70625 0.20478 0.36078 0.61301 -0.56356 0.42007
1403638575.1778295040 3.29646 -4.81807 0.20514 0.35525 0.61051 -0.56634 0.42466
1403638575.2778294086 3.25534 -4.93090 0.20282 0.35214 0.60921 -0.56708 0.42812
1403638575.3778295517 3.21104 -5.04567 0.19480 0.34915 0.61252 -0.56692 0.42604
1403638575.4778294563 3.16273 -5.16247 0.18380 0.34720 0.61798 -0.56546 0.42166
1403638575.5778295994 3.11159 -5.28093 0.17123 0.34632 0.62304 -0.56302 0.41821
1403638575.6778295040 3.05792 -5.40622 0.16612 0.34981 0.62955 -0.55775 0.41258
1403638575.7778294086 3.00676 -5.52991 0.16954 0.35074 0.63597 -0.55475 0.40593
1403638575.8778295517 2.95474 -5.65978 0.18215 0.35055 0.64008 -0.55281 0.40226
1403638575.9778294563 2.90930 -5.79377 0.20585 0.35007 0.64067 -0.55190 0.40299
1403638576.0778295994 2.86731 -5.93739 0.23640 0.35094 0.64153 -0.55039 0.40293
1403638576.1778295040 2.82757 -6.08913 0.27197 0.35192 0.64018 -0.54985 0.40494
1403638576.2778294086 2.79144 -6.24665 0.30457 0.35609 0.64072 -0.54727 0.40394
1403638576.3778295517 2.75702 -6.40552 0.33165 0.36073 0.64242 -0.54419 0.40129
1403638576.4778294563 2.72846 -6.56952 0.35264 0.36452 0.64500 -0.54167 0.39711
1403638576.5778295994 2.70545 -6.73767 0.36807 0.36900 0.64905 -0.53865 0.39042
1403638576.6778295040 2.68865 -6.90614 0.37979 0.37216 0.65055 -0.53633 0.38811
1403638576.7778294086 2.68110 -7.07780 0.38755 0.37726 0.64812 -0.53261 0.39235
1403638576.8778295517 2.68141 -7.24881 0.39015 0.38020 0.64324 -0.53062 0.40018
1403638576.9778294563 2.69111 -7.42039 0.38744 0.37846 0.63678 -0.53229 0.40980
1403638577.0778295994 2.71004 -7.58949 0.38317 0.37435 0.63278 -0.53560 0.41543
1403638577.1778295040 2.73113 -7.75606 0.38599 0.37157 0.63001 -0.53752 0.41962
1403638577.2778294086 2.75443 -7.91815 0.39480 0.37186 0.63051 -0.53711 0.41916
1403638577.3778295517 2.77990 -8.07730 0.41283 0.37830 0.63489 -0.53209 0.41314
1403638577.4778294563 2.81085 -8.23265 0.43658 0.38249 0.63734 -0.52882 0.40969
1403638577.5778295994 2.84503 -8.38291 0.45706 0.37952 0.63715 -0.53046 0.41064
1403638577.6778295040 2.88576 -8.53496 0.47156 0.37601 0.63586 -0.53279 0.41284
1403638577.7778294086 2.93244 -8.68403 0.47828 0.37310 0.63518 -0.53454 0.41425
1403638577.8778295517 2.98340 -8.83239 0.48014 0.37283 0.63543 -0.53435 0.41437
1403638577.9778294563 3.03506 -8.97712 0.47950 0.37341 0.63605 -0.53294 0.41471
1403638578.0778295994 3.08937 -9.12261 0.48596 0.37247 0.63533 -0.53280 0.41683
1403638578.1778295040 3.15166 -9.26657 0.49816 0.36777 0.63201 -0.53549 0.42256
1403638578.2778294086 3.21370 -9.41326 0.51612 0.35952 0.62706 -0.54095 0.43002
1403638578.3778295517 3.27364 -9.55838 0.53355 0.35751 0.62467 -0.54255 0.43314
1403638578.4778294563 3.33169 -9.69803 0.54460 0.35784 0.62436 -0.54276 0.43306
1403638578.5778295994 3.38565 -9.83343 0.55076 0.35777 0.62406 -0.54311 0.43310
1403638578.6778295040 3.44109 -9.96858 0.55319 0.36019 0.62396 -0.54201 0.43262
1403638578.7778294086 3.48876 -10.10188 0.55214 0.36515 0.62691 -0.53844 0.42865
1403638578.8778295517 3.54458 -10.23174 0.54809 0.37026 0.62985 -0.53490 0.42436
1403638578.9778294563 3.59065 -10.35929 0.54288 0.37251 0.63157 -0.53236 0.42302
1403638579.0778295994 3.64431 -10.49194 0.54588 0.37293 0.63237 -0.53120 0.42291
1403638579.1778295040 3.69727 -10.61449 0.55691 0.37314 0.63277 -0.53016 0.42344
1403638579.2778294086 3.75621 -10.73464 0.57569 0.37086 0.63175 -0.53121 0.42564
1403638579.3778295517 3.82331 -10.85606 0.59276 0.36543 0.62856 -0.53470 0.43066
1403638579.4778294563 3.88776 -10.97719 0.60828 0.35984 0.62424 -0.53860 0.43674
1403638579.5778295994 3.95244 -11.09757 0.61486 0.35866 0.62145 -0.53622 0.44456
1403638579.6778295040 4.01478 -11.21501 0.61702 0.36128 0.62235 -0.52413 0.45546
1403638579.7778294086 4.07368 -11.32539 0.61431 0.36015 0.63319 -0.50534 0.46259
1403638579.8778295517 4.13278 -11.42483 0.60441 0.34979 0.65332 -0.48459 0.46474
1403638579.9778294563 4.18730 -11.51902 0.58954 0.33244 0.67338 -0.46022 0.47354
1403638580.0778295994 4.24519 -11.60988 0.57283 0.31838 0.68818 -0.42650 0.49310
1403638580.1778295040 4.30972 -11.69484 0.55339 0.29904 0.70284 -0.39021 0.51412
1403638580.2778294086 4.36549 -11.76736 0.53010 0.27252 0.72020 -0.35611 0.52937
1403638580.3778295517 4.42124 -11.83402 0.50118 0.24241 0.73640 -0.33040 0.53833
1403638580.4778294563 4.46608 -11.89606 0.46776 0.21567 0.74806 -0.31416 0.54332
1403638580.5778295994 4.50748 -11.95441 0.43340 0.19815 0.75528 -0.30128 0.54728
1403638580.6778295040 4.54851 -12.00714 0.39944 0.18311 0.76556 -0.28670 0.54608
1403638580.7778294086 4.58590 -12.05855 0.37242 0.17321 0.77572 -0.27203 0.54245
1403638580.8778295517 4.61991 -12.11326 0.35365 0.16826 0.78267 -0.26115 0.53936
1403638580.9778294563 4.65717 -12.16703 0.34530 0.16231 0.78399 -0.25764 0.54095
1403638581.0778295994 4.69260 -12.21841 0.34577 0.16096 0.78498 -0.25562 0.54089
1403638581.1778295040 4.72898 -12.27162 0.35303 0.16328 0.78478 -0.25426 0.54112
1403638581.2778294086 4.76094 -12.32333 0.36103 0.16705 0.78460 -0.25408 0.54032
1403638581.3778295517 4.79666 -12.37262 0.37347 0.17014 0.78323 -0.25480 0.54100
1403638581.4778294563 4.82860 -12.42245 0.38576 0.17282 0.78090 -0.25619 0.54286
1403638581.5778295994 4.86050 -12.46484 0.41017 0.17570 0.78012 -0.25813 0.54213
1403638581.6778295040 4.89716 -12.50320 0.42601 0.18122 0.77563 -0.25807 0.54676
1403638581.7778294086 4.92566 -12.53459 0.44479 0.18298 0.77216 -0.25936 0.55047
1403638581.8778295517 4.94980 -12.55643 0.45965 0.18584 0.76914 -0.25938 0.55372
1403638581.9778294563 4.98976 -12.58306 0.45900 0.19015 0.76145 -0.25801 0.56344
1403638582.0778295994 5.00637 -12.59348 0.46946 0.18918 0.76325 -0.25951 0.56064
1403638582.1778295040 5.02113 -12.60094 0.48625 0.18501 0.77070 -0.26271 0.55026
1403638582.2778294086 5.04169 -12.61702 0.50710 0.18518 0.77363 -0.26295 0.54594
1403638582.3778295517 5.04772 -12.62531 0.54751 0.18749 0.77093 -0.26028 0.55024
1403638582.4778294563 5.06297 -12.63842 0.58835 0.18943 0.77004 -0.25849 0.55166
1403638582.5778295994 5.07768 -12.64620 0.64097 0.19041 0.76998 -0.25727 0.55198
1403638582.6778295040 5.09181 -12.64928 0.70437 0.19004 0.77177 -0.25717 0.54966
1403638582.7778294086 5.10886 -12.64962 0.77235 0.18804 0.77385 -0.25905 0.54652
1403638582.8778295517 5.12481 -12.64642 0.84296 0.18820 0.77579 -0.25956 0.54347
1403638582.9778294563 5.13940 -12.63967 0.90709 0.18701 0.77839 -0.26100 0.53946
1403638583.0778295994 5.15151 -12.62865 0.96365 0.18591 0.78122 -0.26266 0.53493
1403638583.1778295040 5.16505 -12.61673 1.01265 0.18556 0.78319 -0.26324 0.53187
1403638583.2778294086 5.18079 -12.60172 1.05539 0.18425 0.78419 -0.26441 0.53028
1403638583.3778295517 5.21142 -12.58798 1.08987 0.18423 0.78392 -0.26483 0.53047
1403638583.4778294563 5.22576 -12.56851 1.12784 0.18435 0.78524 -0.26476 0.52849
1403638583.5778295994 5.24506 -12.54760 1.17096 0.18450 0.78568 -0.26452 0.52792
1403638583.6778295040 5.26290 -12.52611 1.22200 0.18616 0.78652 -0.26318 0.52675
1403638583.7778294086 5.28254 -12.50402 1.27364 0.18570 0.78667 -0.26321 0.52668
1403638583.8778295517 5.32743 -12.48150 1.30610 0.18519 0.78485 -0.26467 0.52883
1403638583.9778294563 5.34958 -12.45360 1.34691 0.18539 0.78541 -0.26454 0.52800
1403638584.0778295994 5.37429 -12.42651 1.38042 0.18825 0.78253 -0.26235 0.53233
1403638584.1778295040 5.41695 -12.38960 1.40156 0.19309 0.77350 -0.25943 0.54508
1403638584.2778294086 5.45288 -12.35033 1.42895 0.19602 0.76525 -0.25729 0.55657
1403638584.3778295517 5.48735 -12.30406 1.43800 0.19756 0.76218 -0.25638 0.56064
1403638584.4778294563 5.52048 -12.24839 1.44174 0.19859 0.76175 -0.25610 0.56099
1403638584.5778295994 5.52999 -12.18859 1.45376 0.19804 0.76230 -0.25633 0.56033
1403638584.6778295040 5.53632 -12.11492 1.47353 0.19576 0.76429 -0.25777 0.55776
1403638584.7778294086 5.55300 -12.02550 1.48834 0.19169 0.77032 -0.26080 0.54941
1403638584.8778295517 5.54992 -11.93772 1.51805 0.18498 0.77772 -0.26558 0.53888
1403638584.9778294563 5.55618 -11.84370 1.53366 0.18267 0.78050 -0.26800 0.53444
1403638585.0778295994 5.55630 -11.75530 1.54236 0.18169 0.78106 -0.26886 0.53352
1403638585.1778295040 5.55170 -11.66202 1.55851 0.17941 0.78101 -0.27046 0.53357
1403638585.2778294086 5.56708 -11.57109 1.54554 0.18113 0.77894 -0.26950 0.53648
1403638585.3778295517 5.56818 -11.47596 1.55028 0.18209 0.77709 -0.26900 0.53909
1403638585.4778294563 5.56869 -11.39790 1.52843 0.18235 0.77679 -0.26898 0.53944
1403638585.5778295994 5.56956 -11.30047 1.53702 0.18177 0.77862 -0.26917 0.53690
1403638585.6778295040 5.57178 -11.22173 1.53154 0.18170 0.78058 -0.26878 0.53427
1403638585.7778294086 5.57257 -11.12592 1.55611 0.17853 0.78546 -0.27117 0.52693
1403638585.8778295517 5.57407 -11.05506 1.57048 0.17531 0.78883 -0.27268 0.52216
1403638585.9778294563 5.58299 -10.98158 1.59871 0.17346 0.78844 -0.27443 0.52246
1403638586.0778295994 5.59814 -10.90358 1.63428 0.17582 0.78434 -0.27374 0.52817
1403638586.1778295040 5.61519 -10.82021 1.66842 0.17792 0.78171 -0.27337 0.53155
1403638586.2778294086 5.62782 -10.74427 1.69446 0.18031 0.77918 -0.27224 0.53502
1403638586.3778295517 5.64568 -10.66072 1.71795 0.18652 0.77641 -0.26855 0.53877
1403638586.4778294563 5.65828 -10.58867 1.73361 0.19436 0.77512 -0.26362 0.54029
1403638586.5778295994 5.67176 -10.50583 1.74723 0.19650 0.77478 -0.26230 0.54065
1403638586.6778295040 5.68511 -10.41778 1.74918 0.19369 0.77547 -0.26459 0.53955
1403638586.7778294086 5.70183 -10.32041 1.74911 0.19003 0.77518 -0.26725 0.53997
1403638586.8778295517 5.71612 -10.22838 1.73913 0.18816 0.77397 -0.26829 0.54184
1403638586.9778294563 5.72802 -10.13078 1.72928 0.18842 0.77398 -0.26797 0.54188
1403638587.0778295994 5.74405 -10.03084 1.71064 0.18802 0.77371 -0.26864 0.54208
1403638587.1778295040 5.75608 -9.93197 1.70248 0.18755 0.77518 -0.26844 0.54025
1403638587.2778294086 5.77023 -9.83667 1.69450 0.18708 0.77672 -0.26861 0.53810
1403638587.3778295517 5.77539 -9.73234 1.70247 0.18626 0.77841 -0.26909 0.53570
1403638587.4778294563 5.78552 -9.63555 1.70389 0.18462 0.77806 -0.27100 0.53581
1403638587.5778295994 5.79404 -9.53342 1.71079 0.18382 0.77819 -0.27193 0.53542
1403638587.6778295040 5.80747 -9.44676 1.69845 0.18382 0.77751 -0.27234 0.53622
1403638587.7778294086 5.81598 -9.34210 1.69442 0.18397 0.77726 -0.27279 0.53629
1403638587.8778295517 5.82665 -9.25047 1.67759 0.18336 0.77658 -0.27396 0.53689
1403638587.9778294563 5.83792 -9.14700 1.66528 0.18327 0.77644 -0.27443 0.53689
1403638588.0778295994 5.84086 -9.05669 1.64382 0.18419 0.77613 -0.27329 0.53760
1403638588.1778295040 5.84405 -8.95515 1.62481 0.19065 0.77748 -0.26868 0.53572
1403638588.2778294086 5.84955 -8.85743 1.60455 0.19334 0.77864 -0.26603 0.53438
1403638588.3778295517 5.85855 -8.75154 1.59217 0.19419 0.77936 -0.26512 0.53348
1403638588.4778294563 5.86608 -8.64648 1.58905 0.19222 0.77955 -0.26607 0.53344
1403638588.5778295994 5.87287 -8.53563 1.59293 0.18997 0.77888 -0.26759 0.53447
1403638588.6778295040 5.87957 -8.42686 1.60529 0.18756 0.77816 -0.26867 0.53581
1403638588.7778294086 5.88661 -8.31122 1.62272 0.18610 0.77674 -0.26987 0.53778
1403638588.8778295517 5.89159 -8.20247 1.63602 0.18357 0.77607 -0.27216 0.53847
1403638588.9778294563 5.89601 -8.09097 1.64165 0.18384 0.77605 -0.27243 0.53826
1403638589.0778295994 5.90445 -7.98230 1.63998 0.18436 0.77642 -0.27268 0.53743
1403638589.1778295040 5.91146 -7.87056 1.63206 0.18601 0.77644 -0.27183 0.53726
1403638589.2778294086 5.91292 -7.76055 1.62170 0.18573 0.77562 -0.27205 0.53843
1403638589.3778295517 5.91389 -7.64460 1.60904 0.18612 0.77569 -0.27163 0.53841
1403638589.4778294563 5.91372 -7.53101 1.60179 0.18558 0.77661 -0.27223 0.53697
1403638589.5778295994 5.90858 -7.41672 1.59888 0.18493 0.77653 -0.27242 0.53720
1403638589.6778295040 5.91459 -7.30894 1.60363 0.18452 0.77706 -0.27252 0.53654
1403638589.7778294086 5.91154 -7.19486 1.61587 0.18492 0.77858 -0.27277 0.53405
1403638589.8778295517 5.90491 -7.08415 1.62909 0.18479 0.77914 -0.27367 0.53282
1403638589.9778294563 5.89866 -6.97292 1.63422 0.18493 0.77915 -0.27420 0.53248
1403638590.0778295994 5.88883 -6.85678 1.63499 0.18464 0.77896 -0.27516 0.53236
1403638590.1778295040 5.88258 -6.74338 1.63080 0.18538 0.77804 -0.27532 0.53337
1403638590.2778294086 5.87849 -6.63242 1.62323 0.18551 0.77742 -0.27586 0.53395
1403638590.3778295517 5.86794 -6.51704 1.61291 0.18580 0.77790 -0.27625 0.53295
1403638590.4778294563 5.85920 -6.40825 1.60107 0.18600 0.77864 -0.27676 0.53154
1403638590.5778295994 5.84881 -6.29840 1.58865 0.18491 0.77965 -0.27748 0.53005
1403638590.6778295040 5.84207 -6.18835 1.58529 0.18299 0.78138 -0.27850 0.52763
1403638590.7778294086 5.83451 -6.07731 1.59017 0.18238 0.78232 -0.27897 0.52620
1403638590.8778295517 5.83301 -5.97694 1.59858 0.18274 0.78320 -0.27885 0.52483
1403638590.9778294563 5.82598 -5.87101 1.61737 0.18163 0.78385 -0.27964 0.52383
1403638591.0778295994 5.82098 -5.76811 1.63449 0.18020 0.78443 -0.28124 0.52259
1403638591.1778295040 5.81467 -5.66645 1.65202 0.17892 0.78866 -0.28238 0.51600
1403638591.2778294086 5.81728 -5.56873 1.65528 0.17638 0.79409 -0.28489 0.50709
1403638591.3778295517 5.82265 -5.47759 1.65285 0.17304 0.79790 -0.28764 0.50067
1403638591.4778294563 5.83411 -5.39005 1.64367 0.17057 0.80021 -0.28990 0.49651
1403638591.5778295994 5.84805 -5.31120 1.62977 0.16793 0.80258 -0.29224 0.49221
1403638591.6778295040 5.86950 -5.24132 1.61099 0.16705 0.80253 -0.29336 0.49192
1403638591.7778294086 5.89878 -5.17918 1.59174 0.16934 0.80043 -0.29247 0.49507
1403638591.8778295517 5.93647 -5.13091 1.57755 0.17060 0.79822 -0.29165 0.49868
1403638591.9778294563 5.97943 -5.09210 1.57068 0.17156 0.79566 -0.29088 0.50286
1403638592.0778295994 6.03192 -5.06013 1.56492 0.17229 0.79272 -0.28991 0.50780
1403638592.1778295040 6.08375 -5.03299 1.57721 0.17058 0.78995 -0.28816 0.51366
1403638592.2778294086 6.14170 -5.01382 1.59519 0.16599 0.78430 -0.28294 0.52657
1403638592.3778295517 6.19854 -4.99999 1.62327 0.15752 0.78153 -0.27421 0.53778
1403638592.4778294563 6.25001 -4.99344 1.66047 0.14585 0.78410 -0.26066 0.54403
1403638592.5778295994 6.29365 -4.99446 1.70524 0.13770 0.79164 -0.24663 0.54177
1403638592.6778295040 6.33098 -5.00183 1.75683 0.13076 0.79908 -0.23559 0.53747
1403638592.7778294086 6.36544 -5.01298 1.80785 0.12506 0.80622 -0.22822 0.53131
1403638592.8778295517 6.39874 -5.02782 1.85288 0.12048 0.81124 -0.22344 0.52673
1403638592.9778294563 6.43607 -5.04661 1.89179 0.11920 0.81376 -0.21976 0.52468
1403638593.0778295994 6.48138 -5.06721 1.92418 0.11806 0.81437 -0.21845 0.52453
1403638593.1778295040 6.53297 -5.09218 1.95878 0.11816 0.81278 -0.21770 0.52729
1403638593.2778294086 6.59095 -5.11934 1.99774 0.12507 0.80966 -0.21388 0.53204
1403638593.3778295517 6.65019 -5.14659 2.04440 0.13434 0.80656 -0.20890 0.53644
1403638593.4778294563 6.70939 -5.17559 2.08847 0.14262 0.80227 -0.20504 0.54221
1403638593.5778295994 6.76769 -5.20400 2.12530 0.14711 0.79951 -0.20363 0.54560
1403638593.6778295040 6.82583 -5.22877 2.15521 0.14970 0.79845 -0.20301 0.54668
1403638593.7778294086 6.88397 -5.24834 2.17964 0.15107 0.79521 -0.20317 0.55095
1403638593.8778295517 6.93847 -5.26537 2.20407 0.14709 0.78486 -0.20303 0.56668
1403638593.9778294563 6.99125 -5.27608 2.23299 0.14048 0.78167 -0.19974 0.57390
1403638594.0778295994 7.03759 -5.27957 2.26464 0.13213 0.78696 -0.19780 0.56931
1403638594.1778295040 7.07676 -5.28251 2.29987 0.12971 0.79290 -0.19326 0.56315
1403638594.2778294086 7.11135 -5.28055 2.33241 0.13028 0.79511 -0.18856 0.56149
1403638594.3778295517 7.14062 -5.27388 2.36323 0.13284 0.79408 -0.18374 0.56394
1403638594.4778294563 7.16978 -5.26508 2.39880 0.13655 0.79285 -0.17840 0.56650
1403638594.5778295994 7.19280 -5.25113 2.43819 0.13099 0.79259 -0.18041 0.56753
1403638594.6778295040 7.21306 -5.23673 2.48614 0.12527 0.79285 -0.18357 0.56745
1403638594.7778294086 7.22648 -5.21669 2.52700 0.12311 0.79301 -0.18551 0.56706
1403638594.8778295517 7.23948 -5.19581 2.56666 0.12158 0.79300 -0.18713 0.56688
1403638594.9778294563 7.25026 -5.17130 2.59385 0.12256 0.79442 -0.18767 0.56450
1403638595.0778295994 7.25874 -5.14700 2.61567 0.12114 0.79527 -0.18951 0.56298
1403638595.1778295040 7.26530 -5.12232 2.63127 0.12091 0.79550 -0.19071 0.56231
1403638595.2778294086 7.27150 -5.09723 2.64094 0.12139 0.79575 -0.19096 0.56176
1403638595.3778295517 7.27884 -5.07344 2.65729 0.12099 0.79611 -0.19153 0.56114
1403638595.4778294563 7.28018 -5.04995 2.65403 0.12084 0.79628 -0.19166 0.56089
1403638595.5778295994 7.28221 -5.02506 2.65139 0.12078 0.79711 -0.19128 0.55985
1403638595.6778295040 7.28282 -5.00124 2.65545 0.12286 0.79741 -0.18940 0.55961
1403638595.7778294086 7.28124 -4.97602 2.66420 0.12684 0.79851 -0.18624 0.55822
1403638595.8778295517 7.28038 -4.94869 2.66994 0.12797 0.79896 -0.18543 0.55758
1403638595.9778294563 7.27916 -4.91964 2.66204 0.13022 0.79884 -0.18398 0.55771
1403638596.0778295994 7.28423 -4.88928 2.65825 0.13732 0.80075 -0.17873 0.55498
1403638596.1778295040 7.28495 -4.85501 2.63668 0.14820 0.80247 -0.17064 0.55223
1403638596.2778294086 7.28431 -4.81262 2.62119 0.15931 0.80446 -0.16210 0.54881
1403638596.3778295517 7.28817 -4.75900 2.62664 0.16820 0.80533 -0.15434 0.54711
1403638596.4778294563 7.29741 -4.69343 2.62959 0.17379 0.80509 -0.14945 0.54707
1403638596.5778295994 7.30909 -4.61754 2.65005 0.18038 0.80622 -0.14394 0.54476
1403638596.6778295040 7.32717 -4.52202 2.66814 0.18801 0.80637 -0.13806 0.54348
1403638596.7778294086 7.35007 -4.40852 2.69451 0.19202 0.80625 -0.13483 0.54306
1403638596.8778295517 7.37476 -4.28288 2.73616 0.19563 0.80562 -0.13190 0.54343
1403638596.9778294563 7.41473 -4.13552 2.76847 0.19779 0.80393 -0.13128 0.54529
1403638597.0778295994 7.45430 -3.97654 2.80250 0.20101 0.80292 -0.13035 0.54583
1403638597.1778295040 7.49781 -3.80649 2.82869 0.20351 0.80102 -0.13012 0.54774
1403638597.2778294086 7.54409 -3.62276 2.84828 0.20181 0.79785 -0.13389 0.55207
1403638597.3778295517 7.58633 -3.42374 2.86226 0.19801 0.79571 -0.13877 0.55532
1403638597.4778294563 7.64102 -3.20806 2.87408 0.19019 0.79200 -0.14648 0.56135
1403638597.5778295994 7.69312 -2.98554 2.87940 0.17816 0.78667 -0.15696 0.56988
1403638597.6778295040 7.74404 -2.75474 2.88065 0.17432 0.78415 -0.16151 0.57327
1403638597.7778294086 7.79658 -2.51430 2.87689 0.17894 0.78613 -0.15684 0.57042
1403638597.8778295517 7.85497 -2.26003 2.86896 0.18427 0.78928 -0.14586 0.56729
1403638597.9778294563 7.91306 -1.99178 2.85850 0.18652 0.79130 -0.13719 0.56588
1403638598.0778295994 7.97604 -1.70812 2.85249 0.18142 0.79139 -0.13509 0.56793
1403638598.1778295040 8.03660 -1.41136 2.85359 0.16098 0.79236 -0.14512 0.57026
1403638598.2778294086 8.09449 -1.10983 2.85848 0.14480 0.79368 -0.15440 0.57032
1403638598.3778295517 8.15017 -0.80330 2.86084 0.13483 0.79519 -0.16029 0.56904
1403638598.4778294563 8.20157 -0.49730 2.85797 0.13110 0.79741 -0.16269 0.56611
1403638598.5778295994 8.25327 -0.19045 2.84892 0.12711 0.79966 -0.16112 0.56429
1403638598.6778295040 8.30672 0.11427 2.83427 0.12391 0.80234 -0.15344 0.56333
1403638598.7778294086 8.35321 0.41003 2.82090 0.11594 0.80501 -0.14339 0.56388
1403638598.8778295517 8.39504 0.70226 2.81337 0.10703 0.80681 -0.12909 0.56651
1403638598.9778294563 8.43210 0.98729 2.80914 0.09676 0.80997 -0.11323 0.56724
1403638599.0778295994 8.46862 1.27026 2.81071 0.08460 0.81209 -0.09669 0.56922
1403638599.1778295040 8.50168 1.55502 2.81927 0.07258 0.81407 -0.07954 0.57070
1403638599.2778294086 8.52814 1.83572 2.83266 0.06134 0.81677 -0.06052 0.57049
1403638599.3778295517 8.55327 2.11609 2.85304 0.04861 0.82062 -0.04339 0.56775
1403638599.4778294563 8.57324 2.39936 2.87852 0.03940 0.82326 -0.03056 0.56547
1403638599.5778295994 8.59928 2.68593 2.90173 0.03418 0.82591 -0.02247 0.56232
1403638599.6778295040 8.62760 2.96819 2.91537 0.03007 0.82759 -0.01787 0.56024
1403638599.7778294086 8.65724 3.24591 2.91960 0.02854 0.82776 -0.01641 0.56012
1403638599.8778295517 8.68254 3.52042 2.91739 0.02646 0.82895 -0.01833 0.55839
1403638599.9778294563 8.70777 3.79425 2.91200 0.02259 0.82888 -0.02348 0.55848
1403638600.0778295994 8.73775 4.06765 2.90333 0.01593 0.82976 -0.03111 0.55702
1403638600.1778295040 8.76849 4.33331 2.89015 0.00350 0.83095 -0.04291 0.55468
1403638600.2778294086 8.80145 4.59318 2.87132 -0.00644 0.83261 -0.05331 0.55124
1403638600.3778295517 8.83815 4.83788 2.85110 -0.01432 0.83364 -0.06190 0.54865
1403638600.4778294563 8.88368 5.06872 2.83642 -0.02048 0.83439 -0.06839 0.54653
1403638600.5778295994 8.93121 5.28760 2.83335 -0.01854 0.83513 -0.06928 0.54536
1403638600.6778295040 8.98481 5.49513 2.83907 -0.02098 0.83652 -0.07267 0.54270
1403638600.7778294086 9.04092 5.68661 2.85222 -0.02078 0.84025 -0.07285 0.53689
1403638600.8778295517 9.11004 5.85820 2.86883 -0.00999 0.84443 -0.06446 0.53168
1403638600.9778294563 9.18160 6.01215 2.88171 0.00664 0.84707 -0.05110 0.52897
1403638601.0778295994 9.25556 6.15431 2.88749 0.01578 0.84760 -0.04271 0.52868
1403638601.1778295040 9.34259 6.30073 2.88943 0.02401 0.84643 -0.03642 0.53071
1403638601.2778294086 9.43713 6.44200 2.88825 0.03383 0.84055 -0.02839 0.53993
1403638601.3778295517 9.53553 6.57800 2.88479 0.03132 0.83565 -0.02397 0.54785
1403638601.4778294563 9.63909 6.71863 2.88599 0.01835 0.83136 -0.01878 0.55511
1403638601.5778295994 9.74228 6.86189 2.89496 0.00765 0.82705 -0.00409 0.56206
1403638601.6778295040 9.84693 7.00556 2.90824 -0.00337 0.82502 0.01622 0.56485
1403638601.7778294086 9.94988 7.14896 2.92785 -0.01603 0.82285 0.04197 0.56649
1403638601.8778295517 10.05104 7.29216 2.95489 -0.03000 0.81882 0.07107 0.56884
1403638601.9778294563 10.14673 7.43841 2.98329 -0.04483 0.81641 0.09462 0.56790
1403638602.0778295994 10.23903 7.59299 3.00610 -0.05601 0.81531 0.11149 0.56542
1403638602.1778295040 10.31608 7.73854 3.02255 -0.06229 0.81095 0.12756 0.56764
1403638602.2778294086 10.39519 7.88750 3.03316 -0.07015 0.80434 0.14543 0.57180
1403638602.3778295517 10.48187 8.03993 3.04444 -0.09291 0.79365 0.15846 0.57999
1403638602.4778294563 10.55781 8.19306 3.06570 -0.12729 0.77166 0.16596 0.60067
1403638602.5778295994 10.62575 8.33647 3.09401 -0.16275 0.74977 0.17181 0.61793
1403638602.6778295040 10.67311 8.46340 3.12695 -0.18364 0.73950 0.18608 0.62032
1403638602.7778294086 10.69495 8.57687 3.16459 -0.19498 0.73535 0.20630 0.61537
1403638602.8778295517 10.68283 8.68326 3.20472 -0.20611 0.73198 0.22590 0.60885
1403638602.9778294563 10.66738 8.77276 3.24943 -0.22674 0.73191 0.24179 0.59534
1403638603.0778295994 10.64298 8.84400 3.29173 -0.24623 0.72687 0.25695 0.58737
1403638603.1778295040 10.61402 8.90100 3.32655 -0.25869 0.71964 0.27168 0.58429
1403638603.2778294086 10.57346 8.95220 3.35028 -0.25725 0.72754 0.28850 0.56681
1403638603.3778295517 10.52475 8.98275 3.36496 -0.25160 0.74076 0.30199 0.54478
1403638603.4778294563 10.47484 9.00971 3.37563 -0.24905 0.74910 0.30882 0.53052
1403638603.5778295994 10.42598 9.02883 3.38519 -0.25082 0.74670 0.31374 0.53018
1403638603.6778295040 10.37395 9.05192 3.39179 -0.25296 0.73864 0.31711 0.53839
1403638603.7778294086 10.32230 9.06995 3.38627 -0.24646 0.73003 0.32385 0.54903
1403638603.8778295517 10.26205 9.08430 3.38140 -0.23956 0.72253 0.32967 0.55846
1403638603.9778294563 10.19681 9.09462 3.37024 -0.23444 0.71571 0.33335 0.56716
1403638604.0778295994 10.12707 9.09975 3.34817 -0.22851 0.71225 0.33641 0.57211
1403638604.1778295040 10.04294 9.09983 3.33745 -0.22773 0.71163 0.33785 0.57235
1403638604.2778294086 9.94541 9.09718 3.32642 -0.23398 0.71560 0.33355 0.56737
1403638604.3778295517 9.83453 9.08534 3.32668 -0.24000 0.72297 0.33038 0.55729
1403638604.4778294563 9.71745 9.07296 3.33089 -0.23839 0.73085 0.33169 0.54682
1403638604.5778295994 9.59670 9.05775 3.34082 -0.23686 0.73549 0.33275 0.54058
1403638604.6778295040 9.47300 9.04035 3.34656 -0.23960 0.73877 0.33097 0.53598
1403638604.7778294086 9.35034 9.02438 3.34793 -0.24336 0.74066 0.32846 0.53322
1403638604.8778295517 9.22597 9.00310 3.34940 -0.24430 0.74381 0.32783 0.52876
1403638604.9778294563 9.10419 8.98209 3.35489 -0.24193 0.74977 0.32968 0.52022
1403638605.0778295994 8.98387 8.96686 3.36740 -0.23922 0.75655 0.33096 0.51076
1403638605.1778295040 8.87076 8.95344 3.38832 -0.23641 0.76074 0.33255 0.50477
1403638605.2778294086 8.76602 8.94294 3.41183 -0.23234 0.76194 0.33520 0.50310
1403638605.3778295517 8.66684 8.93486 3.43083 -0.22523 0.75779 0.33949 0.50968
1403638605.4778294563 8.56797 8.92620 3.44605 -0.21782 0.74803 0.34559 0.52305
1403638605.5778295994 8.46884 8.92356 3.45472 -0.21189 0.73984 0.35026 0.53391
1403638605.6778295040 8.36618 8.92501 3.45851 -0.20720 0.73414 0.35405 0.54106
1403638605.7778294086 8.25755 8.93262 3.46558 -0.20580 0.73322 0.35522 0.54209
1403638605.8778295517 8.14271 8.94575 3.48290 -0.20322 0.73319 0.35715 0.54182
1403638605.9778294563 8.02077 8.96682 3.50543 -0.19905 0.73249 0.35944 0.54281
1403638606.0778295994 7.89156 8.99224 3.52778 -0.19667 0.73261 0.36033 0.54293
1403638606.1778295040 7.75466 9.02066 3.54100 -0.19379 0.73211 0.36219 0.54340
1403638606.2778294086 7.61198 9.06102 3.54917 -0.19201 0.73322 0.36265 0.54223
1403638606.3778295517 7.46367 9.10969 3.54409 -0.19815 0.74131 0.35780 0.53215
1403638606.4778294563 7.31223 9.16676 3.53243 -0.20673 0.75108 0.35113 0.51946
1403638606.5778295994 7.16211 9.23110 3.51376 -0.21426 0.75941 0.34621 0.50748
1403638606.6778295040 7.01649 9.30351 3.48972 -0.22007 0.76268 0.34813 0.49869
1403638606.7778294086 6.87635 9.38227 3.46022 -0.22545 0.76282 0.35714 0.48962
1403638606.8778295517 6.74009 9.46505 3.43033 -0.23457 0.75940 0.36982 0.48118
1403638606.9778294563 6.61219 9.55363 3.40723 -0.24591 0.75245 0.38547 0.47410
1403638607.0778295994 6.49452 9.65412 3.39484 -0.25953 0.74403 0.40016 0.46790
1403638607.1778295040 6.38509 9.76180 3.39067 -0.27578 0.73453 0.40725 0.46750
1403638607.2778294086 6.28560 9.87097 3.38688 -0.28918 0.72117 0.41203 0.47595
1403638607.3778295517 6.18754 9.98082 3.37636 -0.30160 0.71269 0.41245 0.48062
1403638607.4778294563 6.08923 10.09322 3.35700 -0.30706 0.70980 0.41322 0.48078
1403638607.5778295994 5.99491 10.19916 3.33114 -0.30864 0.70885 0.41452 0.48006
1403638607.6778295040 5.90636 10.30037 3.30234 -0.30991 0.70707 0.41460 0.48178
1403638607.7778294086 5.82923 10.40109 3.26952 -0.30825 0.70562 0.41517 0.48448
1403638607.8778295517 5.75447 10.49870 3.23229 -0.30943 0.70783 0.41289 0.48245
1403638607.9778294563 5.68467 10.59194 3.19018 -0.31166 0.71223 0.40916 0.47769
1403638608.0778295994 5.62435 10.68317 3.14332 -0.31226 0.71110 0.40641 0.48131
1403638608.1778295040 5.57295 10.76379 3.09061 -0.30848 0.70792 0.40705 0.48785
1403638608.2778294086 5.51932 10.84213 3.03562 -0.30682 0.70332 0.40660 0.49586
1403638608.3778295517 5.48518 10.90668 2.97195 -0.30717 0.69713 0.40560 0.50512
1403638608.4778294563 5.43595 10.97829 2.90642 -0.30740 0.69691 0.40542 0.50543
1403638608.5778295994 5.39642 11.03560 2.83182 -0.30567 0.69802 0.40611 0.50439
1403638608.6778295040 5.33492 11.10168 2.76494 -0.31072 0.69509 0.40247 0.50826
1403638608.7778294086 5.29277 11.15532 2.69944 -0.31126 0.69529 0.40207 0.50797
1403638608.8778295517 5.24440 11.20253 2.63963 -0.31016 0.69872 0.40312 0.50307
1403638608.9778294563 5.18536 11.24763 2.58959 -0.30917 0.70290 0.40365 0.49740
1403638609.0778295994 5.13798 11.28432 2.54548 -0.30881 0.70566 0.40391 0.49349
1403638609.1778295040 5.08574 11.31941 2.50772 -0.31051 0.70612 0.40217 0.49319
1403638609.2778294086 5.03371 11.35303 2.47013 -0.31818 0.70607 0.39624 0.49317
1403638609.3778295517 4.99714 11.38832 2.42532 -0.31723 0.70629 0.39691 0.49293
1403638609.4778294563 4.95149 11.41327 2.37297 -0.31322 0.70638 0.39875 0.49388
1403638609.5778295994 4.91826 11.43161 2.31375 -0.30993 0.70626 0.40082 0.49445
1403638609.6778295040 4.88236 11.44898 2.24750 -0.30780 0.70547 0.40180 0.49611
1403638609.7778294086 4.85539 11.46075 2.18251 -0.30680 0.70543 0.40263 0.49612
1403638609.8778295517 4.82855 11.47160 2.12246 -0.30736 0.70562 0.40202 0.49600
1403638609.9778294563 4.79825 11.47724 2.07228 -0.30823 0.70509 0.40101 0.49703
1403638610.0778295994 4.76220 11.48409 2.02804 -0.31093 0.70320 0.39737 0.50093
1403638610.1778295040 4.73526 11.48728 1.98982 -0.31174 0.70023 0.39613 0.50555
1403638610.2778294086 4.71110 11.48526 1.94734 -0.31397 0.69885 0.39410 0.50766
1403638610.3778295517 4.68180 11.47801 1.89813 -0.31452 0.69874 0.39292 0.50838
1403638610.4778294563 4.65511 11.46355 1.83996 -0.31425 0.69742 0.39162 0.51136
1403638610.5778295994 4.63018 11.44863 1.78455 -0.31660 0.69232 0.38939 0.51849
1403638610.6778295040 4.60830 11.42392 1.72872 -0.32080 0.68726 0.38640 0.52484
1403638610.7778294086 4.58537 11.38976 1.67387 -0.31890 0.69254 0.38900 0.51708
1403638610.8778295517 4.55668 11.34724 1.62541 -0.31560 0.69899 0.39254 0.50766
1403638610.9778294563 4.52640 11.30189 1.58310 -0.31584 0.69961 0.39248 0.50670
1403638611.0778295994 4.49292 11.25519 1.53987 -0.31817 0.69696 0.39010 0.51071
1403638611.1778295040 4.46589 11.20418 1.49526 -0.31928 0.69614 0.39016 0.51109
1403638611.2778294086 4.43831 11.14768 1.44942 -0.31843 0.69601 0.39093 0.51122
1403638611.3778295517 4.41552 11.08301 1.40831 -0.31190 0.69395 0.39539 0.51460
1403638611.4778294563 4.38816 11.01025 1.37250 -0.29934 0.69020 0.40319 0.52102
1403638611.5778295994 4.36111 10.93525 1.34562 -0.29051 0.69014 0.40849 0.52197
1403638611.6778295040 4.33109 10.85345 1.32200 -0.28919 0.69246 0.40907 0.51916
1403638611.7778294086 4.30107 10.77366 1.29601 -0.29554 0.69787 0.40489 0.51157
1403638611.8778295517 4.26597 10.69563 1.26602 -0.30120 0.70321 0.40049 0.50437
1403638611.9778294563 4.24022 10.61549 1.23304 -0.30460 0.70625 0.39827 0.49981
1403638612.0778295994 4.21449 10.53489 1.20288 -0.30455 0.70814 0.39840 0.49706
1403638612.1778295040 4.18296 10.45362 1.17696 -0.30604 0.70936 0.39694 0.49556
1403638612.2778294086 4.15945 10.37500 1.16215 -0.30652 0.70938 0.39666 0.49546
1403638612.3778295517 4.13116 10.29374 1.15089 -0.30467 0.70905 0.39744 0.49645
1403638612.4778294563 4.10583 10.21406 1.13628 -0.30368 0.70802 0.39663 0.49917
1403638612.5778295994 4.07849 10.13120 1.11610 -0.30060 0.70596 0.39729 0.50341
1403638612.6778295040 4.05187 10.04906 1.08980 -0.29454 0.70431 0.39991 0.50722
1403638612.7778294086 4.03078 9.96632 1.05455 -0.29168 0.70319 0.40004 0.51031
1403638612.8778295517 4.00353 9.88294 1.02226 -0.29181 0.70204 0.39796 0.51344
1403638612.9778294563 3.97926 9.79830 0.99043 -0.29312 0.70244 0.39609 0.51358
1403638613.0778295994 3.94593 9.71542 0.96976 -0.29392 0.70520 0.39488 0.51027
1403638613.1778295040 3.90565 9.63261 0.95576 -0.29344 0.70763 0.39450 0.50746
1403638613.2778294086 3.86591 9.54790 0.94675 -0.29263 0.70794 0.39475 0.50731
1403638613.3778295517 3.82439 9.46301 0.94733 -0.29174 0.70772 0.39524 0.50775
1403638613.4778294563 3.78908 9.37830 0.94494 -0.29236 0.70711 0.39459 0.50874
1403638613.5778295994 3.74742 9.29402 0.93755 -0.29146 0.70821 0.39043 0.51095
1403638613.6778295040 3.70368 9.21116 0.92395 -0.29506 0.70872 0.38374 0.51322
1403638613.7778294086 3.65845 9.12588 0.90132 -0.29857 0.70732 0.37613 0.51873
1403638613.8778295517 3.61793 9.03494 0.87266 -0.29546 0.70920 0.36824 0.52358
1403638613.9778294563 3.57259 8.93936 0.83659 -0.28774 0.71486 0.35804 0.52725
1403638614.0778295994 3.52580 8.84250 0.79811 -0.27579 0.72271 0.34568 0.53117
1403638614.1778295040 3.47615 8.74315 0.75995 -0.26100 0.73274 0.33232 0.53341
1403638614.2778294086 3.42872 8.63777 0.72642 -0.25008 0.74115 0.31882 0.53527
1403638614.3778295517 3.37568 8.53250 0.69780 -0.24147 0.74758 0.30894 0.53607
1403638614.4778294563 3.32303 8.42490 0.67779 -0.23824 0.75199 0.29988 0.53649
1403638614.5778295994 3.27235 8.31354 0.66636 -0.23457 0.75599 0.29144 0.53714
1403638614.6778295040 3.22348 8.20425 0.66203 -0.23170 0.76072 0.27910 0.53826
1403638614.7778294086 3.17329 8.09095 0.66844 -0.22989 0.76981 0.26236 0.53452
1403638614.8778295517 3.12692 7.97541 0.68273 -0.22253 0.78026 0.24465 0.53087
1403638614.9778294563 3.08946 7.85532 0.70352 -0.20986 0.78878 0.22563 0.53186
1403638615.0778295994 3.06075 7.73072 0.72980 -0.19212 0.79547 0.20498 0.53694
1403638615.1778295040 3.04052 7.60955 0.76216 -0.17054 0.79809 0.18344 0.54801
1403638615.2778294086 3.02309 7.49288 0.80028 -0.14518 0.80017 0.16216 0.55889
1403638615.3778295517 3.00937 7.37849 0.83474 -0.12353 0.80316 0.13730 0.56641
1403638615.4778294563 2.99348 7.26742 0.86462 -0.10300 0.80624 0.11067 0.57194
1403638615.5778295994 2.97652 7.15357 0.88624 -0.08580 0.80932 0.08568 0.57471
1403638615.6778295040 2.95467 7.03713 0.90353 -0.07267 0.81112 0.06767 0.57639
1403638615.7778294086 2.93166 6.92349 0.92606 -0.06486 0.81211 0.05509 0.57727
1403638615.8778295517 2.90091 6.80797 0.95592 -0.05960 0.81299 0.04339 0.57759
1403638615.9778294563 2.87680 6.69682 0.98403 -0.05214 0.81450 0.03106 0.57697
1403638616.0778295994 2.84759 6.58395 1.00571 -0.04254 0.81484 0.01856 0.57782
1403638616.1778295040 2.81799 6.47048 1.01481 -0.03243 0.81557 0.00413 0.57773
1403638616.2778294086 2.78989 6.35791 1.00602 -0.02170 0.81590 -0.01459 0.57760
1403638616.3778295517 2.76270 6.24264 0.98107 -0.00872 0.81585 -0.03413 0.57719
1403638616.4778294563 2.73523 6.12563 0.94765 0.00132 0.81569 -0.05215 0.57614
1403638616.5778295994 2.70781 6.00764 0.91119 0.01012 0.81689 -0.06453 0.57309
1403638616.6778295040 2.68169 5.88870 0.87149 0.01521 0.82117 -0.07412 0.56565
1403638616.7778294086 2.65587 5.77067 0.82781 0.01150 0.82915 -0.08469 0.55245
1403638616.8778295517 2.63406 5.65125 0.78427 0.00707 0.83454 -0.09175 0.54322
1403638616.9778294563 2.61887 5.53217 0.75016 0.01255 0.83289 -0.08944 0.54602
1403638617.0778295994 2.60488 5.40795 0.72704 0.01822 0.82941 -0.08429 0.55194
1403638617.1778295040 2.59493 5.28053 0.71386 0.02436 0.82702 -0.07723 0.55631
1403638617.2778294086 2.59177 5.15467 0.70607 0.02634 0.82972 -0.07268 0.55280
1403638617.3778295517 2.59468 5.02934 0.70339 0.02616 0.83390 -0.07010 0.54682
1403638617.4778294563 2.60345 4.90483 0.70811 0.02593 0.83677 -0.06685 0.54284
1403638617.5778295994 2.61774 4.78057 0.71998 0.02584 0.83760 -0.06376 0.54193
1403638617.6778295040 2.63996 4.65672 0.73943 0.02686 0.83641 -0.05935 0.54422
1403638617.7778294086 2.66778 4.53836 0.76804 0.02709 0.83496 -0.05650 0.54673
1403638617.8778295517 2.70188 4.42177 0.80144 0.02789 0.83503 -0.05290 0.54695
1403638617.9778294563 2.74227 4.31028 0.83865 0.02574 0.83397 -0.05216 0.54873
1403638618.0778295994 2.78673 4.19899 0.87115 0.02481 0.83366 -0.05070 0.54938
1403638618.1778295040 2.83518 4.09231 0.89722 0.02222 0.83372 -0.05061 0.54942
1403638618.2778294086 2.88704 3.98836 0.91759 0.02259 0.83381 -0.04897 0.54941
1403638618.3778295517 2.94428 3.88673 0.93406 0.02220 0.83316 -0.04793 0.55050
1403638618.4778294563 3.00540 3.78642 0.94699 0.02182 0.83320 -0.04659 0.55057
1403638618.5778295994 3.06973 3.69089 0.96052 0.02293 0.83245 -0.04579 0.55173
1403638618.6778295040 3.13972 3.59410 0.96984 0.02652 0.83220 -0.04866 0.55170
1403638618.7778294086 3.21078 3.50358 0.98555 0.02903 0.83146 -0.05172 0.55241
1403638618.8778295517 3.28417 3.41844 1.00733 0.03161 0.82907 -0.05479 0.55556
1403638618.9778294563 3.36091 3.33560 1.03101 0.03816 0.82485 -0.06368 0.56045
1403638619.0778295994 3.43747 3.25455 1.04686 0.05046 0.82084 -0.07736 0.56365
1403638619.1778295040 3.51561 3.17590 1.05509 0.06443 0.81683 -0.09619 0.56515
1403638619.2778294086 3.59198 3.09741 1.05460 0.07822 0.81216 -0.12032 0.56550
1403638619.3778295517 3.67091 3.02488 1.04500 0.09466 0.80702 -0.14481 0.56462
1403638619.4778294563 3.74794 2.95471 1.03041 0.10564 0.80209 -0.16571 0.56394
1403638619.5778295994 3.82530 2.88891 1.01416 0.11241 0.79788 -0.18169 0.56368
1403638619.6778295040 3.89969 2.82631 0.99497 0.10897 0.79377 -0.19816 0.56462
1403638619.7778294086 3.97087 2.76245 0.97420 0.10566 0.79083 -0.20976 0.56518
1403638619.8778295517 4.03519 2.69438 0.95296 0.10565 0.78852 -0.21615 0.56600
1403638619.9778294563 4.09291 2.62965 0.92592 0.10695 0.78733 -0.21967 0.56605
1403638620.0778295994 4.15446 2.55876 0.90561 0.10958 0.78489 -0.22145 0.56824
1403638620.1778295040 4.20315 2.49154 0.88643 0.11443 0.78178 -0.22015 0.57207
1403638620.2778294086 4.25155 2.40723 0.88089 0.11698 0.78278 -0.21891 0.57065
1403638620.3778295517 4.29093 2.33166 0.87849 0.11952 0.78428 -0.21673 0.56890
1403638620.4778294563 4.33339 2.24808 0.88954 0.12037 0.78590 -0.21472 0.56724
1403638620.5778295994 4.36530 2.17674 0.89241 0.12009 0.78723 -0.21317 0.56605
1403638620.6778295040 4.39544 2.10219 0.89100 0.11706 0.78980 -0.21307 0.56314
1403638620.7778294086 4.42829 2.01715 0.89212 0.11335 0.79368 -0.21325 0.55835
1403638620.8778295517 4.45288 1.93917 0.88069 0.11644 0.79696 -0.20882 0.55470
1403638620.9778294563 4.47540 1.85997 0.86674 0.12086 0.79778 -0.20294 0.55476
1403638621.0778295994 4.50101 1.77203 0.85906 0.12419 0.79681 -0.19742 0.55741
1403638621.1778295040 4.52329 1.69473 0.84936 0.12304 0.79568 -0.19555 0.55993
1403638621.2778294086 4.55063 1.61675 0.85339 0.12325 0.79507 -0.19249 0.56180
1403638621.3778295517 4.57107 1.54395 0.85571 0.12496 0.79617 -0.18953 0.56087
1403638621.4778294563 4.59385 1.47408 0.85844 0.12540 0.79471 -0.18757 0.56350
1403638621.5778295994 4.61300 1.40730 0.85035 0.12566 0.79269 -0.18541 0.56698
1403638621.6778295040 4.62844 1.34333 0.83738 0.12542 0.79183 -0.18426 0.56861
1403638621.7778294086 4.64228 1.28211 0.82351 0.12635 0.79053 -0.18278 0.57069
1403638621.8778295517 4.65329 1.22641 0.80404 0.12833 0.78722 -0.18095 0.57539
1403638621.9778294563 4.66024 1.17423 0.78080 0.12877 0.78477 -0.18021 0.57885
1403638622.0778295994 4.66047 1.12512 0.75542 0.12711 0.78441 -0.18118 0.57941
1403638622.1778295040 4.65588 1.08160 0.72633 0.12387 0.78535 -0.18312 0.57823
1403638622.2778294086 4.64826 1.04138 0.70089 0.12103 0.78464 -0.18546 0.57905
1403638622.3778295517 4.63473 1.00323 0.68203 0.12145 0.78555 -0.18591 0.57757
1403638622.4778294563 4.61621 0.96671 0.67236 0.12483 0.78642 -0.18432 0.57618
1403638622.5778295994 4.59386 0.93405 0.66808 0.12801 0.78624 -0.18287 0.57619
1403638622.6778295040 4.56416 0.90239 0.67032 0.13185 0.78219 -0.18106 0.58139
1403638622.7778294086 4.53406 0.88548 0.68713 0.13537 0.77127 -0.17953 0.59547
1403638622.8778295517 4.49632 0.87316 0.70877 0.13751 0.76666 -0.17924 0.60099
1403638622.9778294563 4.44980 0.86962 0.72957 0.13582 0.77035 -0.18181 0.59586
1403638623.0778295994 4.38934 0.86031 0.74064 0.13144 0.77669 -0.18529 0.58749
1403638623.1778295040 4.32501 0.86071 0.74719 0.12606 0.78039 -0.18914 0.58252
1403638623.2778294086 4.25528 0.86243 0.74853 0.12264 0.78361 -0.19154 0.57813
1403638623.3778295517 4.18370 0.86776 0.74658 0.12015 0.78614 -0.19327 0.57462
1403638623.4778294563 4.10730 0.87167 0.73956 0.12052 0.78780 -0.19308 0.57233
1403638623.5778295994 4.02995 0.88088 0.73701 0.12185 0.78808 -0.19241 0.57189
1403638623.6778295040 3.94872 0.88623 0.73952 0.12318 0.78856 -0.19198 0.57109
1403638623.7778294086 3.86631 0.89718 0.75079 0.12527 0.78969 -0.19165 0.56918
1403638623.8778295517 3.78122 0.90965 0.76643 0.12661 0.79071 -0.19168 0.56745
1403638623.9778294563 3.69456 0.92155 0.77804 0.12810 0.79164 -0.19218 0.56565
1403638624.0778295994 3.60880 0.93635 0.78620 0.12647 0.79167 -0.19493 0.56503
1403638624.1778295040 3.52286 0.95200 0.78797 0.12418 0.79135 -0.19719 0.56521
1403638624.2778294086 3.43607 0.97035 0.78572 0.12222 0.79079 -0.19990 0.56547
1403638624.3778295517 3.34832 0.98581 0.77993 0.12178 0.79020 -0.20157 0.56580
1403638624.4778294563 3.26047 1.00473 0.77128 0.12323 0.78996 -0.20184 0.56572
1403638624.5778295994 3.16935 1.02119 0.75768 0.11932 0.78153 -0.20632 0.57654
1403638624.6778295040 3.07573 1.03647 0.74260 0.12130 0.77742 -0.20388 0.58253
1403638624.7778294086 2.97572 1.05582 0.73230 0.12608 0.78374 -0.19408 0.57636
1403638624.8778295517 2.87588 1.07596 0.72745 0.12737 0.78995 -0.18615 0.57018
1403638624.9778294563 2.77255 1.09402 0.73169 0.12006 0.79310 -0.18418 0.56803
1403638625.0778295994 2.66974 1.11366 0.73818 0.11250 0.79400 -0.18333 0.56859
1403638625.1778295040 2.56572 1.13243 0.73674 0.10618 0.79481 -0.18346 0.56864
1403638625.2778294086 2.46325 1.15167 0.73657 0.10419 0.79564 -0.18203 0.56830
1403638625.3778295517 2.35787 1.16876 0.73085 0.10304 0.79583 -0.18105 0.56856
1403638625.4778294563 2.25408 1.18764 0.73664 0.10208 0.79538 -0.18073 0.56947
1403638625.5778295994 2.14676 1.20031 0.74280 0.10259 0.79587 -0.17993 0.56893
1403638625.6778295040 2.03985 1.21185 0.75657 0.10263 0.79752 -0.17977 0.56667
1403638625.7778294086 1.93133 1.23157 0.77866 0.10113 0.80204 -0.18111 0.56009
1403638625.8778295517 1.82431 1.24256 0.78940 0.10110 0.80460 -0.18172 0.55621
1403638625.9778294563 1.71720 1.25096 0.80051 0.10202 0.80519 -0.18166 0.55521
1403638626.0778295994 1.61408 1.25760 0.80215 0.10037 0.80637 -0.18346 0.55320
1403638626.1778295040 1.51411 1.26464 0.80177 0.10062 0.80679 -0.18395 0.55238
1403638626.2778294086 1.41869 1.26769 0.79555 0.10369 0.80550 -0.18245 0.55420
1403638626.3778295517 1.32652 1.27381 0.78782 0.11165 0.80399 -0.17713 0.55657
1403638626.4778294563 1.23824 1.27779 0.77567 0.11429 0.80292 -0.17496 0.55824
1403638626.5778295994 1.15514 1.28207 0.76105 0.11484 0.80529 -0.17414 0.55497
1403638626.6778295040 1.07018 1.28499 0.74762 0.11350 0.80724 -0.17456 0.55228
1403638626.7778294086 0.98782 1.28893 0.73813 0.11061 0.81108 -0.17620 0.54670
1403638626.8778295517 0.91458 1.29508 0.73632 0.11006 0.81381 -0.17614 0.54275
1403638626.9778294563 0.84665 1.30022 0.74148 0.10940 0.81479 -0.17635 0.54134
1403638627.0778295994 0.78029 1.30327 0.74613 0.10873 0.81498 -0.17600 0.54130
1403638627.1778295040 0.72213 1.30262 0.74379 0.10813 0.81494 -0.17583 0.54154
1403638627.2778294086 0.66643 1.30076 0.74144 0.10932 0.81516 -0.17441 0.54143
1403638627.3778295517 0.61570 1.29909 0.73570 0.11125 0.81470 -0.17246 0.54236
1403638627.4778294563 0.56990 1.29940 0.72656 0.11147 0.81513 -0.17212 0.54177
1403638627.5778295994 0.52917 1.29762 0.71645 0.11260 0.81414 -0.17164 0.54317
1403638627.6778295040 0.49759 1.29611 0.69690 0.11476 0.81104 -0.17074 0.54762
1403638627.7778294086 0.46652 1.29628 0.68520 0.11656 0.80936 -0.16979 0.55002
1403638627.8778295517 0.43700 1.29949 0.67112 0.11750 0.80877 -0.16972 0.55071
1403638627.9778294563 0.40670 1.30331 0.65854 0.11771 0.81074 -0.16997 0.54768
1403638628.0778295994 0.38722 1.30250 0.63420 0.11827 0.81144 -0.17014 0.54648
1403638628.1778295040 0.36366 1.30126 0.62570 0.11895 0.81221 -0.17050 0.54507
1403638628.2778294086 0.34915 1.30631 0.61547 0.11890 0.81247 -0.17115 0.54448
1403638628.3778295517 0.34346 1.31386 0.59690 0.11762 0.81251 -0.17254 0.54426
1403638628.4778294563 0.33896 1.32788 0.59406 0.11214 0.80961 -0.17730 0.54820
1403638628.5778295994 0.34023 1.34291 0.59279 0.10486 0.80224 -0.18296 0.55852
1403638628.6778295040 0.33908 1.35154 0.59292 0.09963 0.79807 -0.18677 0.56415
1403638628.7778294086 0.32852 1.35310 0.57972 0.10134 0.79893 -0.18566 0.56300
1403638628.8778295517 0.32068 1.35640 0.57300 0.10571 0.79970 -0.18286 0.56201
1403638628.9778294563 0.31280 1.35931 0.56248 0.11058 0.80052 -0.17983 0.56089
1403638629.0778295994 0.30349 1.36241 0.55356 0.11520 0.80182 -0.17638 0.55920
1403638629.1778295040 0.29310 1.36826 0.54094 0.11730 0.80289 -0.17428 0.55789
1403638629.2778294086 0.28443 1.37252 0.53971 0.11785 0.80342 -0.17350 0.55725
1403638629.3778295517 0.27511 1.37973 0.53100 0.11860 0.80625 -0.17336 0.55303
1403638629.4778294563 0.26922 1.38813 0.52978 0.11711 0.81065 -0.17519 0.54629
1403638629.5778295994 0.26658 1.39852 0.52508 0.11353 0.81334 -0.17818 0.54208
1403638629.6778295040 0.27175 1.40730 0.52539 0.10278 0.81075 -0.18658 0.54526
1403638629.7778294086 0.27915 1.41254 0.52829 0.09639 0.80494 -0.19166 0.55321
1403638629.8778295517 0.28812 1.41472 0.52759 0.09509 0.79853 -0.19318 0.56214
1403638629.9778294563 0.29484 1.41021 0.51936 0.10602 0.79324 -0.18639 0.56990
1403638630.0778295994 0.29791 1.40625 0.50105 0.11565 0.79017 -0.17976 0.57441
1403638630.1778295040 0.29795 1.40294 0.47265 0.11951 0.79305 -0.17656 0.57062
1403638630.2778294086 0.29547 1.40183 0.43778 0.12017 0.79761 -0.17599 0.56427
1403638630.3778295517 0.29837 1.40167 0.41166 0.11618 0.81654 -0.17631 0.53729
1403638630.4778294563 0.32617 1.39257 0.42169 0.11624 0.79869 -0.17502 0.56388
1403638630.5778295994 0.34537 1.38966 0.41986 0.11596 0.79789 -0.17619 0.56470
1403638630.6778295040 0.36065 1.38917 0.39698 0.11471 0.81825 -0.17289 0.53612
1403638630.7778294086 0.36037 1.38450 0.39704 0.11350 0.82321 -0.16924 0.52990
1403638630.8778295517 0.35234 1.38869 0.40213 0.10708 0.82119 -0.17119 0.53373
1403638630.9778294563 0.35175 1.38892 0.40339 0.10778 0.82135 -0.17137 0.53329
1403638631.0778295994 0.35166 1.38884 0.40330 0.10827 0.82140 -0.17095 0.53325
1403638631.1778295040 0.35177 1.38876 0.40327 0.10821 0.82144 -0.17104 0.53317
1403638631.2778294086 0.35172 1.38886 0.40330 0.10826 0.82157 -0.17088 0.53301
1403638631.3778295517 0.35176 1.38891 0.40330 0.10815 0.82174 -0.17092 0.53276
1403638631.4778294563 0.35193 1.38892 0.40330 0.10807 0.82171 -0.17103 0.53278
1403638631.5778295994 0.35197 1.38894 0.40318 0.10790 0.82166 -0.17110 0.53287
1403638631.6778295040 0.35213 1.38890 0.40319 0.10778 0.82167 -0.17131 0.53281
