1403638523.0778295994 0.00848 0.00457 0.33750 -0.07226 0.80428 0.01863 0.58954
1403638523.1778295040 0.01259 0.00018 0.37039 -0.07155 0.80370 0.01900 0.59042
1403638523.2778294086 0.01377 -0.00684 0.36829 -0.06229 0.80158 0.01875 0.59434
1403638523.3778295517 0.01627 -0.01160 0.34139 -0.05781 0.80074 0.01775 0.59595
1403638523.4778294563 0.01766 -0.01758 0.30055 -0.05317 0.80461 0.02026 0.59107
1403638523.5778295994 0.01557 -0.02468 0.25207 -0.04621 0.81401 0.02450 0.57849
1403638523.6778295040 0.01193 -0.03127 0.20295 -0.03929 0.82353 0.02735 0.56524
1403638523.7778294086 0.00758 -0.03710 0.15525 -0.03563 0.82817 0.03020 0.55852
1403638523.8778295517 0.00188 -0.04208 0.11176 -0.03227 0.82879 0.03303 0.55765
1403638523.9778294563 -0.00338 -0.04575 0.07967 -0.02293 0.82884 0.03893 0.55766
1403638524.0778295994 -0.00667 -0.04847 0.06704 -0.01580 0.83194 0.04711 0.55264
1403638524.1778295040 -0.00728 -0.04636 0.08617 -0.01631 0.83650 0.05198 0.54525
1403638524.2778294086 -0.00676 -0.04608 0.12952 -0.02246 0.83753 0.05296 0.54335
1403638524.3778295517 -0.00315 -0.04550 0.18440 -0.03180 0.83481 0.05133 0.54722
1403638524.4778294563 0.00299 -0.04451 0.24490 -0.03873 0.82823 0.04951 0.55685
1403638524.5778295994 0.01089 -0.04235 0.30494 -0.04181 0.81940 0.04812 0.56967
1403638524.6778295040 0.01947 -0.03942 0.35909 -0.03769 0.81295 0.04253 0.57956
1403638524.7778294086 0.02631 -0.03512 0.40001 -0.02488 0.80913 0.03730 0.58592
1403638524.8778295517 0.03125 -0.03075 0.42616 -0.02100 0.80765 0.03447 0.58828
1403638524.9778294563 0.03313 -0.02766 0.43604 -0.02746 0.80616 0.03673 0.58992
1403638525.0778295994 0.03432 -0.02646 0.42385 -0.02519 0.80348 0.04016 0.59344
1403638525.1778295040 0.03586 -0.02573 0.39052 -0.02288 0.80205 0.04472 0.59514
1403638525.2778294086 0.03454 -0.02731 0.34492 -0.02296 0.80476 0.04965 0.59107
1403638525.3778295517 0.03354 -0.02824 0.29147 -0.02549 0.81374 0.05457 0.57810
1403638525.4778294563 0.03053 -0.02846 0.23962 -0.03396 0.82608 0.05641 0.55969
1403638525.5778295994 0.02625 -0.03058 0.19445 -0.04018 0.83522 0.05588 0.54559
1403638525.6778295040 0.02394 -0.03293 0.15655 -0.04111 0.83819 0.05282 0.54125
1403638525.7778294086 0.02343 -0.03306 0.12628 -0.03823 0.83666 0.04689 0.54438
1403638525.8778295517 0.02260 -0.03415 0.10417 -0.03120 0.83302 0.04248 0.55072
1403638525.9778294563 0.01793 -0.04186 0.09204 -0.02277 0.83163 0.04122 0.55333
1403638526.0778295994 0.01442 -0.06156 0.09049 -0.01834 0.83326 0.03899 0.55120
1403638526.1778295040 0.01157 -0.09083 0.09807 -0.01654 0.83568 0.02985 0.54816
1403638526.2778294086 0.00713 -0.12659 0.11154 -0.01311 0.83476 0.02077 0.55007
1403638526.3778295517 -0.00007 -0.16661 0.12621 -0.01082 0.83061 0.01211 0.55662
1403638526.4778294563 -0.00969 -0.21081 0.13895 -0.00960 0.82549 0.00109 0.56434
1403638526.5778295994 -0.02031 -0.26050 0.14763 -0.00834 0.82013 -0.00990 0.57204
1403638526.6778295040 -0.03290 -0.31901 0.15467 -0.00403 0.81495 -0.01823 0.57923
1403638526.7778294086 -0.04850 -0.38283 0.16015 0.00433 0.81184 -0.02366 0.58339
1403638526.8778295517 -0.06612 -0.44735 0.16399 0.01226 0.81109 -0.02683 0.58418
1403638526.9778294563 -0.08407 -0.50901 0.16743 0.01655 0.81416 -0.03321 0.57946
1403638527.0778295994 -0.09962 -0.56694 0.17144 0.02425 0.81862 -0.04637 0.57194
1403638527.1778295040 -0.11169 -0.61860 0.17743 0.03204 0.82033 -0.06158 0.56766
1403638527.2778294086 -0.11908 -0.65898 0.18439 0.04355 0.81732 -0.07536 0.56957
1403638527.3778295517 -0.12097 -0.68223 0.19078 0.05899 0.81210 -0.08412 0.57440
1403638527.4778294563 -0.11782 -0.68471 0.19435 0.06930 0.80841 -0.08852 0.57778
1403638527.5778295994 -0.10944 -0.66565 0.19478 0.07230 0.80770 -0.08970 0.57823
1403638527.6778295040 -0.09548 -0.62571 0.19212 0.07064 0.80820 -0.08612 0.57827
1403638527.7778294086 -0.08164 -0.57981 0.19217 0.06526 0.80962 -0.07891 0.57795
1403638527.8778295517 -0.06644 -0.52575 0.19484 0.05143 0.81282 -0.07407 0.57549
1403638527.9778294563 -0.04742 -0.46611 0.19754 0.04147 0.81372 -0.06924 0.57562
1403638528.0778295994 -0.02757 -0.40708 0.19890 0.03493 0.81248 -0.06190 0.57863
1403638528.1778295040 -0.00758 -0.35245 0.19598 0.02540 0.81291 -0.05303 0.57941
1403638528.2778294086 0.01702 -0.30465 0.19116 0.01299 0.81440 -0.04238 0.57861
1403638528.3778295517 0.04656 -0.26882 0.18492 0.00582 0.81405 -0.03420 0.57976
1403638528.4778294563 0.08253 -0.24544 0.17995 0.00719 0.81326 -0.03073 0.58105
1403638528.5778295994 0.11782 -0.22774 0.17732 0.00838 0.81515 -0.03501 0.57813
1403638528.6778295040 0.15081 -0.21555 0.17791 0.00691 0.81643 -0.04241 0.57585
1403638528.7778294086 0.17736 -0.20691 0.18176 0.01167 0.81554 -0.04736 0.57665
1403638528.8778295517 0.19068 -0.20036 0.18929 0.00758 0.81454 -0.05462 0.57748
1403638528.9778294563 0.19193 -0.18857 0.20291 0.00049 0.81438 -0.06101 0.57712
1403638529.0778295994 0.17163 -0.18053 0.22009 0.00139 0.81534 -0.06207 0.57564
1403638529.1778295040 0.14253 -0.16322 0.23016 0.01804 0.81634 -0.05498 0.57467
1403638529.2778294086 0.10736 -0.14174 0.22931 0.02940 0.81835 -0.04875 0.57190
1403638529.3778295517 0.07444 -0.11336 0.21750 0.03329 0.82376 -0.04414 0.56424
1403638529.4778294563 0.04528 -0.09192 0.19591 0.03168 0.83402 -0.04143 0.54926
1403638529.5778295994 0.02196 -0.07659 0.17064 0.02919 0.84441 -0.03832 0.53353
1403638529.6778295040 0.00401 -0.06700 0.14600 0.03029 0.84844 -0.03514 0.52726
1403638529.7778294086 -0.00533 -0.05847 0.12280 0.02931 0.84499 -0.03417 0.53289
1403638529.8778295517 -0.00858 -0.05157 0.10149 0.02760 0.83869 -0.03496 0.54278
1403638529.9778294563 -0.01048 -0.04590 0.08650 0.02686 0.83618 -0.03487 0.54668
1403638530.0778295994 -0.00235 -0.04423 0.07542 0.02730 0.83768 -0.03525 0.54434
1403638530.1778295040 0.01068 -0.04478 0.06577 0.02820 0.83946 -0.03962 0.54123
1403638530.2778294086 0.02561 -0.04644 0.05579 0.03025 0.83911 -0.04561 0.54120
1403638530.3778295517 0.03897 -0.04987 0.04595 0.03267 0.83856 -0.05078 0.54146
1403638530.4778294563 0.05071 -0.05368 0.03853 0.03286 0.83841 -0.05464 0.54130
1403638530.5778295994 0.05850 -0.05793 0.03297 0.03206 0.83850 -0.05797 0.54086
1403638530.6778295040 0.06276 -0.06130 0.02805 0.03318 0.84156 -0.06019 0.53577
1403638530.7778294086 0.06582 -0.06339 0.02265 0.03322 0.84506 -0.06176 0.53005
1403638530.8778295517 0.06807 -0.06461 0.01811 0.03126 0.84579 -0.06114 0.52908
1403638530.9778294563 0.06927 -0.06491 0.01508 0.02994 0.84366 -0.06114 0.53255
1403638531.0778295994 0.06932 -0.06451 0.01314 0.03058 0.84029 -0.05976 0.53796
1403638531.1778295040 0.06916 -0.06278 0.01382 0.03117 0.83819 -0.05767 0.54143
1403638531.2778294086 0.06952 -0.06168 0.01235 0.03383 0.83707 -0.05628 0.54315
1403638531.3778295517 0.06941 -0.06089 0.01197 0.03367 0.83585 -0.05649 0.54501
1403638531.4778294563 0.06923 -0.06126 0.01207 0.03370 0.83487 -0.05685 0.54647
1403638531.5778295994 0.06905 -0.06134 0.01194 0.03425 0.83526 -0.05575 0.54594
1403638531.6778295040 0.06902 -0.06112 0.01181 0.03347 0.83544 -0.05635 0.54566
1403638531.7778294086 0.06910 -0.06119 0.01179 0.03375 0.83546 -0.05644 0.54561
1403638531.8778295517 0.06903 -0.06121 0.01175 0.03391 0.83557 -0.05637 0.54543
1403638531.9778294563 0.06906 -0.06127 0.01172 0.03412 0.83564 -0.05644 0.54530
1403638532.0778295994 0.06904 -0.06130 0.01167 0.03432 0.83571 -0.05637 0.54520
1403638532.1778295040 0.06904 -0.06129 0.01164 0.03430 0.83576 -0.05650 0.54510
1403638532.2778294086 0.06904 -0.06127 0.01163 0.03423 0.83581 -0.05674 0.54500
1403638532.3778295517 0.06902 -0.06127 0.01160 0.03419 0.83585 -0.05681 0.54493
1403638532.4778294563 0.06903 -0.06130 0.01159 0.03419 0.83589 -0.05697 0.54486
1403638532.5778295994 0.06900 -0.06130 0.01155 0.03427 0.83596 -0.05708 0.54474
1403638532.6778295040 0.06903 -0.06135 0.01155 0.03439 0.83600 -0.05714 0.54467
1403638532.7778294086 0.06899 -0.06138 0.01153 0.03455 0.83606 -0.05710 0.54456
1403638532.8778295517 0.06899 -0.06139 0.01153 0.03469 0.83610 -0.05718 0.54449
1403638532.9778294563 0.06899 -0.06142 0.01152 0.03473 0.83612 -0.05724 0.54444
1403638533.0778295994 0.06897 -0.06144 0.01150 0.03480 0.83616 -0.05733 0.54437
1403638533.1778295040 0.06898 -0.06146 0.01149 0.03484 0.83617 -0.05745 0.54434
1403638533.2778294086 0.06896 -0.06148 0.01147 0.03489 0.83618 -0.05755 0.54430
1403638533.3778295517 0.06895 -0.06150 0.01146 0.03502 0.83621 -0.05758 0.54425
1403638533.4778294563 0.06896 -0.06154 0.01146 0.03507 0.83623 -0.05766 0.54420
1403638533.5778295994 0.06894 -0.06154 0.01144 0.03510 0.83626 -0.05775 0.54416
1403638533.6778295040 0.06895 -0.06156 0.01143 0.03512 0.83626 -0.05787 0.54414
1403638533.7778294086 0.06893 -0.06157 0.01142 0.03519 0.83627 -0.05798 0.54411
1403638533.8778295517 0.06894 -0.06156 0.01140 0.03501 0.83633 -0.05776 0.54405
1403638533.9778294563 0.06898 -0.06163 0.01139 0.03519 0.83634 -0.05804 0.54399
1403638534.0778295994 0.06890 -0.06166 0.01137 0.03563 0.83628 -0.05854 0.54400
1403638534.1778295040 0.06891 -0.06168 0.01140 0.03534 0.83631 -0.05842 0.54399
1403638534.2778294086 0.06890 -0.06163 0.01142 0.03513 0.83640 -0.05832 0.54387
1403638534.3778295517 0.06892 -0.06163 0.01142 0.03521 0.83639 -0.05840 0.54388
1403638534.4778294563 0.06894 -0.06170 0.01137 0.03540 0.83641 -0.05872 0.54380
1403638534.5778295994 0.06894 -0.06170 0.01137 0.03528 0.83650 -0.05846 0.54369
1403638534.6778295040 0.06897 -0.06166 0.01138 0.03506 0.83654 -0.05829 0.54367
1403638534.7778294086 0.06895 -0.06172 0.01138 0.03517 0.83654 -0.05820 0.54367
1403638534.8778295517 0.06895 -0.06177 0.01136 0.03546 0.83650 -0.05842 0.54369
1403638534.9778294563 0.06893 -0.06182 0.01136 0.03555 0.83653 -0.05854 0.54363
1403638535.0778295994 0.06892 -0.06182 0.01137 0.03545 0.83658 -0.05856 0.54355
1403638535.1778295040 0.06893 -0.06183 0.01135 0.03536 0.83656 -0.05860 0.54359
1403638535.2778294086 0.06891 -0.06183 0.01135 0.03529 0.83655 -0.05859 0.54361
1403638535.3778295517 0.06890 -0.06183 0.01137 0.03530 0.83655 -0.05859 0.54361
1403638535.4778294563 0.06891 -0.06184 0.01137 0.03537 0.83656 -0.05864 0.54357
1403638535.5778295994 0.06893 -0.06183 0.01138 0.03533 0.83659 -0.05860 0.54355
1403638535.6778295040 0.06894 -0.06183 0.01137 0.03526 0.83658 -0.05865 0.54356
1403638535.7778294086 0.06893 -0.06184 0.01136 0.03529 0.83655 -0.05867 0.54360
1403638535.8778295517 0.06894 -0.06184 0.01137 0.03517 0.83655 -0.05861 0.54360
1403638535.9778294563 0.06892 -0.06184 0.01137 0.03509 0.83659 -0.05863 0.54355
1403638536.0778295994 0.06894 -0.06185 0.01136 0.03504 0.83654 -0.05873 0.54362
1403638536.1778295040 0.06894 -0.06186 0.01137 0.03500 0.83653 -0.05876 0.54364
1403638536.2778294086 0.06895 -0.06187 0.01137 0.03499 0.83653 -0.05870 0.54364
1403638536.3778295517 0.06897 -0.06187 0.01137 0.03496 0.83649 -0.05871 0.54370
1403638536.4778294563 0.06896 -0.06187 0.01138 0.03491 0.83647 -0.05867 0.54374
1403638536.5778295994 0.06897 -0.06187 0.01138 0.03477 0.83647 -0.05866 0.54376
1403638536.6778295040 0.06897 -0.06187 0.01138 0.03471 0.83646 -0.05862 0.54378
1403638536.7778294086 0.06895 -0.06185 0.01136 0.03472 0.83640 -0.05867 0.54387
1403638536.8778295517 0.06896 -0.06185 0.01135 0.03460 0.83632 -0.05875 0.54398
1403638536.9778294563 0.06896 -0.06185 0.01136 0.03448 0.83633 -0.05880 0.54398
1403638537.0778295994 0.06899 -0.06183 0.01138 0.03444 0.83631 -0.05869 0.54402
1403638537.1778295040 0.06900 -0.06182 0.01139 0.03452 0.83625 -0.05866 0.54410
1403638537.2778294086 0.06901 -0.06181 0.01142 0.03459 0.83626 -0.05859 0.54409
1403638537.3778295517 0.06902 -0.06181 0.01141 0.03452 0.83623 -0.05855 0.54415
1403638537.4778294563 0.06904 -0.06180 0.01142 0.03441 0.83620 -0.05851 0.54421
1403638537.5778295994 0.06903 -0.06180 0.01146 0.03436 0.83620 -0.05838 0.54422
1403638537.6778295040 0.06905 -0.06179 0.01151 0.03436 0.83618 -0.05833 0.54426
1403638537.7778294086 0.06904 -0.06178 0.01151 0.03426 0.83612 -0.05830 0.54437
1403638537.8778295517 0.06910 -0.06177 0.01154 0.03429 0.83612 -0.05816 0.54437
1403638537.9778294563 0.06909 -0.06176 0.01157 0.03426 0.83606 -0.05823 0.54446
1403638538.0778295994 0.06908 -0.06173 0.01160 0.03417 0.83599 -0.05817 0.54457
1403638538.1778295040 0.06909 -0.06174 0.01161 0.03412 0.83594 -0.05812 0.54467
1403638538.2778294086 0.06922 -0.06170 0.01161 0.03403 0.83592 -0.05797 0.54472
1403638538.3778295517 0.06916 -0.06171 0.01166 0.03413 0.83583 -0.05789 0.54486
1403638538.4778294563 0.06913 -0.06170 0.01173 0.03403 0.83580 -0.05782 0.54492
1403638538.5778295994 0.06916 -0.06170 0.01179 0.03419 0.83572 -0.05781 0.54504
1403638538.6778295040 0.06915 -0.06167 0.01184 0.03397 0.83549 -0.05786 0.54540
1403638538.7778294086 0.06926 -0.06172 0.01217 0.03374 0.83466 -0.05764 0.54670
1403638538.8778295517 0.07065 -0.06130 0.01258 0.03292 0.83360 -0.05705 0.54842
1403638538.9778294563 0.07394 -0.06119 0.01514 0.03368 0.82880 -0.05636 0.55567
1403638539.0778295994 0.07833 -0.06116 0.01868 0.03526 0.82315 -0.05783 0.56377
1403638539.1778295040 0.08630 -0.06118 0.02632 0.03457 0.81779 -0.05823 0.57151
1403638539.2778294086 0.09526 -0.06128 0.04171 0.03440 0.81402 -0.05743 0.57697
1403638539.3778295517 0.10365 -0.06155 0.06494 0.03402 0.81486 -0.05682 0.57587
1403638539.4778294563 0.11266 -0.06243 0.09448 0.03369 0.81681 -0.05572 0.57322
1403638539.5778295994 0.12245 -0.06389 0.12684 0.03338 0.81766 -0.05431 0.57217
1403638539.6778295040 0.13306 -0.06540 0.15413 0.03173 0.81815 -0.05380 0.57160
1403638539.7778294086 0.14279 -0.06631 0.17060 0.03213 0.81932 -0.05195 0.57008
1403638539.8778295517 0.15409 -0.06735 0.17997 0.03125 0.82179 -0.05131 0.56662
1403638539.9778294563 0.16840 -0.06822 0.18808 0.02950 0.82629 -0.05095 0.56016
1403638540.0778295994 0.18898 -0.06862 0.19461 0.02927 0.83215 -0.05066 0.55146
1403638540.1778295040 0.21481 -0.06906 0.20110 0.02901 0.83605 -0.05034 0.54557
1403638540.2778294086 0.24759 -0.06786 0.21684 0.02954 0.83178 -0.04902 0.55215
1403638540.3778295517 0.28529 -0.06943 0.22491 0.03024 0.82560 -0.04703 0.56148
1403638540.4778294563 0.32757 -0.06970 0.23223 0.02707 0.82320 -0.04102 0.56562
1403638540.5778295994 0.37426 -0.06910 0.23755 0.01988 0.82334 -0.02951 0.56643
1403638540.6778295040 0.42354 -0.06811 0.24294 0.01165 0.82338 -0.01229 0.56724
1403638540.7778294086 0.47429 -0.06495 0.24766 0.00386 0.82237 0.01173 0.56882
1403638540.8778295517 0.52605 -0.05873 0.25081 -0.00629 0.82152 0.03975 0.56876
1403638540.9778294563 0.57774 -0.04741 0.25209 -0.01986 0.81979 0.06606 0.56849
1403638541.0778295994 0.62974 -0.03205 0.25112 -0.03350 0.81745 0.08558 0.56862
1403638541.1778295040 0.68296 -0.01299 0.24465 -0.04317 0.81557 0.09887 0.56851
1403638541.2778294086 0.73694 0.00974 0.23644 -0.04830 0.81468 0.10766 0.56778
1403638541.3778295517 0.79117 0.03691 0.23655 -0.05134 0.81445 0.11129 0.56714
1403638541.4778294563 0.84420 0.06853 0.24252 -0.05260 0.81422 0.11155 0.56730
1403638541.5778295994 0.89555 0.10705 0.25470 -0.05195 0.81278 0.11213 0.56932
1403638541.6778295040 0.95019 0.15118 0.27541 -0.05622 0.81103 0.11515 0.57080
1403638541.7778294086 1.00225 0.20196 0.30121 -0.06607 0.80965 0.12075 0.57055
1403638541.8778295517 1.05239 0.25533 0.33571 -0.07795 0.80818 0.12967 0.56917
1403638541.9778294563 1.10098 0.31152 0.36779 -0.08954 0.80704 0.14394 0.56564
1403638542.0778295994 1.14741 0.36951 0.39327 -0.10323 0.80486 0.16089 0.56183
1403638542.1778295040 1.19286 0.42897 0.41241 -0.11830 0.80094 0.18070 0.55843
1403638542.2778294086 1.23692 0.48987 0.42518 -0.13284 0.79690 0.20390 0.55292
1403638542.3778295517 1.28212 0.55207 0.43498 -0.14629 0.78911 0.22558 0.55228
1403638542.4778294563 1.32625 0.61387 0.44261 -0.15239 0.77540 0.24575 0.56137
1403638542.5778295994 1.36810 0.67606 0.44723 -0.14856 0.76321 0.26416 0.57067
1403638542.6778295040 1.40406 0.74167 0.45355 -0.14929 0.75970 0.27358 0.57072
1403638542.7778294086 1.43238 0.81140 0.46603 -0.15848 0.76378 0.27269 0.56317
1403638542.8778295517 1.45454 0.88521 0.48508 -0.16541 0.76916 0.26977 0.55521
1403638542.9778294563 1.47234 0.96088 0.51059 -0.16968 0.77379 0.26676 0.54890
1403638543.0778295994 1.48743 1.03687 0.53821 -0.17248 0.77744 0.26376 0.54430
1403638543.1778295040 1.50091 1.11452 0.56118 -0.17268 0.77878 0.26134 0.54349
1403638543.2778294086 1.51639 1.19160 0.57943 -0.17284 0.77924 0.25896 0.54392
1403638543.3778295517 1.53041 1.27083 0.59030 -0.17221 0.78050 0.25802 0.54276
1403638543.4778294563 1.54545 1.35150 0.59816 -0.17440 0.77956 0.26245 0.54129
1403638543.5778295994 1.56029 1.43054 0.60506 -0.17949 0.77662 0.27357 0.53834
1403638543.6778295040 1.57411 1.51227 0.60771 -0.18632 0.77095 0.29124 0.53488
1403638543.7778294086 1.58581 1.59561 0.61255 -0.19643 0.76287 0.31258 0.53080
1403638543.8778295517 1.59693 1.67873 0.62539 -0.20804 0.75273 0.33514 0.52707
1403638543.9778294563 1.60836 1.76354 0.64454 -0.22213 0.74414 0.35363 0.52140
1403638544.0778295994 1.61918 1.84722 0.66690 -0.23713 0.74008 0.36515 0.51255
1403638544.1778295040 1.63171 1.93079 0.68820 -0.24771 0.73692 0.37194 0.50720
1403638544.2778294086 1.64580 2.01681 0.70295 -0.25472 0.73432 0.37554 0.50484
1403638544.3778295517 1.66069 2.10257 0.71149 -0.25648 0.73366 0.37830 0.50285
1403638544.4778294563 1.67778 2.19026 0.71836 -0.25578 0.73422 0.37957 0.50143
1403638544.5778295994 1.69508 2.28094 0.72369 -0.25777 0.73157 0.37878 0.50486
1403638544.6778295040 1.71399 2.37283 0.73781 -0.26297 0.72510 0.37817 0.51192
1403638544.7778294086 1.73097 2.46262 0.75289 -0.26431 0.72429 0.37916 0.51165
1403638544.8778295517 1.74786 2.55090 0.76926 -0.26240 0.72754 0.38156 0.50621
1403638544.9778294563 1.76444 2.63945 0.77785 -0.26259 0.72837 0.38230 0.50434
1403638545.0778295994 1.78117 2.72771 0.78124 -0.26417 0.72713 0.38227 0.50534
1403638545.1778295040 1.79552 2.81157 0.78120 -0.26405 0.72672 0.38342 0.50512
1403638545.2778294086 1.81177 2.89794 0.77245 -0.26346 0.72605 0.38512 0.50510
1403638545.3778295517 1.82875 2.98391 0.76011 -0.26537 0.72337 0.38426 0.50858
1403638545.4778294563 1.84143 3.06126 0.74593 -0.26770 0.72321 0.38526 0.50683
1403638545.5778295994 1.85564 3.14697 0.73276 -0.27194 0.72089 0.39195 0.50273
1403638545.6778295040 1.86708 3.22518 0.72818 -0.28088 0.71516 0.40347 0.49685
1403638545.7778294086 1.87800 3.30129 0.72990 -0.28992 0.70714 0.42003 0.48935
1403638545.8778295517 1.89018 3.38154 0.73774 -0.30099 0.69621 0.43955 0.48114
1403638545.9778294563 1.90392 3.46360 0.75201 -0.31088 0.68347 0.46147 0.47251
1403638546.0778295994 1.91979 3.54920 0.76889 -0.31736 0.67131 0.48030 0.46685
1403638546.1778295040 1.93685 3.63850 0.78058 -0.32495 0.66251 0.49252 0.46142
1403638546.2778294086 1.95322 3.72919 0.78542 -0.32991 0.65774 0.50002 0.45664
1403638546.3778295517 1.96901 3.82168 0.78495 -0.33616 0.65620 0.50218 0.45190
1403638546.4778294563 1.98362 3.91425 0.77827 -0.33885 0.65585 0.50345 0.44898
1403638546.5778295994 1.99760 4.00914 0.77161 -0.33982 0.65380 0.50664 0.44764
1403638546.6778295040 2.00901 4.10414 0.77150 -0.34337 0.64894 0.51247 0.44536
1403638546.7778294086 2.02039 4.20309 0.78117 -0.34577 0.64435 0.51813 0.44361
1403638546.8778295517 2.03000 4.30361 0.80000 -0.34643 0.64068 0.52304 0.44265
1403638546.9778294563 2.03847 4.40709 0.81652 -0.34514 0.63736 0.52742 0.44326
1403638547.0778295994 2.04606 4.51190 0.82704 -0.34315 0.63485 0.53069 0.44451
1403638547.1778295040 2.04904 4.61926 0.82890 -0.34016 0.63280 0.53388 0.44591
1403638547.2778294086 2.04939 4.72608 0.82928 -0.33826 0.63139 0.53535 0.44757
1403638547.3778295517 2.04186 4.83337 0.82270 -0.34135 0.63289 0.53309 0.44581
1403638547.4778294563 2.03402 4.94259 0.81649 -0.34595 0.63606 0.52939 0.44214
1403638547.5778295994 2.02418 5.05309 0.80514 -0.34901 0.63954 0.52601 0.43873
1403638547.6778295040 2.00914 5.16092 0.78575 -0.34963 0.64078 0.52440 0.43838
1403638547.7778294086 1.99658 5.27368 0.76547 -0.34758 0.64015 0.52495 0.44026
1403638547.8778295517 1.97809 5.38096 0.73777 -0.34410 0.63724 0.52702 0.44471
1403638547.9778294563 1.96095 5.49782 0.71489 -0.34427 0.63711 0.52739 0.44433
1403638548.0778295994 1.93781 5.61225 0.69608 -0.34693 0.63665 0.52972 0.44013
1403638548.1778295040 1.91686 5.74063 0.68963 -0.35126 0.63287 0.53513 0.43558
1403638548.2778294086 1.89120 5.86949 0.68897 -0.35772 0.62646 0.54361 0.42904
1403638548.3778295517 1.86362 6.00104 0.69780 -0.36525 0.61697 0.55503 0.42176
1403638548.4778294563 1.83548 6.13144 0.71444 -0.37327 0.60730 0.56566 0.41459
1403638548.5778295994 1.80814 6.25829 0.73176 -0.37973 0.59930 0.57359 0.40945
1403638548.6778295040 1.78222 6.38357 0.74538 -0.38454 0.59372 0.57909 0.40532
1403638548.7778294086 1.75727 6.51075 0.75646 -0.38728 0.58976 0.58314 0.40267
1403638548.8778295517 1.73211 6.63903 0.77247 -0.38861 0.58755 0.58586 0.40066
1403638548.9778294563 1.70752 6.76547 0.79651 -0.39006 0.58644 0.58687 0.39940
1403638549.0778295994 1.67891 6.89705 0.82244 -0.39059 0.58615 0.58733 0.39864
1403638549.1778295040 1.65353 7.02371 0.85625 -0.39185 0.58603 0.58645 0.39887
1403638549.2778294086 1.62440 7.15688 0.89366 -0.39256 0.58690 0.58550 0.39829
1403638549.3778295517 1.59801 7.28995 0.93656 -0.39485 0.58838 0.58321 0.39721
1403638549.4778294563 1.56918 7.42590 0.97548 -0.39669 0.58983 0.58111 0.39630
1403638549.5778295994 1.54277 7.56313 1.00981 -0.39809 0.58987 0.57943 0.39729
1403638549.6778295040 1.51588 7.70227 1.03828 -0.39943 0.58936 0.57792 0.39890
1403638549.7778294086 1.49207 7.83830 1.06786 -0.39787 0.58950 0.57849 0.39942
1403638549.8778295517 1.46745 7.97751 1.10275 -0.39687 0.59100 0.57867 0.39793
1403638549.9778294563 1.44285 8.11935 1.14710 -0.39654 0.59185 0.57877 0.39685
1403638550.0778295994 1.41960 8.26447 1.19901 -0.39683 0.59218 0.57855 0.39640
1403638550.1778295040 1.39794 8.40872 1.25890 -0.39758 0.59262 0.57849 0.39507
1403638550.2778294086 1.37828 8.55819 1.32547 -0.39706 0.59217 0.57937 0.39498
1403638550.3778295517 1.35878 8.70597 1.39476 -0.39709 0.59114 0.57983 0.39581
1403638550.4778294563 1.34185 8.85756 1.45755 -0.39978 0.59173 0.57832 0.39443
1403638550.5778295994 1.32676 9.00626 1.51110 -0.40361 0.59237 0.57606 0.39288
1403638550.6778295040 1.31560 9.15132 1.55847 -0.40850 0.59073 0.57277 0.39509
1403638550.7778294086 1.30847 9.29246 1.60078 -0.41148 0.58993 0.57069 0.39621
1403638550.8778295517 1.30558 9.43466 1.63958 -0.41741 0.58615 0.56650 0.40159
1403638550.9778294563 1.30546 9.57439 1.67372 -0.42315 0.58194 0.56207 0.40787
1403638551.0778295994 1.30778 9.70523 1.70399 -0.42691 0.57943 0.55923 0.41143
1403638551.1778295040 1.31357 9.83057 1.73513 -0.43137 0.57986 0.55649 0.40988
1403638551.2778294086 1.32397 9.94930 1.77098 -0.43208 0.58158 0.55541 0.40815
1403638551.3778295517 1.33970 10.06134 1.81388 -0.42740 0.58927 0.55248 0.40604
1403638551.4778294563 1.36347 10.16380 1.84970 -0.42010 0.60185 0.54330 0.40757
1403638551.5778295994 1.39304 10.26434 1.88299 -0.41406 0.61705 0.52716 0.41220
1403638551.6778295040 1.43003 10.36442 1.91063 -0.40737 0.63417 0.50888 0.41585
1403638551.7778294086 1.47567 10.46309 1.93391 -0.39832 0.64844 0.49052 0.42456
1403638551.8778295517 1.52934 10.55719 1.95319 -0.38835 0.65913 0.47505 0.43481
1403638551.9778294563 1.59038 10.64385 1.97559 -0.37659 0.66252 0.46740 0.44808
1403638552.0778295994 1.65662 10.71998 2.00513 -0.36717 0.66405 0.46240 0.45871
1403638552.1778295040 1.72566 10.78619 2.03923 -0.36133 0.66894 0.45938 0.45927
1403638552.2778294086 1.79726 10.84586 2.07827 -0.35719 0.67290 0.45847 0.45763
1403638552.3778295517 1.87120 10.90038 2.11634 -0.35921 0.67394 0.45572 0.45728
1403638552.4778294563 1.95015 10.95307 2.14890 -0.36649 0.67032 0.45024 0.46221
1403638552.5778295994 2.03182 10.99120 2.17596 -0.37208 0.66663 0.44684 0.46637
1403638552.6778295040 2.11657 11.02134 2.19678 -0.37269 0.66431 0.44811 0.46796
1403638552.7778294086 2.20468 11.04250 2.21094 -0.37207 0.66365 0.45040 0.46720
1403638552.8778295517 2.29721 11.06278 2.22089 -0.36992 0.66223 0.45436 0.46708
1403638552.9778294563 2.39135 11.06839 2.22648 -0.36558 0.65982 0.46043 0.46797
1403638553.0778295994 2.48842 11.07646 2.22721 -0.36191 0.65750 0.46582 0.46875
1403638553.1778295040 2.58466 11.07411 2.22663 -0.36738 0.65366 0.46454 0.47114
1403638553.2778294086 2.68263 11.07093 2.22640 -0.37470 0.64794 0.46130 0.47643
1403638553.3778295517 2.77966 11.05485 2.23144 -0.37639 0.64270 0.46214 0.48134
1403638553.4778294563 2.87546 11.02959 2.24166 -0.37293 0.63718 0.46566 0.48793
1403638553.5778295994 2.97029 10.99415 2.25773 -0.36990 0.63283 0.46859 0.49307
1403638553.6778295040 3.06216 10.94557 2.27678 -0.36764 0.63187 0.47081 0.49388
1403638553.7778294086 3.14988 10.88546 2.30434 -0.36570 0.63237 0.47262 0.49295
1403638553.8778295517 3.22702 10.81344 2.33641 -0.36340 0.63417 0.47413 0.49089
1403638553.9778294563 3.31013 10.74029 2.37329 -0.36256 0.63727 0.47448 0.48714
1403638554.0778295994 3.37758 10.65287 2.39988 -0.36099 0.64055 0.47543 0.48306
1403638554.1778295040 3.46086 10.57237 2.42960 -0.35599 0.64348 0.47903 0.47930
1403638554.2778294086 3.52630 10.47824 2.44469 -0.34797 0.64930 0.48487 0.47141
1403638554.3778295517 3.60827 10.39616 2.46612 -0.34194 0.65254 0.48941 0.46663
1403638554.4778294563 3.68513 10.31494 2.48385 -0.33921 0.65396 0.49156 0.46437
1403638554.5778295994 3.75659 10.23363 2.49632 -0.34031 0.65483 0.49123 0.46269
1403638554.6778295040 3.81705 10.14506 2.50463 -0.34619 0.65710 0.48746 0.45908
1403638554.7778294086 3.88521 10.06430 2.52322 -0.35112 0.65776 0.48423 0.45781
1403638554.8778295517 3.94614 9.97763 2.54229 -0.35419 0.65792 0.48226 0.45729
1403638554.9778294563 4.01017 9.89167 2.56253 -0.35675 0.65863 0.47909 0.45761
1403638555.0778295994 4.08435 9.81382 2.58055 -0.35318 0.66184 0.47481 0.46020
1403638555.1778295040 4.14974 9.72471 2.58747 -0.34658 0.66796 0.46819 0.46316
1403638555.2778294086 4.22661 9.64507 2.59477 -0.34052 0.67424 0.46015 0.46659
1403638555.3778295517 4.30284 9.56105 2.59544 -0.33348 0.67747 0.45542 0.47161
1403638555.4778294563 4.37773 9.47602 2.59121 -0.32771 0.67960 0.45233 0.47555
1403638555.5778295994 4.45180 9.39035 2.58623 -0.32536 0.68096 0.44966 0.47774
1403638555.6778295040 4.52577 9.30407 2.58776 -0.32471 0.68273 0.44800 0.47722
1403638555.7778294086 4.59862 9.21609 2.59873 -0.32373 0.68392 0.44819 0.47599
1403638555.8778295517 4.66885 9.12463 2.61644 -0.32308 0.68390 0.44919 0.47553
1403638555.9778294563 4.74182 9.04037 2.64184 -0.32180 0.68259 0.45086 0.47670
1403638556.0778295994 4.81386 8.95409 2.66926 -0.32031 0.68266 0.45221 0.47632
1403638556.1778295040 4.88800 8.87453 2.69402 -0.31937 0.68700 0.45280 0.47012
1403638556.2778294086 4.96097 8.79174 2.71120 -0.31791 0.69023 0.45387 0.46532
1403638556.3778295517 5.03796 8.71931 2.72492 -0.31671 0.69231 0.45466 0.46226
1403638556.4778294563 5.11414 8.64226 2.73595 -0.31430 0.69537 0.45598 0.45800
1403638556.5778295994 5.19484 8.58244 2.74768 -0.31383 0.69829 0.45564 0.45419
1403638556.6778295040 5.27748 8.52956 2.75998 -0.32133 0.70083 0.44960 0.45105
1403638556.7778294086 5.36221 8.46667 2.78101 -0.32802 0.69764 0.44482 0.45589
1403638556.8778295517 5.45191 8.41999 2.80854 -0.33388 0.69612 0.44054 0.45811
1403638556.9778294563 5.54576 8.37642 2.83974 -0.33739 0.69464 0.43795 0.46027
1403638557.0778295994 5.64416 8.33351 2.86502 -0.33605 0.69311 0.43938 0.46218
1403638557.1778295040 5.74607 8.29082 2.88329 -0.33451 0.69145 0.44095 0.46428
1403638557.2778294086 5.85035 8.24788 2.89553 -0.33349 0.69033 0.44205 0.46564
1403638557.3778295517 5.95952 8.20348 2.90251 -0.33109 0.68904 0.44417 0.46725
1403638557.4778294563 6.06981 8.15963 2.91090 -0.32570 0.68594 0.44852 0.47142
1403638557.5778295994 6.18002 8.11534 2.92446 -0.32131 0.68348 0.45159 0.47506
1403638557.6778295040 6.28986 8.07111 2.94264 -0.31885 0.68229 0.45342 0.47668
1403638557.7778294086 6.39800 8.02804 2.96379 -0.31887 0.68198 0.45306 0.47745
1403638557.8778295517 6.50503 7.98427 2.97966 -0.31597 0.68194 0.45443 0.47814
1403638557.9778294563 6.61031 7.94119 2.99083 -0.31313 0.68319 0.45606 0.47667
1403638558.0778295994 6.71459 7.89951 2.99685 -0.31201 0.68697 0.45686 0.47117
1403638558.1778295040 6.81934 7.86001 3.00038 -0.30894 0.69281 0.45842 0.46306
1403638558.2778294086 6.92495 7.82582 3.00931 -0.30523 0.69696 0.46015 0.45754
1403638558.3778295517 7.03083 7.80025 3.02875 -0.30036 0.69831 0.46287 0.45596
1403638558.4778294563 7.13582 7.78147 3.05584 -0.29386 0.70199 0.46651 0.45081
1403638558.5778295994 7.24137 7.77244 3.09014 -0.29499 0.70457 0.46524 0.44734
1403638558.6778295040 7.34992 7.77270 3.12995 -0.30326 0.70534 0.45878 0.44727
1403638558.7778294086 7.45899 7.77743 3.17005 -0.31110 0.70507 0.45267 0.44854
1403638558.8778295517 7.57460 7.78950 3.20111 -0.31372 0.70379 0.45053 0.45086
1403638558.9778294563 7.69363 7.80548 3.22487 -0.31564 0.69896 0.44929 0.45823
1403638559.0778295994 7.81468 7.82391 3.24022 -0.31637 0.69445 0.44910 0.46471
1403638559.1778295040 7.93568 7.84545 3.24817 -0.31674 0.69101 0.44948 0.46920
1403638559.2778294086 8.05581 7.86869 3.24919 -0.31472 0.68814 0.45179 0.47254
1403638559.3778295517 8.17610 7.89215 3.24411 -0.31114 0.68581 0.45501 0.47522
1403638559.4778294563 8.29266 7.91689 3.23524 -0.30908 0.68345 0.45718 0.47787
1403638559.5778295994 8.40635 7.94212 3.22218 -0.30806 0.68124 0.45869 0.48021
1403638559.6778295040 8.51634 7.96936 3.20710 -0.30871 0.68017 0.45888 0.48114
1403638559.7778294086 8.62076 7.99516 3.19473 -0.30907 0.67929 0.45956 0.48149
1403638559.8778295517 8.72341 8.02609 3.18921 -0.31038 0.68006 0.45884 0.48026
1403638559.9778294563 8.82179 8.05493 3.18314 -0.30928 0.68364 0.45293 0.48149
1403638560.0778295994 8.92229 8.08905 3.17399 -0.30398 0.69159 0.44013 0.48538
1403638560.1778295040 9.02137 8.12175 3.15740 -0.29439 0.70140 0.42209 0.49316
1403638560.2778294086 9.11914 8.15560 3.13583 -0.28225 0.71233 0.40092 0.50217
1403638560.3778295517 9.21540 8.18854 3.11243 -0.27122 0.72028 0.37664 0.51554
1403638560.4778294563 9.30826 8.21971 3.08575 -0.25872 0.72844 0.35148 0.52811
1403638560.5778295994 9.39691 8.24560 3.05440 -0.24761 0.73782 0.32463 0.53752
1403638560.6778295040 9.48211 8.26725 3.01917 -0.23808 0.74849 0.29670 0.54318
1403638560.7778294086 9.56404 8.28184 2.98738 -0.23101 0.75743 0.27118 0.54717
1403638560.8778295517 9.64264 8.28739 2.96338 -0.22040 0.76402 0.24835 0.55319
1403638560.9778294563 9.72044 8.28611 2.94723 -0.20824 0.76842 0.22734 0.56079
1403638561.0778295994 9.79636 8.27736 2.93838 -0.19612 0.77106 0.20736 0.56921
1403638561.1778295040 9.86735 8.25939 2.93570 -0.18530 0.77251 0.18957 0.57703
1403638561.2778294086 9.93339 8.23396 2.93999 -0.17849 0.77282 0.17611 0.58299
1403638561.3778295517 9.99341 8.20089 2.94623 -0.16944 0.77745 0.17129 0.58096
1403638561.4778294563 10.05055 8.16199 2.94851 -0.15584 0.78330 0.17488 0.57582
1403638561.5778295994 10.10603 8.11965 2.94447 -0.14617 0.78673 0.17957 0.57223
1403638561.6778295040 10.15965 8.07594 2.93537 -0.14235 0.78835 0.18245 0.57005
1403638561.7778294086 10.21242 8.03063 2.92080 -0.14150 0.78844 0.18485 0.56935
1403638561.8778295517 10.25455 7.97912 2.90077 -0.13902 0.78778 0.18551 0.57067
1403638561.9778294563 10.30741 7.93093 2.87500 -0.13396 0.78873 0.18125 0.57193
1403638562.0778295994 10.34345 7.87644 2.85239 -0.12668 0.79055 0.17253 0.57377
1403638562.1778295040 10.39296 7.82559 2.83503 -0.11927 0.79243 0.16295 0.57557
1403638562.2778294086 10.44128 7.77633 2.82215 -0.11299 0.79348 0.15488 0.57761
1403638562.3778295517 10.48535 7.72621 2.81546 -0.10717 0.79442 0.14313 0.58044
1403638562.4778294563 10.52513 7.67399 2.81260 -0.09949 0.79685 0.12729 0.58217
1403638562.5778295994 10.56390 7.62170 2.81681 -0.09021 0.79933 0.10739 0.58430
1403638562.6778295040 10.59865 7.56811 2.82639 -0.08182 0.80236 0.08346 0.58528
1403638562.7778294086 10.62988 7.51264 2.83796 -0.07336 0.80420 0.05743 0.58701
1403638562.8778295517 10.65590 7.45281 2.84656 -0.06024 0.80565 0.03301 0.58840
1403638562.9778294563 10.67703 7.38881 2.84994 -0.04614 0.80663 0.01061 0.58915
1403638563.0778295994 10.69418 7.32107 2.84814 -0.03753 0.80680 -0.01318 0.58949
1403638563.1778295040 10.70607 7.24846 2.84304 -0.02604 0.80693 -0.03255 0.58917
1403638563.2778294086 10.71409 7.17039 2.83384 -0.01493 0.80406 -0.04603 0.59258
1403638563.3778295517 10.71515 7.08735 2.81934 -0.00874 0.79648 -0.05541 0.60206
1403638563.4778294563 10.70784 7.00078 2.79805 -0.00774 0.79055 -0.06212 0.60919
1403638563.5778295994 10.69213 6.90933 2.77511 -0.00223 0.79122 -0.06163 0.60842
1403638563.6778295040 10.66844 6.81345 2.75685 -0.00202 0.79481 -0.06156 0.60373
1403638563.7778294086 10.63880 6.71083 2.74476 -0.00501 0.79712 -0.06177 0.60063
1403638563.8778295517 10.60121 6.60068 2.74310 -0.00814 0.79676 -0.06083 0.60117
1403638563.9778294563 10.56118 6.48537 2.74446 -0.01167 0.79572 -0.05908 0.60267
1403638564.0778295994 10.51055 6.36327 2.74640 -0.01611 0.79639 -0.05679 0.60190
1403638564.1778295040 10.45364 6.23510 2.74301 -0.01783 0.79631 -0.05206 0.60238
1403638564.2778294086 10.39661 6.09955 2.73513 -0.01704 0.79468 -0.04649 0.60500
1403638564.3778295517 10.32673 5.96135 2.73495 -0.01714 0.79327 -0.04140 0.60722
1403638564.4778294563 10.25560 5.81720 2.74052 -0.01649 0.79199 -0.03704 0.60918
1403638564.5778295994 10.16908 5.67133 2.75158 -0.01920 0.79380 -0.03649 0.60678
1403638564.6778295040 10.08020 5.52245 2.76223 -0.02430 0.79559 -0.03927 0.60407
1403638564.7778294086 9.97872 5.36771 2.76529 -0.02804 0.79624 -0.04227 0.60285
1403638564.8778295517 9.87768 5.20931 2.76437 -0.03017 0.79580 -0.04472 0.60316
1403638564.9778294563 9.76806 5.03919 2.73991 -0.03201 0.79530 -0.04639 0.60359
1403638565.0778295994 9.65613 4.86675 2.70503 -0.03314 0.79571 -0.04709 0.60294
1403638565.1778295040 9.54061 4.68988 2.65402 -0.03350 0.79649 -0.04730 0.60186
1403638565.2778294086 9.42186 4.50930 2.59643 -0.03174 0.79748 -0.04650 0.60071
1403638565.3778295517 9.30083 4.32552 2.53555 -0.02887 0.79852 -0.04527 0.59957
1403638565.4778294563 9.17693 4.13598 2.47260 -0.02581 0.79785 -0.04435 0.60067
1403638565.5778295994 9.05103 3.94378 2.41531 -0.01913 0.79569 -0.04215 0.60394
1403638565.6778295040 8.92066 3.74980 2.36588 -0.00722 0.79533 -0.03625 0.60504
1403638565.7778294086 8.78738 3.55726 2.32043 0.00200 0.79800 -0.03194 0.60181
1403638565.8778295517 8.64601 3.36749 2.28259 0.00942 0.80013 -0.02876 0.59906
1403638565.9778294563 8.49973 3.17918 2.24824 0.01201 0.80194 -0.02941 0.59656
1403638566.0778295994 8.35036 2.99273 2.20836 0.01364 0.80294 -0.02985 0.59516
1403638566.1778295040 8.19841 2.80796 2.15986 0.01163 0.80309 -0.03131 0.59493
1403638566.2778294086 8.04365 2.62505 2.10273 0.01226 0.80264 -0.03051 0.59556
1403638566.3778295517 7.88886 2.44438 2.03690 0.01253 0.80358 -0.02945 0.59434
1403638566.4778294563 7.73409 2.26592 1.96504 0.00917 0.80378 -0.03012 0.59410
1403638566.5778295994 7.57946 2.09065 1.88684 0.00849 0.80687 -0.02827 0.58999
1403638566.6778295040 7.42490 1.91927 1.80117 0.00783 0.81615 -0.02629 0.57718
1403638566.7778294086 7.27483 1.75211 1.71008 0.00728 0.82783 -0.02430 0.56040
1403638566.8778295517 7.13223 1.58921 1.61560 0.00577 0.83584 -0.02293 0.54846
1403638566.9778294563 6.99848 1.43030 1.51868 0.00585 0.83972 -0.01998 0.54262
1403638567.0778295994 6.87449 1.27809 1.42358 0.00546 0.83152 -0.01855 0.55516
1403638567.1778295040 6.75901 1.12887 1.32565 0.00723 0.81905 -0.01652 0.57344
1403638567.2778294086 6.64913 0.98364 1.22279 0.01014 0.81031 -0.01478 0.58572
1403638567.3778295517 6.53805 0.84266 1.11526 0.01298 0.80838 -0.01414 0.58834
1403638567.4778294563 6.42611 0.70594 1.01155 0.01488 0.80921 -0.01497 0.58715
1403638567.5778295994 6.31313 0.57256 0.91470 0.01627 0.81278 -0.01660 0.58210
1403638567.6778295040 6.19826 0.44113 0.82756 0.01969 0.81608 -0.01707 0.57735
1403638567.7778294086 6.08597 0.31392 0.74976 0.02179 0.81937 -0.01759 0.57258
1403638567.8778295517 5.97976 0.19222 0.68063 0.02110 0.82283 -0.01982 0.56756
1403638567.9778294563 5.88300 0.07642 0.61838 0.02113 0.82378 -0.02085 0.56613
1403638568.0778295994 5.79297 -0.03430 0.56557 0.02422 0.82360 -0.01914 0.56633
1403638568.1778295040 5.70775 -0.13883 0.52353 0.02634 0.82286 -0.01794 0.56735
1403638568.2778294086 5.62662 -0.23704 0.49032 0.02741 0.82273 -0.01829 0.56748
1403638568.3778295517 5.55037 -0.32905 0.45927 0.02760 0.82321 -0.01871 0.56675
1403638568.4778294563 5.46773 -0.42103 0.41786 0.02816 0.82406 -0.01864 0.56550
1403638568.5778295994 5.40477 -0.49899 0.38349 0.02922 0.82545 -0.01806 0.56342
1403638568.6778295040 5.33230 -0.58087 0.33727 0.03062 0.82723 -0.01669 0.56077
1403638568.7778294086 5.28161 -0.64406 0.30545 0.03038 0.82860 -0.01676 0.55876
1403638568.8778295517 5.23510 -0.69963 0.28201 0.02850 0.82801 -0.01842 0.55968
1403638568.9778294563 5.18002 -0.76176 0.25757 0.03045 0.82745 -0.01674 0.56047
1403638569.0778295994 5.14617 -0.80514 0.25213 0.03207 0.82726 -0.01576 0.56068
1403638569.1778295040 5.10188 -0.85528 0.24425 0.03271 0.82807 -0.01573 0.55944
1403638569.2778294086 5.07835 -0.88494 0.24696 0.03492 0.82936 -0.01474 0.55743
1403638569.3778295517 5.04416 -0.92326 0.23545 0.03581 0.82927 -0.01450 0.55751
1403638569.4778294563 5.03199 -0.94368 0.22549 0.03641 0.82787 -0.01409 0.55957
1403638569.5778295994 5.00924 -0.96959 0.20657 0.03711 0.82658 -0.01375 0.56143
1403638569.6778295040 4.99452 -0.98555 0.19490 0.03619 0.82546 -0.01469 0.56310
1403638569.7778294086 4.98276 -0.99510 0.18975 0.03715 0.82462 -0.01407 0.56430
1403638569.8778295517 4.99409 -0.98713 0.19255 0.03821 0.82336 -0.01296 0.56608
1403638569.9778294563 4.98469 -0.98832 0.19625 0.03695 0.82182 -0.01380 0.56838
1403638570.0778295994 4.98147 -0.98114 0.19791 0.03463 0.82123 -0.01532 0.56934
1403638570.1778295040 4.97971 -0.96965 0.19310 0.02968 0.82140 -0.01809 0.56929
1403638570.2778294086 4.97840 -0.95557 0.18199 0.02208 0.82091 -0.02269 0.57018
1403638570.3778295517 4.97866 -0.94021 0.16629 0.01573 0.82070 -0.02998 0.57036
1403638570.4778294563 5.02447 -0.91369 0.14836 0.01129 0.82038 -0.04540 0.56990
1403638570.5778295994 5.02590 -0.90616 0.12134 0.00415 0.81796 -0.07240 0.57069
1403638570.6778295040 5.04603 -0.90194 0.09017 0.00474 0.81305 -0.10151 0.57326
1403638570.7778294086 5.05568 -0.91096 0.05640 0.01172 0.80217 -0.12909 0.58285
1403638570.8778295517 5.05708 -0.93165 0.02095 0.02404 0.79068 -0.15358 0.59217
1403638570.9778294563 5.05008 -0.96362 -0.01780 0.03929 0.78268 -0.17500 0.59602
1403638571.0778295994 5.03450 -1.00627 -0.06072 0.05604 0.78011 -0.19414 0.59211
1403638571.1778295040 5.00897 -1.05782 -0.10161 0.07752 0.78286 -0.20657 0.58176
1403638571.2778294086 4.97742 -1.11606 -0.13282 0.09771 0.78416 -0.21314 0.57456
1403638571.3778295517 4.93785 -1.17875 -0.15434 0.11034 0.78353 -0.21858 0.57107
1403638571.4778294563 4.89219 -1.24580 -0.16671 0.11626 0.78074 -0.22337 0.57186
1403638571.5778295994 4.84137 -1.31611 -0.17587 0.12315 0.77836 -0.22763 0.57199
1403638571.6778295040 4.78675 -1.38934 -0.18948 0.12940 0.77811 -0.23704 0.56711
1403638571.7778294086 4.72901 -1.46617 -0.20832 0.13754 0.77762 -0.25048 0.56005
1403638571.8778295517 4.66906 -1.54647 -0.23141 0.14493 0.77472 -0.26818 0.55397
1403638571.9778294563 4.60607 -1.63124 -0.25083 0.15268 0.76877 -0.28815 0.55013
1403638572.0778295994 4.53970 -1.72011 -0.26260 0.16183 0.76194 -0.30733 0.54663
1403638572.1778295040 4.46864 -1.81309 -0.26557 0.17762 0.75516 -0.32251 0.54238
1403638572.2778294086 4.39402 -1.90880 -0.26359 0.19183 0.75091 -0.33911 0.53323
1403638572.3778295517 4.31844 -2.00807 -0.26316 0.20507 0.74614 -0.35745 0.52293
1403638572.4778294563 4.24251 -2.11119 -0.26547 0.21916 0.74219 -0.37056 0.51362
1403638572.5778295994 4.16812 -2.21770 -0.26850 0.23017 0.73839 -0.37922 0.50794
1403638572.6778295040 4.09554 -2.32762 -0.27023 0.23613 0.73659 -0.38461 0.50374
1403638572.7778294086 4.02610 -2.44192 -0.26350 0.24405 0.73796 -0.38435 0.49812
1403638572.8778295517 3.96106 -2.55941 -0.24847 0.24775 0.74038 -0.38360 0.49326
1403638572.9778294563 3.90057 -2.67951 -0.22833 0.24843 0.74254 -0.38254 0.49049
1403638573.0778295994 3.84467 -2.80233 -0.21253 0.24780 0.74460 -0.38129 0.48865
1403638573.1778295040 3.79280 -2.92801 -0.20358 0.24606 0.74620 -0.38006 0.48804
1403638573.2778294086 3.74410 -3.05552 -0.19567 0.24446 0.74760 -0.37806 0.48827
1403638573.3778295517 3.70221 -3.18661 -0.18825 0.24372 0.74837 -0.37717 0.48814
1403638573.4778294563 3.66458 -3.31961 -0.17550 0.24685 0.74849 -0.37732 0.48628
1403638573.5778295994 3.63499 -3.45627 -0.15692 0.24859 0.74839 -0.37765 0.48527
1403638573.6778295040 3.61101 -3.59321 -0.13135 0.25153 0.74873 -0.37829 0.48274
1403638573.7778294086 3.59380 -3.73125 -0.10150 0.25843 0.74512 -0.38181 0.48190
1403638573.8778295517 3.58217 -3.87114 -0.07258 0.27198 0.73483 -0.38760 0.48561
1403638573.9778294563 3.57528 -4.01020 -0.04872 0.28360 0.71945 -0.40135 0.49079
1403638574.0778295994 3.57061 -4.14613 -0.03183 0.28916 0.69929 -0.42316 0.49831
1403638574.1778295040 3.56625 -4.27755 -0.02083 0.29495 0.67726 -0.44742 0.50412
1403638574.2778294086 3.55910 -4.40484 -0.01396 0.30424 0.65879 -0.46988 0.50263
1403638574.3778295517 3.54465 -4.52937 -0.01039 0.31669 0.64568 -0.48995 0.49270
1403638574.4778294563 3.52376 -4.65152 -0.01008 0.33028 0.63426 -0.50810 0.48006
1403638574.5778295994 3.49862 -4.77017 -0.00645 0.34077 0.62377 -0.52236 0.47109
1403638574.6778295040 3.46957 -4.88819 0.00539 0.35271 0.61752 -0.52949 0.46251
1403638574.7778294086 3.44021 -5.00795 0.02302 0.36360 0.61744 -0.53199 0.45116
1403638574.8778295517 3.41021 -5.12671 0.04469 0.36503 0.61965 -0.53631 0.44176
1403638574.9778294563 3.37892 -5.24438 0.06150 0.36366 0.62217 -0.53947 0.43545
1403638575.0778295994 3.34752 -5.36115 0.06991 0.35605 0.62094 -0.54478 0.43689
1403638575.1778295040 3.31368 -5.47631 0.07240 0.35011 0.61837 -0.54808 0.44120
1403638575.2778294086 3.27647 -5.59285 0.07296 0.34665 0.61709 -0.54891 0.44466
1403638575.3778295517 3.23670 -5.70964 0.06631 0.34354 0.62050 -0.54886 0.44239
1403638575.4778294563 3.19335 -5.82871 0.05775 0.34182 0.62600 -0.54715 0.43807
1403638575.5778295994 3.14802 -5.94864 0.04699 0.34107 0.63103 -0.54457 0.43464
1403638575.6778295040 3.10039 -6.07400 0.04383 0.34474 0.63735 -0.53921 0.42918
1403638575.7778294086 3.05187 -6.20543 0.04911 0.34592 0.64390 -0.53607 0.42233
1403638575.8778295517 3.00602 -6.33956 0.06437 0.34597 0.64812 -0.53391 0.41856
1403638575.9778294563 2.96469 -6.47676 0.09049 0.34551 0.64847 -0.53313 0.41939
1403638576.0778295994 2.92690 -6.61722 0.12401 0.34622 0.64906 -0.53173 0.41967
1403638576.1778295040 2.89219 -6.76288 0.16307 0.34708 0.64745 -0.53131 0.42196
1403638576.2778294086 2.86165 -6.91114 0.19846 0.35122 0.64792 -0.52875 0.42103
1403638576.3778295517 2.83545 -7.06223 0.22755 0.35591 0.64940 -0.52575 0.41856
1403638576.4778294563 2.81468 -7.21587 0.25141 0.35985 0.65196 -0.52320 0.41438
1403638576.5778295994 2.80084 -7.37216 0.27041 0.36455 0.65602 -0.52023 0.40756
1403638576.6778295040 2.79487 -7.53110 0.28494 0.36777 0.65746 -0.51802 0.40515
1403638576.7778294086 2.79758 -7.69348 0.29471 0.37265 0.65504 -0.51439 0.40922
1403638576.8778295517 2.80751 -7.85630 0.29902 0.37529 0.65000 -0.51272 0.41686
1403638576.9778294563 2.82451 -8.01780 0.29826 0.37320 0.64363 -0.51461 0.42619
1403638577.0778295994 2.84740 -8.17522 0.29652 0.36887 0.63987 -0.51808 0.43138
1403638577.1778295040 2.87377 -8.33122 0.30276 0.36600 0.63710 -0.52026 0.43528
1403638577.2778294086 2.90267 -8.48631 0.31490 0.36638 0.63764 -0.52002 0.43445
1403638577.3778295517 2.93383 -8.64191 0.33615 0.37310 0.64183 -0.51508 0.42842
1403638577.4778294563 2.96873 -8.79572 0.36283 0.37750 0.64428 -0.51180 0.42481
1403638577.5778295994 3.00867 -8.94888 0.38602 0.37454 0.64431 -0.51358 0.42523
1403638577.6778295040 3.05332 -9.09878 0.40375 0.37113 0.64332 -0.51570 0.42714
1403638577.7778294086 3.10143 -9.24695 0.41406 0.36836 0.64289 -0.51725 0.42832
1403638577.8778295517 3.15309 -9.39587 0.41879 0.36802 0.64312 -0.51696 0.42862
1403638577.9778294563 3.20918 -9.53966 0.42073 0.36879 0.64369 -0.51554 0.42881
1403638578.0778295994 3.26901 -9.68790 0.42926 0.36766 0.64295 -0.51549 0.43094
1403638578.1778295040 3.33409 -9.82761 0.44374 0.36297 0.64003 -0.51795 0.43629
1403638578.2778294086 3.40026 -9.96976 0.46374 0.35436 0.63528 -0.52352 0.44360
1403638578.3778295517 3.46543 -10.11114 0.48365 0.35225 0.63299 -0.52517 0.44660
1403638578.4778294563 3.52874 -10.25077 0.49728 0.35238 0.63263 -0.52557 0.44652
1403638578.5778295994 3.58994 -10.38863 0.50629 0.35236 0.63211 -0.52627 0.44645
1403638578.6778295040 3.64824 -10.53133 0.51048 0.35478 0.63200 -0.52511 0.44605
1403638578.7778294086 3.70542 -10.66622 0.51263 0.36012 0.63456 -0.52168 0.44215
1403638578.8778295517 3.76183 -10.80645 0.51082 0.36524 0.63735 -0.51799 0.43825
1403638578.9778294563 3.82271 -10.93403 0.50791 0.36769 0.63873 -0.51587 0.43669
1403638579.0778295994 3.88464 -11.07101 0.51364 0.36813 0.63944 -0.51483 0.43652
1403638579.1778295040 3.95284 -11.19562 0.52847 0.36866 0.63951 -0.51401 0.43693
1403638579.2778294086 4.02075 -11.32790 0.54986 0.36642 0.63859 -0.51508 0.43890
1403638579.3778295517 4.09262 -11.44442 0.57224 0.36062 0.63547 -0.51886 0.44375
1403638579.4778294563 4.16262 -11.57248 0.59009 0.35477 0.63130 -0.52279 0.44977
1403638579.5778295994 4.23251 -11.68556 0.60073 0.35342 0.62880 -0.52014 0.45735
1403638579.6778295040 4.30018 -11.80033 0.60650 0.35541 0.62936 -0.50803 0.46851
1403638579.7778294086 4.36732 -11.91233 0.60697 0.35373 0.63974 -0.48899 0.47592
1403638579.8778295517 4.43377 -12.01852 0.59973 0.34308 0.65964 -0.46768 0.47796
1403638579.9778294563 4.50045 -12.11997 0.58666 0.32592 0.67955 -0.44256 0.48594
1403638580.0778295994 4.56685 -12.21610 0.57273 0.31132 0.69384 -0.40806 0.50513
1403638580.1778295040 4.63236 -12.30140 0.55608 0.29126 0.70784 -0.37114 0.52571
1403638580.2778294086 4.69383 -12.37503 0.53434 0.26479 0.72455 -0.33630 0.54020
1403638580.3778295517 4.75149 -12.44235 0.50576 0.23447 0.74056 -0.30993 0.54821
1403638580.4778294563 4.80219 -12.50284 0.47176 0.20833 0.75204 -0.29339 0.55223
1403638580.5778295994 4.84818 -12.56001 0.43575 0.19080 0.75924 -0.27999 0.55566
1403638580.6778295040 4.89028 -12.61455 0.40011 0.17546 0.76924 -0.26526 0.55418
1403638580.7778294086 4.92814 -12.66765 0.37118 0.16511 0.77928 -0.25012 0.55037
1403638580.8778295517 4.96348 -12.72199 0.35135 0.16030 0.78614 -0.23908 0.54692
1403638580.9778294563 5.00038 -12.77791 0.34294 0.15431 0.78762 -0.23542 0.54811
1403638581.0778295994 5.03630 -12.83140 0.34401 0.15299 0.78866 -0.23345 0.54783
1403638581.1778295040 5.07072 -12.88668 0.35268 0.15550 0.78862 -0.23184 0.54786
1403638581.2778294086 5.10310 -12.93974 0.36247 0.15952 0.78874 -0.23151 0.54667
1403638581.3778295517 5.13662 -12.98448 0.37837 0.16277 0.78757 -0.23257 0.54695
1403638581.4778294563 5.16793 -13.03348 0.38878 0.16548 0.78549 -0.23427 0.54840
1403638581.5778295994 5.19865 -13.06450 0.42101 0.16852 0.78502 -0.23626 0.54729
1403638581.6778295040 5.23186 -13.10900 0.43719 0.17357 0.78094 -0.23625 0.55153
1403638581.7778294086 5.25237 -13.11341 0.47315 0.17570 0.77740 -0.23790 0.55514
1403638581.8778295517 5.27048 -13.11046 0.50002 0.17872 0.77433 -0.23794 0.55844
1403638581.9778294563 5.29993 -13.13891 0.50527 0.18252 0.76677 -0.23635 0.56824
1403638582.0778295994 5.32132 -13.14237 0.51824 0.18137 0.76855 -0.23808 0.56546
1403638582.1778295040 5.34447 -13.15376 0.53396 0.17745 0.77594 -0.24125 0.55518
1403638582.2778294086 5.36834 -13.16902 0.55784 0.17795 0.77894 -0.24123 0.55081
1403638582.3778295517 5.39445 -13.17958 0.59390 0.18047 0.77567 -0.23901 0.55555
1403638582.4778294563 5.41969 -13.19020 0.63707 0.18258 0.77449 -0.23743 0.55719
1403638582.5778295994 5.44416 -13.19646 0.69235 0.18363 0.77389 -0.23636 0.55813
1403638582.6778295040 5.46842 -13.19914 0.75207 0.18346 0.77496 -0.23660 0.55659
1403638582.7778294086 5.49100 -13.19574 0.82501 0.18173 0.77654 -0.23836 0.55420
1403638582.8778295517 5.51335 -13.18987 0.89862 0.18219 0.77788 -0.23890 0.55194
1403638582.9778294563 5.53578 -13.18146 0.96577 0.18106 0.78010 -0.24049 0.54848
1403638583.0778295994 5.55779 -13.17065 1.02506 0.18016 0.78262 -0.24216 0.54443
1403638583.1778295040 5.58050 -13.15770 1.07657 0.18014 0.78423 -0.24287 0.54180
1403638583.2778294086 5.60527 -13.14337 1.12191 0.17890 0.78484 -0.24414 0.54075
1403638583.3778295517 5.63300 -13.12802 1.15272 0.17934 0.78453 -0.24370 0.54125
1403638583.4778294563 5.66203 -13.10928 1.19090 0.17952 0.78523 -0.24378 0.54015
1403638583.5778295994 5.69290 -13.09074 1.23515 0.17965 0.78521 -0.24367 0.54018
1403638583.6778295040 5.72466 -13.07004 1.28683 0.18134 0.78551 -0.24243 0.53974
1403638583.7778294086 5.75811 -13.04713 1.33906 0.18107 0.78521 -0.24244 0.54026
1403638583.8778295517 5.78948 -13.00755 1.35752 0.18178 0.78441 -0.24196 0.54140
1403638583.9778294563 5.82806 -12.98365 1.39741 0.18217 0.78443 -0.24162 0.54139
1403638584.0778295994 5.86366 -12.95330 1.42958 0.18504 0.78099 -0.23942 0.54634
1403638584.1778295040 5.89726 -12.91229 1.43198 0.18907 0.77205 -0.23606 0.55899
1403638584.2778294086 5.93281 -12.87304 1.45487 0.19118 0.76302 -0.23384 0.57146
1403638584.3778295517 5.95498 -12.82153 1.43845 0.19280 0.76025 -0.23262 0.57509
1403638584.4778294563 5.96469 -12.76276 1.41510 0.19360 0.76017 -0.23194 0.57520
1403638584.5778295994 5.98479 -12.70695 1.42006 0.19326 0.76038 -0.23202 0.57501
1403638584.6778295040 6.00093 -12.64507 1.43271 0.19098 0.76220 -0.23333 0.57282
1403638584.7778294086 5.98822 -12.56994 1.41386 0.18740 0.76904 -0.23552 0.56391
1403638584.8778295517 5.99933 -12.49756 1.44153 0.18114 0.77674 -0.24004 0.55339
1403638584.9778294563 5.98478 -12.41835 1.42843 0.17929 0.78034 -0.24195 0.54807
1403638585.0778295994 5.97784 -12.33887 1.41754 0.17898 0.78162 -0.24258 0.54606
1403638585.1778295040 5.98855 -12.26361 1.42594 0.17659 0.78148 -0.24421 0.54632
1403638585.2778294086 5.96368 -12.19062 1.38852 0.17767 0.77963 -0.24346 0.54895
1403638585.3778295517 5.96836 -12.11549 1.37991 0.17823 0.77757 -0.24278 0.55198
1403638585.4778294563 5.95549 -12.04375 1.36438 0.17814 0.77786 -0.24297 0.55152
1403638585.5778295994 5.96464 -11.96803 1.36255 0.17731 0.77971 -0.24312 0.54910
1403638585.6778295040 5.95572 -11.89626 1.36646 0.17719 0.78231 -0.24308 0.54544
1403638585.7778294086 5.96623 -11.81968 1.38024 0.17408 0.78737 -0.24519 0.53817
1403638585.8778295517 5.96155 -11.74799 1.40456 0.17161 0.79126 -0.24707 0.53237
1403638585.9778294563 5.96406 -11.67722 1.43780 0.16983 0.79122 -0.24910 0.53205
1403638586.0778295994 5.97152 -11.60773 1.47232 0.17180 0.78710 -0.24849 0.53777
1403638586.1778295040 5.99364 -11.53905 1.49777 0.17362 0.78433 -0.24802 0.54145
1403638586.2778294086 6.00210 -11.46888 1.51956 0.17591 0.78178 -0.24690 0.54491
1403638586.3778295517 6.02503 -11.40339 1.53531 0.18170 0.77872 -0.24330 0.54898
1403638586.4778294563 6.03013 -11.32695 1.54616 0.18976 0.77706 -0.23835 0.55078
1403638586.5778295994 6.05173 -11.25743 1.55085 0.19198 0.77636 -0.23718 0.55150
1403638586.6778295040 6.05156 -11.17040 1.54640 0.18915 0.77726 -0.23939 0.55026
1403638586.7778294086 6.07212 -11.09703 1.53777 0.18506 0.77694 -0.24210 0.55091
1403638586.8778295517 6.06924 -11.00872 1.52074 0.18287 0.77585 -0.24304 0.55276
1403638586.9778294563 6.08680 -10.93110 1.50092 0.18311 0.77560 -0.24277 0.55315
1403638587.0778295994 6.07772 -10.84150 1.47863 0.18235 0.77540 -0.24327 0.55346
1403638587.1778295040 6.09252 -10.75975 1.46156 0.18191 0.77661 -0.24321 0.55193
1403638587.2778294086 6.08419 -10.66761 1.45434 0.18117 0.77829 -0.24333 0.54976
1403638587.3778295517 6.09642 -10.58274 1.45117 0.18059 0.77989 -0.24366 0.54753
1403638587.4778294563 6.08826 -10.48928 1.45409 0.17877 0.77995 -0.24543 0.54725
1403638587.5778295994 6.10077 -10.40148 1.45250 0.17798 0.78002 -0.24640 0.54698
1403638587.6778295040 6.09391 -10.30843 1.44907 0.17776 0.77957 -0.24695 0.54744
1403638587.7778294086 6.10519 -10.22185 1.43665 0.17771 0.77920 -0.24735 0.54779
1403638587.8778295517 6.10444 -10.13227 1.42308 0.17687 0.77879 -0.24822 0.54826
1403638587.9778294563 6.11593 -10.04700 1.40187 0.17667 0.77840 -0.24871 0.54866
1403638588.0778295994 6.11621 -9.96086 1.38015 0.17778 0.77790 -0.24756 0.54952
1403638588.1778295040 6.12546 -9.87790 1.35181 0.18441 0.77870 -0.24314 0.54818
1403638588.2778294086 6.12432 -9.79207 1.32601 0.18722 0.77944 -0.24068 0.54726
1403638588.3778295517 6.13513 -9.70439 1.30491 0.18788 0.77981 -0.23996 0.54683
1403638588.4778294563 6.13773 -9.61385 1.29263 0.18616 0.77972 -0.24096 0.54710
1403638588.5778295994 6.14773 -9.52099 1.28737 0.18374 0.77902 -0.24260 0.54820
1403638588.6778295040 6.14369 -9.42421 1.29044 0.18138 0.77820 -0.24389 0.54957
1403638588.7778294086 6.15033 -9.32649 1.29805 0.17983 0.77671 -0.24527 0.55156
1403638588.8778295517 6.14429 -9.22753 1.30361 0.17736 0.77611 -0.24754 0.55220
1403638588.9778294563 6.14853 -9.13180 1.30105 0.17764 0.77604 -0.24781 0.55209
1403638589.0778295994 6.14175 -9.03615 1.29385 0.17809 0.77622 -0.24806 0.55158
1403638589.1778295040 6.14566 -8.93966 1.27721 0.17969 0.77598 -0.24734 0.55172
1403638589.2778294086 6.13800 -8.84605 1.26205 0.17937 0.77492 -0.24742 0.55327
1403638589.3778295517 6.13804 -8.74884 1.24094 0.17956 0.77473 -0.24722 0.55357
1403638589.4778294563 6.12974 -8.65538 1.22977 0.17920 0.77554 -0.24780 0.55229
1403638589.5778295994 6.12684 -8.55783 1.21981 0.17852 0.77551 -0.24819 0.55238
1403638589.6778295040 6.11804 -8.46580 1.22450 0.17809 0.77604 -0.24821 0.55175
1403638589.7778294086 6.11251 -8.37032 1.23083 0.17847 0.77759 -0.24857 0.54928
1403638589.8778295517 6.10286 -8.27990 1.24267 0.17844 0.77809 -0.24956 0.54814
1403638589.9778294563 6.09723 -8.18484 1.24152 0.17882 0.77808 -0.25000 0.54782
1403638590.0778295994 6.08555 -8.09398 1.24283 0.17839 0.77802 -0.25082 0.54768
1403638590.1778295040 6.07876 -8.00010 1.23305 0.17899 0.77697 -0.25111 0.54883
1403638590.2778294086 6.06829 -7.91427 1.22708 0.17863 0.77622 -0.25171 0.54974
1403638590.3778295517 6.06255 -7.82158 1.20940 0.17887 0.77653 -0.25215 0.54902
1403638590.4778294563 6.05066 -7.73264 1.19441 0.17893 0.77711 -0.25237 0.54808
1403638590.5778295994 6.04271 -7.64169 1.17632 0.17792 0.77820 -0.25305 0.54656
1403638590.6778295040 6.03017 -7.55546 1.16879 0.17603 0.77990 -0.25403 0.54428
1403638590.7778294086 6.02449 -7.46844 1.16743 0.17530 0.78073 -0.25449 0.54311
1403638590.8778295517 6.01208 -7.38496 1.17543 0.17551 0.78157 -0.25447 0.54183
1403638590.9778294563 6.00816 -7.30003 1.18836 0.17426 0.78219 -0.25539 0.54092
1403638591.0778295994 5.99278 -7.21302 1.20590 0.17289 0.78308 -0.25679 0.53940
1403638591.1778295040 5.99041 -7.13021 1.21660 0.17201 0.78730 -0.25794 0.53295
1403638591.2778294086 5.97718 -7.04248 1.21824 0.16958 0.79315 -0.26010 0.52393
1403638591.3778295517 5.96952 -6.96261 1.21545 0.16631 0.79745 -0.26262 0.51715
1403638591.4778294563 5.96906 -6.88861 1.20822 0.16363 0.80019 -0.26474 0.51267
1403638591.5778295994 5.97597 -6.81942 1.19495 0.16093 0.80293 -0.26703 0.50803
1403638591.6778295040 5.98943 -6.75722 1.17781 0.15961 0.80320 -0.26815 0.50743
1403638591.7778294086 6.00964 -6.70167 1.16072 0.16134 0.80133 -0.26714 0.51037
1403638591.8778295517 6.04040 -6.65905 1.14470 0.16230 0.79900 -0.26631 0.51413
1403638591.9778294563 6.07685 -6.62406 1.13619 0.16304 0.79636 -0.26560 0.51835
1403638592.0778295994 6.11492 -6.59206 1.13712 0.16351 0.79377 -0.26458 0.52269
1403638592.1778295040 6.16281 -6.56884 1.14642 0.16154 0.79092 -0.26276 0.52850
1403638592.2778294086 6.20914 -6.54974 1.16921 0.15648 0.78541 -0.25750 0.54069
1403638592.3778295517 6.25648 -6.53549 1.20215 0.14744 0.78280 -0.24869 0.55103
1403638592.4778294563 6.30306 -6.52349 1.24233 0.13567 0.78523 -0.23489 0.55662
1403638592.5778295994 6.34648 -6.51642 1.28799 0.12791 0.79252 -0.22069 0.55393
1403638592.6778295040 6.38768 -6.51320 1.33872 0.12137 0.79992 -0.20944 0.54912
1403638592.7778294086 6.42846 -6.51467 1.38831 0.11626 0.80694 -0.20190 0.54274
1403638592.8778295517 6.46949 -6.52077 1.43275 0.11217 0.81195 -0.19730 0.53780
1403638592.9778294563 6.51190 -6.53043 1.47253 0.11148 0.81447 -0.19360 0.53548
1403638593.0778295994 6.56159 -6.54549 1.50478 0.11045 0.81522 -0.19227 0.53502
1403638593.1778295040 6.61168 -6.56433 1.54095 0.11049 0.81356 -0.19130 0.53789
1403638593.2778294086 6.67052 -6.58800 1.58015 0.11720 0.81028 -0.18748 0.54273
1403638593.3778295517 6.72670 -6.61378 1.62849 0.12611 0.80693 -0.18228 0.54748
1403638593.4778294563 6.78350 -6.63910 1.67382 0.13422 0.80234 -0.17824 0.55359
1403638593.5778295994 6.84197 -6.66224 1.71245 0.13874 0.79953 -0.17686 0.55698
1403638593.6778295040 6.90135 -6.68150 1.74446 0.14137 0.79834 -0.17648 0.55814
1403638593.7778294086 6.96122 -6.69700 1.77142 0.14261 0.79505 -0.17674 0.56243
1403638593.8778295517 7.02274 -6.70849 1.79609 0.13825 0.78466 -0.17684 0.57786
1403638593.9778294563 7.07653 -6.71361 1.82802 0.13165 0.78128 -0.17374 0.58488
1403638594.0778295994 7.12374 -6.71534 1.86249 0.12342 0.78684 -0.17172 0.57979
1403638594.1778295040 7.16528 -6.71484 1.90105 0.12132 0.79292 -0.16712 0.57326
1403638594.2778294086 7.20337 -6.71222 1.93806 0.12175 0.79533 -0.16236 0.57120
1403638594.3778295517 7.23982 -6.70783 1.96967 0.12420 0.79435 -0.15745 0.57340
1403638594.4778294563 7.26813 -6.69846 2.00803 0.12790 0.79304 -0.15202 0.57587
1403638594.5778295994 7.29694 -6.68536 2.04827 0.12231 0.79334 -0.15392 0.57616
1403638594.6778295040 7.31322 -6.66681 2.09817 0.11665 0.79395 -0.15714 0.57562
1403638594.7778294086 7.33620 -6.64942 2.14016 0.11452 0.79469 -0.15915 0.57448
1403638594.8778295517 7.34126 -6.62792 2.18050 0.11320 0.79477 -0.16084 0.57416
1403638594.9778294563 7.35783 -6.60847 2.20844 0.11431 0.79661 -0.16132 0.57124
1403638595.0778295994 7.37030 -6.58776 2.23037 0.11293 0.79781 -0.16309 0.56934
1403638595.1778295040 7.38109 -6.56688 2.24556 0.11275 0.79831 -0.16429 0.56833
1403638595.2778294086 7.38977 -6.54581 2.25423 0.11327 0.79875 -0.16454 0.56753
1403638595.3778295517 7.36864 -6.51558 2.26513 0.11303 0.79843 -0.16524 0.56783
1403638595.4778294563 7.37475 -6.49425 2.26203 0.11309 0.79877 -0.16544 0.56728
1403638595.5778295994 7.37597 -6.47238 2.25756 0.11311 0.79957 -0.16510 0.56624
1403638595.6778295040 7.37540 -6.45036 2.25829 0.11544 0.79963 -0.16339 0.56618
1403638595.7778294086 7.37205 -6.42636 2.26351 0.11968 0.80060 -0.16040 0.56479
1403638595.8778295517 7.36883 -6.40029 2.26607 0.12092 0.80100 -0.15971 0.56415
1403638595.9778294563 7.36567 -6.37284 2.25501 0.12328 0.80072 -0.15825 0.56446
1403638596.0778295994 7.33640 -6.33775 2.24316 0.13072 0.80141 -0.15333 0.56315
1403638596.1778295040 7.33677 -6.30533 2.22115 0.14198 0.80282 -0.14540 0.56052
1403638596.2778294086 7.33681 -6.26463 2.20619 0.15368 0.80450 -0.13666 0.55721
1403638596.3778295517 7.32386 -6.21139 2.20573 0.16299 0.80462 -0.12903 0.55621
1403638596.4778294563 7.32994 -6.15119 2.20744 0.16850 0.80427 -0.12418 0.55618
1403638596.5778295994 7.33144 -6.07694 2.22249 0.17528 0.80499 -0.11861 0.55426
1403638596.6778295040 7.34648 -5.98953 2.24150 0.18291 0.80522 -0.11257 0.55272
1403638596.7778294086 7.36589 -5.88550 2.26792 0.18682 0.80530 -0.10915 0.55198
1403638596.8778295517 7.38465 -5.76335 2.30457 0.19041 0.80462 -0.10616 0.55232
1403638596.9778294563 7.41402 -5.62550 2.33939 0.19219 0.80334 -0.10526 0.55373
1403638597.0778295994 7.44263 -5.47136 2.37253 0.19499 0.80248 -0.10412 0.55423
1403638597.1778295040 7.47670 -5.30239 2.40084 0.19732 0.80069 -0.10383 0.55604
1403638597.2778294086 7.51404 -5.11589 2.42191 0.19488 0.79808 -0.10688 0.56006
1403638597.3778295517 7.55352 -4.91534 2.43569 0.19011 0.79641 -0.11180 0.56311
1403638597.4778294563 7.59467 -4.69913 2.44704 0.18145 0.79325 -0.11881 0.56896
1403638597.5778295994 7.63548 -4.47211 2.45295 0.16866 0.78876 -0.12833 0.57701
1403638597.6778295040 7.67378 -4.23752 2.45398 0.16424 0.78651 -0.13236 0.58044
1403638597.7778294086 7.70883 -3.99623 2.44923 0.16842 0.78828 -0.12721 0.57798
1403638597.8778295517 7.74184 -3.74694 2.44001 0.17260 0.79084 -0.11580 0.57564
1403638597.9778294563 7.77188 -3.48839 2.42755 0.17369 0.79245 -0.10658 0.57489
1403638598.0778295994 7.80270 -3.21863 2.41951 0.16679 0.79266 -0.10405 0.57711
1403638598.1778295040 7.83047 -2.93755 2.41732 0.14513 0.79426 -0.11327 0.57902
1403638598.2778294086 7.85535 -2.65024 2.41980 0.12766 0.79624 -0.12174 0.57870
1403638598.3778295517 7.87896 -2.36249 2.42008 0.11672 0.79806 -0.12706 0.57735
1403638598.4778294563 7.90141 -2.07628 2.41406 0.11250 0.80034 -0.12884 0.57463
1403638598.5778295994 7.92145 -1.79170 2.39976 0.10753 0.80229 -0.12683 0.57330
1403638598.6778295040 7.93964 -1.50930 2.38016 0.10314 0.80454 -0.11828 0.57279
1403638598.7778294086 7.95658 -1.22946 2.36241 0.09470 0.80668 -0.10745 0.57337
1403638598.8778295517 7.97201 -0.95217 2.35189 0.08544 0.80766 -0.09305 0.57596
1403638598.9778294563 7.98452 -0.67833 2.34494 0.07551 0.81008 -0.07667 0.57635
1403638599.0778295994 7.99586 -0.40635 2.34185 0.06342 0.81144 -0.06001 0.57788
1403638599.1778295040 8.00560 -0.13562 2.34350 0.05145 0.81269 -0.04237 0.57887
1403638599.2778294086 8.01249 0.13281 2.34854 0.04053 0.81457 -0.02338 0.57818
1403638599.3778295517 8.01736 0.39933 2.36053 0.02812 0.81769 -0.00609 0.57493
1403638599.4778294563 8.02008 0.66392 2.37771 0.01911 0.81977 0.00726 0.57233
1403638599.5778295994 8.02142 0.92756 2.39383 0.01365 0.82202 0.01582 0.56907
1403638599.6778295040 8.02186 1.18957 2.40215 0.01002 0.82346 0.02050 0.56692
1403638599.7778294086 8.02371 1.45019 2.40233 0.00872 0.82356 0.02164 0.56674
1403638599.8778295517 8.02880 1.70827 2.39653 0.00673 0.82488 0.01929 0.56494
1403638599.9778294563 8.03552 1.96439 2.38670 0.00288 0.82511 0.01379 0.56479
1403638600.0778295994 8.04682 2.21812 2.37276 -0.00356 0.82631 0.00607 0.56318
1403638600.1778295040 8.06113 2.46611 2.35541 -0.01566 0.82810 -0.00560 0.56033
1403638600.2778294086 8.07724 2.70668 2.33247 -0.02562 0.83027 -0.01618 0.55653
1403638600.3778295517 8.09766 2.93682 2.30822 -0.03319 0.83174 -0.02469 0.55363
1403638600.4778294563 8.12232 3.15406 2.29079 -0.03939 0.83293 -0.03111 0.55110
1403638600.5778295994 8.15217 3.35622 2.28402 -0.03734 0.83348 -0.03170 0.55037
1403638600.6778295040 8.18596 3.54463 2.28499 -0.04016 0.83497 -0.03465 0.54773
1403638600.7778294086 8.22552 3.71967 2.29288 -0.03980 0.83867 -0.03441 0.54209
1403638600.8778295517 8.27049 3.88239 2.30558 -0.02878 0.84240 -0.02553 0.53748
1403638600.9778294563 8.32313 4.03183 2.31549 -0.01198 0.84441 -0.01199 0.53543
1403638601.0778295994 8.38250 4.17387 2.32033 -0.00278 0.84475 -0.00397 0.53514
1403638601.1778295040 8.44947 4.31161 2.32085 0.00514 0.84331 0.00244 0.53739
1403638601.2778294086 8.52442 4.44739 2.31767 0.01450 0.83685 0.00990 0.54716
1403638601.3778295517 8.60425 4.58483 2.31313 0.01172 0.83174 0.01367 0.55487
1403638601.4778294563 8.68838 4.72585 2.31203 -0.00137 0.82730 0.01825 0.56147
1403638601.5778295994 8.77332 4.86773 2.31937 -0.01221 0.82241 0.03247 0.56783
1403638601.6778295040 8.85901 5.00924 2.33187 -0.02340 0.81970 0.05250 0.56990
1403638601.7778294086 8.94314 5.15149 2.35132 -0.03596 0.81667 0.07793 0.57069
1403638601.8778295517 9.02479 5.29470 2.37949 -0.04978 0.81149 0.10691 0.57234
1403638601.9778294563 9.10302 5.43951 2.40913 -0.06454 0.80822 0.13025 0.57066
1403638602.0778295994 9.17889 5.58461 2.43298 -0.07600 0.80649 0.14714 0.56759
1403638602.1778295040 9.25087 5.73084 2.45072 -0.08191 0.80172 0.16272 0.56926
1403638602.2778294086 9.31860 5.87899 2.46438 -0.08952 0.79463 0.18010 0.57281
1403638602.3778295517 9.38089 6.03026 2.47820 -0.11205 0.78353 0.19254 0.58004
1403638602.4778294563 9.43561 6.18205 2.50253 -0.14708 0.76153 0.19877 0.59911
1403638602.5778295994 9.47893 6.32674 2.53441 -0.18238 0.73992 0.20353 0.61468
1403638602.6778295040 9.50820 6.45732 2.57115 -0.20305 0.72962 0.21682 0.61597
1403638602.7778294086 9.52064 6.57113 2.61227 -0.21402 0.72522 0.23638 0.61022
1403638602.8778295517 9.51512 6.66720 2.65773 -0.22505 0.72179 0.25593 0.60239
1403638602.9778294563 9.49438 6.74847 2.70565 -0.24454 0.72191 0.27122 0.58778
1403638603.0778295994 9.46429 6.81510 2.74997 -0.26325 0.71690 0.28579 0.57886
1403638603.1778295040 9.42844 6.86668 2.78753 -0.27541 0.70955 0.30002 0.57504
1403638603.2778294086 9.38653 6.90242 2.81296 -0.27357 0.71685 0.31716 0.55740
1403638603.3778295517 9.33978 6.92563 2.82851 -0.26670 0.72950 0.33163 0.53546
1403638603.4778294563 9.29217 6.94360 2.83956 -0.26321 0.73779 0.33892 0.52107
1403638603.5778295994 9.24662 6.96057 2.84799 -0.26465 0.73552 0.34332 0.52067
1403638603.6778295040 9.20013 6.97559 2.85234 -0.26703 0.72768 0.34590 0.52871
1403638603.7778294086 9.15635 6.98511 2.84846 -0.26099 0.71891 0.35230 0.53938
1403638603.8778295517 9.10333 6.98989 2.83999 -0.25462 0.71112 0.35738 0.54932
1403638603.9778294563 9.04324 6.99307 2.82625 -0.24983 0.70424 0.36028 0.55842
1403638604.0778295994 8.97858 6.99276 2.80529 -0.24398 0.70071 0.36303 0.56364
1403638604.1778295040 8.89952 6.99293 2.78912 -0.24288 0.70008 0.36393 0.56432
1403638604.2778294086 8.81426 6.98565 2.78035 -0.24915 0.70411 0.36016 0.55896
1403638604.3778295517 8.71496 6.97633 2.77793 -0.25434 0.71187 0.35705 0.54870
1403638604.4778294563 8.61076 6.96164 2.78276 -0.25196 0.71976 0.35866 0.53836
1403638604.5778295994 8.50480 6.94457 2.79299 -0.24979 0.72447 0.35993 0.53217
1403638604.6778295040 8.39655 6.92609 2.79876 -0.25227 0.72779 0.35829 0.52756
1403638604.7778294086 8.28814 6.90652 2.79914 -0.25620 0.72989 0.35551 0.52463
1403638604.8778295517 8.18045 6.88500 2.79905 -0.25702 0.73318 0.35476 0.52012
1403638604.9778294563 8.07474 6.86094 2.80198 -0.25434 0.73924 0.35648 0.51162
1403638605.0778295994 7.97151 6.83466 2.81296 -0.25155 0.74572 0.35843 0.50215
1403638605.1778295040 7.87269 6.80947 2.83227 -0.24888 0.74970 0.36045 0.49607
1403638605.2778294086 7.77993 6.79064 2.85313 -0.24497 0.75052 0.36319 0.49478
1403638605.3778295517 7.69103 6.77704 2.86823 -0.23894 0.74580 0.36748 0.50164
1403638605.4778294563 7.60687 6.76935 2.88074 -0.23183 0.73569 0.37298 0.51565
1403638605.5778295994 7.51808 6.76473 2.88310 -0.22640 0.72730 0.37716 0.52680
1403638605.6778295040 7.42644 6.76405 2.88045 -0.22196 0.72150 0.38042 0.53427
1403638605.7778294086 7.32800 6.76793 2.88138 -0.22042 0.72057 0.38153 0.53538
1403638605.8778295517 7.22657 6.77784 2.89516 -0.21763 0.72050 0.38318 0.53543
1403638605.9778294563 7.11654 6.79536 2.91103 -0.21357 0.71976 0.38509 0.53669
1403638606.0778295994 7.00232 6.81763 2.92864 -0.21095 0.71990 0.38583 0.53701
1403638606.1778295040 6.87704 6.84492 2.93467 -0.20749 0.71968 0.38738 0.53754
1403638606.2778294086 6.74867 6.87848 2.93860 -0.20534 0.72090 0.38775 0.53646
1403638606.3778295517 6.60830 6.91696 2.92961 -0.21079 0.72947 0.38300 0.52607
1403638606.4778294563 6.46363 6.96080 2.91670 -0.21878 0.73978 0.37638 0.51303
1403638606.5778295994 6.31856 7.01008 2.89875 -0.22560 0.74842 0.37177 0.50075
1403638606.6778295040 6.17618 7.06579 2.87817 -0.23099 0.75159 0.37388 0.49191
1403638606.7778294086 6.03792 7.12776 2.85415 -0.23574 0.75144 0.38306 0.48273
1403638606.8778295517 5.90580 7.19646 2.82828 -0.24425 0.74771 0.39569 0.47403
1403638606.9778294563 5.78122 7.27390 2.80695 -0.25513 0.74035 0.41111 0.46666
1403638607.0778295994 5.66536 7.35857 2.79572 -0.26910 0.73151 0.42542 0.45989
1403638607.1778295040 5.55805 7.45074 2.79189 -0.28552 0.72175 0.43235 0.45894
1403638607.2778294086 5.45719 7.54713 2.78754 -0.29941 0.70819 0.43661 0.46711
1403638607.3778295517 5.36028 7.64507 2.77404 -0.31222 0.69972 0.43659 0.47149
1403638607.4778294563 5.26700 7.74278 2.75086 -0.31809 0.69659 0.43771 0.47115
1403638607.5778295994 5.17790 7.83760 2.71983 -0.32009 0.69553 0.43903 0.47015
1403638607.6778295040 5.09130 7.92956 2.68562 -0.32177 0.69380 0.43899 0.47158
1403638607.7778294086 5.00908 8.01976 2.64859 -0.32025 0.69234 0.43940 0.47438
1403638607.8778295517 4.92805 8.10824 2.60820 -0.32139 0.69457 0.43732 0.47226
1403638607.9778294563 4.85798 8.19473 2.56437 -0.32353 0.69902 0.43399 0.46728
1403638608.0778295994 4.78672 8.28050 2.51652 -0.32428 0.69781 0.43142 0.47094
1403638608.1778295040 4.72058 8.36317 2.46410 -0.32047 0.69480 0.43176 0.47762
1403638608.2778294086 4.66408 8.44165 2.40717 -0.31922 0.69025 0.43105 0.48564
1403638608.3778295517 4.60235 8.51661 2.34638 -0.31955 0.68451 0.42976 0.49461
1403638608.4778294563 4.54611 8.58733 2.27995 -0.31967 0.68442 0.42937 0.49500
1403638608.5778295994 4.48438 8.65259 2.20919 -0.31785 0.68595 0.43006 0.49346
1403638608.6778295040 4.42940 8.71340 2.14076 -0.32338 0.68323 0.42611 0.49704
1403638608.7778294086 4.36632 8.76629 2.07761 -0.32385 0.68337 0.42579 0.49681
1403638608.8778295517 4.30723 8.81168 2.01871 -0.32254 0.68678 0.42711 0.49181
1403638608.9778294563 4.25230 8.85197 1.96824 -0.32160 0.69084 0.42804 0.48590
1403638609.0778295994 4.19607 8.88746 1.92422 -0.32098 0.69356 0.42855 0.48196
1403638609.1778295040 4.14219 8.91823 1.88686 -0.32288 0.69402 0.42716 0.48127
1403638609.2778294086 4.09189 8.94561 1.84872 -0.33085 0.69416 0.42142 0.48071
1403638609.3778295517 4.04831 8.97063 1.80282 -0.32971 0.69438 0.42193 0.48074
1403638609.4778294563 4.00621 8.99034 1.75069 -0.32607 0.69440 0.42407 0.48130
1403638609.5778295994 3.96882 9.00555 1.69199 -0.32263 0.69436 0.42606 0.48192
1403638609.6778295040 3.93188 9.02280 1.62762 -0.32061 0.69335 0.42758 0.48338
1403638609.7778294086 3.89990 9.03352 1.56318 -0.31939 0.69344 0.42833 0.48338
1403638609.8778295517 3.86851 9.04731 1.50555 -0.31987 0.69365 0.42807 0.48301
1403638609.9778294563 3.84141 9.05334 1.45614 -0.32078 0.69318 0.42724 0.48380
1403638610.0778295994 3.81766 9.05854 1.41669 -0.32414 0.69096 0.42473 0.48694
1403638610.1778295040 3.79595 9.05931 1.37990 -0.32526 0.68790 0.42384 0.49129
1403638610.2778294086 3.77471 9.05549 1.33881 -0.32765 0.68664 0.42183 0.49319
1403638610.3778295517 3.75459 9.04648 1.29090 -0.32850 0.68628 0.42118 0.49368
1403638610.4778294563 3.73582 9.03042 1.24017 -0.32867 0.68465 0.42075 0.49619
1403638610.5778295994 3.71785 9.01095 1.18392 -0.33155 0.67945 0.41851 0.50326
1403638610.6778295040 3.69836 8.98292 1.12679 -0.33606 0.67442 0.41528 0.50967
1403638610.7778294086 3.67577 8.94587 1.07179 -0.33360 0.67970 0.41802 0.50198
1403638610.8778295517 3.65364 8.90360 1.02544 -0.32978 0.68600 0.42203 0.49247
1403638610.9778294563 3.63115 8.85491 0.98684 -0.33042 0.68636 0.42240 0.49124
1403638611.0778295994 3.61084 8.80204 0.94655 -0.33363 0.68351 0.42062 0.49456
1403638611.1778295040 3.59543 8.74694 0.90116 -0.33501 0.68254 0.42078 0.49482
1403638611.2778294086 3.58022 8.68573 0.85465 -0.33451 0.68214 0.42176 0.49488
1403638611.3778295517 3.56502 8.61690 0.81233 -0.32818 0.67971 0.42624 0.49861
1403638611.4778294563 3.54283 8.54044 0.77432 -0.31606 0.67538 0.43419 0.50542
1403638611.5778295994 3.52370 8.46496 0.74633 -0.30727 0.67491 0.43945 0.50692
1403638611.6778295040 3.49149 8.38220 0.72082 -0.30559 0.67729 0.43988 0.50438
1403638611.7778294086 3.45905 8.29999 0.69603 -0.31122 0.68308 0.43567 0.49672
1403638611.8778295517 3.42887 8.22038 0.66720 -0.31638 0.68872 0.43133 0.48941
1403638611.9778294563 3.39595 8.13886 0.63488 -0.31903 0.69211 0.42876 0.48515
1403638612.0778295994 3.36478 8.05916 0.60419 -0.31842 0.69405 0.42853 0.48298
1403638612.1778295040 3.33762 7.97836 0.57866 -0.31981 0.69530 0.42698 0.48163
1403638612.2778294086 3.31118 7.90009 0.56334 -0.32031 0.69530 0.42634 0.48187
1403638612.3778295517 3.29049 7.82026 0.55190 -0.31868 0.69486 0.42694 0.48305
1403638612.4778294563 3.26842 7.73895 0.53787 -0.31802 0.69365 0.42625 0.48581
1403638612.5778295994 3.25086 7.65754 0.51756 -0.31517 0.69149 0.42682 0.49024
1403638612.6778295040 3.23274 7.57606 0.49004 -0.30939 0.68956 0.42927 0.49448
1403638612.7778294086 3.20981 7.49286 0.45504 -0.30652 0.68865 0.42913 0.49765
1403638612.8778295517 3.18880 7.41180 0.42303 -0.30674 0.68754 0.42685 0.50100
1403638612.9778294563 3.15888 7.32530 0.39175 -0.30764 0.68816 0.42480 0.50133
1403638613.0778295994 3.13271 7.24474 0.37170 -0.30821 0.69096 0.42368 0.49807
1403638613.1778295040 3.10342 7.16224 0.35868 -0.30771 0.69340 0.42345 0.49518
1403638613.2778294086 3.06884 7.07539 0.35222 -0.30686 0.69387 0.42367 0.49486
1403638613.3778295517 3.03851 6.99459 0.35278 -0.30613 0.69343 0.42419 0.49549
1403638613.4778294563 3.00193 6.90559 0.35008 -0.30674 0.69292 0.42310 0.49675
1403638613.5778295994 2.96990 6.82503 0.34207 -0.30598 0.69427 0.41879 0.49899
1403638613.6778295040 2.93632 6.74423 0.32807 -0.30986 0.69501 0.41208 0.50113
1403638613.7778294086 2.89668 6.65382 0.30614 -0.31369 0.69382 0.40439 0.50663
1403638613.8778295517 2.86291 6.56854 0.27717 -0.31064 0.69610 0.39633 0.51173
1403638613.9778294563 2.82306 6.46933 0.24327 -0.30294 0.70224 0.38642 0.51553
1403638614.0778295994 2.78491 6.36909 0.20560 -0.29099 0.71041 0.37459 0.51993
1403638614.1778295040 2.74546 6.26462 0.16797 -0.27630 0.72079 0.36169 0.52278
1403638614.2778294086 2.70407 6.15602 0.13594 -0.26528 0.72984 0.34818 0.52510
1403638614.3778295517 2.66222 6.04857 0.10990 -0.25666 0.73664 0.33872 0.52608
1403638614.4778294563 2.61978 5.94337 0.09297 -0.25317 0.74146 0.32979 0.52667
1403638614.5778295994 2.57618 5.83533 0.08394 -0.24923 0.74603 0.32144 0.52726
1403638614.6778295040 2.53540 5.72966 0.08343 -0.24614 0.75136 0.30945 0.52831
1403638614.7778294086 2.49759 5.62416 0.09505 -0.24423 0.76140 0.29292 0.52423
1403638614.8778295517 2.46250 5.51708 0.11604 -0.23657 0.77269 0.27543 0.52070
1403638614.9778294563 2.43406 5.40922 0.14337 -0.22344 0.78206 0.25638 0.52223
1403638615.0778295994 2.41164 5.29749 0.17430 -0.20540 0.78958 0.23566 0.52805
1403638615.1778295040 2.39563 5.18283 0.21002 -0.18403 0.79316 0.21358 0.53982
1403638615.2778294086 2.38375 5.06576 0.24959 -0.15908 0.79564 0.19220 0.55200
1403638615.3778295517 2.37278 4.94894 0.28479 -0.13779 0.79944 0.16685 0.56042
1403638615.4778294563 2.36221 4.83138 0.31364 -0.11756 0.80265 0.14103 0.56749
1403638615.5778295994 2.35051 4.71370 0.33495 -0.10046 0.80612 0.11676 0.57136
1403638615.6778295040 2.33785 4.59713 0.35184 -0.08720 0.80832 0.09949 0.57369
1403638615.7778294086 2.32444 4.48329 0.37404 -0.07948 0.80969 0.08706 0.57490
1403638615.8778295517 2.30840 4.37003 0.40377 -0.07427 0.81099 0.07531 0.57542
1403638615.9778294563 2.29229 4.25737 0.43162 -0.06706 0.81261 0.06346 0.57545
1403638616.0778295994 2.27537 4.14408 0.45297 -0.05814 0.81328 0.05124 0.57669
1403638616.1778295040 2.25750 4.03052 0.46144 -0.04834 0.81455 0.03719 0.57688
1403638616.2778294086 2.23931 3.91618 0.45331 -0.03768 0.81563 0.01903 0.57703
1403638616.3778295517 2.22026 3.79933 0.43126 -0.02441 0.81642 -0.00022 0.57694
1403638616.4778294563 2.20025 3.68035 0.40282 -0.01383 0.81701 -0.01811 0.57617
1403638616.5778295994 2.17973 3.56115 0.37142 -0.00443 0.81872 -0.03059 0.57336
1403638616.6778295040 2.15969 3.44233 0.33610 0.00146 0.82337 -0.04021 0.56607
1403638616.7778294086 2.14131 3.32366 0.29617 -0.00145 0.83183 -0.05042 0.55273
1403638616.8778295517 2.12896 3.20510 0.25595 -0.00525 0.83757 -0.05713 0.54331
1403638616.9778294563 2.12411 3.08214 0.22478 -0.00003 0.83577 -0.05469 0.54635
1403638617.0778295994 2.12631 2.95548 0.20333 0.00557 0.83211 -0.04959 0.55237
1403638617.1778295040 2.13217 2.82729 0.18965 0.01155 0.82922 -0.04261 0.55718
1403638617.2778294086 2.14144 2.69938 0.18003 0.01326 0.83158 -0.03786 0.55395
1403638617.3778295517 2.15439 2.57129 0.17467 0.01300 0.83562 -0.03494 0.54804
1403638617.4778294563 2.17262 2.44581 0.17759 0.01280 0.83839 -0.03170 0.54400
1403638617.5778295994 2.19704 2.32222 0.18874 0.01269 0.83913 -0.02875 0.54302
1403638617.6778295040 2.22793 2.20091 0.20860 0.01379 0.83777 -0.02483 0.54529
1403638617.7778294086 2.26812 2.08687 0.23725 0.01397 0.83618 -0.02212 0.54783
1403638617.8778295517 2.30933 1.97151 0.27256 0.01496 0.83622 -0.01877 0.54786
1403638617.9778294563 2.35593 1.86028 0.31239 0.01289 0.83523 -0.01833 0.54944
1403638618.0778295994 2.40741 1.75272 0.34757 0.01210 0.83489 -0.01707 0.55002
1403638618.1778295040 2.46328 1.64838 0.37663 0.00967 0.83507 -0.01697 0.54980
1403638618.2778294086 2.52431 1.54782 0.39849 0.01008 0.83507 -0.01539 0.54983
1403638618.3778295517 2.58671 1.44984 0.41821 0.00979 0.83434 -0.01432 0.55097
1403638618.4778294563 2.65463 1.35551 0.43369 0.00950 0.83446 -0.01300 0.55083
1403638618.5778295994 2.72482 1.26400 0.44903 0.01059 0.83345 -0.01218 0.55236
1403638618.6778295040 2.80038 1.17494 0.46013 0.01442 0.83333 -0.01523 0.55238
1403638618.7778294086 2.87890 1.08908 0.47715 0.01692 0.83263 -0.01840 0.55326
1403638618.8778295517 2.96122 1.00640 0.49983 0.01989 0.83088 -0.02171 0.55567
1403638618.9778294563 3.04615 0.92759 0.52403 0.02581 0.82681 -0.03064 0.56106
1403638619.0778295994 3.13241 0.85085 0.54111 0.03765 0.82329 -0.04433 0.56464
1403638619.1778295040 3.21884 0.77675 0.55043 0.05118 0.81983 -0.06322 0.56680
1403638619.2778294086 3.30570 0.70610 0.55288 0.06513 0.81604 -0.08733 0.56763
1403638619.3778295517 3.39159 0.63836 0.54632 0.08128 0.81169 -0.11183 0.56749
1403638619.4778294563 3.47693 0.57455 0.53630 0.09181 0.80754 -0.13304 0.56723
1403638619.5778295994 3.56296 0.51383 0.52543 0.09832 0.80398 -0.14877 0.56728
1403638619.6778295040 3.64765 0.45452 0.51187 0.09458 0.80059 -0.16521 0.56817
1403638619.7778294086 3.72972 0.39400 0.49623 0.09096 0.79822 -0.17676 0.56862
1403638619.8778295517 3.80831 0.33109 0.47906 0.09064 0.79614 -0.18320 0.56955
1403638619.9778294563 3.88322 0.26692 0.45560 0.09199 0.79530 -0.18688 0.56931
1403638620.0778295994 3.95135 0.19707 0.43801 0.09408 0.79281 -0.18843 0.57193
1403638620.1778295040 4.01630 0.12607 0.42261 0.09868 0.78976 -0.18734 0.57572
1403638620.2778294086 4.07041 0.05087 0.41733 0.10139 0.79036 -0.18614 0.57481
1403638620.3778295517 4.12167 -0.02423 0.41691 0.10413 0.79176 -0.18399 0.57308
1403638620.4778294563 4.16183 -0.10097 0.42381 0.10517 0.79291 -0.18185 0.57198
1403638620.5778295994 4.20396 -0.17840 0.42879 0.10476 0.79428 -0.18026 0.57065
1403638620.6778295040 4.24164 -0.25616 0.42841 0.10186 0.79682 -0.18012 0.56767
1403638620.7778294086 4.26763 -0.33460 0.42237 0.09826 0.80021 -0.18046 0.56343
1403638620.8778295517 4.29994 -0.41536 0.41270 0.10149 0.80338 -0.17592 0.55976
1403638620.9778294563 4.33023 -0.49566 0.39973 0.10601 0.80397 -0.16997 0.55991
1403638621.0778295994 4.34902 -0.57379 0.38559 0.10963 0.80237 -0.16493 0.56302
1403638621.1778295040 4.37836 -0.65314 0.37571 0.10829 0.80114 -0.16312 0.56554
1403638621.2778294086 4.40127 -0.72897 0.37138 0.10853 0.79996 -0.16058 0.56789
1403638621.3778295517 4.42984 -0.80497 0.37271 0.11019 0.80084 -0.15755 0.56718
1403638621.4778294563 4.45075 -0.87517 0.36877 0.11073 0.79900 -0.15553 0.57022
1403638621.5778295994 4.47685 -0.94574 0.35937 0.11064 0.79683 -0.15347 0.57382
1403638621.6778295040 4.49859 -1.01149 0.34547 0.11020 0.79587 -0.15247 0.57550
1403638621.7778294086 4.51085 -1.06943 0.32746 0.11107 0.79422 -0.15124 0.57793
1403638621.8778295517 4.52693 -1.12971 0.30584 0.11283 0.79079 -0.14942 0.58274
1403638621.9778294563 4.53739 -1.18317 0.28158 0.11316 0.78826 -0.14879 0.58626
1403638622.0778295994 4.53535 -1.22342 0.25392 0.11163 0.78785 -0.14993 0.58682
1403638622.1778295040 4.53680 -1.26954 0.22249 0.10843 0.78883 -0.15183 0.58561
1403638622.2778294086 4.53187 -1.30956 0.19566 0.10555 0.78819 -0.15423 0.58636
1403638622.3778295517 4.52138 -1.34619 0.17626 0.10614 0.78918 -0.15474 0.58479
1403638622.4778294563 4.49769 -1.37035 0.16867 0.10969 0.78996 -0.15316 0.58350
1403638622.5778295994 4.47848 -1.40521 0.16379 0.11309 0.78974 -0.15183 0.58349
1403638622.6778295040 4.44819 -1.42291 0.17250 0.11686 0.78565 -0.15016 0.58868
1403638622.7778294086 4.41901 -1.44853 0.18740 0.11945 0.77447 -0.14883 0.60314
1403638622.8778295517 4.38093 -1.45910 0.21090 0.12102 0.76965 -0.14847 0.60906
1403638622.9778294563 4.33470 -1.46567 0.23053 0.11952 0.77344 -0.15087 0.60394
1403638623.0778295994 4.28171 -1.47209 0.24321 0.11589 0.77997 -0.15434 0.59531
1403638623.1778295040 4.22178 -1.47220 0.25073 0.11084 0.78391 -0.15809 0.59009
1403638623.2778294086 4.15189 -1.46079 0.25385 0.10776 0.78726 -0.16050 0.58553
1403638623.3778295517 4.08255 -1.45945 0.25208 0.10544 0.78987 -0.16223 0.58196
1403638623.4778294563 4.00577 -1.44693 0.24655 0.10614 0.79152 -0.16210 0.57961
1403638623.5778295994 3.93071 -1.44322 0.24255 0.10747 0.79166 -0.16140 0.57937
1403638623.6778295040 3.84874 -1.43434 0.24760 0.10895 0.79211 -0.16094 0.57861
1403638623.7778294086 3.76605 -1.42944 0.25801 0.11118 0.79312 -0.16069 0.57686
1403638623.8778295517 3.67892 -1.42199 0.27314 0.11259 0.79425 -0.16078 0.57501
1403638623.9778294563 3.58649 -1.41049 0.28733 0.11425 0.79536 -0.16133 0.57300
1403638624.0778295994 3.49511 -1.40061 0.29607 0.11260 0.79567 -0.16411 0.57210
1403638624.1778295040 3.40144 -1.38751 0.30097 0.11025 0.79553 -0.16673 0.57199
1403638624.2778294086 3.30694 -1.37589 0.29900 0.10824 0.79520 -0.16939 0.57206
1403638624.3778295517 3.21290 -1.36459 0.29401 0.10787 0.79471 -0.17117 0.57228
1403638624.4778294563 3.11779 -1.35395 0.28765 0.10936 0.79447 -0.17155 0.57221
1403638624.5778295994 3.02069 -1.34334 0.27431 0.10472 0.78615 -0.17642 0.58299
1403638624.6778295040 2.92096 -1.33367 0.25902 0.10638 0.78186 -0.17419 0.58910
1403638624.7778294086 2.81785 -1.32489 0.24850 0.11129 0.78773 -0.16437 0.58317
1403638624.8778295517 2.70948 -1.31257 0.24400 0.11273 0.79377 -0.15611 0.57694
1403638624.9778294563 2.60497 -1.30051 0.24817 0.10553 0.79694 -0.15406 0.57447
1403638625.0778295994 2.49921 -1.28802 0.25383 0.09796 0.79791 -0.15316 0.57471
1403638625.1778295040 2.38937 -1.27369 0.25354 0.09164 0.79879 -0.15338 0.57446
1403638625.2778294086 2.28436 -1.26387 0.25027 0.08964 0.79962 -0.15181 0.57405
1403638625.3778295517 2.17488 -1.25275 0.24504 0.08853 0.79975 -0.15080 0.57430
1403638625.4778294563 2.06984 -1.24647 0.24630 0.08753 0.79919 -0.15045 0.57532
1403638625.5778295994 1.96071 -1.23831 0.25263 0.08821 0.79974 -0.14975 0.57463
1403638625.6778295040 1.85345 -1.23247 0.26662 0.08836 0.80137 -0.14969 0.57235
1403638625.7778294086 1.74703 -1.22839 0.28461 0.08720 0.80591 -0.15079 0.56584
1403638625.8778295517 1.64053 -1.22421 0.29585 0.08745 0.80854 -0.15118 0.56193
1403638625.9778294563 1.53611 -1.22319 0.30336 0.08853 0.80896 -0.15134 0.56111
1403638626.0778295994 1.43441 -1.22324 0.30443 0.08701 0.81024 -0.15314 0.55900
1403638626.1778295040 1.33871 -1.22439 0.29963 0.08726 0.81063 -0.15357 0.55829
1403638626.2778294086 1.24253 -1.22880 0.29160 0.09021 0.80916 -0.15219 0.56033
1403638626.3778295517 1.14602 -1.23216 0.28064 0.09811 0.80726 -0.14695 0.56312
1403638626.4778294563 1.05498 -1.23684 0.26620 0.10055 0.80601 -0.14477 0.56504
1403638626.5778295994 0.96182 -1.23791 0.25083 0.10124 0.80834 -0.14389 0.56181
1403638626.6778295040 0.87520 -1.24053 0.23614 0.10004 0.81024 -0.14429 0.55917
1403638626.7778294086 0.79208 -1.24129 0.22502 0.09746 0.81414 -0.14603 0.55350
1403638626.8778295517 0.71346 -1.24066 0.22191 0.09697 0.81683 -0.14586 0.54964
1403638626.9778294563 0.64165 -1.24028 0.22429 0.09632 0.81771 -0.14602 0.54841
1403638627.0778295994 0.57499 -1.24241 0.22647 0.09565 0.81781 -0.14564 0.54847
1403638627.1778295040 0.51308 -1.24322 0.22063 0.09494 0.81770 -0.14556 0.54878
1403638627.2778294086 0.45682 -1.24716 0.21526 0.09624 0.81772 -0.14422 0.54888
1403638627.3778295517 0.40522 -1.25077 0.20692 0.09829 0.81713 -0.14234 0.54989
1403638627.4778294563 0.35883 -1.25440 0.19524 0.09849 0.81752 -0.14204 0.54935
1403638627.5778295994 0.31741 -1.25772 0.18159 0.09973 0.81636 -0.14164 0.55095
1403638627.6778295040 0.28458 -1.25757 0.16094 0.10178 0.81333 -0.14086 0.55524
1403638627.7778294086 0.25203 -1.25984 0.14602 0.10352 0.81146 -0.13998 0.55788
1403638627.8778295517 0.22250 -1.25995 0.12927 0.10445 0.81079 -0.13999 0.55867
1403638627.9778294563 0.19428 -1.25904 0.11243 0.10485 0.81273 -0.14009 0.55574
1403638628.0778295994 0.17768 -1.25376 0.08947 0.10583 0.81382 -0.14034 0.55390
1403638628.1778295040 0.15487 -1.24983 0.07704 0.10692 0.81439 -0.14084 0.55272
1403638628.2778294086 0.13790 -1.24419 0.06503 0.10707 0.81461 -0.14153 0.55219
1403638628.3778295517 0.13361 -1.23473 0.05039 0.10575 0.81515 -0.14307 0.55126
1403638628.4778294563 0.12338 -1.22697 0.04438 0.09981 0.81235 -0.14773 0.55525
1403638628.5778295994 0.11804 -1.21876 0.04158 0.09172 0.80518 -0.15344 0.56545
1403638628.6778295040 0.11214 -1.21150 0.04040 0.08617 0.80112 -0.15746 0.57096
1403638628.7778294086 0.12360 -1.20235 0.03445 0.08796 0.80227 -0.15678 0.56925
1403638628.8778295517 0.11292 -1.20021 0.02477 0.09239 0.80287 -0.15402 0.56846
1403638628.9778294563 0.10530 -1.19892 0.01271 0.09728 0.80354 -0.15110 0.56748
1403638629.0778295994 0.09514 -1.19750 0.00309 0.10203 0.80469 -0.14768 0.56591
1403638629.1778295040 0.09946 -1.18601 0.00242 0.10445 0.80588 -0.14575 0.56428
1403638629.2778294086 0.08814 -1.18178 -0.00295 0.10504 0.80620 -0.14496 0.56391
1403638629.3778295517 0.07665 -1.17353 -0.00408 0.10592 0.80929 -0.14511 0.55926
1403638629.4778294563 0.07216 -1.16634 -0.00462 0.10455 0.81376 -0.14686 0.55254
1403638629.5778295994 0.07666 -1.15899 -0.00262 0.10103 0.81675 -0.14969 0.54799
1403638629.6778295040 0.08421 -1.15294 -0.00012 0.09006 0.81464 -0.15805 0.55070
1403638629.7778294086 0.09187 -1.14852 0.00302 0.08334 0.80903 -0.16342 0.55841
1403638629.8778295517 0.09872 -1.14710 0.00266 0.08172 0.80261 -0.16514 0.56734
1403638629.9778294563 0.10381 -1.14931 -0.00586 0.09267 0.79703 -0.15839 0.57538
1403638630.0778295994 0.10522 -1.15243 -0.02445 0.10168 0.79343 -0.15232 0.58046
1403638630.1778295040 0.10482 -1.15412 -0.05313 0.10607 0.79619 -0.14887 0.57678
1403638630.2778294086 0.09944 -1.15503 -0.08717 0.10697 0.80074 -0.14814 0.57047
1403638630.3778295517 0.10003 -1.15249 -0.11320 0.10316 0.82017 -0.14896 0.54267
1403638630.4778294563 0.11096 -1.15186 -0.10213 0.10257 0.80213 -0.14743 0.56950
1403638630.5778295994 0.11999 -1.15156 -0.10369 0.10220 0.80142 -0.14856 0.57027
1403638630.6778295040 0.12582 -1.15162 -0.12613 0.09970 0.82038 -0.14543 0.54396
1403638630.7778294086 0.12392 -1.15833 -0.12848 0.10241 0.82718 -0.13959 0.53461
1403638630.8778295517 0.11521 -1.15983 -0.13352 0.09763 0.82584 -0.14064 0.53729
1403638630.9778294563 0.10839 -1.16102 -0.13673 0.09783 0.82570 -0.14089 0.53740
1403638631.0778295994 0.09900 -1.16213 -0.14066 0.09852 0.82576 -0.14042 0.53730
1403638631.1778295040 0.08988 -1.16370 -0.14447 0.09844 0.82580 -0.14065 0.53720
1403638631.2778294086 0.07987 -1.16526 -0.14800 0.09834 0.82586 -0.14063 0.53712
1403638631.3778295517 0.06976 -1.16710 -0.15131 0.09808 0.82594 -0.14082 0.53701
1403638631.4778294563 0.05965 -1.16916 -0.15445 0.09785 0.82588 -0.14110 0.53707
1403638631.5778295994 0.04896 -1.17149 -0.15772 0.09774 0.82586 -0.14118 0.53710
1403638631.6778295040 0.03846 -1.17421 -0.16082 0.09742 0.82586 -0.14159 0.53705
