1403638523.0778295994 0.01882 0.00404 0.34607 -0.07296 0.80609 0.01826 0.58700
1403638523.1778295040 0.02525 -0.00044 0.37923 -0.07242 0.80616 0.01862 0.58696
1403638523.2778294086 0.02591 -0.00846 0.37667 -0.06339 0.80417 0.01848 0.59072
1403638523.3778295517 0.02656 -0.01393 0.34877 -0.05901 0.80328 0.01757 0.59241
1403638523.4778294563 0.02534 -0.02046 0.30660 -0.05442 0.80704 0.02015 0.58764
1403638523.5778295994 0.02119 -0.02767 0.25675 -0.04746 0.81632 0.02448 0.57513
1403638523.6778295040 0.01560 -0.03430 0.20635 -0.04058 0.82574 0.02742 0.56193
1403638523.7778294086 0.01004 -0.04000 0.15768 -0.03699 0.83032 0.03036 0.55523
1403638523.8778295517 0.00374 -0.04470 0.11364 -0.03377 0.83092 0.03330 0.55436
1403638523.9778294563 -0.00242 -0.04764 0.08097 -0.02458 0.83096 0.03935 0.55439
1403638524.0778295994 -0.00555 -0.04915 0.06817 -0.01773 0.83401 0.04779 0.54939
1403638524.1778295040 -0.00596 -0.04683 0.08765 -0.01831 0.83854 0.05273 0.54198
1403638524.2778294086 -0.00486 -0.04644 0.13148 -0.02474 0.83946 0.05393 0.54017
1403638524.3778295517 -0.00078 -0.04600 0.18641 -0.03431 0.83664 0.05249 0.54415
1403638524.4778294563 0.00579 -0.04522 0.24698 -0.04143 0.83002 0.05079 0.55387
1403638524.5778295994 0.01403 -0.04329 0.30705 -0.04469 0.82114 0.04948 0.56682
1403638524.6778295040 0.02284 -0.04062 0.36120 -0.04076 0.81466 0.04401 0.57683
1403638524.7778294086 0.02976 -0.03653 0.40209 -0.02810 0.81082 0.03891 0.58332
1403638524.8778295517 0.03465 -0.03232 0.42816 -0.02436 0.80928 0.03618 0.58580
1403638524.9778294563 0.03642 -0.02930 0.43793 -0.03096 0.80769 0.03849 0.58754
1403638525.0778295994 0.03735 -0.02814 0.42562 -0.02884 0.80494 0.04199 0.59117
1403638525.1778295040 0.03857 -0.02731 0.39218 -0.02669 0.80342 0.04663 0.59298
1403638525.2778294086 0.03704 -0.02864 0.34664 -0.02691 0.80602 0.05166 0.58901
1403638525.3778295517 0.03567 -0.02939 0.29322 -0.02957 0.81487 0.05671 0.57610
1403638525.4778294563 0.03226 -0.02943 0.24143 -0.03813 0.82708 0.05870 0.55771
1403638525.5778295994 0.02786 -0.03133 0.19644 -0.04442 0.83610 0.05828 0.54366
1403638525.6778295040 0.02547 -0.03351 0.15867 -0.04538 0.83901 0.05528 0.53939
1403638525.7778294086 0.02500 -0.03344 0.12851 -0.04246 0.83747 0.04931 0.54260
1403638525.8778295517 0.02430 -0.03435 0.10651 -0.03548 0.83382 0.04489 0.54906
1403638525.9778294563 0.01986 -0.04201 0.09446 -0.02709 0.83237 0.04367 0.55183
1403638526.0778295994 0.01665 -0.06167 0.09289 -0.02270 0.83395 0.04149 0.54981
1403638526.1778295040 0.01418 -0.09097 0.10039 -0.02090 0.83635 0.03238 0.54684
1403638526.2778294086 0.01020 -0.12681 0.11374 -0.01748 0.83542 0.02330 0.54884
1403638526.3778295517 0.00345 -0.16694 0.12826 -0.01519 0.83127 0.01459 0.55546
1403638526.4778294563 -0.00570 -0.21127 0.14081 -0.01395 0.82617 0.00349 0.56324
1403638526.5778295994 -0.01584 -0.26108 0.14932 -0.01264 0.82085 -0.00758 0.57096
1403638526.6778295040 -0.02780 -0.31969 0.15610 -0.00838 0.81571 -0.01592 0.57819
1403638526.7778294086 -0.04266 -0.38359 0.16130 -0.00007 0.81261 -0.02134 0.58241
1403638526.8778295517 -0.05956 -0.44816 0.16481 0.00782 0.81184 -0.02450 0.58332
1403638526.9778294563 -0.07674 -0.50988 0.16792 0.01208 0.81489 -0.03082 0.57867
1403638527.0778295994 -0.09145 -0.56785 0.17157 0.01973 0.81939 -0.04390 0.57122
1403638527.1778295040 -0.10271 -0.61952 0.17722 0.02746 0.82115 -0.05904 0.56698
1403638527.2778294086 -0.10946 -0.65987 0.18389 0.03891 0.81820 -0.07280 0.56898
1403638527.3778295517 -0.11070 -0.68309 0.19007 0.05428 0.81304 -0.08156 0.57390
1403638527.4778294563 -0.10689 -0.68531 0.19356 0.06453 0.80940 -0.08594 0.57734
1403638527.5778295994 -0.09799 -0.66617 0.19401 0.06748 0.80871 -0.08708 0.57780
1403638527.6778295040 -0.08413 -0.62671 0.19143 0.06575 0.80922 -0.08345 0.57782
1403638527.7778294086 -0.06968 -0.58064 0.19138 0.06014 0.81062 -0.07609 0.57749
1403638527.8778295517 -0.05394 -0.52650 0.19388 0.04609 0.81379 -0.07109 0.57495
1403638527.9778294563 -0.03495 -0.46699 0.19676 0.03580 0.81470 -0.06604 0.57500
1403638528.0778295994 -0.01539 -0.40793 0.19839 0.02877 0.81347 -0.05839 0.57795
1403638528.1778295040 0.00407 -0.35291 0.19566 0.01868 0.81387 -0.04915 0.57866
1403638528.2778294086 0.02746 -0.30448 0.19084 0.00581 0.81527 -0.03819 0.57779
1403638528.3778295517 0.05711 -0.26787 0.18476 -0.00177 0.81485 -0.02978 0.57890
1403638528.4778294563 0.09172 -0.24253 0.17971 -0.00070 0.81406 -0.02614 0.58019
1403638528.5778295994 0.12673 -0.22324 0.17714 0.00034 0.81603 -0.03029 0.57721
1403638528.6778295040 0.16063 -0.20967 0.17756 -0.00125 0.81741 -0.03759 0.57482
1403638528.7778294086 0.18997 -0.20138 0.18114 0.00336 0.81666 -0.04248 0.57555
1403638528.8778295517 0.20437 -0.19396 0.18850 -0.00073 0.81579 -0.04979 0.57621
1403638528.9778294563 0.20529 -0.18216 0.20239 -0.00771 0.81576 -0.05632 0.57559
1403638529.0778295994 0.18648 -0.17399 0.21939 -0.00684 0.81684 -0.05738 0.57396
1403638529.1778295040 0.15819 -0.15709 0.22942 0.00988 0.81794 -0.05035 0.57300
1403638529.2778294086 0.12366 -0.13602 0.22846 0.02136 0.82004 -0.04421 0.57020
1403638529.3778295517 0.08826 -0.10915 0.21721 0.02553 0.82549 -0.03975 0.56243
1403638529.4778294563 0.05772 -0.08837 0.19612 0.02418 0.83578 -0.03708 0.54728
1403638529.5778295994 0.03353 -0.07332 0.17113 0.02193 0.84615 -0.03401 0.53140
1403638529.6778295040 0.01369 -0.06535 0.14677 0.02313 0.85016 -0.03086 0.52510
1403638529.7778294086 0.00319 -0.05769 0.12378 0.02228 0.84672 -0.03008 0.53072
1403638529.8778295517 -0.00112 -0.05057 0.10272 0.02075 0.84045 -0.03114 0.54060
1403638529.9778294563 -0.00454 -0.04440 0.08776 0.02039 0.83790 -0.03139 0.54453
1403638530.0778295994 0.00270 -0.04215 0.07644 0.02124 0.83937 -0.03206 0.54220
1403638530.1778295040 0.01570 -0.04238 0.06662 0.02256 0.84116 -0.03670 0.53907
1403638530.2778294086 0.03073 -0.04374 0.05648 0.02503 0.84081 -0.04299 0.53904
1403638530.3778295517 0.04417 -0.04698 0.04652 0.02785 0.84025 -0.04846 0.53932
1403638530.4778294563 0.05601 -0.05069 0.03901 0.02845 0.84006 -0.05260 0.53919
1403638530.5778295994 0.06385 -0.05494 0.03344 0.02805 0.84008 -0.05620 0.53881
1403638530.6778295040 0.06805 -0.05836 0.02858 0.02959 0.84308 -0.05864 0.53377
1403638530.7778294086 0.07110 -0.06050 0.02319 0.03001 0.84651 -0.06041 0.52808
1403638530.8778295517 0.07334 -0.06180 0.01865 0.02843 0.84716 -0.06004 0.52717
1403638530.9778294563 0.07453 -0.06220 0.01563 0.02753 0.84495 -0.06034 0.53071
1403638531.0778295994 0.07457 -0.06191 0.01370 0.02859 0.84153 -0.05926 0.53619
1403638531.1778295040 0.07442 -0.06029 0.01439 0.02960 0.83936 -0.05745 0.53972
1403638531.2778294086 0.07476 -0.05929 0.01295 0.03266 0.83818 -0.05633 0.54149
1403638531.3778295517 0.07463 -0.05856 0.01257 0.03286 0.83693 -0.05677 0.54336
1403638531.4778294563 0.07445 -0.05900 0.01269 0.03324 0.83590 -0.05735 0.54486
1403638531.5778295994 0.07426 -0.05912 0.01256 0.03407 0.83625 -0.05642 0.54438
1403638531.6778295040 0.07423 -0.05895 0.01245 0.03355 0.83636 -0.05719 0.54415
1403638531.7778294086 0.07430 -0.05907 0.01244 0.03411 0.83632 -0.05745 0.54415
1403638531.8778295517 0.07424 -0.05913 0.01242 0.03448 0.83639 -0.05753 0.54402
1403638531.9778294563 0.07426 -0.05923 0.01239 0.03491 0.83640 -0.05773 0.54395
1403638532.0778295994 0.07424 -0.05929 0.01236 0.03528 0.83642 -0.05778 0.54390
1403638532.1778295040 0.07425 -0.05931 0.01234 0.03543 0.83642 -0.05800 0.54386
1403638532.2778294086 0.07425 -0.05932 0.01234 0.03551 0.83642 -0.05833 0.54382
1403638532.3778295517 0.07423 -0.05935 0.01232 0.03560 0.83641 -0.05850 0.54381
1403638532.4778294563 0.07424 -0.05939 0.01232 0.03572 0.83640 -0.05872 0.54380
1403638532.5778295994 0.07422 -0.05942 0.01229 0.03590 0.83642 -0.05889 0.54373
1403638532.6778295040 0.07425 -0.05948 0.01231 0.03612 0.83641 -0.05902 0.54372
1403638532.7778294086 0.07422 -0.05953 0.01230 0.03636 0.83643 -0.05903 0.54367
1403638532.8778295517 0.07422 -0.05955 0.01230 0.03657 0.83643 -0.05914 0.54364
1403638532.9778294563 0.07422 -0.05960 0.01231 0.03667 0.83641 -0.05925 0.54365
1403638533.0778295994 0.07420 -0.05962 0.01230 0.03679 0.83642 -0.05937 0.54362
1403638533.1778295040 0.07421 -0.05965 0.01229 0.03688 0.83639 -0.05951 0.54365
1403638533.2778294086 0.07420 -0.05968 0.01228 0.03696 0.83637 -0.05963 0.54366
1403638533.3778295517 0.07420 -0.05970 0.01228 0.03711 0.83636 -0.05967 0.54365
1403638533.4778294563 0.07422 -0.05974 0.01229 0.03717 0.83636 -0.05975 0.54365
1403638533.5778295994 0.07420 -0.05974 0.01228 0.03722 0.83635 -0.05985 0.54365
1403638533.6778295040 0.07421 -0.05976 0.01228 0.03725 0.83633 -0.05998 0.54367
1403638533.7778294086 0.07419 -0.05977 0.01227 0.03732 0.83631 -0.06008 0.54368
1403638533.8778295517 0.07421 -0.05976 0.01226 0.03713 0.83634 -0.05986 0.54366
1403638533.9778294563 0.07425 -0.05983 0.01225 0.03730 0.83634 -0.06013 0.54363
1403638534.0778295994 0.07418 -0.05985 0.01224 0.03776 0.83626 -0.06063 0.54367
1403638534.1778295040 0.07419 -0.05987 0.01227 0.03744 0.83627 -0.06050 0.54369
1403638534.2778294086 0.07419 -0.05982 0.01230 0.03720 0.83634 -0.06038 0.54360
1403638534.3778295517 0.07420 -0.05982 0.01230 0.03725 0.83632 -0.06044 0.54362
1403638534.4778294563 0.07423 -0.05988 0.01225 0.03743 0.83633 -0.06075 0.54357
1403638534.5778295994 0.07424 -0.05987 0.01225 0.03728 0.83641 -0.06048 0.54348
1403638534.6778295040 0.07427 -0.05983 0.01227 0.03705 0.83643 -0.06029 0.54349
1403638534.7778294086 0.07425 -0.05988 0.01227 0.03711 0.83643 -0.06018 0.54350
1403638534.8778295517 0.07425 -0.05992 0.01226 0.03739 0.83637 -0.06038 0.54355
1403638534.9778294563 0.07423 -0.05997 0.01226 0.03745 0.83639 -0.06048 0.54351
1403638535.0778295994 0.07422 -0.05997 0.01227 0.03731 0.83643 -0.06048 0.54344
1403638535.1778295040 0.07424 -0.05997 0.01226 0.03720 0.83640 -0.06050 0.54350
1403638535.2778294086 0.07423 -0.05997 0.01226 0.03710 0.83638 -0.06047 0.54354
1403638535.3778295517 0.07422 -0.05996 0.01228 0.03710 0.83636 -0.06047 0.54356
1403638535.4778294563 0.07424 -0.05997 0.01229 0.03716 0.83636 -0.06050 0.54356
1403638535.5778295994 0.07426 -0.05995 0.01230 0.03708 0.83637 -0.06043 0.54356
1403638535.6778295040 0.07427 -0.05994 0.01229 0.03697 0.83635 -0.06046 0.54360
1403638535.7778294086 0.07426 -0.05995 0.01229 0.03697 0.83631 -0.06045 0.54366
1403638535.8778295517 0.07427 -0.05994 0.01229 0.03683 0.83631 -0.06038 0.54368
1403638535.9778294563 0.07425 -0.05994 0.01230 0.03673 0.83634 -0.06039 0.54364
1403638536.0778295994 0.07428 -0.05995 0.01229 0.03666 0.83627 -0.06047 0.54374
1403638536.1778295040 0.07428 -0.05995 0.01230 0.03659 0.83624 -0.06049 0.54378
1403638536.2778294086 0.07429 -0.05995 0.01231 0.03656 0.83623 -0.06041 0.54381
1403638536.3778295517 0.07432 -0.05995 0.01232 0.03649 0.83618 -0.06039 0.54390
1403638536.4778294563 0.07431 -0.05993 0.01232 0.03641 0.83615 -0.06032 0.54396
1403638536.5778295994 0.07432 -0.05993 0.01233 0.03624 0.83614 -0.06029 0.54399
1403638536.6778295040 0.07433 -0.05992 0.01233 0.03616 0.83611 -0.06024 0.54404
1403638536.7778294086 0.07432 -0.05991 0.01232 0.03615 0.83605 -0.06027 0.54414
1403638536.8778295517 0.07432 -0.05989 0.01230 0.03601 0.83596 -0.06034 0.54427
1403638536.9778294563 0.07432 -0.05990 0.01231 0.03590 0.83596 -0.06039 0.54428
1403638537.0778295994 0.07435 -0.05987 0.01234 0.03586 0.83594 -0.06028 0.54433
1403638537.1778295040 0.07437 -0.05986 0.01235 0.03594 0.83586 -0.06025 0.54444
1403638537.2778294086 0.07438 -0.05985 0.01239 0.03599 0.83586 -0.06016 0.54445
1403638537.3778295517 0.07439 -0.05985 0.01238 0.03589 0.83582 -0.06010 0.54453
1403638537.4778294563 0.07441 -0.05983 0.01239 0.03575 0.83578 -0.06004 0.54460
1403638537.5778295994 0.07441 -0.05982 0.01244 0.03571 0.83577 -0.05991 0.54463
1403638537.6778295040 0.07442 -0.05982 0.01249 0.03570 0.83575 -0.05986 0.54466
1403638537.7778294086 0.07442 -0.05980 0.01249 0.03560 0.83568 -0.05982 0.54478
1403638537.8778295517 0.07448 -0.05979 0.01252 0.03560 0.83567 -0.05966 0.54481
1403638537.9778294563 0.07447 -0.05977 0.01255 0.03554 0.83561 -0.05971 0.54490
1403638538.0778295994 0.07447 -0.05974 0.01259 0.03544 0.83555 -0.05965 0.54502
1403638538.1778295040 0.07447 -0.05976 0.01260 0.03542 0.83548 -0.05960 0.54512
1403638538.2778294086 0.07460 -0.05971 0.01260 0.03530 0.83545 -0.05943 0.54520
1403638538.3778295517 0.07455 -0.05972 0.01264 0.03537 0.83536 -0.05934 0.54534
1403638538.4778294563 0.07452 -0.05971 0.01272 0.03528 0.83533 -0.05927 0.54540
1403638538.5778295994 0.07454 -0.05971 0.01278 0.03549 0.83524 -0.05929 0.54552
1403638538.6778295040 0.07454 -0.05969 0.01283 0.03531 0.83500 -0.05936 0.54589
1403638538.7778294086 0.07465 -0.05975 0.01317 0.03514 0.83417 -0.05918 0.54720
1403638538.8778295517 0.07603 -0.05935 0.01359 0.03438 0.83310 -0.05862 0.54893
1403638538.9778294563 0.07932 -0.05926 0.01615 0.03529 0.82829 -0.05799 0.55618
1403638539.0778295994 0.08372 -0.05927 0.01970 0.03701 0.82259 -0.05950 0.56430
1403638539.1778295040 0.09167 -0.05934 0.02736 0.03644 0.81719 -0.05994 0.57209
1403638539.2778294086 0.10060 -0.05946 0.04279 0.03635 0.81336 -0.05915 0.57760
1403638539.3778295517 0.10891 -0.05973 0.06606 0.03598 0.81415 -0.05853 0.57657
1403638539.4778294563 0.11782 -0.06060 0.09566 0.03561 0.81606 -0.05739 0.57400
1403638539.5778295994 0.12750 -0.06205 0.12808 0.03525 0.81687 -0.05594 0.57303
1403638539.6778295040 0.13798 -0.06356 0.15544 0.03355 0.81732 -0.05539 0.57254
1403638539.7778294086 0.14763 -0.06447 0.17199 0.03389 0.81847 -0.05349 0.57105
1403638539.8778295517 0.15889 -0.06550 0.18145 0.03294 0.82094 -0.05282 0.56761
1403638539.9778294563 0.17319 -0.06638 0.18965 0.03114 0.82547 -0.05245 0.56115
1403638540.0778295994 0.19378 -0.06679 0.19625 0.03085 0.83134 -0.05216 0.55245
1403638540.1778295040 0.21953 -0.06735 0.20287 0.03053 0.83527 -0.05182 0.54654
1403638540.2778294086 0.25233 -0.06645 0.21845 0.03106 0.83100 -0.05048 0.55311
1403638540.3778295517 0.29001 -0.06806 0.22674 0.03175 0.82483 -0.04846 0.56240
1403638540.4778294563 0.33232 -0.06841 0.23419 0.02857 0.82248 -0.04243 0.56649
1403638540.5778295994 0.37910 -0.06793 0.23958 0.02136 0.82268 -0.03090 0.56726
1403638540.6778295040 0.42845 -0.06710 0.24500 0.01309 0.82279 -0.01365 0.56803
1403638540.7778294086 0.47932 -0.06413 0.24971 0.00528 0.82187 0.01040 0.56955
1403638540.8778295517 0.53121 -0.05808 0.25284 -0.00489 0.82112 0.03844 0.56943
1403638540.9778294563 0.58307 -0.04693 0.25410 -0.01847 0.81950 0.06478 0.56911
1403638541.0778295994 0.63527 -0.03174 0.25311 -0.03212 0.81725 0.08430 0.56918
1403638541.1778295040 0.68872 -0.01284 0.24662 -0.04181 0.81544 0.09760 0.56902
1403638541.2778294086 0.74295 0.00970 0.23838 -0.04694 0.81462 0.10637 0.56823
1403638541.3778295517 0.79748 0.03669 0.23845 -0.04997 0.81444 0.10998 0.56753
1403638541.4778294563 0.85085 0.06812 0.24438 -0.05120 0.81426 0.11019 0.56764
1403638541.5778295994 0.90259 0.10648 0.25655 -0.05049 0.81284 0.11073 0.56963
1403638541.6778295040 0.95775 0.15043 0.27724 -0.05468 0.81113 0.11370 0.57110
1403638541.7778294086 1.01032 0.20111 0.30304 -0.06449 0.80979 0.11928 0.57084
1403638541.8778295517 1.06105 0.25437 0.33751 -0.07631 0.80838 0.12816 0.56946
1403638541.9778294563 1.11023 0.31045 0.36955 -0.08785 0.80731 0.14239 0.56592
1403638542.0778295994 1.15713 0.36832 0.39494 -0.10153 0.80522 0.15933 0.56208
1403638542.1778295040 1.20285 0.42760 0.41394 -0.11664 0.80138 0.17917 0.55864
1403638542.2778294086 1.24697 0.48824 0.42652 -0.13128 0.79743 0.20244 0.55308
1403638542.3778295517 1.29199 0.54997 0.43605 -0.14483 0.78971 0.22421 0.55236
1403638542.4778294563 1.33572 0.61107 0.44329 -0.15107 0.77608 0.24450 0.56134
1403638542.5778295994 1.37728 0.67239 0.44744 -0.14735 0.76395 0.26302 0.57052
1403638542.6778295040 1.41311 0.73705 0.45328 -0.14817 0.76051 0.27251 0.57045
1403638542.7778294086 1.44141 0.80571 0.46527 -0.15740 0.76465 0.27163 0.56281
1403638542.8778295517 1.46383 0.87858 0.48389 -0.16427 0.77008 0.26865 0.55482
1403638542.9778294563 1.48213 0.95356 0.50905 -0.16842 0.77475 0.26555 0.54853
1403638543.0778295994 1.49780 1.02910 0.53643 -0.17110 0.77842 0.26245 0.54397
1403638543.1778295040 1.51244 1.10667 0.55931 -0.17123 0.77973 0.25997 0.54324
1403638543.2778294086 1.52800 1.18348 0.57733 -0.17135 0.78017 0.25756 0.54372
1403638543.3778295517 1.54283 1.26299 0.58826 -0.17073 0.78137 0.25660 0.54265
1403638543.4778294563 1.55843 1.34419 0.59624 -0.17295 0.78038 0.26103 0.54126
1403638543.5778295994 1.57263 1.42320 0.60317 -0.17811 0.77740 0.27218 0.53837
1403638543.6778295040 1.58622 1.50491 0.60592 -0.18501 0.77172 0.28987 0.53496
1403638543.7778294086 1.59760 1.58776 0.61082 -0.19526 0.76362 0.31129 0.53090
1403638543.8778295517 1.60811 1.66942 0.62351 -0.20707 0.75346 0.33399 0.52714
1403638543.9778294563 1.61908 1.75253 0.64242 -0.22135 0.74484 0.35262 0.52141
1403638544.0778295994 1.62957 1.83448 0.66452 -0.23652 0.74075 0.36425 0.51252
1403638544.1778295040 1.64188 1.91674 0.68564 -0.24721 0.73755 0.37110 0.50714
1403638544.2778294086 1.65603 2.00255 0.70047 -0.25423 0.73493 0.37469 0.50483
1403638544.3778295517 1.67104 2.08868 0.70922 -0.25597 0.73424 0.37742 0.50292
1403638544.4778294563 1.68840 2.17721 0.71625 -0.25521 0.73479 0.37863 0.50159
1403638544.5778295994 1.70618 2.26913 0.72181 -0.25712 0.73214 0.37779 0.50512
1403638544.6778295040 1.72560 2.36245 0.73610 -0.26221 0.72568 0.37711 0.51227
1403638544.7778294086 1.74290 2.45265 0.75127 -0.26354 0.72486 0.37808 0.51204
1403638544.8778295517 1.76001 2.54149 0.76777 -0.26162 0.72811 0.38046 0.50662
1403638544.9778294563 1.77684 2.63019 0.77641 -0.26182 0.72894 0.38120 0.50476
1403638545.0778295994 1.79380 2.71835 0.77981 -0.26341 0.72769 0.38117 0.50576
1403638545.1778295040 1.80779 2.80104 0.77977 -0.26338 0.72724 0.38238 0.50551
1403638545.2778294086 1.82455 2.88792 0.77106 -0.26274 0.72659 0.38404 0.50551
1403638545.3778295517 1.84208 2.97435 0.75870 -0.26461 0.72393 0.38317 0.50900
1403638545.4778294563 1.85436 3.05025 0.74447 -0.26703 0.72374 0.38423 0.50721
1403638545.5778295994 1.86945 3.13723 0.73134 -0.27119 0.72147 0.39087 0.50315
1403638545.6778295040 1.88075 3.21454 0.72674 -0.28019 0.71574 0.40243 0.49726
1403638545.7778294086 1.89174 3.29030 0.72849 -0.28926 0.70773 0.41902 0.48976
1403638545.8778295517 1.90444 3.37102 0.73632 -0.30030 0.69685 0.43852 0.48159
1403638545.9778294563 1.91865 3.45342 0.75056 -0.31016 0.68416 0.46044 0.47299
1403638546.0778295994 1.93500 3.53934 0.76740 -0.31661 0.67204 0.47926 0.46736
1403638546.1778295040 1.95247 3.62879 0.77906 -0.32419 0.66328 0.49148 0.46195
1403638546.2778294086 1.96911 3.71943 0.78391 -0.32916 0.65852 0.49900 0.45717
1403638546.3778295517 1.98517 3.81190 0.78345 -0.33542 0.65699 0.50116 0.45244
1403638546.4778294563 2.00004 3.90444 0.77679 -0.33813 0.65662 0.50244 0.44953
1403638546.5778295994 2.01428 3.99927 0.77015 -0.33911 0.65457 0.50563 0.44819
1403638546.6778295040 2.02595 4.09425 0.77006 -0.34266 0.64972 0.51147 0.44592
1403638546.7778294086 2.03754 4.19299 0.77974 -0.34510 0.64512 0.51715 0.44416
1403638546.8778295517 2.04734 4.29323 0.79860 -0.34578 0.64144 0.52208 0.44320
1403638546.9778294563 2.05612 4.39669 0.81513 -0.34448 0.63813 0.52645 0.44381
1403638547.0778295994 2.06418 4.50193 0.82564 -0.34246 0.63564 0.52971 0.44507
1403638547.1778295040 2.06733 4.60889 0.82752 -0.33950 0.63358 0.53292 0.44645
1403638547.2778294086 2.06814 4.71609 0.82789 -0.33758 0.63219 0.53438 0.44812
1403638547.3778295517 2.06070 4.82269 0.82134 -0.34072 0.63365 0.53214 0.44635
1403638547.4778294563 2.05341 4.93262 0.81511 -0.34529 0.63684 0.52842 0.44269
1403638547.5778295994 2.04394 5.04329 0.80375 -0.34835 0.64032 0.52503 0.43929
1403638547.6778295040 2.02897 5.15021 0.78440 -0.34901 0.64153 0.52344 0.43892
1403638547.7778294086 2.01701 5.26406 0.76409 -0.34691 0.64093 0.52397 0.44082
1403638547.8778295517 1.99866 5.37055 0.73643 -0.34346 0.63800 0.52606 0.44525
1403638547.9778294563 1.98210 5.48855 0.71350 -0.34359 0.63789 0.52641 0.44489
1403638548.0778295994 1.95921 5.60251 0.69472 -0.34628 0.63743 0.52875 0.44068
1403638548.1778295040 1.93882 5.73183 0.68820 -0.35059 0.63368 0.53415 0.43615
1403638548.2778294086 1.91351 5.86065 0.68755 -0.35707 0.62727 0.54264 0.42962
1403638548.3778295517 1.88633 5.99234 0.69638 -0.36461 0.61780 0.55408 0.42235
1403638548.4778294563 1.85857 6.12268 0.71303 -0.37264 0.60815 0.56472 0.41519
1403638548.5778295994 1.83160 6.24943 0.73037 -0.37911 0.60015 0.57267 0.41005
1403638548.6778295040 1.80606 6.37463 0.74402 -0.38394 0.59458 0.57818 0.40593
1403638548.7778294086 1.78150 6.50194 0.75510 -0.38668 0.59063 0.58223 0.40328
1403638548.8778295517 1.75672 6.63026 0.77113 -0.38802 0.58842 0.58496 0.40127
1403638548.9778294563 1.73252 6.75650 0.79520 -0.38948 0.58731 0.58598 0.40000
1403638549.0778295994 1.70430 6.88865 0.82112 -0.39000 0.58703 0.58643 0.39926
1403638549.1778295040 1.67932 7.01518 0.85495 -0.39126 0.58691 0.58555 0.39948
1403638549.2778294086 1.65058 7.14870 0.89237 -0.39197 0.58777 0.58460 0.39891
1403638549.3778295517 1.62461 7.28180 0.93529 -0.39426 0.58925 0.58230 0.39783
1403638549.4778294563 1.59619 7.41798 0.97422 -0.39610 0.59070 0.58020 0.39693
1403638549.5778295994 1.57019 7.55539 1.00858 -0.39750 0.59073 0.57852 0.39792
1403638549.6778295040 1.54371 7.69469 1.03705 -0.39883 0.59022 0.57701 0.39953
1403638549.7778294086 1.52031 7.83081 1.06666 -0.39728 0.59036 0.57758 0.40006
1403638549.8778295517 1.49612 7.97010 1.10156 -0.39628 0.59187 0.57776 0.39856
1403638549.9778294563 1.47192 8.11210 1.14596 -0.39595 0.59271 0.57786 0.39748
1403638550.0778295994 1.44912 8.25733 1.19787 -0.39624 0.59304 0.57764 0.39703
1403638550.1778295040 1.42790 8.40158 1.25778 -0.39700 0.59348 0.57758 0.39569
1403638550.2778294086 1.40870 8.55134 1.32438 -0.39647 0.59304 0.57845 0.39561
1403638550.3778295517 1.38966 8.69905 1.39368 -0.39651 0.59200 0.57892 0.39644
1403638550.4778294563 1.37318 8.85095 1.45650 -0.39919 0.59260 0.57740 0.39507
1403638550.5778295994 1.35857 8.99945 1.51003 -0.40303 0.59323 0.57515 0.39351
1403638550.6778295040 1.34788 9.14441 1.55740 -0.40792 0.59158 0.57186 0.39573
1403638550.7778294086 1.34119 9.28548 1.59972 -0.41090 0.59078 0.56978 0.39685
1403638550.8778295517 1.33875 9.42771 1.63856 -0.41682 0.58699 0.56560 0.40224
1403638550.9778294563 1.33905 9.56754 1.67274 -0.42255 0.58278 0.56117 0.40854
1403638551.0778295994 1.34177 9.69832 1.70302 -0.42631 0.58026 0.55834 0.41210
1403638551.1778295040 1.34794 9.82375 1.73420 -0.43077 0.58069 0.55559 0.41056
1403638551.2778294086 1.35870 9.94249 1.77008 -0.43148 0.58241 0.55451 0.40883
1403638551.3778295517 1.37479 10.05457 1.81300 -0.42680 0.59009 0.55156 0.40671
1403638551.4778294563 1.39888 10.15689 1.84883 -0.41951 0.60266 0.54237 0.40823
1403638551.5778295994 1.42878 10.25744 1.88214 -0.41345 0.61784 0.52621 0.41285
1403638551.6778295040 1.46609 10.35743 1.90981 -0.40676 0.63492 0.50789 0.41649
1403638551.7778294086 1.51205 10.45600 1.93311 -0.39771 0.64917 0.48951 0.42519
1403638551.8778295517 1.56602 10.54995 1.95241 -0.38772 0.65983 0.47402 0.43542
1403638551.9778294563 1.62735 10.63643 1.97483 -0.37594 0.66322 0.46637 0.44867
1403638552.0778295994 1.69384 10.71235 2.00438 -0.36650 0.66473 0.46137 0.45928
1403638552.1778295040 1.76310 10.77834 2.03848 -0.36067 0.66962 0.45834 0.45983
1403638552.2778294086 1.83493 10.83782 2.07754 -0.35653 0.67358 0.45743 0.45819
1403638552.3778295517 1.90909 10.89216 2.11563 -0.35855 0.67462 0.45467 0.45784
1403638552.4778294563 1.98828 10.94467 2.14822 -0.36582 0.67099 0.44919 0.46278
1403638552.5778295994 2.07010 10.98254 2.17529 -0.37141 0.66729 0.44580 0.46694
1403638552.6778295040 2.15502 11.01246 2.19612 -0.37202 0.66498 0.44708 0.46853
1403638552.7778294086 2.24327 11.03338 2.21031 -0.37140 0.66432 0.44937 0.46778
1403638552.8778295517 2.33596 11.05343 2.22028 -0.36924 0.66291 0.45333 0.46765
1403638552.9778294563 2.43019 11.05877 2.22587 -0.36491 0.66050 0.45940 0.46854
1403638553.0778295994 2.52738 11.06659 2.22661 -0.36124 0.65820 0.46480 0.46931
1403638553.1778295040 2.62366 11.06394 2.22603 -0.36670 0.65435 0.46352 0.47171
1403638553.2778294086 2.72173 11.06049 2.22580 -0.37401 0.64863 0.46028 0.47701
1403638553.3778295517 2.81874 11.04410 2.23083 -0.37570 0.64339 0.46114 0.48193
1403638553.4778294563 2.91452 11.01853 2.24104 -0.37223 0.63788 0.46467 0.48851
1403638553.5778295994 3.00926 10.98278 2.25710 -0.36919 0.63353 0.46760 0.49364
1403638553.6778295040 3.10103 10.93391 2.27613 -0.36693 0.63257 0.46982 0.49445
1403638553.7778294086 3.18864 10.87352 2.30368 -0.36499 0.63308 0.47162 0.49352
1403638553.8778295517 3.26569 10.80129 2.33575 -0.36270 0.63487 0.47313 0.49146
1403638553.9778294563 3.34862 10.72787 2.37262 -0.36186 0.63798 0.47348 0.48770
1403638554.0778295994 3.41593 10.64027 2.39921 -0.36030 0.64126 0.47442 0.48362
1403638554.1778295040 3.49892 10.55950 2.42895 -0.35530 0.64420 0.47802 0.47986
1403638554.2778294086 3.56422 10.46519 2.44404 -0.34730 0.65003 0.48385 0.47195
1403638554.3778295517 3.64586 10.38281 2.46546 -0.34127 0.65328 0.48838 0.46716
1403638554.4778294563 3.72237 10.30129 2.48316 -0.33854 0.65470 0.49053 0.46490
1403638554.5778295994 3.79349 10.21970 2.49561 -0.33965 0.65557 0.49020 0.46322
1403638554.6778295040 3.85377 10.13094 2.50391 -0.34553 0.65784 0.48643 0.45962
1403638554.7778294086 3.92162 10.04993 2.52248 -0.35047 0.65849 0.48319 0.45835
1403638554.8778295517 3.98236 9.96306 2.54154 -0.35354 0.65864 0.48123 0.45784
1403638554.9778294563 4.04620 9.87689 2.56178 -0.35610 0.65936 0.47805 0.45816
1403638555.0778295994 4.12003 9.79877 2.57977 -0.35252 0.66256 0.47377 0.46075
1403638555.1778295040 4.18524 9.70944 2.58669 -0.34591 0.66867 0.46713 0.46370
1403638555.2778294086 4.26179 9.62952 2.59398 -0.33985 0.67494 0.45908 0.46712
1403638555.3778295517 4.33774 9.54523 2.59462 -0.33280 0.67816 0.45435 0.47213
1403638555.4778294563 4.41237 9.45992 2.59039 -0.32703 0.68028 0.45126 0.47606
1403638555.5778295994 4.48622 9.37396 2.58539 -0.32467 0.68164 0.44858 0.47825
1403638555.6778295040 4.55998 9.28738 2.58690 -0.32403 0.68341 0.44692 0.47772
1403638555.7778294086 4.63262 9.19911 2.59785 -0.32305 0.68460 0.44711 0.47650
1403638555.8778295517 4.70264 9.10738 2.61555 -0.32240 0.68458 0.44810 0.47603
1403638555.9778294563 4.77541 9.02280 2.64094 -0.32112 0.68328 0.44978 0.47720
1403638556.0778295994 4.84727 8.93624 2.66835 -0.31963 0.68335 0.45113 0.47682
1403638556.1778295040 4.92122 8.85638 2.69310 -0.31870 0.68769 0.45171 0.47061
1403638556.2778294086 4.99403 8.77330 2.71027 -0.31724 0.69092 0.45277 0.46581
1403638556.3778295517 5.07084 8.70057 2.72398 -0.31605 0.69300 0.45357 0.46276
1403638556.4778294563 5.14689 8.62321 2.73500 -0.31365 0.69606 0.45487 0.45849
1403638556.5778295994 5.22744 8.56307 2.74673 -0.31319 0.69899 0.45453 0.45468
1403638556.6778295040 5.30996 8.50986 2.75904 -0.32069 0.70152 0.44848 0.45155
1403638556.7778294086 5.39460 8.44663 2.78006 -0.32737 0.69831 0.44371 0.45641
1403638556.8778295517 5.48419 8.39958 2.80762 -0.33322 0.69679 0.43943 0.45863
1403638556.9778294563 5.57796 8.35564 2.83884 -0.33673 0.69531 0.43684 0.46080
1403638557.0778295994 5.67628 8.31237 2.86413 -0.33539 0.69378 0.43827 0.46271
1403638557.1778295040 5.77812 8.26933 2.88243 -0.33385 0.69213 0.43984 0.46481
1403638557.2778294086 5.88234 8.22603 2.89468 -0.33283 0.69100 0.44095 0.46617
1403638557.3778295517 5.99147 8.18125 2.90168 -0.33042 0.68971 0.44307 0.46776
1403638557.4778294563 6.10173 8.13702 2.91007 -0.32503 0.68662 0.44743 0.47193
1403638557.5778295994 6.21192 8.09233 2.92364 -0.32063 0.68417 0.45050 0.47556
1403638557.6778295040 6.32174 8.04771 2.94183 -0.31817 0.68299 0.45232 0.47718
1403638557.7778294086 6.42987 8.00424 2.96299 -0.31819 0.68267 0.45197 0.47796
1403638557.8778295517 6.53688 7.96008 2.97886 -0.31528 0.68263 0.45334 0.47863
1403638557.9778294563 6.64216 7.91662 2.99003 -0.31245 0.68388 0.45496 0.47717
1403638558.0778295994 6.74645 7.87455 2.99604 -0.31134 0.68767 0.45576 0.47166
1403638558.1778295040 6.85120 7.83467 2.99958 -0.30828 0.69351 0.45731 0.46354
1403638558.2778294086 6.95682 7.80011 3.00851 -0.30458 0.69767 0.45903 0.45802
1403638558.3778295517 7.06272 7.77417 3.02796 -0.29972 0.69902 0.46175 0.45643
1403638558.4778294563 7.16774 7.75503 3.05505 -0.29322 0.70270 0.46538 0.45128
1403638558.5778295994 7.27334 7.74565 3.08936 -0.29436 0.70528 0.46411 0.44781
1403638558.6778295040 7.38193 7.74557 3.12918 -0.30263 0.70605 0.45765 0.44775
1403638558.7778294086 7.49112 7.74995 3.16928 -0.31046 0.70577 0.45154 0.44903
1403638558.8778295517 7.60677 7.76169 3.20035 -0.31308 0.70448 0.44940 0.45136
1403638558.9778294563 7.72589 7.77731 3.22412 -0.31498 0.69965 0.44816 0.45872
1403638559.0778295994 7.84705 7.79537 3.23948 -0.31570 0.69514 0.44798 0.46521
1403638559.1778295040 7.96817 7.81653 3.24746 -0.31607 0.69170 0.44837 0.46970
1403638559.2778294086 8.08842 7.83941 3.24850 -0.31405 0.68884 0.45068 0.47303
1403638559.3778295517 8.20884 7.86251 3.24343 -0.31046 0.68651 0.45390 0.47571
1403638559.4778294563 8.32554 7.88690 3.23458 -0.30840 0.68415 0.45607 0.47836
1403638559.5778295994 8.43935 7.91180 3.22150 -0.30737 0.68195 0.45759 0.48070
1403638559.6778295040 8.54952 7.93871 3.20642 -0.30802 0.68088 0.45778 0.48163
1403638559.7778294086 8.65415 7.96416 3.19406 -0.30838 0.68000 0.45846 0.48198
1403638559.8778295517 8.75697 7.99477 3.18851 -0.30969 0.68077 0.45773 0.48075
1403638559.9778294563 8.85558 8.02327 3.18246 -0.30859 0.68434 0.45182 0.48198
1403638560.0778295994 8.95626 8.05709 3.17327 -0.30329 0.69227 0.43900 0.48586
1403638560.1778295040 9.05549 8.08951 3.15666 -0.29368 0.70206 0.42095 0.49362
1403638560.2778294086 9.15343 8.12309 3.13505 -0.28152 0.71296 0.39976 0.50262
1403638560.3778295517 9.24984 8.15577 3.11164 -0.27048 0.72087 0.37547 0.51596
1403638560.4778294563 9.34285 8.18671 3.08493 -0.25796 0.72899 0.35029 0.52851
1403638560.5778295994 9.43163 8.21237 3.05357 -0.24683 0.73833 0.32343 0.53790
1403638560.6778295040 9.51696 8.23379 3.01831 -0.23729 0.74896 0.29548 0.54355
1403638560.7778294086 9.59900 8.24815 2.98649 -0.23021 0.75786 0.26995 0.54752
1403638560.8778295517 9.67773 8.25348 2.96246 -0.21959 0.76441 0.24711 0.55353
1403638560.9778294563 9.75566 8.25197 2.94626 -0.20743 0.76878 0.22609 0.56110
1403638561.0778295994 9.83169 8.24300 2.93736 -0.19529 0.77139 0.20610 0.56951
1403638561.1778295040 9.90280 8.22482 2.93463 -0.18445 0.77281 0.18832 0.57730
1403638561.2778294086 9.96894 8.19918 2.93887 -0.17764 0.77310 0.17485 0.58325
1403638561.3778295517 10.02905 8.16591 2.94506 -0.16859 0.77773 0.17003 0.58121
1403638561.4778294563 10.08626 8.12680 2.94729 -0.15501 0.78359 0.17361 0.57604
1403638561.5778295994 10.14181 8.08425 2.94321 -0.14534 0.78702 0.17830 0.57244
1403638561.6778295040 10.19548 8.04032 2.93410 -0.14153 0.78864 0.18117 0.57025
1403638561.7778294086 10.24830 7.99479 2.91951 -0.14067 0.78874 0.18357 0.56956
1403638561.8778295517 10.29049 7.94307 2.89944 -0.13819 0.78808 0.18423 0.57087
1403638561.9778294563 10.34339 7.89467 2.87365 -0.13313 0.78902 0.17997 0.57213
1403638562.0778295994 10.37951 7.83999 2.85101 -0.12585 0.79083 0.17124 0.57396
1403638562.1778295040 10.42902 7.78894 2.83361 -0.11844 0.79269 0.16167 0.57574
1403638562.2778294086 10.47729 7.73945 2.82069 -0.11215 0.79373 0.15360 0.57777
1403638562.3778295517 10.52121 7.68910 2.81396 -0.10633 0.79466 0.14184 0.58060
1403638562.4778294563 10.56084 7.63665 2.81106 -0.09864 0.79706 0.12599 0.58231
1403638562.5778295994 10.59947 7.58414 2.81523 -0.08936 0.79951 0.10609 0.58442
1403638562.6778295040 10.63407 7.53036 2.82478 -0.08096 0.80250 0.08214 0.58539
1403638562.7778294086 10.66516 7.47471 2.83633 -0.07249 0.80430 0.05612 0.58711
1403638562.8778295517 10.69105 7.41471 2.84492 -0.05937 0.80571 0.03169 0.58847
1403638562.9778294563 10.71206 7.35052 2.84831 -0.04527 0.80666 0.00929 0.58920
1403638563.0778295994 10.72907 7.28260 2.84652 -0.03665 0.80679 -0.01450 0.58952
1403638563.1778295040 10.74079 7.20983 2.84143 -0.02516 0.80689 -0.03388 0.58919
1403638563.2778294086 10.74858 7.13159 2.83224 -0.01404 0.80400 -0.04736 0.59257
1403638563.3778295517 10.74936 7.04844 2.81773 -0.00783 0.79640 -0.05673 0.60205
1403638563.4778294563 10.74175 6.96182 2.79640 -0.00681 0.79046 -0.06344 0.60917
1403638563.5778295994 10.72572 6.87038 2.77341 -0.00130 0.79113 -0.06296 0.60840
1403638563.6778295040 10.70166 6.77457 2.75509 -0.00109 0.79472 -0.06289 0.60371
1403638563.7778294086 10.67166 6.67203 2.74294 -0.00408 0.79703 -0.06311 0.60061
1403638563.8778295517 10.63382 6.56185 2.74123 -0.00721 0.79667 -0.06217 0.60116
1403638563.9778294563 10.59336 6.44665 2.74254 -0.01073 0.79563 -0.06042 0.60267
1403638564.0778295994 10.54242 6.32457 2.74444 -0.01517 0.79631 -0.05813 0.60190
1403638564.1778295040 10.48518 6.19645 2.74100 -0.01689 0.79624 -0.05340 0.60239
1403638564.2778294086 10.42758 6.06112 2.73311 -0.01610 0.79461 -0.04784 0.60501
1403638564.3778295517 10.35739 5.92295 2.73289 -0.01619 0.79321 -0.04274 0.60723
1403638564.4778294563 10.28561 5.77911 2.73847 -0.01554 0.79194 -0.03839 0.60919
1403638564.5778295994 10.19874 5.63335 2.74950 -0.01825 0.79375 -0.03783 0.60679
1403638564.6778295040 10.10922 5.48483 2.76018 -0.02335 0.79554 -0.04062 0.60409
1403638564.7778294086 10.00733 5.33026 2.76320 -0.02709 0.79618 -0.04363 0.60288
1403638564.8778295517 9.90561 5.17230 2.76234 -0.02922 0.79573 -0.04608 0.60319
1403638564.9778294563 9.79553 5.00235 2.73784 -0.03105 0.79523 -0.04774 0.60363
1403638565.0778295994 9.68287 4.83040 2.70299 -0.03218 0.79563 -0.04845 0.60298
1403638565.1778295040 9.56663 4.65402 2.65200 -0.03254 0.79642 -0.04866 0.60191
1403638565.2778294086 9.44719 4.47392 2.59442 -0.03078 0.79741 -0.04787 0.60075
1403638565.3778295517 9.32549 4.29061 2.53354 -0.02791 0.79845 -0.04664 0.59960
1403638565.4778294563 9.20094 4.10151 2.47057 -0.02484 0.79778 -0.04572 0.60070
1403638565.5778295994 9.07440 3.90976 2.41325 -0.01815 0.79562 -0.04352 0.60395
1403638565.6778295040 8.94341 3.71623 2.36379 -0.00624 0.79528 -0.03762 0.60504
1403638565.7778294086 8.80952 3.52418 2.31831 0.00298 0.79795 -0.03333 0.60180
1403638565.8778295517 8.66755 3.33493 2.28043 0.01040 0.80009 -0.03015 0.59903
1403638565.9778294563 8.52065 3.14711 2.24604 0.01299 0.80190 -0.03080 0.59652
1403638566.0778295994 8.37067 2.96113 2.20613 0.01462 0.80289 -0.03125 0.59513
1403638566.1778295040 8.21813 2.77683 2.15759 0.01261 0.80304 -0.03271 0.59489
1403638566.2778294086 8.06279 2.59439 2.10042 0.01324 0.80259 -0.03190 0.59553
1403638566.3778295517 7.90744 2.41420 2.03455 0.01351 0.80353 -0.03085 0.59431
1403638566.4778294563 7.75210 2.23622 1.96266 0.01014 0.80373 -0.03152 0.59407
1403638566.5778295994 7.59694 2.06145 1.88444 0.00946 0.80683 -0.02967 0.58996
1403638566.6778295040 7.44187 1.89056 1.79874 0.00878 0.81612 -0.02772 0.57716
1403638566.7778294086 7.29131 1.72390 1.70763 0.00820 0.82780 -0.02575 0.56038
1403638566.8778295517 7.14824 1.56150 1.61312 0.00668 0.83581 -0.02439 0.54843
1403638566.9778294563 7.01405 1.40308 1.51619 0.00674 0.83969 -0.02145 0.54259
1403638567.0778295994 6.88962 1.25133 1.42107 0.00637 0.83150 -0.02000 0.55513
1403638567.1778295040 6.77372 1.10269 1.32317 0.00818 0.81903 -0.01796 0.57341
1403638567.2778294086 6.66338 0.95789 1.22030 0.01112 0.81029 -0.01620 0.58569
1403638567.3778295517 6.55184 0.81735 1.11276 0.01396 0.80837 -0.01556 0.58831
1403638567.4778294563 6.43947 0.68105 1.00905 0.01586 0.80919 -0.01640 0.58711
1403638567.5778295994 6.32605 0.54807 0.91219 0.01725 0.81276 -0.01803 0.58206
1403638567.6778295040 6.21070 0.41703 0.82502 0.02065 0.81606 -0.01851 0.57731
1403638567.7778294086 6.09798 0.29022 0.74721 0.02275 0.81935 -0.01904 0.57253
1403638567.8778295517 5.99136 0.16890 0.67807 0.02205 0.82280 -0.02128 0.56751
1403638567.9778294563 5.89423 0.05345 0.61581 0.02208 0.82375 -0.02231 0.56609
1403638568.0778295994 5.80382 -0.05692 0.56301 0.02517 0.82357 -0.02060 0.56628
1403638568.1778295040 5.71825 -0.16113 0.52097 0.02729 0.82284 -0.01939 0.56729
1403638568.2778294086 5.63678 -0.25902 0.48777 0.02837 0.82270 -0.01975 0.56742
1403638568.3778295517 5.56019 -0.35071 0.45673 0.02856 0.82319 -0.02017 0.56669
1403638568.4778294563 5.47721 -0.44252 0.41526 0.02911 0.82403 -0.02010 0.56544
1403638568.5778295994 5.41400 -0.52013 0.38093 0.03016 0.82543 -0.01953 0.56336
1403638568.6778295040 5.34118 -0.60189 0.33463 0.03157 0.82721 -0.01815 0.56071
1403638568.7778294086 5.29029 -0.66478 0.30285 0.03132 0.82858 -0.01823 0.55870
1403638568.8778295517 5.24355 -0.72015 0.27941 0.02945 0.82798 -0.01989 0.55962
1403638568.9778294563 5.18821 -0.78220 0.25491 0.03140 0.82742 -0.01821 0.56041
1403638569.0778295994 5.15424 -0.82536 0.24950 0.03302 0.82723 -0.01723 0.56062
1403638569.1778295040 5.10972 -0.87544 0.24158 0.03366 0.82805 -0.01720 0.55938
1403638569.2778294086 5.08611 -0.90492 0.24432 0.03587 0.82934 -0.01622 0.55736
1403638569.3778295517 5.05175 -0.94320 0.23278 0.03676 0.82925 -0.01597 0.55744
1403638569.4778294563 5.03954 -0.96347 0.22285 0.03736 0.82784 -0.01557 0.55950
1403638569.5778295994 5.01668 -0.98937 0.20390 0.03806 0.82656 -0.01522 0.56136
1403638569.6778295040 5.00196 -1.00526 0.19224 0.03715 0.82544 -0.01616 0.56303
1403638569.7778294086 4.99026 -1.01473 0.18710 0.03810 0.82460 -0.01554 0.56422
1403638569.8778295517 5.00164 -1.00667 0.18994 0.03917 0.82334 -0.01443 0.56601
1403638569.9778294563 4.99225 -1.00788 0.19363 0.03792 0.82180 -0.01527 0.56831
1403638570.0778295994 4.98918 -1.00064 0.19530 0.03560 0.82121 -0.01679 0.56927
1403638570.1778295040 4.98762 -0.98909 0.19052 0.03064 0.82138 -0.01955 0.56923
1403638570.2778294086 4.98655 -0.97496 0.17944 0.02305 0.82087 -0.02415 0.57013
1403638570.3778295517 4.98705 -0.95954 0.16377 0.01670 0.82065 -0.03144 0.57032
1403638570.4778294563 5.03293 -0.93312 0.14582 0.01225 0.82031 -0.04686 0.56987
1403638570.5778295994 5.03406 -0.92571 0.11878 0.00512 0.81783 -0.07386 0.57067
1403638570.6778295040 5.05396 -0.92156 0.08763 0.00572 0.81287 -0.10296 0.57324
1403638570.7778294086 5.06350 -0.93061 0.05387 0.01271 0.80195 -0.13053 0.58282
1403638570.8778295517 5.06479 -0.95131 0.01842 0.02505 0.79041 -0.15500 0.59212
1403638570.9778294563 5.05765 -0.98326 -0.02032 0.04031 0.78237 -0.17641 0.59594
1403638571.0778295994 5.04190 -1.02585 -0.06324 0.05705 0.77977 -0.19554 0.59200
1403638571.1778295040 5.01619 -1.07732 -0.10415 0.07851 0.78250 -0.20797 0.58161
1403638571.2778294086 4.98443 -1.13545 -0.13538 0.09870 0.78379 -0.21454 0.57438
1403638571.3778295517 4.94463 -1.19799 -0.15693 0.11132 0.78315 -0.21999 0.57086
1403638571.4778294563 4.89872 -1.26490 -0.16934 0.11724 0.78035 -0.22477 0.57165
1403638571.5778295994 4.84765 -1.33505 -0.17853 0.12413 0.77796 -0.22903 0.57176
1403638571.6778295040 4.79276 -1.40812 -0.19217 0.13037 0.77769 -0.23844 0.56687
1403638571.7778294086 4.73474 -1.48478 -0.21103 0.13850 0.77718 -0.25187 0.55980
1403638571.8778295517 4.67449 -1.56490 -0.23415 0.14588 0.77426 -0.26957 0.55370
1403638571.9778294563 4.61120 -1.64949 -0.25358 0.15363 0.76827 -0.28953 0.54985
1403638572.0778295994 4.54450 -1.73815 -0.26537 0.16277 0.76140 -0.30870 0.54633
1403638572.1778295040 4.47310 -1.83092 -0.26836 0.17855 0.75459 -0.32386 0.54206
1403638572.2778294086 4.39813 -1.92641 -0.26639 0.19275 0.75032 -0.34046 0.53288
1403638572.3778295517 4.32219 -2.02545 -0.26598 0.20596 0.74551 -0.35879 0.52256
1403638572.4778294563 4.24588 -2.12835 -0.26831 0.22005 0.74154 -0.37189 0.51322
1403638572.5778295994 4.17110 -2.23465 -0.27136 0.23105 0.73772 -0.38054 0.50752
1403638572.6778295040 4.09811 -2.34435 -0.27310 0.23699 0.73592 -0.38593 0.50331
1403638572.7778294086 4.02824 -2.45846 -0.26640 0.24490 0.73729 -0.38568 0.49768
1403638572.8778295517 3.96276 -2.57577 -0.25138 0.24859 0.73971 -0.38493 0.49281
1403638572.9778294563 3.90181 -2.69571 -0.23125 0.24927 0.74187 -0.38387 0.49004
1403638573.0778295994 3.84544 -2.81839 -0.21546 0.24864 0.74394 -0.38263 0.48820
1403638573.1778295040 3.79310 -2.94395 -0.20652 0.24690 0.74554 -0.38140 0.48760
1403638573.2778294086 3.74393 -3.07137 -0.19864 0.24529 0.74693 -0.37940 0.48783
1403638573.3778295517 3.70154 -3.20237 -0.19122 0.24456 0.74771 -0.37851 0.48770
1403638573.4778294563 3.66343 -3.33534 -0.17849 0.24768 0.74782 -0.37866 0.48583
1403638573.5778295994 3.63333 -3.47196 -0.15991 0.24943 0.74773 -0.37899 0.48482
1403638573.6778295040 3.60885 -3.60887 -0.13434 0.25235 0.74807 -0.37963 0.48228
1403638573.7778294086 3.59112 -3.74691 -0.10449 0.25926 0.74445 -0.38315 0.48143
1403638573.8778295517 3.57898 -3.88683 -0.07557 0.27281 0.73415 -0.38892 0.48512
1403638573.9778294563 3.57159 -4.02594 -0.05171 0.28445 0.71875 -0.40264 0.49027
1403638574.0778295994 3.56643 -4.16194 -0.03482 0.29002 0.69855 -0.42441 0.49778
1403638574.1778295040 3.56161 -4.29343 -0.02382 0.29582 0.67648 -0.44863 0.50359
1403638574.2778294086 3.55402 -4.42076 -0.01696 0.30511 0.65797 -0.47107 0.50208
1403638574.3778295517 3.53914 -4.54533 -0.01340 0.31755 0.64482 -0.49111 0.49212
1403638574.4778294563 3.51782 -4.66749 -0.01309 0.33111 0.63337 -0.50925 0.47946
1403638574.5778295994 3.49227 -4.78616 -0.00948 0.34158 0.62285 -0.52348 0.47047
1403638574.6778295040 3.46280 -4.90417 0.00236 0.35351 0.61658 -0.53060 0.46187
1403638574.7778294086 3.43300 -5.02394 0.01999 0.36438 0.61651 -0.53310 0.45050
1403638574.8778295517 3.40255 -5.14269 0.04165 0.36579 0.61871 -0.53742 0.44110
1403638574.9778294563 3.37080 -5.26034 0.05846 0.36441 0.62122 -0.54059 0.43479
1403638575.0778295994 3.33892 -5.37706 0.06689 0.35680 0.61998 -0.54590 0.43625
1403638575.1778295040 3.30462 -5.49218 0.06939 0.35087 0.61740 -0.54919 0.44056
1403638575.2778294086 3.26697 -5.60870 0.06994 0.34742 0.61612 -0.55002 0.44403
1403638575.3778295517 3.22674 -5.72542 0.06329 0.34430 0.61953 -0.54998 0.44177
1403638575.4778294563 3.18293 -5.84444 0.05473 0.34258 0.62504 -0.54827 0.43746
1403638575.5778295994 3.13713 -5.96426 0.04396 0.34182 0.63007 -0.54570 0.43402
1403638575.6778295040 3.08904 -6.08952 0.04078 0.34548 0.63640 -0.54036 0.42855
1403638575.7778294086 3.04001 -6.22085 0.04605 0.34665 0.64295 -0.53723 0.42170
1403638575.8778295517 2.99365 -6.35491 0.06130 0.34669 0.64718 -0.53508 0.41793
1403638575.9778294563 2.95180 -6.49206 0.08741 0.34623 0.64752 -0.53430 0.41876
1403638576.0778295994 2.91347 -6.63247 0.12092 0.34694 0.64812 -0.53289 0.41905
1403638576.1778295040 2.87823 -6.77807 0.15998 0.34780 0.64651 -0.53248 0.42133
1403638576.2778294086 2.84714 -6.92627 0.19537 0.35194 0.64699 -0.52991 0.42040
1403638576.3778295517 2.82040 -7.07732 0.22446 0.35663 0.64847 -0.52692 0.41792
1403638576.4778294563 2.79907 -7.23094 0.24833 0.36057 0.65104 -0.52437 0.41374
1403638576.5778295994 2.78468 -7.38723 0.26734 0.36525 0.65510 -0.52141 0.40691
1403638576.6778295040 2.77815 -7.54621 0.28189 0.36847 0.65654 -0.51921 0.40448
1403638576.7778294086 2.78028 -7.70867 0.29166 0.37336 0.65413 -0.51557 0.40855
1403638576.8778295517 2.78962 -7.87159 0.29597 0.37601 0.64909 -0.51389 0.41618
1403638576.9778294563 2.80604 -8.03323 0.29521 0.37394 0.64271 -0.51577 0.42552
1403638577.0778295994 2.82839 -8.19079 0.29347 0.36962 0.63895 -0.51924 0.43071
1403638577.1778295040 2.85420 -8.34695 0.29970 0.36675 0.63618 -0.52141 0.43462
1403638577.2778294086 2.88256 -8.50222 0.31184 0.36714 0.63672 -0.52117 0.43379
1403638577.3778295517 2.91318 -8.65801 0.33307 0.37384 0.64092 -0.51624 0.42775
1403638577.4778294563 2.94754 -8.81203 0.35975 0.37824 0.64337 -0.51296 0.42413
1403638577.5778295994 2.98696 -8.96542 0.38293 0.37528 0.64340 -0.51474 0.42456
1403638577.6778295040 3.03108 -9.11556 0.40065 0.37187 0.64240 -0.51686 0.42647
1403638577.7778294086 3.07868 -9.26397 0.41097 0.36911 0.64198 -0.51840 0.42765
1403638577.8778295517 3.12982 -9.41319 0.41569 0.36876 0.64220 -0.51812 0.42796
1403638577.9778294563 3.18542 -9.55726 0.41764 0.36953 0.64277 -0.51670 0.42814
1403638578.0778295994 3.24473 -9.70581 0.42616 0.36841 0.64203 -0.51665 0.43027
1403638578.1778295040 3.30935 -9.84581 0.44065 0.36373 0.63911 -0.51910 0.43563
1403638578.2778294086 3.37505 -9.98828 0.46065 0.35514 0.63435 -0.52466 0.44296
1403638578.3778295517 3.43974 -10.12996 0.48057 0.35303 0.63205 -0.52631 0.44596
1403638578.4778294563 3.50260 -10.26989 0.49421 0.35316 0.63169 -0.52672 0.44588
1403638578.5778295994 3.56335 -10.40805 0.50322 0.35313 0.63118 -0.52741 0.44581
1403638578.6778295040 3.62115 -10.55108 0.50740 0.35556 0.63107 -0.52625 0.44541
1403638578.7778294086 3.67789 -10.68628 0.50956 0.36089 0.63363 -0.52283 0.44150
1403638578.8778295517 3.73382 -10.82680 0.50773 0.36600 0.63643 -0.51914 0.43759
1403638578.9778294563 3.79430 -10.95470 0.50481 0.36845 0.63782 -0.51702 0.43603
1403638579.0778295994 3.85574 -11.09200 0.51054 0.36889 0.63852 -0.51598 0.43586
1403638579.1778295040 3.92357 -11.21693 0.52537 0.36943 0.63860 -0.51516 0.43626
1403638579.2778294086 3.99102 -11.34955 0.54677 0.36719 0.63767 -0.51623 0.43824
1403638579.3778295517 4.06257 -11.46642 0.56917 0.36140 0.63454 -0.52001 0.44310
1403638579.4778294563 4.13211 -11.59483 0.58702 0.35556 0.63036 -0.52393 0.44913
1403638579.5778295994 4.20169 -11.70825 0.59767 0.35422 0.62787 -0.52127 0.45671
1403638579.6778295040 4.26903 -11.82340 0.60344 0.35623 0.62845 -0.50917 0.46787
1403638579.7778294086 4.33586 -11.93579 0.60391 0.35456 0.63887 -0.49015 0.47528
1403638579.8778295517 4.40201 -12.04237 0.59666 0.34392 0.65880 -0.46888 0.47734
1403638579.9778294563 4.46842 -12.14423 0.58359 0.32678 0.67875 -0.44379 0.48535
1403638580.0778295994 4.53457 -12.24075 0.56965 0.31221 0.69311 -0.40931 0.50457
1403638580.1778295040 4.59985 -12.32639 0.55299 0.29218 0.70718 -0.37242 0.52519
1403638580.2778294086 4.66115 -12.40039 0.53125 0.26574 0.72395 -0.33760 0.53972
1403638580.3778295517 4.71864 -12.46805 0.50267 0.23543 0.74000 -0.31127 0.54779
1403638580.4778294563 4.76918 -12.52881 0.46865 0.20930 0.75151 -0.29475 0.55186
1403638580.5778295994 4.81502 -12.58619 0.43260 0.19177 0.75873 -0.28136 0.55532
1403638580.6778295040 4.85696 -12.64092 0.39693 0.17644 0.76876 -0.26665 0.55387
1403638580.7778294086 4.89464 -12.69416 0.36797 0.16608 0.77882 -0.25153 0.55008
1403638580.8778295517 4.92982 -12.74866 0.34809 0.16127 0.78571 -0.24050 0.54663
1403638580.9778294563 4.96656 -12.80479 0.33964 0.15527 0.78719 -0.23684 0.54784
1403638581.0778295994 5.00233 -12.85850 0.34067 0.15396 0.78824 -0.23487 0.54756
1403638581.1778295040 5.03657 -12.91399 0.34932 0.15647 0.78820 -0.23326 0.54759
1403638581.2778294086 5.06880 -12.96728 0.35908 0.16048 0.78832 -0.23293 0.54639
1403638581.3778295517 5.10223 -13.01227 0.37492 0.16374 0.78715 -0.23399 0.54666
1403638581.4778294563 5.13337 -13.06147 0.38528 0.16645 0.78506 -0.23569 0.54811
1403638581.5778295994 5.16406 -13.09276 0.41744 0.16949 0.78459 -0.23768 0.54699
1403638581.6778295040 5.19715 -13.13753 0.43353 0.17455 0.78051 -0.23766 0.55122
1403638581.7778294086 5.21766 -13.14194 0.46957 0.17668 0.77697 -0.23931 0.55483
1403638581.8778295517 5.23565 -13.13871 0.49665 0.17971 0.77390 -0.23934 0.55813
1403638581.9778294563 5.26502 -13.16741 0.50185 0.18353 0.76634 -0.23773 0.56791
1403638582.0778295994 5.28627 -13.17053 0.51497 0.18237 0.76812 -0.23948 0.56514
1403638582.1778295040 5.30935 -13.18190 0.53074 0.17843 0.77550 -0.24266 0.55487
1403638582.2778294086 5.33313 -13.19723 0.55460 0.17893 0.77851 -0.24264 0.55049
1403638582.3778295517 5.35918 -13.20784 0.59069 0.18146 0.77524 -0.24041 0.55523
1403638582.4778294563 5.38436 -13.21857 0.63383 0.18357 0.77406 -0.23883 0.55686
1403638582.5778295994 5.40881 -13.22499 0.68909 0.18461 0.77346 -0.23776 0.55781
1403638582.6778295040 5.43304 -13.22773 0.74881 0.18445 0.77453 -0.23800 0.55627
1403638582.7778294086 5.45558 -13.22439 0.82174 0.18271 0.77611 -0.23977 0.55388
1403638582.8778295517 5.47793 -13.21862 0.89535 0.18317 0.77744 -0.24031 0.55162
1403638582.9778294563 5.50037 -13.21032 0.96249 0.18203 0.77966 -0.24190 0.54816
1403638583.0778295994 5.52242 -13.19968 1.02179 0.18112 0.78218 -0.24358 0.54411
1403638583.1778295040 5.54516 -13.18687 1.07329 0.18110 0.78379 -0.24429 0.54148
1403638583.2778294086 5.56996 -13.17269 1.11863 0.17986 0.78440 -0.24557 0.54044
1403638583.3778295517 5.59784 -13.15753 1.14944 0.18030 0.78409 -0.24512 0.54094
1403638583.4778294563 5.62680 -13.13883 1.18757 0.18047 0.78479 -0.24520 0.53983
1403638583.5778295994 5.65770 -13.12041 1.23181 0.18060 0.78477 -0.24509 0.53986
1403638583.6778295040 5.68949 -13.09984 1.28348 0.18230 0.78507 -0.24386 0.53942
1403638583.7778294086 5.72298 -13.07707 1.33569 0.18202 0.78477 -0.24386 0.53994
1403638583.8778295517 5.75453 -13.03750 1.35410 0.18274 0.78397 -0.24338 0.54108
1403638583.9778294563 5.79304 -13.01369 1.39395 0.18313 0.78399 -0.24304 0.54107
1403638584.0778295994 5.82868 -12.98342 1.42608 0.18601 0.78056 -0.24084 0.54601
1403638584.1778295040 5.86243 -12.94243 1.42840 0.19006 0.77162 -0.23746 0.55866
1403638584.2778294086 5.89806 -12.90339 1.45126 0.19219 0.76259 -0.23522 0.57112
1403638584.3778295517 5.92040 -12.85192 1.43475 0.19382 0.75983 -0.23400 0.57475
1403638584.4778294563 5.93032 -12.79319 1.41137 0.19462 0.75975 -0.23332 0.57486
1403638584.5778295994 5.95056 -12.73749 1.41629 0.19428 0.75996 -0.23340 0.57467
1403638584.6778295040 5.96686 -12.67568 1.42890 0.19200 0.76178 -0.23471 0.57249
1403638584.7778294086 5.95441 -12.60049 1.41002 0.18840 0.76861 -0.23691 0.56358
1403638584.8778295517 5.96572 -12.52818 1.43766 0.18212 0.77630 -0.24145 0.55307
1403638584.9778294563 5.95148 -12.44891 1.42459 0.18026 0.77990 -0.24336 0.54776
1403638585.0778295994 5.94491 -12.36939 1.41381 0.17994 0.78118 -0.24400 0.54575
1403638585.1778295040 5.95582 -12.29420 1.42220 0.17756 0.78104 -0.24562 0.54601
1403638585.2778294086 5.93109 -12.22114 1.38474 0.17864 0.77918 -0.24487 0.54864
1403638585.3778295517 5.93611 -12.14602 1.37624 0.17920 0.77712 -0.24419 0.55167
1403638585.4778294563 5.92362 -12.07421 1.36083 0.17912 0.77741 -0.24438 0.55120
1403638585.5778295994 5.93297 -11.99855 1.35899 0.17828 0.77926 -0.24453 0.54879
1403638585.6778295040 5.92438 -11.92673 1.36295 0.17815 0.78186 -0.24450 0.54513
1403638585.7778294086 5.93507 -11.85023 1.37673 0.17503 0.78692 -0.24661 0.53787
1403638585.8778295517 5.93071 -11.77850 1.40109 0.17255 0.79081 -0.24850 0.53207
1403638585.9778294563 5.93354 -11.70774 1.43434 0.17077 0.79076 -0.25053 0.53176
1403638586.0778295994 5.94126 -11.63827 1.46885 0.17275 0.78665 -0.24992 0.53748
1403638586.1778295040 5.96357 -11.56969 1.49431 0.17458 0.78387 -0.24944 0.54115
1403638586.2778294086 5.97229 -11.49954 1.51610 0.17687 0.78132 -0.24832 0.54460
1403638586.3778295517 5.99538 -11.43416 1.53185 0.18267 0.77828 -0.24471 0.54867
1403638586.4778294563 6.00074 -11.35774 1.54269 0.19073 0.77662 -0.23976 0.55045
1403638586.5778295994 6.02252 -11.28832 1.54738 0.19295 0.77593 -0.23858 0.55117
1403638586.6778295040 6.02264 -11.20129 1.54293 0.19011 0.77682 -0.24079 0.54994
1403638586.7778294086 6.04339 -11.12802 1.53430 0.18603 0.77650 -0.24351 0.55059
1403638586.8778295517 6.04081 -11.03972 1.51727 0.18385 0.77540 -0.24444 0.55245
1403638586.9778294563 6.05857 -10.96218 1.49746 0.18409 0.77515 -0.24417 0.55284
1403638587.0778295994 6.04983 -10.87259 1.47520 0.18332 0.77495 -0.24467 0.55315
1403638587.1778295040 6.06482 -10.79091 1.45815 0.18288 0.77617 -0.24462 0.55162
1403638587.2778294086 6.05691 -10.69875 1.45096 0.18213 0.77784 -0.24473 0.54945
1403638587.3778295517 6.06932 -10.61395 1.44780 0.18155 0.77944 -0.24507 0.54722
1403638587.4778294563 6.06159 -10.52050 1.45074 0.17972 0.77950 -0.24683 0.54695
1403638587.5778295994 6.07431 -10.43276 1.44917 0.17893 0.77956 -0.24781 0.54668
1403638587.6778295040 6.06791 -10.33977 1.44573 0.17871 0.77911 -0.24836 0.54714
1403638587.7778294086 6.07938 -10.25324 1.43333 0.17867 0.77875 -0.24876 0.54749
1403638587.8778295517 6.07907 -10.16376 1.41976 0.17783 0.77833 -0.24963 0.54796
1403638587.9778294563 6.09077 -10.07855 1.39857 0.17763 0.77794 -0.25011 0.54836
1403638588.0778295994 6.09145 -9.99247 1.37686 0.17874 0.77745 -0.24897 0.54922
1403638588.1778295040 6.10089 -9.90957 1.34853 0.18536 0.77825 -0.24454 0.54787
1403638588.2778294086 6.10014 -9.82375 1.32273 0.18818 0.77900 -0.24209 0.54694
1403638588.3778295517 6.11114 -9.73614 1.30166 0.18883 0.77936 -0.24137 0.54651
1403638588.4778294563 6.11414 -9.64563 1.28938 0.18711 0.77927 -0.24237 0.54679
1403638588.5778295994 6.12436 -9.55283 1.28414 0.18469 0.77857 -0.24400 0.54789
1403638588.6778295040 6.12073 -9.45605 1.28723 0.18234 0.77775 -0.24529 0.54926
1403638588.7778294086 6.12760 -9.35838 1.29486 0.18079 0.77626 -0.24667 0.55126
1403638588.8778295517 6.12200 -9.25946 1.30044 0.17832 0.77565 -0.24893 0.55190
1403638588.9778294563 6.12650 -9.16378 1.29790 0.17860 0.77558 -0.24921 0.55179
1403638589.0778295994 6.12014 -9.06824 1.29070 0.17904 0.77576 -0.24945 0.55129
1403638589.1778295040 6.12432 -8.97180 1.27409 0.18065 0.77552 -0.24874 0.55142
1403638589.2778294086 6.11709 -8.87824 1.25891 0.18033 0.77446 -0.24882 0.55297
1403638589.3778295517 6.11740 -8.78106 1.23783 0.18052 0.77427 -0.24861 0.55327
1403638589.4778294563 6.10952 -8.68762 1.22664 0.18015 0.77508 -0.24920 0.55199
1403638589.5778295994 6.10689 -8.59011 1.21671 0.17948 0.77505 -0.24958 0.55208
1403638589.6778295040 6.09855 -8.49811 1.22137 0.17905 0.77559 -0.24961 0.55146
1403638589.7778294086 6.09332 -8.40265 1.22771 0.17942 0.77713 -0.24997 0.54899
1403638589.8778295517 6.08408 -8.31236 1.23954 0.17939 0.77762 -0.25096 0.54785
1403638589.9778294563 6.07875 -8.21732 1.23839 0.17977 0.77762 -0.25140 0.54752
1403638590.0778295994 6.06744 -8.12654 1.23970 0.17933 0.77756 -0.25222 0.54738
1403638590.1778295040 6.06093 -8.03267 1.22994 0.17994 0.77651 -0.25251 0.54854
1403638590.2778294086 6.05083 -7.94694 1.22395 0.17958 0.77575 -0.25311 0.54945
1403638590.3778295517 6.04534 -7.85428 1.20630 0.17981 0.77607 -0.25354 0.54873
1403638590.4778294563 6.03382 -7.76516 1.19129 0.17988 0.77665 -0.25377 0.54778
1403638590.5778295994 6.02610 -7.67421 1.17322 0.17886 0.77773 -0.25445 0.54626
1403638590.6778295040 6.01394 -7.58774 1.16568 0.17697 0.77943 -0.25544 0.54399
1403638590.7778294086 6.00845 -7.50071 1.16432 0.17623 0.78026 -0.25590 0.54282
1403638590.8778295517 5.99641 -7.41711 1.17231 0.17645 0.78110 -0.25588 0.54154
1403638590.9778294563 5.99270 -7.33213 1.18524 0.17519 0.78172 -0.25679 0.54064
1403638591.0778295994 5.97767 -7.24513 1.20276 0.17382 0.78260 -0.25820 0.53912
1403638591.1778295040 5.97546 -7.16229 1.21345 0.17293 0.78682 -0.25936 0.53268
1403638591.2778294086 5.96255 -7.07440 1.21508 0.17047 0.79267 -0.26152 0.52366
1403638591.3778295517 5.95525 -6.99449 1.21229 0.16719 0.79697 -0.26405 0.51688
1403638591.4778294563 5.95516 -6.92058 1.20506 0.16451 0.79970 -0.26618 0.51240
1403638591.5778295994 5.96238 -6.85152 1.19180 0.16180 0.80244 -0.26847 0.50777
1403638591.6778295040 5.97610 -6.78946 1.17467 0.16048 0.80271 -0.26960 0.50717
1403638591.7778294086 5.99653 -6.73414 1.15759 0.16222 0.80084 -0.26858 0.51010
1403638591.8778295517 6.02740 -6.69166 1.14159 0.16318 0.79851 -0.26775 0.51387
1403638591.9778294563 6.06393 -6.65686 1.13310 0.16393 0.79587 -0.26704 0.51809
1403638592.0778295994 6.10212 -6.62504 1.13403 0.16441 0.79328 -0.26601 0.52242
1403638592.1778295040 6.15002 -6.60202 1.14335 0.16245 0.79043 -0.26419 0.52824
1403638592.2778294086 6.19641 -6.58316 1.16612 0.15741 0.78493 -0.25892 0.54044
1403638592.3778295517 6.24378 -6.56911 1.19905 0.14839 0.78234 -0.25011 0.55079
1403638592.4778294563 6.29038 -6.55724 1.23922 0.13664 0.78480 -0.23631 0.55641
1403638592.5778295994 6.33380 -6.55027 1.28486 0.12887 0.79211 -0.22212 0.55373
1403638592.6778295040 6.37500 -6.54715 1.33557 0.12232 0.79953 -0.21088 0.54893
1403638592.7778294086 6.41574 -6.54875 1.38514 0.11720 0.80656 -0.20335 0.54256
1403638592.8778295517 6.45672 -6.55496 1.42957 0.11310 0.81158 -0.19876 0.53763
1403638592.9778294563 6.49908 -6.56474 1.46933 0.11241 0.81410 -0.19506 0.53531
1403638593.0778295994 6.54864 -6.57998 1.50157 0.11137 0.81486 -0.19374 0.53485
1403638593.1778295040 6.59864 -6.59898 1.53774 0.11142 0.81320 -0.19277 0.53772
1403638593.2778294086 6.65729 -6.62286 1.57693 0.11814 0.80993 -0.18894 0.54255
1403638593.3778295517 6.71338 -6.64882 1.62525 0.12706 0.80658 -0.18374 0.54729
1403638593.4778294563 6.77006 -6.67434 1.67056 0.13518 0.80200 -0.17969 0.55339
1403638593.5778295994 6.82843 -6.69767 1.70917 0.13970 0.79919 -0.17830 0.55676
1403638593.6778295040 6.88774 -6.71714 1.74118 0.14234 0.79800 -0.17792 0.55792
1403638593.7778294086 6.94751 -6.73284 1.76811 0.14358 0.79471 -0.17818 0.56220
1403638593.8778295517 7.00889 -6.74454 1.79277 0.13925 0.78432 -0.17826 0.57765
1403638593.9778294563 7.06260 -6.74983 1.82467 0.13266 0.78094 -0.17515 0.58468
1403638594.0778295994 7.10973 -6.75171 1.85909 0.12442 0.78651 -0.17314 0.57961
1403638594.1778295040 7.15124 -6.75135 1.89764 0.12230 0.79260 -0.16855 0.57308
1403638594.2778294086 7.18933 -6.74888 1.93465 0.12273 0.79502 -0.16380 0.57101
1403638594.3778295517 7.22569 -6.74462 1.96624 0.12519 0.79405 -0.15889 0.57321
1403638594.4778294563 7.25397 -6.73536 2.00458 0.12889 0.79274 -0.15345 0.57567
1403638594.5778295994 7.28271 -6.72237 2.04481 0.12330 0.79304 -0.15535 0.57597
1403638594.6778295040 7.29901 -6.70391 2.09468 0.11764 0.79365 -0.15857 0.57545
1403638594.7778294086 7.32191 -6.68662 2.13666 0.11550 0.79438 -0.16059 0.57431
1403638594.8778295517 7.32703 -6.66518 2.17696 0.11418 0.79446 -0.16227 0.57399
1403638594.9778294563 7.34352 -6.64580 2.20489 0.11528 0.79630 -0.16275 0.57108
1403638595.0778295994 7.35593 -6.62515 2.22683 0.11390 0.79749 -0.16452 0.56918
1403638595.1778295040 7.36665 -6.60431 2.24203 0.11372 0.79799 -0.16572 0.56817
1403638595.2778294086 7.37525 -6.58328 2.25073 0.11424 0.79844 -0.16597 0.56737
1403638595.3778295517 7.35461 -6.55307 2.26167 0.11400 0.79811 -0.16668 0.56767
1403638595.4778294563 7.36063 -6.53177 2.25858 0.11406 0.79845 -0.16687 0.56711
1403638595.5778295994 7.36182 -6.50991 2.25415 0.11407 0.79925 -0.16654 0.56608
1403638595.6778295040 7.36123 -6.48788 2.25493 0.11640 0.79932 -0.16483 0.56602
1403638595.7778294086 7.35789 -6.46386 2.26018 0.12063 0.80029 -0.16184 0.56462
1403638595.8778295517 7.35472 -6.43775 2.26280 0.12187 0.80069 -0.16115 0.56398
1403638595.9778294563 7.35165 -6.41031 2.25182 0.12424 0.80041 -0.15968 0.56428
1403638596.0778295994 7.32325 -6.37514 2.23988 0.13167 0.80111 -0.15477 0.56296
1403638596.1778295040 7.32368 -6.34272 2.21789 0.14292 0.80254 -0.14684 0.56031
1403638596.2778294086 7.32380 -6.30202 2.20296 0.15462 0.80423 -0.13811 0.55698
1403638596.3778295517 7.31130 -6.24875 2.20244 0.16393 0.80437 -0.13047 0.55596
1403638596.4778294563 7.31747 -6.18860 2.20414 0.16943 0.80403 -0.12562 0.55593
1403638596.5778295994 7.31932 -6.11440 2.21915 0.17621 0.80475 -0.12006 0.55399
1403638596.6778295040 7.33452 -6.02711 2.23817 0.18383 0.80499 -0.11400 0.55244
1403638596.7778294086 7.35420 -5.92321 2.26460 0.18774 0.80508 -0.11059 0.55170
1403638596.8778295517 7.37351 -5.80119 2.30121 0.19133 0.80441 -0.10760 0.55204
1403638596.9778294563 7.40314 -5.66354 2.33606 0.19311 0.80313 -0.10669 0.55345
1403638597.0778295994 7.43242 -5.50948 2.36921 0.19591 0.80226 -0.10556 0.55394
1403638597.1778295040 7.46709 -5.34076 2.39751 0.19825 0.80048 -0.10526 0.55574
1403638597.2778294086 7.50516 -5.15438 2.41858 0.19583 0.79786 -0.10831 0.55976
1403638597.3778295517 7.54540 -4.95402 2.43236 0.19107 0.79619 -0.11323 0.56282
1403638597.4778294563 7.58733 -4.73806 2.44370 0.18242 0.79301 -0.12024 0.56868
1403638597.5778295994 7.62893 -4.51125 2.44962 0.16965 0.78851 -0.12975 0.57675
1403638597.6778295040 7.66805 -4.27684 2.45067 0.16523 0.78625 -0.13378 0.58019
1403638597.7778294086 7.70393 -4.03570 2.44594 0.16941 0.78803 -0.12864 0.57772
1403638597.8778295517 7.73778 -3.78658 2.43675 0.17359 0.79061 -0.11723 0.57537
1403638597.9778294563 7.76869 -3.52821 2.42432 0.17468 0.79223 -0.10802 0.57462
1403638598.0778295994 7.80042 -3.25864 2.41632 0.16778 0.79245 -0.10548 0.57685
1403638598.1778295040 7.82915 -2.97775 2.41416 0.14612 0.79403 -0.11471 0.57880
1403638598.2778294086 7.85500 -2.69063 2.41667 0.12865 0.79600 -0.12318 0.57851
1403638598.3778295517 7.87960 -2.40306 2.41698 0.11771 0.79781 -0.12850 0.57717
1403638598.4778294563 7.90305 -2.11702 2.41100 0.11348 0.80008 -0.13028 0.57447
1403638598.5778295994 7.92408 -1.83259 2.39673 0.10851 0.80204 -0.12828 0.57315
1403638598.6778295040 7.94324 -1.55036 2.37716 0.10412 0.80430 -0.11973 0.57264
1403638598.7778294086 7.96115 -1.27069 2.35945 0.09568 0.80646 -0.10891 0.57324
1403638598.8778295517 7.97754 -0.99357 2.34895 0.08643 0.80746 -0.09451 0.57585
1403638598.9778294563 7.99100 -0.71985 2.34203 0.07650 0.80992 -0.07814 0.57626
1403638599.0778295994 8.00328 -0.44794 2.33896 0.06442 0.81131 -0.06148 0.57780
1403638599.1778295040 8.01394 -0.17727 2.34064 0.05244 0.81259 -0.04384 0.57882
1403638599.2778294086 8.02175 0.09106 2.34571 0.04152 0.81450 -0.02485 0.57815
1403638599.3778295517 8.02752 0.35746 2.35772 0.02910 0.81765 -0.00756 0.57493
1403638599.4778294563 8.03113 0.62193 2.37493 0.02009 0.81975 0.00579 0.57234
1403638599.5778295994 8.03335 0.88543 2.39108 0.01463 0.82202 0.01434 0.56909
1403638599.6778295040 8.03468 1.14733 2.39943 0.01099 0.82346 0.01902 0.56694
1403638599.7778294086 8.03740 1.40780 2.39964 0.00969 0.82357 0.02016 0.56677
1403638599.8778295517 8.04333 1.66570 2.39385 0.00770 0.82489 0.01781 0.56497
1403638599.9778294563 8.05089 1.92170 2.38404 0.00385 0.82511 0.01230 0.56483
1403638600.0778295994 8.06302 2.17525 2.37013 -0.00259 0.82629 0.00459 0.56322
1403638600.1778295040 8.07814 2.42301 2.35280 -0.01470 0.82806 -0.00709 0.56040
1403638600.2778294086 8.09506 2.66338 2.32988 -0.02466 0.83021 -0.01767 0.55662
1403638600.3778295517 8.11624 2.89329 2.30566 -0.03225 0.83166 -0.02619 0.55373
1403638600.4778294563 8.14163 3.11026 2.28827 -0.03845 0.83284 -0.03261 0.55121
1403638600.5778295994 8.17216 3.31214 2.28154 -0.03640 0.83340 -0.03320 0.55048
1403638600.6778295040 8.20657 3.50028 2.28255 -0.03923 0.83488 -0.03615 0.54784
1403638600.7778294086 8.24669 3.67504 2.29048 -0.03887 0.83858 -0.03592 0.54220
1403638600.8778295517 8.29219 3.83748 2.30322 -0.02786 0.84232 -0.02705 0.53758
1403638600.9778294563 8.34531 3.98663 2.31316 -0.01107 0.84436 -0.01351 0.53549
1403638601.0778295994 8.40514 4.12835 2.31802 -0.00187 0.84471 -0.00549 0.53519
1403638601.1778295040 8.47256 4.26570 2.31855 0.00606 0.84329 0.00091 0.53742
1403638601.2778294086 8.54794 4.40109 2.31538 0.01544 0.83683 0.00839 0.54717
1403638601.3778295517 8.62821 4.53809 2.31085 0.01267 0.83174 0.01217 0.55489
1403638601.4778294563 8.71276 4.67868 2.30975 -0.00041 0.82730 0.01675 0.56151
1403638601.5778295994 8.79811 4.82001 2.31709 -0.01124 0.82244 0.03099 0.56790
1403638601.6778295040 8.88417 4.96102 2.32960 -0.02242 0.81976 0.05102 0.56998
1403638601.7778294086 8.96867 5.10276 2.34906 -0.03498 0.81677 0.07645 0.57080
1403638601.8778295517 9.05068 5.24543 2.37723 -0.04880 0.81165 0.10544 0.57247
1403638601.9778294563 9.12928 5.38977 2.40689 -0.06356 0.80841 0.12879 0.57082
1403638602.0778295994 9.20551 5.53441 2.43074 -0.07502 0.80671 0.14568 0.56777
1403638602.1778295040 9.27786 5.68019 2.44848 -0.08092 0.80197 0.16128 0.56946
1403638602.2778294086 9.34592 5.82784 2.46213 -0.08853 0.79492 0.17867 0.57302
1403638602.3778295517 9.40860 5.97866 2.47594 -0.11105 0.78384 0.19112 0.58029
1403638602.4778294563 9.46369 6.13003 2.50026 -0.14604 0.76184 0.19740 0.59942
1403638602.5778295994 9.50735 6.27434 2.53212 -0.18131 0.74024 0.20219 0.61505
1403638602.6778295040 9.53695 6.40460 2.56885 -0.20198 0.72996 0.21550 0.61637
1403638602.7778294086 9.54968 6.51818 2.60997 -0.21295 0.72560 0.23508 0.61065
1403638602.8778295517 9.54437 6.61404 2.65541 -0.22400 0.72220 0.25463 0.60284
1403638602.9778294563 9.52381 6.69513 2.70331 -0.24351 0.72235 0.26992 0.58826
1403638603.0778295994 9.49394 6.76175 2.74763 -0.26224 0.71737 0.28450 0.57937
1403638603.1778295040 9.45831 6.81345 2.78520 -0.27441 0.71004 0.29875 0.57558
1403638603.2778294086 9.41658 6.84942 2.81066 -0.27260 0.71737 0.31587 0.55793
1403638603.3778295517 9.36999 6.87299 2.82626 -0.26576 0.73006 0.33032 0.53598
1403638603.4778294563 9.32249 6.89129 2.83739 -0.26230 0.73836 0.33760 0.52159
1403638603.5778295994 9.27698 6.90856 2.84588 -0.26374 0.73609 0.34200 0.52119
1403638603.6778295040 9.23050 6.92388 2.85032 -0.26610 0.72826 0.34459 0.52924
1403638603.7778294086 9.18657 6.93351 2.84649 -0.26004 0.71950 0.35100 0.53990
1403638603.8778295517 9.13352 6.93859 2.83807 -0.25365 0.71172 0.35609 0.54983
1403638603.9778294563 9.07342 6.94209 2.82433 -0.24884 0.70485 0.35901 0.55891
1403638604.0778295994 9.00858 6.94195 2.80339 -0.24298 0.70132 0.36176 0.56413
1403638604.1778295040 8.92953 6.94249 2.78720 -0.24189 0.70069 0.36266 0.56480
1403638604.2778294086 8.84405 6.93543 2.77843 -0.24817 0.70472 0.35888 0.55946
1403638604.3778295517 8.74467 6.92652 2.77596 -0.25337 0.71246 0.35576 0.54921
1403638604.4778294563 8.64034 6.91223 2.78071 -0.25101 0.72036 0.35735 0.53886
1403638604.5778295994 8.53420 6.89554 2.79088 -0.24886 0.72507 0.35862 0.53267
1403638604.6778295040 8.42577 6.87744 2.79661 -0.25134 0.72839 0.35697 0.52806
1403638604.7778294086 8.31710 6.85825 2.79695 -0.25527 0.73049 0.35419 0.52514
1403638604.8778295517 8.20924 6.83710 2.79683 -0.25611 0.73378 0.35344 0.52063
1403638604.9778294563 8.10318 6.81340 2.79973 -0.25344 0.73984 0.35514 0.51213
1403638605.0778295994 7.99957 6.78744 2.81071 -0.25067 0.74633 0.35708 0.50265
1403638605.1778295040 7.90049 6.76256 2.83004 -0.24801 0.75031 0.35910 0.49656
1403638605.2778294086 7.80754 6.74402 2.85093 -0.24411 0.75113 0.36183 0.49526
1403638605.3778295517 7.71844 6.73068 2.86604 -0.23806 0.74643 0.36613 0.50212
1403638605.4778294563 7.63398 6.72320 2.87855 -0.23092 0.73633 0.37165 0.51612
1403638605.5778295994 7.54498 6.71884 2.88094 -0.22547 0.72794 0.37585 0.52726
1403638605.6778295040 7.45317 6.71843 2.87832 -0.22102 0.72215 0.37911 0.53472
1403638605.7778294086 7.35462 6.72264 2.87928 -0.21948 0.72121 0.38023 0.53583
1403638605.8778295517 7.25293 6.73283 2.89307 -0.21669 0.72115 0.38187 0.53587
1403638605.9778294563 7.14285 6.75074 2.90896 -0.21263 0.72042 0.38379 0.53712
1403638606.0778295994 7.02837 6.77329 2.92661 -0.21001 0.72055 0.38453 0.53744
1403638606.1778295040 6.90309 6.80106 2.93266 -0.20655 0.72034 0.38607 0.53796
1403638606.2778294086 6.77452 6.83497 2.93665 -0.20440 0.72155 0.38644 0.53688
1403638606.3778295517 6.63416 6.87403 2.92770 -0.20987 0.73012 0.38167 0.52650
1403638606.4778294563 6.48957 6.91842 2.91481 -0.21788 0.74042 0.37504 0.51347
1403638606.5778295994 6.34456 6.96824 2.89686 -0.22472 0.74905 0.37042 0.50121
1403638606.6778295040 6.20248 7.02448 2.87625 -0.23012 0.75222 0.37252 0.49238
1403638606.7778294086 6.06449 7.08697 2.85221 -0.23490 0.75209 0.38170 0.48320
1403638606.8778295517 5.93254 7.15616 2.82632 -0.24342 0.74838 0.39434 0.47452
1403638606.9778294563 5.80805 7.23408 2.80498 -0.25432 0.74106 0.40977 0.46717
1403638607.0778295994 5.69250 7.31913 2.79375 -0.26829 0.73224 0.42410 0.46042
1403638607.1778295040 5.58547 7.41166 2.78992 -0.28472 0.72249 0.43105 0.45950
1403638607.2778294086 5.48477 7.50841 2.78557 -0.29859 0.70893 0.43534 0.46770
1403638607.3778295517 5.38803 7.60668 2.77209 -0.31139 0.70047 0.43533 0.47210
1403638607.4778294563 5.29493 7.70471 2.74892 -0.31726 0.69734 0.43646 0.47177
1403638607.5778295994 5.20603 7.79982 2.71791 -0.31926 0.69628 0.43778 0.47077
1403638607.6778295040 5.11972 7.89203 2.68374 -0.32094 0.69456 0.43774 0.47220
1403638607.7778294086 5.03787 7.98249 2.64676 -0.31941 0.69309 0.43816 0.47500
1403638607.8778295517 4.95724 8.07119 2.60641 -0.32056 0.69532 0.43607 0.47288
1403638607.9778294563 4.88732 8.15789 2.56262 -0.32271 0.69976 0.43274 0.46790
1403638608.0778295994 4.81655 8.24385 2.51479 -0.32345 0.69854 0.43017 0.47156
1403638608.1778295040 4.75084 8.32669 2.46240 -0.31964 0.69554 0.43051 0.47824
1403638608.2778294086 4.69445 8.40532 2.40551 -0.31837 0.69099 0.42980 0.48626
1403638608.3778295517 4.63316 8.48046 2.34472 -0.31869 0.68524 0.42852 0.49523
1403638608.4778294563 4.57703 8.55132 2.27832 -0.31881 0.68515 0.42814 0.49561
1403638608.5778295994 4.51582 8.61670 2.20757 -0.31699 0.68668 0.42882 0.49407
1403638608.6778295040 4.46092 8.67761 2.13917 -0.32252 0.68396 0.42487 0.49766
1403638608.7778294086 4.39828 8.73071 2.07601 -0.32299 0.68410 0.42456 0.49744
1403638608.8778295517 4.33941 8.77639 2.01706 -0.32168 0.68751 0.42587 0.49243
1403638608.9778294563 4.28457 8.81680 1.96661 -0.32076 0.69157 0.42679 0.48652
1403638609.0778295994 4.22858 8.85257 1.92256 -0.32014 0.69429 0.42730 0.48258
1403638609.1778295040 4.17485 8.88362 1.88515 -0.32204 0.69474 0.42591 0.48189
1403638609.2778294086 4.12472 8.91118 1.84702 -0.33001 0.69488 0.42017 0.48134
1403638609.3778295517 4.08118 8.93626 1.80113 -0.32887 0.69510 0.42067 0.48137
1403638609.4778294563 4.03920 8.95612 1.74900 -0.32523 0.69512 0.42282 0.48192
1403638609.5778295994 4.00183 8.97141 1.69029 -0.32180 0.69508 0.42481 0.48254
1403638609.6778295040 3.96504 8.98878 1.62597 -0.31977 0.69407 0.42633 0.48400
1403638609.7778294086 3.93305 8.99956 1.56154 -0.31855 0.69417 0.42708 0.48400
1403638609.8778295517 3.90175 9.01353 1.50392 -0.31903 0.69438 0.42681 0.48363
1403638609.9778294563 3.87460 9.01956 1.45452 -0.31994 0.69391 0.42599 0.48442
1403638610.0778295994 3.85091 9.02492 1.41506 -0.32329 0.69169 0.42348 0.48756
1403638610.1778295040 3.82915 9.02570 1.37827 -0.32441 0.68862 0.42259 0.49191
1403638610.2778294086 3.80785 9.02190 1.33718 -0.32680 0.68735 0.42059 0.49382
1403638610.3778295517 3.78768 9.01289 1.28928 -0.32765 0.68699 0.41994 0.49431
1403638610.4778294563 3.76892 8.99699 1.23851 -0.32780 0.68537 0.41951 0.49682
1403638610.5778295994 3.75080 8.97752 1.18225 -0.33068 0.68016 0.41728 0.50390
1403638610.6778295040 3.73115 8.94947 1.12512 -0.33517 0.67512 0.41406 0.51032
1403638610.7778294086 3.70838 8.91249 1.07007 -0.33273 0.68041 0.41679 0.50262
1403638610.8778295517 3.68603 8.87027 1.02366 -0.32893 0.68672 0.42079 0.49311
1403638610.9778294563 3.66342 8.82188 0.98494 -0.32957 0.68708 0.42116 0.49187
1403638611.0778295994 3.64295 8.76915 0.94459 -0.33277 0.68423 0.41938 0.49520
1403638611.1778295040 3.62726 8.71401 0.89916 -0.33416 0.68326 0.41954 0.49546
1403638611.2778294086 3.61178 8.65269 0.85269 -0.33365 0.68286 0.42052 0.49552
1403638611.3778295517 3.59631 8.58367 0.81045 -0.32732 0.68043 0.42500 0.49924
1403638611.4778294563 3.57387 8.50733 0.77233 -0.31519 0.67612 0.43296 0.50603
1403638611.5778295994 3.55436 8.43191 0.74424 -0.30639 0.67566 0.43822 0.50751
1403638611.6778295040 3.52188 8.34930 0.71857 -0.30472 0.67804 0.43865 0.50497
1403638611.7778294086 3.48913 8.26720 0.69361 -0.31036 0.68382 0.43443 0.49732
1403638611.8778295517 3.45858 8.18759 0.66471 -0.31554 0.68946 0.43008 0.49002
1403638611.9778294563 3.42536 8.10619 0.63227 -0.31819 0.69284 0.42750 0.48576
1403638612.0778295994 3.39397 8.02670 0.60167 -0.31758 0.69478 0.42727 0.48359
1403638612.1778295040 3.36645 7.94584 0.57608 -0.31898 0.69603 0.42571 0.48225
1403638612.2778294086 3.33978 7.86773 0.56083 -0.31948 0.69603 0.42508 0.48248
1403638612.3778295517 3.31875 7.78782 0.54935 -0.31785 0.69559 0.42567 0.48366
1403638612.4778294563 3.29640 7.70652 0.53531 -0.31718 0.69439 0.42499 0.48642
1403638612.5778295994 3.27849 7.62504 0.51496 -0.31432 0.69222 0.42556 0.49084
1403638612.6778295040 3.26002 7.54349 0.48741 -0.30854 0.69030 0.42801 0.49507
1403638612.7778294086 3.23681 7.46028 0.45239 -0.30566 0.68938 0.42787 0.49824
1403638612.8778295517 3.21545 7.37915 0.42034 -0.30587 0.68827 0.42560 0.50159
1403638612.9778294563 3.18527 7.29279 0.38905 -0.30677 0.68889 0.42355 0.50193
1403638613.0778295994 3.15874 7.21217 0.36895 -0.30735 0.69169 0.42242 0.49866
1403638613.1778295040 3.12909 7.12960 0.35588 -0.30686 0.69412 0.42218 0.49578
1403638613.2778294086 3.09415 7.04259 0.34931 -0.30601 0.69459 0.42241 0.49545
1403638613.3778295517 3.06345 6.96169 0.34982 -0.30528 0.69415 0.42292 0.49608
1403638613.4778294563 3.02655 6.87265 0.34707 -0.30589 0.69365 0.42183 0.49734
1403638613.5778295994 2.99413 6.79195 0.33902 -0.30512 0.69498 0.41752 0.49958
1403638613.6778295040 2.96017 6.71107 0.32499 -0.30901 0.69572 0.41081 0.50173
1403638613.7778294086 2.92028 6.62091 0.30309 -0.31283 0.69451 0.40312 0.50723
1403638613.8778295517 2.88610 6.53548 0.27405 -0.30977 0.69678 0.39505 0.51233
1403638613.9778294563 2.84589 6.43629 0.24012 -0.30206 0.70289 0.38514 0.51611
1403638614.0778295994 2.80732 6.33602 0.20241 -0.29010 0.71105 0.37329 0.52049
1403638614.1778295040 2.76757 6.23194 0.16482 -0.27540 0.72141 0.36036 0.52331
1403638614.2778294086 2.72579 6.12351 0.13277 -0.26437 0.73044 0.34684 0.52561
1403638614.3778295517 2.68347 6.01596 0.10665 -0.25575 0.73722 0.33737 0.52657
1403638614.4778294563 2.64063 5.91092 0.08970 -0.25226 0.74203 0.32843 0.52715
1403638614.5778295994 2.59663 5.80305 0.08065 -0.24831 0.74659 0.32007 0.52773
1403638614.6778295040 2.55545 5.69752 0.08012 -0.24522 0.75189 0.30807 0.52879
1403638614.7778294086 2.51722 5.59210 0.09172 -0.24331 0.76191 0.29153 0.52470
1403638614.8778295517 2.48167 5.48501 0.11268 -0.23566 0.77316 0.27401 0.52115
1403638614.9778294563 2.45281 5.37724 0.14003 -0.22253 0.78250 0.25494 0.52266
1403638615.0778295994 2.42994 5.26550 0.17098 -0.20448 0.78999 0.23421 0.52845
1403638615.1778295040 2.41345 5.15075 0.20673 -0.18309 0.79353 0.21212 0.54018
1403638615.2778294086 2.40112 5.03363 0.24633 -0.15812 0.79597 0.19074 0.55231
1403638615.3778295517 2.38970 4.91682 0.28156 -0.13682 0.79972 0.16538 0.56069
1403638615.4778294563 2.37868 4.79919 0.31045 -0.11657 0.80289 0.13955 0.56772
1403638615.5778295994 2.36654 4.68144 0.33180 -0.09947 0.80631 0.11527 0.57156
1403638615.6778295040 2.35343 4.56476 0.34873 -0.08620 0.80848 0.09800 0.57387
1403638615.7778294086 2.33958 4.45082 0.37096 -0.07848 0.80983 0.08557 0.57506
1403638615.8778295517 2.32311 4.33746 0.40073 -0.07327 0.81111 0.07381 0.57557
1403638615.9778294563 2.30657 4.22465 0.42862 -0.06606 0.81271 0.06195 0.57559
1403638616.0778295994 2.28920 4.11128 0.45000 -0.05714 0.81336 0.04974 0.57681
1403638616.1778295040 2.27089 3.99766 0.45849 -0.04733 0.81460 0.03568 0.57698
1403638616.2778294086 2.25226 3.88322 0.45036 -0.03668 0.81566 0.01753 0.57711
1403638616.3778295517 2.23276 3.76626 0.42832 -0.02341 0.81641 -0.00173 0.57699
1403638616.4778294563 2.21231 3.64721 0.39985 -0.01283 0.81697 -0.01962 0.57621
1403638616.5778295994 2.19136 3.52800 0.36840 -0.00343 0.81866 -0.03211 0.57337
1403638616.6778295040 2.17089 3.40920 0.33302 0.00245 0.82329 -0.04173 0.56608
1403638616.7778294086 2.15207 3.29054 0.29302 -0.00049 0.83173 -0.05196 0.55274
1403638616.8778295517 2.13927 3.17189 0.25274 -0.00430 0.83746 -0.05868 0.54333
1403638616.9778294563 2.13396 3.04887 0.22150 0.00092 0.83566 -0.05624 0.54636
1403638617.0778295994 2.13571 2.92216 0.19999 0.00653 0.83201 -0.05113 0.55237
1403638617.1778295040 2.14112 2.79390 0.18627 0.01252 0.82913 -0.04415 0.55717
1403638617.2778294086 2.14995 2.66593 0.17661 0.01423 0.83150 -0.03941 0.55394
1403638617.3778295517 2.16247 2.53772 0.17123 0.01395 0.83555 -0.03650 0.54803
1403638617.4778294563 2.18027 2.41209 0.17412 0.01374 0.83832 -0.03326 0.54399
1403638617.5778295994 2.20426 2.28823 0.18525 0.01364 0.83907 -0.03031 0.54301
1403638617.6778295040 2.23476 2.16673 0.20511 0.01474 0.83772 -0.02638 0.54527
1403638617.7778294086 2.27454 2.05238 0.23375 0.01493 0.83613 -0.02368 0.54781
1403638617.8778295517 2.31539 1.93693 0.26910 0.01591 0.83618 -0.02033 0.54785
1403638617.9778294563 2.36164 1.82553 0.30897 0.01384 0.83519 -0.01988 0.54943
1403638618.0778295994 2.41278 1.71772 0.34419 0.01306 0.83485 -0.01862 0.55001
1403638618.1778295040 2.46832 1.61310 0.37328 0.01062 0.83503 -0.01852 0.54980
1403638618.2778294086 2.52904 1.51217 0.39516 0.01103 0.83504 -0.01694 0.54982
1403638618.3778295517 2.59115 1.41387 0.41491 0.01075 0.83431 -0.01587 0.55097
1403638618.4778294563 2.65881 1.31913 0.43041 0.01045 0.83443 -0.01455 0.55082
1403638618.5778295994 2.72870 1.22738 0.44577 0.01154 0.83342 -0.01372 0.55235
1403638618.6778295040 2.80403 1.13784 0.45690 0.01537 0.83329 -0.01677 0.55237
1403638618.7778294086 2.88226 1.05177 0.47392 0.01788 0.83259 -0.01994 0.55324
1403638618.8778295517 2.96434 0.96875 0.49660 0.02085 0.83084 -0.02325 0.55564
1403638618.9778294563 3.04900 0.88964 0.52079 0.02679 0.82674 -0.03218 0.56102
1403638619.0778295994 3.13505 0.81251 0.53788 0.03864 0.82320 -0.04586 0.56458
1403638619.1778295040 3.22124 0.73808 0.54718 0.05217 0.81971 -0.06475 0.56672
1403638619.2778294086 3.30796 0.66700 0.54963 0.06612 0.81588 -0.08885 0.56752
1403638619.3778295517 3.39369 0.59884 0.54308 0.08227 0.81148 -0.11335 0.56734
1403638619.4778294563 3.47883 0.53469 0.53305 0.09281 0.80729 -0.13455 0.56706
1403638619.5778295994 3.56467 0.47364 0.52218 0.09932 0.80371 -0.15028 0.56711
1403638619.6778295040 3.64919 0.41401 0.50861 0.09559 0.80028 -0.16671 0.56800
1403638619.7778294086 3.73106 0.35317 0.49295 0.09196 0.79789 -0.17826 0.56846
1403638619.8778295517 3.80945 0.28995 0.47577 0.09164 0.79580 -0.18470 0.56938
1403638619.9778294563 3.88418 0.22541 0.45228 0.09299 0.79495 -0.18837 0.56914
1403638620.0778295994 3.95211 0.15527 0.43466 0.09508 0.79245 -0.18992 0.57176
1403638620.1778295040 4.01688 0.08391 0.41924 0.09969 0.78941 -0.18882 0.57554
1403638620.2778294086 4.07076 0.00849 0.41391 0.10240 0.79001 -0.18762 0.57462
1403638620.3778295517 4.12183 -0.06694 0.41347 0.10513 0.79142 -0.18547 0.57289
1403638620.4778294563 4.16179 -0.14387 0.42032 0.10617 0.79257 -0.18333 0.57179
1403638620.5778295994 4.20374 -0.22162 0.42529 0.10575 0.79395 -0.18174 0.57047
1403638620.6778295040 4.24122 -0.29967 0.42489 0.10284 0.79649 -0.18161 0.56749
1403638620.7778294086 4.26696 -0.37823 0.41883 0.09924 0.79987 -0.18195 0.56325
1403638620.8778295517 4.29911 -0.45931 0.40913 0.10246 0.80305 -0.17742 0.55958
1403638620.9778294563 4.32922 -0.53992 0.39612 0.10698 0.80366 -0.17147 0.55972
1403638621.0778295994 4.34766 -0.61808 0.38196 0.11060 0.80206 -0.16642 0.56282
1403638621.1778295040 4.37686 -0.69776 0.37204 0.10926 0.80084 -0.16461 0.56535
1403638621.2778294086 4.39953 -0.77375 0.36768 0.10950 0.79967 -0.16207 0.56770
1403638621.3778295517 4.42791 -0.85005 0.36899 0.11116 0.80055 -0.15904 0.56699
1403638621.4778294563 4.44895 -0.92090 0.36494 0.11170 0.79871 -0.15701 0.57003
1403638621.5778295994 4.47491 -0.99177 0.35550 0.11160 0.79655 -0.15495 0.57362
1403638621.6778295040 4.49650 -1.05781 0.34157 0.11117 0.79559 -0.15394 0.57530
1403638621.7778294086 4.50870 -1.11614 0.32349 0.11204 0.79394 -0.15271 0.57774
1403638621.8778295517 4.52473 -1.17678 0.30179 0.11380 0.79052 -0.15088 0.58255
1403638621.9778294563 4.53511 -1.23058 0.27746 0.11414 0.78799 -0.15025 0.58606
1403638622.0778295994 4.53252 -1.27043 0.24985 0.11262 0.78757 -0.15139 0.58663
1403638622.1778295040 4.53395 -1.31685 0.21832 0.10940 0.78855 -0.15329 0.58542
1403638622.2778294086 4.52889 -1.35699 0.19142 0.10653 0.78791 -0.15568 0.58618
1403638622.3778295517 4.51824 -1.39367 0.17195 0.10712 0.78890 -0.15620 0.58461
1403638622.4778294563 4.49409 -1.41737 0.16442 0.11068 0.78968 -0.15463 0.58331
1403638622.5778295994 4.47490 -1.45254 0.15942 0.11407 0.78947 -0.15329 0.58329
1403638622.6778295040 4.44431 -1.47008 0.16816 0.11786 0.78537 -0.15162 0.58848
1403638622.7778294086 4.41519 -1.49604 0.18293 0.12046 0.77419 -0.15027 0.60294
1403638622.8778295517 4.37666 -1.50567 0.20664 0.12206 0.76937 -0.14991 0.60885
1403638622.9778294563 4.33015 -1.51146 0.22645 0.12057 0.77315 -0.15233 0.60373
1403638623.0778295994 4.27715 -1.51785 0.23911 0.11692 0.77968 -0.15580 0.59511
1403638623.1778295040 4.21719 -1.51785 0.24662 0.11186 0.78361 -0.15956 0.58990
1403638623.2778294086 4.14710 -1.50567 0.24991 0.10878 0.78696 -0.16198 0.58534
1403638623.3778295517 4.07777 -1.50420 0.24812 0.10645 0.78956 -0.16371 0.58177
1403638623.4778294563 4.00086 -1.49097 0.24270 0.10715 0.79122 -0.16360 0.57942
1403638623.5778295994 3.92579 -1.48708 0.23867 0.10848 0.79136 -0.16289 0.57918
1403638623.6778295040 3.84368 -1.47774 0.24374 0.10997 0.79180 -0.16244 0.57842
1403638623.7778294086 3.76098 -1.47262 0.25413 0.11218 0.79282 -0.16219 0.57667
1403638623.8778295517 3.67383 -1.46487 0.26926 0.11358 0.79395 -0.16228 0.57481
1403638623.9778294563 3.58138 -1.45279 0.28349 0.11525 0.79505 -0.16284 0.57279
1403638624.0778295994 3.48996 -1.44269 0.29222 0.11360 0.79536 -0.16561 0.57190
1403638624.1778295040 3.39637 -1.42904 0.29717 0.11127 0.79521 -0.16824 0.57180
1403638624.2778294086 3.30180 -1.41718 0.29520 0.10924 0.79488 -0.17090 0.57186
1403638624.3778295517 3.20773 -1.40559 0.29020 0.10887 0.79438 -0.17267 0.57209
1403638624.4778294563 3.11271 -1.39442 0.28386 0.11037 0.79414 -0.17306 0.57202
1403638624.5778295994 3.01553 -1.38358 0.27050 0.10574 0.78582 -0.17791 0.58280
1403638624.6778295040 2.91575 -1.37359 0.25520 0.10741 0.78153 -0.17568 0.58891
1403638624.7778294086 2.81271 -1.36425 0.24466 0.11233 0.78741 -0.16587 0.58297
1403638624.8778295517 2.70423 -1.35164 0.24016 0.11375 0.79347 -0.15761 0.57674
1403638624.9778294563 2.59975 -1.33907 0.24432 0.10654 0.79664 -0.15558 0.57428
1403638625.0778295994 2.49387 -1.32606 0.24997 0.09898 0.79761 -0.15468 0.57453
1403638625.1778295040 2.38389 -1.31142 0.24967 0.09265 0.79850 -0.15490 0.57430
1403638625.2778294086 2.27899 -1.30111 0.24640 0.09066 0.79932 -0.15334 0.57389
1403638625.3778295517 2.16934 -1.28968 0.24115 0.08954 0.79946 -0.15233 0.57414
1403638625.4778294563 2.06436 -1.28291 0.24241 0.08855 0.79890 -0.15198 0.57517
1403638625.5778295994 1.95507 -1.27445 0.24872 0.08922 0.79945 -0.15128 0.57448
1403638625.6778295040 1.84773 -1.26827 0.26269 0.08936 0.80109 -0.15121 0.57220
1403638625.7778294086 1.74166 -1.26366 0.28072 0.08820 0.80562 -0.15233 0.56568
1403638625.8778295517 1.63506 -1.25920 0.29195 0.08844 0.80825 -0.15272 0.56178
1403638625.9778294563 1.53089 -1.25771 0.29947 0.08953 0.80867 -0.15289 0.56095
1403638626.0778295994 1.42912 -1.25750 0.30053 0.08800 0.80995 -0.15469 0.55885
1403638626.1778295040 1.33381 -1.25817 0.29574 0.08825 0.81033 -0.15513 0.55813
1403638626.2778294086 1.23761 -1.26234 0.28769 0.09121 0.80886 -0.15374 0.56017
1403638626.3778295517 1.14095 -1.26520 0.27674 0.09913 0.80697 -0.14851 0.56295
1403638626.4778294563 1.04992 -1.26963 0.26228 0.10156 0.80573 -0.14632 0.56486
1403638626.5778295994 0.95660 -1.27022 0.24692 0.10226 0.80806 -0.14545 0.56163
1403638626.6778295040 0.86994 -1.27260 0.23221 0.10103 0.80996 -0.14585 0.55900
1403638626.7778294086 0.78680 -1.27310 0.22107 0.09844 0.81385 -0.14760 0.55332
1403638626.8778295517 0.70823 -1.27209 0.21796 0.09795 0.81655 -0.14744 0.54947
1403638626.9778294563 0.63690 -1.27136 0.22035 0.09730 0.81743 -0.14760 0.54824
1403638627.0778295994 0.57026 -1.27334 0.22252 0.09663 0.81753 -0.14721 0.54831
1403638627.1778295040 0.50845 -1.27381 0.21670 0.09592 0.81742 -0.14714 0.54861
1403638627.2778294086 0.45220 -1.27762 0.21133 0.09723 0.81744 -0.14580 0.54871
1403638627.3778295517 0.40062 -1.28108 0.20299 0.09927 0.81685 -0.14392 0.54972
1403638627.4778294563 0.35426 -1.28457 0.19131 0.09947 0.81724 -0.14362 0.54918
1403638627.5778295994 0.31286 -1.28776 0.17766 0.10072 0.81608 -0.14321 0.55078
1403638627.6778295040 0.27987 -1.28726 0.15701 0.10279 0.81305 -0.14244 0.55506
1403638627.7778294086 0.24737 -1.28948 0.14209 0.10452 0.81118 -0.14155 0.55769
1403638627.8778295517 0.21790 -1.28951 0.12534 0.10545 0.81051 -0.14156 0.55849
1403638627.9778294563 0.18977 -1.28855 0.10849 0.10584 0.81246 -0.14166 0.55556
1403638628.0778295994 0.17312 -1.28300 0.08550 0.10683 0.81354 -0.14191 0.55372
1403638628.1778295040 0.15036 -1.27908 0.07307 0.10791 0.81411 -0.14242 0.55253
1403638628.2778294086 0.13341 -1.27344 0.06107 0.10806 0.81433 -0.14311 0.55200
1403638628.3778295517 0.12909 -1.26378 0.04643 0.10675 0.81486 -0.14466 0.55107
1403638628.4778294563 0.11897 -1.25609 0.04042 0.10080 0.81206 -0.14930 0.55507
1403638628.5778295994 0.11369 -1.24791 0.03762 0.09274 0.80488 -0.15500 0.56528
1403638628.6778295040 0.10786 -1.24068 0.03645 0.08719 0.80081 -0.15901 0.57080
1403638628.7778294086 0.11942 -1.23131 0.03052 0.08899 0.80196 -0.15834 0.56909
1403638628.8778295517 0.10874 -1.22926 0.02083 0.09341 0.80257 -0.15558 0.56829
1403638628.9778294563 0.10115 -1.22799 0.00878 0.09829 0.80324 -0.15266 0.56731
1403638629.0778295994 0.09101 -1.22658 -0.00084 0.10304 0.80440 -0.14924 0.56573
1403638629.1778295040 0.09576 -1.21471 -0.00156 0.10547 0.80559 -0.14732 0.56409
1403638629.2778294086 0.08450 -1.21046 -0.00690 0.10605 0.80591 -0.14653 0.56373
1403638629.3778295517 0.07300 -1.20208 -0.00799 0.10694 0.80900 -0.14669 0.55907
1403638629.4778294563 0.06852 -1.19488 -0.00853 0.10554 0.81347 -0.14845 0.55235
1403638629.5778295994 0.07297 -1.18747 -0.00648 0.10202 0.81646 -0.15128 0.54782
1403638629.6778295040 0.08044 -1.18140 -0.00400 0.09106 0.81433 -0.15964 0.55053
1403638629.7778294086 0.08811 -1.17698 -0.00087 0.08437 0.80870 -0.16501 0.55826
1403638629.8778295517 0.09495 -1.17556 -0.00124 0.08278 0.80228 -0.16673 0.56719
1403638629.9778294563 0.10001 -1.17779 -0.00976 0.09375 0.79672 -0.15997 0.57521
1403638630.0778295994 0.10140 -1.18091 -0.02835 0.10278 0.79312 -0.15389 0.58027
1403638630.1778295040 0.10099 -1.18258 -0.05703 0.10717 0.79588 -0.15046 0.57658
1403638630.2778294086 0.09559 -1.18348 -0.09106 0.10805 0.80044 -0.14973 0.57027
1403638630.3778295517 0.09619 -1.18095 -0.11709 0.10419 0.81987 -0.15059 0.54248
1403638630.4778294563 0.10712 -1.18038 -0.10602 0.10366 0.80183 -0.14903 0.56931
1403638630.5778295994 0.11614 -1.18012 -0.10758 0.10328 0.80112 -0.15015 0.57008
1403638630.6778295040 0.12197 -1.18024 -0.13002 0.10073 0.82008 -0.14706 0.54378
1403638630.7778294086 0.12003 -1.18697 -0.13240 0.10343 0.82689 -0.14124 0.53442
1403638630.8778295517 0.11130 -1.18845 -0.13745 0.09865 0.82555 -0.14228 0.53711
1403638630.9778294563 0.10447 -1.18964 -0.14067 0.09885 0.82541 -0.14254 0.53722
1403638631.0778295994 0.09506 -1.19079 -0.14459 0.09953 0.82548 -0.14206 0.53712
1403638631.1778295040 0.08591 -1.19237 -0.14840 0.09946 0.82551 -0.14229 0.53702
1403638631.2778294086 0.07586 -1.19396 -0.15194 0.09935 0.82558 -0.14228 0.53694
1403638631.3778295517 0.06572 -1.19583 -0.15525 0.09910 0.82565 -0.14246 0.53683
1403638631.4778294563 0.05557 -1.19793 -0.15840 0.09886 0.82559 -0.14275 0.53689
1403638631.5778295994 0.04484 -1.20031 -0.16167 0.09876 0.82557 -0.14283 0.53692
1403638631.6778295040 0.03430 -1.20309 -0.16478 0.09844 0.82557 -0.14323 0.53687
