1403638523.0778295994 0.02332 0.00429 0.35129 -0.07307 0.80689 0.01804 0.58588
1403638523.1778295040 0.02946 -0.00046 0.38321 -0.07266 0.80696 0.01845 0.58583
1403638523.2778294086 0.02890 -0.00899 0.37946 -0.06371 0.80481 0.01837 0.58981
1403638523.3778295517 0.02863 -0.01454 0.35055 -0.05929 0.80383 0.01747 0.59164
1403638523.4778294563 0.02697 -0.02105 0.30786 -0.05466 0.80754 0.02005 0.58693
1403638523.5778295994 0.02248 -0.02825 0.25781 -0.04768 0.81679 0.02439 0.57444
1403638523.6778295040 0.01665 -0.03490 0.20722 -0.04079 0.82618 0.02735 0.56126
1403638523.7778294086 0.01084 -0.04064 0.15834 -0.03720 0.83075 0.03030 0.55458
1403638523.8778295517 0.00424 -0.04534 0.11397 -0.03398 0.83134 0.03325 0.55373
1403638523.9778294563 -0.00225 -0.04827 0.08088 -0.02480 0.83136 0.03932 0.55379
1403638524.0778295994 -0.00530 -0.04951 0.06788 -0.01796 0.83440 0.04778 0.54879
1403638524.1778295040 -0.00556 -0.04715 0.08740 -0.01854 0.83892 0.05271 0.54138
1403638524.2778294086 -0.00424 -0.04668 0.13160 -0.02500 0.83983 0.05394 0.53958
1403638524.3778295517 -0.00007 -0.04627 0.18657 -0.03459 0.83700 0.05252 0.54358
1403638524.4778294563 0.00655 -0.04552 0.24715 -0.04173 0.83036 0.05084 0.55333
1403638524.5778295994 0.01484 -0.04363 0.30721 -0.04501 0.82148 0.04954 0.56630
1403638524.6778295040 0.02367 -0.04100 0.36133 -0.04110 0.81500 0.04409 0.57632
1403638524.7778294086 0.03058 -0.03697 0.40219 -0.02846 0.81115 0.03902 0.58284
1403638524.8778295517 0.03542 -0.03282 0.42824 -0.02474 0.80960 0.03630 0.58534
1403638524.9778294563 0.03712 -0.02986 0.43799 -0.03136 0.80799 0.03862 0.58709
1403638525.0778295994 0.03796 -0.02871 0.42564 -0.02926 0.80523 0.04213 0.59074
1403638525.1778295040 0.03908 -0.02789 0.39215 -0.02713 0.80370 0.04678 0.59257
1403638525.2778294086 0.03752 -0.02923 0.34658 -0.02737 0.80629 0.05182 0.58861
1403638525.3778295517 0.03606 -0.02997 0.29312 -0.03006 0.81512 0.05690 0.57571
1403638525.4778294563 0.03256 -0.03003 0.24128 -0.03862 0.82730 0.05890 0.55733
1403638525.5778295994 0.02820 -0.03196 0.19625 -0.04493 0.83631 0.05851 0.54328
1403638525.6778295040 0.02582 -0.03417 0.15845 -0.04590 0.83921 0.05551 0.53901
1403638525.7778294086 0.02544 -0.03406 0.12827 -0.04296 0.83767 0.04953 0.54223
1403638525.8778295517 0.02484 -0.03492 0.10627 -0.03598 0.83402 0.04512 0.54871
1403638525.9778294563 0.02048 -0.04258 0.09426 -0.02759 0.83257 0.04389 0.55149
1403638526.0778295994 0.01731 -0.06222 0.09278 -0.02320 0.83414 0.04172 0.54949
1403638526.1778295040 0.01489 -0.09152 0.10032 -0.02139 0.83653 0.03261 0.54653
1403638526.2778294086 0.01096 -0.12737 0.11367 -0.01796 0.83560 0.02353 0.54854
1403638526.3778295517 0.00426 -0.16752 0.12819 -0.01566 0.83145 0.01480 0.55518
1403638526.4778294563 -0.00484 -0.21185 0.14073 -0.01439 0.82635 0.00368 0.56297
1403638526.5778295994 -0.01495 -0.26167 0.14922 -0.01307 0.82103 -0.00740 0.57069
1403638526.6778295040 -0.02685 -0.32026 0.15598 -0.00880 0.81589 -0.01576 0.57793
1403638526.7778294086 -0.04165 -0.38414 0.16113 -0.00049 0.81279 -0.02118 0.58217
1403638526.8778295517 -0.05847 -0.44867 0.16461 0.00741 0.81201 -0.02433 0.58308
1403638526.9778294563 -0.07556 -0.51034 0.16767 0.01166 0.81506 -0.03065 0.57845
1403638527.0778295994 -0.09019 -0.56827 0.17128 0.01932 0.81955 -0.04372 0.57100
1403638527.1778295040 -0.10134 -0.61990 0.17688 0.02703 0.82132 -0.05885 0.56677
1403638527.2778294086 -0.10800 -0.66018 0.18351 0.03848 0.81838 -0.07260 0.56878
1403638527.3778295517 -0.10917 -0.68334 0.18965 0.05384 0.81322 -0.08135 0.57372
1403638527.4778294563 -0.10529 -0.68551 0.19311 0.06408 0.80958 -0.08573 0.57717
1403638527.5778295994 -0.09633 -0.66635 0.19355 0.06701 0.80889 -0.08686 0.57763
1403638527.6778295040 -0.08252 -0.62704 0.19100 0.06526 0.80941 -0.08322 0.57764
1403638527.7778294086 -0.06802 -0.58093 0.19093 0.05961 0.81080 -0.07583 0.57732
1403638527.8778295517 -0.05245 -0.52677 0.19346 0.04552 0.81397 -0.07080 0.57478
1403638527.9778294563 -0.03364 -0.46743 0.19638 0.03517 0.81487 -0.06571 0.57483
1403638528.0778295994 -0.01375 -0.40849 0.19794 0.02805 0.81365 -0.05800 0.57777
1403638528.1778295040 0.00572 -0.35344 0.19522 0.01785 0.81405 -0.04869 0.57847
1403638528.2778294086 0.02905 -0.30490 0.19040 0.00491 0.81543 -0.03769 0.57760
1403638528.3778295517 0.05878 -0.26815 0.18431 -0.00272 0.81501 -0.02924 0.57870
1403638528.4778294563 0.09329 -0.24250 0.17921 -0.00166 0.81422 -0.02560 0.57999
1403638528.5778295994 0.12838 -0.22305 0.17660 -0.00062 0.81620 -0.02974 0.57700
1403638528.6778295040 0.16259 -0.20940 0.17695 -0.00220 0.81759 -0.03705 0.57460
1403638528.7778294086 0.19231 -0.20099 0.18045 0.00243 0.81685 -0.04196 0.57531
1403638528.8778295517 0.20697 -0.19345 0.18773 -0.00163 0.81600 -0.04930 0.57595
1403638528.9778294563 0.20819 -0.18163 0.20151 -0.00852 0.81599 -0.05589 0.57529
1403638529.0778295994 0.18993 -0.17333 0.21841 -0.00759 0.81709 -0.05700 0.57363
1403638529.1778295040 0.16207 -0.15643 0.22833 0.00920 0.81821 -0.05003 0.57267
1403638529.2778294086 0.12770 -0.13540 0.22725 0.02077 0.82030 -0.04394 0.56986
1403638529.3778295517 0.09206 -0.10880 0.21595 0.02507 0.82575 -0.03957 0.56208
1403638529.4778294563 0.06139 -0.08814 0.19485 0.02383 0.83603 -0.03698 0.54692
1403638529.5778295994 0.03707 -0.07319 0.16986 0.02167 0.84639 -0.03398 0.53104
1403638529.6778295040 0.01665 -0.06566 0.14564 0.02290 0.85037 -0.03084 0.52479
1403638529.7778294086 0.00569 -0.05835 0.12275 0.02208 0.84690 -0.03008 0.53044
1403638529.8778295517 0.00117 -0.05124 0.10175 0.02060 0.84061 -0.03118 0.54035
1403638529.9778294563 -0.00256 -0.04501 0.08691 0.02026 0.83804 -0.03144 0.54433
1403638530.0778295994 0.00458 -0.04275 0.07562 0.02114 0.83949 -0.03212 0.54201
1403638530.1778295040 0.01758 -0.04297 0.06580 0.02249 0.84127 -0.03678 0.53889
1403638530.2778294086 0.03262 -0.04434 0.05566 0.02499 0.84091 -0.04309 0.53887
1403638530.3778295517 0.04607 -0.04758 0.04570 0.02783 0.84034 -0.04856 0.53917
1403638530.4778294563 0.05790 -0.05129 0.03820 0.02844 0.84013 -0.05272 0.53906
1403638530.5778295994 0.06574 -0.05555 0.03263 0.02806 0.84015 -0.05632 0.53869
1403638530.6778295040 0.06996 -0.05897 0.02776 0.02962 0.84313 -0.05878 0.53366
1403638530.7778294086 0.07300 -0.06113 0.02237 0.03008 0.84656 -0.06057 0.52799
1403638530.8778295517 0.07525 -0.06243 0.01784 0.02853 0.84720 -0.06022 0.52708
1403638530.9778294563 0.07644 -0.06284 0.01481 0.02767 0.84498 -0.06054 0.53064
1403638531.0778295994 0.07648 -0.06256 0.01289 0.02877 0.84155 -0.05949 0.53613
1403638531.1778295040 0.07633 -0.06095 0.01358 0.02983 0.83937 -0.05771 0.53966
1403638531.2778294086 0.07667 -0.05997 0.01213 0.03295 0.83818 -0.05663 0.54144
1403638531.3778295517 0.07654 -0.05925 0.01176 0.03320 0.83692 -0.05710 0.54332
1403638531.4778294563 0.07635 -0.05970 0.01188 0.03366 0.83588 -0.05772 0.54483
1403638531.5778295994 0.07616 -0.05983 0.01175 0.03454 0.83621 -0.05684 0.54435
1403638531.6778295040 0.07614 -0.05968 0.01164 0.03409 0.83631 -0.05765 0.54415
1403638531.7778294086 0.07621 -0.05981 0.01164 0.03472 0.83625 -0.05795 0.54416
1403638531.8778295517 0.07615 -0.05989 0.01161 0.03517 0.83631 -0.05807 0.54404
1403638531.9778294563 0.07618 -0.06001 0.01158 0.03568 0.83630 -0.05832 0.54399
1403638532.0778295994 0.07616 -0.06008 0.01155 0.03612 0.83629 -0.05841 0.54396
1403638532.1778295040 0.07617 -0.06011 0.01153 0.03634 0.83628 -0.05868 0.54394
1403638532.2778294086 0.07618 -0.06014 0.01153 0.03648 0.83626 -0.05905 0.54392
1403638532.3778295517 0.07617 -0.06017 0.01151 0.03664 0.83623 -0.05925 0.54393
1403638532.4778294563 0.07618 -0.06023 0.01151 0.03682 0.83620 -0.05952 0.54394
1403638532.5778295994 0.07617 -0.06027 0.01148 0.03706 0.83620 -0.05972 0.54390
1403638532.6778295040 0.07621 -0.06035 0.01150 0.03734 0.83617 -0.05989 0.54391
1403638532.7778294086 0.07617 -0.06040 0.01149 0.03764 0.83618 -0.05993 0.54387
1403638532.8778295517 0.07618 -0.06044 0.01149 0.03789 0.83616 -0.06008 0.54386
1403638532.9778294563 0.07619 -0.06049 0.01150 0.03806 0.83613 -0.06022 0.54389
1403638533.0778295994 0.07617 -0.06053 0.01148 0.03823 0.83612 -0.06037 0.54388
1403638533.1778295040 0.07619 -0.06057 0.01148 0.03837 0.83607 -0.06055 0.54392
1403638533.2778294086 0.07618 -0.06061 0.01147 0.03850 0.83604 -0.06069 0.54395
1403638533.3778295517 0.07619 -0.06064 0.01147 0.03870 0.83601 -0.06077 0.54396
1403638533.4778294563 0.07621 -0.06068 0.01147 0.03880 0.83599 -0.06087 0.54397
1403638533.5778295994 0.07619 -0.06070 0.01146 0.03889 0.83598 -0.06100 0.54398
1403638533.6778295040 0.07621 -0.06073 0.01146 0.03897 0.83594 -0.06116 0.54401
1403638533.7778294086 0.07620 -0.06075 0.01145 0.03909 0.83591 -0.06129 0.54404
1403638533.8778295517 0.07622 -0.06074 0.01144 0.03894 0.83593 -0.06109 0.54403
1403638533.9778294563 0.07627 -0.06082 0.01143 0.03915 0.83592 -0.06139 0.54400
1403638534.0778295994 0.07619 -0.06085 0.01142 0.03964 0.83582 -0.06191 0.54405
1403638534.1778295040 0.07621 -0.06088 0.01145 0.03935 0.83583 -0.06180 0.54408
1403638534.2778294086 0.07621 -0.06083 0.01148 0.03913 0.83590 -0.06169 0.54400
1403638534.3778295517 0.07623 -0.06083 0.01148 0.03920 0.83587 -0.06176 0.54403
1403638534.4778294563 0.07625 -0.06090 0.01144 0.03939 0.83587 -0.06208 0.54397
1403638534.5778295994 0.07625 -0.06089 0.01144 0.03926 0.83596 -0.06182 0.54389
1403638534.6778295040 0.07628 -0.06086 0.01146 0.03905 0.83597 -0.06165 0.54391
1403638534.7778294086 0.07627 -0.06091 0.01147 0.03914 0.83596 -0.06155 0.54392
1403638534.8778295517 0.07626 -0.06096 0.01146 0.03943 0.83590 -0.06177 0.54398
1403638534.9778294563 0.07624 -0.06101 0.01146 0.03952 0.83591 -0.06188 0.54394
1403638535.0778295994 0.07624 -0.06101 0.01146 0.03939 0.83595 -0.06188 0.54387
1403638535.1778295040 0.07625 -0.06101 0.01145 0.03929 0.83591 -0.06191 0.54394
1403638535.2778294086 0.07624 -0.06101 0.01145 0.03920 0.83590 -0.06189 0.54398
1403638535.3778295517 0.07624 -0.06101 0.01148 0.03922 0.83588 -0.06190 0.54400
1403638535.4778294563 0.07625 -0.06102 0.01148 0.03929 0.83587 -0.06194 0.54400
1403638535.5778295994 0.07627 -0.06101 0.01150 0.03923 0.83588 -0.06188 0.54401
1403638535.6778295040 0.07629 -0.06100 0.01149 0.03914 0.83585 -0.06192 0.54404
1403638535.7778294086 0.07627 -0.06101 0.01148 0.03915 0.83581 -0.06192 0.54410
1403638535.8778295517 0.07628 -0.06101 0.01149 0.03902 0.83581 -0.06186 0.54413
1403638535.9778294563 0.07627 -0.06101 0.01150 0.03894 0.83584 -0.06187 0.54409
1403638536.0778295994 0.07629 -0.06102 0.01149 0.03888 0.83577 -0.06197 0.54418
1403638536.1778295040 0.07630 -0.06102 0.01150 0.03883 0.83574 -0.06199 0.54423
1403638536.2778294086 0.07631 -0.06102 0.01151 0.03881 0.83573 -0.06192 0.54426
1403638536.3778295517 0.07633 -0.06102 0.01152 0.03875 0.83567 -0.06190 0.54435
1403638536.4778294563 0.07633 -0.06101 0.01152 0.03868 0.83564 -0.06184 0.54441
1403638536.5778295994 0.07634 -0.06101 0.01153 0.03852 0.83563 -0.06182 0.54444
1403638536.6778295040 0.07634 -0.06100 0.01153 0.03845 0.83561 -0.06177 0.54449
1403638536.7778294086 0.07632 -0.06099 0.01152 0.03845 0.83554 -0.06181 0.54458
1403638536.8778295517 0.07633 -0.06098 0.01151 0.03832 0.83546 -0.06188 0.54471
1403638536.9778294563 0.07633 -0.06098 0.01152 0.03822 0.83546 -0.06193 0.54471
1403638537.0778295994 0.07636 -0.06096 0.01154 0.03818 0.83544 -0.06183 0.54476
1403638537.1778295040 0.07637 -0.06095 0.01156 0.03827 0.83537 -0.06180 0.54487
1403638537.2778294086 0.07638 -0.06094 0.01159 0.03834 0.83536 -0.06172 0.54488
1403638537.3778295517 0.07640 -0.06094 0.01159 0.03824 0.83532 -0.06166 0.54495
1403638537.4778294563 0.07642 -0.06092 0.01160 0.03811 0.83528 -0.06161 0.54503
1403638537.5778295994 0.07641 -0.06091 0.01164 0.03807 0.83528 -0.06148 0.54505
1403638537.6778295040 0.07642 -0.06091 0.01169 0.03807 0.83527 -0.06142 0.54507
1403638537.7778294086 0.07641 -0.06089 0.01170 0.03796 0.83520 -0.06139 0.54519
1403638537.8778295517 0.07648 -0.06088 0.01173 0.03797 0.83519 -0.06123 0.54522
1403638537.9778294563 0.07647 -0.06086 0.01176 0.03792 0.83513 -0.06128 0.54531
1403638538.0778295994 0.07646 -0.06083 0.01179 0.03782 0.83507 -0.06122 0.54541
1403638538.1778295040 0.07646 -0.06084 0.01181 0.03779 0.83501 -0.06117 0.54552
1403638538.2778294086 0.07659 -0.06080 0.01181 0.03768 0.83498 -0.06101 0.54560
1403638538.3778295517 0.07653 -0.06081 0.01186 0.03776 0.83489 -0.06092 0.54572
1403638538.4778294563 0.07650 -0.06080 0.01193 0.03767 0.83487 -0.06085 0.54578
1403638538.5778295994 0.07652 -0.06080 0.01199 0.03788 0.83478 -0.06087 0.54589
1403638538.6778295040 0.07652 -0.06078 0.01204 0.03769 0.83455 -0.06093 0.54626
1403638538.7778294086 0.07662 -0.06084 0.01238 0.03752 0.83372 -0.06074 0.54755
1403638538.8778295517 0.07801 -0.06044 0.01280 0.03676 0.83265 -0.06017 0.54929
1403638538.9778294563 0.08128 -0.06036 0.01538 0.03767 0.82785 -0.05951 0.55652
1403638539.0778295994 0.08579 -0.06037 0.01888 0.03933 0.82216 -0.06090 0.56462
1403638539.1778295040 0.09365 -0.06042 0.02662 0.03871 0.81677 -0.06128 0.57240
1403638539.2778294086 0.10253 -0.06052 0.04210 0.03857 0.81295 -0.06043 0.57790
1403638539.3778295517 0.11077 -0.06074 0.06540 0.03815 0.81376 -0.05978 0.57686
1403638539.4778294563 0.11963 -0.06157 0.09502 0.03772 0.81569 -0.05862 0.57427
1403638539.5778295994 0.12929 -0.06298 0.12745 0.03730 0.81652 -0.05714 0.57327
1403638539.6778295040 0.13980 -0.06446 0.15482 0.03553 0.81699 -0.05655 0.57277
1403638539.7778294086 0.14939 -0.06537 0.17141 0.03582 0.81816 -0.05463 0.57126
1403638539.8778295517 0.16056 -0.06638 0.18092 0.03483 0.82066 -0.05395 0.56780
1403638539.9778294563 0.17478 -0.06726 0.18915 0.03299 0.82520 -0.05358 0.56133
1403638540.0778295994 0.19534 -0.06779 0.19582 0.03266 0.83109 -0.05329 0.55261
1403638540.1778295040 0.22089 -0.06853 0.20257 0.03230 0.83504 -0.05295 0.54669
1403638540.2778294086 0.25389 -0.06778 0.21781 0.03280 0.83078 -0.05157 0.55323
1403638540.3778295517 0.29162 -0.06942 0.22622 0.03346 0.82463 -0.04951 0.56251
1403638540.4778294563 0.33396 -0.06985 0.23372 0.03027 0.82230 -0.04346 0.56659
1403638540.5778295994 0.38086 -0.06945 0.23907 0.02304 0.82253 -0.03191 0.56736
1403638540.6778295040 0.43001 -0.06862 0.24454 0.01477 0.82269 -0.01465 0.56811
1403638540.7778294086 0.48095 -0.06575 0.24925 0.00696 0.82182 0.00940 0.56962
1403638540.8778295517 0.53303 -0.05985 0.25224 -0.00322 0.82113 0.03746 0.56950
1403638540.9778294563 0.58536 -0.04892 0.25346 -0.01681 0.81957 0.06380 0.56917
1403638541.0778295994 0.63816 -0.03392 0.25245 -0.03047 0.81737 0.08333 0.56924
1403638541.1778295040 0.69234 -0.01515 0.24596 -0.04018 0.81560 0.09664 0.56908
1403638541.2778294086 0.74659 0.00731 0.23760 -0.04534 0.81479 0.10544 0.56828
1403638541.3778295517 0.80119 0.03425 0.23760 -0.04842 0.81462 0.10907 0.56758
1403638541.4778294563 0.85506 0.06570 0.24350 -0.04967 0.81444 0.10931 0.56769
1403638541.5778295994 0.90722 0.10408 0.25565 -0.04896 0.81302 0.10986 0.56968
1403638541.6778295040 0.96287 0.14809 0.27630 -0.05316 0.81131 0.11283 0.57116
1403638541.7778294086 1.01590 0.19884 0.30210 -0.06297 0.80998 0.11841 0.57092
1403638541.8778295517 1.06699 0.25215 0.33651 -0.07479 0.80859 0.12729 0.56955
1403638541.9778294563 1.11641 0.30827 0.36848 -0.08634 0.80755 0.14153 0.56602
1403638542.0778295994 1.16410 0.36647 0.39384 -0.10004 0.80549 0.15848 0.56219
1403638542.1778295040 1.21018 0.42587 0.41278 -0.11517 0.80170 0.17834 0.55876
1403638542.2778294086 1.25549 0.48722 0.42542 -0.12982 0.79779 0.20162 0.55320
1403638542.3778295517 1.30088 0.54918 0.43490 -0.14340 0.79011 0.22341 0.55249
1403638542.4778294563 1.34452 0.61006 0.44193 -0.14966 0.77650 0.24376 0.56145
1403638542.5778295994 1.38607 0.67119 0.44585 -0.14600 0.76439 0.26234 0.57059
1403638542.6778295040 1.42185 0.73574 0.45150 -0.14689 0.76094 0.27188 0.57050
1403638542.7778294086 1.45038 0.80464 0.46337 -0.15616 0.76509 0.27101 0.56286
1403638542.8778295517 1.47339 0.87833 0.48199 -0.16303 0.77051 0.26802 0.55488
1403638542.9778294563 1.49217 0.95408 0.50712 -0.16719 0.77518 0.26491 0.54861
1403638543.0778295994 1.50812 1.03016 0.53446 -0.16988 0.77884 0.26181 0.54406
1403638543.1778295040 1.52325 1.10831 0.55725 -0.16999 0.78015 0.25932 0.54334
1403638543.2778294086 1.53916 1.18594 0.57531 -0.17012 0.78058 0.25691 0.54383
1403638543.3778295517 1.55448 1.26619 0.58617 -0.16947 0.78178 0.25593 0.54276
1403638543.4778294563 1.57049 1.34810 0.59410 -0.17171 0.78079 0.26037 0.54138
1403638543.5778295994 1.58468 1.42758 0.60107 -0.17692 0.77781 0.27155 0.53849
1403638543.6778295040 1.59819 1.50966 0.60381 -0.18388 0.77215 0.28928 0.53507
1403638543.7778294086 1.60945 1.59246 0.60862 -0.19420 0.76405 0.31075 0.53099
1403638543.8778295517 1.61919 1.67137 0.62083 -0.20615 0.75388 0.33356 0.52716
1403638543.9778294563 1.63062 1.75516 0.63962 -0.22045 0.74530 0.35221 0.52142
1403638544.0778295994 1.64175 1.83814 0.66163 -0.23559 0.74124 0.36383 0.51253
1403638544.1778295040 1.65486 1.92240 0.68283 -0.24623 0.73809 0.37064 0.50717
1403638544.2778294086 1.66976 2.01147 0.69794 -0.25320 0.73548 0.37420 0.50491
1403638544.3778295517 1.68494 2.09727 0.70654 -0.25501 0.73476 0.37696 0.50298
1403638544.4778294563 1.70240 2.18575 0.71348 -0.25429 0.73530 0.37820 0.50164
1403638544.5778295994 1.72064 2.27865 0.71892 -0.25618 0.73266 0.37735 0.50517
1403638544.6778295040 1.74006 2.37183 0.73316 -0.26131 0.72619 0.37671 0.51231
1403638544.7778294086 1.75782 2.46285 0.74823 -0.26264 0.72537 0.37769 0.51207
1403638544.8778295517 1.77512 2.55342 0.76501 -0.26073 0.72861 0.38006 0.50665
1403638544.9778294563 1.79235 2.64299 0.77359 -0.26094 0.72945 0.38080 0.50478
1403638545.0778295994 1.80967 2.73197 0.77694 -0.26254 0.72820 0.38078 0.50577
1403638545.1778295040 1.82422 2.81799 0.77742 -0.26253 0.72774 0.38200 0.50552
1403638545.2778294086 1.84136 2.90585 0.76856 -0.26188 0.72710 0.38367 0.50551
1403638545.3778295517 1.85908 2.99245 0.75594 -0.26377 0.72443 0.38282 0.50899
1403638545.4778294563 1.87127 3.06772 0.74161 -0.26628 0.72421 0.38393 0.50717
1403638545.5778295994 1.88658 3.15526 0.72815 -0.27044 0.72196 0.39057 0.50309
1403638545.6778295040 1.89790 3.23224 0.72330 -0.27950 0.71621 0.40216 0.49718
1403638545.7778294086 1.90913 3.30815 0.72480 -0.28862 0.70820 0.41878 0.48967
1403638545.8778295517 1.92157 3.38681 0.73229 -0.29971 0.69732 0.43831 0.48146
1403638545.9778294563 1.93537 3.46699 0.74633 -0.30962 0.68464 0.46024 0.47284
1403638546.0778295994 1.95138 3.55207 0.76312 -0.31610 0.67252 0.47908 0.46721
1403638546.1778295040 1.96811 3.63872 0.77483 -0.32374 0.66373 0.49132 0.46180
1403638546.2778294086 1.98461 3.72946 0.77966 -0.32871 0.65896 0.49883 0.45704
1403638546.3778295517 2.00065 3.82221 0.77921 -0.33499 0.65741 0.50098 0.45233
1403638546.4778294563 2.01571 3.91568 0.77256 -0.33770 0.65704 0.50225 0.44944
1403638546.5778295994 2.03019 4.01150 0.76591 -0.33868 0.65500 0.50544 0.44811
1403638546.6778295040 2.04217 4.10720 0.76571 -0.34223 0.65016 0.51128 0.44584
1403638546.7778294086 2.05424 4.20812 0.77543 -0.34465 0.64558 0.51695 0.44408
1403638546.8778295517 2.06439 4.30943 0.79427 -0.34533 0.64190 0.52188 0.44312
1403638546.9778294563 2.07344 4.41406 0.81076 -0.34403 0.63859 0.52626 0.44373
1403638547.0778295994 2.08190 4.52055 0.82120 -0.34200 0.63611 0.52952 0.44498
1403638547.1778295040 2.08538 4.62963 0.82312 -0.33903 0.63406 0.53272 0.44637
1403638547.2778294086 2.08668 4.73842 0.82343 -0.33710 0.63267 0.53419 0.44803
1403638547.3778295517 2.07940 4.84649 0.81690 -0.34024 0.63413 0.53193 0.44627
1403638547.4778294563 2.07253 4.95797 0.81061 -0.34482 0.63732 0.52822 0.44262
1403638547.5778295994 2.06337 5.06955 0.79920 -0.34788 0.64080 0.52483 0.43922
1403638547.6778295040 2.04815 5.17603 0.77970 -0.34857 0.64198 0.52323 0.43886
1403638547.7778294086 2.03654 5.29130 0.75927 -0.34647 0.64138 0.52377 0.44075
1403638547.8778295517 2.01786 5.39652 0.73150 -0.34306 0.63843 0.52586 0.44519
1403638547.9778294563 2.00151 5.51580 0.70840 -0.34319 0.63832 0.52622 0.44482
1403638548.0778295994 1.97815 5.62624 0.68951 -0.34593 0.63782 0.52856 0.44062
1403638548.1778295040 1.95778 5.75666 0.68278 -0.35025 0.63407 0.53397 0.43607
1403638548.2778294086 1.93193 5.88307 0.68211 -0.35676 0.62766 0.54246 0.42954
1403638548.3778295517 1.90449 6.01362 0.69088 -0.36432 0.61818 0.55390 0.42227
1403638548.4778294563 1.87680 6.14136 0.70761 -0.37238 0.60851 0.56456 0.41510
1403638548.5778295994 1.84998 6.26804 0.72490 -0.37886 0.60052 0.57250 0.40997
1403638548.6778295040 1.82483 6.39174 0.73863 -0.38371 0.59494 0.57802 0.40584
1403638548.7778294086 1.80040 6.51924 0.74967 -0.38645 0.59100 0.58207 0.40320
1403638548.8778295517 1.77585 6.64703 0.76569 -0.38779 0.58879 0.58480 0.40120
1403638548.9778294563 1.75217 6.77184 0.78972 -0.38927 0.58766 0.58582 0.39991
1403638549.0778295994 1.72431 6.90362 0.81552 -0.38979 0.58738 0.58628 0.39915
1403638549.1778295040 1.69937 7.03066 0.84918 -0.39104 0.58727 0.58540 0.39939
1403638549.2778294086 1.67100 7.16406 0.88649 -0.39175 0.58813 0.58445 0.39880
1403638549.3778295517 1.64488 7.29815 0.92924 -0.39404 0.58961 0.58215 0.39773
1403638549.4778294563 1.61682 7.43430 0.96802 -0.39587 0.59106 0.58006 0.39682
1403638549.5778295994 1.59040 7.57352 1.00233 -0.39726 0.59111 0.57837 0.39782
1403638549.6778295040 1.56427 7.71243 1.03060 -0.39860 0.59060 0.57687 0.39941
1403638549.7778294086 1.54013 7.85175 1.06046 -0.39702 0.59075 0.57743 0.39996
1403638549.8778295517 1.51620 7.99100 1.09520 -0.39602 0.59225 0.57762 0.39845
1403638549.9778294563 1.49098 8.13793 1.14023 -0.39567 0.59312 0.57769 0.39740
1403638550.0778295994 1.46822 8.28449 1.19220 -0.39595 0.59345 0.57748 0.39693
1403638550.1778295040 1.44676 8.43081 1.25235 -0.39671 0.59389 0.57742 0.39561
1403638550.2778294086 1.42761 8.58168 1.31889 -0.39618 0.59345 0.57831 0.39550
1403638550.3778295517 1.40843 8.73040 1.38824 -0.39622 0.59241 0.57878 0.39633
1403638550.4778294563 1.39198 8.88326 1.45090 -0.39891 0.59300 0.57728 0.39493
1403638550.5778295994 1.37744 9.03224 1.50426 -0.40275 0.59363 0.57502 0.39337
1403638550.6778295040 1.36718 9.17697 1.55145 -0.40765 0.59198 0.57173 0.39560
1403638550.7778294086 1.36078 9.31896 1.59390 -0.41062 0.59119 0.56964 0.39674
1403638550.8778295517 1.35860 9.46137 1.63255 -0.41655 0.58739 0.56546 0.40214
1403638550.9778294563 1.35864 9.60446 1.66752 -0.42225 0.58320 0.56102 0.40846
1403638551.0778295994 1.36191 9.73368 1.69720 -0.42603 0.58066 0.55818 0.41203
1403638551.1778295040 1.36805 9.86067 1.72866 -0.43048 0.58110 0.55542 0.41051
1403638551.2778294086 1.37895 9.97865 1.76415 -0.43120 0.58281 0.55434 0.40879
1403638551.3778295517 1.39514 10.09185 1.80715 -0.42652 0.59049 0.55139 0.40666
1403638551.4778294563 1.41944 10.19162 1.84224 -0.41924 0.60304 0.54219 0.40818
1403638551.5778295994 1.44954 10.29320 1.87561 -0.41318 0.61821 0.52603 0.41279
1403638551.6778295040 1.48683 10.39293 1.90305 -0.40648 0.63528 0.50771 0.41643
1403638551.7778294086 1.53275 10.49200 1.92630 -0.39742 0.64952 0.48933 0.42513
1403638551.8778295517 1.58675 10.58637 1.94556 -0.38743 0.66018 0.47384 0.43536
1403638551.9778294563 1.64822 10.67305 1.96793 -0.37564 0.66356 0.46619 0.44861
1403638552.0778295994 1.71497 10.74849 1.99731 -0.36620 0.66506 0.46120 0.45922
1403638552.1778295040 1.78447 10.81367 2.03116 -0.36037 0.66994 0.45816 0.45977
1403638552.2778294086 1.85704 10.87445 2.07049 -0.35624 0.67390 0.45724 0.45813
1403638552.3778295517 1.93200 10.92969 2.10890 -0.35824 0.67494 0.45447 0.45780
1403638552.4778294563 2.01147 10.98227 2.14143 -0.36552 0.67131 0.44901 0.46274
1403638552.5778295994 2.09356 11.01937 2.16835 -0.37111 0.66761 0.44561 0.46691
1403638552.6778295040 2.17900 11.04939 2.18922 -0.37173 0.66529 0.44689 0.46850
1403638552.7778294086 2.26760 11.07016 2.20336 -0.37111 0.66463 0.44918 0.46774
1403638552.8778295517 2.36053 11.09024 2.21331 -0.36895 0.66323 0.45315 0.46761
1403638552.9778294563 2.45550 11.09594 2.21896 -0.36462 0.66082 0.45922 0.46849
1403638553.0778295994 2.55290 11.10384 2.21964 -0.36094 0.65852 0.46462 0.46925
1403638553.1778295040 2.65006 11.10150 2.21909 -0.36640 0.65468 0.46334 0.47166
1403638553.2778294086 2.74841 11.09825 2.21879 -0.37371 0.64896 0.46011 0.47696
1403638553.3778295517 2.84618 11.08189 2.22379 -0.37540 0.64373 0.46097 0.48187
1403638553.4778294563 2.94283 11.05643 2.23401 -0.37193 0.63821 0.46450 0.48846
1403638553.5778295994 3.03740 11.02034 2.24991 -0.36889 0.63387 0.46744 0.49358
1403638553.6778295040 3.12920 10.97139 2.26880 -0.36663 0.63292 0.46966 0.49439
1403638553.7778294086 3.21762 10.91133 2.29629 -0.36468 0.63343 0.47146 0.49346
1403638553.8778295517 3.29549 10.83945 2.32838 -0.36238 0.63523 0.47297 0.49139
1403638553.9778294563 3.37891 10.76650 2.36520 -0.36153 0.63835 0.47331 0.48763
1403638554.0778295994 3.44690 10.67906 2.39180 -0.35996 0.64164 0.47425 0.48355
1403638554.1778295040 3.52973 10.59867 2.42157 -0.35495 0.64459 0.47783 0.47978
1403638554.2778294086 3.59580 10.50466 2.43666 -0.34694 0.65042 0.48366 0.47186
1403638554.3778295517 3.67689 10.42251 2.45802 -0.34091 0.65368 0.48818 0.46707
1403638554.4778294563 3.75255 10.34077 2.47561 -0.33817 0.65511 0.49032 0.46482
1403638554.5778295994 3.82278 10.25885 2.48786 -0.33926 0.65599 0.48999 0.46313
1403638554.6778295040 3.88345 10.17016 2.49618 -0.34513 0.65826 0.48621 0.45953
1403638554.7778294086 3.95084 10.08867 2.51461 -0.35007 0.65892 0.48297 0.45827
1403638554.8778295517 4.01199 10.00168 2.53375 -0.35313 0.65908 0.48101 0.45776
1403638554.9778294563 4.07596 9.91553 2.55400 -0.35569 0.65979 0.47783 0.45808
1403638555.0778295994 4.14934 9.83687 2.57186 -0.35210 0.66300 0.47355 0.46067
1403638555.1778295040 4.21486 9.74721 2.57888 -0.34548 0.66911 0.46691 0.46361
1403638555.2778294086 4.29122 9.66655 2.58615 -0.33942 0.67537 0.45886 0.46704
1403638555.3778295517 4.36644 9.58215 2.58672 -0.33237 0.67858 0.45412 0.47206
1403638555.4778294563 4.44070 9.49673 2.58244 -0.32660 0.68069 0.45102 0.47600
1403638555.5778295994 4.51442 9.41063 2.57749 -0.32426 0.68204 0.44833 0.47820
1403638555.6778295040 4.58847 9.32346 2.57913 -0.32362 0.68380 0.44667 0.47767
1403638555.7778294086 4.66096 9.23503 2.59014 -0.32265 0.68499 0.44686 0.47645
1403638555.8778295517 4.73100 9.14296 2.60790 -0.32199 0.68497 0.44786 0.47598
1403638555.9778294563 4.80371 9.05799 2.63335 -0.32072 0.68366 0.44952 0.47716
1403638556.0778295994 4.87562 8.97103 2.66084 -0.31923 0.68373 0.45088 0.47677
1403638556.1778295040 4.94899 8.89138 2.68557 -0.31831 0.68806 0.45145 0.47057
1403638556.2778294086 5.02190 8.80770 2.70285 -0.31685 0.69130 0.45252 0.46576
1403638556.3778295517 5.09818 8.73511 2.71653 -0.31567 0.69337 0.45331 0.46271
1403638556.4778294563 5.17428 8.65723 2.72764 -0.31326 0.69644 0.45461 0.45844
1403638556.5778295994 5.25426 8.59716 2.73936 -0.31280 0.69936 0.45427 0.45464
1403638556.6778295040 5.33631 8.54389 2.75166 -0.32031 0.70189 0.44821 0.45151
1403638556.7778294086 5.42099 8.48002 2.77278 -0.32698 0.69868 0.44345 0.45637
1403638556.8778295517 5.51031 8.43274 2.80031 -0.33284 0.69716 0.43917 0.45861
1403638556.9778294563 5.60392 8.38843 2.83152 -0.33636 0.69566 0.43657 0.46078
1403638557.0778295994 5.70211 8.34483 2.85682 -0.33503 0.69413 0.43801 0.46270
1403638557.1778295040 5.80347 8.30191 2.87503 -0.33351 0.69246 0.43958 0.46481
1403638557.2778294086 5.90716 8.25893 2.88715 -0.33250 0.69132 0.44068 0.46618
1403638557.3778295517 6.01498 8.21495 2.89386 -0.33009 0.69003 0.44280 0.46778
1403638557.4778294563 6.12381 8.17139 2.90194 -0.32469 0.68694 0.44716 0.47195
1403638557.5778295994 6.23276 8.12714 2.91526 -0.32029 0.68450 0.45022 0.47558
1403638557.6778295040 6.34170 8.08271 2.93327 -0.31783 0.68331 0.45205 0.47720
1403638557.7778294086 6.44912 8.03938 2.95430 -0.31785 0.68299 0.45169 0.47798
1403638557.8778295517 6.55490 7.99565 2.96996 -0.31495 0.68295 0.45307 0.47866
1403638557.9778294563 6.66021 7.95206 2.98116 -0.31212 0.68420 0.45469 0.47719
1403638558.0778295994 6.76466 7.90985 2.98721 -0.31102 0.68798 0.45549 0.47168
1403638558.1778295040 6.86913 7.87003 2.99071 -0.30797 0.69381 0.45704 0.46356
1403638558.2778294086 6.97438 7.83559 2.99957 -0.30427 0.69797 0.45876 0.45804
1403638558.3778295517 7.08023 7.80961 3.01897 -0.29942 0.69932 0.46148 0.45645
1403638558.4778294563 7.18465 7.79060 3.04594 -0.29292 0.70300 0.46511 0.45129
1403638558.5778295994 7.28962 7.78132 3.08009 -0.29406 0.70559 0.46383 0.44782
1403638558.6778295040 7.39711 7.78149 3.11969 -0.30232 0.70635 0.45736 0.44776
1403638558.7778294086 7.50598 7.78581 3.15968 -0.31015 0.70607 0.45126 0.44904
1403638558.8778295517 7.62153 7.79737 3.19060 -0.31278 0.70478 0.44912 0.45138
1403638558.9778294563 7.74046 7.81286 3.21421 -0.31468 0.69995 0.44789 0.45874
1403638559.0778295994 7.86099 7.83087 3.22932 -0.31540 0.69544 0.44771 0.46523
1403638559.1778295040 7.98183 7.85187 3.23709 -0.31577 0.69199 0.44810 0.46972
1403638559.2778294086 8.10149 7.87457 3.23787 -0.31375 0.68913 0.45042 0.47306
1403638559.3778295517 8.22139 7.89748 3.23260 -0.31016 0.68680 0.45363 0.47573
1403638559.4778294563 8.33907 7.92168 3.22396 -0.30810 0.68444 0.45582 0.47837
1403638559.5778295994 8.45318 7.94643 3.21095 -0.30708 0.68224 0.45734 0.48072
1403638559.6778295040 8.56364 7.97326 3.19592 -0.30774 0.68117 0.45752 0.48165
1403638559.7778294086 8.66803 7.99871 3.18346 -0.30809 0.68030 0.45821 0.48200
1403638559.8778295517 8.77069 8.02921 3.17796 -0.30940 0.68106 0.45748 0.48077
1403638559.9778294563 8.86903 8.05771 3.17181 -0.30830 0.68463 0.45157 0.48199
1403638560.0778295994 8.97005 8.09156 3.16273 -0.30299 0.69255 0.43875 0.48586
1403638560.1778295040 9.06960 8.12402 3.14617 -0.29338 0.70233 0.42070 0.49363
1403638560.2778294086 9.16769 8.15756 3.12458 -0.28122 0.71322 0.39951 0.50262
1403638560.3778295517 9.26410 8.19015 3.10117 -0.27016 0.72112 0.37521 0.51596
1403638560.4778294563 9.35692 8.22089 3.07446 -0.25763 0.72923 0.35004 0.52850
1403638560.5778295994 9.44497 8.24619 3.04317 -0.24649 0.73856 0.32317 0.53790
1403638560.6778295040 9.52958 8.26724 3.00802 -0.23695 0.74917 0.29521 0.54355
1403638560.7778294086 9.61098 8.28130 2.97635 -0.22987 0.75806 0.26967 0.54752
1403638560.8778295517 9.68947 8.28653 2.95240 -0.21925 0.76460 0.24683 0.55353
1403638560.9778294563 9.76747 8.28511 2.93623 -0.20708 0.76895 0.22582 0.56110
1403638561.0778295994 9.84331 8.27617 2.92740 -0.19494 0.77155 0.20583 0.56950
1403638561.1778295040 9.91430 8.25808 2.92472 -0.18410 0.77296 0.18805 0.57730
1403638561.2778294086 9.98034 8.23260 2.92897 -0.17728 0.77325 0.17458 0.58325
1403638561.3778295517 10.04059 8.19956 2.93508 -0.16823 0.77787 0.16976 0.58120
1403638561.4778294563 10.09744 8.16062 2.93737 -0.15464 0.78373 0.17334 0.57602
1403638561.5778295994 10.15244 8.11827 2.93337 -0.14497 0.78717 0.17802 0.57242
1403638561.6778295040 10.20553 8.07461 2.92429 -0.14116 0.78879 0.18089 0.57023
1403638561.7778294086 10.25790 8.02944 2.90968 -0.14031 0.78889 0.18330 0.56953
1403638561.8778295517 10.29966 7.97802 2.88964 -0.13782 0.78823 0.18394 0.57084
1403638561.9778294563 10.35224 7.93013 2.86383 -0.13277 0.78917 0.17970 0.57209
1403638562.0778295994 10.38786 7.87580 2.84124 -0.12548 0.79097 0.17097 0.57392
1403638562.1778295040 10.43727 7.82537 2.82387 -0.11808 0.79283 0.16140 0.57570
1403638562.2778294086 10.48545 7.77643 2.81100 -0.11181 0.79386 0.15334 0.57773
1403638562.3778295517 10.52920 7.72654 2.80437 -0.10600 0.79478 0.14160 0.58055
1403638562.4778294563 10.56859 7.67452 2.80161 -0.09832 0.79718 0.12575 0.58226
1403638562.5778295994 10.60688 7.62247 2.80597 -0.08904 0.79961 0.10586 0.58437
1403638562.6778295040 10.64115 7.56908 2.81567 -0.08064 0.80260 0.08191 0.58534
1403638562.7778294086 10.67178 7.51389 2.82736 -0.07216 0.80438 0.05588 0.58706
1403638562.8778295517 10.69730 7.45432 2.83601 -0.05903 0.80578 0.03145 0.58842
1403638562.9778294563 10.71787 7.39070 2.83934 -0.04492 0.80672 0.00905 0.58915
1403638563.0778295994 10.73442 7.32342 2.83744 -0.03629 0.80684 -0.01475 0.58947
1403638563.1778295040 10.74560 7.25134 2.83222 -0.02478 0.80694 -0.03414 0.58913
1403638563.2778294086 10.75294 7.17382 2.82291 -0.01365 0.80403 -0.04762 0.59251
1403638563.3778295517 10.75320 7.09155 2.80836 -0.00742 0.79643 -0.05699 0.60199
1403638563.4778294563 10.74514 7.00577 2.78710 -0.00638 0.79050 -0.06371 0.60911
1403638563.5778295994 10.72901 6.91476 2.76430 -0.00087 0.79116 -0.06323 0.60833
1403638563.6778295040 10.70505 6.81923 2.74626 -0.00067 0.79475 -0.06316 0.60364
1403638563.7778294086 10.67527 6.71694 2.73438 -0.00368 0.79707 -0.06337 0.60054
1403638563.8778295517 10.63711 6.60758 2.73282 -0.00680 0.79671 -0.06243 0.60109
1403638563.9778294563 10.59701 6.49275 2.73438 -0.01035 0.79567 -0.06067 0.60260
1403638564.0778295994 10.54583 6.37154 2.73641 -0.01479 0.79635 -0.05838 0.60183
1403638564.1778295040 10.48843 6.24426 2.73312 -0.01651 0.79628 -0.05365 0.60232
1403638564.2778294086 10.43147 6.10893 2.72527 -0.01574 0.79466 -0.04807 0.60494
1403638564.3778295517 10.36090 5.97183 2.72521 -0.01583 0.79326 -0.04298 0.60716
1403638564.4778294563 10.28974 5.82824 2.73080 -0.01519 0.79199 -0.03861 0.60912
1403638564.5778295994 10.20250 5.68363 2.74197 -0.01788 0.79380 -0.03807 0.60672
1403638564.6778295040 10.11336 5.53541 2.75260 -0.02299 0.79559 -0.04086 0.60402
1403638564.7778294086 10.01115 5.38216 2.75579 -0.02672 0.79623 -0.04388 0.60281
1403638564.8778295517 9.90979 5.22422 2.75475 -0.02885 0.79578 -0.04633 0.60312
1403638564.9778294563 9.79957 5.05553 2.73040 -0.03068 0.79528 -0.04800 0.60356
1403638565.0778295994 9.68739 4.88335 2.69542 -0.03182 0.79569 -0.04870 0.60291
1403638565.1778295040 9.57149 4.70695 2.64438 -0.03219 0.79647 -0.04890 0.60184
1403638565.2778294086 9.45219 4.52701 2.58680 -0.03043 0.79746 -0.04812 0.60068
1403638565.3778295517 9.33046 4.34379 2.52596 -0.02757 0.79850 -0.04688 0.59953
1403638565.4778294563 9.20591 4.15502 2.46314 -0.02452 0.79783 -0.04595 0.60063
1403638565.5778295994 9.07932 3.96389 2.40603 -0.01783 0.79567 -0.04375 0.60388
1403638565.6778295040 8.94811 3.77079 2.35681 -0.00593 0.79533 -0.03784 0.60496
1403638565.7778294086 8.81422 3.57949 2.31169 0.00328 0.79800 -0.03354 0.60171
1403638565.8778295517 8.67206 3.39069 2.27423 0.01070 0.80014 -0.03036 0.59894
1403638565.9778294563 8.52483 3.20324 2.24024 0.01329 0.80195 -0.03101 0.59644
1403638566.0778295994 8.37450 3.01757 2.20066 0.01492 0.80294 -0.03146 0.59504
1403638566.1778295040 8.22170 2.83360 2.15239 0.01291 0.80309 -0.03292 0.59481
1403638566.2778294086 8.06626 2.65157 2.09547 0.01353 0.80264 -0.03211 0.59545
1403638566.3778295517 7.91079 2.47171 2.02979 0.01379 0.80358 -0.03105 0.59423
1403638566.4778294563 7.75526 2.29403 1.95805 0.01042 0.80378 -0.03172 0.59399
1403638566.5778295994 7.60031 2.11998 1.88007 0.00973 0.80688 -0.02987 0.58988
1403638566.6778295040 7.44530 1.94980 1.79462 0.00904 0.81616 -0.02791 0.57708
1403638566.7778294086 7.29480 1.78397 1.70380 0.00846 0.82784 -0.02595 0.56030
1403638566.8778295517 7.15181 1.62245 1.60963 0.00693 0.83585 -0.02460 0.54836
1403638566.9778294563 7.01775 1.46500 1.51306 0.00699 0.83974 -0.02166 0.54251
1403638567.0778295994 6.89335 1.31404 1.41835 0.00663 0.83154 -0.02021 0.55505
1403638567.1778295040 6.77739 1.16580 1.32077 0.00843 0.81908 -0.01816 0.57333
1403638567.2778294086 6.66687 1.02140 1.21824 0.01137 0.81034 -0.01640 0.58562
1403638567.3778295517 6.55488 0.88087 1.11097 0.01421 0.80842 -0.01576 0.58823
1403638567.4778294563 6.44195 0.74460 1.00752 0.01611 0.80923 -0.01659 0.58703
1403638567.5778295994 6.32735 0.61107 0.91062 0.01750 0.81280 -0.01823 0.58199
1403638567.6778295040 6.21080 0.47929 0.82335 0.02090 0.81609 -0.01871 0.57724
1403638567.7778294086 6.09744 0.35215 0.74554 0.02300 0.81938 -0.01923 0.57247
1403638567.8778295517 5.99056 0.23075 0.67644 0.02228 0.82283 -0.02147 0.56745
1403638567.9778294563 5.89357 0.11567 0.61438 0.02230 0.82378 -0.02250 0.56603
1403638568.0778295994 5.80333 0.00571 0.56180 0.02539 0.82360 -0.02078 0.56622
1403638568.1778295040 5.71790 -0.09813 0.51995 0.02750 0.82287 -0.01957 0.56723
1403638568.2778294086 5.63639 -0.19599 0.48672 0.02857 0.82273 -0.01992 0.56736
1403638568.3778295517 5.55984 -0.28766 0.45567 0.02874 0.82322 -0.02033 0.56663
1403638568.4778294563 5.47661 -0.37921 0.41432 0.02930 0.82406 -0.02027 0.56538
1403638568.5778295994 5.41364 -0.45686 0.37995 0.03033 0.82546 -0.01968 0.56330
1403638568.6778295040 5.34070 -0.53843 0.33375 0.03174 0.82724 -0.01831 0.56066
1403638568.7778294086 5.29039 -0.60101 0.30214 0.03148 0.82861 -0.01837 0.55864
1403638568.8778295517 5.24408 -0.65604 0.27882 0.02960 0.82802 -0.02003 0.55957
1403638568.9778294563 5.18868 -0.71793 0.25442 0.03155 0.82745 -0.01835 0.56035
1403638569.0778295994 5.15490 -0.76097 0.24901 0.03317 0.82726 -0.01737 0.56056
1403638569.1778295040 5.11032 -0.81092 0.24116 0.03380 0.82808 -0.01734 0.55932
1403638569.2778294086 5.08685 -0.84035 0.24383 0.03601 0.82937 -0.01635 0.55731
1403638569.3778295517 5.05242 -0.87860 0.23230 0.03690 0.82928 -0.01611 0.55739
1403638569.4778294563 5.04033 -0.89889 0.22226 0.03749 0.82787 -0.01570 0.55944
1403638569.5778295994 5.01742 -0.92476 0.20333 0.03819 0.82659 -0.01535 0.56130
1403638569.6778295040 5.00264 -0.94063 0.19166 0.03728 0.82547 -0.01629 0.56298
1403638569.7778294086 4.99087 -0.95009 0.18650 0.03824 0.82462 -0.01567 0.56417
1403638569.8778295517 5.00208 -0.94242 0.18906 0.03930 0.82337 -0.01456 0.56596
1403638569.9778294563 4.99252 -0.94372 0.19275 0.03805 0.82183 -0.01540 0.56825
1403638570.0778295994 4.98939 -0.93654 0.19438 0.03573 0.82123 -0.01692 0.56922
1403638570.1778295040 4.98776 -0.92504 0.18957 0.03077 0.82140 -0.01968 0.56918
1403638570.2778294086 4.98663 -0.91096 0.17847 0.02318 0.82090 -0.02428 0.57008
1403638570.3778295517 4.98709 -0.89557 0.16278 0.01683 0.82067 -0.03157 0.57027
1403638570.4778294563 5.03254 -0.86961 0.14459 0.01238 0.82033 -0.04699 0.56982
1403638570.5778295994 5.03376 -0.86228 0.11754 0.00525 0.81785 -0.07399 0.57063
1403638570.6778295040 5.05350 -0.85827 0.08632 0.00586 0.81288 -0.10310 0.57320
1403638570.7778294086 5.06293 -0.86738 0.05252 0.01286 0.80196 -0.13067 0.58278
1403638570.8778295517 5.06415 -0.88808 0.01705 0.02521 0.79041 -0.15514 0.59207
1403638570.9778294563 5.05699 -0.91997 -0.02166 0.04047 0.78237 -0.17655 0.59589
1403638571.0778295994 5.04117 -0.96250 -0.06452 0.05722 0.77976 -0.19568 0.59195
1403638571.1778295040 5.01535 -1.01392 -0.10534 0.07868 0.78249 -0.20812 0.58156
1403638571.2778294086 4.98349 -1.07207 -0.13650 0.09886 0.78377 -0.21469 0.57432
1403638571.3778295517 4.94371 -1.13460 -0.15797 0.11149 0.78313 -0.22013 0.57081
1403638571.4778294563 4.89778 -1.20146 -0.17034 0.11740 0.78033 -0.22491 0.57159
1403638571.5778295994 4.84673 -1.27155 -0.17950 0.12429 0.77794 -0.22917 0.57170
1403638571.6778295040 4.79182 -1.34455 -0.19312 0.13053 0.77766 -0.23858 0.56681
1403638571.7778294086 4.73375 -1.42116 -0.21198 0.13866 0.77715 -0.25201 0.55974
1403638571.8778295517 4.67349 -1.50119 -0.23508 0.14604 0.77422 -0.26971 0.55364
1403638571.9778294563 4.61013 -1.58573 -0.25451 0.15379 0.76823 -0.28967 0.54979
1403638572.0778295994 4.54346 -1.67429 -0.26629 0.16293 0.76136 -0.30884 0.54627
1403638572.1778295040 4.47202 -1.76698 -0.26926 0.17870 0.75454 -0.32400 0.54199
1403638572.2778294086 4.39694 -1.86248 -0.26730 0.19290 0.75026 -0.34060 0.53281
1403638572.3778295517 4.32088 -1.96151 -0.26689 0.20612 0.74545 -0.35893 0.52249
1403638572.4778294563 4.24463 -2.06420 -0.26919 0.22020 0.74147 -0.37203 0.51315
1403638572.5778295994 4.16977 -2.17046 -0.27223 0.23120 0.73765 -0.38068 0.50744
1403638572.6778295040 4.09684 -2.27995 -0.27395 0.23715 0.73585 -0.38607 0.50323
1403638572.7778294086 4.02692 -2.39400 -0.26724 0.24505 0.73722 -0.38582 0.49760
1403638572.8778295517 3.96149 -2.51111 -0.25222 0.24874 0.73964 -0.38507 0.49273
1403638572.9778294563 3.90059 -2.63087 -0.23209 0.24942 0.74180 -0.38401 0.48996
1403638573.0778295994 3.84432 -2.75328 -0.21632 0.24878 0.74386 -0.38277 0.48812
1403638573.1778295040 3.79218 -2.87840 -0.20739 0.24705 0.74546 -0.38155 0.48752
1403638573.2778294086 3.74307 -3.00558 -0.19951 0.24544 0.74686 -0.37955 0.48775
1403638573.3778295517 3.70080 -3.13622 -0.19212 0.24471 0.74764 -0.37866 0.48762
1403638573.4778294563 3.66272 -3.26894 -0.17940 0.24783 0.74775 -0.37881 0.48575
1403638573.5778295994 3.63267 -3.40526 -0.16087 0.24958 0.74765 -0.37914 0.48474
1403638573.6778295040 3.60811 -3.54203 -0.13534 0.25250 0.74799 -0.37978 0.48221
1403638573.7778294086 3.59011 -3.68030 -0.10549 0.25940 0.74437 -0.38329 0.48136
1403638573.8778295517 3.57792 -3.82003 -0.07660 0.27296 0.73407 -0.38906 0.48505
1403638573.9778294563 3.57045 -3.95900 -0.05276 0.28459 0.71867 -0.40278 0.49020
1403638574.0778295994 3.56518 -4.09494 -0.03590 0.29017 0.69846 -0.42455 0.49771
1403638574.1778295040 3.56025 -4.22632 -0.02491 0.29596 0.67638 -0.44876 0.50351
1403638574.2778294086 3.55247 -4.35385 -0.01803 0.30525 0.65787 -0.47119 0.50201
1403638574.3778295517 3.53753 -4.47816 -0.01451 0.31769 0.64472 -0.49123 0.49205
1403638574.4778294563 3.51615 -4.60010 -0.01423 0.33125 0.63326 -0.50936 0.47938
1403638574.5778295994 3.49052 -4.71868 -0.01063 0.34172 0.62274 -0.52359 0.47039
1403638574.6778295040 3.46100 -4.83653 0.00121 0.35364 0.61647 -0.53071 0.46179
1403638574.7778294086 3.43121 -4.95606 0.01882 0.36451 0.61639 -0.53322 0.45042
1403638574.8778295517 3.40078 -5.07488 0.04050 0.36592 0.61859 -0.53754 0.44102
1403638574.9778294563 3.36905 -5.19228 0.05727 0.36455 0.62110 -0.54071 0.43471
1403638575.0778295994 3.33723 -5.30862 0.06566 0.35694 0.61986 -0.54601 0.43617
1403638575.1778295040 3.30297 -5.42334 0.06813 0.35101 0.61728 -0.54931 0.44048
1403638575.2778294086 3.26534 -5.53963 0.06868 0.34756 0.61599 -0.55014 0.44396
1403638575.3778295517 3.22511 -5.65622 0.06203 0.34444 0.61940 -0.55010 0.44169
1403638575.4778294563 3.18133 -5.77497 0.05347 0.34271 0.62491 -0.54839 0.43738
1403638575.5778295994 3.13546 -5.89494 0.04273 0.34196 0.62995 -0.54582 0.43395
1403638575.6778295040 3.08736 -6.02005 0.03957 0.34561 0.63627 -0.54048 0.42848
1403638575.7778294086 3.03871 -6.15003 0.04483 0.34679 0.64282 -0.53736 0.42162
1403638575.8778295517 2.99257 -6.28323 0.06007 0.34682 0.64705 -0.53520 0.41785
1403638575.9778294563 2.95076 -6.42006 0.08619 0.34637 0.64740 -0.53443 0.41868
1403638576.0778295994 2.91235 -6.56047 0.11969 0.34708 0.64799 -0.53302 0.41897
1403638576.1778295040 2.87693 -6.70640 0.15874 0.34793 0.64639 -0.53260 0.42126
1403638576.2778294086 2.84584 -6.85430 0.19411 0.35207 0.64686 -0.53004 0.42032
1403638576.3778295517 2.81896 -7.00542 0.22317 0.35676 0.64834 -0.52705 0.41784
1403638576.4778294563 2.79742 -7.15933 0.24704 0.36069 0.65092 -0.52449 0.41366
1403638576.5778295994 2.78280 -7.31596 0.26606 0.36537 0.65498 -0.52154 0.40683
1403638576.6778295040 2.77623 -7.47462 0.28055 0.36859 0.65642 -0.51933 0.40441
1403638576.7778294086 2.77837 -7.63654 0.29022 0.37348 0.65400 -0.51570 0.40847
1403638576.8778295517 2.78771 -7.79887 0.29444 0.37614 0.64897 -0.51402 0.41610
1403638576.9778294563 2.80405 -7.96032 0.29365 0.37407 0.64259 -0.51590 0.42544
1403638577.0778295994 2.82623 -8.11807 0.29195 0.36974 0.63883 -0.51936 0.43064
1403638577.1778295040 2.85190 -8.27437 0.29822 0.36688 0.63606 -0.52153 0.43455
1403638577.2778294086 2.88016 -8.42906 0.31032 0.36726 0.63660 -0.52130 0.43372
1403638577.3778295517 2.91065 -8.58443 0.33155 0.37397 0.64079 -0.51636 0.42767
1403638577.4778294563 2.94489 -8.73795 0.35821 0.37836 0.64325 -0.51308 0.42406
1403638577.5778295994 2.98416 -8.89087 0.38137 0.37541 0.64327 -0.51486 0.42448
1403638577.6778295040 3.02816 -9.04091 0.39908 0.37200 0.64228 -0.51699 0.42640
1403638577.7778294086 3.07564 -9.18931 0.40937 0.36923 0.64185 -0.51853 0.42758
1403638577.8778295517 3.12667 -9.33824 0.41408 0.36889 0.64207 -0.51824 0.42789
1403638577.9778294563 3.18208 -9.48222 0.41600 0.36966 0.64265 -0.51683 0.42808
1403638578.0778295994 3.24128 -9.63049 0.42451 0.36854 0.64191 -0.51677 0.43021
1403638578.1778295040 3.30575 -9.77079 0.43900 0.36385 0.63898 -0.51922 0.43557
1403638578.2778294086 3.37127 -9.91324 0.45899 0.35526 0.63422 -0.52478 0.44290
1403638578.3778295517 3.43589 -10.05524 0.47892 0.35315 0.63193 -0.52643 0.44590
1403638578.4778294563 3.49866 -10.19538 0.49257 0.35328 0.63157 -0.52683 0.44582
1403638578.5778295994 3.55926 -10.33352 0.50157 0.35326 0.63105 -0.52753 0.44575
1403638578.6778295040 3.61696 -10.47642 0.50575 0.35568 0.63094 -0.52637 0.44535
1403638578.7778294086 3.67351 -10.61147 0.50790 0.36101 0.63350 -0.52295 0.44145
1403638578.8778295517 3.72931 -10.75179 0.50606 0.36612 0.63630 -0.51926 0.43753
1403638578.9778294563 3.78978 -10.88013 0.50318 0.36857 0.63769 -0.51714 0.43597
1403638579.0778295994 3.85113 -11.01730 0.50890 0.36901 0.63839 -0.51610 0.43580
1403638579.1778295040 3.91890 -11.14253 0.52375 0.36955 0.63847 -0.51528 0.43621
1403638579.2778294086 3.98625 -11.27500 0.54514 0.36730 0.63754 -0.51635 0.43818
1403638579.3778295517 4.05743 -11.39142 0.56751 0.36152 0.63441 -0.52013 0.44304
1403638579.4778294563 4.12689 -11.51973 0.58536 0.35568 0.63023 -0.52405 0.44908
1403638579.5778295994 4.19622 -11.63299 0.59599 0.35435 0.62774 -0.52139 0.45665
1403638579.6778295040 4.26318 -11.74756 0.60173 0.35636 0.62832 -0.50929 0.46781
1403638579.7778294086 4.32975 -11.85962 0.60218 0.35470 0.63874 -0.49027 0.47522
1403638579.8778295517 4.39554 -11.96567 0.59490 0.34406 0.65868 -0.46900 0.47728
1403638579.9778294563 4.46143 -12.06666 0.58179 0.32691 0.67864 -0.44392 0.48530
1403638580.0778295994 4.52718 -12.16259 0.56783 0.31235 0.69300 -0.40944 0.50452
1403638580.1778295040 4.59230 -12.24816 0.55116 0.29233 0.70708 -0.37256 0.52515
1403638580.2778294086 4.65308 -12.32147 0.52939 0.26589 0.72386 -0.33774 0.53969
1403638580.3778295517 4.71012 -12.38855 0.50082 0.23558 0.73992 -0.31140 0.54776
1403638580.4778294563 4.76037 -12.44906 0.46685 0.20945 0.75143 -0.29488 0.55184
1403638580.5778295994 4.80598 -12.50633 0.43090 0.19192 0.75866 -0.28149 0.55531
1403638580.6778295040 4.84769 -12.56091 0.39535 0.17658 0.76869 -0.26678 0.55386
1403638580.7778294086 4.88526 -12.61417 0.36654 0.16622 0.77876 -0.25166 0.55007
1403638580.8778295517 4.92045 -12.66881 0.34675 0.16141 0.78565 -0.24063 0.54663
1403638580.9778294563 4.95718 -12.72496 0.33836 0.15542 0.78713 -0.23698 0.54783
1403638581.0778295994 4.99299 -12.77881 0.33939 0.15410 0.78817 -0.23501 0.54755
1403638581.1778295040 5.02696 -12.83400 0.34808 0.15661 0.78813 -0.23340 0.54758
1403638581.2778294086 5.05890 -12.88699 0.35789 0.16062 0.78825 -0.23307 0.54639
1403638581.3778295517 5.09217 -12.93197 0.37377 0.16388 0.78708 -0.23413 0.54665
1403638581.4778294563 5.12306 -12.98087 0.38420 0.16659 0.78500 -0.23583 0.54810
1403638581.5778295994 5.15346 -13.01207 0.41648 0.16963 0.78452 -0.23782 0.54698
1403638581.6778295040 5.18624 -13.05650 0.43271 0.17469 0.78045 -0.23780 0.55122
1403638581.7778294086 5.20679 -13.06151 0.46865 0.17683 0.77690 -0.23945 0.55482
1403638581.8778295517 5.22543 -13.05933 0.49532 0.17985 0.77383 -0.23948 0.55811
1403638581.9778294563 5.25473 -13.08795 0.50051 0.18368 0.76627 -0.23787 0.56790
1403638582.0778295994 5.27644 -13.09159 0.51348 0.18252 0.76806 -0.23962 0.56512
1403638582.1778295040 5.29969 -13.10308 0.52917 0.17858 0.77544 -0.24280 0.55484
1403638582.2778294086 5.32340 -13.11835 0.55303 0.17907 0.77844 -0.24279 0.55047
1403638582.3778295517 5.34955 -13.12904 0.58905 0.18160 0.77517 -0.24056 0.55521
1403638582.4778294563 5.37456 -13.13959 0.63217 0.18372 0.77399 -0.23898 0.55684
1403638582.5778295994 5.39891 -13.14586 0.68744 0.18476 0.77339 -0.23791 0.55778
1403638582.6778295040 5.42322 -13.14870 0.74712 0.18459 0.77447 -0.23815 0.55625
1403638582.7778294086 5.44567 -13.14526 0.82005 0.18285 0.77605 -0.23992 0.55386
1403638582.8778295517 5.46792 -13.13938 0.89364 0.18331 0.77738 -0.24046 0.55160
1403638582.9778294563 5.49024 -13.13090 0.96077 0.18218 0.77960 -0.24205 0.54813
1403638583.0778295994 5.51214 -13.12001 1.02004 0.18127 0.78212 -0.24373 0.54409
1403638583.1778295040 5.53476 -13.10699 1.07152 0.18125 0.78372 -0.24444 0.54146
1403638583.2778294086 5.55942 -13.09258 1.11683 0.18000 0.78433 -0.24572 0.54042
1403638583.3778295517 5.58714 -13.07723 1.14760 0.18044 0.78402 -0.24527 0.54092
1403638583.4778294563 5.61610 -13.05850 1.18577 0.18062 0.78472 -0.24535 0.53981
1403638583.5778295994 5.64693 -13.04000 1.22999 0.18075 0.78470 -0.24524 0.53984
1403638583.6778295040 5.67864 -13.01932 1.28165 0.18244 0.78500 -0.24401 0.53940
1403638583.7778294086 5.71204 -12.99643 1.33385 0.18216 0.78470 -0.24401 0.53992
1403638583.8778295517 5.74366 -12.95731 1.35219 0.18287 0.78390 -0.24353 0.54107
1403638583.9778294563 5.78236 -12.93376 1.39212 0.18326 0.78392 -0.24319 0.54106
1403638584.0778295994 5.81791 -12.90359 1.42432 0.18614 0.78049 -0.24099 0.54600
1403638584.1778295040 5.85210 -12.86315 1.42677 0.19020 0.77155 -0.23760 0.55864
1403638584.2778294086 5.88750 -12.82381 1.44958 0.19233 0.76252 -0.23537 0.57111
1403638584.3778295517 5.91026 -12.77276 1.43329 0.19396 0.75975 -0.23414 0.57474
1403638584.4778294563 5.92061 -12.71426 1.41023 0.19476 0.75968 -0.23346 0.57485
1403638584.5778295994 5.94076 -12.65845 1.41516 0.19441 0.75988 -0.23354 0.57466
1403638584.6778295040 5.95695 -12.59654 1.42774 0.19214 0.76170 -0.23485 0.57248
1403638584.7778294086 5.94470 -12.52160 1.40893 0.18853 0.76853 -0.23705 0.56358
1403638584.8778295517 5.95590 -12.44917 1.43653 0.18225 0.77623 -0.24159 0.55307
1403638584.9778294563 5.94201 -12.37004 1.42363 0.18039 0.77983 -0.24350 0.54775
1403638585.0778295994 5.93554 -12.29056 1.41287 0.18007 0.78111 -0.24414 0.54575
1403638585.1778295040 5.94634 -12.21526 1.42126 0.17768 0.78097 -0.24577 0.54601
1403638585.2778294086 5.92155 -12.14230 1.38373 0.17876 0.77911 -0.24501 0.54864
1403638585.3778295517 5.92642 -12.06714 1.37519 0.17932 0.77705 -0.24432 0.55168
1403638585.4778294563 5.91367 -11.99547 1.35978 0.17922 0.77734 -0.24451 0.55122
1403638585.5778295994 5.92281 -11.91972 1.35794 0.17838 0.77919 -0.24466 0.54881
1403638585.6778295040 5.91424 -11.84785 1.36196 0.17825 0.78179 -0.24462 0.54516
1403638585.7778294086 5.92461 -11.77124 1.37573 0.17513 0.78684 -0.24673 0.53789
1403638585.8778295517 5.92043 -11.69929 1.40016 0.17263 0.79073 -0.24862 0.53211
1403638585.9778294563 5.92326 -11.62849 1.43345 0.17084 0.79068 -0.25063 0.53180
1403638586.0778295994 5.93092 -11.55857 1.46804 0.17281 0.78657 -0.25001 0.53753
1403638586.1778295040 5.95294 -11.48977 1.49352 0.17464 0.78379 -0.24953 0.54121
1403638586.2778294086 5.96144 -11.41948 1.51536 0.17691 0.78124 -0.24840 0.54467
1403638586.3778295517 5.98425 -11.35388 1.53114 0.18271 0.77819 -0.24479 0.54873
1403638586.4778294563 5.98922 -11.27722 1.54203 0.19077 0.77654 -0.23983 0.55052
1403638586.5778295994 6.01060 -11.20748 1.54672 0.19298 0.77584 -0.23866 0.55124
1403638586.6778295040 6.01024 -11.12002 1.54242 0.19013 0.77673 -0.24086 0.55003
1403638586.7778294086 6.03062 -11.04642 1.53379 0.18604 0.77641 -0.24357 0.55068
1403638586.8778295517 6.02754 -10.95808 1.51698 0.18384 0.77531 -0.24449 0.55255
1403638586.9778294563 6.04485 -10.88021 1.49721 0.18408 0.77506 -0.24422 0.55294
1403638587.0778295994 6.03583 -10.79108 1.47530 0.18329 0.77486 -0.24471 0.55327
1403638587.1778295040 6.05024 -10.70908 1.45830 0.18284 0.77608 -0.24465 0.55174
1403638587.2778294086 6.04271 -10.61671 1.45136 0.18208 0.77775 -0.24476 0.54959
1403638587.3778295517 6.05433 -10.53160 1.44828 0.18150 0.77935 -0.24509 0.54736
1403638587.4778294563 6.04720 -10.43845 1.45125 0.17966 0.77941 -0.24685 0.54710
1403638587.5778295994 6.05915 -10.35036 1.44986 0.17886 0.77947 -0.24782 0.54683
1403638587.6778295040 6.05371 -10.25836 1.44621 0.17863 0.77902 -0.24836 0.54729
1403638587.7778294086 6.06447 -10.17147 1.43394 0.17858 0.77866 -0.24876 0.54765
1403638587.8778295517 6.06493 -10.08370 1.42015 0.17774 0.77824 -0.24963 0.54812
1403638587.9778294563 6.07606 -9.99813 1.39912 0.17753 0.77785 -0.25011 0.54852
1403638588.0778295994 6.07729 -9.91295 1.37732 0.17864 0.77735 -0.24896 0.54939
1403638588.1778295040 6.08614 -9.82963 1.34907 0.18526 0.77816 -0.24454 0.54804
1403638588.2778294086 6.08584 -9.74366 1.32323 0.18806 0.77891 -0.24208 0.54711
1403638588.3778295517 6.09617 -9.65580 1.30225 0.18871 0.77927 -0.24136 0.54669
1403638588.4778294563 6.09952 -9.56505 1.28999 0.18699 0.77918 -0.24236 0.54697
1403638588.5778295994 6.10909 -9.47195 1.28479 0.18457 0.77848 -0.24399 0.54807
1403638588.6778295040 6.10568 -9.37406 1.28783 0.18220 0.77766 -0.24528 0.54945
1403638588.7778294086 6.11188 -9.27615 1.29566 0.18065 0.77617 -0.24665 0.55145
1403638588.8778295517 6.10673 -9.17666 1.30127 0.17817 0.77556 -0.24891 0.55209
1403638588.9778294563 6.11076 -9.08091 1.29887 0.17844 0.77549 -0.24918 0.55199
1403638589.0778295994 6.10482 -8.98646 1.29176 0.17888 0.77567 -0.24942 0.55148
1403638589.1778295040 6.10852 -8.89011 1.27531 0.18048 0.77543 -0.24871 0.55161
1403638589.2778294086 6.10193 -8.79673 1.26004 0.18016 0.77437 -0.24879 0.55317
1403638589.3778295517 6.10171 -8.69953 1.23911 0.18034 0.77418 -0.24858 0.55347
1403638589.4778294563 6.09436 -8.60642 1.22786 0.17997 0.77499 -0.24917 0.55219
1403638589.5778295994 6.09126 -8.50898 1.21808 0.17930 0.77496 -0.24955 0.55229
1403638589.6778295040 6.08377 -8.41753 1.22262 0.17886 0.77549 -0.24957 0.55166
1403638589.7778294086 6.07833 -8.32203 1.22895 0.17923 0.77704 -0.24994 0.54920
1403638589.8778295517 6.06968 -8.23418 1.24091 0.17919 0.77754 -0.25092 0.54806
1403638589.9778294563 6.06412 -8.13903 1.23974 0.17956 0.77754 -0.25136 0.54773
1403638590.0778295994 6.05312 -8.04969 1.24106 0.17912 0.77747 -0.25218 0.54759
1403638590.1778295040 6.04622 -7.95552 1.23140 0.17973 0.77642 -0.25246 0.54875
1403638590.2778294086 6.03665 -7.87180 1.22531 0.17935 0.77567 -0.25306 0.54967
1403638590.3778295517 6.03055 -7.77923 1.20779 0.17959 0.77598 -0.25349 0.54895
1403638590.4778294563 6.01915 -7.68725 1.19257 0.17966 0.77656 -0.25373 0.54800
1403638590.5778295994 6.01085 -7.59606 1.17459 0.17863 0.77764 -0.25440 0.54649
1403638590.6778295040 5.99873 -7.50569 1.16685 0.17674 0.77933 -0.25539 0.54422
1403638590.7778294086 5.99249 -7.41816 1.16556 0.17600 0.78016 -0.25585 0.54305
1403638590.8778295517 5.98051 -7.33215 1.17336 0.17621 0.78101 -0.25583 0.54178
1403638590.9778294563 5.97604 -7.24620 1.18623 0.17495 0.78162 -0.25674 0.54087
1403638591.0778295994 5.96094 -7.15917 1.20372 0.17356 0.78251 -0.25814 0.53937
1403638591.1778295040 5.95776 -7.07583 1.21441 0.17267 0.78673 -0.25929 0.53292
1403638591.2778294086 5.94417 -6.98476 1.21597 0.17021 0.79258 -0.26145 0.52391
1403638591.3778295517 5.93697 -6.90284 1.21320 0.16691 0.79689 -0.26397 0.51714
1403638591.4778294563 5.93753 -6.82955 1.20602 0.16421 0.79962 -0.26609 0.51267
1403638591.5778295994 5.94507 -6.76123 1.19282 0.16150 0.80236 -0.26837 0.50804
1403638591.6778295040 5.95899 -6.70004 1.17578 0.16016 0.80263 -0.26949 0.50745
1403638591.7778294086 5.97960 -6.64656 1.15881 0.16189 0.80077 -0.26847 0.51038
1403638591.8778295517 6.01011 -6.60404 1.14299 0.16284 0.79844 -0.26764 0.51415
1403638591.9778294563 6.04643 -6.56973 1.13468 0.16359 0.79579 -0.26692 0.51837
1403638592.0778295994 6.08473 -6.53845 1.13567 0.16406 0.79320 -0.26589 0.52270
1403638592.1778295040 6.13215 -6.51547 1.14513 0.16210 0.79035 -0.26407 0.52852
1403638592.2778294086 6.17858 -6.49885 1.16778 0.15704 0.78485 -0.25880 0.54072
1403638592.3778295517 6.22580 -6.48614 1.20054 0.14802 0.78225 -0.24999 0.55107
1403638592.4778294563 6.27228 -6.47409 1.24059 0.13627 0.78470 -0.23618 0.55669
1403638592.5778295994 6.31570 -6.46649 1.28611 0.12850 0.79201 -0.22200 0.55401
1403638592.6778295040 6.35702 -6.46262 1.33674 0.12196 0.79942 -0.21076 0.54922
1403638592.7778294086 6.39758 -6.46416 1.38612 0.11684 0.80645 -0.20322 0.54285
1403638592.8778295517 6.43840 -6.47023 1.43039 0.11274 0.81146 -0.19863 0.53792
1403638592.9778294563 6.48086 -6.47974 1.47009 0.11206 0.81399 -0.19493 0.53560
1403638593.0778295994 6.52988 -6.49499 1.50235 0.11101 0.81474 -0.19360 0.53515
1403638593.1778295040 6.57987 -6.51377 1.53838 0.11106 0.81308 -0.19264 0.53802
1403638593.2778294086 6.63788 -6.53763 1.57761 0.11778 0.80981 -0.18882 0.54285
1403638593.3778295517 6.69412 -6.56348 1.62575 0.12669 0.80646 -0.18361 0.54760
1403638593.4778294563 6.75085 -6.58898 1.67089 0.13481 0.80187 -0.17957 0.55370
1403638593.5778295994 6.80929 -6.61232 1.70936 0.13932 0.79906 -0.17818 0.55708
1403638593.6778295040 6.86918 -6.63186 1.74151 0.14195 0.79788 -0.17780 0.55824
1403638593.7778294086 6.92878 -6.64751 1.76822 0.14320 0.79458 -0.17806 0.56252
1403638593.8778295517 6.98971 -6.65921 1.79292 0.13885 0.78418 -0.17814 0.57797
1403638593.9778294563 7.04313 -6.66441 1.82449 0.13225 0.78080 -0.17503 0.58500
1403638594.0778295994 7.08965 -6.66613 1.85843 0.12401 0.78636 -0.17301 0.57993
1403638594.1778295040 7.13110 -6.66578 1.89673 0.12190 0.79246 -0.16842 0.57340
1403638594.2778294086 7.16996 -6.66353 1.93387 0.12234 0.79487 -0.16368 0.57133
1403638594.3778295517 7.20583 -6.65938 1.96550 0.12479 0.79390 -0.15877 0.57353
1403638594.4778294563 7.23349 -6.65019 2.00335 0.12850 0.79259 -0.15333 0.57600
1403638594.5778295994 7.26174 -6.63728 2.04365 0.12290 0.79289 -0.15523 0.57630
1403638594.6778295040 7.27773 -6.61908 2.09314 0.11724 0.79349 -0.15845 0.57578
1403638594.7778294086 7.30016 -6.60197 2.13521 0.11509 0.79423 -0.16046 0.57464
1403638594.8778295517 7.30499 -6.58094 2.17497 0.11377 0.79430 -0.16214 0.57432
1403638594.9778294563 7.32112 -6.56170 2.20301 0.11487 0.79615 -0.16262 0.57141
1403638595.0778295994 7.33299 -6.54130 2.22500 0.11348 0.79734 -0.16439 0.56951
1403638595.1778295040 7.34307 -6.52068 2.24031 0.11330 0.79783 -0.16560 0.56851
1403638595.2778294086 7.35103 -6.49993 2.24922 0.11381 0.79828 -0.16585 0.56770
1403638595.3778295517 7.33264 -6.47014 2.26020 0.11357 0.79796 -0.16656 0.56800
1403638595.4778294563 7.33819 -6.44874 2.25736 0.11363 0.79830 -0.16675 0.56745
1403638595.5778295994 7.33906 -6.42703 2.25322 0.11364 0.79910 -0.16642 0.56642
1403638595.6778295040 7.33815 -6.40509 2.25423 0.11598 0.79916 -0.16471 0.56636
1403638595.7778294086 7.33473 -6.38108 2.25975 0.12021 0.80013 -0.16172 0.56496
1403638595.8778295517 7.33144 -6.35491 2.26271 0.12145 0.80054 -0.16104 0.56432
1403638595.9778294563 7.32818 -6.32739 2.25214 0.12382 0.80025 -0.15958 0.56462
1403638596.0778295994 7.30155 -6.29200 2.23918 0.13124 0.80096 -0.15466 0.56332
1403638596.1778295040 7.30188 -6.25937 2.21744 0.14249 0.80238 -0.14673 0.56067
1403638596.2778294086 7.30162 -6.21865 2.20270 0.15420 0.80407 -0.13801 0.55735
1403638596.3778295517 7.29001 -6.16522 2.20180 0.16351 0.80421 -0.13038 0.55634
1403638596.4778294563 7.29560 -6.10525 2.20363 0.16901 0.80387 -0.12553 0.55631
1403638596.5778295994 7.29752 -6.03123 2.21828 0.17580 0.80459 -0.11998 0.55437
1403638596.6778295040 7.31198 -5.94426 2.23751 0.18342 0.80483 -0.11393 0.55283
1403638596.7778294086 7.33107 -5.84067 2.26407 0.18733 0.80492 -0.11052 0.55208
1403638596.8778295517 7.35115 -5.71846 2.30033 0.19091 0.80425 -0.10753 0.55243
1403638596.9778294563 7.37979 -5.58114 2.33560 0.19270 0.80297 -0.10662 0.55384
1403638597.0778295994 7.40949 -5.42648 2.36858 0.19549 0.80210 -0.10548 0.55434
1403638597.1778295040 7.44380 -5.25890 2.39652 0.19782 0.80032 -0.10519 0.55614
1403638597.2778294086 7.48182 -5.07186 2.41751 0.19535 0.79770 -0.10822 0.56018
1403638597.3778295517 7.52199 -4.87213 2.43103 0.19056 0.79602 -0.11312 0.56324
1403638597.4778294563 7.56351 -4.65776 2.44219 0.18190 0.79285 -0.12012 0.56910
1403638597.5778295994 7.60465 -4.43130 2.44816 0.16911 0.78834 -0.12963 0.57717
1403638597.6778295040 7.64340 -4.19670 2.44930 0.16468 0.78608 -0.13366 0.58060
1403638597.7778294086 7.67906 -3.95394 2.44491 0.16887 0.78786 -0.12851 0.57813
1403638597.8778295517 7.71256 -3.70334 2.43601 0.17305 0.79044 -0.11711 0.57580
1403638597.9778294563 7.74307 -3.44419 2.42386 0.17414 0.79206 -0.10790 0.57505
1403638598.0778295994 7.77440 -3.17394 2.41613 0.16723 0.79226 -0.10536 0.57728
1403638598.1778295040 7.80274 -2.89274 2.41426 0.14557 0.79385 -0.11457 0.57921
1403638598.2778294086 7.82811 -2.60540 2.41705 0.12809 0.79581 -0.12303 0.57891
1403638598.3778295517 7.85229 -2.31726 2.41765 0.11715 0.79763 -0.12835 0.57758
1403638598.4778294563 7.87544 -2.03058 2.41194 0.11292 0.79990 -0.13014 0.57487
1403638598.5778295994 7.89616 -1.74532 2.39795 0.10796 0.80186 -0.12814 0.57354
1403638598.6778295040 7.91497 -1.46283 2.37866 0.10357 0.80412 -0.11958 0.57304
1403638598.7778294086 7.93256 -1.18296 2.36121 0.09512 0.80627 -0.10875 0.57364
1403638598.8778295517 7.94858 -0.90541 2.35099 0.08587 0.80726 -0.09434 0.57625
1403638598.9778294563 7.96171 -0.63060 2.34433 0.07594 0.80970 -0.07797 0.57666
1403638599.0778295994 7.97367 -0.35630 2.34144 0.06388 0.81108 -0.06131 0.57820
1403638599.1778295040 7.98385 -0.08354 2.34334 0.05191 0.81234 -0.04367 0.57922
1403638599.2778294086 7.99123 0.18576 2.34868 0.04100 0.81424 -0.02468 0.57855
1403638599.3778295517 7.99662 0.45272 2.36094 0.02859 0.81739 -0.00739 0.57533
1403638599.4778294563 7.99971 0.71765 2.37841 0.01958 0.81948 0.00597 0.57275
1403638599.5778295994 8.00136 0.98146 2.39484 0.01410 0.82174 0.01454 0.56950
1403638599.6778295040 8.00209 1.24369 2.40346 0.01046 0.82318 0.01922 0.56735
1403638599.7778294086 8.00406 1.50401 2.40394 0.00915 0.82329 0.02037 0.56718
1403638599.8778295517 8.00920 1.76139 2.39835 0.00715 0.82461 0.01802 0.56538
1403638599.9778294563 8.01583 2.01818 2.38872 0.00330 0.82483 0.01251 0.56523
1403638600.0778295994 8.02704 2.27166 2.37499 -0.00315 0.82601 0.00480 0.56363
1403638600.1778295040 8.04135 2.51879 2.35783 -0.01526 0.82779 -0.00686 0.56079
1403638600.2778294086 8.05754 2.75915 2.33508 -0.02523 0.82994 -0.01744 0.55701
1403638600.3778295517 8.07794 2.98892 2.31107 -0.03282 0.83139 -0.02596 0.55411
1403638600.4778294563 8.10282 3.20507 2.29394 -0.03903 0.83258 -0.03237 0.55158
1403638600.5778295994 8.13288 3.40627 2.28759 -0.03698 0.83313 -0.03297 0.55085
1403638600.6778295040 8.16666 3.59424 2.28897 -0.03980 0.83462 -0.03592 0.54821
1403638600.7778294086 8.20613 3.76913 2.29725 -0.03945 0.83832 -0.03569 0.54257
1403638600.8778295517 8.25117 3.93179 2.31039 -0.02843 0.84207 -0.02682 0.53796
1403638600.9778294563 8.30393 4.08115 2.32062 -0.01163 0.84411 -0.01330 0.53589
1403638601.0778295994 8.36365 4.22260 2.32573 -0.00243 0.84446 -0.00528 0.53559
1403638601.1778295040 8.43092 4.35905 2.32643 0.00550 0.84304 0.00112 0.53783
1403638601.2778294086 8.50608 4.49388 2.32335 0.01489 0.83658 0.00857 0.54758
1403638601.3778295517 8.58635 4.63019 2.31888 0.01213 0.83148 0.01235 0.55529
1403638601.4778294563 8.67062 4.77024 2.31783 -0.00095 0.82703 0.01692 0.56191
1403638601.5778295994 8.75528 4.90944 2.32518 -0.01178 0.82215 0.03116 0.56829
1403638601.6778295040 8.84067 5.04941 2.33773 -0.02294 0.81946 0.05119 0.57038
1403638601.7778294086 8.92443 5.18990 2.35724 -0.03549 0.81646 0.07662 0.57120
1403638601.8778295517 9.00551 5.33085 2.38548 -0.04930 0.81132 0.10562 0.57287
1403638601.9778294563 9.08342 5.47461 2.41522 -0.06405 0.80807 0.12897 0.57122
1403638602.0778295994 9.15899 5.61881 2.43913 -0.07549 0.80635 0.14586 0.56817
1403638602.1778295040 9.23060 5.76403 2.45689 -0.08139 0.80160 0.16145 0.56986
1403638602.2778294086 9.29754 5.91001 2.47045 -0.08899 0.79453 0.17885 0.57342
1403638602.3778295517 9.35937 6.05983 2.48420 -0.11151 0.78344 0.19130 0.58068
1403638602.4778294563 9.41353 6.21022 2.50841 -0.14650 0.76142 0.19758 0.59978
1403638602.5778295994 9.45609 6.35338 2.54014 -0.18177 0.73979 0.20237 0.61539
1403638602.6778295040 9.48492 6.48303 2.57680 -0.20244 0.72950 0.21568 0.61671
1403638602.7778294086 9.49704 6.59635 2.61790 -0.21339 0.72513 0.23526 0.61099
1403638602.8778295517 9.49096 6.69119 2.66324 -0.22443 0.72172 0.25482 0.60317
1403638602.9778294563 9.46957 6.77047 2.71094 -0.24394 0.72186 0.27013 0.58860
1403638603.0778295994 9.43970 6.83680 2.75523 -0.26266 0.71687 0.28472 0.57970
1403638603.1778295040 9.40419 6.88867 2.79279 -0.27481 0.70954 0.29896 0.57590
1403638603.2778294086 9.36253 6.92554 2.81833 -0.27299 0.71687 0.31609 0.55826
1403638603.3778295517 9.31619 6.95086 2.83430 -0.26613 0.72957 0.33055 0.53633
1403638603.4778294563 9.26846 6.97053 2.84581 -0.26265 0.73788 0.33782 0.52194
1403638603.5778295994 9.22224 6.98860 2.85474 -0.26407 0.73563 0.34221 0.52155
1403638603.6778295040 9.17466 7.00474 2.85975 -0.26641 0.72780 0.34477 0.52959
1403638603.7778294086 9.12934 7.01425 2.85627 -0.26036 0.71904 0.35117 0.54026
1403638603.8778295517 9.07522 7.01975 2.84824 -0.25395 0.71127 0.35624 0.55019
1403638603.9778294563 9.01423 7.02378 2.83459 -0.24913 0.70439 0.35913 0.55928
1403638604.0778295994 8.94813 7.02330 2.81371 -0.24328 0.70086 0.36188 0.56449
1403638604.1778295040 8.86836 7.02430 2.79722 -0.24218 0.70024 0.36278 0.56517
1403638604.2778294086 8.78148 7.01672 2.78836 -0.24847 0.70426 0.35901 0.55982
1403638604.3778295517 8.68094 7.00787 2.78536 -0.25367 0.71202 0.35588 0.54957
1403638604.4778294563 8.57526 6.99352 2.78961 -0.25129 0.71993 0.35748 0.53922
1403638604.5778295994 8.46766 6.97674 2.79936 -0.24913 0.72465 0.35874 0.53304
1403638604.6778295040 8.35782 6.95844 2.80476 -0.25161 0.72797 0.35709 0.52843
1403638604.7778294086 8.24706 6.93908 2.80477 -0.25555 0.73007 0.35431 0.52551
1403638604.8778295517 8.13817 6.91772 2.80443 -0.25638 0.73337 0.35356 0.52100
1403638604.9778294563 8.02869 6.89349 2.80707 -0.25371 0.73944 0.35526 0.51250
1403638605.0778295994 7.92028 6.86658 2.81794 -0.25094 0.74592 0.35720 0.50303
1403638605.1778295040 7.81815 6.84093 2.83757 -0.24829 0.74991 0.35922 0.49694
1403638605.2778294086 7.72379 6.82183 2.85874 -0.24439 0.75073 0.36196 0.49564
1403638605.3778295517 7.63262 6.80769 2.87406 -0.23834 0.74602 0.36625 0.50250
1403638605.4778294563 7.54563 6.79944 2.88657 -0.23121 0.73592 0.37176 0.51650
1403638605.5778295994 7.45400 6.79410 2.88922 -0.22576 0.72753 0.37594 0.52764
1403638605.6778295040 7.35989 6.79302 2.88688 -0.22132 0.72173 0.37920 0.53510
1403638605.7778294086 7.26012 6.79698 2.88804 -0.21977 0.72080 0.38031 0.53620
1403638605.8778295517 7.15566 6.80638 2.90202 -0.21699 0.72074 0.38196 0.53625
1403638605.9778294563 7.04425 6.82427 2.91815 -0.21293 0.72000 0.38387 0.53750
1403638606.0778295994 6.92684 6.84586 2.93604 -0.21031 0.72014 0.38461 0.53782
1403638606.1778295040 6.80066 6.87394 2.94232 -0.20684 0.71993 0.38614 0.53834
1403638606.2778294086 6.66964 6.90723 2.94671 -0.20470 0.72115 0.38651 0.53727
1403638606.3778295517 6.52746 6.94693 2.93804 -0.21016 0.72972 0.38174 0.52689
1403638606.4778294563 6.38189 6.99176 2.92516 -0.21818 0.74003 0.37512 0.51385
1403638606.5778295994 6.23550 7.04190 2.90711 -0.22501 0.74867 0.37050 0.50159
1403638606.6778295040 6.09401 7.09866 2.88607 -0.23042 0.75184 0.37262 0.49275
1403638606.7778294086 5.95629 7.16154 2.86172 -0.23519 0.75171 0.38180 0.48357
1403638606.8778295517 5.82289 7.23109 2.83568 -0.24371 0.74800 0.39445 0.47489
1403638606.9778294563 5.69381 7.30957 2.81439 -0.25459 0.74067 0.40987 0.46755
1403638607.0778295994 5.57690 7.39489 2.80308 -0.26856 0.73184 0.42422 0.46079
1403638607.1778295040 5.46753 7.48779 2.79931 -0.28499 0.72209 0.43118 0.45985
1403638607.2778294086 5.36304 7.58520 2.79510 -0.29885 0.70852 0.43546 0.46804
1403638607.3778295517 5.26263 7.68393 2.78183 -0.31165 0.70005 0.43545 0.47244
1403638607.4778294563 5.16634 7.78249 2.75893 -0.31752 0.69692 0.43658 0.47211
1403638607.5778295994 5.07454 7.87823 2.72821 -0.31952 0.69585 0.43789 0.47111
1403638607.6778295040 4.98720 7.97081 2.69440 -0.32121 0.69413 0.43786 0.47253
1403638607.7778294086 4.90513 8.06180 2.65785 -0.31969 0.69266 0.43828 0.47532
1403638607.8778295517 4.82491 8.15093 2.61770 -0.32085 0.69490 0.43620 0.47319
1403638607.9778294563 4.75306 8.23776 2.57411 -0.32300 0.69934 0.43287 0.46821
1403638608.0778295994 4.68367 8.32397 2.52638 -0.32376 0.69812 0.43030 0.47186
1403638608.1778295040 4.61872 8.40703 2.47400 -0.31995 0.69511 0.43064 0.47853
1403638608.2778294086 4.56039 8.48569 2.41701 -0.31869 0.69056 0.42993 0.48655
1403638608.3778295517 4.50067 8.56109 2.35615 -0.31902 0.68481 0.42865 0.49551
1403638608.4778294563 4.44334 8.63165 2.28951 -0.31915 0.68471 0.42827 0.49589
1403638608.5778295994 4.38510 8.69672 2.21907 -0.31734 0.68624 0.42895 0.49433
1403638608.6778295040 4.32932 8.75701 2.15043 -0.32288 0.68352 0.42501 0.49792
1403638608.7778294086 4.26884 8.81062 2.08752 -0.32336 0.68366 0.42470 0.49768
1403638608.8778295517 4.20989 8.85774 2.02836 -0.32204 0.68708 0.42602 0.49267
1403638608.9778294563 4.15491 8.89758 1.97757 -0.32112 0.69114 0.42694 0.48676
1403638609.0778295994 4.09938 8.93457 1.93371 -0.32050 0.69387 0.42745 0.48282
1403638609.1778295040 4.04504 8.96671 1.89605 -0.32240 0.69433 0.42606 0.48212
1403638609.2778294086 3.99558 8.99443 1.85840 -0.33036 0.69447 0.42032 0.48156
1403638609.3778295517 3.95172 9.01898 1.81236 -0.32923 0.69468 0.42082 0.48159
1403638609.4778294563 3.91003 9.03924 1.76066 -0.32559 0.69472 0.42297 0.48214
1403638609.5778295994 3.87267 9.05427 1.70156 -0.32215 0.69467 0.42495 0.48276
1403638609.6778295040 3.83697 9.07135 1.63914 -0.32013 0.69366 0.42647 0.48423
1403638609.7778294086 3.80504 9.08148 1.57447 -0.31892 0.69376 0.42722 0.48422
1403638609.8778295517 3.77351 9.09565 1.51804 -0.31939 0.69397 0.42695 0.48385
1403638609.9778294563 3.74637 9.10114 1.46830 -0.32031 0.69350 0.42613 0.48464
1403638610.0778295994 3.72177 9.10710 1.42914 -0.32365 0.69129 0.42361 0.48778
1403638610.1778295040 3.69997 9.10747 1.39202 -0.32476 0.68822 0.42272 0.49212
1403638610.2778294086 3.67850 9.10330 1.35082 -0.32716 0.68695 0.42071 0.49403
1403638610.3778295517 3.65823 9.09385 1.30279 -0.32801 0.68659 0.42006 0.49452
1403638610.4778294563 3.63923 9.07864 1.25256 -0.32817 0.68497 0.41963 0.49703
1403638610.5778295994 3.62121 9.05876 1.19577 -0.33105 0.67976 0.41740 0.50409
1403638610.6778295040 3.60135 9.03025 1.13846 -0.33555 0.67472 0.41418 0.51051
1403638610.7778294086 3.57850 8.99314 1.08300 -0.33310 0.68001 0.41691 0.50281
1403638610.8778295517 3.55589 8.95063 1.03611 -0.32931 0.68632 0.42091 0.49331
1403638610.9778294563 3.53289 8.90318 0.99813 -0.32994 0.68668 0.42128 0.49207
1403638611.0778295994 3.51214 8.85073 0.95822 -0.33315 0.68383 0.41950 0.49539
1403638611.1778295040 3.49641 8.79513 0.91254 -0.33453 0.68286 0.41966 0.49565
1403638611.2778294086 3.48082 8.73286 0.86629 -0.33403 0.68247 0.42064 0.49571
1403638611.3778295517 3.46525 8.66257 0.82437 -0.32771 0.68004 0.42512 0.49943
1403638611.4778294563 3.44251 8.58588 0.78647 -0.31558 0.67572 0.43307 0.50622
1403638611.5778295994 3.42299 8.51062 0.75794 -0.30678 0.67527 0.43833 0.50771
1403638611.6778295040 3.39018 8.42754 0.73219 -0.30510 0.67765 0.43875 0.50517
1403638611.7778294086 3.35645 8.34416 0.70560 -0.31075 0.68344 0.43454 0.49752
1403638611.8778295517 3.32575 8.26420 0.67627 -0.31592 0.68907 0.43019 0.49021
1403638611.9778294563 3.29170 8.18148 0.64268 -0.31858 0.69246 0.42761 0.48596
1403638612.0778295994 3.26014 8.10167 0.61291 -0.31797 0.69440 0.42738 0.48379
1403638612.1778295040 3.23240 8.01994 0.58700 -0.31937 0.69565 0.42582 0.48244
1403638612.2778294086 3.20548 7.94067 0.57259 -0.31987 0.69565 0.42518 0.48268
1403638612.3778295517 3.18427 7.85992 0.56095 -0.31824 0.69521 0.42578 0.48386
1403638612.4778294563 3.16090 7.77494 0.54607 -0.31758 0.69401 0.42509 0.48662
1403638612.5778295994 3.14262 7.69272 0.52551 -0.31471 0.69184 0.42565 0.49104
1403638612.6778295040 3.12382 7.61016 0.49785 -0.30893 0.68992 0.42810 0.49528
1403638612.7778294086 3.10036 7.52529 0.46331 -0.30606 0.68901 0.42796 0.49845
1403638612.8778295517 3.07869 7.44366 0.43100 -0.30627 0.68789 0.42568 0.50179
1403638612.9778294563 3.04828 7.35507 0.39946 -0.30717 0.68852 0.42362 0.50213
1403638613.0778295994 3.02136 7.27365 0.37887 -0.30775 0.69132 0.42250 0.49886
1403638613.1778295040 2.99120 7.18972 0.36539 -0.30726 0.69375 0.42226 0.49597
1403638613.2778294086 2.95547 7.09776 0.35767 -0.30642 0.69422 0.42249 0.49565
1403638613.3778295517 2.92427 7.01587 0.35780 -0.30569 0.69378 0.42300 0.49627
1403638613.4778294563 2.88715 6.92448 0.35528 -0.30631 0.69327 0.42191 0.49753
1403638613.5778295994 2.85420 6.84251 0.34693 -0.30555 0.69461 0.41760 0.49976
1403638613.6778295040 2.81969 6.76011 0.33277 -0.30943 0.69535 0.41089 0.50191
1403638613.7778294086 2.77993 6.66949 0.31154 -0.31326 0.69414 0.40320 0.50741
1403638613.8778295517 2.74523 6.58290 0.28211 -0.31021 0.69642 0.39513 0.51250
1403638613.9778294563 2.70481 6.48188 0.24840 -0.30251 0.70254 0.38521 0.51628
1403638614.0778295994 2.66519 6.37766 0.21030 -0.29056 0.71070 0.37336 0.52065
1403638614.1778295040 2.62562 6.27495 0.17332 -0.27587 0.72108 0.36043 0.52348
1403638614.2778294086 2.58374 6.16590 0.14131 -0.26485 0.73011 0.34691 0.52578
1403638614.3778295517 2.54017 6.05393 0.11443 -0.25624 0.73690 0.33744 0.52674
1403638614.4778294563 2.49656 5.94717 0.09723 -0.25276 0.74171 0.32850 0.52732
1403638614.5778295994 2.45237 5.83911 0.08821 -0.24881 0.74628 0.32014 0.52790
1403638614.6778295040 2.41072 5.73319 0.08767 -0.24572 0.75159 0.30814 0.52895
1403638614.7778294086 2.37167 5.62609 0.09920 -0.24382 0.76161 0.29159 0.52485
1403638614.8778295517 2.33487 5.51610 0.11981 -0.23618 0.77288 0.27408 0.52130
1403638614.9778294563 2.30530 5.40727 0.14741 -0.22305 0.78223 0.25501 0.52281
1403638615.0778295994 2.28154 5.29329 0.17854 -0.20500 0.78974 0.23427 0.52859
1403638615.1778295040 2.26401 5.17548 0.21453 -0.18363 0.79330 0.21217 0.54032
1403638615.2778294086 2.25107 5.05666 0.25455 -0.15866 0.79576 0.19078 0.55245
1403638615.3778295517 2.23929 4.93935 0.29023 -0.13735 0.79953 0.16541 0.56083
1403638615.4778294563 2.22785 4.81995 0.31960 -0.11712 0.80272 0.13956 0.56785
1403638615.5778295994 2.21550 4.70044 0.34130 -0.10002 0.80615 0.11528 0.57168
1403638615.6778295040 2.20227 4.58135 0.35847 -0.08676 0.80833 0.09801 0.57399
1403638615.7778294086 2.18821 4.46467 0.38101 -0.07904 0.80969 0.08557 0.57518
1403638615.8778295517 2.17170 4.34854 0.41108 -0.07384 0.81098 0.07382 0.57569
1403638615.9778294563 2.15505 4.23237 0.43938 -0.06663 0.81258 0.06196 0.57570
1403638616.0778295994 2.13755 4.11631 0.46098 -0.05772 0.81324 0.04973 0.57692
1403638616.1778295040 2.11898 4.00025 0.46952 -0.04791 0.81449 0.03568 0.57709
1403638616.2778294086 2.10005 3.88294 0.46142 -0.03727 0.81556 0.01752 0.57721
1403638616.3778295517 2.08033 3.76321 0.43920 -0.02400 0.81632 -0.00175 0.57709
1403638616.4778294563 2.05979 3.64183 0.41030 -0.01342 0.81689 -0.01964 0.57630
1403638616.5778295994 2.03877 3.52150 0.37803 -0.00402 0.81859 -0.03213 0.57346
1403638616.6778295040 2.01808 3.40186 0.34186 0.00186 0.82323 -0.04176 0.56617
1403638616.7778294086 1.99910 3.28238 0.30108 -0.00107 0.83167 -0.05198 0.55283
1403638616.8778295517 1.98592 3.16163 0.26009 -0.00488 0.83740 -0.05870 0.54341
1403638616.9778294563 1.98038 3.03728 0.22814 0.00036 0.83560 -0.05627 0.54645
1403638617.0778295994 1.98210 2.90983 0.20626 0.00598 0.83195 -0.05118 0.55246
1403638617.1778295040 1.98767 2.78084 0.19234 0.01198 0.82907 -0.04422 0.55726
1403638617.2778294086 1.99688 2.65263 0.18262 0.01370 0.83144 -0.03949 0.55403
1403638617.3778295517 2.00986 2.52300 0.17699 0.01342 0.83549 -0.03657 0.54813
1403638617.4778294563 2.02810 2.39544 0.17966 0.01321 0.83826 -0.03333 0.54409
1403638617.5778295994 2.05253 2.26803 0.19046 0.01308 0.83901 -0.03037 0.54311
1403638617.6778295040 2.08376 2.14412 0.21034 0.01417 0.83765 -0.02644 0.54538
1403638617.7778294086 2.12361 2.02761 0.23898 0.01436 0.83607 -0.02374 0.54792
1403638617.8778295517 2.16535 1.91227 0.27496 0.01535 0.83612 -0.02040 0.54795
1403638617.9778294563 2.21256 1.79969 0.31533 0.01329 0.83513 -0.01996 0.54953
1403638618.0778295994 2.26469 1.68985 0.35102 0.01251 0.83479 -0.01870 0.55011
1403638618.1778295040 2.32135 1.58311 0.38067 0.01008 0.83496 -0.01861 0.54990
1403638618.2778294086 2.38280 1.48055 0.40293 0.01050 0.83497 -0.01703 0.54993
1403638618.3778295517 2.44641 1.37992 0.42324 0.01022 0.83424 -0.01597 0.55107
1403638618.4778294563 2.51508 1.28344 0.43922 0.00993 0.83437 -0.01466 0.55093
1403638618.5778295994 2.58581 1.19089 0.45473 0.01103 0.83335 -0.01384 0.55246
1403638618.6778295040 2.66227 1.09931 0.46646 0.01486 0.83323 -0.01690 0.55247
1403638618.7778294086 2.74116 1.01299 0.48327 0.01738 0.83253 -0.02008 0.55335
1403638618.8778295517 2.82474 0.92860 0.50594 0.02037 0.83078 -0.02340 0.55574
1403638618.9778294563 2.91080 0.84826 0.53002 0.02631 0.82669 -0.03234 0.56111
1403638619.0778295994 2.99847 0.76940 0.54708 0.03816 0.82315 -0.04603 0.56467
1403638619.1778295040 3.08570 0.69411 0.55613 0.05170 0.81966 -0.06492 0.56680
1403638619.2778294086 3.17425 0.62127 0.55853 0.06565 0.81584 -0.08903 0.56760
1403638619.3778295517 3.26181 0.55150 0.55187 0.08180 0.81146 -0.11353 0.56741
1403638619.4778294563 3.34814 0.48654 0.54162 0.09234 0.80728 -0.13475 0.56712
1403638619.5778295994 3.43515 0.42476 0.53057 0.09885 0.80369 -0.15048 0.56716
1403638619.6778295040 3.52059 0.36456 0.51684 0.09512 0.80026 -0.16692 0.56805
1403638619.7778294086 3.60326 0.30327 0.50092 0.09150 0.79787 -0.17847 0.56850
1403638619.8778295517 3.68255 0.23936 0.48342 0.09117 0.79577 -0.18490 0.56942
1403638619.9778294563 3.75813 0.17345 0.45971 0.09252 0.79493 -0.18858 0.56918
1403638620.0778295994 3.82731 0.10244 0.44164 0.09462 0.79243 -0.19013 0.57180
1403638620.1778295040 3.89317 0.02945 0.42595 0.09922 0.78939 -0.18904 0.57558
1403638620.2778294086 3.94782 -0.04655 0.42011 0.10193 0.78999 -0.18785 0.57466
1403638620.3778295517 4.00002 -0.12371 0.41944 0.10466 0.79140 -0.18570 0.57293
1403638620.4778294563 4.04081 -0.20146 0.42597 0.10571 0.79255 -0.18356 0.57184
1403638620.5778295994 4.08367 -0.28097 0.43079 0.10529 0.79392 -0.18197 0.57051
1403638620.6778295040 4.12214 -0.36091 0.43027 0.10238 0.79646 -0.18184 0.56754
1403638620.7778294086 4.14775 -0.43999 0.42418 0.09878 0.79984 -0.18219 0.56330
1403638620.8778295517 4.18101 -0.52299 0.41417 0.10200 0.80302 -0.17766 0.55963
1403638620.9778294563 4.21223 -0.60572 0.40084 0.10652 0.80363 -0.17171 0.55978
1403638621.0778295994 4.22934 -0.68365 0.38670 0.11016 0.80203 -0.16668 0.56288
1403638621.1778295040 4.25946 -0.76518 0.37635 0.10882 0.80081 -0.16487 0.56541
1403638621.2778294086 4.28145 -0.84156 0.37211 0.10907 0.79962 -0.16233 0.56776
1403638621.3778295517 4.31022 -0.91942 0.37322 0.11074 0.80050 -0.15931 0.56705
1403638621.4778294563 4.33417 -0.99483 0.36862 0.11127 0.79867 -0.15728 0.57010
1403638621.5778295994 4.36024 -1.06690 0.35897 0.11119 0.79650 -0.15523 0.57369
1403638621.6778295040 4.38234 -1.13475 0.34477 0.11077 0.79554 -0.15423 0.57537
1403638621.7778294086 4.39521 -1.19574 0.32652 0.11164 0.79389 -0.15301 0.57781
1403638621.8778295517 4.41148 -1.25780 0.30443 0.11342 0.79046 -0.15119 0.58262
1403638621.9778294563 4.42245 -1.31375 0.27957 0.11377 0.78793 -0.15057 0.58613
1403638622.0778295994 4.41757 -1.35270 0.25223 0.11227 0.78750 -0.15172 0.58670
1403638622.1778295040 4.41919 -1.40036 0.22017 0.10907 0.78848 -0.15363 0.58549
1403638622.2778294086 4.41404 -1.44168 0.19271 0.10621 0.78784 -0.15603 0.58625
1403638622.3778295517 4.40327 -1.47952 0.17260 0.10681 0.78882 -0.15656 0.58467
1403638622.4778294563 4.37644 -1.50123 0.16554 0.11039 0.78959 -0.15500 0.58338
1403638622.5778295994 4.35733 -1.53780 0.15989 0.11379 0.78938 -0.15367 0.58337
1403638622.6778295040 4.32566 -1.55622 0.16875 0.11761 0.78529 -0.15201 0.58855
1403638622.7778294086 4.29681 -1.58394 0.18293 0.12023 0.77410 -0.15067 0.60300
1403638622.8778295517 4.25527 -1.58899 0.20798 0.12186 0.76927 -0.15033 0.60891
1403638622.9778294563 4.20663 -1.59072 0.22913 0.12039 0.77305 -0.15276 0.60379
1403638623.0778295994 4.15334 -1.59786 0.24171 0.11675 0.77957 -0.15624 0.59517
1403638623.1778295040 4.09305 -1.59871 0.24919 0.11170 0.78350 -0.16001 0.58996
1403638623.2778294086 4.02091 -1.58266 0.25380 0.10865 0.78684 -0.16245 0.58540
1403638623.3778295517 3.95140 -1.58171 0.25191 0.10632 0.78944 -0.16418 0.58183
1403638623.4778294563 3.87281 -1.56481 0.24729 0.10705 0.79108 -0.16409 0.57948
1403638623.5778295994 3.79744 -1.56109 0.24314 0.10839 0.79122 -0.16340 0.57925
1403638623.6778295040 3.71377 -1.55077 0.24829 0.10987 0.79167 -0.16294 0.57848
1403638623.7778294086 3.63077 -1.54574 0.25856 0.11209 0.79268 -0.16270 0.57673
1403638623.8778295517 3.54311 -1.53787 0.27372 0.11351 0.79381 -0.16279 0.57487
1403638623.9778294563 3.44930 -1.52454 0.28836 0.11517 0.79491 -0.16335 0.57286
1403638624.0778295994 3.35739 -1.51471 0.29706 0.11352 0.79522 -0.16613 0.57196
1403638624.1778295040 3.26257 -1.50011 0.30253 0.11117 0.79507 -0.16875 0.57186
1403638624.2778294086 3.16720 -1.48865 0.30058 0.10915 0.79473 -0.17141 0.57193
1403638624.3778295517 3.07240 -1.47715 0.29555 0.10879 0.79424 -0.17319 0.57215
1403638624.4778294563 2.97646 -1.46490 0.28931 0.11028 0.79400 -0.17358 0.57208
1403638624.5778295994 2.87844 -1.45438 0.27592 0.10566 0.78566 -0.17844 0.58286
1403638624.6778295040 2.77779 -1.44449 0.26053 0.10734 0.78137 -0.17621 0.58897
1403638624.7778294086 2.67332 -1.43417 0.24985 0.11224 0.78727 -0.16639 0.58303
1403638624.8778295517 2.56393 -1.42178 0.24530 0.11366 0.79333 -0.15814 0.57680
1403638624.9778294563 2.45795 -1.40816 0.24933 0.10646 0.79650 -0.15611 0.57435
1403638625.0778295994 2.34736 -1.39460 0.25486 0.09887 0.79747 -0.15519 0.57461
1403638625.1778295040 2.23606 -1.38014 0.25451 0.09254 0.79835 -0.15542 0.57438
1403638625.2778294086 2.12923 -1.36919 0.25113 0.09054 0.79918 -0.15385 0.57397
1403638625.3778295517 2.01812 -1.35796 0.24578 0.08943 0.79932 -0.15284 0.57422
1403638625.4778294563 1.91133 -1.35056 0.24701 0.08844 0.79876 -0.15250 0.57525
1403638625.5778295994 1.80086 -1.34231 0.25324 0.08912 0.79931 -0.15180 0.57456
1403638625.6778295040 1.69234 -1.33622 0.26719 0.08927 0.80094 -0.15174 0.57228
1403638625.7778294086 1.58722 -1.33100 0.28538 0.08811 0.80547 -0.15287 0.56576
1403638625.8778295517 1.47996 -1.32684 0.29663 0.08835 0.80810 -0.15327 0.56185
1403638625.9778294563 1.37686 -1.32512 0.30417 0.08944 0.80852 -0.15344 0.56103
1403638626.0778295994 1.27462 -1.32519 0.30522 0.08792 0.80980 -0.15524 0.55892
1403638626.1778295040 1.18212 -1.32545 0.30043 0.08818 0.81018 -0.15569 0.55820
1403638626.2778294086 1.08575 -1.32994 0.29233 0.09114 0.80871 -0.15431 0.56023
1403638626.3778295517 0.98792 -1.33251 0.28138 0.09906 0.80683 -0.14908 0.56301
1403638626.4778294563 0.89694 -1.33717 0.26685 0.10150 0.80559 -0.14691 0.56493
1403638626.5778295994 0.80188 -1.33729 0.25152 0.10221 0.80791 -0.14604 0.56170
1403638626.6778295040 0.71492 -1.33982 0.23672 0.10099 0.80982 -0.14645 0.55906
1403638626.7778294086 0.63132 -1.34047 0.22548 0.09840 0.81370 -0.14820 0.55339
1403638626.8778295517 0.55270 -1.33883 0.22231 0.09791 0.81640 -0.14805 0.54954
1403638626.9778294563 0.48517 -1.33773 0.22466 0.09727 0.81728 -0.14821 0.54830
1403638627.0778295994 0.41860 -1.33996 0.22682 0.09661 0.81738 -0.14784 0.54837
1403638627.1778295040 0.35775 -1.34006 0.22102 0.09590 0.81727 -0.14776 0.54867
1403638627.2778294086 0.30140 -1.34407 0.21567 0.09721 0.81729 -0.14643 0.54877
1403638627.3778295517 0.24976 -1.34764 0.20738 0.09926 0.81670 -0.14456 0.54978
1403638627.4778294563 0.20344 -1.35123 0.19573 0.09947 0.81709 -0.14426 0.54924
1403638627.5778295994 0.16202 -1.35452 0.18214 0.10072 0.81593 -0.14386 0.55083
1403638627.6778295040 0.12798 -1.35297 0.16134 0.10280 0.81290 -0.14310 0.55512
1403638627.7778294086 0.09584 -1.35536 0.14646 0.10455 0.81103 -0.14222 0.55775
1403638627.8778295517 0.06646 -1.35544 0.12975 0.10549 0.81036 -0.14223 0.55854
1403638627.9778294563 0.03859 -1.35474 0.11292 0.10588 0.81230 -0.14234 0.55561
1403638628.0778295994 0.02167 -1.34800 0.08959 0.10688 0.81338 -0.14260 0.55376
1403638628.1778295040 -0.00102 -1.34447 0.07715 0.10796 0.81396 -0.14311 0.55258
1403638628.2778294086 -0.01855 -1.33907 0.06518 0.10811 0.81417 -0.14381 0.55205
1403638628.3778295517 -0.02294 -1.32849 0.05052 0.10681 0.81470 -0.14536 0.55111
1403638628.4778294563 -0.03260 -1.32117 0.04451 0.10088 0.81189 -0.15001 0.55511
1403638628.5778295994 -0.03802 -1.31314 0.04172 0.09282 0.80470 -0.15571 0.56533
1403638628.6778295040 -0.04405 -1.30608 0.04058 0.08729 0.80063 -0.15972 0.57085
1403638628.7778294086 -0.03212 -1.29536 0.03475 0.08909 0.80178 -0.15906 0.56913
1403638628.8778295517 -0.04313 -1.29392 0.02504 0.09353 0.80238 -0.15631 0.56833
1403638628.9778294563 -0.05106 -1.29289 0.01298 0.09841 0.80306 -0.15340 0.56735
1403638629.0778295994 -0.06116 -1.29174 0.00336 0.10317 0.80422 -0.14998 0.56577
1403638629.1778295040 -0.05086 -1.27729 0.00221 0.10563 0.80541 -0.14808 0.56411
1403638629.2778294086 -0.06172 -1.27311 -0.00288 0.10622 0.80573 -0.14731 0.56375
1403638629.3778295517 -0.07208 -1.26455 -0.00339 0.10711 0.80882 -0.14747 0.55910
1403638629.4778294563 -0.07681 -1.25732 -0.00409 0.10572 0.81328 -0.14924 0.55238
1403638629.5778295994 -0.07289 -1.24947 -0.00161 0.10220 0.81627 -0.15208 0.54784
1403638629.6778295040 -0.06586 -1.24322 0.00082 0.09124 0.81413 -0.16044 0.55057
1403638629.7778294086 -0.05797 -1.23875 0.00394 0.08455 0.80849 -0.16580 0.55830
1403638629.8778295517 -0.05124 -1.23721 0.00348 0.08297 0.80207 -0.16751 0.56723
1403638629.9778294563 -0.04631 -1.23936 -0.00508 0.09395 0.79651 -0.16076 0.57524
1403638630.0778295994 -0.04495 -1.24252 -0.02365 0.10298 0.79292 -0.15468 0.58029
1403638630.1778295040 -0.04540 -1.24413 -0.05223 0.10738 0.79569 -0.15126 0.57660
1403638630.2778294086 -0.05087 -1.24511 -0.08623 0.10825 0.80024 -0.15054 0.57029
1403638630.3778295517 -0.05035 -1.24260 -0.11220 0.10437 0.81967 -0.15141 0.54251
1403638630.4778294563 -0.03944 -1.24210 -0.10111 0.10387 0.80163 -0.14984 0.56934
1403638630.5778295994 -0.03049 -1.24198 -0.10262 0.10349 0.80092 -0.15097 0.57011
1403638630.6778295040 -0.02470 -1.24228 -0.12504 0.10091 0.81989 -0.14788 0.54381
1403638630.7778294086 -0.02670 -1.24922 -0.12771 0.10360 0.82671 -0.14206 0.53445
1403638630.8778295517 -0.03552 -1.25081 -0.13283 0.09883 0.82536 -0.14311 0.53715
1403638630.9778294563 -0.04229 -1.25220 -0.13616 0.09903 0.82522 -0.14337 0.53726
1403638631.0778295994 -0.05184 -1.25376 -0.14005 0.09972 0.82529 -0.14289 0.53716
1403638631.1778295040 -0.06122 -1.25573 -0.14388 0.09964 0.82532 -0.14312 0.53705
1403638631.2778294086 -0.07147 -1.25778 -0.14744 0.09953 0.82539 -0.14311 0.53698
1403638631.3778295517 -0.08184 -1.26015 -0.15077 0.09928 0.82546 -0.14330 0.53686
1403638631.4778294563 -0.09223 -1.26281 -0.15394 0.09904 0.82540 -0.14358 0.53693
1403638631.5778295994 -0.10321 -1.26580 -0.15725 0.09894 0.82538 -0.14367 0.53695
1403638631.6778295040 -0.11402 -1.26928 -0.16039 0.09862 0.82538 -0.14407 0.53691
