1403638523.0778295994 0.02352 0.00435 0.35146 -0.07307 0.80692 0.01804 0.58584
1403638523.1778295040 0.02959 -0.00044 0.38335 -0.07268 0.80698 0.01846 0.58580
1403638523.2778294086 0.02898 -0.00899 0.37954 -0.06373 0.80483 0.01838 0.58979
1403638523.3778295517 0.02869 -0.01454 0.35060 -0.05931 0.80384 0.01748 0.59163
1403638523.4778294563 0.02702 -0.02104 0.30789 -0.05467 0.80755 0.02006 0.58691
1403638523.5778295994 0.02252 -0.02823 0.25784 -0.04769 0.81680 0.02439 0.57443
1403638523.6778295040 0.01668 -0.03488 0.20724 -0.04080 0.82619 0.02735 0.56125
1403638523.7778294086 0.01088 -0.04061 0.15835 -0.03720 0.83076 0.03030 0.55457
1403638523.8778295517 0.00428 -0.04531 0.11397 -0.03398 0.83134 0.03325 0.55372
1403638523.9778294563 -0.00221 -0.04824 0.08086 -0.02480 0.83136 0.03932 0.55378
1403638524.0778295994 -0.00527 -0.04951 0.06784 -0.01796 0.83441 0.04778 0.54878
1403638524.1778295040 -0.00554 -0.04716 0.08735 -0.01853 0.83893 0.05271 0.54137
1403638524.2778294086 -0.00422 -0.04669 0.13157 -0.02500 0.83984 0.05395 0.53956
1403638524.3778295517 -0.00006 -0.04628 0.18654 -0.03460 0.83701 0.05253 0.54356
1403638524.4778294563 0.00657 -0.04553 0.24712 -0.04174 0.83037 0.05085 0.55331
1403638524.5778295994 0.01487 -0.04364 0.30718 -0.04502 0.82149 0.04956 0.56628
1403638524.6778295040 0.02371 -0.04101 0.36129 -0.04112 0.81501 0.04411 0.57630
1403638524.7778294086 0.03063 -0.03699 0.40216 -0.02848 0.81117 0.03903 0.58282
1403638524.8778295517 0.03549 -0.03284 0.42821 -0.02477 0.80961 0.03632 0.58532
1403638524.9778294563 0.03719 -0.02988 0.43795 -0.03139 0.80800 0.03864 0.58707
1403638525.0778295994 0.03804 -0.02874 0.42559 -0.02929 0.80525 0.04215 0.59072
1403638525.1778295040 0.03919 -0.02793 0.39210 -0.02716 0.80372 0.04681 0.59254
1403638525.2778294086 0.03764 -0.02928 0.34652 -0.02741 0.80630 0.05185 0.58859
1403638525.3778295517 0.03623 -0.03005 0.29304 -0.03011 0.81514 0.05694 0.57568
1403638525.4778294563 0.03279 -0.03014 0.24119 -0.03869 0.82732 0.05896 0.55729
1403638525.5778295994 0.02849 -0.03207 0.19613 -0.04501 0.83633 0.05857 0.54323
1403638525.6778295040 0.02615 -0.03427 0.15830 -0.04600 0.83923 0.05559 0.53896
1403638525.7778294086 0.02575 -0.03411 0.12810 -0.04307 0.83769 0.04962 0.54218
1403638525.8778295517 0.02504 -0.03492 0.10605 -0.03609 0.83404 0.04521 0.54866
1403638525.9778294563 0.02058 -0.04257 0.09402 -0.02772 0.83258 0.04400 0.55146
1403638526.0778295994 0.01738 -0.06223 0.09254 -0.02334 0.83415 0.04184 0.54946
1403638526.1778295040 0.01497 -0.09152 0.10011 -0.02154 0.83654 0.03274 0.54650
1403638526.2778294086 0.01105 -0.12739 0.11347 -0.01811 0.83561 0.02365 0.54851
1403638526.3778295517 0.00437 -0.16755 0.12800 -0.01580 0.83146 0.01492 0.55516
1403638526.4778294563 -0.00473 -0.21191 0.14056 -0.01452 0.82636 0.00379 0.56294
1403638526.5778295994 -0.01484 -0.26174 0.14906 -0.01318 0.82104 -0.00731 0.57067
1403638526.6778295040 -0.02673 -0.32033 0.15582 -0.00889 0.81590 -0.01567 0.57791
1403638526.7778294086 -0.04153 -0.38419 0.16098 -0.00057 0.81281 -0.02110 0.58215
1403638526.8778295517 -0.05834 -0.44870 0.16445 0.00733 0.81202 -0.02427 0.58307
1403638526.9778294563 -0.07542 -0.51035 0.16750 0.01160 0.81507 -0.03059 0.57844
1403638527.0778295994 -0.09004 -0.56827 0.17111 0.01925 0.81957 -0.04366 0.57099
1403638527.1778295040 -0.10118 -0.61990 0.17671 0.02697 0.82134 -0.05879 0.56676
1403638527.2778294086 -0.10784 -0.66015 0.18333 0.03843 0.81839 -0.07255 0.56877
1403638527.3778295517 -0.10901 -0.68326 0.18948 0.05380 0.81323 -0.08131 0.57371
1403638527.4778294563 -0.10515 -0.68537 0.19296 0.06406 0.80959 -0.08570 0.57717
1403638527.5778295994 -0.09623 -0.66619 0.19341 0.06700 0.80890 -0.08684 0.57763
1403638527.6778295040 -0.08244 -0.62691 0.19088 0.06526 0.80941 -0.08321 0.57765
1403638527.7778294086 -0.06797 -0.58081 0.19082 0.05961 0.81080 -0.07582 0.57732
1403638527.8778295517 -0.05242 -0.52667 0.19335 0.04551 0.81397 -0.07079 0.57479
1403638527.9778294563 -0.03361 -0.46740 0.19627 0.03515 0.81487 -0.06569 0.57483
1403638528.0778295994 -0.01369 -0.40849 0.19781 0.02802 0.81366 -0.05796 0.57777
1403638528.1778295040 0.00583 -0.35343 0.19507 0.01782 0.81406 -0.04865 0.57846
1403638528.2778294086 0.02922 -0.30487 0.19021 0.00487 0.81545 -0.03765 0.57758
1403638528.3778295517 0.05908 -0.26806 0.18407 -0.00275 0.81504 -0.02921 0.57867
1403638528.4778294563 0.09370 -0.24227 0.17890 -0.00167 0.81426 -0.02558 0.57993
1403638528.5778295994 0.12895 -0.22274 0.17622 -0.00060 0.81625 -0.02975 0.57694
1403638528.6778295040 0.16343 -0.20908 0.17651 -0.00215 0.81764 -0.03708 0.57452
1403638528.7778294086 0.19354 -0.20055 0.17990 0.00252 0.81692 -0.04201 0.57521
1403638528.8778295517 0.20857 -0.19288 0.18708 -0.00150 0.81607 -0.04938 0.57584
1403638528.9778294563 0.21064 -0.18060 0.20057 -0.00830 0.81609 -0.05604 0.57514
1403638529.0778295994 0.19320 -0.17197 0.21730 -0.00725 0.81719 -0.05723 0.57347
1403638529.1778295040 0.16596 -0.15488 0.22704 0.00964 0.81831 -0.05033 0.57249
1403638529.2778294086 0.13221 -0.13368 0.22574 0.02131 0.82039 -0.04431 0.56968
1403638529.3778295517 0.09666 -0.10681 0.21421 0.02574 0.82583 -0.04005 0.56190
1403638529.4778294563 0.06576 -0.08623 0.19305 0.02461 0.83608 -0.03754 0.54678
1403638529.5778295994 0.04114 -0.07153 0.16805 0.02253 0.84641 -0.03462 0.53093
1403638529.6778295040 0.01980 -0.06478 0.14407 0.02376 0.85035 -0.03148 0.52473
1403638529.7778294086 0.00824 -0.05796 0.12134 0.02293 0.84687 -0.03071 0.53042
1403638529.8778295517 0.00342 -0.05084 0.10045 0.02147 0.84056 -0.03180 0.54035
1403638529.9778294563 -0.00069 -0.04459 0.08580 0.02106 0.83798 -0.03199 0.54436
1403638530.0778295994 0.00629 -0.04234 0.07457 0.02186 0.83943 -0.03262 0.54205
1403638530.1778295040 0.01927 -0.04259 0.06476 0.02316 0.84121 -0.03725 0.53893
1403638530.2778294086 0.03431 -0.04400 0.05463 0.02561 0.84085 -0.04352 0.53891
1403638530.3778295517 0.04774 -0.04727 0.04469 0.02839 0.84027 -0.04895 0.53921
1403638530.4778294563 0.05956 -0.05099 0.03721 0.02893 0.84007 -0.05305 0.53910
1403638530.5778295994 0.06738 -0.05525 0.03164 0.02849 0.84009 -0.05662 0.53873
1403638530.6778295040 0.07159 -0.05867 0.02677 0.03001 0.84308 -0.05906 0.53369
1403638530.7778294086 0.07463 -0.06082 0.02139 0.03043 0.84651 -0.06083 0.52801
1403638530.8778295517 0.07687 -0.06212 0.01686 0.02884 0.84716 -0.06045 0.52711
1403638530.9778294563 0.07807 -0.06253 0.01383 0.02795 0.84494 -0.06076 0.53066
1403638531.0778295994 0.07811 -0.06224 0.01190 0.02905 0.84151 -0.05969 0.53615
1403638531.1778295040 0.07796 -0.06063 0.01259 0.03012 0.83934 -0.05792 0.53968
1403638531.2778294086 0.07831 -0.05966 0.01114 0.03327 0.83814 -0.05686 0.54146
1403638531.3778295517 0.07818 -0.05895 0.01077 0.03355 0.83688 -0.05734 0.54334
1403638531.4778294563 0.07800 -0.05941 0.01089 0.03406 0.83583 -0.05800 0.54486
1403638531.5778295994 0.07781 -0.05956 0.01076 0.03501 0.83615 -0.05715 0.54440
1403638531.6778295040 0.07779 -0.05941 0.01064 0.03461 0.83623 -0.05800 0.54420
1403638531.7778294086 0.07787 -0.05956 0.01064 0.03532 0.83616 -0.05835 0.54424
1403638531.8778295517 0.07782 -0.05965 0.01061 0.03583 0.83619 -0.05851 0.54413
1403638531.9778294563 0.07785 -0.05978 0.01059 0.03641 0.83616 -0.05880 0.54410
1403638532.0778295994 0.07784 -0.05987 0.01055 0.03691 0.83614 -0.05892 0.54409
1403638532.1778295040 0.07786 -0.05991 0.01053 0.03719 0.83611 -0.05923 0.54409
1403638532.2778294086 0.07787 -0.05995 0.01053 0.03740 0.83607 -0.05965 0.54409
1403638532.3778295517 0.07787 -0.06000 0.01051 0.03763 0.83602 -0.05988 0.54411
1403638532.4778294563 0.07789 -0.06007 0.01052 0.03786 0.83597 -0.06018 0.54415
1403638532.5778295994 0.07788 -0.06012 0.01049 0.03817 0.83596 -0.06043 0.54411
1403638532.6778295040 0.07792 -0.06021 0.01050 0.03851 0.83591 -0.06063 0.54414
1403638532.7778294086 0.07789 -0.06025 0.01050 0.03875 0.83592 -0.06063 0.54411
1403638532.8778295517 0.07790 -0.06027 0.01051 0.03890 0.83591 -0.06072 0.54411
1403638532.9778294563 0.07791 -0.06031 0.01051 0.03900 0.83588 -0.06082 0.54414
1403638533.0778295994 0.07789 -0.06034 0.01050 0.03912 0.83587 -0.06094 0.54413
1403638533.1778295040 0.07792 -0.06037 0.01049 0.03922 0.83582 -0.06108 0.54418
1403638533.2778294086 0.07791 -0.06040 0.01048 0.03932 0.83579 -0.06121 0.54421
1403638533.3778295517 0.07792 -0.06043 0.01048 0.03949 0.83577 -0.06127 0.54422
1403638533.4778294563 0.07794 -0.06047 0.01049 0.03957 0.83575 -0.06136 0.54423
1403638533.5778295994 0.07792 -0.06048 0.01047 0.03965 0.83574 -0.06148 0.54424
1403638533.6778295040 0.07794 -0.06051 0.01047 0.03972 0.83570 -0.06164 0.54427
1403638533.7778294086 0.07793 -0.06053 0.01046 0.03983 0.83567 -0.06176 0.54429
1403638533.8778295517 0.07795 -0.06053 0.01045 0.03969 0.83570 -0.06156 0.54428
1403638533.9778294563 0.07800 -0.06060 0.01044 0.03990 0.83568 -0.06186 0.54425
1403638534.0778295994 0.07793 -0.06064 0.01043 0.04040 0.83559 -0.06239 0.54430
1403638534.1778295040 0.07795 -0.06067 0.01045 0.04013 0.83560 -0.06229 0.54432
1403638534.2778294086 0.07794 -0.06062 0.01049 0.03992 0.83567 -0.06219 0.54423
1403638534.3778295517 0.07796 -0.06062 0.01048 0.04001 0.83565 -0.06227 0.54426
1403638534.4778294563 0.07797 -0.06070 0.01045 0.04022 0.83565 -0.06260 0.54421
1403638534.5778295994 0.07797 -0.06070 0.01046 0.04011 0.83573 -0.06235 0.54412
1403638534.6778295040 0.07802 -0.06068 0.01049 0.03993 0.83574 -0.06219 0.54413
1403638534.7778294086 0.07799 -0.06072 0.01049 0.04004 0.83573 -0.06211 0.54415
1403638534.8778295517 0.07800 -0.06078 0.01048 0.04036 0.83566 -0.06235 0.54420
1403638534.9778294563 0.07797 -0.06084 0.01047 0.04047 0.83568 -0.06247 0.54416
1403638535.0778295994 0.07796 -0.06084 0.01048 0.04036 0.83572 -0.06249 0.54409
1403638535.1778295040 0.07799 -0.06085 0.01047 0.04028 0.83568 -0.06253 0.54416
1403638535.2778294086 0.07796 -0.06085 0.01047 0.04021 0.83566 -0.06252 0.54419
1403638535.3778295517 0.07797 -0.06086 0.01050 0.04025 0.83565 -0.06255 0.54421
1403638535.4778294563 0.07799 -0.06087 0.01051 0.04035 0.83564 -0.06260 0.54420
1403638535.5778295994 0.07801 -0.06086 0.01052 0.04031 0.83565 -0.06257 0.54419
1403638535.6778295040 0.07802 -0.06086 0.01051 0.04025 0.83563 -0.06262 0.54423
1403638535.7778294086 0.07801 -0.06087 0.01050 0.04029 0.83559 -0.06264 0.54428
1403638535.8778295517 0.07801 -0.06088 0.01051 0.04018 0.83559 -0.06258 0.54430
1403638535.9778294563 0.07800 -0.06088 0.01051 0.04012 0.83562 -0.06262 0.54425
1403638536.0778295994 0.07804 -0.06090 0.01052 0.04009 0.83555 -0.06272 0.54434
1403638536.1778295040 0.07804 -0.06091 0.01053 0.04006 0.83553 -0.06276 0.54438
1403638536.2778294086 0.07806 -0.06091 0.01054 0.04006 0.83552 -0.06271 0.54440
1403638536.3778295517 0.07809 -0.06093 0.01055 0.04004 0.83547 -0.06271 0.54448
1403638536.4778294563 0.07807 -0.06091 0.01055 0.03999 0.83544 -0.06267 0.54453
1403638536.5778295994 0.07808 -0.06091 0.01055 0.03986 0.83543 -0.06266 0.54455
1403638536.6778295040 0.07808 -0.06091 0.01055 0.03982 0.83541 -0.06263 0.54459
1403638536.7778294086 0.07805 -0.06090 0.01053 0.03983 0.83535 -0.06268 0.54468
1403638536.8778295517 0.07807 -0.06090 0.01053 0.03971 0.83527 -0.06276 0.54480
1403638536.9778294563 0.07806 -0.06090 0.01053 0.03962 0.83527 -0.06282 0.54480
1403638537.0778295994 0.07808 -0.06088 0.01055 0.03959 0.83525 -0.06273 0.54484
1403638537.1778295040 0.07812 -0.06088 0.01057 0.03972 0.83517 -0.06273 0.54496
1403638537.2778294086 0.07813 -0.06088 0.01061 0.03982 0.83515 -0.06267 0.54498
1403638537.3778295517 0.07814 -0.06088 0.01060 0.03976 0.83511 -0.06263 0.54506
1403638537.4778294563 0.07815 -0.06087 0.01061 0.03967 0.83507 -0.06259 0.54514
1403638537.5778295994 0.07814 -0.06086 0.01066 0.03963 0.83508 -0.06246 0.54513
1403638537.6778295040 0.07813 -0.06085 0.01070 0.03962 0.83507 -0.06241 0.54515
1403638537.7778294086 0.07814 -0.06083 0.01070 0.03952 0.83501 -0.06237 0.54526
1403638537.8778295517 0.07823 -0.06084 0.01075 0.03957 0.83499 -0.06225 0.54530
1403638537.9778294563 0.07820 -0.06081 0.01077 0.03955 0.83492 -0.06231 0.54540
1403638538.0778295994 0.07817 -0.06079 0.01080 0.03946 0.83486 -0.06226 0.54551
1403638538.1778295040 0.07819 -0.06080 0.01082 0.03945 0.83479 -0.06222 0.54561
1403638538.2778294086 0.07833 -0.06078 0.01083 0.03939 0.83474 -0.06208 0.54572
1403638538.3778295517 0.07826 -0.06077 0.01087 0.03948 0.83466 -0.06199 0.54584
1403638538.4778294563 0.07823 -0.06077 0.01095 0.03940 0.83463 -0.06192 0.54590
1403638538.5778295994 0.07824 -0.06076 0.01100 0.03959 0.83455 -0.06194 0.54600
1403638538.6778295040 0.07824 -0.06074 0.01105 0.03939 0.83432 -0.06199 0.54636
1403638538.7778294086 0.07835 -0.06081 0.01140 0.03927 0.83347 -0.06182 0.54770
1403638538.8778295517 0.07974 -0.06042 0.01183 0.03855 0.83238 -0.06127 0.54945
1403638538.9778294563 0.08303 -0.06036 0.01441 0.03949 0.82756 -0.06060 0.55669
1403638539.0778295994 0.08763 -0.06037 0.01791 0.04108 0.82188 -0.06187 0.56480
1403638539.1778295040 0.09546 -0.06040 0.02569 0.04045 0.81648 -0.06220 0.57258
1403638539.2778294086 0.10432 -0.06049 0.04120 0.04032 0.81266 -0.06135 0.57809
1403638539.3778295517 0.11252 -0.06067 0.06455 0.03993 0.81348 -0.06071 0.57704
1403638539.4778294563 0.12136 -0.06145 0.09420 0.03953 0.81542 -0.05957 0.57444
1403638539.5778295994 0.13100 -0.06280 0.12664 0.03913 0.81626 -0.05810 0.57342
1403638539.6778295040 0.14162 -0.06421 0.15402 0.03737 0.81676 -0.05752 0.57289
1403638539.7778294086 0.15114 -0.06513 0.17066 0.03766 0.81794 -0.05561 0.57136
1403638539.8778295517 0.16220 -0.06612 0.18022 0.03668 0.82045 -0.05494 0.56788
1403638539.9778294563 0.17634 -0.06700 0.18849 0.03483 0.82501 -0.05459 0.56140
1403638540.0778295994 0.19688 -0.06760 0.19518 0.03448 0.83092 -0.05431 0.55267
1403638540.1778295040 0.22251 -0.06831 0.20189 0.03412 0.83488 -0.05399 0.54672
1403638540.2778294086 0.25600 -0.06782 0.21686 0.03460 0.83063 -0.05259 0.55325
1403638540.3778295517 0.29364 -0.06951 0.22538 0.03526 0.82449 -0.05050 0.56251
1403638540.4778294563 0.33583 -0.07010 0.23297 0.03207 0.82218 -0.04444 0.56658
1403638540.5778295994 0.38250 -0.06974 0.23833 0.02484 0.82245 -0.03288 0.56734
1403638540.6778295040 0.43146 -0.06890 0.24380 0.01656 0.82265 -0.01562 0.56810
1403638540.7778294086 0.48270 -0.06618 0.24844 0.00874 0.82184 0.00844 0.56959
1403638540.8778295517 0.53533 -0.06042 0.25123 -0.00145 0.82121 0.03651 0.56946
1403638540.9778294563 0.58847 -0.04973 0.25240 -0.01505 0.81971 0.06286 0.56912
1403638541.0778295994 0.64225 -0.03492 0.25137 -0.02871 0.81756 0.08240 0.56920
1403638541.1778295040 0.69786 -0.01627 0.24485 -0.03841 0.81582 0.09570 0.56903
1403638541.2778294086 0.75256 0.00604 0.23629 -0.04356 0.81504 0.10449 0.56824
1403638541.3778295517 0.80807 0.03300 0.23622 -0.04663 0.81488 0.10812 0.56755
1403638541.4778294563 0.86282 0.06456 0.24207 -0.04788 0.81469 0.10835 0.56766
1403638541.5778295994 0.91562 0.10299 0.25421 -0.04716 0.81327 0.10891 0.56965
1403638541.6778295040 0.97203 0.14719 0.27482 -0.05138 0.81156 0.11190 0.57114
1403638541.7778294086 1.02561 0.19810 0.30066 -0.06120 0.81025 0.11750 0.57092
1403638541.8778295517 1.07716 0.25163 0.33501 -0.07305 0.80888 0.12640 0.56957
1403638541.9778294563 1.12692 0.30795 0.36689 -0.08466 0.80785 0.14067 0.56605
1403638542.0778295994 1.17569 0.36686 0.39222 -0.09840 0.80582 0.15765 0.56224
1403638542.1778295040 1.22238 0.42668 0.41107 -0.11357 0.80206 0.17754 0.55883
1403638542.2778294086 1.26936 0.48929 0.42377 -0.12823 0.79819 0.20081 0.55329
1403638542.3778295517 1.31541 0.55179 0.43317 -0.14184 0.79055 0.22264 0.55259
1403638542.4778294563 1.35925 0.61266 0.43994 -0.14814 0.77696 0.24304 0.56154
1403638542.5778295994 1.40124 0.67398 0.44353 -0.14451 0.76486 0.26168 0.57064
1403638542.6778295040 1.43732 0.73884 0.44895 -0.14548 0.76142 0.27126 0.57053
1403638542.7778294086 1.46633 0.80842 0.46070 -0.15480 0.76555 0.27042 0.56288
1403638542.8778295517 1.49027 0.88367 0.47931 -0.16168 0.77098 0.26742 0.55491
1403638542.9778294563 1.50971 0.96069 0.50439 -0.16587 0.77564 0.26431 0.54864
1403638543.0778295994 1.52594 1.03751 0.53165 -0.16861 0.77928 0.26125 0.54410
1403638543.1778295040 1.54147 1.11619 0.55436 -0.16877 0.78057 0.25878 0.54337
1403638543.2778294086 1.55761 1.19487 0.57244 -0.16896 0.78098 0.25641 0.54386
1403638543.3778295517 1.57320 1.27569 0.58326 -0.16837 0.78216 0.25547 0.54278
1403638543.4778294563 1.58942 1.35827 0.59114 -0.17067 0.78116 0.25996 0.54137
1403638543.5778295994 1.60333 1.43818 0.59805 -0.17596 0.77817 0.27118 0.53847
1403638543.6778295040 1.61650 1.52064 0.60071 -0.18302 0.77249 0.28897 0.53504
1403638543.7778294086 1.62740 1.60309 0.60538 -0.19346 0.76438 0.31052 0.53093
1403638543.8778295517 1.63620 1.67885 0.61713 -0.20559 0.75417 0.33346 0.52703
1403638543.9778294563 1.64801 1.76382 0.63580 -0.21991 0.74561 0.35213 0.52126
1403638544.0778295994 1.65964 1.84814 0.65775 -0.23504 0.74158 0.36374 0.51236
1403638544.1778295040 1.67342 1.93497 0.67906 -0.24561 0.73846 0.37050 0.50703
1403638544.2778294086 1.68924 2.02908 0.69451 -0.25243 0.73593 0.37396 0.50482
1403638544.3778295517 1.70499 2.11508 0.70282 -0.25424 0.73521 0.37673 0.50289
1403638544.4778294563 1.72266 2.20314 0.70955 -0.25360 0.73572 0.37802 0.50151
1403638544.5778295994 1.74128 2.29677 0.71482 -0.25552 0.73307 0.37719 0.50502
1403638544.6778295040 1.76058 2.38942 0.72893 -0.26074 0.72657 0.37661 0.51213
1403638544.7778294086 1.77865 2.48105 0.74393 -0.26212 0.72573 0.37762 0.51187
1403638544.8778295517 1.79580 2.57336 0.76104 -0.26024 0.72896 0.38000 0.50646
1403638544.9778294563 1.81318 2.66343 0.76968 -0.26049 0.72977 0.38077 0.50458
1403638545.0778295994 1.83073 2.75327 0.77304 -0.26212 0.72851 0.38076 0.50556
1403638545.1778295040 1.84555 2.84286 0.77402 -0.26209 0.72805 0.38197 0.50533
1403638545.2778294086 1.86275 2.93114 0.76513 -0.26149 0.72739 0.38367 0.50530
1403638545.3778295517 1.88048 3.01788 0.75234 -0.26342 0.72470 0.38284 0.50877
1403638545.4778294563 1.89266 3.09352 0.73798 -0.26600 0.72445 0.38398 0.50693
1403638545.5778295994 1.90769 3.18073 0.72435 -0.27021 0.72217 0.39066 0.50283
1403638545.6778295040 1.91916 3.25857 0.71931 -0.27930 0.71642 0.40226 0.49691
1403638545.7778294086 1.93070 3.33574 0.72059 -0.28844 0.70841 0.41887 0.48939
1403638545.8778295517 1.94319 3.41403 0.72781 -0.29956 0.69753 0.43842 0.48115
1403638545.9778294563 1.95679 3.49295 0.74171 -0.30952 0.68482 0.46037 0.47251
1403638546.0778295994 1.97252 3.57700 0.75839 -0.31602 0.67270 0.47921 0.46686
1403638546.1778295040 1.98872 3.66102 0.77010 -0.32369 0.66390 0.49147 0.46143
1403638546.2778294086 2.00494 3.75109 0.77483 -0.32866 0.65914 0.49897 0.45667
1403638546.3778295517 2.02085 3.84388 0.77433 -0.33491 0.65761 0.50111 0.45197
1403638546.4778294563 2.03599 3.93835 0.76767 -0.33760 0.65725 0.50237 0.44908
1403638546.5778295994 2.05059 4.03525 0.76099 -0.33857 0.65521 0.50555 0.44777
1403638546.6778295040 2.06273 4.13159 0.76073 -0.34212 0.65036 0.51138 0.44550
1403638546.7778294086 2.07517 4.23512 0.77045 -0.34451 0.64581 0.51703 0.44376
1403638546.8778295517 2.08567 4.33799 0.78928 -0.34518 0.64213 0.52195 0.44280
1403638546.9778294563 2.09500 4.44440 0.80572 -0.34387 0.63884 0.52633 0.44341
1403638547.0778295994 2.10367 4.55194 0.81612 -0.34184 0.63636 0.52959 0.44466
1403638547.1778295040 2.10748 4.66403 0.81805 -0.33884 0.63432 0.53278 0.44605
1403638547.2778294086 2.10909 4.77423 0.81839 -0.33692 0.63294 0.53425 0.44772
1403638547.3778295517 2.10207 4.88486 0.81186 -0.34004 0.63440 0.53198 0.44598
1403638547.4778294563 2.09544 4.99763 0.80559 -0.34462 0.63759 0.52827 0.44233
1403638547.5778295994 2.08652 5.11002 0.79417 -0.34770 0.64106 0.52487 0.43894
1403638547.6778295040 2.07118 5.21686 0.77451 -0.34839 0.64223 0.52326 0.43859
1403638547.7778294086 2.05973 5.33294 0.75406 -0.34631 0.64162 0.52380 0.44049
1403638547.8778295517 2.04075 5.43720 0.72620 -0.34292 0.63865 0.52588 0.44496
1403638547.9778294563 2.02443 5.55705 0.70303 -0.34306 0.63853 0.52623 0.44460
1403638548.0778295994 2.00062 5.66383 0.68410 -0.34584 0.63800 0.52857 0.44041
1403638548.1778295040 1.98009 5.79478 0.67727 -0.35018 0.63424 0.53399 0.43585
1403638548.2778294086 1.95364 5.91881 0.67660 -0.35672 0.62781 0.54248 0.42932
1403638548.3778295517 1.92587 6.04769 0.68541 -0.36430 0.61832 0.55393 0.42205
1403638548.4778294563 1.89823 6.17291 0.70230 -0.37240 0.60864 0.56459 0.41487
1403638548.5778295994 1.87138 6.29919 0.71957 -0.37889 0.60064 0.57254 0.40972
1403638548.6778295040 1.84651 6.42154 0.73339 -0.38375 0.59505 0.57807 0.40557
1403638548.7778294086 1.82201 6.54927 0.74436 -0.38649 0.59111 0.58213 0.40291
1403638548.8778295517 1.79758 6.67668 0.76036 -0.38783 0.58890 0.58485 0.40091
1403638548.9778294563 1.77426 6.80046 0.78433 -0.38933 0.58777 0.58590 0.39960
1403638549.0778295994 1.74657 6.93203 0.81011 -0.38985 0.58748 0.58636 0.39884
1403638549.1778295040 1.72153 7.05935 0.84357 -0.39110 0.58737 0.58547 0.39908
1403638549.2778294086 1.69335 7.19267 0.88087 -0.39181 0.58823 0.58452 0.39850
1403638549.3778295517 1.66690 7.32767 0.92341 -0.39409 0.58972 0.58221 0.39744
1403638549.4778294563 1.63904 7.46371 0.96219 -0.39593 0.59117 0.58011 0.39653
1403638549.5778295994 1.61209 7.60433 0.99636 -0.39730 0.59122 0.57842 0.39754
1403638549.6778295040 1.58618 7.74273 1.02458 -0.39865 0.59071 0.57692 0.39914
1403638549.7778294086 1.56131 7.88441 1.05451 -0.39704 0.59087 0.57746 0.39971
1403638549.8778295517 1.53755 8.02339 1.08927 -0.39605 0.59237 0.57764 0.39821
1403638549.9778294563 1.51140 8.17372 1.13454 -0.39567 0.59325 0.57771 0.39717
1403638550.0778295994 1.48871 8.32072 1.18663 -0.39596 0.59358 0.57749 0.39671
1403638550.1778295040 1.46699 8.46871 1.24677 -0.39671 0.59403 0.57742 0.39539
1403638550.2778294086 1.44797 8.61949 1.31330 -0.39619 0.59358 0.57831 0.39528
1403638550.3778295517 1.42860 8.76921 1.38248 -0.39622 0.59255 0.57879 0.39610
1403638550.4778294563 1.41227 8.92188 1.44507 -0.39892 0.59313 0.57729 0.39471
1403638550.5778295994 1.39776 9.07122 1.49808 -0.40277 0.59376 0.57503 0.39315
1403638550.6778295040 1.38761 9.21649 1.54496 -0.40766 0.59211 0.57175 0.39536
1403638550.7778294086 1.38118 9.35987 1.58736 -0.41063 0.59132 0.56967 0.39649
1403638550.8778295517 1.37900 9.50327 1.62576 -0.41656 0.58753 0.56549 0.40188
1403638550.9778294563 1.37861 9.64924 1.66101 -0.42225 0.58335 0.56106 0.40819
1403638551.0778295994 1.38231 9.77812 1.69024 -0.42602 0.58081 0.55821 0.41178
1403638551.1778295040 1.38819 9.90736 1.72178 -0.43047 0.58125 0.55546 0.41025
1403638551.2778294086 1.39913 10.02563 1.75694 -0.43119 0.58296 0.55438 0.40852
1403638551.3778295517 1.41535 10.13949 1.79995 -0.42651 0.59064 0.55143 0.40639
1403638551.4778294563 1.43995 10.23738 1.83453 -0.41924 0.60318 0.54222 0.40794
1403638551.5778295994 1.47019 10.33956 1.86789 -0.41318 0.61835 0.52606 0.41254
1403638551.6778295040 1.50749 10.43890 1.89491 -0.40648 0.63542 0.50775 0.41618
1403638551.7778294086 1.55334 10.53844 1.91784 -0.39741 0.64966 0.48938 0.42487
1403638551.8778295517 1.60733 10.63330 1.93690 -0.38741 0.66031 0.47390 0.43510
1403638551.9778294563 1.66890 10.72043 1.95919 -0.37562 0.66369 0.46625 0.44836
1403638552.0778295994 1.73592 10.79581 1.98847 -0.36619 0.66520 0.46126 0.45897
1403638552.1778295040 1.80572 10.86056 2.02215 -0.36036 0.67008 0.45821 0.45954
1403638552.2778294086 1.87885 10.92250 2.06169 -0.35621 0.67404 0.45729 0.45790
1403638552.3778295517 1.95454 10.97883 2.10038 -0.35820 0.67508 0.45450 0.45759
1403638552.4778294563 2.03419 11.03141 2.13290 -0.36548 0.67146 0.44903 0.46254
1403638552.5778295994 2.11677 11.06820 2.15972 -0.37107 0.66775 0.44564 0.46671
1403638552.6778295040 2.20267 11.09830 2.18061 -0.37169 0.66544 0.44691 0.46831
1403638552.7778294086 2.29165 11.11905 2.19471 -0.37107 0.66477 0.44920 0.46756
1403638552.8778295517 2.38469 11.13913 2.20466 -0.36892 0.66337 0.45316 0.46742
1403638552.9778294563 2.48026 11.14515 2.21033 -0.36459 0.66096 0.45923 0.46831
1403638553.0778295994 2.57773 11.15313 2.21099 -0.36092 0.65865 0.46464 0.46907
1403638553.1778295040 2.67557 11.15103 2.21040 -0.36638 0.65481 0.46336 0.47148
1403638553.2778294086 2.77399 11.14790 2.21007 -0.37369 0.64909 0.46013 0.47678
1403638553.3778295517 2.87244 11.13161 2.21501 -0.37538 0.64386 0.46098 0.48170
1403638553.4778294563 2.96987 11.10626 2.22521 -0.37192 0.63834 0.46452 0.48828
1403638553.5778295994 3.06469 11.07001 2.24097 -0.36888 0.63401 0.46747 0.49339
1403638553.6778295040 3.15750 11.02132 2.25966 -0.36660 0.63307 0.46970 0.49418
1403638553.7778294086 3.24675 10.96153 2.28705 -0.36466 0.63358 0.47150 0.49324
1403638553.8778295517 3.32517 10.88996 2.31920 -0.36236 0.63538 0.47300 0.49118
1403638553.9778294563 3.40950 10.81745 2.35590 -0.36150 0.63851 0.47335 0.48741
1403638554.0778295994 3.47781 10.73010 2.38255 -0.35993 0.64179 0.47428 0.48334
1403638554.1778295040 3.56201 10.65020 2.41223 -0.35490 0.64477 0.47787 0.47954
1403638554.2778294086 3.62866 10.55645 2.42738 -0.34689 0.65059 0.48370 0.47163
1403638554.3778295517 3.71064 10.47431 2.44854 -0.34084 0.65388 0.48823 0.46681
1403638554.4778294563 3.78632 10.39189 2.46589 -0.33808 0.65532 0.49037 0.46454
1403638554.5778295994 3.85642 10.30903 2.47784 -0.33916 0.65621 0.49003 0.46285
1403638554.6778295040 3.91766 10.22036 2.48624 -0.34503 0.65848 0.48625 0.45926
1403638554.7778294086 3.98500 10.13779 2.50447 -0.34998 0.65913 0.48301 0.45800
1403638554.8778295517 4.04665 10.05072 2.52375 -0.35304 0.65928 0.48105 0.45749
1403638554.9778294563 4.11089 9.96455 2.54402 -0.35561 0.65999 0.47787 0.45781
1403638555.0778295994 4.18436 9.88481 2.56172 -0.35202 0.66320 0.47359 0.46040
1403638555.1778295040 4.25012 9.79500 2.56886 -0.34541 0.66930 0.46696 0.46335
1403638555.2778294086 4.32628 9.71349 2.57611 -0.33936 0.67554 0.45889 0.46679
1403638555.3778295517 4.40180 9.62804 2.57670 -0.33230 0.67876 0.45416 0.47181
1403638555.4778294563 4.47629 9.54172 2.57236 -0.32653 0.68087 0.45106 0.47575
1403638555.5778295994 4.54990 9.45537 2.56738 -0.32419 0.68221 0.44837 0.47797
1403638555.6778295040 4.62429 9.36776 2.56908 -0.32356 0.68396 0.44671 0.47744
1403638555.7778294086 4.69690 9.27904 2.58012 -0.32259 0.68515 0.44689 0.47622
1403638555.8778295517 4.76717 9.18672 2.59792 -0.32194 0.68513 0.44789 0.47575
1403638555.9778294563 4.83998 9.10141 2.62339 -0.32067 0.68382 0.44956 0.47693
1403638556.0778295994 4.91212 9.01423 2.65094 -0.31919 0.68389 0.45091 0.47654
1403638556.1778295040 4.98554 8.93427 2.67564 -0.31826 0.68823 0.45149 0.47034
1403638556.2778294086 5.05871 8.85026 2.69298 -0.31681 0.69145 0.45255 0.46553
1403638556.3778295517 5.13509 8.77725 2.70664 -0.31561 0.69353 0.45334 0.46247
1403638556.4778294563 5.21145 8.69908 2.71780 -0.31321 0.69659 0.45465 0.45821
1403638556.5778295994 5.29129 8.63886 2.72947 -0.31275 0.69952 0.45430 0.45440
1403638556.6778295040 5.37316 8.58548 2.74174 -0.32025 0.70204 0.44824 0.45128
1403638556.7778294086 5.45807 8.52135 2.76291 -0.32694 0.69884 0.44348 0.45615
1403638556.8778295517 5.54736 8.47395 2.79040 -0.33280 0.69730 0.43919 0.45839
1403638556.9778294563 5.64089 8.42955 2.82160 -0.33632 0.69581 0.43660 0.46057
1403638557.0778295994 5.73895 8.38601 2.84687 -0.33500 0.69426 0.43803 0.46250
1403638557.1778295040 5.83983 8.34346 2.86502 -0.33348 0.69259 0.43959 0.46461
1403638557.2778294086 5.94324 8.30079 2.87704 -0.33247 0.69146 0.44069 0.46598
1403638557.3778295517 6.05024 8.25735 2.88353 -0.33005 0.69018 0.44282 0.46758
1403638557.4778294563 6.15788 8.21444 2.89128 -0.32464 0.68710 0.44717 0.47174
1403638557.5778295994 6.26586 8.17063 2.90434 -0.32022 0.68466 0.45024 0.47538
1403638557.6778295040 6.37387 8.12656 2.92207 -0.31775 0.68348 0.45207 0.47699
1403638557.7778294086 6.48087 8.08338 2.94297 -0.31777 0.68316 0.45171 0.47778
1403638557.8778295517 6.58562 8.04006 2.95839 -0.31486 0.68313 0.45308 0.47845
1403638557.9778294563 6.69141 7.99636 2.96962 -0.31204 0.68437 0.45471 0.47698
1403638558.0778295994 6.79630 7.95408 2.97568 -0.31095 0.68814 0.45550 0.47147
1403638558.1778295040 6.90070 7.91439 2.97911 -0.30790 0.69398 0.45705 0.46335
1403638558.2778294086 7.00575 7.88013 2.98787 -0.30420 0.69813 0.45877 0.45782
1403638558.3778295517 7.11180 7.85417 3.00720 -0.29935 0.69948 0.46149 0.45622
1403638558.4778294563 7.21587 7.83532 3.03401 -0.29285 0.70316 0.46513 0.45106
1403638558.5778295994 7.32043 7.82619 3.06799 -0.29399 0.70575 0.46385 0.44759
1403638558.6778295040 7.42685 7.82672 3.10728 -0.30224 0.70652 0.45738 0.44753
1403638558.7778294086 7.53577 7.83114 3.14720 -0.31007 0.70624 0.45127 0.44882
1403638558.8778295517 7.65141 7.84266 3.17792 -0.31271 0.70495 0.44914 0.45115
1403638558.9778294563 7.77035 7.85818 3.20132 -0.31461 0.70011 0.44792 0.45851
1403638559.0778295994 7.89036 7.87630 3.21610 -0.31533 0.69561 0.44774 0.46500
1403638559.1778295040 8.01116 7.89728 3.22368 -0.31570 0.69216 0.44813 0.46949
1403638559.2778294086 8.13047 7.91996 3.22417 -0.31368 0.68930 0.45045 0.47282
1403638559.3778295517 8.25006 7.94289 3.21864 -0.31009 0.68698 0.45367 0.47549
1403638559.4778294563 8.36928 7.96712 3.21034 -0.30805 0.68461 0.45585 0.47814
1403638559.5778295994 8.48408 7.99194 3.19740 -0.30704 0.68240 0.45737 0.48048
1403638559.6778295040 8.59527 8.01899 3.18236 -0.30770 0.68133 0.45756 0.48141
1403638559.7778294086 8.69978 8.04471 3.16979 -0.30806 0.68045 0.45825 0.48176
1403638559.8778295517 8.80264 8.07533 3.16423 -0.30936 0.68122 0.45752 0.48052
1403638559.9778294563 8.90111 8.10411 3.15797 -0.30826 0.68479 0.45161 0.48175
1403638560.0778295994 9.00282 8.13829 3.14889 -0.30295 0.69272 0.43879 0.48562
1403638560.1778295040 9.10301 8.17106 3.13228 -0.29333 0.70250 0.42075 0.49338
1403638560.2778294086 9.20165 8.20480 3.11061 -0.28116 0.71339 0.39957 0.50237
1403638560.3778295517 9.29842 8.23750 3.08711 -0.27009 0.72129 0.37528 0.51571
1403638560.4778294563 9.39131 8.26815 3.06031 -0.25756 0.72941 0.35011 0.52825
1403638560.5778295994 9.47881 8.29316 3.02903 -0.24641 0.73873 0.32325 0.53766
1403638560.6778295040 9.56289 8.31393 2.99392 -0.23686 0.74934 0.29529 0.54331
1403638560.7778294086 9.64368 8.32776 2.96232 -0.22976 0.75823 0.26975 0.54729
1403638560.8778295517 9.72204 8.33308 2.93841 -0.21915 0.76477 0.24692 0.55330
1403638560.9778294563 9.80034 8.33195 2.92220 -0.20697 0.76912 0.22591 0.56087
1403638561.0778295994 9.87623 8.32328 2.91345 -0.19482 0.77172 0.20593 0.56928
1403638561.1778295040 9.94736 8.30552 2.91081 -0.18398 0.77314 0.18816 0.57707
1403638561.2778294086 10.01364 8.28047 2.91506 -0.17715 0.77343 0.17470 0.58302
1403638561.3778295517 10.07441 8.24796 2.92106 -0.16810 0.77805 0.16988 0.58097
1403638561.4778294563 10.13110 8.20940 2.92342 -0.15449 0.78391 0.17346 0.57578
1403638561.5778295994 10.18570 8.16740 2.91953 -0.14482 0.78735 0.17814 0.57217
1403638561.6778295040 10.23830 8.12420 2.91051 -0.14098 0.78898 0.18100 0.56998
1403638561.7778294086 10.29032 8.07959 2.89586 -0.14014 0.78907 0.18341 0.56929
1403638561.8778295517 10.33213 8.02889 2.87576 -0.13766 0.78841 0.18406 0.57059
1403638561.9778294563 10.38436 7.98186 2.84993 -0.13261 0.78935 0.17982 0.57184
1403638562.0778295994 10.42015 7.92834 2.82731 -0.12532 0.79115 0.17109 0.57367
1403638562.1778295040 10.46933 7.87900 2.81000 -0.11793 0.79300 0.16154 0.57545
1403638562.2778294086 10.51721 7.83102 2.79721 -0.11166 0.79404 0.15348 0.57748
1403638562.3778295517 10.56039 7.78191 2.79078 -0.10585 0.79496 0.14174 0.58030
1403638562.4778294563 10.59919 7.73059 2.78830 -0.09817 0.79735 0.12591 0.58202
1403638562.5778295994 10.63696 7.67929 2.79301 -0.08889 0.79978 0.10602 0.58413
1403638562.6778295040 10.67080 7.62647 2.80300 -0.08047 0.80277 0.08207 0.58511
1403638562.7778294086 10.70098 7.57192 2.81495 -0.07198 0.80456 0.05603 0.58683
1403638562.8778295517 10.72601 7.51313 2.82372 -0.05884 0.80596 0.03161 0.58820
1403638562.9778294563 10.74611 7.45042 2.82696 -0.04472 0.80689 0.00921 0.58893
1403638563.0778295994 10.76221 7.38408 2.82483 -0.03609 0.80701 -0.01459 0.58925
1403638563.1778295040 10.77289 7.31297 2.81934 -0.02456 0.80710 -0.03399 0.58892
1403638563.2778294086 10.77971 7.23653 2.80980 -0.01342 0.80420 -0.04747 0.59231
1403638563.3778295517 10.77949 7.15538 2.79515 -0.00719 0.79659 -0.05684 0.60179
1403638563.4778294563 10.77124 7.07055 2.77395 -0.00615 0.79066 -0.06356 0.60892
1403638563.5778295994 10.75537 6.98006 2.75140 -0.00065 0.79133 -0.06306 0.60813
1403638563.6778295040 10.73184 6.88500 2.73374 -0.00047 0.79492 -0.06298 0.60344
1403638563.7778294086 10.70248 6.78333 2.72229 -0.00350 0.79724 -0.06318 0.60034
1403638563.8778295517 10.66442 6.67521 2.72091 -0.00663 0.79688 -0.06224 0.60089
1403638563.9778294563 10.62486 6.56134 2.72295 -0.01020 0.79584 -0.06046 0.60239
1403638564.0778295994 10.57386 6.44151 2.72514 -0.01464 0.79652 -0.05817 0.60163
1403638564.1778295040 10.51671 6.31565 2.72205 -0.01637 0.79645 -0.05344 0.60211
1403638564.2778294086 10.46065 6.18110 2.71451 -0.01563 0.79484 -0.04784 0.60473
1403638564.3778295517 10.39026 6.04549 2.71461 -0.01571 0.79343 -0.04275 0.60695
1403638564.4778294563 10.32013 5.90287 2.72042 -0.01509 0.79217 -0.03838 0.60890
1403638564.5778295994 10.23319 5.75974 2.73171 -0.01779 0.79398 -0.03784 0.60650
1403638564.6778295040 10.14497 5.61237 2.74240 -0.02289 0.79577 -0.04063 0.60380
1403638564.7778294086 10.04320 5.46072 2.74577 -0.02662 0.79641 -0.04365 0.60259
1403638564.8778295517 9.94283 5.30330 2.74459 -0.02877 0.79596 -0.04609 0.60290
1403638564.9778294563 9.83320 5.13637 2.72047 -0.03060 0.79546 -0.04776 0.60334
1403638565.0778295994 9.72217 4.96444 2.68539 -0.03175 0.79587 -0.04845 0.60269
1403638565.1778295040 9.60729 4.78832 2.63437 -0.03213 0.79665 -0.04865 0.60162
1403638565.2778294086 9.48883 4.60868 2.57684 -0.03039 0.79764 -0.04785 0.60046
1403638565.3778295517 9.36757 4.42568 2.51617 -0.02753 0.79868 -0.04661 0.59931
1403638565.4778294563 9.24340 4.23738 2.45369 -0.02449 0.79801 -0.04568 0.60041
1403638565.5778295994 9.11728 4.04704 2.39703 -0.01780 0.79586 -0.04347 0.60366
1403638565.6778295040 8.98638 3.85447 2.34835 -0.00592 0.79551 -0.03755 0.60475
1403638565.7778294086 8.85312 3.66396 2.30391 0.00328 0.79817 -0.03324 0.60150
1403638565.8778295517 8.71142 3.47561 2.26723 0.01069 0.80031 -0.03005 0.59873
1403638565.9778294563 8.56461 3.28854 2.23398 0.01327 0.80212 -0.03070 0.59623
1403638566.0778295994 8.41469 3.10334 2.19508 0.01490 0.80311 -0.03114 0.59484
1403638566.1778295040 8.26238 2.91993 2.14743 0.01288 0.80325 -0.03260 0.59461
1403638566.2778294086 8.10760 2.73864 2.09106 0.01349 0.80280 -0.03179 0.59524
1403638566.3778295517 7.95277 2.55951 2.02588 0.01375 0.80374 -0.03072 0.59403
1403638566.4778294563 7.79774 2.38251 1.95461 0.01038 0.80394 -0.03139 0.59379
1403638566.5778295994 7.64386 2.20971 1.87718 0.00968 0.80704 -0.02953 0.58968
1403638566.6778295040 7.48974 2.04076 1.79230 0.00899 0.81632 -0.02758 0.57687
1403638566.7778294086 7.34015 1.87629 1.70211 0.00842 0.82800 -0.02561 0.56009
1403638566.8778295517 7.19812 1.71619 1.60862 0.00689 0.83601 -0.02426 0.54814
1403638566.9778294563 7.06515 1.56022 1.51279 0.00695 0.83989 -0.02132 0.54230
1403638567.0778295994 6.94174 1.41035 1.41881 0.00657 0.83170 -0.01986 0.55484
1403638567.1778295040 6.82661 1.26274 1.32192 0.00836 0.81924 -0.01781 0.57312
1403638567.2778294086 6.71664 1.11884 1.22014 0.01128 0.81050 -0.01604 0.58541
1403638567.3778295517 6.60492 0.97842 1.11361 0.01412 0.80857 -0.01540 0.58803
1403638567.4778294563 6.49213 0.84229 1.01091 0.01602 0.80938 -0.01623 0.58684
1403638567.5778295994 6.37713 0.70838 0.91455 0.01740 0.81295 -0.01787 0.58180
1403638567.6778295040 6.25993 0.57598 0.82778 0.02081 0.81623 -0.01834 0.57706
1403638567.7778294086 6.14640 0.44870 0.75059 0.02291 0.81952 -0.01887 0.57229
1403638567.8778295517 6.03975 0.32747 0.68210 0.02219 0.82296 -0.02111 0.56727
1403638567.9778294563 5.94335 0.21307 0.62078 0.02221 0.82391 -0.02213 0.56585
1403638568.0778295994 5.85360 0.10382 0.56894 0.02530 0.82373 -0.02042 0.56605
1403638568.1778295040 5.76861 0.00068 0.52774 0.02741 0.82300 -0.01921 0.56706
1403638568.2778294086 5.68715 -0.09693 0.49484 0.02847 0.82286 -0.01956 0.56719
1403638568.3778295517 5.61057 -0.18842 0.46399 0.02865 0.82335 -0.01997 0.56647
1403638568.4778294563 5.52777 -0.27923 0.42311 0.02921 0.82419 -0.01990 0.56521
1403638568.5778295994 5.46475 -0.35690 0.38868 0.03023 0.82558 -0.01931 0.56314
1403638568.6778295040 5.39229 -0.43783 0.34289 0.03164 0.82736 -0.01794 0.56049
1403638568.7778294086 5.34254 -0.49995 0.31140 0.03137 0.82873 -0.01800 0.55848
1403638568.8778295517 5.29657 -0.55460 0.28813 0.02949 0.82814 -0.01966 0.55940
1403638568.9778294563 5.24157 -0.61599 0.26401 0.03144 0.82757 -0.01798 0.56019
1403638569.0778295994 5.20772 -0.65913 0.25844 0.03305 0.82738 -0.01699 0.56041
1403638569.1778295040 5.16348 -0.70870 0.25073 0.03368 0.82820 -0.01696 0.55916
1403638569.2778294086 5.13970 -0.73862 0.25300 0.03588 0.82948 -0.01597 0.55715
1403638569.3778295517 5.10550 -0.77666 0.24150 0.03677 0.82939 -0.01573 0.55724
1403638569.4778294563 5.09300 -0.79762 0.23100 0.03735 0.82798 -0.01532 0.55930
1403638569.5778295994 5.07033 -0.82331 0.21209 0.03805 0.82670 -0.01497 0.56116
1403638569.6778295040 5.05545 -0.83927 0.20032 0.03714 0.82558 -0.01591 0.56284
1403638569.7778294086 5.04381 -0.84870 0.19509 0.03809 0.82473 -0.01528 0.56403
1403638569.8778295517 5.05384 -0.84257 0.19684 0.03914 0.82348 -0.01417 0.56582
1403638569.9778294563 5.04409 -0.84407 0.20049 0.03790 0.82194 -0.01501 0.56812
1403638570.0778295994 5.04090 -0.83704 0.20200 0.03557 0.82134 -0.01653 0.56909
1403638570.1778295040 5.03941 -0.82563 0.19712 0.03061 0.82151 -0.01930 0.56904
1403638570.2778294086 5.03838 -0.81168 0.18596 0.02301 0.82101 -0.02390 0.56995
1403638570.3778295517 5.03900 -0.79637 0.17022 0.01667 0.82079 -0.03119 0.57014
1403638570.4778294563 5.08222 -0.77215 0.15136 0.01222 0.82045 -0.04661 0.56969
1403638570.5778295994 5.08352 -0.76498 0.12424 0.00509 0.81798 -0.07361 0.57049
1403638570.6778295040 5.10234 -0.76153 0.09291 0.00571 0.81303 -0.10273 0.57306
1403638570.7778294086 5.11138 -0.77083 0.05908 0.01271 0.80211 -0.13030 0.58265
1403638570.8778295517 5.11243 -0.79161 0.02360 0.02506 0.79057 -0.15478 0.59196
1403638570.9778294563 5.10525 -0.82344 -0.01503 0.04033 0.78254 -0.17619 0.59579
1403638571.0778295994 5.08937 -0.86591 -0.05775 0.05708 0.77993 -0.19532 0.59186
1403638571.1778295040 5.06348 -0.91733 -0.09840 0.07855 0.78266 -0.20776 0.58147
1403638571.2778294086 5.03156 -0.97556 -0.12941 0.09874 0.78393 -0.21433 0.57425
1403638571.3778295517 4.99191 -1.03812 -0.15072 0.11137 0.78330 -0.21977 0.57074
1403638571.4778294563 4.94608 -1.10495 -0.16295 0.11728 0.78050 -0.22455 0.57153
1403638571.5778295994 4.89518 -1.17498 -0.17201 0.12417 0.77810 -0.22881 0.57165
1403638571.6778295040 4.84038 -1.24792 -0.18557 0.13041 0.77783 -0.23822 0.56676
1403638571.7778294086 4.78238 -1.32450 -0.20438 0.13855 0.77732 -0.25165 0.55969
1403638571.8778295517 4.72224 -1.40446 -0.22742 0.14593 0.77440 -0.26935 0.55359
1403638571.9778294563 4.65891 -1.48905 -0.24681 0.15368 0.76841 -0.28931 0.54975
1403638572.0778295994 4.59238 -1.57754 -0.25853 0.16283 0.76154 -0.30849 0.54624
1403638572.1778295040 4.52104 -1.67020 -0.26146 0.17861 0.75473 -0.32365 0.54197
1403638572.2778294086 4.44595 -1.76580 -0.25948 0.19281 0.75045 -0.34025 0.53280
1403638572.3778295517 4.36990 -1.86488 -0.25904 0.20603 0.74564 -0.35858 0.52248
1403638572.4778294563 4.29392 -1.96727 -0.26127 0.22012 0.74167 -0.37168 0.51315
1403638572.5778295994 4.21917 -2.07351 -0.26427 0.23112 0.73785 -0.38034 0.50745
1403638572.6778295040 4.14658 -2.18265 -0.26592 0.23708 0.73605 -0.38572 0.50324
1403638572.7778294086 4.07681 -2.29663 -0.25919 0.24498 0.73741 -0.38547 0.49761
1403638572.8778295517 4.01171 -2.41344 -0.24417 0.24867 0.73984 -0.38473 0.49274
1403638572.9778294563 3.95110 -2.53291 -0.22406 0.24936 0.74199 -0.38367 0.48997
1403638573.0778295994 3.89522 -2.65489 -0.20831 0.24872 0.74405 -0.38243 0.48813
1403638573.1778295040 3.84360 -2.77930 -0.19942 0.24699 0.74565 -0.38121 0.48752
1403638573.2778294086 3.79487 -2.90605 -0.19155 0.24538 0.74705 -0.37921 0.48776
1403638573.3778295517 3.75300 -3.03614 -0.18425 0.24465 0.74782 -0.37832 0.48763
1403638573.4778294563 3.71533 -3.16839 -0.17154 0.24777 0.74793 -0.37847 0.48576
1403638573.5778295994 3.68556 -3.30427 -0.15314 0.24951 0.74784 -0.37880 0.48476
1403638573.6778295040 3.66112 -3.44084 -0.12769 0.25244 0.74818 -0.37943 0.48222
1403638573.7778294086 3.64295 -3.57946 -0.09787 0.25933 0.74456 -0.38295 0.48139
1403638573.8778295517 3.63086 -3.71891 -0.06906 0.27288 0.73426 -0.38871 0.48508
1403638573.9778294563 3.62349 -3.85765 -0.04530 0.28451 0.71886 -0.40244 0.49024
1403638574.0778295994 3.61830 -3.99350 -0.02850 0.29009 0.69866 -0.42421 0.49776
1403638574.1778295040 3.61343 -4.12468 -0.01758 0.29588 0.67659 -0.44843 0.50358
1403638574.2778294086 3.60565 -4.25247 -0.01072 0.30516 0.65809 -0.47086 0.50208
1403638574.3778295517 3.59086 -4.37636 -0.00734 0.31761 0.64494 -0.49090 0.49213
1403638574.4778294563 3.56961 -4.49795 -0.00718 0.33118 0.63348 -0.50904 0.47947
1403638574.5778295994 3.54407 -4.61643 -0.00364 0.34166 0.62297 -0.52328 0.47049
1403638574.6778295040 3.51465 -4.73402 0.00814 0.35358 0.61669 -0.53040 0.46189
1403638574.7778294086 3.48501 -4.85313 0.02573 0.36446 0.61661 -0.53291 0.45053
1403638574.8778295517 3.45477 -4.97207 0.04741 0.36587 0.61881 -0.53723 0.44113
1403638574.9778294563 3.42327 -5.08896 0.06413 0.36450 0.62132 -0.54040 0.43482
1403638575.0778295994 3.39167 -5.20444 0.07248 0.35689 0.62008 -0.54571 0.43628
1403638575.1778295040 3.35765 -5.31836 0.07491 0.35097 0.61749 -0.54900 0.44059
1403638575.2778294086 3.32029 -5.43412 0.07544 0.34751 0.61621 -0.54984 0.44406
1403638575.3778295517 3.28025 -5.55039 0.06882 0.34439 0.61962 -0.54979 0.44180
1403638575.4778294563 3.23680 -5.66854 0.06027 0.34267 0.62513 -0.54809 0.43749
1403638575.5778295994 3.19101 -5.78877 0.04965 0.34191 0.63017 -0.54551 0.43406
1403638575.6778295040 3.14314 -5.91359 0.04653 0.34556 0.63649 -0.54017 0.42859
1403638575.7778294086 3.09530 -6.04125 0.05177 0.34675 0.64303 -0.53705 0.42173
1403638575.8778295517 3.04980 -6.17293 0.06703 0.34679 0.64725 -0.53490 0.41796
1403638575.9778294563 3.00832 -6.30917 0.09316 0.34633 0.64760 -0.53412 0.41879
1403638576.0778295994 2.97010 -6.44950 0.12665 0.34703 0.64820 -0.53271 0.41908
1403638576.1778295040 2.93472 -6.59589 0.16566 0.34788 0.64660 -0.53229 0.42137
1403638576.2778294086 2.90385 -6.74329 0.20096 0.35202 0.64707 -0.52973 0.42044
1403638576.3778295517 2.87698 -6.89455 0.22995 0.35670 0.64855 -0.52673 0.41797
1403638576.4778294563 2.85534 -7.04907 0.25375 0.36063 0.65112 -0.52418 0.41379
1403638576.5778295994 2.84057 -7.20645 0.27275 0.36530 0.65519 -0.52122 0.40696
1403638576.6778295040 2.83412 -7.36463 0.28708 0.36853 0.65663 -0.51901 0.40454
1403638576.7778294086 2.83648 -7.52558 0.29654 0.37342 0.65421 -0.51538 0.40860
1403638576.8778295517 2.84604 -7.68679 0.30052 0.37608 0.64917 -0.51370 0.41624
1403638576.9778294563 2.86247 -7.84796 0.29967 0.37400 0.64279 -0.51558 0.42558
1403638577.0778295994 2.88460 -8.00625 0.29808 0.36967 0.63904 -0.51904 0.43078
1403638577.1778295040 2.91028 -8.16294 0.30444 0.36680 0.63627 -0.52122 0.43469
1403638577.2778294086 2.93857 -8.31652 0.31647 0.36718 0.63680 -0.52098 0.43386
1403638577.3778295517 2.96907 -8.47103 0.33768 0.37389 0.64099 -0.51604 0.42782
1403638577.4778294563 3.00331 -8.62355 0.36431 0.37829 0.64344 -0.51276 0.42421
1403638577.5778295994 3.04259 -8.77553 0.38742 0.37533 0.64347 -0.51454 0.42464
1403638577.6778295040 3.08668 -8.92546 0.40510 0.37192 0.64248 -0.51667 0.42656
1403638577.7778294086 3.13424 -9.07391 0.41534 0.36915 0.64205 -0.51820 0.42775
1403638577.8778295517 3.18540 -9.22224 0.42003 0.36880 0.64227 -0.51792 0.42805
1403638577.9778294563 3.24078 -9.36619 0.42187 0.36957 0.64285 -0.51650 0.42824
1403638578.0778295994 3.30009 -9.51380 0.43033 0.36845 0.64211 -0.51645 0.43038
1403638578.1778295040 3.36461 -9.65489 0.44478 0.36376 0.63919 -0.51889 0.43574
1403638578.2778294086 3.43011 -9.79737 0.46472 0.35516 0.63443 -0.52446 0.44307
1403638578.3778295517 3.49494 -9.94006 0.48465 0.35304 0.63214 -0.52610 0.44607
1403638578.4778294563 3.55788 -10.08068 0.49830 0.35318 0.63178 -0.52651 0.44599
1403638578.5778295994 3.61850 -10.21885 0.50728 0.35315 0.63126 -0.52721 0.44593
1403638578.6778295040 3.67637 -10.36143 0.51144 0.35558 0.63115 -0.52605 0.44553
1403638578.7778294086 3.73287 -10.49627 0.51356 0.36091 0.63371 -0.52262 0.44162
1403638578.8778295517 3.78873 -10.63611 0.51172 0.36602 0.63650 -0.51894 0.43772
1403638578.9778294563 3.84954 -10.76550 0.50894 0.36847 0.63789 -0.51682 0.43616
1403638579.0778295994 3.91106 -10.90231 0.51464 0.36890 0.63859 -0.51578 0.43599
1403638579.1778295040 3.97901 -11.02837 0.52951 0.36944 0.63867 -0.51495 0.43639
1403638579.2778294086 4.04652 -11.16040 0.55085 0.36720 0.63774 -0.51603 0.43837
1403638579.3778295517 4.11715 -11.27604 0.57313 0.36142 0.63461 -0.51981 0.44323
1403638579.4778294563 4.18679 -11.40407 0.59096 0.35557 0.63043 -0.52373 0.44926
1403638579.5778295994 4.25585 -11.51716 0.60157 0.35424 0.62793 -0.52107 0.45684
1403638579.6778295040 4.32215 -11.63048 0.60723 0.35624 0.62851 -0.50896 0.46800
1403638579.7778294086 4.38840 -11.74178 0.60761 0.35458 0.63892 -0.48994 0.47541
1403638579.8778295517 4.45352 -11.84648 0.60026 0.34394 0.65885 -0.46866 0.47747
1403638579.9778294563 4.51828 -11.94525 0.58705 0.32680 0.67880 -0.44356 0.48548
1403638580.0778295994 4.58329 -12.03973 0.57303 0.31223 0.69314 -0.40908 0.50470
1403638580.1778295040 4.64838 -12.12524 0.55634 0.29220 0.70721 -0.37218 0.52531
1403638580.2778294086 4.70824 -12.19718 0.53451 0.26575 0.72398 -0.33735 0.53984
1403638580.3778295517 4.76454 -12.26311 0.50595 0.23544 0.74003 -0.31101 0.54790
1403638580.4778294563 4.81457 -12.32344 0.47208 0.20931 0.75153 -0.29448 0.55197
1403638580.5778295994 4.86007 -12.38074 0.43632 0.19178 0.75876 -0.28109 0.55543
1403638580.6778295040 4.90159 -12.43519 0.40100 0.17644 0.76879 -0.26637 0.55397
1403638580.7778294086 4.93918 -12.48861 0.37246 0.16608 0.77884 -0.25125 0.55018
1403638580.8778295517 4.97461 -12.54351 0.35281 0.16126 0.78573 -0.24022 0.54673
1403638580.9778294563 5.01150 -12.59963 0.34452 0.15526 0.78721 -0.23656 0.54793
1403638581.0778295994 5.04763 -12.65373 0.34553 0.15395 0.78826 -0.23460 0.54765
1403638581.1778295040 5.08131 -12.70838 0.35429 0.15646 0.78821 -0.23299 0.54768
1403638581.2778294086 5.11293 -12.76079 0.36420 0.16047 0.78833 -0.23265 0.54649
1403638581.3778295517 5.14612 -12.80575 0.38014 0.16373 0.78716 -0.23372 0.54676
1403638581.4778294563 5.17670 -12.85408 0.39070 0.16644 0.78507 -0.23542 0.54821
1403638581.5778295994 5.20665 -12.88515 0.42317 0.16948 0.78460 -0.23741 0.54709
1403638581.6778295040 5.23900 -12.92880 0.43971 0.17454 0.78052 -0.23740 0.55133
1403638581.7778294086 5.25978 -12.93560 0.47518 0.17667 0.77697 -0.23905 0.55494
1403638581.8778295517 5.27935 -12.93570 0.50114 0.17970 0.77391 -0.23908 0.55823
1403638581.9778294563 5.30851 -12.96398 0.50637 0.18351 0.76634 -0.23748 0.56802
1403638582.0778295994 5.33094 -12.96856 0.51923 0.18236 0.76813 -0.23923 0.56524
1403638582.1778295040 5.35442 -12.98000 0.53487 0.17843 0.77551 -0.24241 0.55496
1403638582.2778294086 5.37800 -12.99507 0.55872 0.17892 0.77851 -0.24240 0.55059
1403638582.3778295517 5.40422 -13.00561 0.59460 0.18145 0.77525 -0.24017 0.55533
1403638582.4778294563 5.42881 -13.01558 0.63763 0.18356 0.77406 -0.23859 0.55696
1403638582.5778295994 5.45298 -13.02145 0.69292 0.18461 0.77346 -0.23752 0.55791
1403638582.6778295040 5.47736 -13.02432 0.75243 0.18443 0.77454 -0.23776 0.55637
1403638582.7778294086 5.49958 -13.02055 0.82536 0.18270 0.77611 -0.23953 0.55398
1403638582.8778295517 5.52165 -13.01436 0.89893 0.18316 0.77744 -0.24007 0.55173
1403638582.9778294563 5.54367 -13.00536 0.96602 0.18202 0.77966 -0.24166 0.54826
1403638583.0778295994 5.56525 -12.99383 1.02525 0.18111 0.78219 -0.24334 0.54422
1403638583.1778295040 5.58759 -12.98026 1.07669 0.18109 0.78379 -0.24405 0.54159
1403638583.2778294086 5.61193 -12.96522 1.12194 0.17985 0.78439 -0.24533 0.54055
1403638583.3778295517 5.63938 -12.94944 1.15254 0.18029 0.78409 -0.24488 0.54105
1403638583.4778294563 5.66830 -12.93051 1.19078 0.18046 0.78478 -0.24496 0.53995
1403638583.5778295994 5.69896 -12.91174 1.23499 0.18059 0.78476 -0.24486 0.53998
1403638583.6778295040 5.73047 -12.89070 1.28664 0.18228 0.78506 -0.24362 0.53954
1403638583.7778294086 5.76366 -12.86738 1.33881 0.18201 0.78476 -0.24363 0.54006
1403638583.8778295517 5.79519 -12.82914 1.35687 0.18272 0.78395 -0.24315 0.54121
1403638583.9778294563 5.83421 -12.80583 1.39686 0.18310 0.78398 -0.24281 0.54120
1403638584.0778295994 5.86967 -12.77574 1.42928 0.18598 0.78054 -0.24060 0.54614
1403638584.1778295040 5.90519 -12.73695 1.43222 0.19003 0.77160 -0.23722 0.55879
1403638584.2778294086 5.93995 -12.69670 1.45494 0.19215 0.76258 -0.23499 0.57126
1403638584.3778295517 5.96393 -12.64663 1.43936 0.19377 0.75980 -0.23376 0.57489
1403638584.4778294563 5.97546 -12.58857 1.41725 0.19457 0.75973 -0.23308 0.57501
1403638584.5778295994 5.99531 -12.53237 1.42221 0.19422 0.75993 -0.23316 0.57482
1403638584.6778295040 6.01118 -12.47013 1.43471 0.19195 0.76175 -0.23447 0.57263
1403638584.7778294086 5.99942 -12.39582 1.41624 0.18834 0.76859 -0.23666 0.56374
1403638584.8778295517 6.01026 -12.32297 1.44368 0.18206 0.77628 -0.24120 0.55323
1403638584.9778294563 5.99710 -12.24413 1.43127 0.18020 0.77988 -0.24311 0.54792
1403638585.0778295994 5.99059 -12.16475 1.42042 0.17988 0.78116 -0.24374 0.54591
1403638585.1778295040 6.00098 -12.08909 1.42877 0.17748 0.78102 -0.24536 0.54617
1403638585.2778294086 5.97668 -12.01615 1.39152 0.17855 0.77916 -0.24460 0.54882
1403638585.3778295517 5.98090 -11.94084 1.38261 0.17910 0.77710 -0.24391 0.55186
1403638585.4778294563 5.96767 -11.86938 1.36702 0.17900 0.77739 -0.24409 0.55140
1403638585.5778295994 5.97635 -11.79331 1.36514 0.17816 0.77924 -0.24424 0.54899
1403638585.6778295040 5.96790 -11.72116 1.36912 0.17802 0.78184 -0.24420 0.54534
1403638585.7778294086 5.97768 -11.64416 1.38289 0.17490 0.78690 -0.24631 0.53808
1403638585.8778295517 5.97380 -11.57158 1.40737 0.17239 0.79079 -0.24819 0.53230
1403638585.9778294563 5.97663 -11.50052 1.44068 0.17060 0.79074 -0.25020 0.53200
1403638586.0778295994 5.98408 -11.42950 1.47540 0.17255 0.78663 -0.24957 0.53774
1403638586.1778295040 6.00560 -11.36013 1.50093 0.17437 0.78385 -0.24909 0.54141
1403638586.2778294086 6.01372 -11.28923 1.52286 0.17664 0.78129 -0.24795 0.54488
1403638586.3778295517 6.03605 -11.22301 1.53868 0.18243 0.77825 -0.24435 0.54895
1403638586.4778294563 6.04045 -11.14565 1.54964 0.19048 0.77658 -0.23938 0.55076
1403638586.5778295994 6.06120 -11.07513 1.55432 0.19269 0.77589 -0.23821 0.55148
1403638586.6778295040 6.06031 -10.98694 1.55021 0.18983 0.77677 -0.24040 0.55027
1403638586.7778294086 6.08018 -10.91262 1.54161 0.18574 0.77645 -0.24312 0.55092
1403638586.8778295517 6.07671 -10.82398 1.52510 0.18353 0.77535 -0.24403 0.55281
1403638586.9778294563 6.09346 -10.74542 1.50540 0.18376 0.77511 -0.24375 0.55320
1403638587.0778295994 6.08454 -10.65664 1.48390 0.18296 0.77491 -0.24423 0.55353
1403638587.1778295040 6.09827 -10.57397 1.46696 0.18252 0.77612 -0.24418 0.55200
1403638587.2778294086 6.09137 -10.48122 1.46018 0.18175 0.77779 -0.24428 0.54985
1403638587.3778295517 6.10213 -10.39543 1.45718 0.18116 0.77939 -0.24461 0.54762
1403638587.4778294563 6.09596 -10.30241 1.46000 0.17932 0.77945 -0.24636 0.54737
1403638587.5778295994 6.10706 -10.21356 1.45880 0.17852 0.77951 -0.24734 0.54709
1403638587.6778295040 6.10288 -10.12230 1.45474 0.17829 0.77907 -0.24788 0.54756
1403638587.7778294086 6.11290 -10.03466 1.44256 0.17824 0.77870 -0.24828 0.54792
1403638587.8778295517 6.11418 -9.94783 1.42837 0.17739 0.77828 -0.24915 0.54839
1403638587.9778294563 6.12471 -9.86154 1.40743 0.17719 0.77790 -0.24963 0.54879
1403638588.0778295994 6.12644 -9.77659 1.38534 0.17829 0.77740 -0.24848 0.54966
1403638588.1778295040 6.13465 -9.69250 1.35710 0.18491 0.77820 -0.24406 0.54831
1403638588.2778294086 6.13466 -9.60602 1.33106 0.18771 0.77895 -0.24160 0.54739
1403638588.3778295517 6.14428 -9.51751 1.31010 0.18836 0.77931 -0.24088 0.54697
1403638588.4778294563 6.14780 -9.42613 1.29775 0.18663 0.77922 -0.24187 0.54725
1403638588.5778295994 6.15669 -9.33231 1.29253 0.18421 0.77852 -0.24351 0.54835
1403638588.6778295040 6.15337 -9.23321 1.29549 0.18184 0.77769 -0.24479 0.54973
1403638588.7778294086 6.15890 -9.13465 1.30348 0.18028 0.77620 -0.24617 0.55173
1403638588.8778295517 6.15410 -9.03445 1.30913 0.17780 0.77560 -0.24843 0.55238
1403638588.9778294563 6.15763 -8.93820 1.30680 0.17807 0.77553 -0.24870 0.55227
1403638589.0778295994 6.15200 -8.84390 1.29971 0.17850 0.77571 -0.24894 0.55177
1403638589.1778295040 6.15524 -8.74711 1.28332 0.18010 0.77547 -0.24823 0.55190
1403638589.2778294086 6.14910 -8.65318 1.26789 0.17978 0.77441 -0.24831 0.55346
1403638589.3778295517 6.14830 -8.55545 1.24701 0.17996 0.77422 -0.24810 0.55376
1403638589.4778294563 6.14135 -8.46199 1.23563 0.17959 0.77503 -0.24868 0.55248
1403638589.5778295994 6.13769 -8.36405 1.22591 0.17891 0.77500 -0.24907 0.55257
1403638589.6778295040 6.13091 -8.27237 1.23026 0.17847 0.77554 -0.24909 0.55194
1403638589.7778294086 6.12518 -8.17634 1.23654 0.17884 0.77708 -0.24946 0.54948
1403638589.8778295517 6.11693 -8.08927 1.24858 0.17879 0.77758 -0.25044 0.54834
1403638589.9778294563 6.11104 -7.99355 1.24736 0.17917 0.77758 -0.25088 0.54802
1403638590.0778295994 6.10018 -7.90449 1.24877 0.17872 0.77752 -0.25169 0.54788
1403638590.1778295040 6.09286 -7.80954 1.23912 0.17933 0.77647 -0.25198 0.54904
1403638590.2778294086 6.08358 -7.72633 1.23299 0.17894 0.77572 -0.25258 0.54995
1403638590.3778295517 6.07686 -7.63324 1.21551 0.17918 0.77603 -0.25301 0.54924
1403638590.4778294563 6.06536 -7.53924 1.20012 0.17925 0.77660 -0.25324 0.54829
1403638590.5778295994 6.05648 -7.44736 1.18213 0.17823 0.77769 -0.25392 0.54678
1403638590.6778295040 6.04417 -7.35436 1.17418 0.17635 0.77938 -0.25491 0.54451
1403638590.7778294086 6.03719 -7.26593 1.17290 0.17560 0.78021 -0.25537 0.54334
1403638590.8778295517 6.02511 -7.17811 1.18051 0.17581 0.78105 -0.25535 0.54207
1403638590.9778294563 6.01989 -7.09108 1.19335 0.17455 0.78167 -0.25626 0.54117
1403638591.0778295994 6.00472 -7.00359 1.21080 0.17315 0.78256 -0.25765 0.53967
1403638591.1778295040 6.00064 -6.91929 1.22145 0.17227 0.78678 -0.25881 0.53322
1403638591.2778294086 5.98683 -6.82659 1.22304 0.16981 0.79263 -0.26095 0.52422
1403638591.3778295517 5.97987 -6.74352 1.22029 0.16651 0.79694 -0.26347 0.51745
1403638591.4778294563 5.98085 -6.67017 1.21312 0.16381 0.79968 -0.26558 0.51298
1403638591.5778295994 5.98858 -6.60193 1.19994 0.16110 0.80242 -0.26786 0.50835
1403638591.6778295040 6.00264 -6.54098 1.18291 0.15975 0.80269 -0.26898 0.50776
1403638591.7778294086 6.02344 -6.48835 1.16601 0.16146 0.80083 -0.26795 0.51070
1403638591.8778295517 6.05379 -6.44581 1.15030 0.16242 0.79850 -0.26712 0.51446
1403638591.9778294563 6.09004 -6.41180 1.14212 0.16316 0.79585 -0.26641 0.51868
1403638592.0778295994 6.12856 -6.38124 1.14313 0.16362 0.79326 -0.26538 0.52302
1403638592.1778295040 6.17573 -6.35843 1.15274 0.16165 0.79041 -0.26356 0.52883
1403638592.2778294086 6.22241 -6.34361 1.17533 0.15658 0.78490 -0.25828 0.54103
1403638592.3778295517 6.26964 -6.33199 1.20802 0.14754 0.78229 -0.24947 0.55138
1403638592.4778294563 6.31604 -6.32006 1.24804 0.13578 0.78473 -0.23566 0.55698
1403638592.5778295994 6.35943 -6.31237 1.29350 0.12802 0.79203 -0.22147 0.55431
1403638592.6778295040 6.40075 -6.30829 1.34409 0.12149 0.79943 -0.21022 0.54951
1403638592.7778294086 6.44119 -6.30989 1.39339 0.11637 0.80646 -0.20268 0.54315
1403638592.8778295517 6.48190 -6.31594 1.43755 0.11228 0.81147 -0.19808 0.53822
1403638592.9778294563 6.52444 -6.32534 1.47718 0.11159 0.81399 -0.19437 0.53590
1403638593.0778295994 6.57309 -6.34053 1.50947 0.11055 0.81474 -0.19305 0.53545
1403638593.1778295040 6.62320 -6.35919 1.54533 0.11059 0.81307 -0.19208 0.53832
1403638593.2778294086 6.68077 -6.38295 1.58458 0.11731 0.80980 -0.18827 0.54315
1403638593.3778295517 6.73721 -6.40872 1.63249 0.12622 0.80644 -0.18307 0.54791
1403638593.4778294563 6.79406 -6.43416 1.67744 0.13434 0.80185 -0.17903 0.55401
1403638593.5778295994 6.85261 -6.45742 1.71575 0.13885 0.79904 -0.17766 0.55740
1403638593.6778295040 6.91281 -6.47691 1.74787 0.14148 0.79785 -0.17727 0.55856
1403638593.7778294086 6.97240 -6.49249 1.77442 0.14272 0.79455 -0.17754 0.56285
1403638593.8778295517 7.03294 -6.50404 1.79912 0.13837 0.78415 -0.17763 0.57828
1403638593.9778294563 7.08633 -6.50918 1.83050 0.13176 0.78076 -0.17453 0.58531
1403638594.0778295994 7.13268 -6.51083 1.86422 0.12353 0.78633 -0.17250 0.58024
1403638594.1778295040 7.17416 -6.51045 1.90233 0.12141 0.79241 -0.16790 0.57371
1403638594.2778294086 7.21334 -6.50823 1.93942 0.12186 0.79483 -0.16316 0.57165
1403638594.3778295517 7.24878 -6.50402 1.97107 0.12432 0.79385 -0.15825 0.57385
1403638594.4778294563 7.27625 -6.49488 2.00870 0.12803 0.79253 -0.15283 0.57632
1403638594.5778295994 7.30403 -6.48192 2.04902 0.12243 0.79283 -0.15473 0.57661
1403638594.6778295040 7.32002 -6.46385 2.09836 0.11677 0.79343 -0.15794 0.57609
1403638594.7778294086 7.34196 -6.44672 2.14047 0.11463 0.79417 -0.15996 0.57495
1403638594.8778295517 7.34693 -6.42586 2.18008 0.11331 0.79425 -0.16164 0.57463
1403638594.9778294563 7.36258 -6.40660 2.20818 0.11441 0.79609 -0.16213 0.57172
1403638595.0778295994 7.37396 -6.38615 2.23024 0.11303 0.79728 -0.16390 0.56982
1403638595.1778295040 7.38345 -6.36543 2.24569 0.11285 0.79778 -0.16510 0.56882
1403638595.2778294086 7.39081 -6.34458 2.25479 0.11337 0.79823 -0.16535 0.56802
1403638595.3778295517 7.37427 -6.31505 2.26601 0.11314 0.79790 -0.16607 0.56832
1403638595.4778294563 7.37935 -6.29357 2.26335 0.11319 0.79824 -0.16626 0.56777
1403638595.5778295994 7.37988 -6.27174 2.25944 0.11321 0.79904 -0.16593 0.56673
1403638595.6778295040 7.37856 -6.24958 2.26063 0.11555 0.79910 -0.16423 0.56668
1403638595.7778294086 7.37486 -6.22528 2.26641 0.11979 0.80007 -0.16125 0.56528
1403638595.8778295517 7.37151 -6.19892 2.26970 0.12103 0.80047 -0.16057 0.56464
1403638595.9778294563 7.36836 -6.17142 2.25948 0.12340 0.80018 -0.15911 0.56495
1403638596.0778295994 7.34388 -6.13641 2.24586 0.13082 0.80088 -0.15419 0.56365
1403638596.1778295040 7.34397 -6.10376 2.22426 0.14208 0.80230 -0.14627 0.56101
1403638596.2778294086 7.34334 -6.06295 2.20964 0.15380 0.80399 -0.13755 0.55770
1403638596.3778295517 7.33250 -6.00943 2.20843 0.16312 0.80412 -0.12993 0.55669
1403638596.4778294563 7.33759 -5.94943 2.21040 0.16863 0.80377 -0.12509 0.55666
1403638596.5778295994 7.33968 -5.87527 2.22482 0.17542 0.80449 -0.11954 0.55473
1403638596.6778295040 7.35354 -5.78827 2.24420 0.18305 0.80473 -0.11350 0.55319
1403638596.7778294086 7.37213 -5.68463 2.27085 0.18696 0.80482 -0.11009 0.55245
1403638596.8778295517 7.39256 -5.56220 2.30685 0.19055 0.80414 -0.10711 0.55279
1403638596.9778294563 7.42045 -5.42486 2.34233 0.19233 0.80286 -0.10621 0.55420
1403638597.0778295994 7.45030 -5.26991 2.37511 0.19513 0.80200 -0.10508 0.55470
1403638597.1778295040 7.48446 -5.10256 2.40282 0.19746 0.80021 -0.10479 0.55650
1403638597.2778294086 7.52231 -4.91506 2.42369 0.19498 0.79759 -0.10781 0.56054
1403638597.3778295517 7.56229 -4.71522 2.43699 0.19017 0.79591 -0.11270 0.56361
1403638597.4778294563 7.60347 -4.50120 2.44804 0.18148 0.79274 -0.11970 0.56947
1403638597.5778295994 7.64418 -4.27467 2.45402 0.16868 0.78824 -0.12920 0.57753
1403638597.6778295040 7.68250 -4.03968 2.45520 0.16424 0.78598 -0.13322 0.58096
1403638597.7778294086 7.71776 -3.79548 2.45101 0.16841 0.78776 -0.12807 0.57851
1403638597.8778295517 7.75079 -3.54328 2.44225 0.17259 0.79033 -0.11667 0.57618
1403638597.9778294563 7.78085 -3.28303 2.43021 0.17369 0.79194 -0.10745 0.57543
1403638598.0778295994 7.81176 -3.01170 2.42258 0.16678 0.79214 -0.10491 0.57766
1403638598.1778295040 7.83972 -2.72955 2.42079 0.14511 0.79373 -0.11412 0.57958
1403638598.2778294086 7.86463 -2.44129 2.42364 0.12763 0.79570 -0.12257 0.57927
1403638598.3778295517 7.88839 -2.15211 2.42433 0.11669 0.79752 -0.12789 0.57792
1403638598.4778294563 7.91119 -1.86437 2.41869 0.11246 0.79979 -0.12967 0.57521
1403638598.5778295994 7.93153 -1.57794 2.40476 0.10750 0.80175 -0.12767 0.57388
1403638598.6778295040 7.94996 -1.29452 2.38555 0.10312 0.80400 -0.11912 0.57337
1403638598.7778294086 7.96719 -1.01367 2.36817 0.09468 0.80614 -0.10829 0.57397
1403638598.8778295517 7.98278 -0.73500 2.35804 0.08543 0.80713 -0.09387 0.57657
1403638598.9778294563 7.99543 -0.45879 2.35144 0.07551 0.80956 -0.07749 0.57698
1403638599.0778295994 8.00685 -0.18260 2.34861 0.06344 0.81092 -0.06083 0.57852
1403638599.1778295040 8.01640 0.09189 2.35058 0.05149 0.81218 -0.04319 0.57953
1403638599.2778294086 8.02322 0.36245 2.35601 0.04058 0.81406 -0.02419 0.57885
1403638599.3778295517 8.02812 0.63044 2.36836 0.02818 0.81720 -0.00690 0.57562
1403638599.4778294563 8.03063 0.89643 2.38590 0.01917 0.81928 0.00647 0.57303
1403638599.5778295994 8.03179 1.16127 2.40242 0.01369 0.82154 0.01504 0.56978
1403638599.6778295040 8.03203 1.42453 2.41116 0.01005 0.82298 0.01973 0.56764
1403638599.7778294086 8.03341 1.68575 2.41175 0.00874 0.82309 0.02087 0.56746
1403638599.8778295517 8.03796 1.94387 2.40624 0.00674 0.82440 0.01852 0.56566
1403638599.9778294563 8.04389 2.20198 2.39669 0.00289 0.82463 0.01301 0.56552
1403638600.0778295994 8.05446 2.45647 2.38301 -0.00356 0.82582 0.00530 0.56390
1403638600.1778295040 8.06818 2.70438 2.36591 -0.01567 0.82760 -0.00636 0.56106
1403638600.2778294086 8.08380 2.94582 2.34318 -0.02564 0.82976 -0.01693 0.55727
1403638600.3778295517 8.10360 3.17659 2.31918 -0.03323 0.83122 -0.02545 0.55437
1403638600.4778294563 8.12805 3.39341 2.30208 -0.03943 0.83241 -0.03187 0.55184
1403638600.5778295994 8.15777 3.59517 2.29582 -0.03739 0.83297 -0.03246 0.55110
1403638600.6778295040 8.19115 3.78378 2.29729 -0.04021 0.83446 -0.03541 0.54846
1403638600.7778294086 8.23022 3.95941 2.30568 -0.03985 0.83816 -0.03519 0.54283
1403638600.8778295517 8.27532 4.12204 2.31904 -0.02882 0.84190 -0.02632 0.53822
1403638600.9778294563 8.32790 4.27176 2.32941 -0.01201 0.84394 -0.01280 0.53616
1403638601.0778295994 8.38758 4.41328 2.33464 -0.00281 0.84429 -0.00478 0.53586
1403638601.1778295040 8.45483 4.54942 2.33542 0.00511 0.84286 0.00161 0.53811
1403638601.2778294086 8.52986 4.68427 2.33239 0.01450 0.83639 0.00905 0.54786
1403638601.3778295517 8.61019 4.82054 2.32795 0.01173 0.83129 0.01282 0.55557
1403638601.4778294563 8.69436 4.96067 2.32694 -0.00135 0.82684 0.01740 0.56217
1403638601.5778295994 8.77884 5.09950 2.33430 -0.01217 0.82195 0.03163 0.56855
1403638601.6778295040 8.86401 5.23946 2.34689 -0.02333 0.81925 0.05167 0.57063
1403638601.7778294086 8.94755 5.37979 2.36644 -0.03587 0.81623 0.07710 0.57144
1403638601.8778295517 9.02842 5.52042 2.39471 -0.04967 0.81106 0.10609 0.57311
1403638601.9778294563 9.10609 5.66436 2.42451 -0.06441 0.80780 0.12944 0.57145
1403638602.0778295994 9.18138 5.80884 2.44847 -0.07585 0.80608 0.14634 0.56839
1403638602.1778295040 9.25266 5.95430 2.46629 -0.08174 0.80132 0.16193 0.57008
1403638602.2778294086 9.31918 6.10013 2.47987 -0.08934 0.79423 0.17932 0.57363
1403638602.3778295517 9.38063 6.24999 2.49365 -0.11186 0.78313 0.19178 0.58088
1403638602.4778294563 9.43432 6.40047 2.51788 -0.14686 0.76109 0.19804 0.59995
1403638602.5778295994 9.47632 6.54362 2.54961 -0.18214 0.73946 0.20284 0.61553
1403638602.6778295040 9.50482 6.67350 2.58631 -0.20280 0.72915 0.21615 0.61684
1403638602.7778294086 9.51667 6.78723 2.62748 -0.21375 0.72477 0.23573 0.61111
1403638602.8778295517 9.51027 6.88218 2.67285 -0.22477 0.72136 0.25528 0.60328
1403638602.9778294563 9.48861 6.96124 2.72055 -0.24427 0.72149 0.27060 0.58870
1403638603.0778295994 9.45871 7.02790 2.76493 -0.26298 0.71649 0.28519 0.57979
1403638603.1778295040 9.42315 7.08015 2.80258 -0.27513 0.70915 0.29943 0.57598
1403638603.2778294086 9.38129 7.11751 2.82824 -0.27328 0.71648 0.31657 0.55835
1403638603.3778295517 9.33474 7.14349 2.84436 -0.26640 0.72918 0.33103 0.53642
1403638603.4778294563 9.28664 7.16368 2.85601 -0.26291 0.73750 0.33830 0.52204
1403638603.5778295994 9.23990 7.18195 2.86510 -0.26432 0.73525 0.34268 0.52165
1403638603.6778295040 9.19165 7.19814 2.87024 -0.26665 0.72742 0.34522 0.52969
1403638603.7778294086 9.14563 7.20766 2.86687 -0.26059 0.71866 0.35160 0.54036
1403638603.8778295517 9.09096 7.21293 2.85885 -0.25417 0.71089 0.35665 0.55030
1403638603.9778294563 9.02950 7.21682 2.84509 -0.24935 0.70402 0.35954 0.55939
1403638604.0778295994 8.96279 7.21622 2.82413 -0.24350 0.70049 0.36228 0.56460
1403638604.1778295040 8.88258 7.21717 2.80738 -0.24239 0.69987 0.36316 0.56528
1403638604.2778294086 8.79499 7.20943 2.79837 -0.24868 0.70390 0.35940 0.55993
1403638604.3778295517 8.69380 7.20039 2.79506 -0.25387 0.71167 0.35628 0.54968
1403638604.4778294563 8.58732 7.18588 2.79902 -0.25149 0.71958 0.35787 0.53934
1403638604.5778295994 8.47881 7.16896 2.80856 -0.24933 0.72430 0.35913 0.53315
1403638604.6778295040 8.36808 7.15050 2.81378 -0.25181 0.72763 0.35748 0.52854
1403638604.7778294086 8.25626 7.13086 2.81362 -0.25575 0.72973 0.35471 0.52561
1403638604.8778295517 8.14650 7.10924 2.81315 -0.25659 0.73302 0.35396 0.52111
1403638604.9778294563 8.03556 7.08459 2.81570 -0.25391 0.73910 0.35567 0.51261
1403638605.0778295994 7.92500 7.05706 2.82654 -0.25114 0.74558 0.35760 0.50315
1403638605.1778295040 7.82115 7.03088 2.84631 -0.24850 0.74956 0.35963 0.49706
1403638605.2778294086 7.72573 7.01137 2.86763 -0.24461 0.75038 0.36238 0.49576
1403638605.3778295517 7.63330 6.99675 2.88305 -0.23856 0.74567 0.36667 0.50261
1403638605.4778294563 7.54500 6.98824 2.89553 -0.23143 0.73556 0.37216 0.51661
1403638605.5778295994 7.45209 6.98239 2.89831 -0.22599 0.72716 0.37634 0.52776
1403638605.6778295040 7.35677 6.98092 2.89609 -0.22155 0.72136 0.37959 0.53522
1403638605.7778294086 7.25613 6.98469 2.89734 -0.22001 0.72043 0.38071 0.53632
1403638605.8778295517 7.15031 6.99381 2.91138 -0.21722 0.72037 0.38235 0.53637
1403638605.9778294563 7.03798 7.01162 2.92761 -0.21316 0.71964 0.38425 0.53762
1403638606.0778295994 6.91915 7.03289 2.94559 -0.21054 0.71978 0.38499 0.53794
1403638606.1778295040 6.79228 7.06112 2.95196 -0.20707 0.71957 0.38653 0.53846
1403638606.2778294086 6.65999 7.09425 2.95648 -0.20493 0.72079 0.38690 0.53738
1403638606.3778295517 6.51697 7.13427 2.94785 -0.21038 0.72937 0.38213 0.52700
1403638606.4778294563 6.37064 7.17937 2.93489 -0.21839 0.73968 0.37552 0.51397
1403638606.5778295994 6.22324 7.22975 2.91672 -0.22522 0.74833 0.37090 0.50171
1403638606.6778295040 6.08101 7.28684 2.89545 -0.23062 0.75150 0.37302 0.49286
1403638606.7778294086 5.94258 7.35007 2.87089 -0.23539 0.75137 0.38221 0.48368
1403638606.8778295517 5.80800 7.41992 2.84469 -0.24390 0.74765 0.39486 0.47499
1403638606.9778294563 5.67662 7.49870 2.82332 -0.25477 0.74032 0.41028 0.46765
1403638607.0778295994 5.55799 7.58442 2.81189 -0.26874 0.73148 0.42462 0.46088
1403638607.1778295040 5.44658 7.67774 2.80803 -0.28517 0.72172 0.43158 0.45993
1403638607.2778294086 5.33999 7.77563 2.80381 -0.29903 0.70815 0.43585 0.46812
1403638607.3778295517 5.23762 7.87480 2.79058 -0.31183 0.69967 0.43584 0.47251
1403638607.4778294563 5.13973 7.97388 2.76773 -0.31770 0.69655 0.43697 0.47217
1403638607.5778295994 5.04652 8.07018 2.73707 -0.31970 0.69548 0.43828 0.47117
1403638607.6778295040 4.95856 8.16337 2.70332 -0.32139 0.69376 0.43825 0.47259
1403638607.7778294086 4.87618 8.25504 2.66681 -0.31988 0.69229 0.43867 0.47538
1403638607.8778295517 4.79579 8.34486 2.62656 -0.32104 0.69453 0.43659 0.47324
1403638607.9778294563 4.72294 8.43199 2.58291 -0.32319 0.69897 0.43326 0.46826
1403638608.0778295994 4.65377 8.51882 2.53499 -0.32395 0.69775 0.43070 0.47190
1403638608.1778295040 4.58882 8.60239 2.48236 -0.32015 0.69475 0.43104 0.47857
1403638608.2778294086 4.52956 8.68121 2.42517 -0.31889 0.69019 0.43032 0.48658
1403638608.3778295517 4.47048 8.75692 2.36395 -0.31923 0.68444 0.42905 0.49553
1403638608.4778294563 4.41259 8.82751 2.29701 -0.31936 0.68435 0.42866 0.49591
1403638608.5778295994 4.35548 8.89274 2.22625 -0.31755 0.68588 0.42935 0.49435
1403638608.6778295040 4.29925 8.95294 2.15731 -0.32310 0.68315 0.42541 0.49793
1403638608.7778294086 4.23999 9.00674 2.09416 -0.32358 0.68329 0.42510 0.49769
1403638608.8778295517 4.18145 9.05411 2.03477 -0.32226 0.68672 0.42643 0.49267
1403638608.9778294563 4.12615 9.09399 1.98365 -0.32134 0.69078 0.42735 0.48676
1403638609.0778295994 4.07096 9.13115 1.93969 -0.32072 0.69351 0.42787 0.48282
1403638609.1778295040 4.01666 9.16342 1.90187 -0.32261 0.69397 0.42648 0.48212
1403638609.2778294086 3.96731 9.19119 1.86423 -0.33058 0.69412 0.42074 0.48155
1403638609.3778295517 3.92311 9.21577 1.81793 -0.32945 0.69433 0.42124 0.48158
1403638609.4778294563 3.88153 9.23610 1.76622 -0.32581 0.69437 0.42339 0.48213
1403638609.5778295994 3.84402 9.25111 1.70687 -0.32237 0.69432 0.42537 0.48275
1403638609.6778295040 3.80858 9.26810 1.64485 -0.32035 0.69331 0.42689 0.48422
1403638609.7778294086 3.77651 9.27808 1.57994 -0.31915 0.69340 0.42764 0.48421
1403638609.8778295517 3.74502 9.29212 1.52385 -0.31962 0.69362 0.42737 0.48384
1403638609.9778294563 3.71774 9.29751 1.47384 -0.32054 0.69315 0.42654 0.48463
1403638610.0778295994 3.69300 9.30340 1.43481 -0.32388 0.69093 0.42403 0.48776
1403638610.1778295040 3.67112 9.30361 1.39749 -0.32500 0.68787 0.42314 0.49210
1403638610.2778294086 3.64962 9.29928 1.35621 -0.32740 0.68660 0.42113 0.49400
1403638610.3778295517 3.62937 9.28965 1.30813 -0.32826 0.68624 0.42048 0.49449
1403638610.4778294563 3.61060 9.27427 1.25825 -0.32842 0.68461 0.42005 0.49699
1403638610.5778295994 3.59261 9.25421 1.20122 -0.33130 0.67940 0.41782 0.50406
1403638610.6778295040 3.57278 9.22549 1.14386 -0.33581 0.67437 0.41459 0.51046
1403638610.7778294086 3.55001 9.18821 1.08831 -0.33336 0.67965 0.41733 0.50277
1403638610.8778295517 3.52740 9.14546 1.04132 -0.32956 0.68597 0.42133 0.49327
1403638610.9778294563 3.50458 9.09788 1.00380 -0.33019 0.68633 0.42170 0.49203
1403638611.0778295994 3.48393 9.04536 0.96409 -0.33340 0.68348 0.41991 0.49535
1403638611.1778295040 3.46821 8.98961 0.91830 -0.33479 0.68251 0.42008 0.49561
1403638611.2778294086 3.45256 8.92716 0.87199 -0.33429 0.68211 0.42106 0.49567
1403638611.3778295517 3.43691 8.85667 0.83002 -0.32796 0.67968 0.42553 0.49940
1403638611.4778294563 3.41438 8.77971 0.79235 -0.31583 0.67536 0.43348 0.50619
1403638611.5778295994 3.39487 8.70422 0.76379 -0.30704 0.67490 0.43873 0.50769
1403638611.6778295040 3.36225 8.62085 0.73826 -0.30536 0.67729 0.43915 0.50515
1403638611.7778294086 3.32848 8.53702 0.71144 -0.31101 0.68307 0.43494 0.49750
1403638611.8778295517 3.29775 8.45686 0.68194 -0.31618 0.68871 0.43060 0.49019
1403638611.9778294563 3.26366 8.37362 0.64812 -0.31883 0.69210 0.42802 0.48594
1403638612.0778295994 3.23208 8.29345 0.61836 -0.31822 0.69404 0.42779 0.48377
1403638612.1778295040 3.20427 8.21145 0.59229 -0.31962 0.69530 0.42623 0.48242
1403638612.2778294086 3.17732 8.13160 0.57797 -0.32012 0.69530 0.42559 0.48266
1403638612.3778295517 3.15603 8.05054 0.56621 -0.31849 0.69486 0.42618 0.48384
1403638612.4778294563 3.13247 7.96426 0.55112 -0.31783 0.69365 0.42549 0.48661
1403638612.5778295994 3.11405 7.88173 0.53045 -0.31497 0.69149 0.42606 0.49103
1403638612.6778295040 3.09512 7.79879 0.50273 -0.30919 0.68957 0.42850 0.49527
1403638612.7778294086 3.07175 7.71330 0.46832 -0.30633 0.68865 0.42835 0.49844
1403638612.8778295517 3.04994 7.63137 0.43587 -0.30654 0.68754 0.42607 0.50178
1403638612.9778294563 3.01952 7.54173 0.40420 -0.30744 0.68816 0.42402 0.50212
1403638613.0778295994 2.99246 7.45993 0.38343 -0.30801 0.69097 0.42289 0.49885
1403638613.1778295040 2.96213 7.37548 0.36981 -0.30753 0.69340 0.42266 0.49597
1403638613.2778294086 2.92639 7.28215 0.36179 -0.30669 0.69387 0.42288 0.49564
1403638613.3778295517 2.89498 7.19978 0.36176 -0.30596 0.69343 0.42339 0.49627
1403638613.4778294563 2.85790 7.10762 0.35929 -0.30658 0.69292 0.42230 0.49752
1403638613.5778295994 2.82473 7.02511 0.35080 -0.30582 0.69426 0.41799 0.49975
1403638613.6778295040 2.79001 6.94210 0.33656 -0.30971 0.69500 0.41128 0.50190
1403638613.7778294086 2.75033 6.85088 0.31542 -0.31354 0.69380 0.40359 0.50739
1403638613.8778295517 2.71538 6.76375 0.28581 -0.31049 0.69608 0.39552 0.51248
1403638613.9778294563 2.67502 6.66199 0.25208 -0.30280 0.70220 0.38560 0.51627
1403638614.0778295994 2.63526 6.55659 0.21387 -0.29086 0.71037 0.37376 0.52065
1403638614.1778295040 2.59561 6.45356 0.17692 -0.27618 0.72075 0.36083 0.52349
1403638614.2778294086 2.55364 6.34406 0.14489 -0.26517 0.72979 0.34731 0.52580
1403638614.3778295517 2.50982 6.23082 0.11783 -0.25657 0.73658 0.33784 0.52676
1403638614.4778294563 2.46591 6.12308 0.10050 -0.25309 0.74140 0.32890 0.52734
1403638614.5778295994 2.42154 6.01441 0.09141 -0.24915 0.74597 0.32054 0.52792
1403638614.6778295040 2.37964 5.90783 0.09079 -0.24606 0.75129 0.30855 0.52897
1403638614.7778294086 2.34030 5.79972 0.10222 -0.24417 0.76132 0.29201 0.52488
1403638614.8778295517 2.30317 5.68852 0.12270 -0.23653 0.77260 0.27450 0.52134
1403638614.9778294563 2.27336 5.57900 0.15034 -0.22340 0.78197 0.25543 0.52285
1403638615.0778295994 2.24938 5.46421 0.18159 -0.20536 0.78949 0.23469 0.52864
1403638615.1778295040 2.23162 5.34540 0.21772 -0.18400 0.79306 0.21258 0.54038
1403638615.2778294086 2.21854 5.22606 0.25794 -0.15904 0.79553 0.19118 0.55252
1403638615.3778295517 2.20663 5.10856 0.29381 -0.13773 0.79932 0.16580 0.56091
1403638615.4778294563 2.19507 4.98864 0.32337 -0.11751 0.80253 0.13996 0.56794
1403638615.5778295994 2.18261 4.86849 0.34522 -0.10041 0.80598 0.11567 0.57178
1403638615.6778295040 2.16930 4.74852 0.36249 -0.08716 0.80817 0.09839 0.57409
1403638615.7778294086 2.15515 4.63086 0.38516 -0.07945 0.80953 0.08596 0.57529
1403638615.8778295517 2.13862 4.51378 0.41537 -0.07424 0.81083 0.07420 0.57580
1403638615.9778294563 2.12196 4.39644 0.44384 -0.06704 0.81244 0.06234 0.57581
1403638616.0778295994 2.10443 4.27930 0.46559 -0.05813 0.81311 0.05012 0.57703
1403638616.1778295040 2.08578 4.16209 0.47423 -0.04833 0.81437 0.03606 0.57721
1403638616.2778294086 2.06677 4.04359 0.46618 -0.03769 0.81544 0.01790 0.57733
1403638616.3778295517 2.04699 3.92274 0.44395 -0.02442 0.81622 -0.00137 0.57722
1403638616.4778294563 2.02644 3.80057 0.41489 -0.01385 0.81680 -0.01926 0.57643
1403638616.5778295994 2.00538 3.67980 0.38234 -0.00445 0.81851 -0.03175 0.57360
1403638616.6778295040 1.98459 3.55977 0.34592 0.00143 0.82315 -0.04138 0.56631
1403638616.7778294086 1.96551 3.43994 0.30489 -0.00149 0.83160 -0.05160 0.55297
1403638616.8778295517 1.95222 3.31853 0.26367 -0.00529 0.83733 -0.05832 0.54355
1403638616.9778294563 1.94665 3.19379 0.23148 -0.00005 0.83554 -0.05590 0.54658
1403638617.0778295994 1.94832 3.06609 0.20949 0.00557 0.83188 -0.05082 0.55260
1403638617.1778295040 1.95387 2.93684 0.19554 0.01158 0.82900 -0.04386 0.55741
1403638617.2778294086 1.96309 2.80846 0.18582 0.01331 0.83137 -0.03914 0.55418
1403638617.3778295517 1.97620 2.67838 0.18018 0.01303 0.83541 -0.03622 0.54828
1403638617.4778294563 1.99462 2.55029 0.18287 0.01282 0.83818 -0.03298 0.54424
1403638617.5778295994 2.01927 2.42195 0.19367 0.01268 0.83893 -0.03001 0.54327
1403638617.6778295040 2.05082 2.29745 0.21364 0.01376 0.83757 -0.02608 0.54553
1403638617.7778294086 2.09049 2.18040 0.24238 0.01396 0.83599 -0.02338 0.54807
1403638617.8778295517 2.13260 2.06530 0.27860 0.01495 0.83603 -0.02004 0.54811
1403638617.9778294563 2.18023 1.95264 0.31913 0.01289 0.83504 -0.01961 0.54969
1403638618.0778295994 2.23278 1.84241 0.35493 0.01212 0.83470 -0.01835 0.55027
1403638618.1778295040 2.28994 1.73528 0.38468 0.00969 0.83487 -0.01826 0.55006
1403638618.2778294086 2.35142 1.63258 0.40710 0.01011 0.83488 -0.01669 0.55008
1403638618.3778295517 2.41563 1.53174 0.42746 0.00984 0.83415 -0.01564 0.55122
1403638618.4778294563 2.48439 1.43515 0.44361 0.00955 0.83427 -0.01433 0.55108
1403638618.5778295994 2.55549 1.34267 0.45907 0.01066 0.83326 -0.01352 0.55261
1403638618.6778295040 2.63201 1.25089 0.47100 0.01450 0.83314 -0.01658 0.55262
1403638618.7778294086 2.71115 1.16476 0.48768 0.01703 0.83244 -0.01977 0.55350
1403638618.8778295517 2.79515 1.08030 0.51028 0.02002 0.83069 -0.02309 0.55589
1403638618.9778294563 2.88159 0.99976 0.53427 0.02595 0.82660 -0.03204 0.56127
1403638619.0778295994 2.96959 0.92067 0.55128 0.03780 0.82307 -0.04573 0.56483
1403638619.1778295040 3.05703 0.84531 0.56025 0.05133 0.81960 -0.06463 0.56697
1403638619.2778294086 3.14584 0.77236 0.56258 0.06528 0.81579 -0.08874 0.56776
1403638619.3778295517 3.23371 0.70242 0.55586 0.08142 0.81142 -0.11325 0.56758
1403638619.4778294563 3.32025 0.63738 0.54554 0.09196 0.80724 -0.13447 0.56729
1403638619.5778295994 3.40749 0.57551 0.53444 0.09847 0.80367 -0.15020 0.56733
1403638619.6778295040 3.49301 0.51531 0.52069 0.09473 0.80024 -0.16664 0.56822
1403638619.7778294086 3.57576 0.45404 0.50474 0.09111 0.79785 -0.17819 0.56866
1403638619.8778295517 3.65511 0.39012 0.48720 0.09078 0.79576 -0.18463 0.56959
1403638619.9778294563 3.73050 0.32404 0.46347 0.09214 0.79492 -0.18831 0.56935
1403638620.0778295994 3.79984 0.25302 0.44535 0.09423 0.79242 -0.18987 0.57197
1403638620.1778295040 3.86555 0.17981 0.42963 0.09884 0.78937 -0.18878 0.57575
1403638620.2778294086 3.92038 0.10390 0.42374 0.10155 0.78997 -0.18759 0.57484
1403638620.3778295517 3.97249 0.02649 0.42307 0.10429 0.79138 -0.18545 0.57311
1403638620.4778294563 4.01357 -0.05118 0.42962 0.10534 0.79252 -0.18331 0.57202
1403638620.5778295994 4.05631 -0.13097 0.43445 0.10492 0.79390 -0.18173 0.57070
1403638620.6778295040 4.09477 -0.21124 0.43398 0.10201 0.79644 -0.18159 0.56772
1403638620.7778294086 4.12096 -0.29036 0.42792 0.09842 0.79981 -0.18194 0.56348
1403638620.8778295517 4.15429 -0.37370 0.41789 0.10164 0.80299 -0.17741 0.55982
1403638620.9778294563 4.18566 -0.45684 0.40455 0.10617 0.80359 -0.17147 0.55997
1403638621.0778295994 4.20361 -0.53497 0.39032 0.10981 0.80199 -0.16644 0.56308
1403638621.1778295040 4.23384 -0.61691 0.37991 0.10847 0.80076 -0.16463 0.56561
1403638621.2778294086 4.25620 -0.69347 0.37572 0.10873 0.79958 -0.16210 0.56796
1403638621.3778295517 4.28498 -0.77175 0.37683 0.11040 0.80046 -0.15908 0.56725
1403638621.4778294563 4.30982 -0.84795 0.37212 0.11093 0.79862 -0.15705 0.57030
1403638621.5778295994 4.33586 -0.92040 0.36246 0.11085 0.79645 -0.15501 0.57389
1403638621.6778295040 4.35801 -0.98870 0.34825 0.11043 0.79549 -0.15401 0.57557
1403638621.7778294086 4.37134 -1.05015 0.32997 0.11131 0.79383 -0.15279 0.57801
1403638621.8778295517 4.38758 -1.11268 0.30783 0.11309 0.79040 -0.15098 0.58282
1403638621.9778294563 4.39859 -1.16912 0.28293 0.11344 0.78787 -0.15036 0.58633
1403638622.0778295994 4.39372 -1.20815 0.25560 0.11195 0.78744 -0.15152 0.58690
1403638622.1778295040 4.39530 -1.25626 0.22343 0.10876 0.78842 -0.15342 0.58569
1403638622.2778294086 4.39010 -1.29798 0.19588 0.10590 0.78777 -0.15583 0.58645
1403638622.3778295517 4.37933 -1.33631 0.17563 0.10651 0.78875 -0.15636 0.58487
1403638622.4778294563 4.35203 -1.35740 0.16871 0.11011 0.78952 -0.15481 0.58358
1403638622.5778295994 4.33275 -1.39453 0.16297 0.11351 0.78931 -0.15348 0.58357
1403638622.6778295040 4.30111 -1.41312 0.17178 0.11734 0.78521 -0.15183 0.58875
1403638622.7778294086 4.27207 -1.44133 0.18586 0.11995 0.77402 -0.15050 0.60320
1403638622.8778295517 4.23014 -1.44570 0.21106 0.12161 0.76919 -0.15018 0.60911
1403638622.9778294563 4.18113 -1.44679 0.23240 0.12016 0.77296 -0.15261 0.60399
1403638623.0778295994 4.12746 -1.45419 0.24495 0.11651 0.77949 -0.15609 0.59536
1403638623.1778295040 4.06679 -1.45528 0.25242 0.11147 0.78342 -0.15985 0.59015
1403638623.2778294086 3.99437 -1.43858 0.25722 0.10843 0.78676 -0.16230 0.58559
1403638623.3778295517 3.92445 -1.43780 0.25530 0.10611 0.78935 -0.16404 0.58202
1403638623.4778294563 3.84569 -1.42034 0.25073 0.10685 0.79100 -0.16395 0.57967
1403638623.5778295994 3.76988 -1.41674 0.24655 0.10820 0.79113 -0.16326 0.57944
1403638623.6778295040 3.68601 -1.40633 0.25161 0.10969 0.79158 -0.16280 0.57868
1403638623.7778294086 3.60253 -1.40137 0.26186 0.11191 0.79260 -0.16257 0.57692
1403638623.8778295517 3.51438 -1.39355 0.27702 0.11332 0.79373 -0.16266 0.57506
1403638623.9778294563 3.42019 -1.38010 0.29165 0.11499 0.79483 -0.16322 0.57305
1403638624.0778295994 3.32770 -1.37036 0.30036 0.11334 0.79513 -0.16601 0.57215
1403638624.1778295040 3.23220 -1.35566 0.30594 0.11099 0.79499 -0.16862 0.57205
1403638624.2778294086 3.13617 -1.34430 0.30398 0.10897 0.79465 -0.17129 0.57212
1403638624.3778295517 3.04072 -1.33283 0.29893 0.10861 0.79415 -0.17307 0.57234
1403638624.4778294563 2.94415 -1.32032 0.29271 0.11011 0.79391 -0.17346 0.57227
1403638624.5778295994 2.84541 -1.30988 0.27928 0.10548 0.78558 -0.17832 0.58305
1403638624.6778295040 2.74401 -1.30002 0.26383 0.10716 0.78129 -0.17609 0.58915
1403638624.7778294086 2.63875 -1.28942 0.25307 0.11206 0.78718 -0.16627 0.58322
1403638624.8778295517 2.52855 -1.27707 0.24847 0.11349 0.79324 -0.15803 0.57699
1403638624.9778294563 2.42174 -1.26319 0.25241 0.10629 0.79642 -0.15599 0.57454
1403638625.0778295994 2.30962 -1.24950 0.25780 0.09869 0.79739 -0.15507 0.57479
1403638625.1778295040 2.19739 -1.23507 0.25742 0.09237 0.79827 -0.15530 0.57456
1403638625.2778294086 2.08943 -1.22393 0.25396 0.09037 0.79910 -0.15373 0.57415
1403638625.3778295517 1.97734 -1.21273 0.24855 0.08926 0.79923 -0.15273 0.57440
1403638625.4778294563 1.86941 -1.20516 0.24973 0.08827 0.79867 -0.15238 0.57542
1403638625.5778295994 1.75797 -1.19694 0.25592 0.08895 0.79922 -0.15169 0.57474
1403638625.6778295040 1.64843 -1.19084 0.26988 0.08909 0.80085 -0.15163 0.57245
1403638625.7778294086 1.54265 -1.18543 0.28810 0.08794 0.80539 -0.15275 0.56594
1403638625.8778295517 1.43443 -1.18131 0.29936 0.08819 0.80802 -0.15315 0.56203
1403638625.9778294563 1.33084 -1.17948 0.30690 0.08928 0.80844 -0.15333 0.56120
1403638626.0778295994 1.22762 -1.17959 0.30794 0.08776 0.80972 -0.15513 0.55910
1403638626.1778295040 1.13496 -1.17975 0.30312 0.08802 0.81010 -0.15558 0.55837
1403638626.2778294086 1.03764 -1.18429 0.29499 0.09099 0.80863 -0.15421 0.56041
1403638626.3778295517 0.93891 -1.18686 0.28403 0.09891 0.80675 -0.14899 0.56319
1403638626.4778294563 0.84700 -1.19156 0.26945 0.10135 0.80550 -0.14681 0.56510
1403638626.5778295994 0.75092 -1.19172 0.25407 0.10206 0.80783 -0.14594 0.56187
1403638626.6778295040 0.66303 -1.19431 0.23922 0.10085 0.80973 -0.14635 0.55924
1403638626.7778294086 0.57849 -1.19498 0.22791 0.09826 0.81362 -0.14810 0.55357
1403638626.8778295517 0.49943 -1.19328 0.22460 0.09778 0.81631 -0.14796 0.54971
1403638626.9778294563 0.43211 -1.19214 0.22682 0.09714 0.81719 -0.14813 0.54847
1403638627.0778295994 0.36469 -1.19443 0.22899 0.09648 0.81729 -0.14775 0.54854
1403638627.1778295040 0.30387 -1.19452 0.22309 0.09578 0.81718 -0.14768 0.54884
1403638627.2778294086 0.24671 -1.19860 0.21775 0.09709 0.81720 -0.14635 0.54894
1403638627.3778295517 0.19446 -1.20222 0.20946 0.09914 0.81661 -0.14449 0.54995
1403638627.4778294563 0.14765 -1.20583 0.19781 0.09935 0.81700 -0.14419 0.54941
1403638627.5778295994 0.10575 -1.20916 0.18425 0.10061 0.81584 -0.14379 0.55100
1403638627.6778295040 0.07293 -1.20748 0.16331 0.10269 0.81281 -0.14304 0.55528
1403638627.7778294086 0.04005 -1.20997 0.14847 0.10444 0.81094 -0.14216 0.55791
1403638627.8778295517 0.01026 -1.21008 0.13180 0.10538 0.81027 -0.14217 0.55870
1403638627.9778294563 -0.01811 -1.20938 0.11503 0.10578 0.81221 -0.14228 0.55576
1403638628.0778295994 -0.03228 -1.20219 0.09131 0.10678 0.81330 -0.14256 0.55391
1403638628.1778295040 -0.05598 -1.19878 0.07886 0.10787 0.81387 -0.14307 0.55273
1403638628.2778294086 -0.07426 -1.19345 0.06688 0.10802 0.81409 -0.14377 0.55220
1403638628.3778295517 -0.07626 -1.18260 0.05206 0.10673 0.81462 -0.14532 0.55126
1403638628.4778294563 -0.08651 -1.17531 0.04605 0.10079 0.81181 -0.14997 0.55526
1403638628.5778295994 -0.09237 -1.16727 0.04331 0.09274 0.80462 -0.15568 0.56547
1403638628.6778295040 -0.09903 -1.16021 0.04225 0.08721 0.80054 -0.15969 0.57099
1403638628.7778294086 -0.08519 -1.14922 0.03634 0.08902 0.80170 -0.15904 0.56927
1403638628.8778295517 -0.09723 -1.14798 0.02663 0.09346 0.80230 -0.15629 0.56847
1403638628.9778294563 -0.10591 -1.14705 0.01457 0.09835 0.80298 -0.15338 0.56748
1403638629.0778295994 -0.11643 -1.14596 0.00493 0.10310 0.80414 -0.14996 0.56590
1403638629.1778295040 -0.09838 -1.13000 0.00358 0.10560 0.80533 -0.14809 0.56423
1403638629.2778294086 -0.10943 -1.12559 -0.00152 0.10620 0.80565 -0.14732 0.56386
1403638629.3778295517 -0.11875 -1.11734 -0.00172 0.10708 0.80874 -0.14748 0.55921
1403638629.4778294563 -0.12323 -1.11014 -0.00241 0.10570 0.81321 -0.14926 0.55249
1403638629.5778295994 -0.11855 -1.10253 0.00035 0.10219 0.81619 -0.15210 0.54795
1403638629.6778295040 -0.11110 -1.09644 0.00293 0.09123 0.81406 -0.16045 0.55068
1403638629.7778294086 -0.10295 -1.09208 0.00611 0.08453 0.80841 -0.16582 0.55841
1403638629.8778295517 -0.09620 -1.09055 0.00566 0.08295 0.80199 -0.16753 0.56734
1403638629.9778294563 -0.09130 -1.09269 -0.00290 0.09393 0.79643 -0.16077 0.57535
1403638630.0778295994 -0.08995 -1.09588 -0.02146 0.10297 0.79284 -0.15470 0.58040
1403638630.1778295040 -0.09046 -1.09746 -0.05001 0.10737 0.79561 -0.15128 0.57671
1403638630.2778294086 -0.09605 -1.09846 -0.08398 0.10824 0.80016 -0.15056 0.57040
1403638630.3778295517 -0.09560 -1.09592 -0.10994 0.10436 0.81960 -0.15143 0.54262
1403638630.4778294563 -0.08478 -1.09540 -0.09882 0.10385 0.80155 -0.14987 0.56944
1403638630.5778295994 -0.07594 -1.09526 -0.10031 0.10348 0.80084 -0.15099 0.57022
1403638630.6778295040 -0.07027 -1.09556 -0.12271 0.10089 0.81981 -0.14790 0.54392
1403638630.7778294086 -0.07241 -1.10253 -0.12537 0.10358 0.82663 -0.14208 0.53456
1403638630.8778295517 -0.08139 -1.10413 -0.13052 0.09881 0.82529 -0.14313 0.53726
1403638630.9778294563 -0.08826 -1.10552 -0.13392 0.09902 0.82515 -0.14340 0.53737
1403638631.0778295994 -0.09805 -1.10712 -0.13772 0.09970 0.82521 -0.14292 0.53727
1403638631.1778295040 -0.10768 -1.10913 -0.14152 0.09963 0.82525 -0.14315 0.53716
1403638631.2778294086 -0.11821 -1.11120 -0.14506 0.09952 0.82531 -0.14314 0.53709
1403638631.3778295517 -0.12888 -1.11362 -0.14838 0.09926 0.82539 -0.14333 0.53697
1403638631.4778294563 -0.13959 -1.11633 -0.15154 0.09903 0.82532 -0.14361 0.53704
1403638631.5778295994 -0.15091 -1.11937 -0.15486 0.09892 0.82531 -0.14370 0.53706
1403638631.6778295040 -0.16209 -1.12288 -0.15797 0.09860 0.82530 -0.14410 0.53702
