1403638523.0778295994 0.02695 0.00456 0.33681 -0.07302 0.80747 0.01787 0.58510
1403638523.1778295040 0.02874 -0.00066 0.34793 -0.07276 0.80712 0.01829 0.58561
1403638523.2778294086 0.02676 -0.00857 0.33482 -0.06361 0.80482 0.01813 0.58983
1403638523.3778295517 0.02569 -0.01366 0.30164 -0.05916 0.80373 0.01725 0.59180
1403638523.4778294563 0.02391 -0.01920 0.26019 -0.05442 0.80730 0.01975 0.58730
1403638523.5778295994 0.01736 -0.02624 0.20855 -0.04745 0.81641 0.02411 0.57502
1403638523.6778295040 0.01071 -0.03067 0.16108 -0.04035 0.82565 0.02687 0.56209
1403638523.7778294086 0.00400 -0.03404 0.11346 -0.03659 0.83011 0.02968 0.55561
1403638523.8778295517 -0.00265 -0.03824 0.06922 -0.03338 0.83069 0.03261 0.55478
1403638523.9778294563 -0.00574 -0.04362 0.03598 -0.02439 0.83076 0.03875 0.55474
1403638524.0778295994 -0.00923 -0.04963 0.02041 -0.01761 0.83385 0.04730 0.54968
1403638524.1778295040 -0.00832 -0.05088 0.03264 -0.01778 0.83842 0.05202 0.54224
1403638524.2778294086 -0.00473 -0.04990 0.08377 -0.02341 0.83964 0.05266 0.54008
1403638524.3778295517 0.00285 -0.04922 0.15799 -0.03254 0.83722 0.05073 0.54354
1403638524.4778294563 0.00871 -0.04794 0.21908 -0.04010 0.83067 0.04930 0.55312
1403638524.5778295994 0.01350 -0.04704 0.27905 -0.04397 0.82181 0.04843 0.56600
1403638524.6778295040 0.02120 -0.04395 0.33138 -0.03955 0.81543 0.04263 0.57592
1403638524.7778294086 0.02686 -0.04015 0.36974 -0.02689 0.81164 0.03755 0.58232
1403638524.8778295517 0.02987 -0.03651 0.39390 -0.02305 0.81020 0.03482 0.58466
1403638524.9778294563 0.03148 -0.03455 0.40461 -0.02983 0.80863 0.03713 0.58639
1403638525.0778295994 0.03066 -0.03329 0.38977 -0.02737 0.80595 0.04047 0.58996
1403638525.1778295040 0.03080 -0.03225 0.35409 -0.02498 0.80452 0.04501 0.59168
1403638525.2778294086 0.03003 -0.03464 0.30655 -0.02541 0.80707 0.05021 0.58777
1403638525.3778295517 0.02598 -0.03463 0.25098 -0.02767 0.81595 0.05500 0.57483
1403638525.4778294563 0.02033 -0.03433 0.19608 -0.03608 0.82819 0.05684 0.55640
1403638525.5778295994 0.01735 -0.03912 0.14746 -0.04253 0.83707 0.05655 0.54250
1403638525.6778295040 0.02004 -0.04540 0.10803 -0.04258 0.84000 0.05300 0.53831
1403638525.7778294086 0.02302 -0.04862 0.07491 -0.03963 0.83851 0.04710 0.54139
1403638525.8778295517 0.02626 -0.04609 0.05364 -0.03278 0.83513 0.04279 0.54741
1403638525.9778294563 0.02952 -0.05472 0.04274 -0.02468 0.83384 0.04177 0.54987
1403638526.0778295994 0.03045 -0.07310 0.04676 -0.02034 0.83557 0.03962 0.54758
1403638526.1778295040 0.02854 -0.09983 0.06874 -0.01850 0.83824 0.03050 0.54414
1403638526.2778294086 0.02320 -0.13507 0.08433 -0.01487 0.83751 0.02139 0.54580
1403638526.3778295517 0.01556 -0.17561 0.09936 -0.01266 0.83356 0.01292 0.55213
1403638526.4778294563 0.00613 -0.22061 0.11220 -0.01123 0.82855 0.00185 0.55980
1403638526.5778295994 -0.00406 -0.27325 0.12036 -0.00984 0.82330 -0.00914 0.56745
1403638526.6778295040 -0.01706 -0.33320 0.12843 -0.00533 0.81835 -0.01747 0.57444
1403638526.7778294086 -0.03161 -0.40272 0.13289 0.00275 0.81526 -0.02278 0.57864
1403638526.8778295517 -0.04785 -0.46984 0.13510 0.01066 0.81452 -0.02594 0.57946
1403638526.9778294563 -0.06606 -0.53298 0.13783 0.01521 0.81756 -0.03243 0.57474
1403638527.0778295994 -0.08146 -0.59308 0.14086 0.02300 0.82203 -0.04558 0.56715
1403638527.1778295040 -0.09439 -0.64863 0.14661 0.03089 0.82383 -0.06072 0.56273
1403638527.2778294086 -0.10221 -0.69258 0.15226 0.04247 0.82088 -0.07445 0.56464
1403638527.3778295517 -0.10751 -0.72419 0.15826 0.05764 0.81577 -0.08299 0.56948
1403638527.4778294563 -0.10510 -0.73106 0.16016 0.06795 0.81203 -0.08738 0.57303
1403638527.5778295994 -0.09607 -0.70753 0.16060 0.07158 0.81140 -0.08893 0.57324
1403638527.6778295040 -0.08075 -0.66425 0.15797 0.07059 0.81189 -0.08586 0.57313
1403638527.7778294086 -0.06649 -0.61698 0.15553 0.06535 0.81326 -0.07879 0.57282
1403638527.8778295517 -0.05115 -0.56031 0.15572 0.05191 0.81639 -0.07430 0.57034
1403638527.9778294563 -0.03061 -0.49821 0.15936 0.04232 0.81727 -0.06986 0.57044
1403638528.0778295994 -0.00864 -0.43519 0.16055 0.03617 0.81602 -0.06292 0.57345
1403638528.1778295040 0.01155 -0.37898 0.15722 0.02714 0.81643 -0.05455 0.57421
1403638528.2778294086 0.03756 -0.33022 0.15288 0.01522 0.81792 -0.04439 0.57341
1403638528.3778295517 0.06741 -0.29287 0.14579 0.00858 0.81754 -0.03661 0.57464
1403638528.4778294563 0.10363 -0.26876 0.14031 0.01054 0.81678 -0.03349 0.57588
1403638528.5778295994 0.14110 -0.25154 0.13628 0.01241 0.81861 -0.03821 0.57294
1403638528.6778295040 0.17392 -0.23839 0.13367 0.01171 0.81973 -0.04611 0.57077
1403638528.7778294086 0.20112 -0.23038 0.13497 0.01719 0.81871 -0.05148 0.57164
1403638528.8778295517 0.21424 -0.22494 0.14036 0.01381 0.81756 -0.05919 0.57262
1403638528.9778294563 0.21589 -0.21826 0.15437 0.00740 0.81724 -0.06607 0.57245
1403638529.0778295994 0.19439 -0.20989 0.16906 0.00897 0.81801 -0.06757 0.57115
1403638529.1778295040 0.16416 -0.19274 0.17781 0.02628 0.81885 -0.06086 0.57017
1403638529.2778294086 0.12834 -0.17065 0.17601 0.03826 0.82069 -0.05505 0.56742
1403638529.3778295517 0.09794 -0.14524 0.16730 0.04271 0.82596 -0.05101 0.55979
1403638529.4778294563 0.06963 -0.12498 0.14651 0.04153 0.83603 -0.04895 0.54491
1403638529.5778295994 0.04627 -0.10954 0.12163 0.03944 0.84621 -0.04650 0.52935
1403638529.6778295040 0.02942 -0.09732 0.09661 0.04097 0.85009 -0.04385 0.52320
1403638529.7778294086 0.01921 -0.08659 0.07326 0.04056 0.84654 -0.04326 0.52902
1403638529.8778295517 0.01495 -0.07887 0.05224 0.03947 0.84014 -0.04436 0.53911
1403638529.9778294563 0.01820 -0.07538 0.03869 0.03919 0.83758 -0.04458 0.54309
1403638530.0778295994 0.03024 -0.07693 0.03327 0.03993 0.83904 -0.04528 0.54071
1403638530.1778295040 0.04420 -0.07892 0.02667 0.04110 0.84068 -0.04986 0.53766
1403638530.2778294086 0.05919 -0.08133 0.01699 0.04346 0.84010 -0.05598 0.53779
1403638530.3778295517 0.07249 -0.08527 0.00712 0.04629 0.83932 -0.06137 0.53817
1403638530.4778294563 0.08416 -0.08958 -0.00039 0.04668 0.83898 -0.06530 0.53821
1403638530.5778295994 0.09190 -0.09419 -0.00621 0.04602 0.83889 -0.06866 0.53799
1403638530.6778295040 0.09633 -0.09787 -0.01149 0.04724 0.84178 -0.07097 0.53304
1403638530.7778294086 0.09954 -0.10025 -0.01716 0.04731 0.84514 -0.07263 0.52748
1403638530.8778295517 0.10158 -0.10171 -0.02147 0.04551 0.84580 -0.07214 0.52664
1403638530.9778294563 0.10302 -0.10215 -0.02468 0.04418 0.84357 -0.07196 0.53034
1403638531.0778295994 0.10319 -0.10180 -0.02672 0.04498 0.84015 -0.07052 0.53587
1403638531.1778295040 0.10319 -0.10006 -0.02606 0.04568 0.83803 -0.06835 0.53939
1403638531.2778294086 0.10357 -0.09898 -0.02749 0.04844 0.83684 -0.06695 0.54118
1403638531.3778295517 0.10354 -0.09818 -0.02787 0.04836 0.83561 -0.06708 0.54306
1403638531.4778294563 0.10326 -0.09853 -0.02763 0.04854 0.83453 -0.06744 0.54466
1403638531.5778295994 0.10310 -0.09859 -0.02777 0.04911 0.83485 -0.06633 0.54425
1403638531.6778295040 0.10309 -0.09837 -0.02787 0.04835 0.83493 -0.06692 0.54413
1403638531.7778294086 0.10316 -0.09842 -0.02784 0.04868 0.83484 -0.06695 0.54423
1403638531.8778295517 0.10312 -0.09844 -0.02788 0.04881 0.83489 -0.06684 0.54417
1403638531.9778294563 0.10314 -0.09849 -0.02788 0.04902 0.83486 -0.06684 0.54418
1403638532.0778295994 0.10314 -0.09850 -0.02792 0.04915 0.83485 -0.06670 0.54420
1403638532.1778295040 0.10315 -0.09847 -0.02793 0.04907 0.83483 -0.06676 0.54423
1403638532.2778294086 0.10316 -0.09844 -0.02792 0.04893 0.83481 -0.06693 0.54426
1403638532.3778295517 0.10315 -0.09841 -0.02794 0.04884 0.83479 -0.06693 0.54430
1403638532.4778294563 0.10316 -0.09842 -0.02793 0.04876 0.83476 -0.06702 0.54434
1403638532.5778295994 0.10315 -0.09840 -0.02795 0.04877 0.83478 -0.06704 0.54430
1403638532.6778295040 0.10318 -0.09843 -0.02794 0.04882 0.83475 -0.06702 0.54435
1403638532.7778294086 0.10315 -0.09844 -0.02795 0.04891 0.83477 -0.06691 0.54432
1403638532.8778295517 0.10315 -0.09842 -0.02794 0.04897 0.83476 -0.06692 0.54433
1403638532.9778294563 0.10315 -0.09843 -0.02793 0.04896 0.83474 -0.06692 0.54437
1403638533.0778295994 0.10314 -0.09843 -0.02794 0.04897 0.83474 -0.06693 0.54436
1403638533.1778295040 0.10315 -0.09843 -0.02794 0.04895 0.83471 -0.06697 0.54441
1403638533.2778294086 0.10313 -0.09843 -0.02795 0.04893 0.83469 -0.06700 0.54443
1403638533.3778295517 0.10313 -0.09843 -0.02795 0.04899 0.83468 -0.06696 0.54444
1403638533.4778294563 0.10314 -0.09844 -0.02794 0.04896 0.83467 -0.06697 0.54446
1403638533.5778295994 0.10312 -0.09843 -0.02795 0.04895 0.83468 -0.06699 0.54446
1403638533.6778295040 0.10313 -0.09842 -0.02795 0.04893 0.83466 -0.06705 0.54448
1403638533.7778294086 0.10312 -0.09842 -0.02795 0.04894 0.83465 -0.06707 0.54449
1403638533.8778295517 0.10314 -0.09839 -0.02797 0.04873 0.83470 -0.06681 0.54447
1403638533.9778294563 0.10317 -0.09843 -0.02799 0.04888 0.83469 -0.06705 0.54443
1403638534.0778295994 0.10310 -0.09845 -0.02799 0.04929 0.83462 -0.06744 0.54446
1403638534.1778295040 0.10312 -0.09846 -0.02796 0.04893 0.83467 -0.06725 0.54444
1403638534.2778294086 0.10312 -0.09840 -0.02793 0.04869 0.83476 -0.06714 0.54433
1403638534.3778295517 0.10314 -0.09839 -0.02794 0.04872 0.83476 -0.06717 0.54432
1403638534.4778294563 0.10322 -0.09842 -0.02806 0.04890 0.83478 -0.06747 0.54425
1403638534.5778295994 0.10324 -0.09840 -0.02807 0.04876 0.83487 -0.06717 0.54415
1403638534.6778295040 0.10326 -0.09835 -0.02804 0.04858 0.83489 -0.06697 0.54417
1403638534.7778294086 0.10324 -0.09838 -0.02804 0.04869 0.83489 -0.06689 0.54416
1403638534.8778295517 0.10325 -0.09842 -0.02807 0.04899 0.83484 -0.06706 0.54420
1403638534.9778294563 0.10323 -0.09847 -0.02806 0.04907 0.83487 -0.06712 0.54413
1403638535.0778295994 0.10322 -0.09847 -0.02805 0.04895 0.83494 -0.06712 0.54404
1403638535.1778295040 0.10323 -0.09847 -0.02806 0.04887 0.83491 -0.06716 0.54409
1403638535.2778294086 0.10322 -0.09846 -0.02806 0.04880 0.83491 -0.06715 0.54409
1403638535.3778295517 0.10321 -0.09844 -0.02803 0.04885 0.83492 -0.06712 0.54407
1403638535.4778294563 0.10321 -0.09845 -0.02802 0.04894 0.83493 -0.06713 0.54405
1403638535.5778295994 0.10323 -0.09844 -0.02802 0.04890 0.83495 -0.06708 0.54403
1403638535.6778295040 0.10323 -0.09844 -0.02803 0.04886 0.83494 -0.06713 0.54404
1403638535.7778294086 0.10322 -0.09845 -0.02804 0.04890 0.83493 -0.06713 0.54406
1403638535.8778295517 0.10323 -0.09845 -0.02804 0.04881 0.83495 -0.06708 0.54404
1403638535.9778294563 0.10322 -0.09844 -0.02804 0.04878 0.83500 -0.06707 0.54396
1403638536.0778295994 0.10323 -0.09845 -0.02804 0.04876 0.83495 -0.06714 0.54403
1403638536.1778295040 0.10323 -0.09845 -0.02804 0.04875 0.83495 -0.06716 0.54403
1403638536.2778294086 0.10322 -0.09846 -0.02803 0.04879 0.83496 -0.06712 0.54401
1403638536.3778295517 0.10322 -0.09846 -0.02804 0.04882 0.83493 -0.06714 0.54406
1403638536.4778294563 0.10322 -0.09846 -0.02803 0.04882 0.83493 -0.06712 0.54406
1403638536.5778295994 0.10321 -0.09846 -0.02804 0.04874 0.83495 -0.06713 0.54404
1403638536.6778295040 0.10321 -0.09846 -0.02804 0.04874 0.83495 -0.06711 0.54404
1403638536.7778294086 0.10321 -0.09845 -0.02806 0.04880 0.83493 -0.06716 0.54407
1403638536.8778295517 0.10321 -0.09846 -0.02808 0.04871 0.83488 -0.06725 0.54413
1403638536.9778294563 0.10321 -0.09846 -0.02807 0.04865 0.83491 -0.06729 0.54408
1403638537.0778295994 0.10324 -0.09844 -0.02806 0.04866 0.83493 -0.06721 0.54407
1403638537.1778295040 0.10324 -0.09843 -0.02806 0.04881 0.83489 -0.06718 0.54412
1403638537.2778294086 0.10323 -0.09844 -0.02802 0.04894 0.83491 -0.06713 0.54407
1403638537.3778295517 0.10324 -0.09845 -0.02805 0.04894 0.83490 -0.06711 0.54409
1403638537.4778294563 0.10324 -0.09844 -0.02805 0.04890 0.83490 -0.06711 0.54410
1403638537.5778295994 0.10323 -0.09844 -0.02801 0.04895 0.83494 -0.06700 0.54405
1403638537.6778295040 0.10325 -0.09844 -0.02797 0.04901 0.83497 -0.06702 0.54400
1403638537.7778294086 0.10324 -0.09843 -0.02797 0.04896 0.83494 -0.06705 0.54404
1403638537.8778295517 0.10327 -0.09843 -0.02796 0.04908 0.83494 -0.06696 0.54404
1403638537.9778294563 0.10325 -0.09843 -0.02794 0.04912 0.83491 -0.06708 0.54407
1403638538.0778295994 0.10325 -0.09842 -0.02791 0.04909 0.83490 -0.06708 0.54408
1403638538.1778295040 0.10326 -0.09843 -0.02791 0.04912 0.83489 -0.06706 0.54411
1403638538.2778294086 0.10340 -0.09840 -0.02800 0.04913 0.83486 -0.06695 0.54416
1403638538.3778295517 0.10331 -0.09843 -0.02791 0.04930 0.83482 -0.06694 0.54421
1403638538.4778294563 0.10327 -0.09843 -0.02781 0.04928 0.83484 -0.06691 0.54418
1403638538.5778295994 0.10330 -0.09843 -0.02777 0.04950 0.83482 -0.06692 0.54419
1403638538.6778295040 0.10330 -0.09842 -0.02773 0.04931 0.83465 -0.06700 0.54446
1403638538.7778294086 0.10342 -0.09847 -0.02742 0.04913 0.83389 -0.06679 0.54567
1403638538.8778295517 0.10487 -0.09808 -0.02706 0.04837 0.83291 -0.06624 0.54730
1403638538.9778294563 0.10831 -0.09794 -0.02461 0.04923 0.82822 -0.06542 0.55439
1403638539.0778295994 0.11264 -0.09789 -0.02122 0.05084 0.82260 -0.06682 0.56239
1403638539.1778295040 0.12051 -0.09807 -0.01378 0.05010 0.81734 -0.06713 0.57003
1403638539.2778294086 0.12943 -0.09817 0.00124 0.04990 0.81368 -0.06629 0.57536
1403638539.3778295517 0.13780 -0.09822 0.02367 0.04945 0.81463 -0.06576 0.57412
1403638539.4778294563 0.14690 -0.09910 0.05196 0.04902 0.81671 -0.06477 0.57131
1403638539.5778295994 0.15670 -0.10056 0.08260 0.04868 0.81770 -0.06344 0.57007
1403638539.6778295040 0.16728 -0.10186 0.10839 0.04705 0.81833 -0.06305 0.56934
1403638539.7778294086 0.17720 -0.10264 0.12246 0.04746 0.81961 -0.06129 0.56765
1403638539.8778295517 0.18903 -0.10310 0.12900 0.04656 0.82218 -0.06077 0.56405
1403638539.9778294563 0.20330 -0.10399 0.13421 0.04475 0.82676 -0.06059 0.55748
1403638540.0778295994 0.22224 -0.10594 0.13916 0.04447 0.83268 -0.06060 0.54863
1403638540.1778295040 0.24651 -0.10776 0.14299 0.04416 0.83663 -0.06045 0.54262
1403638540.2778294086 0.27791 -0.10867 0.15769 0.04482 0.83245 -0.05907 0.54911
1403638540.3778295517 0.31639 -0.11160 0.16161 0.04564 0.82640 -0.05693 0.55833
1403638540.4778294563 0.35829 -0.11338 0.16579 0.04251 0.82421 -0.05089 0.56239
1403638540.5778295994 0.40399 -0.11346 0.17066 0.03533 0.82465 -0.03945 0.56316
1403638540.6778295040 0.45259 -0.11291 0.17562 0.02705 0.82509 -0.02230 0.56392
1403638540.7778294086 0.50274 -0.11010 0.18008 0.01921 0.82458 0.00167 0.56541
1403638540.8778295517 0.55466 -0.10451 0.18393 0.00893 0.82432 0.02964 0.56528
1403638540.9778294563 0.60680 -0.09424 0.18605 -0.00479 0.82315 0.05592 0.56504
1403638541.0778295994 0.65974 -0.08036 0.18555 -0.01857 0.82125 0.07542 0.56526
1403638541.1778295040 0.71501 -0.06373 0.18063 -0.02839 0.81967 0.08876 0.56521
1403638541.2778294086 0.77184 -0.04218 0.17363 -0.03354 0.81898 0.09758 0.56448
1403638541.3778295517 0.82925 -0.01573 0.17360 -0.03658 0.81883 0.10122 0.56386
1403638541.4778294563 0.88536 0.01546 0.17898 -0.03781 0.81862 0.10150 0.56403
1403638541.5778295994 0.94033 0.05263 0.18861 -0.03714 0.81717 0.10212 0.56606
1403638541.6778295040 1.00369 0.09829 0.20910 -0.04133 0.81555 0.10515 0.56755
1403638541.7778294086 1.05892 0.14778 0.23215 -0.05129 0.81429 0.11077 0.56747
1403638541.8778295517 1.11043 0.20201 0.26602 -0.06325 0.81301 0.11975 0.56628
1403638541.9778294563 1.16071 0.25821 0.29572 -0.07502 0.81209 0.13407 0.56294
1403638542.0778295994 1.20662 0.31419 0.31892 -0.08900 0.81017 0.15110 0.55936
1403638542.1778295040 1.25363 0.37222 0.33588 -0.10432 0.80656 0.17098 0.55618
1403638542.2778294086 1.29990 0.43161 0.34624 -0.11911 0.80287 0.19422 0.55090
1403638542.3778295517 1.34726 0.49295 0.35357 -0.13274 0.79540 0.21603 0.55050
1403638542.4778294563 1.39313 0.55359 0.35925 -0.13890 0.78194 0.23649 0.55978
1403638542.5778295994 1.43712 0.61542 0.36114 -0.13502 0.76990 0.25515 0.56915
1403638542.6778295040 1.47652 0.68223 0.36509 -0.13581 0.76637 0.26461 0.56939
1403638542.7778294086 1.50808 0.75376 0.37606 -0.14516 0.77028 0.26361 0.56223
1403638542.8778295517 1.53358 0.82911 0.39427 -0.15232 0.77542 0.26062 0.55462
1403638542.9778294563 1.55539 0.90707 0.41958 -0.15682 0.77981 0.25760 0.54858
1403638543.0778295994 1.57433 0.98520 0.44667 -0.15993 0.78318 0.25468 0.54424
1403638543.1778295040 1.59346 1.06534 0.46655 -0.16038 0.78425 0.25235 0.54364
1403638543.2778294086 1.60688 1.13947 0.48534 -0.16098 0.78434 0.25023 0.54431
1403638543.3778295517 1.62653 1.22131 0.49324 -0.16063 0.78537 0.24939 0.54332
1403638543.4778294563 1.64654 1.30409 0.49838 -0.16312 0.78430 0.25396 0.54201
1403638543.5778295994 1.66015 1.38393 0.50801 -0.16858 0.78130 0.26524 0.53925
1403638543.6778295040 1.67414 1.46652 0.51219 -0.17581 0.77571 0.28309 0.53594
1403638543.7778294086 1.68599 1.55118 0.51780 -0.18621 0.76780 0.30449 0.53207
1403638543.8778295517 1.69867 1.63724 0.53040 -0.19802 0.75787 0.32704 0.52864
1403638543.9778294563 1.71151 1.72448 0.54940 -0.21223 0.74950 0.34539 0.52336
1403638544.0778295994 1.72626 1.81896 0.57323 -0.22723 0.74562 0.35663 0.51500
1403638544.1778295040 1.74226 1.91415 0.59629 -0.23774 0.74254 0.36317 0.51011
1403638544.2778294086 1.76000 2.01071 0.61272 -0.24464 0.73995 0.36662 0.50815
1403638544.3778295517 1.77901 2.10781 0.62245 -0.24627 0.73929 0.36922 0.50644
1403638544.4778294563 1.79959 2.20586 0.62964 -0.24543 0.73983 0.37032 0.50525
1403638544.5778295994 1.82341 2.30592 0.63209 -0.24729 0.73716 0.36951 0.50882
1403638544.6778295040 1.84540 2.40661 0.64674 -0.25234 0.73063 0.36894 0.51613
1403638544.7778294086 1.86907 2.50642 0.65868 -0.25363 0.72983 0.36989 0.51594
1403638544.8778295517 1.88713 2.60198 0.67735 -0.25173 0.73308 0.37211 0.51066
1403638544.9778294563 1.91030 2.70097 0.68267 -0.25188 0.73396 0.37275 0.50884
1403638545.0778295994 1.93407 2.79916 0.68299 -0.25339 0.73273 0.37268 0.50992
1403638545.1778295040 1.94923 2.88631 0.68832 -0.25316 0.73229 0.37370 0.50991
1403638545.2778294086 1.97383 2.98527 0.67562 -0.25241 0.73173 0.37529 0.50993
1403638545.3778295517 1.99793 3.08217 0.65982 -0.25421 0.72904 0.37442 0.51350
1403638545.4778294563 2.01088 3.16299 0.65102 -0.25643 0.72887 0.37529 0.51201
1403638545.5778295994 2.03255 3.26204 0.63355 -0.26063 0.72672 0.38191 0.50803
1403638545.6778295040 2.04540 3.34404 0.63212 -0.26956 0.72119 0.39341 0.50244
1403638545.7778294086 2.05924 3.42476 0.63555 -0.27857 0.71351 0.40998 0.49520
1403638545.8778295517 2.07390 3.50631 0.64504 -0.28969 0.70298 0.42962 0.48717
1403638545.9778294563 2.09016 3.59259 0.66099 -0.29966 0.69068 0.45171 0.47867
1403638546.0778295994 2.10758 3.68006 0.67983 -0.30625 0.67882 0.47079 0.47304
1403638546.1778295040 2.12632 3.77182 0.69330 -0.31405 0.67020 0.48320 0.46768
1403638546.2778294086 2.14405 3.86618 0.69934 -0.31916 0.66550 0.49085 0.46294
1403638546.3778295517 2.16184 3.96459 0.69980 -0.32556 0.66396 0.49307 0.45831
1403638546.4778294563 2.18385 4.08261 0.69422 -0.32825 0.66369 0.49423 0.45552
1403638546.5778295994 2.20050 4.18427 0.68924 -0.32931 0.66166 0.49744 0.45422
1403638546.6778295040 2.21742 4.29260 0.68669 -0.33289 0.65692 0.50333 0.45200
1403638546.7778294086 2.23243 4.39894 0.69800 -0.33534 0.65243 0.50901 0.45033
1403638546.8778295517 2.24634 4.50876 0.71782 -0.33595 0.64888 0.51387 0.44947
1403638546.9778294563 2.25932 4.62184 0.73479 -0.33455 0.64571 0.51820 0.45011
1403638547.0778295994 2.27254 4.74063 0.74291 -0.33252 0.64326 0.52149 0.45132
1403638547.1778295040 2.28085 4.85894 0.74586 -0.32940 0.64134 0.52462 0.45272
1403638547.2778294086 2.28723 4.98253 0.74360 -0.32740 0.64000 0.52608 0.45437
1403638547.3778295517 2.28524 5.10364 0.73843 -0.33033 0.64158 0.52365 0.45282
1403638547.4778294563 2.28344 5.23181 0.72935 -0.33492 0.64475 0.51984 0.44932
1403638547.5778295994 2.27938 5.36111 0.71528 -0.33797 0.64823 0.51634 0.44606
1403638547.6778295040 2.26859 5.48469 0.69567 -0.33835 0.64956 0.51450 0.44596
1403638547.7778294086 2.26238 5.61797 0.67100 -0.33617 0.64899 0.51500 0.44787
1403638547.8778295517 2.24706 5.73992 0.64164 -0.33237 0.64623 0.51687 0.45250
1403638547.9778294563 2.23625 5.87754 0.61442 -0.33248 0.64614 0.51720 0.45217
1403638548.0778295994 2.21537 6.00157 0.59345 -0.33510 0.64583 0.51931 0.44825
1403638548.1778295040 2.20011 6.15085 0.58284 -0.33951 0.64218 0.52478 0.44378
1403638548.2778294086 2.17567 6.28698 0.58081 -0.34613 0.63596 0.53326 0.43747
1403638548.3778295517 2.15165 6.42706 0.58818 -0.35388 0.62672 0.54478 0.43036
1403638548.4778294563 2.12720 6.56522 0.60318 -0.36213 0.61727 0.55550 0.42339
1403638548.5778295994 2.10337 6.70656 0.61751 -0.36874 0.60946 0.56344 0.41847
1403638548.6778295040 2.08001 6.84474 0.62905 -0.37368 0.60403 0.56888 0.41459
1403638548.7778294086 2.05639 6.98350 0.63964 -0.37653 0.60017 0.57285 0.41214
1403638548.8778295517 2.03218 7.12310 0.65624 -0.37794 0.59801 0.57549 0.41031
1403638548.9778294563 2.00790 7.26139 0.68061 -0.37946 0.59689 0.57640 0.40925
1403638549.0778295994 1.98274 7.41219 0.70230 -0.38001 0.59661 0.57683 0.40855
1403638549.1778295040 1.95834 7.54135 0.73961 -0.38142 0.59636 0.57588 0.40895
1403638549.2778294086 1.93296 7.69358 0.77248 -0.38216 0.59721 0.57489 0.40840
1403638549.3778295517 1.90878 7.82087 0.82053 -0.38467 0.59851 0.57250 0.40750
1403638549.4778294563 1.88340 7.97601 0.85479 -0.38653 0.59993 0.57037 0.40664
1403638549.5778295994 1.86066 8.10329 0.89488 -0.38815 0.59979 0.56864 0.40772
1403638549.6778295040 1.83727 8.26006 0.91952 -0.38948 0.59925 0.56714 0.40934
1403638549.7778294086 1.82663 8.32239 0.95152 -0.38855 0.59901 0.56761 0.40992
1403638549.8778295517 1.80715 8.46970 0.98326 -0.38761 0.60051 0.56775 0.40842
1403638549.9778294563 1.77642 8.68455 1.04029 -0.38695 0.60163 0.56775 0.40738
1403638550.0778295994 1.75811 8.84564 1.08833 -0.38724 0.60197 0.56750 0.40696
1403638550.1778295040 1.70076 9.29414 1.18908 -0.38663 0.60331 0.56746 0.40561
1403638550.2778294086 1.68150 9.48669 1.25389 -0.38610 0.60289 0.56836 0.40549
1403638550.3778295517 1.67162 9.62397 1.33334 -0.38644 0.60175 0.56869 0.40640
1403638550.4778294563 1.65691 9.81426 1.39511 -0.38919 0.60231 0.56719 0.40504
1403638550.5778295994 1.69768 9.62491 1.41055 -0.39474 0.60205 0.56466 0.40358
1403638550.6778295040 1.69955 9.73242 1.45727 -0.39994 0.60023 0.56124 0.40594
1403638550.7778294086 1.70397 9.83850 1.49631 -0.40318 0.59931 0.55900 0.40717
1403638550.8778295517 1.69707 10.08391 1.56676 -0.40880 0.59565 0.55478 0.41268
1403638550.9778294563 1.70246 10.23563 1.60847 -0.41452 0.59132 0.55033 0.41912
1403638551.0778295994 1.71122 10.36530 1.64132 -0.41831 0.58869 0.54743 0.42282
1403638551.1778295040 1.72247 10.49175 1.67483 -0.42286 0.58904 0.54464 0.42142
1403638551.2778294086 1.73829 10.60327 1.71016 -0.42369 0.59068 0.54348 0.41979
1403638551.3778295517 1.75962 10.72361 1.75351 -0.41909 0.59833 0.54036 0.41759
1403638551.4778294563 1.78778 10.82776 1.79224 -0.41187 0.61069 0.53086 0.41904
1403638551.5778295994 1.82354 10.93454 1.82551 -0.40585 0.62556 0.51438 0.42352
1403638551.6778295040 1.86896 11.14966 1.88702 -0.39917 0.64234 0.49599 0.42667
1403638551.7778294086 1.92300 11.25618 1.91363 -0.39021 0.65616 0.47736 0.43511
1403638551.8778295517 1.98501 11.35217 1.93447 -0.38031 0.66642 0.46167 0.44510
1403638551.9778294563 2.05503 11.44073 1.95873 -0.36854 0.66956 0.45391 0.45808
1403638552.0778295994 2.13162 11.52169 1.99045 -0.35910 0.67092 0.44897 0.46833
1403638552.1778295040 2.21089 11.58980 2.02646 -0.35352 0.67564 0.44587 0.46876
1403638552.2778294086 2.29377 11.65052 2.06774 -0.34961 0.67951 0.44489 0.46703
1403638552.3778295517 2.37894 11.70293 2.10781 -0.35185 0.68037 0.44208 0.46676
1403638552.4778294563 2.46887 11.76192 2.14065 -0.35908 0.67660 0.43663 0.47184
1403638552.5778295994 2.56234 11.79759 2.17140 -0.36481 0.67267 0.43327 0.47614
1403638552.6778295040 2.65807 11.82305 2.19541 -0.36561 0.67022 0.43455 0.47780
1403638552.7778294086 2.75691 11.84038 2.21326 -0.36519 0.66947 0.43684 0.47709
1403638552.8778295517 2.86096 11.86162 2.22345 -0.36308 0.66811 0.44080 0.47697
1403638552.9778294563 2.96485 11.86211 2.23346 -0.35879 0.66569 0.44680 0.47801
1403638553.0778295994 3.07341 11.86957 2.23381 -0.35511 0.66349 0.45220 0.47875
1403638553.1778295040 3.17761 11.85952 2.23548 -0.36061 0.65948 0.45095 0.48134
1403638553.2778294086 3.28744 11.85500 2.23443 -0.36782 0.65367 0.44778 0.48674
1403638553.3778295517 3.42423 11.85110 2.24721 -0.37002 0.64820 0.44909 0.49116
1403638553.4778294563 3.53065 11.81685 2.25787 -0.36647 0.64269 0.45266 0.49775
1403638553.5778295994 3.63470 11.77279 2.27441 -0.36332 0.63838 0.45564 0.50285
1403638553.6778295040 3.73555 11.71673 2.29402 -0.36104 0.63745 0.45792 0.50360
1403638553.7778294086 3.83353 11.64959 2.32210 -0.35911 0.63797 0.45976 0.50264
1403638553.8778295517 3.92320 11.57302 2.35276 -0.35685 0.63982 0.46119 0.50059
1403638553.9778294563 4.01063 11.49072 2.39153 -0.35589 0.64298 0.46140 0.49703
1403638554.0778295994 4.09107 11.39763 2.41556 -0.35441 0.64629 0.46226 0.49297
1403638554.1778295040 4.16974 11.30533 2.44910 -0.34926 0.64938 0.46561 0.48942
1403638554.2778294086 4.24600 11.20438 2.46188 -0.34142 0.65535 0.47135 0.48144
1403638554.3778295517 4.31462 11.10805 2.48465 -0.33533 0.65882 0.47562 0.47675
1403638554.4778294563 4.39356 11.00863 2.50008 -0.33329 0.65991 0.47793 0.47437
1403638554.5778295994 4.45777 10.91081 2.51342 -0.33420 0.66091 0.47737 0.47289
1403638554.6778295040 4.52530 10.81109 2.51912 -0.34017 0.66309 0.47356 0.46941
1403638554.7778294086 4.58512 10.71502 2.53892 -0.34487 0.66386 0.47010 0.46837
1403638554.8778295517 4.65318 10.61600 2.55494 -0.34797 0.66395 0.46813 0.46792
1403638554.9778294563 4.72179 10.51723 2.57255 -0.35052 0.66460 0.46490 0.46830
1403638555.0778295994 4.78615 10.42576 2.59402 -0.34661 0.66796 0.46032 0.47095
1403638555.1778295040 4.85853 10.32116 2.59695 -0.34005 0.67395 0.45354 0.47377
1403638555.2778294086 4.92818 10.22995 2.60849 -0.33371 0.68029 0.44522 0.47711
1403638555.3778295517 5.00280 10.13413 2.61273 -0.32646 0.68355 0.44033 0.48196
1403638555.4778294563 5.07995 10.03440 2.61027 -0.32059 0.68568 0.43716 0.48576
1403638555.5778295994 5.15879 9.93361 2.60574 -0.31822 0.68702 0.43446 0.48785
1403638555.6778295040 5.23786 9.83204 2.60698 -0.31762 0.68876 0.43279 0.48726
1403638555.7778294086 5.31367 9.73131 2.61719 -0.31660 0.69001 0.43295 0.48600
1403638555.8778295517 5.38912 9.62330 2.63280 -0.31594 0.69003 0.43394 0.48553
1403638555.9778294563 5.46650 9.52582 2.65874 -0.31454 0.68882 0.43562 0.48664
1403638556.0778295994 5.54361 9.42244 2.68348 -0.31303 0.68894 0.43695 0.48626
1403638556.1778295040 5.62115 9.33235 2.71001 -0.31202 0.69347 0.43741 0.48002
1403638556.2778294086 5.70032 9.22999 2.72268 -0.31066 0.69674 0.43841 0.47523
1403638556.3778295517 5.78002 9.15071 2.73992 -0.30921 0.69908 0.43908 0.47211
1403638556.4778294563 5.86349 9.05247 2.74641 -0.30696 0.70215 0.44034 0.46783
1403638556.5778295994 5.95928 8.97313 2.76410 -0.30655 0.70517 0.44000 0.46385
1403638556.6778295040 6.04503 8.91750 2.78145 -0.31384 0.70781 0.43380 0.46078
1403638556.7778294086 6.13851 8.83253 2.79869 -0.32046 0.70446 0.42908 0.46576
1403638556.8778295517 6.23697 8.77674 2.83269 -0.32597 0.70310 0.42471 0.46799
1403638556.9778294563 6.33923 8.72544 2.87028 -0.32907 0.70183 0.42204 0.47014
1403638557.0778295994 6.44558 8.67378 2.90064 -0.32736 0.70060 0.42336 0.47197
1403638557.1778295040 6.56425 8.61527 2.92451 -0.32565 0.69915 0.42494 0.47389
1403638557.2778294086 6.68019 8.56408 2.94120 -0.32433 0.69828 0.42601 0.47511
1403638557.3778295517 6.80210 8.51230 2.95256 -0.32167 0.69725 0.42818 0.47647
1403638557.4778294563 6.92570 8.46089 2.96494 -0.31597 0.69444 0.43263 0.48036
1403638557.5778295994 7.04998 8.40879 2.98300 -0.31128 0.69221 0.43583 0.48375
1403638557.6778295040 7.17315 8.35606 3.00538 -0.30857 0.69118 0.43775 0.48522
1403638557.7778294086 7.29377 8.30418 3.02972 -0.30838 0.69097 0.43740 0.48595
1403638557.8778295517 7.44227 8.23379 3.05295 -0.30597 0.69077 0.43917 0.48615
1403638557.9778294563 7.56587 8.17762 3.06658 -0.30311 0.69211 0.44076 0.48460
1403638558.0778295994 7.68660 8.12027 3.07636 -0.30177 0.69614 0.44123 0.47920
1403638558.1778295040 7.80946 8.06690 3.08207 -0.29889 0.70206 0.44265 0.47100
1403638558.2778294086 7.93283 8.02016 3.09268 -0.29528 0.70633 0.44424 0.46535
1403638558.3778295517 8.05625 7.98227 3.11360 -0.29037 0.70784 0.44687 0.46364
1403638558.4778294563 8.18833 7.94453 3.14442 -0.28437 0.71135 0.45046 0.45847
1403638558.5778295994 8.31278 7.92407 3.18105 -0.28543 0.71405 0.44902 0.45501
1403638558.6778295040 8.43892 7.91456 3.22425 -0.29351 0.71483 0.44240 0.45514
1403638558.7778294086 8.56874 7.90598 3.26493 -0.30128 0.71442 0.43626 0.45663
1403638558.8778295517 8.69885 7.91180 3.30112 -0.30356 0.71332 0.43392 0.45907
1403638558.9778294563 8.83246 7.92201 3.33000 -0.30502 0.70865 0.43257 0.46655
1403638559.0778295994 8.96908 7.93403 3.35049 -0.30536 0.70430 0.43232 0.47309
1403638559.1778295040 9.10635 7.94960 3.36464 -0.30538 0.70102 0.43265 0.47763
1403638559.2778294086 9.24406 7.96841 3.37240 -0.30302 0.69836 0.43494 0.48093
1403638559.3778295517 9.38404 7.98891 3.37360 -0.29914 0.69625 0.43817 0.48349
1403638559.4778294563 9.52049 8.01315 3.36907 -0.29676 0.69410 0.44035 0.48605
1403638559.5778295994 9.65334 8.03801 3.35777 -0.29548 0.69205 0.44188 0.48836
1403638559.6778295040 9.78122 8.06365 3.34287 -0.29587 0.69112 0.44200 0.48934
1403638559.7778294086 9.90814 8.08382 3.33054 -0.29621 0.69027 0.44270 0.48970
1403638559.8778295517 10.02255 8.11381 3.32189 -0.29717 0.69117 0.44173 0.48873
1403638559.9778294563 10.14349 8.13838 3.31517 -0.29605 0.69459 0.43572 0.48994
1403638560.0778295994 10.26130 8.17363 3.30205 -0.29044 0.70236 0.42263 0.49368
1403638560.1778295040 10.37819 8.20676 3.28129 -0.28049 0.71179 0.40429 0.50122
1403638560.2778294086 10.49416 8.24163 3.25518 -0.26794 0.72224 0.38278 0.50996
1403638560.3778295517 10.60878 8.27634 3.22708 -0.25643 0.72958 0.35825 0.52308
1403638560.4778294563 10.74204 8.31893 3.19174 -0.24411 0.73692 0.33312 0.53516
1403638560.5778295994 10.85085 8.34736 3.15466 -0.23266 0.74562 0.30596 0.54434
1403638560.6778295040 10.95536 8.37122 3.11301 -0.22291 0.75559 0.27765 0.54982
1403638560.7778294086 11.05723 8.38768 3.07403 -0.21571 0.76387 0.25182 0.55368
1403638560.8778295517 11.15593 8.39375 3.04280 -0.20495 0.76985 0.22876 0.55946
1403638560.9778294563 11.25351 8.39194 3.01908 -0.19262 0.77368 0.20763 0.56675
1403638561.0778295994 11.34930 8.38146 3.00326 -0.18030 0.77578 0.18757 0.57487
1403638561.1778295040 11.43891 8.36077 2.99400 -0.16933 0.77673 0.16976 0.58241
1403638561.2778294086 11.52240 8.33146 2.99254 -0.16242 0.77666 0.15627 0.58822
1403638561.3778295517 11.60000 8.29431 2.99330 -0.15340 0.78115 0.15130 0.58599
1403638561.4778294563 11.67105 8.24926 2.99170 -0.13992 0.78705 0.15466 0.58056
1403638561.5778295994 11.73966 8.19929 2.98586 -0.13035 0.79055 0.15924 0.57679
1403638561.6778295040 11.80453 8.14677 2.97640 -0.12659 0.79220 0.16202 0.57459
1403638561.7778294086 11.87006 8.09307 2.95946 -0.12652 0.79211 0.16479 0.57393
1403638561.8778295517 11.92961 8.03667 2.93315 -0.12400 0.79145 0.16545 0.57520
1403638561.9778294563 12.01356 7.96839 2.90237 -0.12148 0.79187 0.16292 0.57588
1403638562.0778295994 12.07053 7.90605 2.87267 -0.11418 0.79349 0.15414 0.57756
1403638562.1778295040 12.11592 7.84215 2.85615 -0.10647 0.79516 0.14421 0.57930
1403638562.2778294086 12.15943 7.77978 2.84319 -0.09985 0.79605 0.13579 0.58129
1403638562.3778295517 12.20069 7.71640 2.83609 -0.09370 0.79676 0.12370 0.58403
1403638562.4778294563 12.23289 7.65580 2.83231 -0.08642 0.79873 0.10800 0.58558
1403638562.5778295994 12.26771 7.59142 2.83593 -0.07683 0.80074 0.08775 0.58755
1403638562.6778295040 12.29860 7.52645 2.84490 -0.06810 0.80317 0.06341 0.58843
1403638562.7778294086 12.32615 7.46011 2.85647 -0.05926 0.80433 0.03701 0.59006
1403638562.8778295517 12.34962 7.38954 2.86469 -0.04583 0.80511 0.01226 0.59123
1403638562.9778294563 12.36871 7.31528 2.86844 -0.03142 0.80545 -0.01049 0.59173
1403638563.0778295994 12.38300 7.23754 2.86745 -0.02252 0.80492 -0.03460 0.59195
1403638563.1778295040 12.39085 7.15505 2.86220 -0.01078 0.80443 -0.05430 0.59146
1403638563.2778294086 12.39348 7.06437 2.85253 0.00056 0.80103 -0.06798 0.59475
1403638563.3778295517 12.38783 6.97051 2.83698 0.00720 0.79305 -0.07747 0.60417
1403638563.4778294563 12.37389 6.87202 2.81365 0.00860 0.78681 -0.08431 0.61135
1403638563.5778295994 12.35131 6.76824 2.78751 0.01424 0.78741 -0.08409 0.61051
1403638563.6778295040 12.32029 6.65862 2.76520 0.01442 0.79095 -0.08429 0.60588
1403638563.7778294086 12.28176 6.54283 2.74920 0.01147 0.79322 -0.08472 0.60291
1403638563.8778295517 12.23821 6.41767 2.74260 0.00835 0.79286 -0.08375 0.60356
1403638563.9778294563 12.18600 6.28893 2.74251 0.00500 0.79185 -0.08209 0.60516
1403638564.0778295994 12.12682 6.15237 2.74056 0.00057 0.79256 -0.07981 0.60454
1403638564.1778295040 12.06008 6.01001 2.73313 -0.00108 0.79259 -0.07511 0.60511
1403638564.2778294086 11.98488 5.86510 2.72569 0.00002 0.79105 -0.06966 0.60778
1403638564.3778295517 11.90497 5.71046 2.71939 0.00001 0.78975 -0.06453 0.61002
1403638564.4778294563 11.81214 5.56098 2.72635 0.00102 0.78851 -0.06034 0.61205
1403638564.5778295994 11.71355 5.39944 2.73118 -0.00173 0.79031 -0.05985 0.60977
1403638564.6778295040 11.60460 5.25547 2.74519 -0.00642 0.79189 -0.06296 0.60737
1403638564.7778294086 11.48933 5.08419 2.73933 -0.01022 0.79243 -0.06597 0.60630
1403638564.8778295517 11.36262 4.92656 2.74385 -0.01200 0.79179 -0.06863 0.60681
1403638564.9778294563 11.23615 4.73981 2.71162 -0.01388 0.79123 -0.07025 0.60731
1403638565.0778295994 11.09600 4.57032 2.68252 -0.01472 0.79151 -0.07124 0.60681
1403638565.1778295040 10.93965 4.32342 2.62299 -0.01643 0.79206 -0.07033 0.60615
1403638565.2778294086 10.78947 4.13081 2.56294 -0.01457 0.79301 -0.06968 0.60503
1403638565.3778295517 10.63737 3.93385 2.49707 -0.01154 0.79405 -0.06862 0.60385
1403638565.4778294563 10.48287 3.73003 2.42656 -0.00826 0.79339 -0.06782 0.60486
1403638565.5778295994 10.32581 3.52161 2.36074 -0.00126 0.79128 -0.06574 0.60791
1403638565.6778295040 10.16366 3.31033 2.30168 0.01092 0.79110 -0.06005 0.60864
1403638565.7778294086 9.99771 3.09949 2.24630 0.02026 0.79391 -0.05600 0.60512
1403638565.8778295517 9.82360 2.89294 2.19772 0.02783 0.79613 -0.05304 0.60215
1403638565.9778294563 9.63550 2.66949 2.14831 0.03001 0.79787 -0.05339 0.59971
1403638566.0778295994 9.44945 2.45989 2.09677 0.03162 0.79883 -0.05386 0.59830
1403638566.1778295040 9.26200 2.25362 2.03787 0.02967 0.79893 -0.05533 0.59813
1403638566.2778294086 9.07163 2.04957 1.97107 0.03040 0.79851 -0.05456 0.59873
1403638566.3778295517 8.88061 1.84792 1.89616 0.03074 0.79950 -0.05360 0.59748
1403638566.4778294563 8.68900 1.64864 1.81508 0.02749 0.79969 -0.05435 0.59731
1403638566.5778295994 8.49590 1.44730 1.72268 0.02657 0.80275 -0.05242 0.59341
1403638566.6778295040 8.30249 1.25306 1.62634 0.02569 0.81217 -0.05086 0.58064
1403638566.7778294086 8.11185 1.06220 1.52329 0.02484 0.82398 -0.04939 0.56391
1403638566.8778295517 7.92686 0.87302 1.41525 0.02314 0.83210 -0.04840 0.55202
1403638566.9778294563 7.74833 0.68732 1.30352 0.02327 0.83609 -0.04576 0.54618
1403638567.0778295994 7.57724 0.50722 1.19281 0.02357 0.82789 -0.04430 0.55864
1403638567.1778295040 7.41046 0.33145 1.07750 0.02628 0.81535 -0.04216 0.57683
1403638567.2778294086 7.24640 0.15090 0.95346 0.02973 0.80657 -0.04024 0.58902
1403638567.3778295517 7.08223 -0.02033 0.82425 0.03299 0.80461 -0.03981 0.59155
1403638567.4778294563 6.91170 -0.19347 0.69411 0.03507 0.80538 -0.04085 0.59031
1403638567.5778295994 6.74612 -0.35755 0.57080 0.03668 0.80892 -0.04292 0.58520
1403638567.6778295040 6.58170 -0.51747 0.45557 0.04032 0.81224 -0.04380 0.58028
1403638567.7778294086 6.42214 -0.67359 0.34888 0.04260 0.81558 -0.04467 0.57535
1403638567.8778295517 6.26872 -0.82502 0.24986 0.04204 0.81904 -0.04722 0.57024
1403638567.9778294563 6.12431 -0.97442 0.15789 0.04226 0.82005 -0.04843 0.56867
1403638568.0778295994 5.98632 -1.12084 0.07497 0.04558 0.82001 -0.04686 0.56861
1403638568.1778295040 5.85114 -1.26378 0.00235 0.04790 0.81938 -0.04577 0.56941
1403638568.2778294086 5.71812 -1.40307 -0.06128 0.04909 0.81930 -0.04623 0.56938
1403638568.3778295517 5.58861 -1.53852 -0.12227 0.04932 0.81983 -0.04673 0.56856
1403638568.4778294563 5.45220 -1.67048 -0.19392 0.04986 0.82065 -0.04672 0.56734
1403638568.5778295994 5.33368 -1.79678 -0.25844 0.05092 0.82213 -0.04628 0.56513
1403638568.6778295040 5.20720 -1.92116 -0.33580 0.05224 0.82394 -0.04498 0.56247
1403638568.7778294086 5.11606 -2.02484 -0.39109 0.05232 0.82538 -0.04540 0.56030
1403638568.8778295517 5.01366 -2.13302 -0.43906 0.05057 0.82477 -0.04710 0.56122
1403638568.9778294563 4.90440 -2.24143 -0.49536 0.05255 0.82424 -0.04541 0.56197
1403638569.0778295994 4.81514 -2.33480 -0.52124 0.05441 0.82409 -0.04457 0.56208
1403638569.1778295040 4.71467 -2.43538 -0.56139 0.05496 0.82488 -0.04454 0.56086
1403638569.2778294086 4.62796 -2.52557 -0.57911 0.05724 0.82622 -0.04368 0.55873
1403638569.3778295517 4.53614 -2.61702 -0.62371 0.05810 0.82612 -0.04340 0.55881
1403638569.4778294563 4.46553 -2.68795 -0.64577 0.05917 0.82472 -0.04319 0.56078
1403638569.5778295994 4.38339 -2.76934 -0.69787 0.05991 0.82342 -0.04277 0.56264
1403638569.6778295040 4.30469 -2.84269 -0.74281 0.05911 0.82223 -0.04369 0.56439
1403638569.7778294086 4.22669 -2.91113 -0.78216 0.06015 0.82137 -0.04305 0.56559
1403638569.8778295517 4.17730 -2.94423 -0.78556 0.06190 0.82018 -0.04228 0.56718
1403638569.9778294563 4.09964 -3.00614 -0.81877 0.06066 0.81856 -0.04301 0.56958
1403638570.0778295994 4.02616 -3.05879 -0.85228 0.05841 0.81788 -0.04450 0.57069
1403638570.1778295040 3.95400 -3.10779 -0.89286 0.05348 0.81793 -0.04728 0.57088
1403638570.2778294086 3.88240 -3.15340 -0.94026 0.04595 0.81725 -0.05186 0.57210
1403638570.3778295517 3.81088 -3.19799 -0.99306 0.03964 0.81676 -0.05914 0.57257
1403638570.4778294563 3.77368 -3.18894 -1.01808 0.03613 0.81582 -0.07509 0.57227
1403638570.5778295994 3.69706 -3.24566 -1.08542 0.02883 0.81233 -0.10189 0.57350
1403638570.6778295040 3.67074 -3.23649 -1.12157 0.03048 0.80624 -0.13140 0.57601
1403638570.7778294086 3.65753 -3.23354 -1.15625 0.03878 0.79420 -0.15908 0.58518
1403638570.8778295517 3.64922 -3.24473 -1.19206 0.05223 0.78167 -0.18350 0.59380
1403638570.9778294563 3.64771 -3.27322 -1.25654 0.06846 0.77286 -0.20504 0.59662
1403638571.0778295994 3.63558 -3.30786 -1.34741 0.08574 0.76957 -0.22477 0.59151
1403638571.1778295040 3.61246 -3.35662 -1.42822 0.10725 0.77188 -0.23782 0.57978
1403638571.2778294086 3.55810 -3.43442 -1.48922 0.12711 0.77305 -0.24452 0.57135
1403638571.3778295517 3.52028 -3.47300 -1.54319 0.14116 0.77191 -0.25093 0.56680
1403638571.4778294563 3.48077 -3.54560 -1.58051 0.14787 0.76899 -0.25604 0.56677
1403638571.5778295994 3.37873 -3.66720 -1.63720 0.15395 0.76656 -0.25966 0.56680
1403638571.6778295040 3.32467 -3.76526 -1.65355 0.16040 0.76617 -0.26955 0.56090
1403638571.7778294086 3.04840 -3.97057 -1.77465 0.16465 0.76561 -0.28030 0.55512
1403638571.8778295517 2.93113 -4.11273 -1.83580 0.17124 0.76213 -0.29773 0.54881
1403638571.9778294563 2.82421 -4.23338 -1.87782 0.17911 0.75510 -0.31775 0.54476
1403638572.0778295994 2.75165 -4.29735 -1.86924 0.19040 0.74636 -0.33808 0.54073
1403638572.1778295040 2.64818 -4.44150 -1.88006 0.20609 0.73890 -0.35340 0.53542
1403638572.2778294086 2.54717 -4.59348 -1.88567 0.21988 0.73396 -0.37014 0.52531
1403638572.3778295517 2.44601 -4.75107 -1.89031 0.23268 0.72843 -0.38860 0.51404
1403638572.4778294563 2.34842 -4.90236 -1.90197 0.24680 0.72367 -0.40197 0.50379
1403638572.5778295994 2.15805 -5.06368 -1.90122 0.25639 0.71980 -0.40962 0.49837
1403638572.6778295040 2.03646 -5.22581 -1.91259 0.26207 0.71782 -0.41501 0.49378
1403638572.7778294086 1.95316 -5.32061 -1.88567 0.27187 0.71820 -0.41640 0.48671
1403638572.8778295517 1.81119 -5.46943 -1.85384 0.27448 0.72084 -0.41517 0.48237
1403638572.9778294563 1.71350 -5.59146 -1.83218 0.27556 0.72235 -0.41428 0.48026
1403638573.0778295994 1.60612 -5.74897 -1.80794 0.27501 0.72437 -0.41343 0.47827
1403638573.1778295040 1.51162 -5.91137 -1.78944 0.27355 0.72592 -0.41278 0.47731
1403638573.2778294086 1.40560 -6.07132 -1.79211 0.27195 0.72741 -0.41080 0.47766
1403638573.3778295517 1.31936 -6.24261 -1.77213 0.27143 0.72815 -0.41037 0.47720
1403638573.4778294563 1.22267 -6.40939 -1.77023 0.27447 0.72823 -0.41049 0.47523
1403638573.5778295994 1.14830 -6.59097 -1.73485 0.27636 0.72805 -0.41121 0.47379
1403638573.6778295040 1.08128 -6.77267 -1.69200 0.27941 0.72827 -0.41227 0.47074
1403638573.7778294086 1.02319 -6.95755 -1.64257 0.28653 0.72438 -0.41604 0.46913
1403638573.8778295517 0.97487 -7.14429 -1.59673 0.30062 0.71366 -0.42173 0.47166
1403638573.9778294563 0.93289 -7.32991 -1.55793 0.31288 0.69746 -0.43504 0.47581
1403638574.0778295994 0.89390 -7.51291 -1.52751 0.31920 0.67609 -0.45606 0.48272
1403638574.1778295040 0.85740 -7.69271 -1.50407 0.32572 0.65270 -0.47940 0.48791
1403638574.2778294086 0.81564 -7.86703 -1.48610 0.33538 0.63288 -0.50108 0.48570
1403638574.3778295517 0.76848 -8.03360 -1.47097 0.34787 0.61840 -0.52069 0.47482
1403638574.4778294563 0.71919 -8.19499 -1.45886 0.36136 0.60565 -0.53845 0.46116
1403638574.5778295994 0.66750 -8.35260 -1.44356 0.37193 0.59405 -0.55235 0.45131
1403638574.6778295040 0.61414 -8.52103 -1.42053 0.38377 0.58725 -0.55929 0.44166
1403638574.7778294086 0.57675 -8.67656 -1.39221 0.39491 0.58651 -0.56222 0.42891
1403638574.8778295517 0.53586 -8.84092 -1.36598 0.39634 0.58823 -0.56700 0.41883
1403638574.9778294563 0.49089 -8.99761 -1.34742 0.39510 0.59028 -0.57063 0.41213
1403638575.0778295994 0.44134 -8.85339 -1.32783 0.38845 0.58691 -0.57438 0.41800
1403638575.1778295040 0.39685 -8.97839 -1.32191 0.38341 0.58378 -0.57804 0.42198
1403638575.2778294086 0.32861 -9.09683 -1.31687 0.38013 0.58253 -0.57876 0.42568
1403638575.3778295517 0.28603 -9.22928 -1.32452 0.37753 0.58551 -0.57954 0.42284
1403638575.4778294563 0.21723 -9.35173 -1.33030 0.37563 0.59107 -0.57827 0.41850
1403638575.5778295994 0.17319 -9.49388 -1.34613 0.37523 0.59581 -0.57667 0.41433
1403638575.6778295040 0.03001 -9.86087 -1.35291 0.37482 0.60478 -0.57023 0.41059
1403638575.7778294086 -0.08044 -10.09006 -1.34151 0.37534 0.61155 -0.56819 0.40285
1403638575.8778295517 -0.16090 -10.25565 -1.32396 0.37517 0.61583 -0.56642 0.39896
1403638575.9778294563 -0.23792 -10.42501 -1.29647 0.37477 0.61618 -0.56576 0.39973
1403638576.0778295994 -0.31240 -10.59621 -1.26131 0.37552 0.61680 -0.56443 0.39995
1403638576.1778295040 -0.38397 -10.77143 -1.22039 0.37658 0.61515 -0.56396 0.40215
1403638576.2778294086 -0.44975 -10.94646 -1.18224 0.38083 0.61560 -0.56154 0.40085
1403638576.3778295517 -0.50928 -11.12237 -1.14794 0.38567 0.61698 -0.55886 0.39783
1403638576.4778294563 -0.56189 -11.29868 -1.11752 0.38973 0.61939 -0.55671 0.39312
1403638576.5778295994 -0.61000 -11.48308 -1.08999 0.39422 0.62338 -0.55423 0.38577
1403638576.6778295040 -0.64005 -11.65566 -1.06576 0.39793 0.62447 -0.55251 0.38265
1403638576.7778294086 -0.56866 -11.64263 -1.05524 0.40659 0.61998 -0.54997 0.38449
1403638576.8778295517 -0.57679 -11.81605 -1.04491 0.41009 0.61484 -0.54825 0.39143
1403638576.9778294563 -0.58104 -11.98930 -1.04122 0.40861 0.60838 -0.54968 0.40095
1403638577.0778295994 -0.57584 -12.14802 -1.04133 0.40488 0.60431 -0.55303 0.40625
1403638577.1778295040 -0.56912 -12.30936 -1.03364 0.40246 0.60133 -0.55512 0.41021
1403638577.2778294086 -0.55905 -12.46926 -1.02067 0.40272 0.60190 -0.55489 0.40943
1403638577.3778295517 -0.54599 -12.62704 -0.99930 0.40918 0.60620 -0.55032 0.40279
1403638577.4778294563 -0.54718 -12.89639 -0.96305 0.41308 0.60909 -0.54769 0.39801
1403638577.5778295994 -0.52489 -13.06328 -0.93858 0.41029 0.60893 -0.54957 0.39854
1403638577.6778295040 -0.49777 -13.22673 -0.92016 0.40720 0.60771 -0.55172 0.40059
1403638577.7778294086 -0.46640 -13.38725 -0.90872 0.40472 0.60707 -0.55334 0.40185
1403638577.8778295517 -0.43406 -13.54932 -0.90418 0.40443 0.60728 -0.55311 0.40214
1403638577.9778294563 -0.41101 -13.55689 -0.89605 0.40633 0.60682 -0.55188 0.40261
1403638578.0778295994 -0.36903 -13.70391 -0.88913 0.40549 0.60605 -0.55186 0.40464
1403638578.1778295040 -0.32092 -13.84641 -0.87430 0.40123 0.60293 -0.55419 0.41032
1403638578.2778294086 -0.27227 -13.98895 -0.85421 0.39324 0.59785 -0.55952 0.41818
1403638578.3778295517 -0.22526 -14.13156 -0.83431 0.39138 0.59543 -0.56108 0.42128
1403638578.4778294563 -0.17183 -14.34168 -0.81534 0.39139 0.59515 -0.56182 0.42069
1403638578.5778295994 -0.12755 -14.48438 -0.80647 0.39141 0.59454 -0.56252 0.42059
1403638578.6778295040 -0.08612 -14.62627 -0.80342 0.39383 0.59446 -0.56137 0.41998
1403638578.7778294086 -0.04748 -14.74493 -0.80602 0.39905 0.59699 -0.55811 0.41578
1403638578.8778295517 -0.00656 -14.87969 -0.81047 0.40393 0.59992 -0.55468 0.41143
1403638578.9778294563 0.03581 -15.01161 -0.81311 0.40623 0.60141 -0.55264 0.40972
1403638579.0778295994 0.08079 -15.14424 -0.81002 0.40664 0.60217 -0.55166 0.40952
1403638579.1778295040 0.12714 -15.27460 -0.79590 0.40707 0.60238 -0.55072 0.41005
1403638579.2778294086 0.17903 -15.40003 -0.77898 0.40499 0.60137 -0.55177 0.41217
1403638579.3778295517 0.22939 -15.51824 -0.75911 0.39948 0.59811 -0.55521 0.41764
1403638579.4778294563 0.28136 -15.63984 -0.74465 0.39401 0.59377 -0.55884 0.42415
1403638579.5778295994 0.33033 -15.75670 -0.73389 0.39290 0.59161 -0.55581 0.43208
1403638579.6778295040 0.35794 -15.80435 -0.73228 0.39546 0.59306 -0.54316 0.44370
1403638579.7778294086 0.40352 -15.90982 -0.73220 0.39419 0.60479 -0.52478 0.45104
1403638579.8778295517 0.45629 -16.03563 -0.73918 0.38365 0.62624 -0.50502 0.45342
1403638579.9778294563 0.50339 -16.13168 -0.75150 0.36698 0.64805 -0.48130 0.46229
1403638580.0778295994 0.55464 -16.23991 -0.76443 0.35344 0.66489 -0.44776 0.48220
1403638580.1778295040 0.60468 -16.32364 -0.78187 0.33464 0.68167 -0.41181 0.50374
1403638580.2778294086 0.65367 -16.39904 -0.80436 0.30902 0.70104 -0.37819 0.51963
1403638580.3778295517 0.69938 -16.46507 -0.83290 0.27918 0.71912 -0.35309 0.52939
1403638580.4778294563 0.72676 -16.49546 -0.86341 0.25309 0.73194 -0.33699 0.53540
1403638580.5778295994 0.76527 -16.56968 -0.89723 0.23478 0.74041 -0.32321 0.54056
1403638580.6778295040 0.79888 -16.62355 -0.92865 0.21940 0.75146 -0.30944 0.53983
1403638580.7778294086 0.82925 -16.67459 -0.95276 0.20889 0.76250 -0.29529 0.53643
1403638580.8778295517 0.85046 -16.71245 -0.97289 0.20396 0.77002 -0.28467 0.53333
1403638580.9778294563 0.87894 -16.76543 -0.98177 0.19809 0.77176 -0.28125 0.53483
1403638581.0778295994 0.91110 -16.81912 -0.97918 0.19683 0.77294 -0.27960 0.53447
1403638581.1778295040 0.93775 -16.86319 -0.97368 0.19936 0.77294 -0.27803 0.53434
1403638581.2778294086 0.96301 -16.90527 -0.96783 0.20331 0.77301 -0.27771 0.53291
1403638581.3778295517 0.99250 -16.94733 -0.94838 0.20660 0.77172 -0.27879 0.53296
1403638581.4778294563 1.02066 -16.98392 -0.94184 0.20949 0.76948 -0.28041 0.53422
1403638581.5778295994 1.04911 -17.02807 -0.91682 0.21233 0.76882 -0.28224 0.53308
1403638581.6778295040 1.08006 -17.06225 -0.90608 0.21767 0.76471 -0.28197 0.53697
1403638581.7778294086 1.10419 -17.09162 -0.87141 0.21974 0.76105 -0.28313 0.54070
1403638581.8778295517 1.12357 -17.11877 -0.84820 0.22253 0.75800 -0.28264 0.54409
1403638581.9778294563 1.15353 -17.14365 -0.84889 0.22692 0.75056 -0.28053 0.55360
1403638582.0778295994 1.17099 -17.16587 -0.83633 0.22519 0.75227 -0.28220 0.55113
1403638582.1778295040 1.19069 -17.18524 -0.82090 0.22041 0.75946 -0.28583 0.54124
1403638582.2778294086 1.21602 -17.19881 -0.80212 0.22062 0.76244 -0.28608 0.53682
1403638582.3778295517 1.23954 -17.21840 -0.76574 0.22307 0.75937 -0.28349 0.54151
1403638582.4778294563 1.26422 -17.22367 -0.72861 0.22529 0.75825 -0.28186 0.54300
1403638582.5778295994 1.28970 -17.22587 -0.68013 0.22640 0.75770 -0.28081 0.54386
1403638582.6778295040 1.30906 -17.23390 -0.62250 0.22580 0.75879 -0.28100 0.54249
1403638582.7778294086 1.33695 -17.22764 -0.55767 0.22402 0.76024 -0.28297 0.54017
1403638582.8778295517 1.36441 -17.21645 -0.49146 0.22444 0.76148 -0.28371 0.53785
1403638582.9778294563 1.39161 -17.20186 -0.43181 0.22319 0.76356 -0.28554 0.53444
1403638583.0778295994 1.41784 -17.18528 -0.37998 0.22211 0.76593 -0.28747 0.53046
1403638583.1778295040 1.44567 -17.16750 -0.33661 0.22198 0.76744 -0.28837 0.52783
1403638583.2778294086 1.47546 -17.14861 -0.29992 0.22071 0.76794 -0.28975 0.52687
1403638583.3778295517 1.49854 -17.13952 -0.27378 0.22097 0.76766 -0.28920 0.52748
1403638583.4778294563 1.53179 -17.11790 -0.24371 0.22112 0.76832 -0.28940 0.52635
1403638583.5778295994 1.56588 -17.09673 -0.20853 0.22127 0.76827 -0.28934 0.52639
1403638583.6778295040 1.60027 -17.07370 -0.16579 0.22292 0.76860 -0.28817 0.52585
1403638583.7778294086 1.63737 -17.04847 -0.12307 0.22269 0.76828 -0.28820 0.52640
1403638583.8778295517 1.65264 -17.03403 -0.10008 0.22308 0.76748 -0.28751 0.52778
1403638583.9778294563 1.69336 -17.00729 -0.06942 0.22349 0.76750 -0.28724 0.52773
1403638584.0778295994 1.73312 -16.97849 -0.04549 0.22662 0.76419 -0.28482 0.53249
1403638584.1778295040 1.75763 -16.96274 -0.03886 0.23104 0.75550 -0.28063 0.54506
1403638584.2778294086 1.79990 -16.92698 -0.02408 0.23390 0.74664 -0.27779 0.55736
1403638584.3778295517 1.82365 -16.89320 -0.03016 0.23549 0.74397 -0.27623 0.56103
1403638584.4778294563 1.84583 -16.84790 -0.03893 0.23608 0.74398 -0.27539 0.56118
1403638584.5778295994 1.87264 -16.79129 -0.04082 0.23576 0.74415 -0.27555 0.56101
1403638584.6778295040 1.89385 -16.72713 -0.03652 0.23340 0.74585 -0.27705 0.55900
1403638584.7778294086 1.89364 -16.66196 -0.03954 0.22898 0.75260 -0.27955 0.55046
1403638584.8778295517 1.90811 -16.58572 -0.02484 0.22219 0.75995 -0.28469 0.54043
1403638584.9778294563 1.91419 -16.50558 -0.01969 0.22002 0.76336 -0.28684 0.53535
1403638585.0778295994 1.92527 -16.42397 -0.01950 0.21962 0.76453 -0.28757 0.53344
1403638585.1778295040 1.94166 -16.34684 -0.02084 0.21728 0.76427 -0.28923 0.53388
1403638585.2778294086 1.94906 -16.26744 -0.02756 0.21844 0.76243 -0.28825 0.53656
1403638585.3778295517 1.96590 -16.18930 -0.03779 0.21920 0.76039 -0.28746 0.53957
1403638585.4778294563 1.96899 -16.10903 -0.04699 0.21902 0.76053 -0.28759 0.53936
1403638585.5778295994 1.98655 -16.02998 -0.05348 0.21806 0.76233 -0.28791 0.53703
1403638585.6778295040 1.99046 -15.94831 -0.04797 0.21766 0.76482 -0.28792 0.53365
1403638585.7778294086 2.00996 -15.86821 -0.03822 0.21416 0.76971 -0.29046 0.52660
1403638585.8778295517 2.01597 -15.78750 -0.01449 0.21128 0.77335 -0.29250 0.52128
1403638585.9778294563 2.04110 -15.67876 0.01666 0.21015 0.77276 -0.29501 0.52120
1403638586.0778295994 2.05657 -15.60312 0.04992 0.21231 0.76863 -0.29395 0.52700
1403638586.1778295040 2.08547 -15.52997 0.07108 0.21437 0.76586 -0.29332 0.53054
1403638586.2778294086 2.09998 -15.45779 0.09235 0.21668 0.76330 -0.29189 0.53407
1403638586.3778295517 2.12860 -15.38541 0.10309 0.22274 0.76041 -0.28813 0.53772
1403638586.4778294563 2.13913 -15.30981 0.11484 0.23073 0.75891 -0.28295 0.53922
1403638586.5778295994 2.16540 -15.23274 0.11485 0.23301 0.75824 -0.28180 0.53978
1403638586.6778295040 2.17556 -15.14799 0.11415 0.23003 0.75892 -0.28394 0.53898
1403638586.7778294086 2.20203 -15.06616 0.10157 0.22604 0.75845 -0.28671 0.53988
1403638586.8778295517 2.25943 -14.73663 0.12232 0.22683 0.75614 -0.28926 0.54142
1403638586.9778294563 2.28537 -14.63485 0.10014 0.22708 0.75589 -0.28902 0.54178
1403638587.0778295994 2.30156 -14.53334 0.08110 0.22622 0.75565 -0.28948 0.54224
1403638587.1778295040 2.32626 -14.42610 0.06149 0.22575 0.75683 -0.28959 0.54072
1403638587.2778294086 2.34296 -14.32757 0.05144 0.22476 0.75851 -0.28981 0.53866
1403638587.3778295517 2.36506 -14.21691 0.04654 0.22408 0.76006 -0.29034 0.53647
1403638587.4778294563 2.33555 -14.22236 0.05225 0.22075 0.76072 -0.29113 0.53649
1403638587.5778295994 2.35505 -14.11723 0.04967 0.21997 0.76070 -0.29217 0.53628
1403638587.6778295040 2.37774 -14.01571 0.03893 0.21985 0.76023 -0.29269 0.53670
1403638587.7778294086 2.39762 -13.91158 0.02325 0.21985 0.75981 -0.29313 0.53706
1403638587.8778295517 2.41940 -13.81076 0.00255 0.21906 0.75938 -0.29396 0.53753
1403638587.9778294563 2.43899 -13.70645 -0.02201 0.21892 0.75893 -0.29449 0.53793
1403638588.0778295994 2.45841 -13.60767 -0.05162 0.22002 0.75854 -0.29328 0.53869
1403638588.1778295040 2.47539 -13.50541 -0.08526 0.22656 0.75954 -0.28898 0.53690
1403638588.2778294086 2.49123 -13.40649 -0.11816 0.22921 0.76047 -0.28653 0.53577
1403638588.3778295517 2.51016 -13.29958 -0.14449 0.22986 0.76084 -0.28589 0.53530
1403638588.4778294563 2.52932 -13.20160 -0.16215 0.22798 0.76080 -0.28682 0.53567
1403638588.5778295994 2.54942 -13.08956 -0.17209 0.22567 0.75998 -0.28845 0.53693
1403638588.6778295040 2.56249 -12.97403 -0.17270 0.22351 0.75895 -0.28969 0.53863
1403638588.7778294086 2.58129 -12.85616 -0.16898 0.22217 0.75736 -0.29104 0.54069
1403638588.8778295517 2.59839 -12.74692 -0.16436 0.21970 0.75669 -0.29327 0.54143
1403638588.9778294563 2.61340 -12.62971 -0.17300 0.22002 0.75656 -0.29360 0.54130
1403638589.0778295994 2.62819 -12.51760 -0.18144 0.22043 0.75677 -0.29390 0.54068
1403638589.1778295040 2.64219 -12.39845 -0.20502 0.22210 0.75653 -0.29325 0.54068
1403638589.2778294086 2.65591 -12.28705 -0.22146 0.22189 0.75551 -0.29332 0.54216
1403638589.3778295517 2.66730 -12.16723 -0.24977 0.22215 0.75530 -0.29316 0.54242
1403638589.4778294563 2.67942 -12.05253 -0.26344 0.22173 0.75613 -0.29384 0.54107
1403638589.5778295994 2.68846 -11.93110 -0.28017 0.22113 0.75604 -0.29429 0.54120
1403638589.6778295040 2.70220 -11.81678 -0.27775 0.22070 0.75666 -0.29439 0.54046
1403638589.7778294086 2.71037 -11.69635 -0.27860 0.22098 0.75814 -0.29494 0.53796
1403638589.8778295517 2.71893 -11.58788 -0.26535 0.22082 0.75868 -0.29593 0.53672
1403638589.9778294563 2.72573 -11.46798 -0.27309 0.22123 0.75861 -0.29643 0.53637
1403638590.0778295994 2.73084 -11.36205 -0.26717 0.22074 0.75858 -0.29716 0.53621
1403638590.1778295040 2.73740 -11.24216 -0.28385 0.22147 0.75747 -0.29744 0.53732
1403638590.2778294086 2.74155 -11.14222 -0.28562 0.22105 0.75676 -0.29791 0.53823
1403638590.3778295517 2.74704 -11.02330 -0.31036 0.22129 0.75700 -0.29843 0.53751
1403638590.4778294563 2.75035 -10.91861 -0.32428 0.22116 0.75763 -0.29865 0.53655
1403638590.5778295994 2.75352 -10.80118 -0.34945 0.22008 0.75864 -0.29947 0.53512
1403638590.6778295040 2.75415 -10.69420 -0.35954 0.21791 0.76033 -0.30049 0.53302
1403638590.7778294086 2.75789 -10.58200 -0.36725 0.21712 0.76110 -0.30106 0.53193
1403638590.8778295517 2.76097 -10.44423 -0.36559 0.21733 0.76185 -0.30115 0.53071
1403638590.9778294563 2.76615 -10.33448 -0.35799 0.21604 0.76238 -0.30214 0.52992
1403638591.0778295994 2.76281 -10.22001 -0.33963 0.21452 0.76317 -0.30354 0.52861
1403638591.1778295040 2.76930 -10.11415 -0.33331 0.21329 0.76728 -0.30509 0.52222
1403638591.2778294086 2.77588 -9.94698 -0.33251 0.21073 0.77275 -0.30796 0.51343
1403638591.3778295517 2.78169 -9.85048 -0.33328 0.20692 0.77694 -0.31074 0.50694
1403638591.4778294563 2.79473 -9.73416 -0.34284 0.20398 0.77951 -0.31303 0.50276
1403638591.5778295994 2.81328 -9.65462 -0.35657 0.20078 0.78223 -0.31536 0.49835
1403638591.6778295040 2.83773 -9.57755 -0.37436 0.19935 0.78247 -0.31647 0.49783
1403638591.7778294086 2.86943 -9.50736 -0.39215 0.20125 0.78069 -0.31531 0.50060
1403638591.8778295517 2.90572 -9.44331 -0.41218 0.20242 0.77842 -0.31433 0.50426
1403638591.9778294563 2.94596 -9.38592 -0.42505 0.20341 0.77583 -0.31343 0.50841
1403638592.0778295994 2.99666 -9.33419 -0.42342 0.20392 0.77348 -0.31210 0.51258
1403638592.1778295040 3.04675 -9.28482 -0.41799 0.20238 0.77073 -0.31013 0.51850
1403638592.2778294086 3.10539 -9.28161 -0.38901 0.19759 0.76591 -0.30422 0.53085
1403638592.3778295517 3.17196 -9.23653 -0.35419 0.18954 0.76404 -0.29553 0.54128
1403638592.4778294563 3.22923 -9.26892 -0.30837 0.17716 0.76798 -0.28153 0.54732
1403638592.5778295994 3.26190 -9.35711 -0.25929 0.16750 0.77642 -0.26661 0.54592
1403638592.6778295040 3.30032 -9.40250 -0.20172 0.15984 0.78477 -0.25538 0.54163
1403638592.7778294086 3.34289 -9.43354 -0.14773 0.15384 0.79257 -0.24812 0.53535
1403638592.8778295517 3.37863 -9.46018 -0.10078 0.14910 0.79797 -0.24360 0.53073
1403638592.9778294563 3.41530 -9.48043 -0.06000 0.14806 0.80075 -0.23986 0.52853
1403638593.0778295994 3.46296 -9.50115 -0.02926 0.14700 0.80158 -0.23862 0.52813
1403638593.1778295040 3.50922 -9.52551 0.00811 0.14719 0.79995 -0.23751 0.53104
1403638593.2778294086 3.56522 -9.55507 0.04544 0.15423 0.79685 -0.23355 0.53544
1403638593.3778295517 3.61492 -9.58579 0.09399 0.16340 0.79366 -0.22811 0.53979
1403638593.4778294563 3.66857 -9.61634 0.13986 0.17188 0.78921 -0.22385 0.54543
1403638593.5778295994 3.72423 -9.64507 0.17816 0.17663 0.78640 -0.22238 0.54856
1403638593.6778295040 3.78134 -9.67037 0.20960 0.17940 0.78517 -0.22201 0.54958
1403638593.7778294086 3.83953 -9.69216 0.23618 0.18097 0.78179 -0.22214 0.55381
1403638593.8778295517 3.89867 -9.71064 0.25880 0.17757 0.77141 -0.22158 0.56947
1403638593.9778294563 3.92464 -9.71121 0.26894 0.17148 0.76792 -0.21806 0.57736
1403638594.0778295994 3.96437 -9.71438 0.29975 0.16309 0.77352 -0.21640 0.57291
1403638594.1778295040 4.00260 -9.71730 0.33726 0.16064 0.77988 -0.21222 0.56652
1403638594.2778294086 4.03674 -9.71833 0.37255 0.16097 0.78255 -0.20761 0.56445
1403638594.3778295517 4.06915 -9.71720 0.40035 0.16361 0.78183 -0.20271 0.56647
1403638594.4778294563 4.10024 -9.71189 0.44012 0.16752 0.78081 -0.19723 0.56867
1403638594.5778295994 4.12635 -9.70136 0.47642 0.16202 0.78100 -0.19921 0.56930
1403638594.6778295040 4.13917 -9.68257 0.52238 0.15649 0.78135 -0.20254 0.56919
1403638594.7778294086 4.15977 -9.66755 0.56022 0.15435 0.78196 -0.20466 0.56818
1403638594.8778295517 4.17029 -9.64723 0.60105 0.15308 0.78190 -0.20636 0.56799
1403638594.9778294563 4.18529 -9.62950 0.62533 0.15410 0.78368 -0.20704 0.56500
1403638595.0778295994 4.19840 -9.61032 0.64487 0.15271 0.78476 -0.20897 0.56317
1403638595.1778295040 4.21040 -9.59101 0.65806 0.15258 0.78516 -0.21029 0.56216
1403638595.2778294086 4.22106 -9.57173 0.66477 0.15315 0.78557 -0.21066 0.56129
1403638595.3778295517 4.21330 -9.53926 0.67505 0.15326 0.78504 -0.21144 0.56170
1403638595.4778294563 4.22045 -9.51933 0.67073 0.15336 0.78536 -0.21174 0.56111
1403638595.5778295994 4.22628 -9.49796 0.66642 0.15345 0.78616 -0.21155 0.56005
1403638595.6778295040 4.23054 -9.47527 0.66832 0.15592 0.78627 -0.20995 0.55981
1403638595.7778294086 4.23344 -9.45036 0.67475 0.16022 0.78737 -0.20713 0.55810
1403638595.8778295517 4.23735 -9.42436 0.67748 0.16157 0.78779 -0.20657 0.55732
1403638595.9778294563 4.24166 -9.39769 0.66687 0.16407 0.78757 -0.20516 0.55742
1403638596.0778295994 4.23144 -9.35777 0.66797 0.17158 0.78841 -0.20039 0.55571
1403638596.1778295040 4.23513 -9.32524 0.64488 0.18276 0.79024 -0.19266 0.55228
1403638596.2778294086 4.24103 -9.28421 0.62947 0.19436 0.79238 -0.18416 0.54812
1403638596.3778295517 4.24004 -9.22863 0.63403 0.20370 0.79289 -0.17667 0.54646
1403638596.4778294563 4.25215 -9.16914 0.63349 0.20924 0.79282 -0.17187 0.54601
1403638596.5778295994 4.26571 -9.09478 0.65144 0.21595 0.79383 -0.16654 0.54356
1403638596.6778295040 4.28911 -9.00964 0.66765 0.22349 0.79439 -0.16059 0.54148
1403638596.7778294086 4.32023 -8.90928 0.69181 0.22736 0.79468 -0.15725 0.54043
1403638596.8778295517 4.35532 -8.79367 0.72978 0.23088 0.79423 -0.15431 0.54045
1403638596.9778294563 4.39911 -8.66077 0.76113 0.23277 0.79298 -0.15334 0.54174
1403638597.0778295994 4.44566 -8.51562 0.79402 0.23548 0.79218 -0.15219 0.54206
1403638597.1778295040 4.49822 -8.35573 0.81956 0.23783 0.79037 -0.15180 0.54380
1403638597.2778294086 4.55559 -8.17866 0.83755 0.23557 0.78752 -0.15466 0.54809
1403638597.3778295517 4.63178 -7.94197 0.85199 0.23163 0.78520 -0.15962 0.55166
1403638597.4778294563 4.69963 -7.73354 0.86006 0.22334 0.78160 -0.16643 0.55814
1403638597.5778295994 4.76762 -7.51408 0.86290 0.21101 0.77653 -0.17561 0.56713
1403638597.6778295040 4.83518 -7.28475 0.86041 0.20686 0.77399 -0.17954 0.57089
1403638597.7778294086 4.89882 -7.04575 0.85347 0.21091 0.77602 -0.17458 0.56819
1403638597.8778295517 4.96222 -6.79991 0.84054 0.21502 0.77923 -0.16346 0.56555
1403638597.9778294563 5.02392 -6.54512 0.82422 0.21611 0.78139 -0.15443 0.56469
1403638598.0778295994 5.08893 -6.27799 0.81209 0.20946 0.78178 -0.15195 0.56732
1403638598.1778295040 5.15304 -5.99903 0.80595 0.18804 0.78293 -0.16122 0.57068
1403638598.2778294086 5.21551 -5.71293 0.80422 0.17067 0.78448 -0.16980 0.57151
1403638598.3778295517 5.27712 -5.42649 0.80052 0.15975 0.78607 -0.17523 0.57084
1403638598.4778294563 5.34871 -5.12756 0.78782 0.15606 0.78819 -0.17759 0.56821
1403638598.5778295994 5.40937 -4.83947 0.76969 0.15119 0.79037 -0.17581 0.56706
1403638598.6778295040 5.46804 -4.55328 0.74598 0.14696 0.79327 -0.16751 0.56663
1403638598.7778294086 5.51997 -4.27379 0.72513 0.13839 0.79630 -0.15665 0.56764
1403638598.8778295517 5.57228 -3.99443 0.70961 0.12934 0.79834 -0.14225 0.57068
1403638598.9778294563 5.61883 -3.72167 0.69783 0.11936 0.80197 -0.12592 0.57162
1403638599.0778295994 5.66613 -3.44608 0.69004 0.10743 0.80454 -0.10934 0.57377
1403638599.1778295040 5.71108 -3.17155 0.68798 0.09554 0.80708 -0.09179 0.57538
1403638599.2778294086 5.75293 -2.89907 0.68998 0.08457 0.81033 -0.07290 0.57523
1403638599.3778295517 5.79364 -2.62511 0.69924 0.07199 0.81473 -0.05586 0.57263
1403638599.4778294563 5.82906 -2.36070 0.71430 0.06267 0.81778 -0.04253 0.57053
1403638599.5778295994 5.86498 -2.09435 0.72755 0.05696 0.82063 -0.03410 0.56759
1403638599.6778295040 5.90998 -1.80020 0.73008 0.05385 0.82239 -0.03003 0.56557
1403638599.7778294086 5.93793 -1.54836 0.72905 0.05078 0.82288 -0.02756 0.56528
1403638599.8778295517 5.96581 -1.29086 0.72538 0.04849 0.82402 -0.02992 0.56369
1403638599.9778294563 6.00251 -1.03403 0.71366 0.04457 0.82390 -0.03540 0.56387
1403638600.0778295994 6.04740 -0.77840 0.69604 0.03810 0.82463 -0.04324 0.56273
1403638600.1778295040 6.08773 -0.55366 0.67542 0.02556 0.82565 -0.05480 0.56094
1403638600.2778294086 6.13527 -0.31278 0.64860 0.01531 0.82717 -0.06549 0.55791
1403638600.3778295517 6.18690 -0.08304 0.62028 0.00767 0.82812 -0.07422 0.55556
1403638600.4778294563 6.24129 0.13309 0.59887 0.00139 0.82892 -0.08082 0.55349
1403638600.5778295994 6.29957 0.33429 0.58851 0.00347 0.82942 -0.08154 0.55263
1403638600.6778295040 6.36049 0.52258 0.58547 0.00065 0.83072 -0.08474 0.55021
1403638600.7778294086 6.42442 0.69388 0.59001 0.00072 0.83441 -0.08486 0.54457
1403638600.8778295517 6.49337 0.85002 0.60016 0.01144 0.83863 -0.07634 0.53920
1403638600.9778294563 6.56693 0.99343 0.60775 0.02806 0.84140 -0.06303 0.53599
1403638601.0778295994 6.64574 1.12869 0.61018 0.03718 0.84217 -0.05505 0.53510
1403638601.1778295040 6.73133 1.25912 0.60837 0.04520 0.84107 -0.04857 0.53684
1403638601.2778294086 6.81863 1.37253 0.60449 0.05476 0.83501 -0.04038 0.54601
1403638601.3778295517 6.91674 1.50092 0.59814 0.05250 0.83015 -0.03624 0.55388
1403638601.4778294563 7.01897 1.63213 0.59541 0.03989 0.82607 -0.03131 0.56129
1403638601.5778295994 7.12262 1.76388 0.60059 0.02954 0.82215 -0.01674 0.56826
1403638601.6778295040 7.22721 1.89562 0.61049 0.01859 0.82079 0.00343 0.57092
1403638601.7778294086 7.33063 2.02892 0.62770 0.00615 0.81949 0.02903 0.57232
1403638601.8778295517 7.43189 2.16278 0.65325 -0.00753 0.81627 0.05831 0.57467
1403638601.9778294563 7.53013 2.29878 0.67995 -0.02233 0.81459 0.08183 0.57381
1403638602.0778295994 7.62625 2.43496 0.70091 -0.03393 0.81400 0.09881 0.57139
1403638602.1778295040 7.71915 2.57356 0.71559 -0.03967 0.81026 0.11468 0.57337
1403638602.2778294086 7.80879 2.71552 0.72562 -0.04699 0.80432 0.13250 0.57732
1403638602.3778295517 7.89488 2.86298 0.73621 -0.06897 0.79418 0.14566 0.58592
1403638602.4778294563 7.97397 3.01280 0.75673 -0.10272 0.77282 0.15343 0.60717
1403638602.5778295994 8.02218 3.15350 0.78718 -0.13943 0.75102 0.16122 0.62492
1403638602.6778295040 8.07118 3.28232 0.82094 -0.15994 0.74167 0.17512 0.62744
1403638602.7778294086 8.10430 3.40122 0.85915 -0.17111 0.73858 0.19484 0.62230
1403638602.8778295517 8.11688 3.50438 0.90166 -0.18243 0.73643 0.21447 0.61513
1403638602.9778294563 8.11331 3.59472 0.94261 -0.20070 0.73777 0.22854 0.60264
1403638603.0778295994 8.09757 3.67260 0.98501 -0.21983 0.73384 0.24333 0.59494
1403638603.1778295040 8.07323 3.73503 1.02051 -0.23217 0.72746 0.25799 0.59190
1403638603.2778294086 8.04037 3.78177 1.04309 -0.23138 0.73583 0.27449 0.57416
1403638603.3778295517 8.00017 3.81539 1.05508 -0.22578 0.74936 0.28792 0.55190
1403638603.4778294563 7.96095 3.85884 1.06675 -0.22236 0.75849 0.29389 0.53748
1403638603.5778295994 7.92017 3.88268 1.07095 -0.22404 0.75636 0.29862 0.53718
1403638603.6778295040 7.87678 3.90001 1.06972 -0.22621 0.74846 0.30200 0.54537
1403638603.7778294086 7.84097 3.91999 1.05904 -0.21955 0.74004 0.30899 0.55557
1403638603.8778295517 7.79062 3.92749 1.04705 -0.21281 0.73233 0.31475 0.56510
1403638603.9778294563 7.73189 3.93580 1.03182 -0.20749 0.72550 0.31807 0.57397
1403638604.0778295994 7.67490 3.94982 1.00546 -0.20128 0.72212 0.32096 0.57880
1403638604.1778295040 7.59377 3.95575 0.99076 -0.20018 0.72141 0.32185 0.57957
1403638604.2778294086 7.51612 3.96704 0.97592 -0.20685 0.72524 0.31780 0.57467
1403638604.3778295517 7.41452 3.97095 0.97457 -0.21268 0.73280 0.31407 0.56491
1403638604.4778294563 7.30632 3.96710 0.98122 -0.21112 0.74067 0.31508 0.55459
1403638604.5778295994 7.18844 3.97448 0.98684 -0.20888 0.74539 0.31533 0.54893
1403638604.6778295040 7.07850 3.96866 0.99307 -0.21182 0.74852 0.31345 0.54462
1403638604.7778294086 6.96952 3.95891 0.99449 -0.21615 0.75032 0.31058 0.54207
1403638604.8778295517 6.86537 3.94865 0.99541 -0.21751 0.75345 0.30970 0.53767
1403638604.9778294563 6.77279 3.93476 1.00074 -0.21571 0.75952 0.31119 0.52892
1403638605.0778295994 6.67428 3.92228 1.01072 -0.21364 0.76607 0.31266 0.51936
1403638605.1778295040 6.58122 3.91041 1.02819 -0.21148 0.77013 0.31436 0.51318
1403638605.2778294086 6.49436 3.90448 1.04665 -0.20772 0.77109 0.31694 0.51169
1403638605.3778295517 6.41387 3.90374 1.05923 -0.20130 0.76659 0.32148 0.51814
1403638605.4778294563 6.33261 3.91085 1.06650 -0.19318 0.75679 0.32747 0.53170
1403638605.5778295994 6.24524 3.91817 1.06703 -0.18695 0.74861 0.33200 0.54260
1403638605.6778295040 6.15712 3.93030 1.06292 -0.18196 0.74298 0.33548 0.54985
1403638605.7778294086 6.06233 3.94757 1.06246 -0.18027 0.74209 0.33651 0.55096
1403638605.8778295517 5.96888 3.97319 1.07160 -0.17748 0.74213 0.33809 0.55085
1403638605.9778294563 5.85695 4.00386 1.08727 -0.17332 0.74146 0.33987 0.55199
1403638606.0778295994 5.75187 4.04313 1.09956 -0.17070 0.74162 0.34053 0.55217
1403638606.1778295040 5.63232 4.08425 1.10520 -0.16728 0.74143 0.34198 0.55258
1403638606.2778294086 5.51414 4.13548 1.10483 -0.16523 0.74266 0.34222 0.55141
1403638606.3778295517 5.38030 4.18831 1.09542 -0.17146 0.75087 0.33686 0.54158
1403638606.4778294563 5.24356 4.24775 1.08107 -0.18041 0.76071 0.32958 0.52929
1403638606.5778295994 5.10050 4.31398 1.06144 -0.18791 0.76903 0.32426 0.51782
1403638606.6778295040 4.96671 4.38571 1.03838 -0.19391 0.77230 0.32612 0.50951
1403638606.7778294086 4.83734 4.46322 1.01129 -0.19924 0.77274 0.33522 0.50080
1403638606.8778295517 4.71479 4.54717 0.98210 -0.20825 0.76987 0.34799 0.49279
1403638606.9778294563 4.60138 4.63933 0.95737 -0.21951 0.76358 0.36378 0.48623
1403638607.0778295994 4.49856 4.73750 0.94278 -0.23384 0.75575 0.37863 0.48042
1403638607.1778295040 4.40516 4.84236 0.93625 -0.25025 0.74651 0.38620 0.48057
1403638607.2778294086 4.32353 4.94868 0.92926 -0.26355 0.73322 0.39136 0.48967
1403638607.3778295517 4.23289 5.06309 0.91269 -0.27570 0.72489 0.39173 0.49505
1403638607.4778294563 4.16629 5.16542 0.88889 -0.28166 0.72182 0.39314 0.49506
1403638607.5778295994 4.10545 5.26164 0.85857 -0.28409 0.72072 0.39476 0.49397
1403638607.6778295040 4.03792 5.36072 0.82412 -0.28564 0.71901 0.39486 0.49550
1403638607.7778294086 3.97809 5.45461 0.78730 -0.28394 0.71751 0.39537 0.49824
1403638607.8778295517 3.91707 5.54623 0.74735 -0.28519 0.71961 0.39311 0.49627
1403638607.9778294563 3.86492 5.63937 0.70008 -0.28764 0.72389 0.38942 0.49152
1403638608.0778295994 3.81034 5.72909 0.65274 -0.28805 0.72250 0.38685 0.49536
1403638608.1778295040 3.75925 5.81574 0.60171 -0.28368 0.71948 0.38729 0.50188
1403638608.2778294086 3.71809 5.90013 0.54210 -0.28185 0.71486 0.38680 0.50983
1403638608.3778295517 3.66639 5.98011 0.48429 -0.28142 0.70899 0.38580 0.51894
1403638608.4778294563 3.62518 6.05643 0.41460 -0.28147 0.70890 0.38535 0.51937
1403638608.5778295994 3.57085 6.12677 0.34632 -0.27958 0.71049 0.38573 0.51793
1403638608.6778295040 3.52925 6.19312 0.27383 -0.28485 0.70754 0.38194 0.52189
1403638608.7778294086 3.46871 6.25198 0.21326 -0.28511 0.70767 0.38140 0.52197
1403638608.8778295517 3.41141 6.30487 0.15615 -0.28393 0.71122 0.38233 0.51708
1403638608.9778294563 3.36290 6.35227 0.10377 -0.28331 0.71542 0.38287 0.51119
1403638609.0778295994 3.30958 6.39409 0.06233 -0.28286 0.71820 0.38310 0.50736
1403638609.1778295040 3.26343 6.42582 0.03015 -0.28485 0.71852 0.38173 0.50683
1403638609.2778294086 3.21741 6.45895 -0.00687 -0.29280 0.71829 0.37599 0.50690
1403638609.3778295517 3.17808 6.48838 -0.05470 -0.29161 0.71859 0.37640 0.50687
1403638609.4778294563 3.13907 6.51283 -0.10576 -0.28786 0.71875 0.37846 0.50724
1403638609.5778295994 3.10425 6.53289 -0.16604 -0.28432 0.71887 0.38036 0.50766
1403638609.6778295040 3.07090 6.55454 -0.22954 -0.28209 0.71800 0.38184 0.50902
1403638609.7778294086 3.04057 6.56965 -0.29605 -0.28085 0.71817 0.38253 0.50895
1403638609.8778295517 3.01268 6.58660 -0.35281 -0.28136 0.71838 0.38216 0.50865
1403638609.9778294563 2.98569 6.59650 -0.40481 -0.28219 0.71787 0.38132 0.50953
1403638610.0778295994 2.96343 6.60507 -0.44361 -0.28543 0.71546 0.37892 0.51290
1403638610.1778295040 2.94105 6.60910 -0.48250 -0.28622 0.71234 0.37820 0.51730
1403638610.2778294086 2.91949 6.60803 -0.52471 -0.28850 0.71095 0.37626 0.51938
1403638610.3778295517 2.89819 6.60145 -0.57365 -0.28932 0.71055 0.37558 0.51996
1403638610.4778294563 2.88382 6.58238 -0.61462 -0.28938 0.70885 0.37510 0.52258
1403638610.5778295994 2.86202 6.56557 -0.67279 -0.29171 0.70348 0.37319 0.52985
1403638610.6778295040 2.83857 6.54070 -0.73071 -0.29575 0.69822 0.37030 0.53657
1403638610.7778294086 2.81092 6.50711 -0.78604 -0.29376 0.70375 0.37257 0.52880
1403638610.8778295517 2.78264 6.46805 -0.83291 -0.29052 0.71042 0.37601 0.51915
1403638610.9778294563 2.75520 6.42377 -0.86760 -0.29121 0.71081 0.37621 0.51808
1403638611.0778295994 2.72891 6.37488 -0.90648 -0.29416 0.70785 0.37451 0.52170
1403638611.1778295040 2.70447 6.32157 -0.95336 -0.29547 0.70692 0.37469 0.52208
1403638611.2778294086 2.67956 6.26281 -1.00079 -0.29489 0.70661 0.37563 0.52215
1403638611.3778295517 2.65333 6.19703 -1.04386 -0.28821 0.70449 0.38015 0.52546
1403638611.4778294563 2.62171 6.12617 -1.07786 -0.27545 0.70070 0.38815 0.53149
1403638611.5778295994 2.58967 6.05457 -1.10763 -0.26646 0.70062 0.39330 0.53239
1403638611.6778295040 2.54712 5.97979 -1.13082 -0.26484 0.70308 0.39342 0.52986
1403638611.7778294086 2.50371 5.90507 -1.15508 -0.27097 0.70866 0.38874 0.52274
1403638611.8778295517 2.46122 5.83016 -1.18584 -0.27667 0.71405 0.38400 0.51588
1403638611.9778294563 2.41371 5.75048 -1.22476 -0.27961 0.71728 0.38112 0.51193
1403638612.0778295994 2.37206 5.67586 -1.25614 -0.27914 0.71924 0.38069 0.50975
1403638612.1778295040 2.33204 5.59896 -1.28368 -0.28063 0.72041 0.37901 0.50854
1403638612.2778294086 2.29687 5.52636 -1.29857 -0.28110 0.72041 0.37831 0.50880
1403638612.3778295517 2.26319 5.44972 -1.31236 -0.27937 0.72001 0.37887 0.50990
1403638612.4778294563 2.23375 5.37606 -1.32491 -0.27850 0.71881 0.37821 0.51254
1403638612.5778295994 2.20274 5.29705 -1.34781 -0.27531 0.71666 0.37885 0.51678
1403638612.6778295040 2.17130 5.21831 -1.37757 -0.26919 0.71489 0.38132 0.52064
1403638612.7778294086 2.13640 5.13609 -1.41406 -0.26607 0.71392 0.38105 0.52376
1403638612.8778295517 2.10153 5.05671 -1.44947 -0.26604 0.71263 0.37880 0.52715
1403638612.9778294563 2.06014 4.97326 -1.48087 -0.26697 0.71308 0.37663 0.52763
1403638613.0778295994 2.01971 4.89437 -1.50417 -0.26777 0.71583 0.37525 0.52447
1403638613.1778295040 1.97622 4.81481 -1.51964 -0.26747 0.71827 0.37478 0.52162
1403638613.2778294086 1.93269 4.73904 -1.52260 -0.26664 0.71876 0.37506 0.52117
1403638613.3778295517 1.88836 4.66119 -1.52488 -0.26586 0.71836 0.37554 0.52177
1403638613.4778294563 1.84080 4.57775 -1.52600 -0.26646 0.71771 0.37449 0.52311
1403638613.5778295994 1.79451 4.50079 -1.53695 -0.26554 0.71874 0.37002 0.52534
1403638613.6778295040 1.74692 4.42423 -1.55367 -0.26929 0.71900 0.36325 0.52781
1403638613.7778294086 1.69569 4.33798 -1.57429 -0.27287 0.71713 0.35571 0.53361
1403638613.8778295517 1.64593 4.25414 -1.60742 -0.26950 0.71880 0.34740 0.53853
1403638613.9778294563 1.59297 4.15984 -1.64110 -0.26166 0.72412 0.33703 0.54184
1403638614.0778295994 1.54057 4.06387 -1.67928 -0.24953 0.73136 0.32457 0.54544
1403638614.1778295040 1.48417 3.96164 -1.71850 -0.23476 0.74072 0.31087 0.54734
1403638614.2778294086 1.42532 3.85589 -1.75284 -0.22372 0.74868 0.29670 0.54899
1403638614.3778295517 1.36441 3.74998 -1.78181 -0.21514 0.75470 0.28672 0.54949
1403638614.4778294563 1.30270 3.64643 -1.80131 -0.21167 0.75880 0.27742 0.54996
1403638614.5778295994 1.23986 3.54011 -1.81284 -0.20775 0.76272 0.26872 0.55036
1403638614.6778295040 1.17997 3.43441 -1.81705 -0.20470 0.76712 0.25632 0.55129
1403638614.7778294086 1.12312 3.32864 -1.80948 -0.20323 0.77596 0.23905 0.54721
1403638614.8778295517 1.06890 3.22175 -1.79187 -0.19598 0.78598 0.22069 0.54326
1403638614.9778294563 1.02165 3.11364 -1.76640 -0.18286 0.79396 0.20085 0.54392
1403638615.0778295994 0.98047 3.00183 -1.73602 -0.16456 0.79994 0.17947 0.54846
1403638615.1778295040 0.94759 2.89085 -1.69854 -0.14247 0.80187 0.15700 0.55862
1403638615.2778294086 0.92152 2.78378 -1.65601 -0.11664 0.80281 0.13524 0.56886
1403638615.3778295517 0.89387 2.67454 -1.61944 -0.09474 0.80477 0.10942 0.57567
1403638615.4778294563 0.86050 2.55245 -1.58984 -0.07424 0.80603 0.08323 0.58127
1403638615.5778295994 0.83040 2.44104 -1.56733 -0.05687 0.80774 0.05850 0.58387
1403638615.6778295040 0.79570 2.32249 -1.54841 -0.04354 0.80865 0.04093 0.58525
1403638615.7778294086 0.76073 2.20641 -1.52497 -0.03576 0.80912 0.02830 0.58587
1403638615.8778295517 0.72907 2.10576 -1.49648 -0.03028 0.80962 0.01623 0.58595
1403638615.9778294563 0.69351 1.99423 -1.46762 -0.02304 0.81041 0.00413 0.58539
1403638616.0778295994 0.65692 1.88208 -1.44501 -0.01400 0.81022 -0.00828 0.58590
1403638616.1778295040 0.60839 1.72164 -1.42473 -0.00502 0.81051 -0.02201 0.58529
1403638616.2778294086 0.56701 1.59801 -1.43015 0.00554 0.81029 -0.04034 0.58461
1403638616.3778295517 0.52444 1.47120 -1.45082 0.01864 0.80969 -0.05974 0.58352
1403638616.4778294563 0.47977 1.34276 -1.47947 0.02902 0.80897 -0.07777 0.58197
1403638616.5778295994 0.43453 1.21285 -1.51170 0.03820 0.80982 -0.09051 0.57839
1403638616.6778295040 0.38661 1.07617 -1.54677 0.04401 0.81397 -0.10092 0.57038
1403638616.7778294086 0.34329 0.94882 -1.58943 0.04021 0.82177 -0.11190 0.55728
1403638616.8778295517 0.30375 0.82192 -1.63309 0.03613 0.82705 -0.11945 0.54810
1403638616.9778294563 0.27425 0.68883 -1.66960 0.04181 0.82546 -0.11718 0.55058
1403638617.0778295994 0.25109 0.54948 -1.69606 0.04804 0.82220 -0.11206 0.55598
1403638617.1778295040 0.23257 0.40967 -1.71306 0.05465 0.81988 -0.10519 0.56013
1403638617.2778294086 0.21832 0.27224 -1.72364 0.05646 0.82268 -0.10101 0.55661
1403638617.3778295517 0.20828 0.13341 -1.72821 0.05605 0.82702 -0.09875 0.55058
1403638617.4778294563 0.21050 0.02115 -1.71820 0.05644 0.83007 -0.09655 0.54632
1403638617.5778295994 0.21294 -0.11227 -1.70426 0.05657 0.83109 -0.09398 0.54521
1403638617.6778295040 0.22382 -0.24257 -1.68099 0.05826 0.83008 -0.09031 0.54720
1403638617.7778294086 0.23428 -0.37529 -1.65304 0.05877 0.82866 -0.08759 0.54973
1403638617.8778295517 0.26095 -0.49268 -1.61080 0.06041 0.82899 -0.08473 0.54950
1403638617.9778294563 0.29869 -0.59996 -1.56562 0.05874 0.82803 -0.08433 0.55119
1403638618.0778295994 0.33707 -0.70778 -1.52542 0.05867 0.82783 -0.08345 0.55163
1403638618.1778295040 0.38035 -0.81305 -1.49284 0.05689 0.82805 -0.08378 0.55142
1403638618.2778294086 0.41782 -0.93072 -1.47054 0.05742 0.82817 -0.08231 0.55142
1403638618.3778295517 0.47100 -1.02597 -1.44759 0.05800 0.82758 -0.08169 0.55234
1403638618.4778294563 0.51587 -1.13922 -1.43210 0.05775 0.82779 -0.08045 0.55223
1403638618.5778295994 0.57763 -1.22869 -1.41384 0.05967 0.82690 -0.08001 0.55342
1403638618.6778295040 0.63067 -1.33796 -1.40261 0.06349 0.82650 -0.08309 0.55314
1403638618.7778294086 0.70086 -1.42458 -1.38267 0.06666 0.82560 -0.08657 0.55358
1403638618.8778295517 0.77393 -1.51506 -1.35798 0.07023 0.82364 -0.08999 0.55550
1403638618.9778294563 0.84650 -1.60500 -1.33268 0.07684 0.81882 -0.09869 0.56026
1403638619.0778295994 0.90606 -1.67031 -1.31783 0.08968 0.81403 -0.11244 0.56274
1403638619.1778295040 0.97811 -1.75748 -1.30860 0.10342 0.80888 -0.13103 0.56378
1403638619.2778294086 1.05054 -1.84126 -1.30694 0.11744 0.80295 -0.15480 0.56348
1403638619.3778295517 1.12210 -1.92214 -1.31463 0.13358 0.79640 -0.17897 0.56202
1403638619.4778294563 1.19331 -1.99913 -1.32595 0.14415 0.79033 -0.19987 0.56093
1403638619.5778295994 1.26522 -2.07335 -1.33832 0.15074 0.78533 -0.21536 0.56049
1403638619.6778295040 1.35219 -2.17012 -1.35005 0.14654 0.78079 -0.23110 0.56168
1403638619.7778294086 1.42030 -2.24285 -1.37697 0.14109 0.77736 -0.24144 0.56349
1403638619.8778295517 1.48778 -2.32155 -1.39510 0.14075 0.77473 -0.24768 0.56449
1403638619.9778294563 1.54616 -2.40251 -1.42229 0.14213 0.77356 -0.25133 0.56412
1403638620.0778295994 1.60332 -2.48226 -1.43976 0.14419 0.77097 -0.25258 0.56659
1403638620.1778295040 1.65005 -2.56893 -1.45907 0.14915 0.76797 -0.25130 0.56993
1403638620.2778294086 1.69631 -2.65094 -1.46161 0.15216 0.76862 -0.25039 0.56866
1403638620.3778295517 1.73023 -2.73892 -1.46495 0.15485 0.77019 -0.24845 0.56666
1403638620.4778294563 1.76555 -2.82162 -1.45415 0.15617 0.77148 -0.24663 0.56533
1403638620.5778295994 1.79032 -2.91047 -1.45147 0.15573 0.77299 -0.24523 0.56401
1403638620.6778295040 1.81295 -2.99924 -1.45332 0.15272 0.77555 -0.24539 0.56123
1403638620.7778294086 1.83949 -3.08365 -1.45336 0.14916 0.77893 -0.24620 0.55714
1403638620.8778295517 1.85670 -3.17580 -1.46565 0.15218 0.78248 -0.24206 0.55315
1403638620.9778294563 1.87375 -3.26818 -1.48013 0.15683 0.78356 -0.23628 0.55282
1403638621.0778295994 1.86833 -3.29851 -1.48035 0.16204 0.78203 -0.23176 0.55539
1403638621.1778295040 1.88150 -3.38545 -1.49101 0.16101 0.78097 -0.22992 0.55794
1403638621.2778294086 1.90300 -3.47177 -1.48839 0.16162 0.78012 -0.22729 0.56003
1403638621.3778295517 1.91528 -3.55424 -1.48771 0.16333 0.78123 -0.22445 0.55913
1403638621.4778294563 1.93255 -3.63314 -1.48643 0.16433 0.77966 -0.22231 0.56187
1403638621.5778295994 1.94285 -3.70942 -1.49657 0.16466 0.77765 -0.22017 0.56539
1403638621.6778295040 1.95147 -3.78117 -1.51074 0.16453 0.77677 -0.21917 0.56703
1403638621.7778294086 1.98409 -3.90547 -1.53382 0.16525 0.77543 -0.21751 0.56929
1403638621.8778295517 1.98742 -3.97475 -1.55739 0.16753 0.77212 -0.21547 0.57387
1403638621.9778294563 1.98746 -4.03588 -1.58316 0.16835 0.76962 -0.21473 0.57726
1403638622.0778295994 2.25044 -4.95820 -1.73766 0.15812 0.77174 -0.21168 0.57845
1403638622.1778295040 2.25374 -5.06488 -1.77750 0.15500 0.77259 -0.21378 0.57739
1403638622.2778294086 2.24767 -5.16843 -1.81571 0.15218 0.77175 -0.21618 0.57837
1403638622.3778295517 2.23539 -5.26921 -1.84775 0.15265 0.77268 -0.21683 0.57675
1403638622.4778294563 2.20523 -5.31978 -1.87282 0.15687 0.77335 -0.21555 0.57520
1403638622.5778295994 2.18195 -5.41814 -1.89067 0.16021 0.77325 -0.21425 0.57490
1403638622.6778295040 2.13568 -5.44134 -1.90090 0.16531 0.76898 -0.21254 0.57980
1403638622.7778294086 2.10222 -5.52988 -1.89946 0.16896 0.75790 -0.21033 0.59397
1403638622.8778295517 2.03519 -5.51006 -1.89000 0.17224 0.75275 -0.20998 0.59967
1403638622.9778294563 1.95928 -5.49469 -1.88567 0.17128 0.75601 -0.21295 0.59478
1403638623.0778295994 1.90143 -5.54982 -1.89089 0.16692 0.76227 -0.21701 0.58651
1403638623.1778295040 1.83607 -5.59507 -1.90122 0.16150 0.76589 -0.22114 0.58174
1403638623.2778294086 1.74109 -5.52950 -1.89842 0.15970 0.76865 -0.22461 0.57725
1403638623.3778295517 1.66543 -5.57149 -1.91983 0.15703 0.77114 -0.22660 0.57388
1403638623.4778294563 1.55951 -5.51522 -1.93046 0.15860 0.77233 -0.22705 0.57167
1403638623.5778295994 1.47514 -5.55059 -1.95242 0.15985 0.77254 -0.22639 0.57129
1403638623.6778295040 1.36375 -5.47423 -1.95211 0.16258 0.77246 -0.22658 0.57055
1403638623.7778294086 1.26865 -5.50135 -1.95962 0.16456 0.77353 -0.22645 0.56859
1403638623.8778295517 1.16817 -5.51683 -1.96200 0.16586 0.77463 -0.22670 0.56661
1403638623.9778294563 1.04372 -5.40271 -1.94515 0.16900 0.77499 -0.22825 0.56456
1403638624.0778295994 0.93660 -5.41675 -1.95680 0.16718 0.77511 -0.23104 0.56381
1403638624.1778295040 0.81306 -5.30950 -1.94204 0.16628 0.77414 -0.23437 0.56403
1403638624.2778294086 0.70070 -5.31567 -1.96528 0.16415 0.77363 -0.23695 0.56428
1403638624.3778295517 0.58796 -5.31156 -1.98936 0.16384 0.77296 -0.23874 0.56453
1403638624.4778294563 0.59018 -5.40777 -1.98850 0.16585 0.77497 -0.24129 0.56009
1403638624.5778295994 0.48827 -5.42953 -2.02317 0.16195 0.76635 -0.24525 0.57125
1403638624.6778295040 0.38128 -5.43197 -2.05634 0.16424 0.76225 -0.24270 0.57715
1403638624.7778294086 0.04650 -5.54515 -2.13994 0.16663 0.76850 -0.23146 0.57277
1403638624.8778295517 -0.08340 -5.55620 -2.16604 0.16756 0.77528 -0.22387 0.56635
1403638624.9778294563 -0.19540 -5.43743 -2.17306 0.16195 0.77806 -0.22322 0.56442
1403638625.0778295994 -0.33730 -5.34282 -2.18089 0.15585 0.77860 -0.22322 0.56539
1403638625.1778295040 -0.47014 -5.33817 -2.20602 0.14951 0.77952 -0.22354 0.56571
1403638625.2778294086 -0.61547 -5.22056 -2.20443 0.14901 0.77993 -0.22284 0.56556
1403638625.3778295517 -0.75132 -5.20571 -2.23279 0.14798 0.78014 -0.22192 0.56589
1403638625.4778294563 -0.89785 -5.08640 -2.21406 0.14839 0.77911 -0.22212 0.56712
1403638625.5778295994 -1.03674 -5.07183 -2.22938 0.14897 0.77973 -0.22152 0.56635
1403638625.6778295040 -1.17441 -5.05870 -2.23710 0.14891 0.78136 -0.22167 0.56406
1403638625.7778294086 -1.31524 -4.90150 -2.18205 0.14889 0.78512 -0.22416 0.55783
1403638625.8778295517 -1.45166 -4.88147 -2.19201 0.14880 0.78770 -0.22491 0.55389
1403638625.9778294563 -1.56274 -4.68420 -2.10283 0.15200 0.78732 -0.22640 0.55296
1403638626.0778295994 -1.68953 -4.64084 -2.10656 0.15050 0.78838 -0.22853 0.55099
1403638626.1778295040 -1.77971 -4.56264 -2.04407 0.15133 0.78853 -0.22947 0.55014
1403638626.2778294086 -1.90644 -4.53654 -2.05813 0.15443 0.78717 -0.22798 0.55185
1403638626.3778295517 -2.00808 -4.51554 -2.04357 0.16246 0.78579 -0.22256 0.55372
1403638626.4778294563 -2.13124 -4.49229 -2.06539 0.16500 0.78475 -0.22025 0.55536
1403638626.5778295994 -2.21071 -4.47704 -2.07057 0.16537 0.78719 -0.21961 0.55205
1403638626.6778295040 -2.32505 -4.45373 -2.09116 0.16384 0.78909 -0.22023 0.54954
1403638626.7778294086 -2.43557 -4.42834 -2.10680 0.16070 0.79283 -0.22244 0.54416
1403638626.8778295517 -2.45420 -4.43990 -2.08578 0.15917 0.79645 -0.22243 0.53931
1403638626.9778294563 -2.52717 -4.42926 -2.07865 0.15827 0.79748 -0.22265 0.53796
1403638627.0778295994 -2.60988 -4.41137 -2.07940 0.15765 0.79763 -0.22236 0.53804
1403638627.1778295040 -2.66339 -4.40724 -2.07910 0.15687 0.79771 -0.22229 0.53818
1403638627.2778294086 -2.73409 -4.39445 -2.08774 0.15820 0.79786 -0.22104 0.53808
1403638627.3778295517 -2.79480 -4.38309 -2.09785 0.16039 0.79747 -0.21922 0.53876
1403638627.4778294563 -2.84858 -4.37339 -2.11092 0.16060 0.79791 -0.21908 0.53810
1403638627.5778295994 -2.89945 -4.36458 -2.12642 0.16203 0.79681 -0.21865 0.53948
1403638627.6778295040 -2.88848 -4.37690 -2.13698 0.16447 0.79409 -0.21772 0.54310
1403638627.7778294086 -2.93736 -4.36657 -2.15605 0.16649 0.79230 -0.21669 0.54552
1403638627.8778295517 -2.97277 -4.35745 -2.17498 0.16756 0.79164 -0.21672 0.54613
1403638627.9778294563 -3.00441 -4.34568 -2.19496 0.16779 0.79356 -0.21718 0.54309
1403638628.0778295994 -2.94977 -4.35896 -2.20887 0.16871 0.79488 -0.21781 0.54062
1403638628.1778295040 -2.99138 -4.34080 -2.22657 0.16972 0.79533 -0.21843 0.53938
1403638628.2778294086 -3.01638 -4.32525 -2.24203 0.16991 0.79546 -0.21923 0.53881
1403638628.3778295517 -2.87840 -4.33844 -2.24805 0.17052 0.79541 -0.22224 0.53745
1403638628.4778294563 -2.88707 -4.32133 -2.25773 0.16511 0.79217 -0.22665 0.54207
1403638628.5778295994 -2.88992 -4.30738 -2.26319 0.15814 0.78453 -0.23156 0.55307
1403638628.6778295040 -2.89361 -4.29421 -2.26808 0.15321 0.78013 -0.23515 0.55913
1403638628.7778294086 -2.86491 -4.29714 -2.26233 0.15482 0.78150 -0.23464 0.55698
1403638628.8778295517 -2.87946 -4.28528 -2.27624 0.15921 0.78231 -0.23202 0.55570
1403638628.9778294563 -2.89103 -4.27664 -2.29191 0.16401 0.78322 -0.22924 0.55418
1403638629.0778295994 -2.90690 -4.27006 -2.30713 0.16852 0.78466 -0.22597 0.55213
1403638629.1778295040 -2.92115 -4.27843 -2.30229 0.17026 0.78619 -0.22384 0.55029
1403638629.2778294086 -2.94460 -4.26373 -2.31396 0.17085 0.78651 -0.22316 0.54992
1403638629.3778295517 -2.94856 -4.26426 -2.30629 0.17099 0.78973 -0.22347 0.54511
1403638629.4778294563 -2.95489 -4.25353 -2.31001 0.16902 0.79398 -0.22581 0.53855
1403638629.5778295994 -2.92819 -4.25980 -2.29269 0.16493 0.79687 -0.22881 0.53427
1403638629.6778295040 -2.89526 -4.27032 -2.27407 0.15409 0.79421 -0.23676 0.53799
1403638629.7778294086 -2.87933 -4.27422 -2.26662 0.14796 0.78824 -0.24135 0.54639
1403638629.8778295517 -2.87005 -4.27637 -2.26620 0.14716 0.78170 -0.24223 0.55553
1403638629.9778294563 -2.86310 -4.28049 -2.27468 0.15881 0.77647 -0.23469 0.56285
1403638630.0778295994 -2.86947 -4.27084 -2.30276 0.16916 0.77389 -0.22940 0.56556
1403638630.1778295040 -2.87039 -4.27393 -2.33251 0.17296 0.77691 -0.22614 0.56156
1403638630.2778294086 -2.87358 -4.27465 -2.36929 0.17321 0.78147 -0.22599 0.55519
1403638630.3778295517 -2.87164 -4.27282 -2.39738 0.16666 0.80065 -0.22907 0.52793
1403638630.4778294563 -2.85993 -4.27412 -2.38898 0.16867 0.78294 -0.22545 0.55473
1403638630.5778295994 -2.84980 -4.27522 -2.39400 0.16837 0.78208 -0.22650 0.55561
1403638630.6778295040 -2.84301 -4.27591 -2.41980 0.16323 0.80117 -0.22558 0.52971
1403638630.7778294086 -2.84486 -4.27965 -2.42934 0.16502 0.80842 -0.22051 0.52019
1403638630.8778295517 -2.85424 -4.27895 -2.43968 0.16027 0.80696 -0.22114 0.52367
1403638630.9778294563 -2.86170 -4.27622 -2.44838 0.16036 0.80672 -0.22123 0.52396
1403638631.0778295994 -2.86907 -4.27325 -2.45872 0.16108 0.80681 -0.22082 0.52378
1403638631.1778295040 -2.87613 -4.27045 -2.46945 0.16103 0.80680 -0.22112 0.52368
1403638631.2778294086 -2.88386 -4.26725 -2.48036 0.16096 0.80685 -0.22117 0.52361
1403638631.3778295517 -2.89158 -4.26404 -2.49147 0.16073 0.80688 -0.22143 0.52352
1403638631.4778294563 -2.89913 -4.26079 -2.50280 0.16055 0.80678 -0.22177 0.52360
1403638631.5778295994 -2.90700 -4.25740 -2.51464 0.16048 0.80673 -0.22191 0.52363
1403638631.6778295040 -2.91460 -4.25418 -2.52664 0.16020 0.80667 -0.22237 0.52361
