1403638523.0778295994 0.03005 0.00599 0.37401 -0.07249 0.80764 0.01754 0.58494
1403638523.1778295040 0.03312 0.00070 0.39367 -0.07198 0.80734 0.01782 0.58541
1403638523.2778294086 0.03111 -0.00767 0.38443 -0.06256 0.80499 0.01751 0.58972
1403638523.3778295517 0.03031 -0.01300 0.35400 -0.05772 0.80381 0.01642 0.59185
1403638523.4778294563 0.02957 -0.01871 0.31055 -0.05262 0.80728 0.01871 0.58752
1403638523.5778295994 0.02576 -0.02498 0.26005 -0.04516 0.81628 0.02267 0.57544
1403638523.6778295040 0.02174 -0.02931 0.20943 -0.03777 0.82545 0.02515 0.56265
1403638523.7778294086 0.01603 -0.03344 0.16047 -0.03402 0.82973 0.02791 0.55643
1403638523.8778295517 0.00923 -0.03742 0.11674 -0.03106 0.82998 0.03106 0.55606
1403638523.9778294563 0.00234 -0.04208 0.08482 -0.02243 0.82969 0.03753 0.55651
1403638524.0778295994 -0.00284 -0.04790 0.07311 -0.01625 0.83257 0.04651 0.55173
1403638524.1778295040 -0.00345 -0.04705 0.09280 -0.01772 0.83671 0.05223 0.54486
1403638524.2778294086 -0.00234 -0.04754 0.13609 -0.02573 0.83708 0.05495 0.54371
1403638524.3778295517 0.00175 -0.04706 0.19101 -0.03672 0.83373 0.05486 0.54821
1403638524.4778294563 0.00781 -0.04615 0.25136 -0.04508 0.82656 0.05426 0.55841
1403638524.5778295994 0.01523 -0.04400 0.31109 -0.04935 0.81712 0.05367 0.57183
1403638524.6778295040 0.02300 -0.04102 0.36484 -0.04630 0.81015 0.04867 0.58236
1403638524.7778294086 0.02892 -0.03667 0.40540 -0.03453 0.80588 0.04396 0.58944
1403638524.8778295517 0.03291 -0.03235 0.43121 -0.03171 0.80392 0.04175 0.59242
1403638524.9778294563 0.03411 -0.02926 0.44079 -0.03914 0.80189 0.04460 0.59452
1403638525.0778295994 0.03489 -0.02824 0.42843 -0.03783 0.79871 0.04855 0.59855
1403638525.1778295040 0.03652 -0.02749 0.39506 -0.03638 0.79678 0.05359 0.60078
1403638525.2778294086 0.03609 -0.02905 0.34949 -0.03718 0.79902 0.05906 0.59725
1403638525.3778295517 0.03607 -0.03001 0.29608 -0.04028 0.80756 0.06464 0.58485
1403638525.4778294563 0.03407 -0.03004 0.24418 -0.04891 0.81948 0.06710 0.56707
1403638525.5778295994 0.03095 -0.03200 0.19879 -0.05505 0.82822 0.06689 0.55366
1403638525.6778295040 0.02943 -0.03430 0.16082 -0.05583 0.83080 0.06379 0.55007
1403638525.7778294086 0.02965 -0.03338 0.13082 -0.05269 0.82895 0.05754 0.55386
1403638525.8778295517 0.02955 -0.03439 0.10912 -0.04590 0.82499 0.05302 0.56077
1403638525.9778294563 0.02571 -0.04231 0.09664 -0.03793 0.82331 0.05192 0.56394
1403638526.0778295994 0.02312 -0.06188 0.09483 -0.03398 0.82481 0.05008 0.56215
1403638526.1778295040 0.02128 -0.09127 0.10190 -0.03238 0.82739 0.04108 0.55918
1403638526.2778294086 0.01777 -0.12761 0.11458 -0.02904 0.82669 0.03192 0.56100
1403638526.3778295517 0.01140 -0.16871 0.12841 -0.02667 0.82281 0.02298 0.56723
1403638526.4778294563 0.00255 -0.21458 0.14063 -0.02514 0.81809 0.01152 0.57442
1403638526.5778295994 -0.00740 -0.26666 0.14924 -0.02343 0.81323 0.00008 0.58147
1403638526.6778295040 -0.01855 -0.32671 0.15567 -0.01864 0.80851 -0.00873 0.58812
1403638526.7778294086 -0.03245 -0.39211 0.16037 -0.00970 0.80577 -0.01471 0.59196
1403638526.8778295517 -0.04918 -0.45818 0.16361 -0.00065 0.80536 -0.01868 0.59249
1403638526.9778294563 -0.06671 -0.52118 0.16664 0.00482 0.80881 -0.02577 0.58749
1403638527.0778295994 -0.08153 -0.58049 0.17007 0.01314 0.81371 -0.03933 0.57979
1403638527.1778295040 -0.09314 -0.63381 0.17575 0.02105 0.81584 -0.05470 0.57530
1403638527.2778294086 -0.10015 -0.67615 0.18266 0.03257 0.81325 -0.06869 0.57693
1403638527.3778295517 -0.10127 -0.70084 0.18916 0.04783 0.80857 -0.07757 0.58130
1403638527.4778294563 -0.09702 -0.70360 0.19294 0.05786 0.80565 -0.08189 0.58384
1403638527.5778295994 -0.08634 -0.68309 0.19360 0.06021 0.80603 -0.08263 0.58298
1403638527.6778295040 -0.06878 -0.63914 0.19002 0.05726 0.80806 -0.07818 0.58107
1403638527.7778294086 -0.05180 -0.59174 0.18938 0.05072 0.81035 -0.07014 0.57952
1403638527.8778295517 -0.03447 -0.53638 0.19159 0.03596 0.81405 -0.06457 0.57608
1403638527.9778294563 -0.01369 -0.47547 0.19439 0.02418 0.81542 -0.05854 0.57539
1403638528.0778295994 0.00637 -0.41497 0.19585 0.01569 0.81445 -0.04997 0.57787
1403638528.1778295040 0.02504 -0.35774 0.19295 0.00535 0.81484 -0.04065 0.57824
1403638528.2778294086 0.04747 -0.30779 0.18766 -0.00636 0.81604 -0.03051 0.57716
1403638528.3778295517 0.07754 -0.26986 0.18182 -0.01302 0.81547 -0.02270 0.57820
1403638528.4778294563 0.11098 -0.24176 0.17632 -0.01004 0.81472 -0.02032 0.57941
1403638528.5778295994 0.14689 -0.21994 0.17321 -0.00747 0.81687 -0.02551 0.57621
1403638528.6778295040 0.18411 -0.20583 0.17304 -0.00860 0.81837 -0.03312 0.57368
1403638528.7778294086 0.21535 -0.19561 0.17611 -0.00345 0.81777 -0.03843 0.57426
1403638528.8778295517 0.23176 -0.18719 0.18288 -0.00672 0.81705 -0.04637 0.57466
1403638528.9778294563 0.23263 -0.17726 0.19570 -0.01305 0.81705 -0.05339 0.57394
1403638529.0778295994 0.21511 -0.16919 0.21250 -0.01143 0.81800 -0.05494 0.57248
1403638529.1778295040 0.18714 -0.15342 0.22228 0.00616 0.81899 -0.04850 0.57173
1403638529.2778294086 0.15251 -0.13343 0.22092 0.01855 0.82093 -0.04293 0.56911
1403638529.3778295517 0.11452 -0.11095 0.20853 0.02357 0.82614 -0.03907 0.56162
1403638529.4778294563 0.08249 -0.09289 0.18725 0.02274 0.83619 -0.03678 0.54673
1403638529.5778295994 0.05745 -0.08012 0.16202 0.02091 0.84633 -0.03402 0.53116
1403638529.6778295040 0.03747 -0.07610 0.13688 0.02257 0.85001 -0.03122 0.52535
1403638529.7778294086 0.02749 -0.06786 0.11355 0.02214 0.84635 -0.03080 0.53128
1403638529.8778295517 0.02294 -0.05996 0.09233 0.02106 0.83987 -0.03223 0.54142
1403638529.9778294563 0.01959 -0.05324 0.07661 0.02175 0.83718 -0.03331 0.54547
1403638530.0778295994 0.02685 -0.05083 0.06528 0.02304 0.83860 -0.03435 0.54318
1403638530.1778295040 0.03987 -0.05108 0.05571 0.02435 0.84031 -0.03898 0.54015
1403638530.2778294086 0.05498 -0.05260 0.04556 0.02684 0.83986 -0.04523 0.54025
1403638530.3778295517 0.06846 -0.05591 0.03569 0.02973 0.83916 -0.05069 0.54069
1403638530.4778294563 0.08035 -0.05972 0.02822 0.03053 0.83883 -0.05493 0.54076
1403638530.5778295994 0.08818 -0.06407 0.02266 0.03035 0.83876 -0.05860 0.54049
1403638530.6778295040 0.09251 -0.06761 0.01768 0.03202 0.84171 -0.06108 0.53550
1403638530.7778294086 0.09565 -0.06984 0.01223 0.03248 0.84508 -0.06285 0.52993
1403638530.8778295517 0.09782 -0.07126 0.00780 0.03105 0.84569 -0.06252 0.52909
1403638530.9778294563 0.09924 -0.07178 0.00467 0.03035 0.84334 -0.06287 0.53282
1403638531.0778295994 0.09934 -0.07148 0.00275 0.03141 0.83982 -0.06174 0.53843
1403638531.1778295040 0.09926 -0.06981 0.00344 0.03221 0.83766 -0.05970 0.54196
1403638531.2778294086 0.09962 -0.06874 0.00198 0.03505 0.83650 -0.05840 0.54371
1403638531.3778295517 0.09947 -0.06792 0.00164 0.03487 0.83545 -0.05852 0.54532
1403638531.4778294563 0.09926 -0.06829 0.00174 0.03507 0.83448 -0.05895 0.54675
1403638531.5778295994 0.09909 -0.06838 0.00161 0.03573 0.83479 -0.05789 0.54635
1403638531.6778295040 0.09908 -0.06818 0.00151 0.03512 0.83483 -0.05857 0.54626
1403638531.7778294086 0.09917 -0.06828 0.00152 0.03566 0.83470 -0.05873 0.54641
1403638531.8778295517 0.09912 -0.06832 0.00150 0.03589 0.83472 -0.05868 0.54636
1403638531.9778294563 0.09915 -0.06840 0.00149 0.03629 0.83466 -0.05879 0.54642
1403638532.0778295994 0.09915 -0.06844 0.00146 0.03655 0.83463 -0.05875 0.54644
1403638532.1778295040 0.09916 -0.06844 0.00145 0.03661 0.83458 -0.05889 0.54651
1403638532.2778294086 0.09917 -0.06843 0.00145 0.03657 0.83452 -0.05912 0.54657
1403638532.3778295517 0.09917 -0.06843 0.00144 0.03658 0.83447 -0.05919 0.54665
1403638532.4778294563 0.09919 -0.06845 0.00145 0.03661 0.83439 -0.05933 0.54674
1403638532.5778295994 0.09917 -0.06845 0.00142 0.03669 0.83439 -0.05940 0.54673
1403638532.6778295040 0.09921 -0.06850 0.00144 0.03685 0.83433 -0.05945 0.54681
1403638532.7778294086 0.09918 -0.06851 0.00143 0.03698 0.83434 -0.05936 0.54679
1403638532.8778295517 0.09918 -0.06852 0.00143 0.03710 0.83431 -0.05941 0.54682
1403638532.9778294563 0.09919 -0.06853 0.00145 0.03714 0.83426 -0.05943 0.54689
1403638533.0778295994 0.09917 -0.06854 0.00144 0.03719 0.83425 -0.05948 0.54691
1403638533.1778295040 0.09919 -0.06855 0.00144 0.03723 0.83418 -0.05955 0.54700
1403638533.2778294086 0.09918 -0.06856 0.00143 0.03726 0.83414 -0.05960 0.54706
1403638533.3778295517 0.09918 -0.06857 0.00143 0.03736 0.83411 -0.05960 0.54709
1403638533.4778294563 0.09920 -0.06859 0.00144 0.03736 0.83407 -0.05962 0.54715
1403638533.5778295994 0.09918 -0.06858 0.00143 0.03738 0.83406 -0.05966 0.54717
1403638533.6778295040 0.09919 -0.06858 0.00144 0.03739 0.83402 -0.05973 0.54722
1403638533.7778294086 0.09918 -0.06858 0.00144 0.03743 0.83399 -0.05977 0.54726
1403638533.8778295517 0.09919 -0.06855 0.00143 0.03724 0.83401 -0.05951 0.54726
1403638533.9778294563 0.09922 -0.06859 0.00142 0.03738 0.83402 -0.05975 0.54721
1403638534.0778295994 0.09915 -0.06861 0.00142 0.03779 0.83392 -0.06013 0.54729
1403638534.1778295040 0.09918 -0.06863 0.00146 0.03747 0.83394 -0.05996 0.54731
1403638534.2778294086 0.09918 -0.06856 0.00149 0.03723 0.83402 -0.05984 0.54722
1403638534.3778295517 0.09919 -0.06856 0.00148 0.03728 0.83405 -0.05990 0.54717
1403638534.4778294563 0.09921 -0.06861 0.00144 0.03741 0.83408 -0.06016 0.54707
1403638534.5778295994 0.09921 -0.06856 0.00145 0.03721 0.83421 -0.05983 0.54693
1403638534.6778295040 0.09923 -0.06850 0.00147 0.03699 0.83418 -0.05960 0.54701
1403638534.7778294086 0.09922 -0.06853 0.00147 0.03707 0.83419 -0.05950 0.54700
1403638534.8778295517 0.09921 -0.06857 0.00146 0.03739 0.83413 -0.05968 0.54705
1403638534.9778294563 0.09920 -0.06863 0.00147 0.03748 0.83416 -0.05974 0.54699
1403638535.0778295994 0.09920 -0.06862 0.00147 0.03734 0.83423 -0.05973 0.54690
1403638535.1778295040 0.09921 -0.06861 0.00146 0.03725 0.83419 -0.05976 0.54696
1403638535.2778294086 0.09919 -0.06861 0.00146 0.03720 0.83419 -0.05976 0.54697
1403638535.3778295517 0.09919 -0.06859 0.00149 0.03726 0.83416 -0.05974 0.54701
1403638535.4778294563 0.09920 -0.06860 0.00151 0.03734 0.83414 -0.05974 0.54703
1403638535.5778295994 0.09921 -0.06857 0.00151 0.03725 0.83416 -0.05964 0.54701
1403638535.6778295040 0.09922 -0.06857 0.00150 0.03716 0.83416 -0.05966 0.54703
1403638535.7778294086 0.09920 -0.06858 0.00149 0.03722 0.83414 -0.05967 0.54706
1403638535.8778295517 0.09921 -0.06858 0.00150 0.03714 0.83415 -0.05963 0.54705
1403638535.9778294563 0.09919 -0.06857 0.00151 0.03710 0.83419 -0.05961 0.54699
1403638536.0778295994 0.09921 -0.06857 0.00151 0.03706 0.83412 -0.05966 0.54710
1403638536.1778295040 0.09921 -0.06858 0.00152 0.03703 0.83409 -0.05966 0.54714
1403638536.2778294086 0.09922 -0.06857 0.00153 0.03705 0.83408 -0.05960 0.54717
1403638536.3778295517 0.09923 -0.06857 0.00153 0.03706 0.83401 -0.05961 0.54726
1403638536.4778294563 0.09922 -0.06856 0.00153 0.03705 0.83400 -0.05958 0.54728
1403638536.5778295994 0.09922 -0.06856 0.00154 0.03695 0.83400 -0.05957 0.54729
1403638536.6778295040 0.09922 -0.06856 0.00154 0.03694 0.83400 -0.05954 0.54730
1403638536.7778294086 0.09921 -0.06856 0.00152 0.03702 0.83397 -0.05961 0.54733
1403638536.8778295517 0.09921 -0.06857 0.00151 0.03697 0.83390 -0.05971 0.54743
1403638536.9778294563 0.09922 -0.06858 0.00153 0.03694 0.83392 -0.05977 0.54740
1403638537.0778295994 0.09924 -0.06856 0.00155 0.03694 0.83394 -0.05968 0.54738
1403638537.1778295040 0.09924 -0.06854 0.00156 0.03708 0.83388 -0.05965 0.54746
1403638537.2778294086 0.09924 -0.06854 0.00158 0.03719 0.83389 -0.05957 0.54744
1403638537.3778295517 0.09923 -0.06855 0.00157 0.03715 0.83388 -0.05954 0.54747
1403638537.4778294563 0.09924 -0.06854 0.00157 0.03709 0.83387 -0.05952 0.54748
1403638537.5778295994 0.09924 -0.06853 0.00161 0.03714 0.83390 -0.05941 0.54745
1403638537.6778295040 0.09925 -0.06854 0.00165 0.03721 0.83395 -0.05944 0.54736
1403638537.7778294086 0.09924 -0.06853 0.00164 0.03717 0.83392 -0.05947 0.54741
1403638537.8778295517 0.09927 -0.06852 0.00166 0.03723 0.83391 -0.05935 0.54743
1403638537.9778294563 0.09926 -0.06851 0.00168 0.03721 0.83389 -0.05943 0.54746
1403638538.0778295994 0.09926 -0.06850 0.00170 0.03724 0.83388 -0.05947 0.54747
1403638538.1778295040 0.09926 -0.06852 0.00171 0.03732 0.83384 -0.05948 0.54752
1403638538.2778294086 0.09933 -0.06848 0.00169 0.03724 0.83387 -0.05933 0.54750
1403638538.3778295517 0.09929 -0.06851 0.00173 0.03741 0.83383 -0.05932 0.54755
1403638538.4778294563 0.09927 -0.06851 0.00180 0.03742 0.83380 -0.05930 0.54759
1403638538.5778295994 0.09931 -0.06852 0.00186 0.03772 0.83376 -0.05937 0.54763
1403638538.6778295040 0.09930 -0.06853 0.00190 0.03762 0.83358 -0.05951 0.54789
1403638538.7778294086 0.09939 -0.06860 0.00222 0.03752 0.83283 -0.05938 0.54906
1403638538.8778295517 0.10078 -0.06821 0.00263 0.03687 0.83181 -0.05892 0.55069
1403638538.9778294563 0.10417 -0.06804 0.00517 0.03782 0.82694 -0.05826 0.55798
1403638539.0778295994 0.10842 -0.06792 0.00879 0.03951 0.82123 -0.05981 0.56608
1403638539.1778295040 0.11599 -0.06785 0.01663 0.03869 0.81600 -0.06020 0.57360
1403638539.2778294086 0.12463 -0.06787 0.03220 0.03849 0.81232 -0.05946 0.57890
1403638539.3778295517 0.13269 -0.06793 0.05555 0.03806 0.81331 -0.05894 0.57759
1403638539.4778294563 0.14153 -0.06875 0.08514 0.03759 0.81543 -0.05789 0.57472
1403638539.5778295994 0.15145 -0.07023 0.11744 0.03708 0.81649 -0.05646 0.57340
1403638539.6778295040 0.16238 -0.07158 0.14470 0.03535 0.81714 -0.05600 0.57263
1403638539.7778294086 0.17214 -0.07222 0.16125 0.03579 0.81840 -0.05422 0.57096
1403638539.8778295517 0.18390 -0.07226 0.17063 0.03494 0.82098 -0.05364 0.56736
1403638539.9778294563 0.19959 -0.07157 0.17835 0.03319 0.82560 -0.05334 0.56076
1403638540.0778295994 0.21979 -0.07240 0.18538 0.03289 0.83158 -0.05317 0.55188
1403638540.1778295040 0.24431 -0.07337 0.19298 0.03264 0.83556 -0.05294 0.54587
1403638540.2778294086 0.27838 -0.07451 0.20708 0.03326 0.83130 -0.05166 0.55242
1403638540.3778295517 0.31623 -0.07547 0.21561 0.03401 0.82522 -0.04965 0.56160
1403638540.4778294563 0.35832 -0.07560 0.22336 0.03085 0.82295 -0.04364 0.56560
1403638540.5778295994 0.40467 -0.07456 0.22938 0.02366 0.82322 -0.03215 0.56632
1403638540.6778295040 0.45375 -0.07298 0.23536 0.01537 0.82344 -0.01496 0.56700
1403638540.7778294086 0.50497 -0.06940 0.24029 0.00750 0.82266 0.00906 0.56841
1403638540.8778295517 0.55740 -0.06271 0.24382 -0.00275 0.82205 0.03708 0.56820
1403638540.9778294563 0.61012 -0.05112 0.24571 -0.01642 0.82054 0.06339 0.56782
1403638541.0778295994 0.66337 -0.03593 0.24520 -0.03022 0.81842 0.08292 0.56780
1403638541.1778295040 0.71820 -0.01739 0.23979 -0.04003 0.81674 0.09625 0.56751
1403638541.2778294086 0.77296 0.00619 0.23197 -0.04519 0.81602 0.10506 0.56660
1403638541.3778295517 0.82792 0.03448 0.23188 -0.04824 0.81591 0.10869 0.56582
1403638541.4778294563 0.88227 0.06744 0.23799 -0.04936 0.81574 0.10890 0.56593
1403638541.5778295994 0.93587 0.10665 0.25063 -0.04860 0.81425 0.10945 0.56802
1403638541.6778295040 0.99287 0.15284 0.27166 -0.05264 0.81254 0.11238 0.56955
1403638541.7778294086 1.04697 0.20421 0.29785 -0.06268 0.81120 0.11805 0.56928
1403638541.8778295517 1.09906 0.25986 0.33201 -0.07458 0.80986 0.12699 0.56784
1403638541.9778294563 1.14839 0.31769 0.36292 -0.08647 0.80885 0.14143 0.56417
1403638542.0778295994 1.19565 0.37694 0.38738 -0.10068 0.80679 0.15867 0.56015
1403638542.1778295040 1.24064 0.43698 0.40568 -0.11639 0.80297 0.17886 0.55652
1403638542.2778294086 1.28446 0.49869 0.41772 -0.13163 0.79895 0.20247 0.55079
1403638542.3778295517 1.32838 0.56078 0.42639 -0.14560 0.79118 0.22447 0.54994
1403638542.4778294563 1.36972 0.62140 0.43240 -0.15241 0.77752 0.24507 0.55873
1403638542.5778295994 1.41010 0.68330 0.43561 -0.14889 0.76539 0.26365 0.56788
1403638542.6778295040 1.44478 0.74831 0.44032 -0.14975 0.76197 0.27312 0.56779
1403638542.7778294086 1.47281 0.81778 0.45187 -0.15883 0.76612 0.27213 0.56015
1403638542.8778295517 1.49648 0.89256 0.47115 -0.16530 0.77157 0.26888 0.55232
1403638542.9778294563 1.51585 0.96943 0.49771 -0.16919 0.77623 0.26560 0.54616
1403638543.0778295994 1.53178 1.04593 0.52620 -0.17180 0.77987 0.26245 0.54167
1403638543.1778295040 1.54659 1.12375 0.54944 -0.17203 0.78110 0.26001 0.54100
1403638543.2778294086 1.56086 1.20067 0.56842 -0.17229 0.78147 0.25767 0.54150
1403638543.3778295517 1.57589 1.28100 0.58006 -0.17174 0.78259 0.25674 0.54050
1403638543.4778294563 1.59145 1.36270 0.58841 -0.17403 0.78154 0.26117 0.53917
1403638543.5778295994 1.60296 1.44201 0.59630 -0.17943 0.77844 0.27238 0.53633
1403638543.6778295040 1.61620 1.52525 0.59972 -0.18639 0.77271 0.28999 0.53300
1403638543.7778294086 1.62629 1.60771 0.60495 -0.19685 0.76454 0.31140 0.52892
1403638543.8778295517 1.63541 1.68754 0.61686 -0.20886 0.75433 0.33410 0.52512
1403638543.9778294563 1.64658 1.77289 0.63569 -0.22303 0.74575 0.35247 0.51950
1403638544.0778295994 1.65765 1.85780 0.65809 -0.23801 0.74172 0.36383 0.51072
1403638544.1778295040 1.67047 1.94420 0.68004 -0.24846 0.73860 0.37039 0.50551
1403638544.2778294086 1.68513 2.03457 0.69617 -0.25522 0.73604 0.37374 0.50342
1403638544.3778295517 1.69994 2.12425 0.70611 -0.25681 0.73538 0.37632 0.50166
1403638544.4778294563 1.71671 2.21624 0.71383 -0.25592 0.73593 0.37741 0.50047
1403638544.5778295994 1.73471 2.30988 0.71999 -0.25780 0.73328 0.37654 0.50403
1403638544.6778295040 1.75329 2.40633 0.73414 -0.26280 0.72684 0.37577 0.51132
1403638544.7778294086 1.77050 2.49671 0.74965 -0.26419 0.72600 0.37679 0.51104
1403638544.8778295517 1.78716 2.58863 0.76559 -0.26222 0.72924 0.37909 0.50571
1403638544.9778294563 1.80428 2.67816 0.77449 -0.26243 0.73008 0.37982 0.50384
1403638545.0778295994 1.82157 2.76740 0.77798 -0.26401 0.72884 0.37978 0.50484
1403638545.1778295040 1.83587 2.85428 0.77745 -0.26392 0.72839 0.38096 0.50464
1403638545.2778294086 1.85361 2.94333 0.76901 -0.26320 0.72780 0.38257 0.50465
1403638545.3778295517 1.87184 3.03213 0.75678 -0.26501 0.72516 0.38167 0.50817
1403638545.4778294563 1.88525 3.11450 0.74278 -0.26729 0.72501 0.38269 0.50641
1403638545.5778295994 1.90125 3.20327 0.72965 -0.27142 0.72278 0.38927 0.50238
1403638545.6778295040 1.91430 3.28668 0.72535 -0.28033 0.71711 0.40080 0.49651
1403638545.7778294086 1.92711 3.36725 0.72761 -0.28934 0.70920 0.41736 0.48901
1403638545.8778295517 1.94067 3.45112 0.73641 -0.30033 0.69842 0.43683 0.48081
1403638545.9778294563 1.95529 3.53638 0.75186 -0.31018 0.68584 0.45874 0.47220
1403638546.0778295994 1.97135 3.62548 0.77006 -0.31659 0.67380 0.47760 0.46654
1403638546.1778295040 1.98841 3.71708 0.78274 -0.32417 0.66511 0.48980 0.46113
1403638546.2778294086 2.00410 3.81020 0.78853 -0.32912 0.66037 0.49737 0.45631
1403638546.3778295517 2.01884 3.90397 0.78911 -0.33541 0.65883 0.49956 0.45153
1403638546.4778294563 2.03261 3.99826 0.78395 -0.33813 0.65849 0.50083 0.44858
1403638546.5778295994 2.04575 4.09412 0.77873 -0.33916 0.65645 0.50404 0.44720
1403638546.6778295040 2.05751 4.19074 0.77913 -0.34274 0.65160 0.50988 0.44494
1403638546.7778294086 2.06836 4.29044 0.78961 -0.34526 0.64701 0.51557 0.44314
1403638546.8778295517 2.07779 4.39205 0.80860 -0.34601 0.64332 0.52050 0.44215
1403638546.9778294563 2.08637 4.49694 0.82549 -0.34477 0.64001 0.52491 0.44269
1403638547.0778295994 2.09467 4.60369 0.83648 -0.34274 0.63754 0.52819 0.44395
1403638547.1778295040 2.09795 4.71199 0.83845 -0.33988 0.63546 0.53147 0.44522
1403638547.2778294086 2.09897 4.82016 0.83916 -0.33793 0.63408 0.53294 0.44690
1403638547.3778295517 2.09167 4.92648 0.83228 -0.34119 0.63548 0.53076 0.44503
1403638547.4778294563 2.08469 5.03703 0.82627 -0.34575 0.63866 0.52702 0.44138
1403638547.5778295994 2.07532 5.14759 0.81516 -0.34882 0.64212 0.52363 0.43796
1403638547.6778295040 2.06028 5.25169 0.79558 -0.34963 0.64324 0.52212 0.43749
1403638547.7778294086 2.04821 5.36555 0.77564 -0.34749 0.64266 0.52264 0.43942
1403638547.8778295517 2.03022 5.46935 0.74886 -0.34416 0.63971 0.52478 0.44377
1403638547.9778294563 2.01360 5.58678 0.72610 -0.34426 0.63961 0.52510 0.44345
1403638548.0778295994 1.99144 5.69788 0.70844 -0.34706 0.63914 0.52741 0.43920
1403638548.1778295040 1.97152 5.82628 0.70259 -0.35140 0.63538 0.53280 0.43467
1403638548.2778294086 1.94751 5.95088 0.70356 -0.35801 0.62896 0.54126 0.42811
1403638548.3778295517 1.92233 6.07758 0.71370 -0.36568 0.61949 0.55264 0.42083
1403638548.4778294563 1.89665 6.20273 0.73127 -0.37383 0.60983 0.56323 0.41367
1403638548.5778295994 1.87172 6.32581 0.74826 -0.38041 0.60185 0.57110 0.40854
1403638548.6778295040 1.84790 6.44702 0.76129 -0.38532 0.59630 0.57655 0.40441
1403638548.7778294086 1.82422 6.57287 0.77142 -0.38808 0.59241 0.58053 0.40179
1403638548.8778295517 1.79940 6.70114 0.78664 -0.38937 0.59027 0.58319 0.39983
1403638548.9778294563 1.77417 6.82831 0.80911 -0.39079 0.58921 0.58414 0.39863
1403638549.0778295994 1.74738 6.95821 0.83484 -0.39128 0.58894 0.58457 0.39791
1403638549.1778295040 1.72106 7.08586 0.86779 -0.39246 0.58890 0.58362 0.39820
1403638549.2778294086 1.69396 7.21637 0.90531 -0.39316 0.58978 0.58265 0.39762
1403638549.3778295517 1.66721 7.34888 0.94804 -0.39537 0.59132 0.58028 0.39660
1403638549.4778294563 1.64042 7.48220 0.98688 -0.39718 0.59278 0.57817 0.39570
1403638549.5778295994 1.61426 7.61827 1.02148 -0.39851 0.59290 0.57642 0.39674
1403638549.6778295040 1.58940 7.75494 1.04999 -0.39981 0.59241 0.57489 0.39836
1403638549.7778294086 1.56638 7.89074 1.07991 -0.39818 0.59264 0.57540 0.39892
1403638549.8778295517 1.54395 8.02726 1.11475 -0.39718 0.59415 0.57558 0.39742
1403638549.9778294563 1.52076 8.16940 1.15970 -0.39680 0.59508 0.57560 0.39638
1403638550.0778295994 1.49970 8.31142 1.21122 -0.39710 0.59540 0.57536 0.39594
1403638550.1778295040 1.48029 8.45595 1.27108 -0.39786 0.59591 0.57522 0.39460
1403638550.2778294086 1.46268 8.60437 1.33725 -0.39732 0.59548 0.57608 0.39455
1403638550.3778295517 1.44570 8.75402 1.40654 -0.39738 0.59453 0.57645 0.39537
1403638550.4778294563 1.43123 8.90438 1.46911 -0.40005 0.59513 0.57492 0.39402
1403638550.5778295994 1.41885 9.05688 1.52257 -0.40395 0.59583 0.57253 0.39245
1403638550.6778295040 1.41026 9.20591 1.57000 -0.40890 0.59426 0.56912 0.39467
1403638550.7778294086 1.40593 9.34946 1.61263 -0.41194 0.59351 0.56692 0.39579
1403638550.8778295517 1.40582 9.49261 1.65211 -0.41789 0.58979 0.56264 0.40119
1403638550.9778294563 1.40739 9.63503 1.68811 -0.42355 0.58567 0.55813 0.40754
1403638551.0778295994 1.41088 9.76708 1.71989 -0.42722 0.58322 0.55522 0.41118
1403638551.1778295040 1.41735 9.89394 1.75283 -0.43156 0.58371 0.55241 0.40973
1403638551.2778294086 1.42866 10.01286 1.78994 -0.43218 0.58548 0.55129 0.40806
1403638551.3778295517 1.44679 10.12533 1.83381 -0.42745 0.59318 0.54831 0.40592
1403638551.4778294563 1.47025 10.23046 1.87032 -0.42000 0.60580 0.53905 0.40746
1403638551.5778295994 1.50215 10.33304 1.90446 -0.41382 0.62099 0.52284 0.41203
1403638551.6778295040 1.53923 10.43719 1.93279 -0.40694 0.63810 0.50444 0.41565
1403638551.7778294086 1.58602 10.53915 1.95689 -0.39771 0.65237 0.48602 0.42429
1403638551.8778295517 1.64146 10.63566 1.97672 -0.38759 0.66306 0.47049 0.43446
1403638551.9778294563 1.70474 10.72425 1.99946 -0.37571 0.66650 0.46284 0.44766
1403638552.0778295994 1.77350 10.80230 2.02910 -0.36619 0.66806 0.45783 0.45825
1403638552.1778295040 1.84533 10.87089 2.06321 -0.36033 0.67295 0.45476 0.45880
1403638552.2778294086 1.92072 10.93358 2.10274 -0.35619 0.67691 0.45379 0.45715
1403638552.3778295517 1.99909 10.99005 2.14119 -0.35821 0.67795 0.45096 0.45685
1403638552.4778294563 2.08197 11.04301 2.17402 -0.36547 0.67432 0.44544 0.46186
1403638552.5778295994 2.16774 11.08360 2.20220 -0.37105 0.67059 0.44201 0.46610
1403638552.6778295040 2.25675 11.11602 2.22393 -0.37169 0.66826 0.44326 0.46775
1403638552.7778294086 2.34896 11.13870 2.23896 -0.37112 0.66757 0.44554 0.46703
1403638552.8778295517 2.44527 11.15898 2.24892 -0.36898 0.66617 0.44949 0.46693
1403638552.9778294563 2.54281 11.16535 2.25480 -0.36468 0.66376 0.45556 0.46786
1403638553.0778295994 2.64342 11.17340 2.25527 -0.36101 0.66149 0.46097 0.46863
1403638553.1778295040 2.74109 11.16928 2.25343 -0.36647 0.65759 0.45965 0.47116
1403638553.2778294086 2.84238 11.16585 2.25257 -0.37374 0.65188 0.45641 0.47650
1403638553.3778295517 2.94053 11.14728 2.25629 -0.37539 0.64664 0.45726 0.48151
1403638553.4778294563 3.03817 11.11964 2.26545 -0.37189 0.64115 0.46083 0.48812
1403638553.5778295994 3.13430 11.08254 2.28116 -0.36882 0.63684 0.46385 0.49320
1403638553.6778295040 3.22864 11.03358 2.30078 -0.36662 0.63587 0.46621 0.49387
1403638553.7778294086 3.31927 10.97357 2.32885 -0.36477 0.63634 0.46815 0.49280
1403638553.8778295517 3.40146 10.90302 2.36170 -0.36251 0.63814 0.46965 0.49070
1403638553.9778294563 3.48658 10.83114 2.39906 -0.36180 0.64119 0.47013 0.48678
1403638554.0778295994 3.55919 10.74530 2.42692 -0.36024 0.64448 0.47104 0.48269
1403638554.1778295040 3.64172 10.66621 2.45656 -0.35541 0.64736 0.47480 0.47872
1403638554.2778294086 3.71229 10.57379 2.47248 -0.34748 0.65317 0.48065 0.47074
1403638554.3778295517 3.78831 10.48987 2.49108 -0.34158 0.65640 0.48527 0.46580
1403638554.4778294563 3.85872 10.40514 2.50567 -0.33890 0.65782 0.48748 0.46345
1403638554.5778295994 3.92465 10.32082 2.51572 -0.33999 0.65872 0.48716 0.46170
1403638554.6778295040 3.98764 10.23296 2.52316 -0.34589 0.66096 0.48336 0.45810
1403638554.7778294086 4.05066 10.15019 2.53953 -0.35078 0.66167 0.48010 0.45678
1403638554.8778295517 4.11436 10.06474 2.55807 -0.35385 0.66181 0.47814 0.45627
1403638554.9778294563 4.17985 9.98001 2.57789 -0.35641 0.66252 0.47495 0.45658
1403638555.0778295994 4.24750 9.90120 2.59402 -0.35275 0.66579 0.47067 0.45908
1403638555.1778295040 4.31519 9.81341 2.60042 -0.34610 0.67190 0.46403 0.46199
1403638555.2778294086 4.38673 9.73421 2.60722 -0.33996 0.67821 0.45604 0.46528
1403638555.3778295517 4.45983 9.65070 2.60835 -0.33287 0.68148 0.45135 0.47019
1403638555.4778294563 4.53325 9.56484 2.60501 -0.32708 0.68361 0.44828 0.47407
1403638555.5778295994 4.60702 9.47805 2.60001 -0.32475 0.68497 0.44561 0.47623
1403638555.6778295040 4.68066 9.39032 2.60049 -0.32414 0.68671 0.44393 0.47570
1403638555.7778294086 4.75278 9.30104 2.60987 -0.32318 0.68789 0.44409 0.47449
1403638555.8778295517 4.82368 9.21104 2.62669 -0.32250 0.68790 0.44508 0.47401
1403638555.9778294563 4.89573 9.12532 2.64975 -0.32122 0.68662 0.44672 0.47519
1403638556.0778295994 4.96850 9.04114 2.67644 -0.31969 0.68673 0.44808 0.47479
1403638556.1778295040 5.04045 8.96260 2.69904 -0.31871 0.69112 0.44861 0.46854
1403638556.2778294086 5.11424 8.88395 2.71529 -0.31721 0.69439 0.44967 0.46368
1403638556.3778295517 5.18777 8.81475 2.72765 -0.31591 0.69658 0.45042 0.46055
1403638556.4778294563 5.26556 8.74188 2.73782 -0.31350 0.69964 0.45173 0.45624
1403638556.5778295994 5.34238 8.68520 2.74874 -0.31293 0.70268 0.45132 0.45235
1403638556.6778295040 5.42225 8.63331 2.76072 -0.32034 0.70530 0.44518 0.44917
1403638556.7778294086 5.50791 8.57597 2.78086 -0.32694 0.70215 0.44042 0.45401
1403638556.8778295517 5.59495 8.52957 2.80777 -0.33268 0.70074 0.43607 0.45620
1403638556.9778294563 5.68718 8.48490 2.83802 -0.33609 0.69936 0.43343 0.45834
1403638557.0778295994 5.78586 8.43987 2.86194 -0.33473 0.69793 0.43484 0.46017
1403638557.1778295040 5.88970 8.39417 2.87855 -0.33320 0.69636 0.43642 0.46217
1403638557.2778294086 5.99579 8.34793 2.88879 -0.33217 0.69530 0.43751 0.46347
1403638557.3778295517 6.10602 8.30133 2.89442 -0.32973 0.69409 0.43967 0.46498
1403638557.4778294563 6.21799 8.25565 2.90233 -0.32430 0.69108 0.44411 0.46905
1403638557.5778295994 6.33001 8.20990 2.91612 -0.31985 0.68868 0.44729 0.47260
1403638557.6778295040 6.44175 8.16529 2.93460 -0.31735 0.68750 0.44923 0.47415
1403638557.7778294086 6.55214 8.12130 2.95603 -0.31735 0.68719 0.44892 0.47490
1403638557.8778295517 6.66135 8.07682 2.97215 -0.31446 0.68714 0.45034 0.47555
1403638557.9778294563 6.76935 8.03274 2.98285 -0.31167 0.68837 0.45197 0.47406
1403638558.0778295994 6.87623 7.99005 2.98779 -0.31063 0.69211 0.45274 0.46853
1403638558.1778295040 6.98389 7.94952 2.98998 -0.30768 0.69789 0.45428 0.46034
1403638558.2778294086 7.09309 7.91390 2.99768 -0.30411 0.70199 0.45602 0.45472
1403638558.3778295517 7.20274 7.88643 3.01548 -0.29935 0.70332 0.45877 0.45307
1403638558.4778294563 7.31167 7.86557 3.04095 -0.29294 0.70697 0.46241 0.44784
1403638558.5778295994 7.42183 7.85439 3.07373 -0.29412 0.70955 0.46109 0.44432
1403638558.6778295040 7.53471 7.85345 3.11239 -0.30237 0.71034 0.45457 0.44424
1403638558.7778294086 7.65015 7.85978 3.15087 -0.31018 0.71006 0.44844 0.44554
1403638558.8778295517 7.77030 7.87064 3.18123 -0.31281 0.70883 0.44625 0.44784
1403638558.9778294563 7.89365 7.88595 3.20441 -0.31469 0.70408 0.44499 0.45522
1403638559.0778295994 8.01933 7.90413 3.21949 -0.31539 0.69964 0.44480 0.46172
1403638559.1778295040 8.14559 7.92542 3.22760 -0.31575 0.69624 0.44519 0.46622
1403638559.2778294086 8.27113 7.94823 3.22912 -0.31373 0.69341 0.44752 0.46956
1403638559.3778295517 8.39659 7.97147 3.22444 -0.31014 0.69110 0.45077 0.47223
1403638559.4778294563 8.51904 7.99589 3.21574 -0.30807 0.68878 0.45296 0.47488
1403638559.5778295994 8.63828 8.02141 3.20213 -0.30704 0.68661 0.45447 0.47724
1403638559.6778295040 8.75399 8.04928 3.18547 -0.30767 0.68557 0.45464 0.47816
1403638559.7778294086 8.86506 8.07797 3.17186 -0.30801 0.68472 0.45532 0.47851
1403638559.8778295517 8.97298 8.10994 3.16395 -0.30932 0.68550 0.45456 0.47726
1403638559.9778294563 9.07915 8.14281 3.15674 -0.30817 0.68908 0.44865 0.47846
1403638560.0778295994 9.18614 8.17721 3.14450 -0.30277 0.69701 0.43583 0.48225
1403638560.1778295040 9.29151 8.21085 3.12499 -0.29303 0.70679 0.41780 0.48993
1403638560.2778294086 9.39580 8.24521 3.10017 -0.28070 0.71765 0.39666 0.49885
1403638560.3778295517 9.49875 8.27857 3.07333 -0.26949 0.72552 0.37244 0.51214
1403638560.4778294563 9.59774 8.30969 3.04299 -0.25680 0.73360 0.34732 0.52465
1403638560.5778295994 9.69219 8.33620 3.00810 -0.24550 0.74287 0.32047 0.53401
1403638560.6778295040 9.78315 8.35848 2.96934 -0.23581 0.75342 0.29251 0.53962
1403638560.7778294086 9.87040 8.37390 2.93409 -0.22859 0.76224 0.26693 0.54358
1403638560.8778295517 9.95538 8.38135 2.90681 -0.21785 0.76874 0.24410 0.54954
1403638560.9778294563 10.04048 8.38218 2.88733 -0.20560 0.77305 0.22317 0.55706
1403638561.0778295994 10.12348 8.37514 2.87606 -0.19336 0.77563 0.20329 0.56541
1403638561.1778295040 10.20187 8.35920 2.87127 -0.18248 0.77701 0.18561 0.57315
1403638561.2778294086 10.27564 8.33596 2.87331 -0.17564 0.77729 0.17225 0.57905
1403638561.3778295517 10.34267 8.30482 2.87790 -0.16661 0.78188 0.16750 0.57693
1403638561.4778294563 10.40461 8.26700 2.87880 -0.15308 0.78769 0.17113 0.57169
1403638561.5778295994 10.46507 8.22601 2.87397 -0.14350 0.79110 0.17591 0.56801
1403638561.6778295040 10.52301 8.18394 2.86445 -0.13976 0.79272 0.17882 0.56577
1403638561.7778294086 10.57751 8.14072 2.84956 -0.13891 0.79285 0.18116 0.56504
1403638561.8778295517 10.62858 8.09554 2.82776 -0.13645 0.79220 0.18183 0.56634
1403638561.9778294563 10.67943 8.04926 2.80288 -0.13138 0.79317 0.17753 0.56755
1403638562.0778295994 10.72590 8.00194 2.77919 -0.12406 0.79494 0.16886 0.56935
1403638562.1778295040 10.76798 7.95296 2.76330 -0.11654 0.79680 0.15921 0.57112
1403638562.2778294086 10.80832 7.90601 2.75197 -0.11015 0.79785 0.15105 0.57314
1403638562.3778295517 10.84539 7.85858 2.74723 -0.10423 0.79877 0.13922 0.57595
1403638562.4778294563 10.87869 7.80964 2.74666 -0.09641 0.80115 0.12328 0.57764
1403638562.5778295994 10.90983 7.76086 2.75332 -0.08690 0.80352 0.10328 0.57977
1403638562.6778295040 10.93834 7.71092 2.76447 -0.07823 0.80640 0.07920 0.58080
1403638562.7778294086 10.96468 7.65895 2.77689 -0.06947 0.80807 0.05304 0.58257
1403638562.8778295517 10.98693 7.60340 2.78518 -0.05605 0.80933 0.02850 0.58397
1403638562.9778294563 11.00504 7.54463 2.78726 -0.04161 0.81012 0.00592 0.58475
1403638563.0778295994 11.01903 7.48298 2.78412 -0.03266 0.81006 -0.01809 0.58516
1403638563.1778295040 11.02613 7.41724 2.77699 -0.02081 0.80994 -0.03771 0.58493
1403638563.2778294086 11.02943 7.34686 2.76594 -0.00940 0.80687 -0.05139 0.58842
1403638563.3778295517 11.02615 7.27278 2.75029 -0.00290 0.79914 -0.06097 0.59804
1403638563.4778294563 11.01603 7.19509 2.72889 -0.00167 0.79310 -0.06785 0.60529
1403638563.5778295994 10.99956 7.11175 2.70710 0.00386 0.79370 -0.06747 0.60454
1403638563.6778295040 10.97635 7.02390 2.69124 0.00398 0.79725 -0.06749 0.59985
1403638563.7778294086 10.94760 6.93037 2.68225 0.00090 0.79954 -0.06777 0.59677
1403638563.8778295517 10.91352 6.83301 2.68167 -0.00225 0.79921 -0.06683 0.59732
1403638563.9778294563 10.87527 6.72939 2.68728 -0.00584 0.79821 -0.06511 0.59883
1403638564.0778295994 10.82857 6.62209 2.69045 -0.01030 0.79890 -0.06284 0.59808
1403638564.1778295040 10.77638 6.50906 2.68850 -0.01205 0.79888 -0.05813 0.59856
1403638564.2778294086 10.72234 6.38764 2.68434 -0.01135 0.79733 -0.05254 0.60115
1403638564.3778295517 10.65871 6.26561 2.68573 -0.01146 0.79597 -0.04744 0.60337
1403638564.4778294563 10.59186 6.13753 2.69414 -0.01084 0.79476 -0.04310 0.60530
1403638564.5778295994 10.51287 6.00916 2.70664 -0.01355 0.79656 -0.04260 0.60290
1403638564.6778295040 10.43030 5.87795 2.71886 -0.01862 0.79834 -0.04549 0.60020
1403638564.7778294086 10.33729 5.74272 2.72385 -0.02231 0.79895 -0.04855 0.59902
1403638564.8778295517 10.24444 5.60156 2.72325 -0.02446 0.79851 -0.05106 0.59932
1403638564.9778294563 10.14372 5.45117 2.70155 -0.02631 0.79800 -0.05272 0.59978
1403638565.0778295994 10.04044 5.29600 2.66702 -0.02752 0.79840 -0.05348 0.59911
1403638565.1778295040 9.93337 5.13544 2.61717 -0.02796 0.79918 -0.05374 0.59803
1403638565.2778294086 9.82257 4.96895 2.56109 -0.02630 0.80017 -0.05296 0.59685
1403638565.3778295517 9.70859 4.79795 2.50213 -0.02351 0.80120 -0.05172 0.59570
1403638565.4778294563 9.59148 4.62236 2.44267 -0.02051 0.80053 -0.05078 0.59679
1403638565.5778295994 9.47237 4.44363 2.38958 -0.01387 0.79839 -0.04853 0.60002
1403638565.6778295040 9.34870 4.26282 2.34524 -0.00204 0.79808 -0.04255 0.60105
1403638565.7778294086 9.22270 4.08268 2.30670 0.00705 0.80075 -0.03818 0.59774
1403638565.8778295517 9.08939 3.90414 2.27588 0.01433 0.80289 -0.03488 0.59494
1403638565.9778294563 8.95207 3.72870 2.24864 0.01682 0.80468 -0.03545 0.59241
1403638566.0778295994 8.81316 3.55760 2.21551 0.01840 0.80567 -0.03585 0.59099
1403638566.1778295040 8.67301 3.38971 2.17340 0.01636 0.80584 -0.03727 0.59073
1403638566.2778294086 8.53116 3.22486 2.12266 0.01696 0.80543 -0.03643 0.59132
1403638566.3778295517 8.39004 3.06279 2.06338 0.01718 0.80641 -0.03534 0.59004
1403638566.4778294563 8.24975 2.90397 1.99809 0.01379 0.80665 -0.03603 0.58977
1403638566.5778295994 8.11093 2.74962 1.92680 0.01307 0.80979 -0.03422 0.58557
1403638566.6778295040 7.97257 2.59959 1.84818 0.01233 0.81906 -0.03235 0.57266
1403638566.7778294086 7.83932 2.45365 1.76454 0.01166 0.83070 -0.03048 0.55576
1403638566.8778295517 7.71400 2.31100 1.67815 0.01006 0.83870 -0.02919 0.54372
1403638566.9778294563 7.59705 2.17080 1.58976 0.01006 0.84259 -0.02627 0.53781
1403638567.0778295994 7.48819 2.03457 1.50343 0.00974 0.83448 -0.02479 0.55039
1403638567.1778295040 7.38674 1.90031 1.41440 0.01160 0.82213 -0.02267 0.56874
1403638567.2778294086 7.28646 1.76718 1.32050 0.01455 0.81343 -0.02084 0.58111
1403638567.3778295517 7.18532 1.63819 1.22163 0.01738 0.81148 -0.02017 0.58377
1403638567.4778294563 7.08198 1.51256 1.12673 0.01924 0.81225 -0.02100 0.58262
1403638567.5778295994 6.97830 1.39115 1.03856 0.02059 0.81575 -0.02265 0.57759
1403638567.6778295040 6.87251 1.26983 0.95995 0.02390 0.81899 -0.02306 0.57284
1403638567.7778294086 6.76954 1.15387 0.89078 0.02591 0.82223 -0.02353 0.56808
1403638567.8778295517 6.67092 1.04248 0.83041 0.02512 0.82562 -0.02571 0.56308
1403638567.9778294563 6.58101 0.93741 0.77713 0.02509 0.82655 -0.02667 0.56167
1403638568.0778295994 6.49661 0.83705 0.73239 0.02811 0.82637 -0.02488 0.56188
1403638568.1778295040 6.41670 0.74223 0.69729 0.03016 0.82563 -0.02358 0.56291
1403638568.2778294086 6.33985 0.65251 0.66909 0.03116 0.82548 -0.02385 0.56306
1403638568.3778295517 6.26721 0.56716 0.64117 0.03122 0.82595 -0.02419 0.56235
1403638568.4778294563 6.19817 0.48813 0.60592 0.03176 0.82678 -0.02413 0.56111
1403638568.5778295994 6.13317 0.41172 0.57010 0.03266 0.82814 -0.02348 0.55908
1403638568.6778295040 6.07262 0.34143 0.52905 0.03403 0.82989 -0.02212 0.55644
1403638568.7778294086 6.01712 0.27684 0.49397 0.03367 0.83120 -0.02217 0.55451
1403638568.8778295517 5.96629 0.21991 0.46809 0.03173 0.83055 -0.02384 0.55552
1403638568.9778294563 5.92111 0.16605 0.44626 0.03365 0.82999 -0.02215 0.55632
1403638569.0778295994 5.87869 0.11685 0.43608 0.03517 0.82973 -0.02115 0.55665
1403638569.1778295040 5.84082 0.07159 0.42859 0.03578 0.83051 -0.02111 0.55545
1403638569.2778294086 5.80339 0.03140 0.42437 0.03787 0.83170 -0.02010 0.55357
1403638569.3778295517 5.77442 -0.00333 0.41271 0.03873 0.83160 -0.01986 0.55367
1403638569.4778294563 5.74764 -0.03570 0.39724 0.03921 0.83014 -0.01943 0.55584
1403638569.5778295994 5.72963 -0.05892 0.37827 0.03990 0.82886 -0.01908 0.55770
1403638569.6778295040 5.71598 -0.07653 0.36489 0.03898 0.82774 -0.02002 0.55940
1403638569.7778294086 5.70540 -0.08852 0.35788 0.03991 0.82690 -0.01939 0.56059
1403638569.8778295517 5.69726 -0.09684 0.35654 0.04088 0.82565 -0.01832 0.56240
1403638569.9778294563 5.69347 -0.09826 0.35978 0.03961 0.82415 -0.01916 0.56467
1403638570.0778295994 5.69322 -0.09365 0.36068 0.03727 0.82358 -0.02069 0.56560
1403638570.1778295040 5.69513 -0.08502 0.35570 0.03230 0.82376 -0.02348 0.56553
1403638570.2778294086 5.69852 -0.07384 0.34485 0.02471 0.82326 -0.02813 0.56643
1403638570.3778295517 5.70357 -0.06135 0.32954 0.01839 0.82303 -0.03546 0.56660
1403638570.4778294563 5.70951 -0.05050 0.30876 0.01415 0.82257 -0.05107 0.56619
1403638570.5778295994 5.71370 -0.04399 0.28148 0.00717 0.81998 -0.07811 0.56700
1403638570.6778295040 5.71737 -0.04474 0.25052 0.00805 0.81484 -0.10740 0.56959
1403638570.7778294086 5.72018 -0.05524 0.21666 0.01535 0.80379 -0.13506 0.57918
1403638570.8778295517 5.71794 -0.07625 0.18068 0.02800 0.79212 -0.15960 0.58847
1403638570.9778294563 5.70870 -0.10783 0.14128 0.04353 0.78395 -0.18101 0.59226
1403638571.0778295994 5.69132 -0.14956 0.09743 0.06047 0.78117 -0.20014 0.58827
1403638571.1778295040 5.66420 -0.19961 0.05566 0.08202 0.78373 -0.21254 0.57782
1403638571.2778294086 5.63050 -0.25756 0.02342 0.10216 0.78494 -0.21892 0.57054
1403638571.3778295517 5.58975 -0.31951 0.00154 0.11481 0.78422 -0.22428 0.56702
1403638571.4778294563 5.54388 -0.38484 -0.01072 0.12075 0.78136 -0.22901 0.56785
1403638571.5778295994 5.49303 -0.45322 -0.01937 0.12763 0.77892 -0.23317 0.56800
1403638571.6778295040 5.43851 -0.52431 -0.03210 0.13382 0.77857 -0.24250 0.56313
1403638571.7778294086 5.38092 -0.59883 -0.05010 0.14189 0.77796 -0.25585 0.55605
1403638571.8778295517 5.32141 -0.67670 -0.07240 0.14922 0.77492 -0.27349 0.54993
1403638571.9778294563 5.25900 -0.75878 -0.09131 0.15695 0.76882 -0.29340 0.54608
1403638572.0778295994 5.19376 -0.84424 -0.10236 0.16613 0.76184 -0.31253 0.54252
1403638572.1778295040 5.12430 -0.93343 -0.10441 0.18194 0.75495 -0.32763 0.53815
1403638572.2778294086 5.05159 -1.02501 -0.10174 0.19615 0.75057 -0.34417 0.52889
1403638572.3778295517 4.97808 -1.11990 -0.10116 0.20938 0.74563 -0.36246 0.51847
1403638572.4778294563 4.90458 -1.21801 -0.10343 0.22346 0.74158 -0.37551 0.50904
1403638572.5778295994 4.83255 -1.31978 -0.10691 0.23442 0.73771 -0.38413 0.50327
1403638572.6778295040 4.76249 -1.42473 -0.10923 0.24032 0.73588 -0.38950 0.49902
1403638572.7778294086 4.69517 -1.53436 -0.10346 0.24814 0.73724 -0.38924 0.49335
1403638572.8778295517 4.63193 -1.64702 -0.08971 0.25175 0.73965 -0.38852 0.48846
1403638572.9778294563 4.57244 -1.76279 -0.07110 0.25235 0.74178 -0.38747 0.48575
1403638573.0778295994 4.51740 -1.88157 -0.05680 0.25162 0.74384 -0.38622 0.48398
1403638573.1778295040 4.46657 -2.00310 -0.04914 0.24979 0.74543 -0.38496 0.48347
1403638573.2778294086 4.42089 -2.12668 -0.04276 0.24811 0.74684 -0.38293 0.48377
1403638573.3778295517 4.37783 -2.25475 -0.03619 0.24725 0.74762 -0.38196 0.48377
1403638573.4778294563 4.34334 -2.38405 -0.02507 0.25033 0.74774 -0.38208 0.48191
1403638573.5778295994 4.31242 -2.51829 -0.00712 0.25198 0.74765 -0.38232 0.48100
1403638573.6778295040 4.28754 -2.65276 0.01815 0.25486 0.74799 -0.38286 0.47852
1403638573.7778294086 4.26788 -2.78965 0.04800 0.26170 0.74437 -0.38626 0.47774
1403638573.8778295517 4.25439 -2.92848 0.07712 0.27522 0.73410 -0.39185 0.48146
1403638573.9778294563 4.24657 -3.06657 0.10085 0.28687 0.71870 -0.40539 0.48665
1403638574.0778295994 4.24166 -3.20130 0.11741 0.29252 0.69847 -0.42700 0.49421
1403638574.1778295040 4.23717 -3.33125 0.12791 0.29844 0.67633 -0.45108 0.50004
1403638574.2778294086 4.23074 -3.45654 0.13314 0.30786 0.65770 -0.47342 0.49851
1403638574.3778295517 4.21617 -3.57959 0.13465 0.32032 0.64444 -0.49334 0.48857
1403638574.4778294563 4.19426 -3.70076 0.13284 0.33384 0.63289 -0.51133 0.47597
1403638574.5778295994 4.16746 -3.81796 0.13467 0.34430 0.62228 -0.52545 0.46705
1403638574.6778295040 4.13660 -3.93368 0.14492 0.35620 0.61593 -0.53249 0.45849
1403638574.7778294086 4.10463 -4.04899 0.16134 0.36704 0.61579 -0.53496 0.44711
1403638574.8778295517 4.07303 -4.16284 0.18142 0.36843 0.61793 -0.53927 0.43773
1403638574.9778294563 4.04059 -4.27251 0.19661 0.36705 0.62036 -0.54245 0.43147
1403638575.0778295994 4.00807 -4.37986 0.20470 0.35946 0.61906 -0.54775 0.43304
1403638575.1778295040 3.97436 -4.48690 0.20683 0.35353 0.61645 -0.55101 0.43748
1403638575.2778294086 3.93842 -4.59672 0.20693 0.35005 0.61520 -0.55182 0.44102
1403638575.3778295517 3.89885 -4.70701 0.20089 0.34686 0.61861 -0.55173 0.43886
1403638575.4778294563 3.85713 -4.81982 0.19225 0.34505 0.62413 -0.55003 0.43458
1403638575.5778295994 3.81225 -4.93554 0.18237 0.34417 0.62920 -0.54741 0.43127
1403638575.6778295040 3.76588 -5.05705 0.17945 0.34768 0.63556 -0.54204 0.42588
1403638575.7778294086 3.71917 -5.18246 0.18493 0.34869 0.64214 -0.53892 0.41909
1403638575.8778295517 3.67513 -5.31028 0.19979 0.34861 0.64638 -0.53675 0.41541
1403638575.9778294563 3.63546 -5.44045 0.22555 0.34810 0.64673 -0.53595 0.41632
1403638576.0778295994 3.59884 -5.57591 0.25827 0.34875 0.64735 -0.53452 0.41666
1403638576.1778295040 3.56479 -5.71897 0.29598 0.34954 0.64578 -0.53406 0.41901
1403638576.2778294086 3.53443 -5.86534 0.33062 0.35358 0.64632 -0.53148 0.41807
1403638576.3778295517 3.50757 -6.01600 0.35881 0.35814 0.64787 -0.52847 0.41560
1403638576.4778294563 3.48607 -6.16947 0.38141 0.36198 0.65048 -0.52592 0.41140
1403638576.5778295994 3.47103 -6.32592 0.39877 0.36659 0.65456 -0.52298 0.40455
1403638576.6778295040 3.46368 -6.48418 0.41166 0.36976 0.65602 -0.52076 0.40215
1403638576.7778294086 3.46495 -6.64589 0.42032 0.37460 0.65364 -0.51710 0.40625
1403638576.8778295517 3.47324 -6.80827 0.42405 0.37721 0.64865 -0.51536 0.41396
1403638576.9778294563 3.48849 -6.97043 0.42313 0.37510 0.64231 -0.51720 0.42338
1403638577.0778295994 3.50923 -7.12987 0.42154 0.37074 0.63856 -0.52062 0.42865
1403638577.1778295040 3.53366 -7.28751 0.42749 0.36784 0.63580 -0.52276 0.43263
1403638577.2778294086 3.56099 -7.44234 0.43933 0.36819 0.63634 -0.52249 0.43186
1403638577.3778295517 3.59075 -7.59756 0.46003 0.37486 0.64055 -0.51751 0.42586
1403638577.4778294563 3.62464 -7.75012 0.48614 0.37923 0.64300 -0.51422 0.42228
1403638577.5778295994 3.66382 -7.90166 0.50855 0.37625 0.64303 -0.51597 0.42276
1403638577.6778295040 3.70783 -8.05024 0.52514 0.37286 0.64201 -0.51808 0.42473
1403638577.7778294086 3.75527 -8.19674 0.53384 0.37011 0.64155 -0.51961 0.42596
1403638577.8778295517 3.80717 -8.34267 0.53770 0.36978 0.64176 -0.51935 0.42625
1403638577.9778294563 3.86214 -8.48384 0.53798 0.37059 0.64228 -0.51794 0.42647
1403638578.0778295994 3.92217 -8.62894 0.54556 0.36947 0.64154 -0.51789 0.42861
1403638578.1778295040 3.98563 -8.76779 0.55857 0.36485 0.63855 -0.52035 0.43402
1403638578.2778294086 4.05046 -8.90785 0.57773 0.35632 0.63373 -0.52593 0.44139
1403638578.3778295517 4.11420 -9.04800 0.59689 0.35424 0.63139 -0.52758 0.44443
1403638578.4778294563 4.17567 -9.18621 0.60979 0.35441 0.63099 -0.52798 0.44439
1403638578.5778295994 4.23491 -9.32162 0.61809 0.35444 0.63043 -0.52867 0.44435
1403638578.6778295040 4.29287 -9.45969 0.62199 0.35689 0.63030 -0.52751 0.44394
1403638578.7778294086 4.34779 -9.59091 0.62338 0.36225 0.63282 -0.52408 0.44005
1403638578.8778295517 4.40500 -9.72574 0.62018 0.36738 0.63561 -0.52043 0.43610
1403638578.9778294563 4.46297 -9.85034 0.61690 0.36991 0.63693 -0.51833 0.43453
1403638579.0778295994 4.52423 -9.98227 0.62201 0.37034 0.63763 -0.51729 0.43438
1403638579.1778295040 4.58582 -10.10320 0.63480 0.37088 0.63770 -0.51638 0.43490
1403638579.2778294086 4.65303 -10.23004 0.65362 0.36865 0.63676 -0.51747 0.43688
1403638579.3778295517 4.71889 -10.34269 0.67275 0.36294 0.63359 -0.52117 0.44184
1403638579.4778294563 4.78780 -10.46589 0.69004 0.35713 0.62938 -0.52510 0.44788
1403638579.5778295994 4.85317 -10.57565 0.69951 0.35588 0.62685 -0.52241 0.45552
1403638579.6778295040 4.91690 -10.68498 0.70453 0.35795 0.62743 -0.51026 0.46672
1403638579.7778294086 4.97977 -10.79188 0.70423 0.35630 0.63788 -0.49124 0.47418
1403638579.8778295517 5.04140 -10.89286 0.69699 0.34562 0.65787 -0.46997 0.47633
1403638579.9778294563 5.10269 -10.98814 0.68463 0.32840 0.67790 -0.44487 0.48446
1403638580.0778295994 5.16482 -11.07923 0.67094 0.31380 0.69234 -0.41036 0.50379
1403638580.1778295040 5.22803 -11.16237 0.65373 0.29380 0.70649 -0.37348 0.52447
1403638580.2778294086 5.28583 -11.23058 0.63140 0.26733 0.72334 -0.33865 0.53910
1403638580.3778295517 5.34127 -11.29380 0.60309 0.23701 0.73946 -0.31235 0.54723
1403638580.4778294563 5.39030 -11.35194 0.57022 0.21084 0.75101 -0.29586 0.55136
1403638580.5778295994 5.43568 -11.40922 0.53615 0.19327 0.75828 -0.28251 0.55484
1403638580.6778295040 5.47754 -11.46456 0.50249 0.17791 0.76835 -0.26787 0.55339
1403638580.7778294086 5.51599 -11.51942 0.47564 0.16752 0.77844 -0.25284 0.54959
1403638580.8778295517 5.55144 -11.57419 0.45734 0.16273 0.78535 -0.24194 0.54609
1403638580.9778294563 5.58846 -11.62911 0.45050 0.15687 0.78683 -0.23846 0.54720
1403638581.0778295994 5.62360 -11.68035 0.45312 0.15573 0.78785 -0.23669 0.54683
1403638581.1778295040 5.65560 -11.72978 0.46314 0.15830 0.78778 -0.23514 0.54685
1403638581.2778294086 5.68545 -11.77626 0.47457 0.16239 0.78786 -0.23486 0.54566
1403638581.3778295517 5.71612 -11.81549 0.49267 0.16588 0.78661 -0.23612 0.54587
1403638581.4778294563 5.74379 -11.85647 0.50632 0.16860 0.78449 -0.23779 0.54736
1403638581.5778295994 5.76778 -11.87878 0.53949 0.17195 0.78389 -0.23998 0.54623
1403638581.6778295040 5.79537 -11.91151 0.56058 0.17705 0.77978 -0.23994 0.55048
1403638581.7778294086 5.81604 -11.92281 0.58793 0.17943 0.77613 -0.24170 0.55409
1403638581.8778295517 5.84084 -11.94041 0.60312 0.18255 0.77302 -0.24181 0.55735
1403638581.9778294563 5.86922 -11.96670 0.60782 0.18636 0.76549 -0.24017 0.56712
1403638582.0778295994 5.89633 -11.98655 0.61547 0.18520 0.76727 -0.24202 0.56428
1403638582.1778295040 5.92308 -12.00571 0.62939 0.18122 0.77466 -0.24532 0.55396
1403638582.2778294086 5.94655 -12.02044 0.65255 0.18164 0.77768 -0.24531 0.54959
1403638582.3778295517 5.97584 -12.03769 0.68768 0.18413 0.77444 -0.24312 0.55428
1403638582.4778294563 5.99936 -12.04595 0.72945 0.18623 0.77326 -0.24152 0.55593
1403638582.5778295994 6.02223 -12.04966 0.78365 0.18727 0.77266 -0.24045 0.55687
1403638582.6778295040 6.04940 -12.05857 0.84247 0.18700 0.77375 -0.24068 0.55535
1403638582.7778294086 6.07104 -12.05352 0.91456 0.18528 0.77531 -0.24248 0.55296
1403638582.8778295517 6.09185 -12.04533 0.98725 0.18574 0.77662 -0.24304 0.55072
1403638582.9778294563 6.11183 -12.03265 1.05341 0.18461 0.77882 -0.24465 0.54727
1403638583.0778295994 6.13101 -12.01690 1.11178 0.18371 0.78132 -0.24635 0.54324
1403638583.1778295040 6.15087 -11.99928 1.16224 0.18370 0.78290 -0.24708 0.54062
1403638583.2778294086 6.17305 -11.98101 1.20656 0.18245 0.78349 -0.24837 0.53960
1403638583.3778295517 6.20130 -11.96596 1.23614 0.18287 0.78317 -0.24789 0.54015
1403638583.4778294563 6.22942 -11.94419 1.27442 0.18308 0.78386 -0.24801 0.53901
1403638583.5778295994 6.25823 -11.92242 1.31782 0.18322 0.78384 -0.24791 0.53905
1403638583.6778295040 6.28804 -11.89850 1.36874 0.18492 0.78413 -0.24669 0.53860
1403638583.7778294086 6.31971 -11.87259 1.42032 0.18465 0.78383 -0.24671 0.53912
1403638583.8778295517 6.35392 -11.83667 1.43845 0.18546 0.78296 -0.24624 0.54032
1403638583.9778294563 6.39265 -11.80562 1.47618 0.18592 0.78298 -0.24597 0.54026
1403638584.0778295994 6.42751 -11.77186 1.50695 0.18882 0.77955 -0.24376 0.54519
1403638584.1778295040 6.46628 -11.74302 1.51220 0.19285 0.77061 -0.24032 0.55787
1403638584.2778294086 6.50039 -11.70159 1.53673 0.19504 0.76160 -0.23804 0.57031
1403638584.3778295517 6.52806 -11.65861 1.52589 0.19659 0.75883 -0.23675 0.57400
1403638584.4778294563 6.54357 -11.60196 1.51087 0.19732 0.75873 -0.23605 0.57418
1403638584.5778295994 6.55933 -11.54095 1.51435 0.19696 0.75893 -0.23613 0.57400
1403638584.6778295040 6.57174 -11.47424 1.52491 0.19467 0.76074 -0.23745 0.57184
1403638584.7778294086 6.56776 -11.40030 1.51498 0.19091 0.76755 -0.23964 0.56302
1403638584.8778295517 6.57556 -11.32245 1.54122 0.18461 0.77522 -0.24423 0.55255
1403638584.9778294563 6.56392 -11.24272 1.53171 0.18258 0.77877 -0.24610 0.54737
1403638585.0778295994 6.55794 -11.16032 1.52352 0.18216 0.78000 -0.24670 0.54549
1403638585.1778295040 6.56215 -11.07998 1.53055 0.17975 0.77983 -0.24832 0.54579
1403638585.2778294086 6.54840 -11.00405 1.50502 0.18063 0.77796 -0.24742 0.54858
1403638585.3778295517 6.55147 -10.92367 1.49867 0.18118 0.77589 -0.24671 0.55163
1403638585.4778294563 6.54167 -10.84958 1.48288 0.18086 0.77615 -0.24677 0.55135
1403638585.5778295994 6.54435 -10.76918 1.48125 0.17997 0.77799 -0.24689 0.54899
1403638585.6778295040 6.54073 -10.69223 1.48252 0.17977 0.78056 -0.24673 0.54547
1403638585.7778294086 6.54534 -10.60956 1.49737 0.17661 0.78559 -0.24886 0.53826
1403638585.8778295517 6.54515 -10.53044 1.51986 0.17401 0.78941 -0.25065 0.53266
1403638585.9778294563 6.55048 -10.45266 1.55208 0.17215 0.78930 -0.25264 0.53249
1403638586.0778295994 6.55767 -10.37714 1.58665 0.17402 0.78514 -0.25192 0.53834
1403638586.1778295040 6.57420 -10.30123 1.61299 0.17589 0.78233 -0.25146 0.54202
1403638586.2778294086 6.58135 -10.22440 1.63529 0.17811 0.77970 -0.25029 0.54563
1403638586.3778295517 6.59724 -10.14945 1.65154 0.18396 0.77662 -0.24671 0.54969
1403638586.4778294563 6.60091 -10.06650 1.66303 0.19199 0.77485 -0.24172 0.55164
1403638586.5778295994 6.61411 -9.98690 1.66783 0.19422 0.77414 -0.24056 0.55238
1403638586.6778295040 6.61671 -9.89752 1.66566 0.19135 0.77493 -0.24268 0.55134
1403638586.7778294086 6.62962 -9.81473 1.65763 0.18726 0.77460 -0.24540 0.55200
1403638586.8778295517 6.63290 -9.72630 1.64450 0.18502 0.77346 -0.24625 0.55398
1403638586.9778294563 6.64255 -9.64017 1.62597 0.18523 0.77321 -0.24599 0.55437
1403638587.0778295994 6.64417 -9.55070 1.60629 0.18442 0.77299 -0.24646 0.55473
1403638587.1778295040 6.65179 -9.46013 1.59097 0.18398 0.77421 -0.24643 0.55320
1403638587.2778294086 6.65516 -9.36684 1.58343 0.18324 0.77587 -0.24657 0.55105
1403638587.3778295517 6.65972 -9.27356 1.58247 0.18263 0.77748 -0.24691 0.54883
1403638587.4778294563 6.66435 -9.17875 1.58306 0.18081 0.77755 -0.24868 0.54853
1403638587.5778295994 6.66924 -9.08174 1.58395 0.18002 0.77760 -0.24967 0.54827
1403638587.6778295040 6.67709 -8.98840 1.57620 0.17984 0.77719 -0.25020 0.54867
1403638587.7778294086 6.68230 -8.89374 1.56492 0.17979 0.77681 -0.25062 0.54903
1403638587.8778295517 6.69028 -8.80238 1.54791 0.17894 0.77644 -0.25147 0.54944
1403638587.9778294563 6.69479 -8.70773 1.52858 0.17873 0.77604 -0.25197 0.54984
1403638588.0778295994 6.70152 -8.62112 1.50322 0.17977 0.77562 -0.25080 0.55064
1403638588.1778295040 6.70377 -8.52976 1.47552 0.18637 0.77641 -0.24640 0.54930
1403638588.2778294086 6.70800 -8.44274 1.44691 0.18909 0.77724 -0.24391 0.54832
1403638588.3778295517 6.71142 -8.34652 1.42675 0.18973 0.77759 -0.24320 0.54792
1403638588.4778294563 6.71802 -8.25248 1.41332 0.18796 0.77755 -0.24420 0.54814
1403638588.5778295994 6.72162 -8.15053 1.40925 0.18554 0.77683 -0.24584 0.54925
1403638588.6778295040 6.72408 -8.05042 1.41215 0.18313 0.77607 -0.24712 0.55056
1403638588.7778294086 6.72619 -7.94452 1.42227 0.18162 0.77456 -0.24853 0.55254
1403638588.8778295517 6.72900 -7.84463 1.42867 0.17912 0.77403 -0.25082 0.55306
1403638588.9778294563 6.72818 -7.74144 1.42788 0.17939 0.77396 -0.25110 0.55295
1403638589.0778295994 6.72889 -7.64333 1.42033 0.17980 0.77422 -0.25137 0.55233
1403638589.1778295040 6.72674 -7.53715 1.40500 0.18143 0.77397 -0.25069 0.55245
1403638589.2778294086 6.72716 -7.43784 1.38911 0.18111 0.77299 -0.25083 0.55387
1403638589.3778295517 6.72239 -7.33130 1.36920 0.18132 0.77279 -0.25065 0.55417
1403638589.4778294563 6.72046 -7.23069 1.35684 0.18097 0.77367 -0.25126 0.55276
1403638589.5778295994 6.71281 -7.12384 1.34798 0.18031 0.77362 -0.25166 0.55287
1403638589.6778295040 6.71232 -7.02583 1.35095 0.17989 0.77427 -0.25170 0.55208
1403638589.7778294086 6.70446 -6.92131 1.35797 0.18027 0.77582 -0.25209 0.54960
1403638589.8778295517 6.69864 -6.82663 1.37021 0.18022 0.77642 -0.25303 0.54833
1403638589.9778294563 6.69026 -6.72237 1.36951 0.18062 0.77641 -0.25350 0.54800
1403638590.0778295994 6.68249 -6.62817 1.37098 0.18016 0.77642 -0.25425 0.54779
1403638590.1778295040 6.67401 -6.52448 1.36166 0.18080 0.77535 -0.25457 0.54894
1403638590.2778294086 6.66728 -6.43671 1.35487 0.18037 0.77467 -0.25512 0.54978
1403638590.3778295517 6.65769 -6.33519 1.33758 0.18062 0.77497 -0.25556 0.54908
1403638590.4778294563 6.64990 -6.23993 1.32105 0.18064 0.77560 -0.25580 0.54807
1403638590.5778295994 6.63835 -6.14069 1.30283 0.17958 0.77667 -0.25648 0.54658
1403638590.6778295040 6.62975 -6.04599 1.29338 0.17764 0.77841 -0.25745 0.54428
1403638590.7778294086 6.61931 -5.94996 1.29224 0.17688 0.77922 -0.25791 0.54316
1403638590.8778295517 6.61012 -5.85939 1.29781 0.17702 0.78009 -0.25785 0.54189
1403638590.9778294563 6.60077 -5.76501 1.31057 0.17573 0.78066 -0.25874 0.54105
1403638591.0778295994 6.58900 -5.67236 1.32596 0.17431 0.78154 -0.26009 0.53959
1403638591.1778295040 6.58160 -5.57930 1.33646 0.17344 0.78574 -0.26129 0.53317
1403638591.2778294086 6.57294 -5.48551 1.33762 0.17099 0.79157 -0.26344 0.52420
1403638591.3778295517 6.56963 -5.40139 1.33516 0.16767 0.79586 -0.26596 0.51745
1403638591.4778294563 6.57278 -5.32465 1.32806 0.16500 0.79859 -0.26808 0.51300
1403638591.5778295994 6.58222 -5.25474 1.31516 0.16229 0.80133 -0.27034 0.50838
1403638591.6778295040 6.59784 -5.19388 1.29843 0.16092 0.80159 -0.27146 0.50780
1403638591.7778294086 6.62034 -5.14316 1.28194 0.16261 0.79974 -0.27040 0.51074
1403638591.8778295517 6.65104 -5.10506 1.26717 0.16347 0.79747 -0.26953 0.51447
1403638591.9778294563 6.68693 -5.07661 1.26020 0.16408 0.79489 -0.26875 0.51865
1403638592.0778295994 6.72723 -5.05740 1.26178 0.16435 0.79238 -0.26759 0.52299
1403638592.1778295040 6.77244 -5.03738 1.27270 0.16230 0.78955 -0.26574 0.52883
1403638592.2778294086 6.81983 -5.03203 1.29554 0.15705 0.78410 -0.26033 0.54106
1403638592.3778295517 6.86709 -5.02429 1.32742 0.14796 0.78151 -0.25147 0.55147
1403638592.4778294563 6.91265 -5.01513 1.36632 0.13618 0.78396 -0.23761 0.55714
1403638592.5778295994 6.95481 -5.01005 1.41077 0.12840 0.79129 -0.22336 0.55451
1403638592.6778295040 6.99443 -5.00853 1.46078 0.12183 0.79872 -0.21205 0.54976
1403638592.7778294086 7.03324 -5.01103 1.50976 0.11669 0.80577 -0.20445 0.54343
1403638592.8778295517 7.07225 -5.01728 1.55361 0.11260 0.81080 -0.19975 0.53855
1403638592.9778294563 7.11344 -5.02635 1.59233 0.11192 0.81330 -0.19603 0.53627
1403638593.0778295994 7.15932 -5.04133 1.62453 0.11086 0.81405 -0.19471 0.53583
1403638593.1778295040 7.20858 -5.05950 1.65933 0.11095 0.81235 -0.19379 0.53872
1403638593.2778294086 7.26293 -5.08302 1.69814 0.11767 0.80908 -0.18999 0.54355
1403638593.3778295517 7.31848 -5.10786 1.74445 0.12665 0.80568 -0.18488 0.54833
1403638593.4778294563 7.37379 -5.13200 1.78796 0.13483 0.80104 -0.18094 0.55446
1403638593.5778295994 7.43070 -5.15402 1.82477 0.13941 0.79818 -0.17966 0.55785
1403638593.6778295040 7.48852 -5.17247 1.85506 0.14211 0.79696 -0.17937 0.55901
1403638593.7778294086 7.54630 -5.18717 1.88008 0.14342 0.79362 -0.17970 0.56329
1403638593.8778295517 7.60297 -5.19796 1.90425 0.13910 0.78320 -0.17978 0.57873
1403638593.9778294563 7.65465 -5.20256 1.93396 0.13255 0.77979 -0.17669 0.58578
1403638594.0778295994 7.69912 -5.20399 1.96653 0.12430 0.78535 -0.17467 0.58075
1403638594.1778295040 7.73787 -5.20372 2.00378 0.12214 0.79147 -0.17005 0.57424
1403638594.2778294086 7.77289 -5.20203 2.03971 0.12254 0.79389 -0.16526 0.57220
1403638594.3778295517 7.80394 -5.19731 2.07086 0.12503 0.79291 -0.16037 0.57441
1403638594.4778294563 7.82963 -5.18865 2.10788 0.12874 0.79157 -0.15493 0.57693
1403638594.5778295994 7.85319 -5.17551 2.14777 0.12317 0.79185 -0.15685 0.57723
1403638594.6778295040 7.86951 -5.15799 2.19673 0.11754 0.79241 -0.16008 0.57676
1403638594.7778294086 7.88637 -5.14064 2.23881 0.11542 0.79313 -0.16211 0.57562
1403638594.8778295517 7.89372 -5.11967 2.27810 0.11417 0.79314 -0.16380 0.57538
1403638594.9778294563 7.90512 -5.09946 2.30642 0.11533 0.79498 -0.16433 0.57246
1403638595.0778295994 7.91407 -5.07766 2.32953 0.11404 0.79615 -0.16615 0.57055
1403638595.1778295040 7.92170 -5.05562 2.34677 0.11396 0.79663 -0.16741 0.56953
1403638595.2778294086 7.92805 -5.03342 2.35824 0.11457 0.79707 -0.16771 0.56871
1403638595.3778295517 7.92512 -5.00551 2.37003 0.11452 0.79668 -0.16849 0.56903
1403638595.4778294563 7.92736 -4.98323 2.36880 0.11462 0.79702 -0.16872 0.56847
1403638595.5778295994 7.92811 -4.96027 2.36660 0.11471 0.79781 -0.16844 0.56742
1403638595.6778295040 7.92699 -4.93649 2.36934 0.11715 0.79786 -0.16678 0.56735
1403638595.7778294086 7.92490 -4.91072 2.37686 0.12149 0.79883 -0.16385 0.56592
1403638595.8778295517 7.92334 -4.88349 2.38189 0.12283 0.79923 -0.16322 0.56524
1403638595.9778294563 7.92133 -4.85561 2.37330 0.12526 0.79895 -0.16179 0.56551
1403638596.0778295994 7.91469 -4.82250 2.35698 0.13281 0.79965 -0.15696 0.56417
1403638596.1778295040 7.91269 -4.78900 2.33617 0.14411 0.80111 -0.14908 0.56146
1403638596.2778294086 7.91127 -4.74726 2.32226 0.15587 0.80284 -0.14043 0.55807
1403638596.3778295517 7.90850 -4.69420 2.31952 0.16527 0.80298 -0.13292 0.55700
1403638596.4778294563 7.91135 -4.63283 2.32250 0.17080 0.80267 -0.12810 0.55690
1403638596.5778295994 7.91784 -4.55881 2.33662 0.17759 0.80344 -0.12271 0.55487
1403638596.6778295040 7.92938 -4.47051 2.35640 0.18523 0.80371 -0.11670 0.55328
1403638596.7778294086 7.94716 -4.36592 2.38361 0.18916 0.80383 -0.11333 0.55248
1403638596.8778295517 7.97121 -4.24580 2.41969 0.19277 0.80321 -0.11052 0.55270
1403638596.9778294563 7.99738 -4.10784 2.45514 0.19457 0.80194 -0.10960 0.55410
1403638597.0778295994 8.02904 -3.95675 2.48775 0.19735 0.80108 -0.10858 0.55456
1403638597.1778295040 8.06390 -3.79100 2.51446 0.19965 0.79926 -0.10834 0.55640
1403638597.2778294086 8.10148 -3.60727 2.53409 0.19719 0.79658 -0.11142 0.56050
1403638597.3778295517 8.14211 -3.40937 2.54695 0.19238 0.79486 -0.11626 0.56363
1403638597.4778294563 8.18450 -3.19656 2.55763 0.18373 0.79163 -0.12331 0.56953
1403638597.5778295994 8.22590 -2.97190 2.56328 0.17096 0.78704 -0.13286 0.57766
1403638597.6778295040 8.26458 -2.73844 2.56426 0.16655 0.78472 -0.13691 0.58115
1403638597.7778294086 8.29974 -2.49742 2.56003 0.17074 0.78649 -0.13181 0.57872
1403638597.8778295517 8.33231 -2.24805 2.55123 0.17495 0.78907 -0.12046 0.57642
1403638597.9778294563 8.36259 -1.98923 2.53928 0.17607 0.79069 -0.11130 0.57569
1403638598.0778295994 8.39409 -1.71907 2.53178 0.16922 0.79090 -0.10878 0.57794
1403638598.1778295040 8.42349 -1.43736 2.53038 0.14759 0.79245 -0.11796 0.57993
1403638598.2778294086 8.45021 -1.14950 2.53358 0.13015 0.79441 -0.12640 0.57966
1403638598.3778295517 8.47616 -0.86084 2.53487 0.11925 0.79625 -0.13170 0.57829
1403638598.4778294563 8.50168 -0.57342 2.53016 0.11506 0.79859 -0.13346 0.57550
1403638598.5778295994 8.52489 -0.28708 2.51746 0.11016 0.80063 -0.13147 0.57408
1403638598.6778295040 8.54635 -0.00296 2.49925 0.10585 0.80301 -0.12293 0.57347
1403638598.7778294086 8.56586 0.27838 2.48226 0.09744 0.80527 -0.11207 0.57401
1403638598.8778295517 8.58281 0.55708 2.47192 0.08820 0.80637 -0.09758 0.57660
1403638598.9778294563 8.59616 0.83270 2.46488 0.07824 0.80892 -0.08113 0.57701
1403638599.0778295994 8.60842 1.10692 2.46214 0.06615 0.81040 -0.06440 0.57855
1403638599.1778295040 8.61852 1.37960 2.46515 0.05414 0.81180 -0.04670 0.57955
1403638599.2778294086 8.62551 1.64928 2.47242 0.04312 0.81383 -0.02761 0.57885
1403638599.3778295517 8.63047 1.91699 2.48705 0.03059 0.81710 -0.01021 0.57559
1403638599.4778294563 8.63310 2.18310 2.50680 0.02148 0.81929 0.00324 0.57297
1403638599.5778295994 8.63493 2.44815 2.52500 0.01595 0.82160 0.01184 0.56971
1403638599.6778295040 8.63643 2.71255 2.53467 0.01233 0.82307 0.01652 0.56756
1403638599.7778294086 8.63929 2.97602 2.53585 0.01110 0.82319 0.01762 0.56738
1403638599.8778295517 8.64534 3.23730 2.53040 0.00920 0.82451 0.01520 0.56558
1403638599.9778294563 8.65338 3.49754 2.52088 0.00547 0.82471 0.00961 0.56544
1403638600.0778295994 8.66584 3.75508 2.50750 -0.00086 0.82587 0.00181 0.56385
1403638600.1778295040 8.68145 4.00610 2.49038 -0.01290 0.82762 -0.00993 0.56105
1403638600.2778294086 8.69886 4.25046 2.46752 -0.02279 0.82974 -0.02060 0.55731
1403638600.3778295517 8.72038 4.48432 2.44356 -0.03030 0.83116 -0.02922 0.55443
1403638600.4778294563 8.74634 4.70433 2.42650 -0.03648 0.83233 -0.03571 0.55192
1403638600.5778295994 8.77787 4.90874 2.42020 -0.03439 0.83292 -0.03636 0.55113
1403638600.6778295040 8.81321 5.09816 2.42158 -0.03720 0.83442 -0.03934 0.54846
1403638600.7778294086 8.85388 5.27403 2.42981 -0.03685 0.83815 -0.03916 0.54279
1403638600.8778295517 8.90201 5.43393 2.44343 -0.02589 0.84197 -0.03032 0.53805
1403638600.9778294563 8.95575 5.58244 2.45395 -0.00915 0.84409 -0.01681 0.53586
1403638601.0778295994 9.01595 5.72191 2.45927 -0.00006 0.84449 -0.00874 0.53550
1403638601.1778295040 9.08391 5.85671 2.46026 0.00779 0.84311 -0.00229 0.53767
1403638601.2778294086 9.15963 5.99121 2.45762 0.01718 0.83672 0.00523 0.54734
1403638601.3778295517 9.24061 6.12650 2.45379 0.01441 0.83166 0.00909 0.55502
1403638601.4778294563 9.32510 6.26562 2.45375 0.00134 0.82726 0.01376 0.56165
1403638601.5778295994 9.41031 6.40519 2.46180 -0.00945 0.82247 0.02807 0.56804
1403638601.6778295040 9.49608 6.54423 2.47493 -0.02063 0.81987 0.04815 0.57014
1403638601.7778294086 9.58011 6.68319 2.49512 -0.03322 0.81698 0.07366 0.57097
1403638601.8778295517 9.66167 6.82232 2.52357 -0.04709 0.81196 0.10273 0.57267
1403638601.9778294563 9.73968 6.96403 2.55315 -0.06190 0.80880 0.12614 0.57105
1403638602.0778295994 9.81531 7.10672 2.57677 -0.07339 0.80715 0.14309 0.56802
1403638602.1778295040 9.88690 7.25105 2.59406 -0.07927 0.80245 0.15874 0.56974
1403638602.2778294086 9.95396 7.39743 2.60670 -0.08685 0.79542 0.17618 0.57334
1403638602.3778295517 10.01645 7.54798 2.61941 -0.10930 0.78438 0.18867 0.58069
1403638602.4778294563 10.07134 7.69936 2.64250 -0.14419 0.76240 0.19500 0.59994
1403638602.5778295994 10.11456 7.84355 2.67325 -0.17936 0.74081 0.19984 0.61571
1403638602.6778295040 10.14434 7.97372 2.70925 -0.19999 0.73058 0.21318 0.61710
1403638602.7778294086 10.15715 8.08709 2.75003 -0.21094 0.72628 0.23276 0.61143
1403638602.8778295517 10.15061 8.18137 2.79497 -0.22197 0.72290 0.25234 0.60371
1403638602.9778294563 10.12915 8.26088 2.84251 -0.24149 0.72306 0.26765 0.58926
1403638603.0778295994 10.09981 8.32807 2.88706 -0.26021 0.71812 0.28225 0.58046
1403638603.1778295040 10.06541 8.38197 2.92501 -0.27232 0.71086 0.29651 0.57672
1403638603.2778294086 10.02415 8.42065 2.95064 -0.27046 0.71827 0.31358 0.55911
1403638603.3778295517 9.97791 8.44752 2.96676 -0.26358 0.73104 0.32792 0.53719
1403638603.4778294563 9.93016 8.46891 2.97839 -0.26002 0.73943 0.33503 0.52287
1403638603.5778295994 9.88421 8.48873 2.98747 -0.26125 0.73729 0.33924 0.52256
1403638603.6778295040 9.83661 8.50614 2.99229 -0.26327 0.72961 0.34155 0.53076
1403638603.7778294086 9.79034 8.51718 2.98864 -0.25699 0.72096 0.34785 0.54145
1403638603.8778295517 9.73596 8.52330 2.97998 -0.25031 0.71330 0.35275 0.55147
1403638603.9778294563 9.67508 8.52798 2.96566 -0.24519 0.70654 0.35548 0.56064
1403638604.0778295994 9.60774 8.52929 2.94424 -0.23915 0.70310 0.35814 0.56586
1403638604.1778295040 9.52839 8.53125 2.92756 -0.23784 0.70256 0.35892 0.56658
1403638604.2778294086 9.43945 8.52520 2.91808 -0.24423 0.70654 0.35515 0.56127
1403638604.3778295517 9.33855 8.51681 2.91512 -0.24954 0.71427 0.35200 0.55103
1403638604.4778294563 9.23182 8.50317 2.91914 -0.24735 0.72216 0.35358 0.54064
1403638604.5778295994 9.12275 8.48708 2.92881 -0.24538 0.72683 0.35487 0.53439
1403638604.6778295040 9.01097 8.46956 2.93390 -0.24800 0.73010 0.35325 0.52978
1403638604.7778294086 8.89857 8.45059 2.93392 -0.25208 0.73212 0.35056 0.52685
1403638604.8778295517 8.78741 8.42893 2.93367 -0.25311 0.73532 0.34992 0.52229
1403638604.9778294563 8.67711 8.40502 2.93672 -0.25063 0.74133 0.35171 0.51372
1403638605.0778295994 8.56843 8.37909 2.94773 -0.24804 0.74777 0.35367 0.50423
1403638605.1778295040 8.46499 8.35436 2.96728 -0.24554 0.75171 0.35570 0.49811
1403638605.2778294086 8.36767 8.33607 2.98831 -0.24170 0.75254 0.35841 0.49680
1403638605.3778295517 8.27346 8.32270 3.00393 -0.23561 0.74788 0.36265 0.50364
1403638605.4778294563 8.18262 8.31531 3.01606 -0.22835 0.73781 0.36816 0.51764
1403638605.5778295994 8.08797 8.31072 3.01955 -0.22280 0.72947 0.37233 0.52878
1403638605.6778295040 7.99112 8.31037 3.01841 -0.21828 0.72371 0.37560 0.53621
1403638605.7778294086 7.88801 8.31483 3.02085 -0.21669 0.72281 0.37670 0.53730
1403638605.8778295517 7.78067 8.32495 3.03498 -0.21391 0.72276 0.37833 0.53734
1403638605.9778294563 7.66684 8.34302 3.05251 -0.20984 0.72206 0.38024 0.53853
1403638606.0778295994 7.54609 8.36535 3.07069 -0.20723 0.72219 0.38096 0.53886
1403638606.1778295040 7.41835 8.39386 3.07842 -0.20380 0.72200 0.38250 0.53933
1403638606.2778294086 7.28471 8.42819 3.08327 -0.20165 0.72323 0.38285 0.53825
1403638606.3778295517 7.14345 8.46948 3.07567 -0.20719 0.73178 0.37805 0.52787
1403638606.4778294563 6.99730 8.51544 3.06358 -0.21531 0.74201 0.37141 0.51489
1403638606.5778295994 6.85062 8.56661 3.04599 -0.22226 0.75059 0.36681 0.50267
1403638606.6778295040 6.70737 8.62449 3.02449 -0.22774 0.75372 0.36893 0.49389
1403638606.7778294086 6.56870 8.68910 2.99862 -0.23259 0.75360 0.37813 0.48477
1403638606.8778295517 6.43524 8.76033 2.97100 -0.24120 0.74992 0.39079 0.47616
1403638606.9778294563 6.30760 8.84005 2.94846 -0.25215 0.74265 0.40623 0.46890
1403638607.0778295994 6.19020 8.92613 2.93635 -0.26624 0.73386 0.42064 0.46220
1403638607.1778295040 6.08116 9.01966 2.93201 -0.28271 0.72413 0.42766 0.46132
1403638607.2778294086 5.97818 9.11760 2.92732 -0.29655 0.71059 0.43199 0.46958
1403638607.3778295517 5.87861 9.21725 2.91410 -0.30927 0.70214 0.43200 0.47405
1403638607.4778294563 5.78365 9.31664 2.89181 -0.31509 0.69905 0.43312 0.47376
1403638607.5778295994 5.69324 9.41294 2.86225 -0.31704 0.69801 0.43446 0.47277
1403638607.6778295040 5.60720 9.50614 2.82988 -0.31868 0.69630 0.43446 0.47419
1403638607.7778294086 5.52678 9.59794 2.79470 -0.31708 0.69487 0.43491 0.47694
1403638607.8778295517 5.44817 9.68814 2.75557 -0.31817 0.69713 0.43281 0.47481
1403638607.9778294563 5.37626 9.77510 2.71245 -0.32035 0.70156 0.42944 0.46986
1403638608.0778295994 5.30937 9.86192 2.66512 -0.32104 0.70036 0.42688 0.47351
1403638608.1778295040 5.24659 9.94510 2.61290 -0.31716 0.69736 0.42726 0.48015
1403638608.2778294086 5.18819 10.02292 2.55646 -0.31588 0.69277 0.42657 0.48818
1403638608.3778295517 5.13172 10.09750 2.49528 -0.31616 0.68699 0.42538 0.49713
1403638608.4778294563 5.07444 10.16788 2.42910 -0.31628 0.68690 0.42498 0.49753
1403638608.5778295994 5.01869 10.23246 2.35719 -0.31449 0.68841 0.42567 0.49598
1403638608.6778295040 4.96225 10.29280 2.28891 -0.31999 0.68568 0.42171 0.49961
1403638608.7778294086 4.90562 10.34564 2.22445 -0.32046 0.68581 0.42143 0.49937
1403638608.8778295517 4.84987 10.39191 2.16481 -0.31918 0.68921 0.42279 0.49433
1403638608.9778294563 4.79442 10.43210 2.11404 -0.31829 0.69330 0.42367 0.48840
1403638609.0778295994 4.74101 10.46932 2.06899 -0.31769 0.69603 0.42419 0.48444
1403638609.1778295040 4.68909 10.50218 2.03054 -0.31960 0.69647 0.42282 0.48374
1403638609.2778294086 4.63945 10.53112 1.99170 -0.32755 0.69659 0.41707 0.48324
1403638609.3778295517 4.59459 10.55609 1.94559 -0.32638 0.69684 0.41756 0.48326
1403638609.4778294563 4.55240 10.57794 1.89237 -0.32269 0.69690 0.41969 0.48379
1403638609.5778295994 4.51407 10.59343 1.83331 -0.31924 0.69689 0.42167 0.48439
1403638609.6778295040 4.47741 10.61237 1.76774 -0.31714 0.69593 0.42315 0.48584
1403638609.7778294086 4.44448 10.62280 1.70335 -0.31594 0.69604 0.42391 0.48581
1403638609.8778295517 4.41398 10.63737 1.64475 -0.31643 0.69627 0.42360 0.48543
1403638609.9778294563 4.38558 10.64259 1.59531 -0.31735 0.69580 0.42278 0.48623
1403638610.0778295994 4.36296 10.64821 1.55489 -0.32079 0.69356 0.42026 0.48934
1403638610.1778295040 4.34006 10.64831 1.51795 -0.32189 0.69049 0.41939 0.49367
1403638610.2778294086 4.31810 10.64379 1.47679 -0.32429 0.68922 0.41739 0.49558
1403638610.3778295517 4.29727 10.63390 1.42875 -0.32515 0.68885 0.41673 0.49609
1403638610.4778294563 4.27989 10.61771 1.37663 -0.32541 0.68720 0.41623 0.49862
1403638610.5778295994 4.26004 10.59747 1.31981 -0.32821 0.68199 0.41401 0.50573
1403638610.6778295040 4.23895 10.56894 1.26220 -0.33265 0.67694 0.41080 0.51219
1403638610.7778294086 4.21499 10.53175 1.20673 -0.33020 0.68226 0.41349 0.50450
1403638610.8778295517 4.19108 10.48918 1.15989 -0.32640 0.68861 0.41743 0.49500
1403638610.9778294563 4.16932 10.44251 1.11918 -0.32702 0.68899 0.41769 0.49384
1403638611.0778295994 4.14866 10.39056 1.07723 -0.33018 0.68615 0.41582 0.49726
1403638611.1778295040 4.13061 10.33377 1.03149 -0.33153 0.68520 0.41598 0.49754
1403638611.2778294086 4.11297 10.27024 0.98512 -0.33100 0.68481 0.41694 0.49763
1403638611.3778295517 4.09502 10.19889 0.94295 -0.32461 0.68240 0.42141 0.50136
1403638611.4778294563 4.07162 10.12334 0.90377 -0.31233 0.67816 0.42927 0.50820
1403638611.5778295994 4.04876 10.04681 0.87520 -0.30347 0.67776 0.43452 0.50965
1403638611.6778295040 4.01563 9.96550 0.84851 -0.30171 0.68017 0.43485 0.50719
1403638611.7778294086 3.98131 9.88408 0.82193 -0.30735 0.68597 0.43053 0.49962
1403638611.8778295517 3.94828 9.80290 0.79244 -0.31257 0.69159 0.42615 0.49235
1403638611.9778294563 3.91369 9.72146 0.75805 -0.31521 0.69499 0.42350 0.48813
1403638612.0778295994 3.88116 9.64096 0.72595 -0.31460 0.69696 0.42321 0.48597
1403638612.1778295040 3.85114 9.55788 0.69960 -0.31601 0.69820 0.42164 0.48463
1403638612.2778294086 3.82445 9.47819 0.68310 -0.31652 0.69823 0.42094 0.48486
1403638612.3778295517 3.80067 9.39546 0.67077 -0.31489 0.69778 0.42154 0.48606
1403638612.4778294563 3.77777 9.31091 0.65498 -0.31425 0.69658 0.42080 0.48883
1403638612.5778295994 3.75666 9.22628 0.63376 -0.31135 0.69442 0.42135 0.49326
1403638612.6778295040 3.73501 9.14133 0.60525 -0.30552 0.69251 0.42378 0.49749
1403638612.7778294086 3.71108 9.05499 0.56906 -0.30263 0.69159 0.42360 0.50068
1403638612.8778295517 3.68637 8.97037 0.53600 -0.30280 0.69047 0.42130 0.50405
1403638612.9778294563 3.65555 8.88056 0.50308 -0.30372 0.69107 0.41920 0.50443
1403638613.0778295994 3.62592 8.79657 0.48206 -0.30431 0.69388 0.41803 0.50118
1403638613.1778295040 3.59300 8.71044 0.46812 -0.30383 0.69631 0.41777 0.49831
1403638613.2778294086 3.55687 8.61978 0.45961 -0.30301 0.69676 0.41795 0.49803
1403638613.3778295517 3.52230 8.53429 0.45921 -0.30226 0.69632 0.41845 0.49867
1403638613.4778294563 3.48447 8.44198 0.45520 -0.30292 0.69576 0.41737 0.49996
1403638613.5778295994 3.44800 8.35638 0.44641 -0.30214 0.69707 0.41303 0.50221
1403638613.6778295040 3.41010 8.27069 0.43167 -0.30600 0.69775 0.40630 0.50441
1403638613.7778294086 3.36936 8.17788 0.40878 -0.30982 0.69645 0.39863 0.50997
1403638613.8778295517 3.33074 8.08670 0.37859 -0.30672 0.69867 0.39052 0.51505
1403638613.9778294563 3.28964 7.98471 0.34345 -0.29905 0.70467 0.38059 0.51880
1403638614.0778295994 3.24908 7.88141 0.30515 -0.28708 0.71274 0.36873 0.52310
1403638614.1778295040 3.20671 7.77495 0.26707 -0.27236 0.72300 0.35578 0.52584
1403638614.2778294086 3.16201 7.66368 0.23369 -0.26134 0.73190 0.34225 0.52810
1403638614.3778295517 3.11540 7.55170 0.20569 -0.25273 0.73857 0.33276 0.52907
1403638614.4778294563 3.06820 7.44264 0.18736 -0.24923 0.74329 0.32379 0.52968
1403638614.5778295994 3.02061 7.33094 0.17723 -0.24530 0.74777 0.31541 0.53027
1403638614.6778295040 2.97612 7.22122 0.17504 -0.24222 0.75299 0.30337 0.53132
1403638614.7778294086 2.93507 7.11192 0.18512 -0.24036 0.76290 0.28675 0.52724
1403638614.8778295517 2.89698 7.00186 0.20485 -0.23272 0.77408 0.26915 0.52365
1403638614.9778294563 2.86631 6.89257 0.23198 -0.21953 0.78334 0.24997 0.52507
1403638615.0778295994 2.84237 6.78027 0.26357 -0.20142 0.79074 0.22916 0.53071
1403638615.1778295040 2.82476 6.66604 0.30029 -0.17992 0.79418 0.20702 0.54226
1403638615.2778294086 2.81094 6.54908 0.34044 -0.15485 0.79652 0.18559 0.55419
1403638615.3778295517 2.79759 6.43287 0.37644 -0.13343 0.80016 0.16017 0.56239
1403638615.4778294563 2.78414 6.31468 0.40608 -0.11312 0.80320 0.13427 0.56925
1403638615.5778295994 2.76906 6.19531 0.42818 -0.09601 0.80648 0.10992 0.57297
1403638615.6778295040 2.75286 6.07589 0.44590 -0.08279 0.80854 0.09261 0.57518
1403638615.7778294086 2.73608 5.95957 0.46928 -0.07509 0.80982 0.08015 0.57631
1403638615.8778295517 2.71708 5.84420 0.50022 -0.06988 0.81104 0.06835 0.57677
1403638615.9778294563 2.69823 5.72907 0.52935 -0.06269 0.81259 0.05646 0.57670
1403638616.0778295994 2.67843 5.61278 0.55189 -0.05381 0.81319 0.04423 0.57782
1403638616.1778295040 2.65777 5.49591 0.56144 -0.04406 0.81437 0.03017 0.57789
1403638616.2778294086 2.63675 5.37829 0.55398 -0.03346 0.81534 0.01200 0.57790
1403638616.3778295517 2.61511 5.25813 0.53222 -0.02026 0.81600 -0.00725 0.57765
1403638616.4778294563 2.59289 5.13674 0.50308 -0.00976 0.81647 -0.02512 0.57676
1403638616.5778295994 2.57025 5.01638 0.47049 -0.00044 0.81810 -0.03761 0.57385
1403638616.6778295040 2.54810 4.89660 0.43400 0.00533 0.82270 -0.04726 0.56648
1403638616.7778294086 2.52734 4.77700 0.39301 0.00227 0.83111 -0.05755 0.55311
1403638616.8778295517 2.51231 4.65692 0.35162 -0.00165 0.83682 -0.06434 0.54368
1403638616.9778294563 2.50553 4.53336 0.31882 0.00359 0.83507 -0.06197 0.54663
1403638617.0778295994 2.50504 4.40528 0.29621 0.00923 0.83146 -0.05693 0.55259
1403638617.1778295040 2.50784 4.27477 0.28183 0.01522 0.82863 -0.05003 0.55735
1403638617.2778294086 2.51395 4.14373 0.27205 0.01683 0.83104 -0.04536 0.55411
1403638617.3778295517 2.52426 4.01236 0.26724 0.01639 0.83510 -0.04248 0.54821
1403638617.4778294563 2.54033 3.88399 0.27114 0.01605 0.83789 -0.03925 0.54418
1403638617.5778295994 2.56254 3.75737 0.28323 0.01583 0.83866 -0.03628 0.54322
1403638617.6778295040 2.59192 3.63451 0.30395 0.01690 0.83731 -0.03233 0.54550
1403638617.7778294086 2.62857 3.51680 0.33323 0.01712 0.83574 -0.02963 0.54805
1403638617.8778295517 2.66907 3.40245 0.36935 0.01815 0.83579 -0.02628 0.54813
1403638617.9778294563 2.71493 3.29244 0.40952 0.01616 0.83477 -0.02582 0.54975
1403638618.0778295994 2.76547 3.18473 0.44472 0.01541 0.83443 -0.02451 0.55035
1403638618.1778295040 2.82066 3.08052 0.47359 0.01304 0.83461 -0.02439 0.55015
1403638618.2778294086 2.87905 2.97839 0.49606 0.01352 0.83463 -0.02287 0.55017
1403638618.3778295517 2.94127 2.88088 0.51509 0.01332 0.83392 -0.02182 0.55129
1403638618.4778294563 3.00709 2.78496 0.53111 0.01310 0.83407 -0.02056 0.55112
1403638618.5778295994 3.07676 2.69320 0.54575 0.01426 0.83309 -0.01973 0.55260
1403638618.6778295040 3.15013 2.60182 0.55754 0.01814 0.83296 -0.02283 0.55256
1403638618.7778294086 3.22779 2.51586 0.57409 0.02072 0.83228 -0.02599 0.55336
1403638618.8778295517 3.30911 2.43265 0.59659 0.02375 0.83054 -0.02928 0.55568
1403638618.9778294563 3.39246 2.35269 0.62069 0.02978 0.82641 -0.03817 0.56098
1403638619.0778295994 3.47700 2.27416 0.63769 0.04169 0.82279 -0.05180 0.56444
1403638619.1778295040 3.56169 2.19815 0.64692 0.05528 0.81919 -0.07061 0.56647
1403638619.2778294086 3.64686 2.12517 0.64892 0.06928 0.81519 -0.09466 0.56719
1403638619.3778295517 3.73112 2.05503 0.64164 0.08548 0.81063 -0.11912 0.56691
1403638619.4778294563 3.81481 1.98864 0.63049 0.09606 0.80628 -0.14029 0.56658
1403638619.5778295994 3.89942 1.92507 0.61817 0.10260 0.80255 -0.15599 0.56661
1403638619.6778295040 3.98279 1.86345 0.60295 0.09890 0.79897 -0.17241 0.56757
1403638619.7778294086 4.06360 1.80136 0.58545 0.09530 0.79646 -0.18395 0.56809
1403638619.8778295517 4.14073 1.73704 0.56661 0.09498 0.79430 -0.19039 0.56905
1403638619.9778294563 4.21313 1.67070 0.54264 0.09633 0.79342 -0.19406 0.56881
1403638620.0778295994 4.27946 1.60018 0.52363 0.09845 0.79086 -0.19563 0.57147
1403638620.1778295040 4.34147 1.52730 0.50761 0.10309 0.78781 -0.19453 0.57523
1403638620.2778294086 4.39345 1.45234 0.50157 0.10579 0.78837 -0.19335 0.57436
1403638620.3778295517 4.44150 1.37610 0.50073 0.10852 0.78978 -0.19122 0.57263
1403638620.4778294563 4.48034 1.30009 0.50801 0.10957 0.79091 -0.18911 0.57158
1403638620.5778295994 4.51918 1.22191 0.51263 0.10915 0.79227 -0.18753 0.57028
1403638620.6778295040 4.55368 1.14392 0.51221 0.10627 0.79479 -0.18744 0.56735
1403638620.7778294086 4.57984 1.06699 0.50763 0.10270 0.79814 -0.18779 0.56317
1403638620.8778295517 4.60985 0.98545 0.49769 0.10590 0.80134 -0.18329 0.55950
1403638620.9778294563 4.63779 0.90485 0.48470 0.11047 0.80196 -0.17738 0.55964
1403638621.0778295994 4.65965 0.82660 0.47223 0.11420 0.80039 -0.17227 0.56272
1403638621.1778295040 4.68713 0.74621 0.46246 0.11288 0.79918 -0.17046 0.56526
1403638621.2778294086 4.71241 0.66889 0.46049 0.11317 0.79807 -0.16780 0.56756
1403638621.3778295517 4.73785 0.59276 0.46203 0.11484 0.79895 -0.16479 0.56686
1403638621.4778294563 4.76153 0.51965 0.45995 0.11543 0.79719 -0.16267 0.56983
1403638621.5778295994 4.78483 0.44912 0.45084 0.11540 0.79502 -0.16063 0.57343
1403638621.6778295040 4.80416 0.38358 0.43726 0.11503 0.79405 -0.15963 0.57513
1403638621.7778294086 4.81857 0.32367 0.42059 0.11599 0.79245 -0.15830 0.57750
1403638621.8778295517 4.83168 0.26415 0.39939 0.11785 0.78902 -0.15649 0.58230
1403638621.9778294563 4.84001 0.21144 0.37563 0.11831 0.78648 -0.15588 0.58579
1403638622.0778295994 4.84022 0.16979 0.34915 0.11692 0.78609 -0.15694 0.58632
1403638622.1778295040 4.83920 0.12427 0.31799 0.11373 0.78703 -0.15887 0.58515
1403638622.2778294086 4.83270 0.08439 0.29146 0.11094 0.78636 -0.16130 0.58593
1403638622.3778295517 4.82126 0.04733 0.27247 0.11160 0.78733 -0.16186 0.58434
1403638622.4778294563 4.80050 0.01956 0.26497 0.11528 0.78816 -0.16024 0.58296
1403638622.5778295994 4.77911 -0.01377 0.26093 0.11874 0.78796 -0.15896 0.58289
1403638622.6778295040 4.75144 -0.03497 0.26885 0.12272 0.78391 -0.15725 0.58796
1403638622.7778294086 4.72024 -0.05835 0.28436 0.12551 0.77273 -0.15585 0.60237
1403638622.8778295517 4.68351 -0.07023 0.30745 0.12726 0.76796 -0.15542 0.60818
1403638622.9778294563 4.63771 -0.07708 0.32754 0.12581 0.77179 -0.15783 0.60299
1403638623.0778295994 4.58270 -0.08070 0.33984 0.12215 0.77826 -0.16139 0.59443
1403638623.1778295040 4.52082 -0.07871 0.34707 0.11712 0.78215 -0.16521 0.58926
1403638623.2778294086 4.45153 -0.07020 0.35026 0.11406 0.78551 -0.16761 0.58470
1403638623.3778295517 4.38038 -0.06650 0.34831 0.11173 0.78809 -0.16937 0.58116
1403638623.4778294563 4.30372 -0.05792 0.34322 0.11241 0.78977 -0.16923 0.57878
1403638623.5778295994 4.22690 -0.05202 0.33923 0.11375 0.78991 -0.16855 0.57852
1403638623.6778295040 4.14408 -0.04550 0.34395 0.11514 0.79040 -0.16799 0.57774
1403638623.7778294086 4.05957 -0.03808 0.35442 0.11735 0.79142 -0.16777 0.57596
1403638623.8778295517 3.97064 -0.02833 0.37007 0.11875 0.79256 -0.16788 0.57408
1403638623.9778294563 3.87759 -0.01773 0.38441 0.12031 0.79369 -0.16838 0.57204
1403638624.0778295994 3.78453 -0.00490 0.39375 0.11865 0.79398 -0.17118 0.57116
1403638624.1778295040 3.69020 0.00754 0.39854 0.11621 0.79386 -0.17360 0.57109
1403638624.2778294086 3.59377 0.02206 0.39730 0.11418 0.79351 -0.17626 0.57117
1403638624.3778295517 3.49826 0.03594 0.39303 0.11379 0.79301 -0.17804 0.57139
1403638624.4778294563 3.40425 0.04720 0.38721 0.11523 0.79284 -0.17829 0.57126
1403638624.5778295994 3.30485 0.06057 0.37438 0.11064 0.78449 -0.18305 0.58209
1403638624.6778295040 3.20357 0.07272 0.35938 0.11231 0.78024 -0.18076 0.58816
1403638624.7778294086 3.10320 0.08276 0.34924 0.11714 0.78630 -0.17083 0.58210
1403638624.8778295517 2.99269 0.09805 0.34508 0.11848 0.79240 -0.16265 0.57585
1403638624.9778294563 2.89168 0.11077 0.34909 0.11117 0.79570 -0.16052 0.57335
1403638625.0778295994 2.78842 0.12451 0.35429 0.10353 0.79676 -0.15955 0.57358
1403638625.1778295040 2.67708 0.14189 0.35414 0.09718 0.79765 -0.15978 0.57340
1403638625.2778294086 2.57539 0.15259 0.35152 0.09510 0.79858 -0.15815 0.57291
1403638625.3778295517 2.46451 0.16654 0.34626 0.09396 0.79871 -0.15714 0.57318
1403638625.4778294563 2.36250 0.17370 0.34839 0.09291 0.79824 -0.15673 0.57413
1403638625.5778295994 2.25256 0.18476 0.35477 0.09356 0.79879 -0.15603 0.57345
1403638625.6778295040 2.14514 0.19306 0.36883 0.09366 0.80042 -0.15597 0.57117
1403638625.7778294086 2.03909 0.19821 0.38585 0.09243 0.80496 -0.15704 0.56465
1403638625.8778295517 1.93132 0.20574 0.39662 0.09265 0.80756 -0.15749 0.56077
1403638625.9778294563 1.82660 0.20791 0.40419 0.09369 0.80799 -0.15758 0.55995
1403638626.0778295994 1.72441 0.21089 0.40505 0.09216 0.80925 -0.15940 0.55787
1403638626.1778295040 1.62704 0.21063 0.40168 0.09239 0.80964 -0.15978 0.55714
1403638626.2778294086 1.53074 0.20902 0.39373 0.09537 0.80818 -0.15840 0.55915
1403638626.3778295517 1.43103 0.20674 0.38310 0.10328 0.80632 -0.15307 0.56192
1403638626.4778294563 1.33993 0.20475 0.36865 0.10573 0.80510 -0.15090 0.56380
1403638626.5778295994 1.24517 0.20388 0.35273 0.10638 0.80743 -0.14995 0.56059
1403638626.6778295040 1.15904 0.20337 0.33793 0.10514 0.80933 -0.15039 0.55795
1403638626.7778294086 1.07505 0.20470 0.32688 0.10251 0.81321 -0.15216 0.55230
1403638626.8778295517 0.99392 0.20487 0.32377 0.10195 0.81592 -0.15192 0.54845
1403638626.9778294563 0.92108 0.20500 0.32720 0.10126 0.81683 -0.15205 0.54720
1403638627.0778295994 0.85309 0.20493 0.32906 0.10060 0.81692 -0.15167 0.54728
1403638627.1778295040 0.79039 0.20303 0.32487 0.09983 0.81686 -0.15154 0.54755
1403638627.2778294086 0.73372 0.20066 0.31935 0.10113 0.81689 -0.15021 0.54763
1403638627.3778295517 0.68205 0.19846 0.31108 0.10318 0.81632 -0.14834 0.54861
1403638627.4778294563 0.63554 0.19625 0.29955 0.10338 0.81672 -0.14805 0.54806
1403638627.5778295994 0.59439 0.19425 0.28606 0.10465 0.81558 -0.14764 0.54962
1403638627.6778295040 0.56507 0.19185 0.26843 0.10672 0.81263 -0.14688 0.55378
1403638627.7778294086 0.53382 0.19110 0.25327 0.10851 0.81077 -0.14600 0.55639
1403638627.8778295517 0.50534 0.19227 0.23659 0.10947 0.81011 -0.14602 0.55715
1403638627.9778294563 0.47710 0.19493 0.21997 0.10986 0.81206 -0.14616 0.55420
1403638628.0778295994 0.46085 0.19832 0.20052 0.11084 0.81321 -0.14643 0.55223
1403638628.1778295040 0.43863 0.20354 0.18775 0.11190 0.81377 -0.14694 0.55105
1403638628.2778294086 0.42304 0.21063 0.17584 0.11207 0.81399 -0.14765 0.55051
1403638628.3778295517 0.41698 0.21745 0.16345 0.11070 0.81458 -0.14917 0.54951
1403638628.4778294563 0.40770 0.22692 0.15803 0.10481 0.81176 -0.15381 0.55353
1403638628.5778295994 0.40308 0.23622 0.15584 0.09684 0.80457 -0.15948 0.56378
1403638628.6778295040 0.39816 0.24444 0.15495 0.09135 0.80050 -0.16347 0.56933
1403638628.7778294086 0.41165 0.25332 0.15287 0.09331 0.80176 -0.16286 0.56741
1403638628.8778295517 0.40207 0.25704 0.14393 0.09776 0.80237 -0.16011 0.56658
1403638628.9778294563 0.39286 0.25961 0.13212 0.10266 0.80305 -0.15719 0.56556
1403638629.0778295994 0.38253 0.26292 0.12220 0.10744 0.80421 -0.15377 0.56396
1403638629.1778295040 0.36775 0.26493 0.11666 0.10975 0.80540 -0.15168 0.56238
1403638629.2778294086 0.35528 0.27073 0.11169 0.11036 0.80570 -0.15092 0.56205
1403638629.3778295517 0.34597 0.27711 0.10903 0.11122 0.80875 -0.15098 0.55745
1403638629.4778294563 0.34064 0.28497 0.10781 0.10983 0.81317 -0.15278 0.55078
1403638629.5778295994 0.34365 0.29186 0.10845 0.10626 0.81616 -0.15556 0.54625
1403638629.6778295040 0.35095 0.29740 0.11116 0.09530 0.81404 -0.16385 0.54901
1403638629.7778294086 0.35921 0.30098 0.11476 0.08861 0.80841 -0.16912 0.55679
1403638629.8778295517 0.36671 0.30184 0.11433 0.08706 0.80199 -0.17073 0.56576
1403638629.9778294563 0.37245 0.29908 0.10577 0.09809 0.79647 -0.16388 0.57373
1403638630.0778295994 0.37448 0.29566 0.08714 0.10721 0.79292 -0.15777 0.57869
1403638630.1778295040 0.37412 0.29365 0.05859 0.11158 0.79571 -0.15436 0.57495
1403638630.2778294086 0.36959 0.29286 0.02425 0.11235 0.80024 -0.15366 0.56866
1403638630.3778295517 0.37054 0.29571 -0.00170 0.10834 0.81964 -0.15467 0.54087
1403638630.4778294563 0.38214 0.29674 0.00934 0.10793 0.80165 -0.15300 0.56772
1403638630.5778295994 0.39193 0.29763 0.00777 0.10755 0.80093 -0.15414 0.56849
1403638630.6778295040 0.39858 0.29835 -0.01467 0.10485 0.81988 -0.15119 0.54217
1403638630.7778294086 0.39854 0.29126 -0.01825 0.10740 0.82675 -0.14538 0.53274
1403638630.8778295517 0.39137 0.29061 -0.02325 0.10261 0.82543 -0.14641 0.53544
1403638630.9778294563 0.38607 0.29082 -0.02657 0.10280 0.82530 -0.14664 0.53554
1403638631.0778295994 0.37862 0.29132 -0.03088 0.10348 0.82537 -0.14617 0.53544
1403638631.1778295040 0.37152 0.29149 -0.03508 0.10340 0.82540 -0.14640 0.53534
1403638631.2778294086 0.36379 0.29187 -0.03887 0.10330 0.82546 -0.14639 0.53527
1403638631.3778295517 0.35612 0.29213 -0.04239 0.10304 0.82553 -0.14658 0.53515
1403638631.4778294563 0.34865 0.29239 -0.04566 0.10280 0.82547 -0.14687 0.53522
1403638631.5778295994 0.34076 0.29258 -0.04905 0.10269 0.82545 -0.14696 0.53525
1403638631.6778295040 0.33320 0.29259 -0.05219 0.10238 0.82544 -0.14737 0.53521
