1403638523.0778295994 0.03183 0.00774 0.37388 -0.06611 0.80873 0.01363 0.58429
1403638523.1778295040 0.03605 0.00356 0.39279 -0.06277 0.80845 0.01227 0.58508
1403638523.2778294086 0.03488 -0.00412 0.38429 -0.05259 0.80541 0.01163 0.59026
1403638523.3778295517 0.03418 -0.00902 0.35368 -0.04863 0.80362 0.01108 0.59305
1403638523.4778294563 0.03115 -0.01384 0.31029 -0.04412 0.80651 0.01363 0.58941
1403638523.5778295994 0.02672 -0.02022 0.26016 -0.03614 0.81523 0.01707 0.57775
1403638523.6778295040 0.02144 -0.02522 0.20971 -0.02924 0.82440 0.01965 0.56491
1403638523.7778294086 0.01529 -0.02975 0.16096 -0.02655 0.82840 0.02308 0.55902
1403638523.8778295517 0.00824 -0.03398 0.11756 -0.02441 0.82823 0.02686 0.55922
1403638523.9778294563 0.00224 -0.03916 0.08600 -0.01586 0.82742 0.03349 0.56037
1403638524.0778295994 -0.00234 -0.04629 0.07445 -0.01234 0.82911 0.04458 0.55716
1403638524.1778295040 -0.00015 -0.04482 0.09330 -0.01761 0.82936 0.05447 0.55577
1403638524.2778294086 0.00189 -0.04473 0.13507 -0.02841 0.82712 0.06077 0.55801
1403638524.3778295517 0.00441 -0.04410 0.18977 -0.03938 0.82307 0.06117 0.56326
1403638524.4778294563 0.00815 -0.04304 0.24992 -0.04678 0.81592 0.05977 0.57316
1403638524.5778295994 0.01352 -0.04062 0.30956 -0.05003 0.80687 0.05826 0.58572
1403638524.6778295040 0.01991 -0.03721 0.36336 -0.04648 0.80046 0.05265 0.59525
1403638524.7778294086 0.02514 -0.03242 0.40415 -0.03435 0.79675 0.04742 0.60146
1403638524.8778295517 0.02918 -0.02777 0.43032 -0.03174 0.79549 0.04527 0.60344
1403638524.9778294563 0.03164 -0.02455 0.44013 -0.04095 0.79465 0.04952 0.60366
1403638525.0778295994 0.03356 -0.02253 0.42824 -0.03891 0.79211 0.05304 0.60683
1403638525.1778295040 0.03639 -0.02099 0.39527 -0.03686 0.79075 0.05775 0.60830
1403638525.2778294086 0.03690 -0.02245 0.34964 -0.03783 0.79361 0.06347 0.60393
1403638525.3778295517 0.03775 -0.02240 0.29635 -0.04070 0.80290 0.06913 0.59069
1403638525.4778294563 0.03643 -0.02165 0.24446 -0.04885 0.81557 0.07150 0.57214
1403638525.5778295994 0.03385 -0.02369 0.19907 -0.05376 0.82441 0.07049 0.55900
1403638525.6778295040 0.03294 -0.02654 0.16124 -0.05361 0.82670 0.06667 0.55610
1403638525.7778294086 0.03379 -0.02808 0.13107 -0.05090 0.82490 0.06066 0.55970
1403638525.8778295517 0.03413 -0.03038 0.10915 -0.04516 0.82141 0.05687 0.56570
1403638525.9778294563 0.03012 -0.03843 0.09623 -0.03957 0.82031 0.05756 0.56764
1403638526.0778295994 0.02718 -0.05819 0.09399 -0.03627 0.82244 0.05624 0.56490
1403638526.1778295040 0.02496 -0.08754 0.10070 -0.03527 0.82571 0.04781 0.56095
1403638526.2778294086 0.02075 -0.12387 0.11315 -0.03214 0.82611 0.03896 0.56125
1403638526.3778295517 0.01440 -0.16483 0.12700 -0.03024 0.82349 0.03074 0.56569
1403638526.4778294563 0.00618 -0.21039 0.13939 -0.02842 0.81916 0.01910 0.57254
1403638526.5778295994 -0.00283 -0.26199 0.14811 -0.02683 0.81458 0.00772 0.57939
1403638526.6778295040 -0.01269 -0.32156 0.15458 -0.02247 0.80987 -0.00089 0.58618
1403638526.7778294086 -0.02534 -0.38651 0.15925 -0.01371 0.80680 -0.00685 0.59063
1403638526.8778295517 -0.04145 -0.45239 0.16277 -0.00410 0.80604 -0.01125 0.59173
1403638526.9778294563 -0.05727 -0.51567 0.16567 0.00082 0.80928 -0.01801 0.58714
1403638527.0778295994 -0.06941 -0.57520 0.16858 0.00795 0.81417 -0.03078 0.57975
1403638527.1778295040 -0.07791 -0.62839 0.17356 0.01468 0.81652 -0.04535 0.57534
1403638527.2778294086 -0.08271 -0.67003 0.18012 0.02573 0.81435 -0.05902 0.57679
1403638527.3778295517 -0.08135 -0.69354 0.18598 0.04015 0.81018 -0.06737 0.58090
1403638527.4778294563 -0.07485 -0.69443 0.18904 0.04938 0.80792 -0.07113 0.58289
1403638527.5778295994 -0.06314 -0.67292 0.18906 0.05101 0.80862 -0.07136 0.58176
1403638527.6778295040 -0.04767 -0.63187 0.18608 0.04784 0.81022 -0.06676 0.58034
1403638527.7778294086 -0.03342 -0.58498 0.18609 0.04236 0.81133 -0.05941 0.58002
1403638527.8778295517 -0.01845 -0.53008 0.18876 0.02825 0.81441 -0.05422 0.57706
1403638527.9778294563 0.00092 -0.46973 0.19165 0.01591 0.81560 -0.04773 0.57643
1403638528.0778295994 0.01855 -0.40969 0.19344 0.00820 0.81420 -0.03972 0.57916
1403638528.1778295040 0.03495 -0.35292 0.19076 -0.00124 0.81426 -0.03098 0.57968
1403638528.2778294086 0.05576 -0.30316 0.18556 -0.01219 0.81519 -0.02127 0.57867
1403638528.3778295517 0.08469 -0.26515 0.17992 -0.01900 0.81443 -0.01331 0.57980
1403638528.4778294563 0.11742 -0.23636 0.17452 -0.01572 0.81376 -0.01120 0.58088
1403638528.5778295994 0.15274 -0.21353 0.17164 -0.01331 0.81607 -0.01628 0.57757
1403638528.6778295040 0.18935 -0.19877 0.17175 -0.01473 0.81759 -0.02365 0.57513
1403638528.7778294086 0.22035 -0.18763 0.17499 -0.00960 0.81716 -0.02902 0.57560
1403638528.8778295517 0.23648 -0.17876 0.18188 -0.01288 0.81661 -0.03701 0.57585
1403638528.9778294563 0.23700 -0.16871 0.19467 -0.01925 0.81669 -0.04399 0.57508
1403638529.0778295994 0.21908 -0.16132 0.21155 -0.01758 0.81759 -0.04554 0.57373
1403638529.1778295040 0.19065 -0.14617 0.22129 0.00004 0.81853 -0.03915 0.57313
1403638529.2778294086 0.15551 -0.12709 0.21987 0.01245 0.82041 -0.03358 0.57066
1403638529.3778295517 0.11704 -0.10535 0.20721 0.01755 0.82553 -0.02964 0.56331
1403638529.4778294563 0.08477 -0.08799 0.18572 0.01683 0.83557 -0.02718 0.54846
1403638529.5778295994 0.05964 -0.07588 0.16029 0.01518 0.84566 -0.02428 0.53296
1403638529.6778295040 0.04029 -0.07154 0.13490 0.01702 0.84920 -0.02148 0.52735
1403638529.7778294086 0.03041 -0.06334 0.11143 0.01647 0.84556 -0.02107 0.53321
1403638529.8778295517 0.02584 -0.05549 0.09013 0.01529 0.83910 -0.02258 0.54330
1403638529.9778294563 0.02247 -0.04885 0.07432 0.01605 0.83642 -0.02378 0.54734
1403638530.0778295994 0.02964 -0.04631 0.06298 0.01725 0.83792 -0.02475 0.54495
1403638530.1778295040 0.04262 -0.04626 0.05340 0.01850 0.83968 -0.02930 0.54197
1403638530.2778294086 0.05780 -0.04745 0.04330 0.02097 0.83928 -0.03557 0.54212
1403638530.3778295517 0.07141 -0.05045 0.03347 0.02386 0.83863 -0.04105 0.54263
1403638530.4778294563 0.08343 -0.05402 0.02606 0.02470 0.83832 -0.04533 0.54272
1403638530.5778295994 0.09134 -0.05819 0.02052 0.02448 0.83835 -0.04899 0.54237
1403638530.6778295040 0.09572 -0.06160 0.01558 0.02615 0.84141 -0.05141 0.53732
1403638530.7778294086 0.09893 -0.06376 0.01015 0.02664 0.84480 -0.05313 0.53176
1403638530.8778295517 0.10110 -0.06512 0.00576 0.02520 0.84547 -0.05278 0.53082
1403638530.9778294563 0.10259 -0.06561 0.00260 0.02443 0.84311 -0.05315 0.53454
1403638531.0778295994 0.10267 -0.06529 0.00067 0.02537 0.83961 -0.05201 0.54010
1403638531.1778295040 0.10254 -0.06360 0.00135 0.02607 0.83748 -0.04996 0.54355
1403638531.2778294086 0.10287 -0.06252 -0.00012 0.02887 0.83632 -0.04867 0.54531
1403638531.3778295517 0.10269 -0.06169 -0.00047 0.02859 0.83535 -0.04877 0.54680
1403638531.4778294563 0.10250 -0.06207 -0.00036 0.02880 0.83435 -0.04922 0.54827
1403638531.5778295994 0.10233 -0.06217 -0.00048 0.02950 0.83462 -0.04818 0.54793
1403638531.6778295040 0.10232 -0.06198 -0.00058 0.02891 0.83465 -0.04887 0.54785
1403638531.7778294086 0.10241 -0.06208 -0.00057 0.02944 0.83451 -0.04904 0.54801
1403638531.8778295517 0.10235 -0.06211 -0.00059 0.02965 0.83456 -0.04897 0.54794
1403638531.9778294563 0.10239 -0.06219 -0.00060 0.03006 0.83448 -0.04910 0.54802
1403638532.0778295994 0.10238 -0.06223 -0.00064 0.03030 0.83447 -0.04904 0.54803
1403638532.1778295040 0.10240 -0.06223 -0.00065 0.03036 0.83442 -0.04919 0.54809
1403638532.2778294086 0.10241 -0.06222 -0.00065 0.03032 0.83437 -0.04942 0.54815
1403638532.3778295517 0.10241 -0.06222 -0.00066 0.03032 0.83431 -0.04949 0.54824
1403638532.4778294563 0.10242 -0.06224 -0.00065 0.03036 0.83423 -0.04964 0.54833
1403638532.5778295994 0.10241 -0.06224 -0.00067 0.03043 0.83424 -0.04971 0.54831
1403638532.6778295040 0.10245 -0.06229 -0.00066 0.03058 0.83417 -0.04975 0.54840
1403638532.7778294086 0.10241 -0.06230 -0.00067 0.03071 0.83419 -0.04967 0.54838
1403638532.8778295517 0.10242 -0.06230 -0.00066 0.03083 0.83416 -0.04972 0.54842
1403638532.9778294563 0.10243 -0.06232 -0.00065 0.03087 0.83410 -0.04974 0.54849
1403638533.0778295994 0.10241 -0.06233 -0.00065 0.03092 0.83409 -0.04978 0.54851
1403638533.1778295040 0.10243 -0.06234 -0.00065 0.03097 0.83402 -0.04986 0.54861
1403638533.2778294086 0.10242 -0.06235 -0.00066 0.03100 0.83397 -0.04992 0.54867
1403638533.3778295517 0.10242 -0.06236 -0.00066 0.03110 0.83395 -0.04991 0.54870
1403638533.4778294563 0.10244 -0.06238 -0.00065 0.03110 0.83390 -0.04993 0.54877
1403638533.5778295994 0.10242 -0.06237 -0.00066 0.03112 0.83389 -0.04997 0.54879
1403638533.6778295040 0.10243 -0.06237 -0.00065 0.03114 0.83384 -0.05004 0.54885
1403638533.7778294086 0.10242 -0.06237 -0.00065 0.03118 0.83381 -0.05009 0.54889
1403638533.8778295517 0.10243 -0.06234 -0.00066 0.03098 0.83384 -0.04983 0.54889
1403638533.9778294563 0.10246 -0.06238 -0.00067 0.03111 0.83385 -0.05006 0.54883
1403638534.0778295994 0.10240 -0.06240 -0.00066 0.03154 0.83374 -0.05045 0.54894
1403638534.1778295040 0.10242 -0.06242 -0.00063 0.03123 0.83375 -0.05029 0.54896
1403638534.2778294086 0.10242 -0.06235 -0.00060 0.03098 0.83383 -0.05017 0.54886
1403638534.3778295517 0.10243 -0.06235 -0.00061 0.03102 0.83387 -0.05021 0.54879
1403638534.4778294563 0.10245 -0.06240 -0.00065 0.03115 0.83391 -0.05047 0.54871
1403638534.5778295994 0.10244 -0.06235 -0.00064 0.03094 0.83403 -0.05014 0.54856
1403638534.6778295040 0.10247 -0.06229 -0.00061 0.03072 0.83400 -0.04990 0.54864
1403638534.7778294086 0.10245 -0.06232 -0.00061 0.03082 0.83400 -0.04981 0.54864
1403638534.8778295517 0.10245 -0.06236 -0.00062 0.03114 0.83394 -0.05000 0.54870
1403638534.9778294563 0.10244 -0.06242 -0.00061 0.03123 0.83397 -0.05006 0.54865
1403638535.0778295994 0.10244 -0.06241 -0.00061 0.03109 0.83404 -0.05004 0.54855
1403638535.1778295040 0.10244 -0.06240 -0.00062 0.03100 0.83400 -0.05007 0.54861
1403638535.2778294086 0.10243 -0.06240 -0.00062 0.03096 0.83399 -0.05008 0.54863
1403638535.3778295517 0.10244 -0.06238 -0.00058 0.03102 0.83395 -0.05006 0.54868
1403638535.4778294563 0.10244 -0.06238 -0.00057 0.03109 0.83394 -0.05005 0.54871
1403638535.5778295994 0.10245 -0.06236 -0.00056 0.03100 0.83396 -0.04996 0.54869
1403638535.6778295040 0.10246 -0.06236 -0.00058 0.03092 0.83394 -0.04998 0.54871
1403638535.7778294086 0.10245 -0.06237 -0.00058 0.03098 0.83392 -0.04999 0.54874
1403638535.8778295517 0.10245 -0.06237 -0.00057 0.03091 0.83393 -0.04995 0.54874
1403638535.9778294563 0.10244 -0.06236 -0.00056 0.03086 0.83397 -0.04993 0.54868
1403638536.0778295994 0.10245 -0.06236 -0.00056 0.03082 0.83389 -0.04997 0.54879
1403638536.1778295040 0.10246 -0.06236 -0.00055 0.03079 0.83386 -0.04998 0.54884
1403638536.2778294086 0.10246 -0.06236 -0.00054 0.03082 0.83385 -0.04992 0.54887
1403638536.3778295517 0.10247 -0.06236 -0.00054 0.03083 0.83378 -0.04993 0.54897
1403638536.4778294563 0.10247 -0.06235 -0.00053 0.03083 0.83376 -0.04990 0.54900
1403638536.5778295994 0.10247 -0.06235 -0.00053 0.03074 0.83376 -0.04990 0.54901
1403638536.6778295040 0.10247 -0.06235 -0.00053 0.03073 0.83375 -0.04987 0.54902
1403638536.7778294086 0.10246 -0.06236 -0.00054 0.03082 0.83372 -0.04994 0.54906
1403638536.8778295517 0.10246 -0.06236 -0.00055 0.03077 0.83365 -0.05005 0.54916
1403638536.9778294563 0.10246 -0.06237 -0.00053 0.03074 0.83367 -0.05010 0.54913
1403638537.0778295994 0.10248 -0.06235 -0.00052 0.03072 0.83369 -0.05000 0.54910
1403638537.1778295040 0.10248 -0.06233 -0.00051 0.03086 0.83363 -0.04997 0.54919
1403638537.2778294086 0.10249 -0.06233 -0.00048 0.03097 0.83364 -0.04989 0.54917
1403638537.3778295517 0.10248 -0.06233 -0.00049 0.03092 0.83363 -0.04985 0.54920
1403638537.4778294563 0.10249 -0.06233 -0.00049 0.03087 0.83362 -0.04984 0.54922
1403638537.5778295994 0.10249 -0.06232 -0.00045 0.03093 0.83364 -0.04973 0.54920
1403638537.6778295040 0.10250 -0.06232 -0.00041 0.03099 0.83370 -0.04975 0.54911
1403638537.7778294086 0.10249 -0.06232 -0.00042 0.03097 0.83365 -0.04979 0.54917
1403638537.8778295517 0.10252 -0.06230 -0.00040 0.03099 0.83366 -0.04965 0.54916
1403638537.9778294563 0.10250 -0.06229 -0.00038 0.03099 0.83363 -0.04974 0.54921
1403638538.0778295994 0.10251 -0.06229 -0.00035 0.03104 0.83360 -0.04980 0.54924
1403638538.1778295040 0.10251 -0.06231 -0.00034 0.03112 0.83357 -0.04981 0.54929
1403638538.2778294086 0.10258 -0.06226 -0.00037 0.03100 0.83361 -0.04963 0.54925
1403638538.3778295517 0.10253 -0.06229 -0.00033 0.03119 0.83355 -0.04963 0.54932
1403638538.4778294563 0.10252 -0.06230 -0.00025 0.03123 0.83351 -0.04963 0.54938
1403638538.5778295994 0.10256 -0.06231 -0.00019 0.03154 0.83347 -0.04970 0.54942
1403638538.6778295040 0.10254 -0.06231 -0.00015 0.03142 0.83330 -0.04983 0.54967
1403638538.7778294086 0.10263 -0.06238 0.00017 0.03129 0.83255 -0.04970 0.55082
1403638538.8778295517 0.10402 -0.06196 0.00059 0.03063 0.83152 -0.04925 0.55246
1403638538.9778294563 0.10740 -0.06173 0.00315 0.03158 0.82658 -0.04870 0.55982
1403638539.0778295994 0.11164 -0.06151 0.00677 0.03313 0.82090 -0.05027 0.56789
1403638539.1778295040 0.11917 -0.06127 0.01465 0.03220 0.81569 -0.05071 0.57537
1403638539.2778294086 0.12774 -0.06109 0.03029 0.03199 0.81195 -0.05004 0.58070
1403638539.3778295517 0.13570 -0.06098 0.05371 0.03159 0.81293 -0.04950 0.57939
1403638539.4778294563 0.14443 -0.06158 0.08341 0.03116 0.81504 -0.04843 0.57653
1403638539.5778295994 0.15426 -0.06279 0.11583 0.03065 0.81609 -0.04698 0.57520
1403638539.6778295040 0.16511 -0.06388 0.14323 0.02895 0.81672 -0.04652 0.57443
1403638539.7778294086 0.17478 -0.06432 0.15995 0.02943 0.81795 -0.04473 0.57279
1403638539.8778295517 0.18637 -0.06423 0.16956 0.02860 0.82053 -0.04412 0.56918
1403638539.9778294563 0.20169 -0.06343 0.17760 0.02692 0.82516 -0.04377 0.56256
1403638540.0778295994 0.22266 -0.06332 0.18445 0.02672 0.83117 -0.04352 0.55367
1403638540.1778295040 0.24723 -0.06373 0.19222 0.02656 0.83515 -0.04326 0.54768
1403638540.2778294086 0.28128 -0.06416 0.20616 0.02709 0.83087 -0.04202 0.55422
1403638540.3778295517 0.31908 -0.06428 0.21508 0.02772 0.82476 -0.04007 0.56339
1403638540.4778294563 0.36116 -0.06346 0.22310 0.02453 0.82241 -0.03409 0.56735
1403638540.5778295994 0.40742 -0.06132 0.22936 0.01736 0.82254 -0.02259 0.56800
1403638540.6778295040 0.45639 -0.05856 0.23560 0.00909 0.82258 -0.00538 0.56855
1403638540.7778294086 0.50752 -0.05378 0.24079 0.00124 0.82153 0.01863 0.56986
1403638540.8778295517 0.55987 -0.04585 0.24446 -0.00897 0.82061 0.04666 0.56951
1403638540.9778294563 0.61246 -0.03298 0.24646 -0.02261 0.81883 0.07298 0.56893
1403638541.0778295994 0.66553 -0.01645 0.24609 -0.03640 0.81649 0.09252 0.56873
1403638541.1778295040 0.72018 0.00350 0.24088 -0.04616 0.81464 0.10583 0.56836
1403638541.2778294086 0.77455 0.02853 0.23318 -0.05131 0.81383 0.11465 0.56737
1403638541.3778295517 0.82907 0.05831 0.23323 -0.05437 0.81370 0.11829 0.56653
1403638541.4778294563 0.88296 0.09281 0.23950 -0.05548 0.81353 0.11848 0.56661
1403638541.5778295994 0.93595 0.13363 0.25238 -0.05474 0.81205 0.11901 0.56870
1403638541.6778295040 0.99235 0.18139 0.27350 -0.05881 0.81034 0.12193 0.57010
1403638541.7778294086 1.04554 0.23444 0.29985 -0.06892 0.80900 0.12762 0.56963
1403638541.8778295517 1.09701 0.29168 0.33419 -0.08080 0.80760 0.13655 0.56799
1403638541.9778294563 1.14534 0.35111 0.36530 -0.09272 0.80646 0.15103 0.56411
1403638542.0778295994 1.19161 0.41204 0.38997 -0.10695 0.80424 0.16832 0.55984
1403638542.1778295040 1.23534 0.47368 0.40843 -0.12272 0.80021 0.18857 0.55592
1403638542.2778294086 1.27823 0.53723 0.42074 -0.13790 0.79593 0.21218 0.54997
1403638542.3778295517 1.32070 0.60086 0.42952 -0.15197 0.78792 0.23418 0.54886
1403638542.4778294563 1.36051 0.66292 0.43564 -0.15897 0.77400 0.25469 0.55749
1403638542.5778295994 1.39912 0.72602 0.43892 -0.15567 0.76165 0.27320 0.56659
1403638542.6778295040 1.43212 0.79223 0.44374 -0.15657 0.75811 0.28266 0.56644
1403638542.7778294086 1.45846 0.86286 0.45538 -0.16560 0.76228 0.28175 0.55867
1403638542.8778295517 1.48047 0.93893 0.47481 -0.17199 0.76779 0.27858 0.55074
1403638542.9778294563 1.49801 1.01699 0.50154 -0.17584 0.77250 0.27539 0.54451
1403638543.0778295994 1.51208 1.09454 0.53018 -0.17843 0.77618 0.27231 0.53995
1403638543.1778295040 1.52499 1.17351 0.55365 -0.17868 0.77744 0.26990 0.53927
1403638543.2778294086 1.53737 1.25140 0.57281 -0.17899 0.77785 0.26760 0.53973
1403638543.3778295517 1.55041 1.33291 0.58466 -0.17845 0.77898 0.26669 0.53872
1403638543.4778294563 1.56386 1.41565 0.59319 -0.18076 0.77788 0.27114 0.53733
1403638543.5778295994 1.57306 1.49533 0.60114 -0.18621 0.77462 0.28237 0.53437
1403638543.6778295040 1.58394 1.57905 0.60457 -0.19318 0.76867 0.29996 0.53091
1403638543.7778294086 1.59167 1.66194 0.60982 -0.20364 0.76021 0.32132 0.52665
1403638543.8778295517 1.59824 1.74117 0.62160 -0.21569 0.74969 0.34397 0.52262
1403638543.9778294563 1.60710 1.82719 0.64049 -0.22980 0.74086 0.36226 0.51680
1403638544.0778295994 1.61586 1.91273 0.66296 -0.24469 0.73668 0.37359 0.50780
1403638544.1778295040 1.62639 1.99995 0.68501 -0.25508 0.73348 0.38013 0.50244
1403638544.2778294086 1.63871 2.09156 0.70127 -0.26181 0.73088 0.38344 0.50025
1403638544.3778295517 1.65110 2.18182 0.71128 -0.26339 0.73018 0.38603 0.49844
1403638544.4778294563 1.66540 2.27438 0.71907 -0.26252 0.73072 0.38715 0.49724
1403638544.5778295994 1.68087 2.36888 0.72535 -0.26446 0.72809 0.38625 0.50076
1403638544.6778295040 1.69688 2.46576 0.73954 -0.26958 0.72165 0.38541 0.50795
1403638544.7778294086 1.71167 2.55692 0.75519 -0.27098 0.72080 0.38643 0.50764
1403638544.8778295517 1.72602 2.64949 0.77117 -0.26895 0.72401 0.38879 0.50231
1403638544.9778294563 1.74077 2.73964 0.78015 -0.26916 0.72484 0.38954 0.50042
1403638545.0778295994 1.75568 2.82940 0.78369 -0.27076 0.72360 0.38949 0.50138
1403638545.1778295040 1.76784 2.91711 0.78317 -0.27069 0.72313 0.39068 0.50117
1403638545.2778294086 1.78316 3.00655 0.77474 -0.26999 0.72252 0.39229 0.50118
1403638545.3778295517 1.79893 3.09550 0.76248 -0.27186 0.71989 0.39137 0.50465
1403638545.4778294563 1.81007 3.17755 0.74831 -0.27416 0.71972 0.39242 0.50284
1403638545.5778295994 1.82360 3.26654 0.73520 -0.27824 0.71740 0.39897 0.49874
1403638545.6778295040 1.83434 3.34969 0.73076 -0.28709 0.71157 0.41044 0.49273
1403638545.7778294086 1.84491 3.43025 0.73296 -0.29602 0.70342 0.42691 0.48510
1403638545.8778295517 1.85609 3.51373 0.74170 -0.30691 0.69238 0.44625 0.47675
1403638545.9778294563 1.86830 3.59893 0.75711 -0.31664 0.67949 0.46799 0.46799
1403638546.0778295994 1.88191 3.68854 0.77533 -0.32298 0.66720 0.48668 0.46224
1403638546.1778295040 1.89639 3.78032 0.78803 -0.33048 0.65834 0.49877 0.45672
1403638546.2778294086 1.90956 3.87401 0.79384 -0.33537 0.65350 0.50627 0.45183
1403638546.3778295517 1.92178 3.96841 0.79444 -0.34159 0.65194 0.50844 0.44697
1403638546.4778294563 1.93305 4.06346 0.78933 -0.34427 0.65158 0.50971 0.44398
1403638546.5778295994 1.94363 4.15997 0.78417 -0.34528 0.64949 0.51289 0.44258
1403638546.6778295040 1.95279 4.25712 0.78465 -0.34883 0.64457 0.51866 0.44027
1403638546.7778294086 1.96103 4.35778 0.79518 -0.35132 0.63990 0.52428 0.43844
1403638546.8778295517 1.96776 4.45999 0.81422 -0.35206 0.63615 0.52917 0.43743
1403638546.9778294563 1.97355 4.56557 0.83117 -0.35083 0.63279 0.53354 0.43799
1403638547.0778295994 1.97899 4.67290 0.84229 -0.34881 0.63028 0.53677 0.43927
1403638547.1778295040 1.97943 4.78212 0.84433 -0.34596 0.62815 0.54002 0.44058
1403638547.2778294086 1.97759 4.89079 0.84516 -0.34404 0.62676 0.54148 0.44228
1403638547.3778295517 1.96753 4.99778 0.83828 -0.34727 0.62820 0.53931 0.44036
1403638547.4778294563 1.95761 5.10863 0.83238 -0.35178 0.63143 0.53562 0.43665
1403638547.5778295994 1.94531 5.21933 0.82134 -0.35481 0.63493 0.53228 0.43319
1403638547.6778295040 1.92746 5.32341 0.80166 -0.35561 0.63607 0.53078 0.43270
1403638547.7778294086 1.91234 5.43737 0.78181 -0.35351 0.63548 0.53129 0.43465
1403638547.8778295517 1.89148 5.54068 0.75493 -0.35025 0.63250 0.53341 0.43903
1403638547.9778294563 1.87168 5.65806 0.73225 -0.35035 0.63240 0.53373 0.43870
1403638548.0778295994 1.84636 5.76726 0.71453 -0.35311 0.63187 0.53604 0.43440
1403638548.1778295040 1.82288 5.89537 0.70873 -0.35739 0.62805 0.54138 0.42981
1403638548.2778294086 1.79526 6.01833 0.70967 -0.36392 0.62150 0.54976 0.42316
1403638548.3778295517 1.76653 6.14380 0.71983 -0.37150 0.61186 0.56102 0.41577
1403638548.4778294563 1.73747 6.26700 0.73749 -0.37957 0.60206 0.57148 0.40849
1403638548.5778295994 1.70911 6.38981 0.75448 -0.38608 0.59397 0.57924 0.40327
1403638548.6778295040 1.68208 6.50977 0.76757 -0.39093 0.58834 0.58461 0.39907
1403638548.7778294086 1.65487 6.63549 0.77770 -0.39365 0.58439 0.58854 0.39641
1403638548.8778295517 1.62650 6.76328 0.79294 -0.39492 0.58222 0.59116 0.39444
1403638548.9778294563 1.59784 6.88964 0.81548 -0.39631 0.58115 0.59210 0.39321
1403638549.0778295994 1.56752 7.01890 0.84133 -0.39680 0.58088 0.59253 0.39248
1403638549.1778295040 1.53769 7.14595 0.87434 -0.39799 0.58085 0.59157 0.39276
1403638549.2778294086 1.50705 7.27591 0.91200 -0.39868 0.58174 0.59062 0.39218
1403638549.3778295517 1.47664 7.40787 0.95480 -0.40088 0.58332 0.58827 0.39112
1403638549.4778294563 1.44624 7.54064 0.99380 -0.40268 0.58481 0.58617 0.39020
1403638549.5778295994 1.41625 7.67652 1.02851 -0.40401 0.58496 0.58442 0.39122
1403638549.6778295040 1.38767 7.81250 1.05717 -0.40534 0.58449 0.58289 0.39282
1403638549.7778294086 1.36070 7.94875 1.08726 -0.40371 0.58472 0.58340 0.39341
1403638549.8778295517 1.33457 8.08479 1.12226 -0.40269 0.58622 0.58359 0.39192
1403638549.9778294563 1.30716 8.22792 1.16748 -0.40229 0.58716 0.58362 0.39088
1403638550.0778295994 1.28217 8.36998 1.21925 -0.40258 0.58749 0.58339 0.39044
1403638550.1778295040 1.25868 8.51484 1.27929 -0.40333 0.58801 0.58325 0.38909
1403638550.2778294086 1.23695 8.66324 1.34574 -0.40279 0.58757 0.58410 0.38904
1403638550.3778295517 1.21578 8.81308 1.41521 -0.40286 0.58661 0.58446 0.38986
1403638550.4778294563 1.19716 8.96343 1.47803 -0.40551 0.58723 0.58293 0.38848
1403638550.5778295994 1.18050 9.11629 1.53170 -0.40939 0.58797 0.58055 0.38685
1403638550.6778295040 1.16775 9.26590 1.57939 -0.41437 0.58644 0.57712 0.38900
1403638550.7778294086 1.15941 9.41037 1.62237 -0.41742 0.58573 0.57491 0.39008
1403638550.8778295517 1.15534 9.55418 1.66209 -0.42344 0.58207 0.57058 0.39539
1403638550.9778294563 1.15278 9.69845 1.69866 -0.42918 0.57801 0.56601 0.40166
1403638551.0778295994 1.15275 9.83063 1.73049 -0.43291 0.57560 0.56306 0.40525
1403638551.1778295040 1.15571 9.95841 1.76370 -0.43724 0.57613 0.56026 0.40374
1403638551.2778294086 1.16385 10.07745 1.80079 -0.43784 0.57791 0.55917 0.40206
1403638551.3778295517 1.17892 10.19118 1.84499 -0.43308 0.58565 0.55629 0.39998
1403638551.4778294563 1.19963 10.29616 1.88128 -0.42566 0.59840 0.54721 0.40162
1403638551.5778295994 1.22879 10.40027 1.91573 -0.41955 0.61380 0.53120 0.40626
1403638551.6778295040 1.26307 10.50491 1.94393 -0.41272 0.63116 0.51304 0.40998
1403638551.7778294086 1.30711 10.60800 1.96801 -0.40362 0.64569 0.49482 0.41873
1403638551.8778295517 1.35999 10.70602 1.98787 -0.39364 0.65659 0.47944 0.42904
1403638551.9778294563 1.42097 10.79631 2.01061 -0.38195 0.66014 0.47183 0.44240
1403638552.0778295994 1.48776 10.87609 2.04020 -0.37257 0.66176 0.46684 0.45312
1403638552.1778295040 1.55788 10.94640 2.07425 -0.36672 0.66670 0.46384 0.45375
1403638552.2778294086 1.63189 11.01164 2.11390 -0.36257 0.67067 0.46293 0.45215
1403638552.3778295517 1.70913 11.07068 2.15247 -0.36458 0.67175 0.46011 0.45181
1403638552.4778294563 1.79085 11.12604 2.18543 -0.37191 0.66820 0.45454 0.45672
1403638552.5778295994 1.87578 11.16881 2.21357 -0.37754 0.66452 0.45105 0.46089
1403638552.6778295040 1.96426 11.20383 2.23535 -0.37821 0.66217 0.45227 0.46253
1403638552.7778294086 2.05613 11.22898 2.25037 -0.37762 0.66145 0.45453 0.46183
1403638552.8778295517 2.15219 11.25199 2.26039 -0.37549 0.66000 0.45847 0.46175
1403638552.9778294563 2.24992 11.26111 2.26624 -0.37121 0.65750 0.46450 0.46274
1403638553.0778295994 2.35059 11.27196 2.26675 -0.36755 0.65516 0.46987 0.46357
1403638553.1778295040 2.44868 11.27046 2.26477 -0.37303 0.65129 0.46850 0.46603
1403638553.2778294086 2.55031 11.26980 2.26389 -0.38038 0.64562 0.46517 0.47127
1403638553.3778295517 2.64916 11.25378 2.26748 -0.38209 0.64037 0.46594 0.47626
1403638553.4778294563 2.74788 11.22879 2.27658 -0.37868 0.63483 0.46944 0.48292
1403638553.5778295994 2.84494 11.19409 2.29219 -0.37568 0.63049 0.47239 0.48806
1403638553.6778295040 2.94067 11.14758 2.31173 -0.37348 0.62949 0.47474 0.48876
1403638553.7778294086 3.03330 11.09007 2.33979 -0.37161 0.62993 0.47667 0.48772
1403638553.8778295517 3.11792 11.02191 2.37274 -0.36933 0.63171 0.47820 0.48565
1403638553.9778294563 3.20498 10.95223 2.41006 -0.36855 0.63476 0.47872 0.48175
1403638554.0778295994 3.28044 10.86849 2.43806 -0.36693 0.63804 0.47967 0.47768
1403638554.1778295040 3.36464 10.79133 2.46760 -0.36204 0.64087 0.48346 0.47379
1403638554.2778294086 3.43800 10.70081 2.48357 -0.35400 0.64661 0.48939 0.46592
1403638554.3778295517 3.51580 10.61861 2.50205 -0.34802 0.64978 0.49404 0.46108
1403638554.4778294563 3.58824 10.53552 2.51658 -0.34530 0.65118 0.49625 0.45877
1403638554.5778295994 3.65627 10.45279 2.52660 -0.34635 0.65209 0.49593 0.45703
1403638554.6778295040 3.72182 10.36656 2.53408 -0.35220 0.65438 0.49216 0.45334
1403638554.7778294086 3.78698 10.28527 2.55040 -0.35706 0.65513 0.48891 0.45196
1403638554.8778295517 3.85322 10.20145 2.56902 -0.36013 0.65531 0.48694 0.45141
1403638554.9778294563 3.92115 10.11838 2.58889 -0.36269 0.65606 0.48376 0.45168
1403638555.0778295994 3.99071 10.04116 2.60495 -0.35905 0.65940 0.47952 0.45424
1403638555.1778295040 4.06101 9.95509 2.61145 -0.35244 0.66560 0.47296 0.45724
1403638555.2778294086 4.13458 9.87757 2.61818 -0.34634 0.67202 0.46505 0.46062
1403638555.3778295517 4.20979 9.79597 2.61923 -0.33931 0.67535 0.46039 0.46562
1403638555.4778294563 4.28552 9.71206 2.61583 -0.33357 0.67754 0.45736 0.46958
1403638555.5778295994 4.36170 9.62716 2.61076 -0.33126 0.67893 0.45470 0.47177
1403638555.6778295040 4.43788 9.54118 2.61117 -0.33065 0.68069 0.45305 0.47125
1403638555.7778294086 4.51245 9.45375 2.62049 -0.32967 0.68188 0.45322 0.47005
1403638555.8778295517 4.58594 9.36547 2.63732 -0.32899 0.68187 0.45420 0.46959
1403638555.9778294563 4.66046 9.28140 2.66034 -0.32772 0.68057 0.45583 0.47078
1403638556.0778295994 4.73572 9.19894 2.68707 -0.32619 0.68066 0.45719 0.47040
1403638556.1778295040 4.80979 9.12220 2.70963 -0.32512 0.68505 0.45777 0.46417
1403638556.2778294086 4.88593 9.04527 2.72594 -0.32355 0.68830 0.45888 0.45933
1403638556.3778295517 4.96133 8.97785 2.73829 -0.32220 0.69048 0.45965 0.45622
1403638556.4778294563 5.04135 8.90683 2.74852 -0.31974 0.69353 0.46100 0.45194
1403638556.5778295994 5.11965 8.85208 2.75941 -0.31911 0.69658 0.46062 0.44807
1403638556.6778295040 5.20089 8.80227 2.77139 -0.32647 0.69928 0.45452 0.44479
1403638556.7778294086 5.28831 8.74700 2.79161 -0.33313 0.69620 0.44971 0.44955
1403638556.8778295517 5.37664 8.70281 2.81853 -0.33890 0.69485 0.44534 0.45166
1403638556.9778294563 5.47018 8.66046 2.84881 -0.34233 0.69351 0.44268 0.45375
1403638557.0778295994 5.57016 8.61799 2.87277 -0.34098 0.69207 0.44406 0.45561
1403638557.1778295040 5.67525 8.57507 2.88940 -0.33948 0.69048 0.44562 0.45763
1403638557.2778294086 5.78261 8.53171 2.89963 -0.33846 0.68941 0.44669 0.45893
1403638557.3778295517 5.89393 8.48819 2.90520 -0.33603 0.68818 0.44883 0.46048
1403638557.4778294563 6.00703 8.44555 2.91306 -0.33065 0.68511 0.45323 0.46462
1403638557.5778295994 6.12024 8.40282 2.92682 -0.32624 0.68267 0.45637 0.46824
1403638557.6778295040 6.23324 8.36115 2.94528 -0.32376 0.68147 0.45830 0.46983
1403638557.7778294086 6.34481 8.32012 2.96669 -0.32377 0.68116 0.45798 0.47058
1403638557.8778295517 6.45502 8.27863 2.98276 -0.32088 0.68110 0.45939 0.47127
1403638557.9778294563 6.56445 8.23735 2.99346 -0.31808 0.68230 0.46104 0.46981
1403638558.0778295994 6.67273 8.19743 2.99841 -0.31697 0.68604 0.46186 0.46429
1403638558.1778295040 6.78157 8.15974 3.00059 -0.31391 0.69179 0.46349 0.45614
1403638558.2778294086 6.89179 8.12703 3.00826 -0.31025 0.69588 0.46527 0.45058
1403638558.3778295517 7.00240 8.10241 3.02606 -0.30547 0.69717 0.46804 0.44898
1403638558.4778294563 7.11193 8.08444 3.05152 -0.29899 0.70078 0.47173 0.44384
1403638558.5778295994 7.22239 8.07619 3.08428 -0.30012 0.70338 0.47044 0.44031
1403638558.6778295040 7.33511 8.07830 3.12293 -0.30837 0.70425 0.46393 0.44012
1403638558.7778294086 7.45058 8.08767 3.16146 -0.31619 0.70405 0.45779 0.44131
1403638558.8778295517 7.57057 8.10169 3.19183 -0.31885 0.70286 0.45559 0.44359
1403638558.9778294563 7.69366 8.12026 3.21501 -0.32083 0.69812 0.45426 0.45094
1403638559.0778295994 7.81888 8.14179 3.23010 -0.32162 0.69368 0.45401 0.45743
1403638559.1778295040 7.94476 8.16642 3.23824 -0.32203 0.69028 0.45435 0.46192
1403638559.2778294086 8.06972 8.19258 3.23975 -0.32005 0.68742 0.45664 0.46529
1403638559.3778295517 8.19453 8.21918 3.23506 -0.31650 0.68507 0.45985 0.46801
1403638559.4778294563 8.31679 8.24690 3.22641 -0.31447 0.68272 0.46201 0.47069
1403638559.5778295994 8.43550 8.27564 3.21279 -0.31347 0.68053 0.46350 0.47306
1403638559.6778295040 8.55064 8.30662 3.19612 -0.31411 0.67949 0.46365 0.47398
1403638559.7778294086 8.66114 8.33827 3.18256 -0.31446 0.67863 0.46432 0.47432
1403638559.8778295517 8.76811 8.37310 3.17458 -0.31575 0.67943 0.46357 0.47306
1403638559.9778294563 8.87361 8.40880 3.16741 -0.31461 0.68309 0.45770 0.47427
1403638560.0778295994 8.97976 8.44608 3.15508 -0.30927 0.69119 0.44498 0.47812
1403638560.1778295040 9.08437 8.48259 3.13550 -0.29962 0.70121 0.42709 0.48593
1403638560.2778294086 9.18774 8.51973 3.11062 -0.28741 0.71235 0.40609 0.49501
1403638560.3778295517 9.28970 8.55579 3.08375 -0.27637 0.72055 0.38197 0.50846
1403638560.4778294563 9.38770 8.58948 3.05341 -0.26383 0.72896 0.35696 0.52114
1403638560.5778295994 9.48121 8.61840 3.01854 -0.25266 0.73860 0.33023 0.53065
1403638560.6778295040 9.57134 8.64300 2.97981 -0.24304 0.74952 0.30240 0.53638
1403638560.7778294086 9.65798 8.66065 2.94459 -0.23587 0.75868 0.27693 0.54044
1403638560.8778295517 9.74276 8.67033 2.91732 -0.22521 0.76548 0.25419 0.54655
1403638560.9778294563 9.82794 8.67345 2.89783 -0.21305 0.77007 0.23332 0.55422
1403638561.0778295994 9.91110 8.66858 2.88658 -0.20093 0.77291 0.21347 0.56273
1403638561.1778295040 9.99000 8.65472 2.88179 -0.19014 0.77454 0.19581 0.57061
1403638561.2778294086 10.06456 8.63345 2.88379 -0.18337 0.77499 0.18245 0.57660
1403638561.3778295517 10.13269 8.60412 2.88833 -0.17432 0.77965 0.17775 0.57460
1403638561.4778294563 10.19573 8.56791 2.88922 -0.16072 0.78540 0.18146 0.56955
1403638561.5778295994 10.25746 8.52853 2.88437 -0.15109 0.78875 0.18628 0.56599
1403638561.6778295040 10.31673 8.48797 2.87483 -0.14731 0.79034 0.18921 0.56380
1403638561.7778294086 10.37241 8.44613 2.85992 -0.14645 0.79044 0.19154 0.56309
1403638561.8778295517 10.42483 8.40229 2.83814 -0.14400 0.78978 0.19220 0.56442
1403638561.9778294563 10.47669 8.35731 2.81326 -0.13894 0.79080 0.18791 0.56570
1403638562.0778295994 10.52453 8.31122 2.78958 -0.13164 0.79270 0.17926 0.56760
1403638562.1778295040 10.56765 8.26334 2.77369 -0.12413 0.79469 0.16962 0.56947
1403638562.2778294086 10.60911 8.21742 2.76236 -0.11776 0.79584 0.16147 0.57158
1403638562.3778295517 10.64724 8.17094 2.75762 -0.11186 0.79692 0.14964 0.57447
1403638562.4778294563 10.68169 8.12287 2.75705 -0.10406 0.79950 0.13374 0.57626
1403638562.5778295994 10.71399 8.07492 2.76371 -0.09457 0.80214 0.11376 0.57852
1403638562.6778295040 10.74382 8.02566 2.77485 -0.08591 0.80534 0.08972 0.57966
1403638562.7778294086 10.77152 7.97432 2.78726 -0.07717 0.80735 0.06357 0.58155
1403638562.8778295517 10.79521 7.91931 2.79554 -0.06376 0.80893 0.03905 0.58313
1403638562.9778294563 10.81487 7.86096 2.79764 -0.04933 0.81001 0.01648 0.58410
1403638563.0778295994 10.83048 7.79960 2.79450 -0.04039 0.81027 -0.00753 0.58462
1403638563.1778295040 10.83929 7.73398 2.78739 -0.02853 0.81040 -0.02715 0.58455
1403638563.2778294086 10.84444 7.66361 2.77634 -0.01717 0.80751 -0.04087 0.58819
1403638563.3778295517 10.84306 7.58943 2.76068 -0.01079 0.79991 -0.05056 0.59789
1403638563.4778294563 10.83491 7.51150 2.73925 -0.00965 0.79396 -0.05753 0.60517
1403638563.5778295994 10.82059 7.42776 2.71741 -0.00411 0.79455 -0.05715 0.60449
1403638563.6778295040 10.79966 7.33937 2.70152 -0.00392 0.79810 -0.05713 0.59980
1403638563.7778294086 10.77335 7.24514 2.69252 -0.00695 0.80039 -0.05738 0.59668
1403638563.8778295517 10.74190 7.14689 2.69195 -0.01011 0.80004 -0.05645 0.59720
1403638563.9778294563 10.70631 7.04241 2.69754 -0.01371 0.79902 -0.05474 0.59865
1403638564.0778295994 10.66249 6.93389 2.70072 -0.01816 0.79968 -0.05248 0.59785
1403638564.1778295040 10.61332 6.81954 2.69876 -0.01991 0.79959 -0.04777 0.59831
1403638564.2778294086 10.56236 6.69685 2.69458 -0.01924 0.79797 -0.04221 0.60091
1403638564.3778295517 10.50203 6.57316 2.69599 -0.01938 0.79655 -0.03712 0.60313
1403638564.4778294563 10.43842 6.44355 2.70440 -0.01877 0.79528 -0.03281 0.60507
1403638564.5778295994 10.36292 6.31306 2.71691 -0.02145 0.79707 -0.03228 0.60264
1403638564.6778295040 10.28370 6.17982 2.72913 -0.02648 0.79889 -0.03515 0.59987
1403638564.7778294086 10.19436 6.04216 2.73417 -0.03016 0.79954 -0.03820 0.59864
1403638564.8778295517 10.10510 5.89872 2.73354 -0.03230 0.79913 -0.04073 0.59891
1403638564.9778294563 10.00845 5.74575 2.71189 -0.03416 0.79864 -0.04239 0.59934
1403638565.0778295994 9.90917 5.58802 2.67732 -0.03535 0.79905 -0.04315 0.59866
1403638565.1778295040 9.80631 5.42494 2.62747 -0.03578 0.79984 -0.04340 0.59757
1403638565.2778294086 9.69991 5.25584 2.57140 -0.03409 0.80081 -0.04261 0.59642
1403638565.3778295517 9.59044 5.08207 2.51247 -0.03129 0.80183 -0.04137 0.59530
1403638565.4778294563 9.47796 4.90360 2.45303 -0.02830 0.80114 -0.04044 0.59643
1403638565.5778295994 9.36362 4.72206 2.40000 -0.02169 0.79898 -0.03822 0.59975
1403638565.6778295040 9.24470 4.53813 2.35570 -0.00988 0.79859 -0.03224 0.60093
1403638565.7778294086 9.12352 4.35497 2.31723 -0.00074 0.80120 -0.02784 0.59774
1403638565.8778295517 8.99500 4.17321 2.28648 0.00657 0.80330 -0.02452 0.59503
1403638565.9778294563 8.86242 3.99443 2.25933 0.00910 0.80510 -0.02507 0.59254
1403638566.0778295994 8.72810 3.81988 2.22626 0.01070 0.80610 -0.02545 0.59113
1403638566.1778295040 8.59245 3.64850 2.18422 0.00866 0.80629 -0.02688 0.59085
1403638566.2778294086 8.45503 3.48012 2.13352 0.00925 0.80587 -0.02604 0.59145
1403638566.3778295517 8.31824 3.31452 2.07427 0.00948 0.80683 -0.02494 0.59018
1403638566.4778294563 8.18218 3.15212 2.00902 0.00610 0.80708 -0.02562 0.58986
1403638566.5778295994 8.04757 2.99443 1.93781 0.00544 0.81020 -0.02377 0.58565
1403638566.6778295040 7.91326 2.84099 1.85925 0.00486 0.81944 -0.02178 0.57273
1403638566.7778294086 7.78399 2.69183 1.77571 0.00441 0.83106 -0.01977 0.55582
1403638566.8778295517 7.66257 2.54621 1.68943 0.00297 0.83903 -0.01838 0.54376
1403638566.9778294563 7.54951 2.40332 1.60118 0.00304 0.84289 -0.01541 0.53785
1403638567.0778295994 7.44441 2.26460 1.51499 0.00256 0.83476 -0.01404 0.55043
1403638567.1778295040 7.34659 2.12801 1.42609 0.00419 0.82238 -0.01208 0.56880
1403638567.2778294086 7.24992 1.99257 1.33233 0.00698 0.81366 -0.01037 0.58121
1403638567.3778295517 7.15224 1.86119 1.23359 0.00978 0.81170 -0.00973 0.58391
1403638567.4778294563 7.05229 1.73309 1.13885 0.01165 0.81248 -0.01054 0.58278
1403638567.5778295994 6.95164 1.60893 1.05072 0.01307 0.81600 -0.01215 0.57777
1403638567.6778295040 6.84893 1.48482 0.97216 0.01643 0.81924 -0.01251 0.57307
1403638567.7778294086 6.74904 1.36629 0.90311 0.01851 0.82249 -0.01295 0.56834
1403638567.8778295517 6.65331 1.25242 0.84282 0.01778 0.82590 -0.01508 0.56333
1403638567.9778294563 6.56621 1.14519 0.78963 0.01777 0.82684 -0.01604 0.56192
1403638568.0778295994 6.48445 1.04278 0.74496 0.02079 0.82664 -0.01425 0.56217
1403638568.1778295040 6.40707 0.94605 0.70994 0.02283 0.82588 -0.01297 0.56323
1403638568.2778294086 6.33253 0.85440 0.68175 0.02383 0.82574 -0.01324 0.56339
1403638568.3778295517 6.26206 0.76718 0.65381 0.02390 0.82621 -0.01357 0.56269
1403638568.4778294563 6.19511 0.68643 0.61862 0.02445 0.82704 -0.01351 0.56145
1403638568.5778295994 6.13203 0.60835 0.58275 0.02538 0.82839 -0.01285 0.55943
1403638568.6778295040 6.07335 0.53657 0.54177 0.02678 0.83013 -0.01146 0.55681
1403638568.7778294086 6.01956 0.47065 0.50669 0.02645 0.83143 -0.01150 0.55488
1403638568.8778295517 5.97025 0.41249 0.48083 0.02450 0.83081 -0.01318 0.55587
1403638568.9778294563 5.92649 0.35749 0.45905 0.02641 0.83022 -0.01150 0.55669
1403638569.0778295994 5.88531 0.30718 0.44885 0.02792 0.82995 -0.01050 0.55704
1403638569.1778295040 5.84861 0.26095 0.44138 0.02854 0.83073 -0.01046 0.55585
1403638569.2778294086 5.81218 0.21977 0.43710 0.03066 0.83190 -0.00944 0.55400
1403638569.3778295517 5.78407 0.18427 0.42545 0.03152 0.83179 -0.00919 0.55411
1403638569.4778294563 5.75814 0.15123 0.40993 0.03197 0.83033 -0.00878 0.55628
1403638569.5778295994 5.74071 0.12754 0.39097 0.03264 0.82905 -0.00845 0.55816
1403638569.6778295040 5.72751 0.10959 0.37761 0.03170 0.82794 -0.00941 0.55984
1403638569.7778294086 5.71721 0.09730 0.37061 0.03261 0.82710 -0.00880 0.56105
1403638569.8778295517 5.70925 0.08872 0.36919 0.03356 0.82583 -0.00774 0.56287
1403638569.9778294563 5.70546 0.08717 0.37243 0.03226 0.82433 -0.00860 0.56512
1403638570.0778295994 5.70508 0.09173 0.37335 0.02991 0.82379 -0.01014 0.56602
1403638570.1778295040 5.70677 0.10040 0.36837 0.02494 0.82400 -0.01293 0.56589
1403638570.2778294086 5.70987 0.11166 0.35752 0.01734 0.82357 -0.01758 0.56668
1403638570.3778295517 5.71458 0.12429 0.34221 0.01102 0.82342 -0.02492 0.56677
1403638570.4778294563 5.72027 0.13530 0.32139 0.00679 0.82317 -0.04053 0.56631
1403638570.5778295994 5.72430 0.14190 0.29415 -0.00021 0.82092 -0.06761 0.56702
1403638570.6778295040 5.72797 0.14123 0.26318 0.00065 0.81617 -0.09696 0.56962
1403638570.7778294086 5.73101 0.13080 0.22932 0.00783 0.80547 -0.12477 0.57931
1403638570.8778295517 5.72929 0.10971 0.19335 0.02036 0.79411 -0.14945 0.58876
1403638570.9778294563 5.72085 0.07792 0.15396 0.03584 0.78622 -0.17097 0.59275
1403638571.0778295994 5.70453 0.03577 0.11014 0.05284 0.78369 -0.19013 0.58898
1403638571.1778295040 5.67868 -0.01495 0.06840 0.07452 0.78641 -0.20250 0.57880
1403638571.2778294086 5.64649 -0.07374 0.03618 0.09476 0.78770 -0.20886 0.57178
1403638571.3778295517 5.60735 -0.13672 0.01429 0.10745 0.78705 -0.21423 0.56842
1403638571.4778294563 5.56313 -0.20322 0.00200 0.11338 0.78425 -0.21900 0.56933
1403638571.5778295994 5.51402 -0.27292 -0.00668 0.12026 0.78186 -0.22320 0.56958
1403638571.6778295040 5.46128 -0.34545 -0.01946 0.12651 0.78163 -0.23252 0.56478
1403638571.7778294086 5.40557 -0.42151 -0.03751 0.13467 0.78119 -0.24589 0.55780
1403638571.8778295517 5.34802 -0.50094 -0.05983 0.14208 0.77838 -0.26357 0.55178
1403638571.9778294563 5.28768 -0.58469 -0.07876 0.14986 0.77254 -0.28355 0.54802
1403638572.0778295994 5.22461 -0.67186 -0.08983 0.15909 0.76580 -0.30277 0.54458
1403638572.1778295040 5.15739 -0.76291 -0.09190 0.17495 0.75910 -0.31796 0.54042
1403638572.2778294086 5.08695 -0.85647 -0.08924 0.18928 0.75494 -0.33455 0.53133
1403638572.3778295517 5.01579 -0.95336 -0.08867 0.20264 0.75024 -0.35290 0.52109
1403638572.4778294563 4.94477 -1.05339 -0.09095 0.21684 0.74635 -0.36601 0.51184
1403638572.5778295994 4.87526 -1.15713 -0.09446 0.22787 0.74259 -0.37467 0.50621
1403638572.6778295040 4.80784 -1.26392 -0.09680 0.23383 0.74083 -0.38008 0.50204
1403638572.7778294086 4.74323 -1.37541 -0.09106 0.24172 0.74219 -0.37980 0.49646
1403638572.8778295517 4.68282 -1.48976 -0.07733 0.24540 0.74459 -0.37904 0.49163
1403638572.9778294563 4.62623 -1.60715 -0.05873 0.24603 0.74670 -0.37797 0.48892
1403638573.0778295994 4.57418 -1.72743 -0.04445 0.24533 0.74874 -0.37669 0.48714
1403638573.1778295040 4.52647 -1.85026 -0.03679 0.24350 0.75032 -0.37541 0.48661
1403638573.2778294086 4.48394 -1.97510 -0.03040 0.24183 0.75170 -0.37337 0.48689
1403638573.3778295517 4.44412 -2.10432 -0.02385 0.24096 0.75247 -0.37239 0.48688
1403638573.4778294563 4.41289 -2.23461 -0.01270 0.24406 0.75258 -0.37251 0.48506
1403638573.5778295994 4.38536 -2.36975 0.00523 0.24573 0.75249 -0.37275 0.48417
1403638573.6778295040 4.36386 -2.50502 0.03050 0.24863 0.75284 -0.37329 0.48173
1403638573.7778294086 4.34758 -2.64275 0.06037 0.25548 0.74927 -0.37673 0.48104
1403638573.8778295517 4.33762 -2.78204 0.08951 0.26895 0.73908 -0.38245 0.48494
1403638573.9778294563 4.33329 -2.92055 0.11328 0.28053 0.72385 -0.39619 0.49027
1403638574.0778295994 4.33177 -3.05566 0.12988 0.28609 0.70390 -0.41806 0.49790
1403638574.1778295040 4.33057 -3.18593 0.14043 0.29193 0.68207 -0.44242 0.50380
1403638574.2778294086 4.32729 -3.31179 0.14572 0.30138 0.66373 -0.46500 0.50240
1403638574.3778295517 4.31587 -3.43535 0.14727 0.31396 0.65073 -0.48509 0.49262
1403638574.4778294563 4.29709 -3.55721 0.14547 0.32764 0.63941 -0.50322 0.48018
1403638574.5778295994 4.27330 -3.67526 0.14730 0.33822 0.62898 -0.51748 0.47140
1403638574.6778295040 4.24541 -3.79191 0.15754 0.35022 0.62272 -0.52460 0.46299
1403638574.7778294086 4.21637 -3.90806 0.17394 0.36122 0.62261 -0.52707 0.45175
1403638574.8778295517 4.18763 -4.02302 0.19403 0.36272 0.62480 -0.53136 0.44239
1403638574.9778294563 4.15794 -4.13365 0.20921 0.36142 0.62727 -0.53451 0.43612
1403638575.0778295994 4.12812 -4.24186 0.21727 0.35382 0.62603 -0.53982 0.43759
1403638575.1778295040 4.09708 -4.34988 0.21936 0.34783 0.62347 -0.54311 0.44196
1403638575.2778294086 4.06391 -4.46074 0.21948 0.34430 0.62222 -0.54394 0.44545
1403638575.3778295517 4.02710 -4.57215 0.21338 0.34115 0.62563 -0.54381 0.44326
1403638575.4778294563 3.98822 -4.68608 0.20473 0.33939 0.63113 -0.54204 0.43895
1403638575.5778295994 3.94624 -4.80300 0.19478 0.33855 0.63616 -0.53936 0.43564
1403638575.6778295040 3.90297 -4.92572 0.19181 0.34213 0.64245 -0.53391 0.43029
1403638575.7778294086 3.85959 -5.05170 0.19726 0.34324 0.64898 -0.53071 0.42351
1403638575.8778295517 3.81883 -5.18048 0.21209 0.34321 0.65319 -0.52849 0.41982
1403638575.9778294563 3.78249 -5.31157 0.23784 0.34269 0.65353 -0.52768 0.42073
1403638576.0778295994 3.74927 -5.44818 0.27055 0.34334 0.65413 -0.52624 0.42108
1403638576.1778295040 3.71877 -5.59251 0.30826 0.34409 0.65256 -0.52580 0.42344
1403638576.2778294086 3.69211 -5.73987 0.34291 0.34814 0.65306 -0.52322 0.42255
1403638576.3778295517 3.66904 -5.89141 0.37111 0.35273 0.65457 -0.52019 0.42014
1403638576.4778294563 3.65139 -6.04579 0.39374 0.35663 0.65715 -0.51761 0.41598
1403638576.5778295994 3.64028 -6.20295 0.41114 0.36132 0.66119 -0.51462 0.40920
1403638576.6778295040 3.63698 -6.36127 0.42404 0.36453 0.66262 -0.51238 0.40684
1403638576.7778294086 3.64240 -6.52289 0.43268 0.36932 0.66019 -0.50875 0.41100
1403638576.8778295517 3.65485 -6.68498 0.43640 0.37183 0.65518 -0.50708 0.41874
1403638576.9778294563 3.67426 -6.84688 0.43547 0.36960 0.64886 -0.50900 0.42813
1403638577.0778295994 3.69907 -7.00599 0.43387 0.36517 0.64516 -0.51247 0.43335
1403638577.1778295040 3.72754 -7.16325 0.43982 0.36223 0.64242 -0.51465 0.43729
1403638577.2778294086 3.75882 -7.31719 0.45162 0.36259 0.64296 -0.51437 0.43652
1403638577.3778295517 3.79255 -7.47156 0.47229 0.36934 0.64710 -0.50934 0.43061
1403638577.4778294563 3.83030 -7.62320 0.49839 0.37375 0.64951 -0.50602 0.42708
1403638577.5778295994 3.87333 -7.77370 0.52081 0.37076 0.64955 -0.50777 0.42753
1403638577.6778295040 3.92115 -7.92137 0.53741 0.36735 0.64856 -0.50990 0.42945
1403638577.7778294086 3.97234 -8.06689 0.54614 0.36458 0.64812 -0.51143 0.43064
1403638577.8778295517 4.02793 -8.21165 0.55006 0.36425 0.64833 -0.51117 0.43093
1403638577.9778294563 4.08649 -8.35162 0.55036 0.36506 0.64883 -0.50976 0.43116
1403638578.0778295994 4.15018 -8.49527 0.55800 0.36391 0.64809 -0.50971 0.43329
1403638578.1778295040 4.21725 -8.63288 0.57104 0.35923 0.64513 -0.51221 0.43864
1403638578.2778294086 4.28566 -8.77148 0.59023 0.35060 0.64038 -0.51785 0.44590
1403638578.3778295517 4.35306 -8.91039 0.60943 0.34849 0.63806 -0.51954 0.44891
1403638578.4778294563 4.41812 -9.04736 0.62239 0.34866 0.63766 -0.51995 0.44886
1403638578.5778295994 4.48089 -9.18159 0.63073 0.34868 0.63711 -0.52065 0.44882
1403638578.6778295040 4.54238 -9.31838 0.63471 0.35114 0.63697 -0.51949 0.44845
1403638578.7778294086 4.60068 -9.44845 0.63615 0.35655 0.63945 -0.51603 0.44462
1403638578.8778295517 4.66131 -9.58215 0.63306 0.36173 0.64219 -0.51234 0.44074
1403638578.9778294563 4.72271 -9.70590 0.62985 0.36428 0.64348 -0.51023 0.43920
1403638579.0778295994 4.78737 -9.83652 0.63506 0.36471 0.64417 -0.50918 0.43906
1403638579.1778295040 4.85194 -9.95571 0.64787 0.36525 0.64422 -0.50827 0.43958
1403638579.2778294086 4.92243 -10.08115 0.66680 0.36300 0.64329 -0.50937 0.44153
1403638579.3778295517 4.99099 -10.19183 0.68588 0.35722 0.64016 -0.51312 0.44642
1403638579.4778294563 5.06310 -10.31348 0.70326 0.35133 0.63601 -0.51711 0.45239
1403638579.5778295994 5.13139 -10.42184 0.71271 0.34999 0.63344 -0.51445 0.46001
1403638579.6778295040 5.19779 -10.52924 0.71769 0.35192 0.63387 -0.50229 0.47124
1403638579.7778294086 5.26335 -10.63440 0.71737 0.35018 0.64407 -0.48314 0.47867
1403638579.8778295517 5.32732 -10.73326 0.71006 0.33948 0.66378 -0.46161 0.48069
1403638579.9778294563 5.39052 -10.82601 0.69765 0.32216 0.68349 -0.43626 0.48860
1403638580.0778295994 5.45484 -10.91529 0.68392 0.30732 0.69749 -0.40157 0.50775
1403638580.1778295040 5.52050 -10.99737 0.66673 0.28705 0.71117 -0.36453 0.52817
1403638580.2778294086 5.57981 -11.06387 0.64441 0.26040 0.72757 -0.32948 0.54247
1403638580.3778295517 5.63674 -11.12560 0.61611 0.22998 0.74335 -0.30298 0.55022
1403638580.4778294563 5.68716 -11.18244 0.58324 0.20376 0.75469 -0.28634 0.55401
1403638580.5778295994 5.73391 -11.23848 0.54917 0.18615 0.76179 -0.27290 0.55727
1403638580.6778295040 5.77705 -11.29263 0.51553 0.17081 0.77167 -0.25814 0.55563
1403638580.7778294086 5.81684 -11.34647 0.48870 0.16048 0.78156 -0.24298 0.55169
1403638580.8778295517 5.85374 -11.40043 0.47040 0.15573 0.78834 -0.23199 0.54814
1403638580.9778294563 5.89222 -11.45451 0.46353 0.14986 0.78977 -0.22850 0.54918
1403638581.0778295994 5.92875 -11.50503 0.46611 0.14873 0.79077 -0.22672 0.54879
1403638581.1778295040 5.96194 -11.55377 0.47617 0.15130 0.79068 -0.22517 0.54884
1403638581.2778294086 5.99284 -11.59959 0.48766 0.15539 0.79076 -0.22489 0.54770
1403638581.3778295517 6.02465 -11.63822 0.50572 0.15889 0.78953 -0.22617 0.54795
1403638581.4778294563 6.05318 -11.67856 0.51950 0.16159 0.78743 -0.22787 0.54948
1403638581.5778295994 6.07776 -11.70050 0.55262 0.16496 0.78685 -0.23007 0.54839
1403638581.6778295040 6.10597 -11.73269 0.57383 0.17000 0.78274 -0.23008 0.55270
1403638581.7778294086 6.12754 -11.74411 0.60097 0.17235 0.77911 -0.23191 0.55633
1403638581.8778295517 6.15303 -11.76105 0.61619 0.17545 0.77600 -0.23207 0.55962
1403638581.9778294563 6.18197 -11.78669 0.62096 0.17914 0.76845 -0.23053 0.56944
1403638582.0778295994 6.20989 -11.80593 0.62862 0.17803 0.77026 -0.23237 0.56658
1403638582.1778295040 6.23720 -11.82434 0.64256 0.17419 0.77768 -0.23558 0.55621
1403638582.2778294086 6.26092 -11.83843 0.66578 0.17466 0.78070 -0.23553 0.55184
1403638582.3778295517 6.29064 -11.85476 0.70088 0.17709 0.77743 -0.23339 0.55657
1403638582.4778294563 6.31426 -11.86241 0.74272 0.17917 0.77623 -0.23180 0.55824
1403638582.5778295994 6.33720 -11.86557 0.79703 0.18021 0.77561 -0.23074 0.55920
1403638582.6778295040 6.36452 -11.87357 0.85582 0.17995 0.77671 -0.23096 0.55768
1403638582.7778294086 6.38594 -11.86797 0.92804 0.17827 0.77829 -0.23274 0.55526
1403638582.8778295517 6.40650 -11.85933 1.00083 0.17875 0.77961 -0.23328 0.55302
1403638582.9778294563 6.42612 -11.84627 1.06710 0.17766 0.78183 -0.23486 0.54956
1403638583.0778295994 6.44487 -11.83014 1.12559 0.17681 0.78435 -0.23653 0.54552
1403638583.1778295040 6.46420 -11.81213 1.17618 0.17683 0.78594 -0.23724 0.54291
1403638583.2778294086 6.48582 -11.79335 1.22064 0.17559 0.78654 -0.23853 0.54187
1403638583.3778295517 6.51373 -11.77752 1.25022 0.17600 0.78622 -0.23805 0.54242
1403638583.4778294563 6.54126 -11.75511 1.28864 0.17623 0.78691 -0.23817 0.54129
1403638583.5778295994 6.56946 -11.73267 1.33217 0.17637 0.78688 -0.23807 0.54132
1403638583.6778295040 6.59857 -11.70805 1.38324 0.17807 0.78716 -0.23685 0.54090
1403638583.7778294086 6.62946 -11.68136 1.43496 0.17780 0.78686 -0.23687 0.54142
1403638583.8778295517 6.66281 -11.64419 1.45285 0.17860 0.78599 -0.23641 0.54262
1403638583.9778294563 6.70044 -11.61217 1.49075 0.17905 0.78600 -0.23614 0.54257
1403638584.0778295994 6.73434 -11.57755 1.52164 0.18189 0.78254 -0.23398 0.54754
1403638584.1778295040 6.77257 -11.54752 1.52668 0.18577 0.77356 -0.23065 0.56027
1403638584.2778294086 6.80553 -11.50527 1.55139 0.18780 0.76452 -0.22849 0.57274
1403638584.3778295517 6.83244 -11.46148 1.54038 0.18931 0.76174 -0.22724 0.57644
1403638584.4778294563 6.84698 -11.40435 1.52537 0.19004 0.76162 -0.22654 0.57662
1403638584.5778295994 6.86117 -11.34305 1.52899 0.18968 0.76182 -0.22662 0.57645
1403638584.6778295040 6.87187 -11.27609 1.53966 0.18742 0.76365 -0.22792 0.57425
1403638584.7778294086 6.86608 -11.20234 1.52939 0.18377 0.77049 -0.23002 0.56539
1403638584.8778295517 6.87197 -11.12438 1.55584 0.17760 0.77821 -0.23451 0.55484
1403638584.9778294563 6.85861 -11.04498 1.54618 0.17564 0.78179 -0.23634 0.54963
1403638585.0778295994 6.85068 -10.96278 1.53790 0.17524 0.78303 -0.23693 0.54774
1403638585.1778295040 6.85281 -10.88244 1.54501 0.17282 0.78288 -0.23855 0.54802
1403638585.2778294086 6.83661 -10.80720 1.51884 0.17366 0.78100 -0.23766 0.55082
1403638585.3778295517 6.83750 -10.72694 1.51237 0.17417 0.77892 -0.23698 0.55388
1403638585.4778294563 6.82562 -10.65353 1.49642 0.17385 0.77919 -0.23703 0.55359
1403638585.5778295994 6.82614 -10.57326 1.49480 0.17298 0.78103 -0.23713 0.55122
1403638585.6778295040 6.82087 -10.49638 1.49609 0.17283 0.78359 -0.23694 0.54770
1403638585.7778294086 6.82332 -10.41370 1.51099 0.16976 0.78865 -0.23901 0.54045
1403638585.8778295517 6.82130 -10.33450 1.53346 0.16724 0.79249 -0.24075 0.53481
1403638585.9778294563 6.82473 -10.25675 1.56566 0.16538 0.79241 -0.24274 0.53462
1403638586.0778295994 6.83006 -10.18080 1.60024 0.16718 0.78823 -0.24208 0.54050
1403638586.1778295040 6.84460 -10.10452 1.62662 0.16901 0.78542 -0.24166 0.54420
1403638586.2778294086 6.84985 -10.02759 1.64891 0.17118 0.78277 -0.24052 0.54783
1403638586.3778295517 6.86375 -9.95228 1.66520 0.17697 0.77965 -0.23698 0.55197
1403638586.4778294563 6.86536 -9.86922 1.67668 0.18499 0.77783 -0.23201 0.55402
1403638586.5778295994 6.87645 -9.78929 1.68152 0.18720 0.77709 -0.23087 0.55478
1403638586.6778295040 6.87691 -9.69980 1.67933 0.18435 0.77791 -0.23298 0.55370
1403638586.7778294086 6.88770 -9.61676 1.67135 0.18025 0.77762 -0.23570 0.55432
1403638586.8778295517 6.88885 -9.52841 1.65818 0.17798 0.77648 -0.23657 0.55626
1403638586.9778294563 6.89630 -9.44212 1.63968 0.17819 0.77623 -0.23631 0.55665
1403638587.0778295994 6.89574 -9.35305 1.61992 0.17737 0.77602 -0.23679 0.55701
1403638587.1778295040 6.90103 -9.26242 1.60464 0.17696 0.77724 -0.23674 0.55547
1403638587.2778294086 6.90216 -9.16882 1.59710 0.17625 0.77890 -0.23686 0.55331
1403638587.3778295517 6.90435 -9.07558 1.59617 0.17566 0.78051 -0.23719 0.55108
1403638587.4778294563 6.90668 -8.98077 1.59672 0.17385 0.78060 -0.23895 0.55076
1403638587.5778295994 6.90908 -8.88382 1.59764 0.17306 0.78066 -0.23994 0.55049
1403638587.6778295040 6.91467 -8.79070 1.58984 0.17288 0.78026 -0.24048 0.55088
1403638587.7778294086 6.91748 -8.69605 1.57860 0.17282 0.77989 -0.24090 0.55125
1403638587.8778295517 6.92325 -8.60495 1.56156 0.17197 0.77953 -0.24176 0.55164
1403638587.9778294563 6.92536 -8.51033 1.54228 0.17176 0.77914 -0.24227 0.55204
1403638588.0778295994 6.93003 -8.42369 1.51693 0.17278 0.77870 -0.24111 0.55285
1403638588.1778295040 6.92997 -8.33233 1.48927 0.17941 0.77944 -0.23670 0.55160
1403638588.2778294086 6.93213 -8.24522 1.46068 0.18214 0.78023 -0.23420 0.55064
1403638588.3778295517 6.93311 -8.14905 1.44055 0.18278 0.78058 -0.23348 0.55025
1403638588.4778294563 6.93743 -8.05503 1.42715 0.18101 0.78055 -0.23449 0.55045
1403638588.5778295994 6.93845 -7.95316 1.42311 0.17858 0.77985 -0.23613 0.55153
1403638588.6778295040 6.93845 -7.85286 1.42601 0.17616 0.77910 -0.23744 0.55281
1403638588.7778294086 6.93788 -7.74729 1.43617 0.17462 0.77761 -0.23886 0.55477
1403638588.8778295517 6.93826 -7.64742 1.44257 0.17212 0.77711 -0.24115 0.55526
1403638588.9778294563 6.93485 -7.54460 1.44183 0.17239 0.77704 -0.24144 0.55515
1403638589.0778295994 6.93316 -7.44682 1.43429 0.17281 0.77730 -0.24171 0.55454
1403638589.1778295040 6.92832 -7.34107 1.41903 0.17444 0.77705 -0.24103 0.55468
1403638589.2778294086 6.92631 -7.24145 1.40311 0.17411 0.77606 -0.24119 0.55609
1403638589.3778295517 6.91884 -7.13538 1.38328 0.17431 0.77586 -0.24101 0.55639
1403638589.4778294563 6.91444 -7.03463 1.37092 0.17398 0.77675 -0.24161 0.55498
1403638589.5778295994 6.90410 -6.92833 1.36213 0.17332 0.77670 -0.24201 0.55508
1403638589.6778295040 6.90125 -6.83049 1.36511 0.17291 0.77736 -0.24205 0.55428
1403638589.7778294086 6.89080 -6.72653 1.37217 0.17333 0.77891 -0.24242 0.55181
1403638589.8778295517 6.88275 -6.63283 1.38448 0.17329 0.77952 -0.24335 0.55054
1403638589.9778294563 6.87175 -6.52904 1.38382 0.17369 0.77951 -0.24382 0.55022
1403638590.0778295994 6.86173 -6.43578 1.38528 0.17323 0.77954 -0.24457 0.54999
1403638590.1778295040 6.85068 -6.33254 1.37601 0.17386 0.77848 -0.24490 0.55115
1403638590.2778294086 6.84189 -6.24560 1.36917 0.17342 0.77780 -0.24546 0.55199
1403638590.3778295517 6.82976 -6.14468 1.35196 0.17367 0.77810 -0.24591 0.55129
1403638590.4778294563 6.81958 -6.04880 1.33536 0.17372 0.77873 -0.24614 0.55028
1403638590.5778295994 6.80559 -5.95022 1.31720 0.17268 0.77981 -0.24681 0.54878
1403638590.6778295040 6.79458 -5.85448 1.30767 0.17078 0.78156 -0.24776 0.54645
1403638590.7778294086 6.78174 -5.75892 1.30657 0.17003 0.78237 -0.24822 0.54532
1403638590.8778295517 6.77027 -5.66774 1.31209 0.17020 0.78324 -0.24815 0.54405
1403638590.9778294563 6.75852 -5.57357 1.32488 0.16892 0.78383 -0.24903 0.54320
1403638591.0778295994 6.74453 -5.48158 1.34026 0.16751 0.78472 -0.25037 0.54172
1403638591.1778295040 6.73476 -5.38868 1.35078 0.16672 0.78893 -0.25152 0.53529
1403638591.2778294086 6.72371 -5.29449 1.35187 0.16439 0.79479 -0.25360 0.52629
1403638591.3778295517 6.71826 -5.21002 1.34940 0.16116 0.79911 -0.25607 0.51949
1403638591.4778294563 6.71955 -5.13337 1.34229 0.15854 0.80187 -0.25815 0.51501
1403638591.5778295994 6.72730 -5.06353 1.32940 0.15589 0.80463 -0.26038 0.51036
1403638591.6778295040 6.74144 -5.00249 1.31267 0.15453 0.80491 -0.26150 0.50977
1403638591.7778294086 6.76273 -4.95161 1.29618 0.15618 0.80304 -0.26046 0.51273
1403638591.8778295517 6.79248 -4.91264 1.28142 0.15699 0.80076 -0.25961 0.51646
1403638591.9778294563 6.82764 -4.88306 1.27445 0.15755 0.79817 -0.25887 0.52066
1403638592.0778295994 6.86749 -4.86245 1.27601 0.15778 0.79564 -0.25775 0.52500
1403638592.1778295040 6.91219 -4.84118 1.28693 0.15565 0.79279 -0.25593 0.53081
1403638592.2778294086 6.95951 -4.83476 1.30972 0.15026 0.78727 -0.25060 0.54298
1403638592.3778295517 7.00657 -4.82596 1.34157 0.14103 0.78457 -0.24177 0.55327
1403638592.4778294563 7.05191 -4.81554 1.38047 0.12919 0.78685 -0.22788 0.55879
1403638592.5778295994 7.09398 -4.80927 1.42494 0.12145 0.79400 -0.21354 0.55607
1403638592.6778295040 7.13363 -4.80663 1.47497 0.11494 0.80129 -0.20214 0.55123
1403638592.7778294086 7.17251 -4.80816 1.52396 0.10988 0.80824 -0.19445 0.54485
1403638592.8778295517 7.21168 -4.81343 1.56784 0.10585 0.81321 -0.18970 0.53991
1403638592.9778294563 7.25316 -4.82144 1.60661 0.10520 0.81567 -0.18594 0.53763
1403638593.0778295994 7.29939 -4.83531 1.63885 0.10414 0.81640 -0.18462 0.53717
1403638593.1778295040 7.34912 -4.85224 1.67367 0.10420 0.81469 -0.18372 0.54007
1403638593.2778294086 7.40402 -4.87444 1.71252 0.11086 0.81137 -0.17996 0.54498
1403638593.3778295517 7.46020 -4.89791 1.75884 0.11978 0.80791 -0.17490 0.54987
1403638593.4778294563 7.51612 -4.92070 1.80236 0.12788 0.80322 -0.17101 0.55610
1403638593.5778295994 7.57360 -4.94133 1.83920 0.13242 0.80035 -0.16977 0.55955
1403638593.6778295040 7.63199 -4.95838 1.86956 0.13511 0.79912 -0.16950 0.56073
1403638593.7778294086 7.69014 -4.97167 1.89459 0.13636 0.79579 -0.16988 0.56504
1403638593.8778295517 7.74706 -4.98109 1.91881 0.13186 0.78536 -0.17009 0.58042
1403638593.9778294563 7.79886 -4.98442 1.94850 0.12522 0.78192 -0.16704 0.58739
1403638594.0778295994 7.84330 -4.98474 1.98102 0.11704 0.78745 -0.16495 0.58225
1403638594.1778295040 7.88210 -4.98354 2.01827 0.11496 0.79351 -0.16026 0.57571
1403638594.2778294086 7.91721 -4.98100 2.05424 0.11538 0.79588 -0.15544 0.57368
1403638594.3778295517 7.94814 -4.97554 2.08543 0.11785 0.79483 -0.15057 0.57592
1403638594.4778294563 7.97355 -4.96624 2.12240 0.12153 0.79342 -0.14514 0.57848
1403638594.5778295994 7.99680 -4.95254 2.16234 0.11596 0.79373 -0.14706 0.57872
1403638594.6778295040 8.01266 -4.93461 2.21127 0.11033 0.79433 -0.15028 0.57817
1403638594.7778294086 8.02911 -4.91686 2.25341 0.10823 0.79507 -0.15230 0.57702
1403638594.8778295517 8.03591 -4.89571 2.29266 0.10698 0.79511 -0.15399 0.57676
1403638594.9778294563 8.04683 -4.87523 2.32104 0.10818 0.79695 -0.15450 0.57385
1403638595.0778295994 8.05524 -4.85323 2.34419 0.10691 0.79815 -0.15631 0.57193
1403638595.1778295040 8.06229 -4.83100 2.36144 0.10684 0.79864 -0.15756 0.57090
1403638595.2778294086 8.06805 -4.80864 2.37294 0.10746 0.79908 -0.15786 0.57009
1403638595.3778295517 8.06440 -4.78074 2.38471 0.10741 0.79870 -0.15865 0.57041
1403638595.4778294563 8.06610 -4.75840 2.38351 0.10752 0.79904 -0.15887 0.56985
1403638595.5778295994 8.06622 -4.73541 2.38133 0.10763 0.79983 -0.15858 0.56881
1403638595.6778295040 8.06449 -4.71169 2.38407 0.11006 0.79985 -0.15692 0.56877
1403638595.7778294086 8.06175 -4.68593 2.39159 0.11443 0.80079 -0.15398 0.56739
1403638595.8778295517 8.05948 -4.65877 2.39664 0.11577 0.80119 -0.15335 0.56673
1403638595.9778294563 8.05676 -4.63093 2.38806 0.11820 0.80089 -0.15192 0.56703
1403638596.0778295994 8.04923 -4.59803 2.37157 0.12576 0.80152 -0.14708 0.56578
1403638596.1778295040 8.04639 -4.56462 2.35078 0.13709 0.80289 -0.13919 0.56321
1403638596.2778294086 8.04387 -4.52293 2.33690 0.14890 0.80451 -0.13051 0.55997
1403638596.3778295517 8.03981 -4.46993 2.33410 0.15832 0.80456 -0.12301 0.55901
1403638596.4778294563 8.04109 -4.40855 2.33712 0.16384 0.80419 -0.11819 0.55898
1403638596.5778295994 8.04572 -4.33438 2.35118 0.17066 0.80490 -0.11279 0.55704
1403638596.6778295040 8.05502 -4.24590 2.37101 0.17831 0.80509 -0.10678 0.55554
1403638596.7778294086 8.07017 -4.14093 2.39825 0.18226 0.80517 -0.10341 0.55479
1403638596.8778295517 8.09134 -4.02014 2.43428 0.18587 0.80451 -0.10061 0.55505
1403638596.9778294563 8.11401 -3.88165 2.46980 0.18765 0.80323 -0.09971 0.55648
1403638597.0778295994 8.14205 -3.72964 2.50239 0.19043 0.80236 -0.09870 0.55697
1403638597.1778295040 8.17281 -3.56317 2.52906 0.19271 0.80054 -0.09848 0.55884
1403638597.2778294086 8.20595 -3.37839 2.54870 0.19021 0.79790 -0.10160 0.56290
1403638597.3778295517 8.24173 -3.17960 2.56153 0.18536 0.79623 -0.10646 0.56597
1403638597.4778294563 8.27884 -2.96598 2.57220 0.17663 0.79309 -0.11355 0.57176
1403638597.5778295994 8.31468 -2.74036 2.57787 0.16376 0.78862 -0.12315 0.57974
1403638597.6778295040 8.34757 -2.50598 2.57887 0.15930 0.78635 -0.12723 0.58317
1403638597.7778294086 8.37675 -2.26403 2.57467 0.16353 0.78806 -0.12211 0.58079
1403638597.8778295517 8.40315 -2.01381 2.56591 0.16776 0.79050 -0.11073 0.57854
1403638597.9778294563 8.42701 -1.75428 2.55399 0.16889 0.79201 -0.10154 0.57783
1403638598.0778295994 8.45180 -1.48340 2.54653 0.16201 0.79218 -0.09902 0.58000
1403638598.1778295040 8.47420 -1.20106 2.54517 0.14036 0.79385 -0.10818 0.58172
1403638598.2778294086 8.49376 -0.91268 2.54842 0.12291 0.79591 -0.11659 0.58123
1403638598.3778295517 8.51254 -0.62346 2.54976 0.11203 0.79782 -0.12187 0.57973
1403638598.4778294563 8.53093 -0.33548 2.54510 0.10788 0.80018 -0.12361 0.57689
1403638598.5778295994 8.54706 -0.04855 2.53244 0.10300 0.80220 -0.12160 0.57540
1403638598.6778295040 8.56148 0.23602 2.51428 0.09870 0.80446 -0.11303 0.57474
1403638598.7778294086 8.57404 0.51778 2.49733 0.09028 0.80659 -0.10214 0.57518
1403638598.8778295517 8.58412 0.79686 2.48704 0.08101 0.80751 -0.08764 0.57765
1403638598.9778294563 8.59069 1.07289 2.48004 0.07105 0.80986 -0.07116 0.57794
1403638599.0778295994 8.59623 1.34761 2.47733 0.05895 0.81113 -0.05442 0.57933
1403638599.1778295040 8.59963 1.62070 2.48036 0.04693 0.81231 -0.03671 0.58018
1403638599.2778294086 8.59998 1.89054 2.48768 0.03593 0.81410 -0.01759 0.57934
1403638599.3778295517 8.59836 2.15828 2.50235 0.02343 0.81716 -0.00016 0.57593
1403638599.4778294563 8.59443 2.42441 2.52214 0.01436 0.81918 0.01331 0.57320
1403638599.5778295994 8.58971 2.68941 2.54038 0.00886 0.82139 0.02195 0.56987
1403638599.6778295040 8.58467 2.95381 2.55010 0.00527 0.82281 0.02664 0.56767
1403638599.7778294086 8.58099 3.21725 2.55133 0.00404 0.82291 0.02774 0.56748
1403638599.8778295517 8.58054 3.47852 2.54591 0.00216 0.82425 0.02534 0.56565
1403638599.9778294563 8.58212 3.73904 2.53643 -0.00156 0.82453 0.01975 0.56547
1403638600.0778295994 8.58816 3.99681 2.52310 -0.00787 0.82579 0.01196 0.56380
1403638600.1778295040 8.59754 4.24806 2.50602 -0.01989 0.82767 0.00025 0.56086
1403638600.2778294086 8.60887 4.49279 2.48319 -0.02973 0.82992 -0.01040 0.55699
1403638600.3778295517 8.62457 4.72710 2.45927 -0.03720 0.83145 -0.01899 0.55402
1403638600.4778294563 8.64506 4.94753 2.44225 -0.04335 0.83271 -0.02547 0.55143
1403638600.5778295994 8.67152 5.15250 2.43600 -0.04125 0.83330 -0.02611 0.55067
1403638600.6778295040 8.70216 5.34269 2.43741 -0.04403 0.83484 -0.02907 0.54796
1403638600.7778294086 8.73847 5.51954 2.44568 -0.04360 0.83856 -0.02886 0.54229
1403638600.8778295517 8.78266 5.68064 2.45932 -0.03258 0.84228 -0.01997 0.53769
1403638600.9778294563 8.83275 5.83055 2.46986 -0.01582 0.84423 -0.00644 0.53571
1403638601.0778295994 8.88954 5.97152 2.47519 -0.00672 0.84453 0.00164 0.53546
1403638601.1778295040 8.95420 6.10792 2.47619 0.00110 0.84308 0.00807 0.53773
1403638601.2778294086 9.02661 6.24427 2.47357 0.01038 0.83659 0.01550 0.54751
1403638601.3778295517 9.10429 6.38160 2.46976 0.00752 0.83149 0.01930 0.55516
1403638601.4778294563 9.18536 6.52287 2.46974 -0.00563 0.82703 0.02391 0.56162
1403638601.5778295994 9.26709 6.66433 2.47781 -0.01649 0.82206 0.03816 0.56788
1403638601.6778295040 9.34943 6.80546 2.49097 -0.02770 0.81922 0.05821 0.56985
1403638601.7778294086 9.43003 6.94642 2.51119 -0.04030 0.81601 0.08368 0.57052
1403638601.8778295517 9.50814 7.08745 2.53967 -0.05419 0.81063 0.11268 0.57205
1403638601.9778294563 9.58271 7.23116 2.56929 -0.06897 0.80718 0.13605 0.57025
1403638602.0778295994 9.65489 7.37580 2.59294 -0.08042 0.80533 0.15297 0.56708
1403638602.1778295040 9.72298 7.52196 2.61026 -0.08632 0.80043 0.16856 0.56872
1403638602.2778294086 9.78642 7.66988 2.62293 -0.09394 0.79319 0.18591 0.57224
1403638602.3778295517 9.84519 7.82193 2.63566 -0.11649 0.78200 0.19826 0.57931
1403638602.4778294563 9.89634 7.97461 2.65879 -0.15160 0.75994 0.20432 0.59813
1403638602.5778295994 9.93597 8.11977 2.68957 -0.18696 0.73829 0.20890 0.61346
1403638602.6778295040 9.96256 8.25069 2.72561 -0.20761 0.72789 0.22211 0.61460
1403638602.7778294086 9.97263 8.36446 2.76643 -0.21848 0.72336 0.24163 0.60880
1403638602.8778295517 9.96378 8.45854 2.81140 -0.22942 0.71974 0.26117 0.60094
1403638602.9778294563 9.94030 8.53732 2.85895 -0.24877 0.71971 0.27648 0.58626
1403638603.0778295994 9.90932 8.60378 2.90352 -0.26738 0.71459 0.29101 0.57722
1403638603.1778295040 9.87358 8.65685 2.94149 -0.27944 0.70715 0.30518 0.57334
1403638603.2778294086 9.83138 8.69460 2.96716 -0.27736 0.71435 0.32235 0.55576
1403638603.3778295517 9.78447 8.72041 2.98332 -0.27021 0.72695 0.33684 0.53393
1403638603.4778294563 9.73615 8.74068 2.99500 -0.26647 0.73525 0.34405 0.51965
1403638603.5778295994 9.68965 8.75935 3.00411 -0.26770 0.73306 0.34823 0.51933
1403638603.6778295040 9.64154 8.77556 3.00897 -0.26981 0.72535 0.35044 0.52750
1403638603.7778294086 9.59494 8.78542 3.00538 -0.26367 0.71663 0.35664 0.53827
1403638603.8778295517 9.54035 8.79016 2.99674 -0.25710 0.70891 0.36144 0.54837
1403638603.9778294563 9.47934 8.79336 2.98241 -0.25210 0.70212 0.36409 0.55760
1403638604.0778295994 9.41194 8.79296 2.96101 -0.24612 0.69864 0.36670 0.56290
1403638604.1778295040 9.33253 8.79302 2.94429 -0.24482 0.69810 0.36747 0.56363
1403638604.2778294086 9.24374 8.78472 2.93483 -0.25114 0.70213 0.36375 0.55824
1403638604.3778295517 9.14302 8.77388 2.93184 -0.25632 0.70990 0.36069 0.54794
1403638604.4778294563 9.03661 8.75765 2.93585 -0.25400 0.71777 0.36236 0.53758
1403638604.5778295994 8.92793 8.73888 2.94551 -0.25195 0.72243 0.36371 0.53135
1403638604.6778295040 8.81658 8.71863 2.95060 -0.25451 0.72572 0.36213 0.52671
1403638604.7778294086 8.70456 8.69692 2.95062 -0.25855 0.72777 0.35947 0.52372
1403638604.8778295517 8.59399 8.67253 2.95037 -0.25953 0.73098 0.35887 0.51916
1403638604.9778294563 8.48401 8.64592 2.95341 -0.25694 0.73697 0.36072 0.51062
1403638605.0778295994 8.37554 8.61727 2.96441 -0.25423 0.74338 0.36276 0.50116
1403638605.1778295040 8.27254 8.58996 2.98399 -0.25166 0.74730 0.36484 0.49508
1403638605.2778294086 8.17574 8.56928 3.00504 -0.24780 0.74810 0.36757 0.49380
1403638605.3778295517 8.08184 8.55356 3.02070 -0.24180 0.74338 0.37175 0.50071
1403638605.4778294563 7.99114 8.54387 3.03289 -0.23471 0.73325 0.37713 0.51480
1403638605.5778295994 7.89646 8.53690 3.03640 -0.22930 0.72486 0.38120 0.52601
1403638605.6778295040 7.79957 8.53415 3.03529 -0.22487 0.71906 0.38440 0.53349
1403638605.7778294086 7.69641 8.53607 3.03773 -0.22329 0.71815 0.38549 0.53460
1403638605.8778295517 7.58877 8.54351 3.05192 -0.22051 0.71808 0.38712 0.53467
1403638605.9778294563 7.47454 8.55881 3.06945 -0.21646 0.71736 0.38902 0.53592
1403638606.0778295994 7.35321 8.57812 3.08769 -0.21385 0.71748 0.38974 0.53627
1403638606.1778295040 7.22489 8.60355 3.09542 -0.21043 0.71727 0.39128 0.53679
1403638606.2778294086 7.09042 8.63455 3.10033 -0.20826 0.71850 0.39164 0.53573
1403638606.3778295517 6.94804 8.67242 3.09271 -0.21368 0.72711 0.38695 0.52529
1403638606.4778294563 6.80084 8.71482 3.08062 -0.22164 0.73742 0.38043 0.51220
1403638606.5778295994 6.65294 8.76240 3.06303 -0.22843 0.74605 0.37593 0.49990
1403638606.6778295040 6.50858 8.81676 3.04152 -0.23381 0.74916 0.37810 0.49105
1403638606.7778294086 6.36861 8.87795 3.01564 -0.23855 0.74893 0.38730 0.48187
1403638606.8778295517 6.23352 8.94588 2.98803 -0.24705 0.74509 0.39991 0.47315
1403638606.9778294563 6.10370 9.02251 2.96552 -0.25791 0.73763 0.41526 0.46576
1403638607.0778295994 5.98443 9.10563 2.95345 -0.27192 0.72867 0.42957 0.45889
1403638607.1778295040 5.87320 9.19643 2.94914 -0.28838 0.71885 0.43646 0.45781
1403638607.2778294086 5.76767 9.29188 2.94447 -0.30231 0.70526 0.44063 0.46590
1403638607.3778295517 5.66551 9.38908 2.93129 -0.31509 0.69681 0.44053 0.47022
1403638607.4778294563 5.56797 9.48615 2.90902 -0.32090 0.69371 0.44161 0.46986
1403638607.5778295994 5.47504 9.58026 2.87949 -0.32284 0.69266 0.44293 0.46884
1403638607.6778295040 5.38675 9.67132 2.84713 -0.32450 0.69095 0.44291 0.47024
1403638607.7778294086 5.30415 9.76111 2.81198 -0.32294 0.68951 0.44335 0.47301
1403638607.8778295517 5.22343 9.84933 2.77287 -0.32400 0.69180 0.44128 0.47087
1403638607.9778294563 5.14944 9.93445 2.72979 -0.32612 0.69627 0.43795 0.46589
1403638608.0778295994 5.08057 10.01957 2.68248 -0.32685 0.69509 0.43538 0.46953
1403638608.1778295040 5.01578 10.10120 2.63027 -0.32306 0.69209 0.43573 0.47622
1403638608.2778294086 4.95549 10.17755 2.57386 -0.32187 0.68752 0.43498 0.48426
1403638608.3778295517 4.89728 10.25073 2.51270 -0.32227 0.68175 0.43371 0.49321
1403638608.4778294563 4.83836 10.31963 2.44656 -0.32239 0.68166 0.43332 0.49360
1403638608.5778295994 4.78120 10.38278 2.37470 -0.32058 0.68317 0.43402 0.49207
1403638608.6778295040 4.72336 10.44165 2.30646 -0.32613 0.68048 0.43004 0.49563
1403638608.7778294086 4.66548 10.49313 2.24206 -0.32659 0.68062 0.42975 0.49539
1403638608.8778295517 4.60855 10.53813 2.18242 -0.32524 0.68400 0.43116 0.49036
1403638608.9778294563 4.55223 10.57687 2.13170 -0.32428 0.68808 0.43208 0.48445
1403638609.0778295994 4.49793 10.61283 2.08669 -0.32363 0.69081 0.43263 0.48050
1403638609.1778295040 4.44514 10.64449 2.04824 -0.32553 0.69126 0.43127 0.47978
1403638609.2778294086 4.39481 10.67222 2.00944 -0.33347 0.69146 0.42553 0.47918
1403638609.3778295517 4.34942 10.69604 1.96339 -0.33230 0.69170 0.42601 0.47921
1403638609.4778294563 4.30668 10.71688 1.91019 -0.32862 0.69174 0.42815 0.47979
1403638609.5778295994 4.26806 10.73139 1.85118 -0.32517 0.69170 0.43012 0.48043
1403638609.6778295040 4.23098 10.74942 1.78572 -0.32308 0.69073 0.43159 0.48191
1403638609.7778294086 4.19788 10.75900 1.72138 -0.32189 0.69083 0.43234 0.48190
1403638609.8778295517 4.16700 10.77288 1.66284 -0.32236 0.69107 0.43204 0.48151
1403638609.9778294563 4.13853 10.77737 1.61343 -0.32329 0.69060 0.43121 0.48230
1403638610.0778295994 4.11571 10.78251 1.57302 -0.32677 0.68839 0.42866 0.48537
1403638610.1778295040 4.09285 10.78204 1.53610 -0.32792 0.68534 0.42776 0.48969
1403638610.2778294086 4.07102 10.77701 1.49495 -0.33034 0.68409 0.42574 0.49157
1403638610.3778295517 4.05045 10.76657 1.44692 -0.33121 0.68373 0.42507 0.49206
1403638610.4778294563 4.03337 10.75009 1.39476 -0.33150 0.68209 0.42455 0.49459
1403638610.5778295994 4.01405 10.72939 1.33795 -0.33439 0.67691 0.42227 0.50166
1403638610.6778295040 3.99368 10.70038 1.28036 -0.33890 0.67190 0.41899 0.50807
1403638610.7778294086 3.97064 10.66263 1.22491 -0.33635 0.67719 0.42174 0.50041
1403638610.8778295517 3.94780 10.61950 1.17807 -0.33245 0.68349 0.42576 0.49096
1403638610.9778294563 3.92710 10.57237 1.13734 -0.33305 0.68387 0.42603 0.48980
1403638611.0778295994 3.90767 10.51994 1.09539 -0.33625 0.68105 0.42413 0.49317
1403638611.1778295040 3.89105 10.46274 1.04967 -0.33760 0.68010 0.42427 0.49344
1403638611.2778294086 3.87500 10.39879 1.00333 -0.33707 0.67969 0.42523 0.49354
1403638611.3778295517 3.85881 10.32701 0.96117 -0.33073 0.67724 0.42967 0.49735
1403638611.4778294563 3.83718 10.25089 0.92193 -0.31853 0.67290 0.43748 0.50434
1403638611.5778295994 3.81624 10.17386 0.89340 -0.30969 0.67243 0.44272 0.50589
1403638611.6778295040 3.78497 10.09171 0.86659 -0.30790 0.67484 0.44308 0.50345
1403638611.7778294086 3.75254 10.00940 0.83989 -0.31345 0.68069 0.43883 0.49581
1403638611.8778295517 3.72153 9.92746 0.81042 -0.31858 0.68636 0.43451 0.48848
1403638611.9778294563 3.68885 9.84515 0.77594 -0.32117 0.68980 0.43191 0.48423
1403638612.0778295994 3.65831 9.76393 0.74393 -0.32053 0.69177 0.43164 0.48208
1403638612.1778295040 3.63034 9.68013 0.71758 -0.32193 0.69303 0.43009 0.48073
1403638612.2778294086 3.60558 9.59974 0.70110 -0.32244 0.69307 0.42939 0.48095
1403638612.3778295517 3.58385 9.51645 0.68878 -0.32082 0.69261 0.42997 0.48217
1403638612.4778294563 3.56294 9.43119 0.67293 -0.32021 0.69142 0.42922 0.48495
1403638612.5778295994 3.54392 9.34608 0.65173 -0.31736 0.68925 0.42975 0.48942
1403638612.6778295040 3.52436 9.26062 0.62324 -0.31159 0.68731 0.43216 0.49371
1403638612.7778294086 3.50250 9.17366 0.58704 -0.30874 0.68640 0.43196 0.49694
1403638612.8778295517 3.47988 9.08851 0.55402 -0.30895 0.68530 0.42965 0.50031
1403638612.9778294563 3.45125 8.99796 0.52108 -0.30987 0.68593 0.42755 0.50067
1403638613.0778295994 3.42370 8.91333 0.50008 -0.31042 0.68876 0.42642 0.49741
1403638613.1778295040 3.39290 8.82641 0.48614 -0.30990 0.69119 0.42618 0.49455
1403638613.2778294086 3.35890 8.73459 0.47754 -0.30908 0.69164 0.42637 0.49428
1403638613.3778295517 3.32646 8.64833 0.47716 -0.30835 0.69120 0.42686 0.49493
1403638613.4778294563 3.29085 8.55500 0.47313 -0.30902 0.69065 0.42578 0.49621
1403638613.5778295994 3.25650 8.46855 0.46436 -0.30826 0.69201 0.42145 0.49848
1403638613.6778295040 3.22072 8.38197 0.44963 -0.31215 0.69277 0.41473 0.50063
1403638613.7778294086 3.18222 8.28816 0.42676 -0.31603 0.69156 0.40705 0.50614
1403638613.8778295517 3.14588 8.19614 0.39659 -0.31300 0.69388 0.39896 0.51126
1403638613.9778294563 3.10723 8.09306 0.36144 -0.30537 0.70001 0.38911 0.51510
1403638614.0778295994 3.06909 7.98850 0.32309 -0.29346 0.70821 0.37735 0.51954
1403638614.1778295040 3.02940 7.88133 0.28510 -0.27877 0.71864 0.36452 0.52246
1403638614.2778294086 2.98746 7.76914 0.25177 -0.26777 0.72770 0.35110 0.52486
1403638614.3778295517 2.94355 7.65589 0.22375 -0.25918 0.73449 0.34169 0.52593
1403638614.4778294563 2.89906 7.54582 0.20546 -0.25568 0.73932 0.33277 0.52659
1403638614.5778295994 2.85426 7.43315 0.19538 -0.25176 0.74390 0.32445 0.52722
1403638614.6778295040 2.81247 7.32248 0.19324 -0.24869 0.74927 0.31248 0.52831
1403638614.7778294086 2.77407 7.21224 0.20336 -0.24678 0.75938 0.29598 0.52424
1403638614.8778295517 2.73860 7.10119 0.22312 -0.23909 0.77077 0.27851 0.52075
1403638614.9778294563 2.71056 6.99122 0.25025 -0.22592 0.78027 0.25944 0.52233
1403638615.0778295994 2.68926 6.87821 0.28182 -0.20788 0.78792 0.23872 0.52819
1403638615.1778295040 2.67430 6.76332 0.31849 -0.18653 0.79163 0.21663 0.54001
1403638615.2778294086 2.66327 6.64595 0.35865 -0.16160 0.79423 0.19523 0.55224
1403638615.3778295517 2.65273 6.52946 0.39466 -0.14028 0.79818 0.16985 0.56069
1403638615.4778294563 2.64212 6.41083 0.42431 -0.12006 0.80153 0.14399 0.56780
1403638615.5778295994 2.62994 6.29103 0.44642 -0.10299 0.80511 0.11968 0.57172
1403638615.6778295040 2.61664 6.17111 0.46415 -0.08980 0.80738 0.10240 0.57410
1403638615.7778294086 2.60269 6.05428 0.48755 -0.08211 0.80881 0.08996 0.57532
1403638615.8778295517 2.58649 5.93834 0.51851 -0.07691 0.81017 0.07817 0.57585
1403638615.9778294563 2.57042 5.82260 0.54766 -0.06972 0.81186 0.06630 0.57586
1403638616.0778295994 2.55343 5.70580 0.57019 -0.06085 0.81261 0.05408 0.57709
1403638616.1778295040 2.53561 5.58848 0.57971 -0.05110 0.81396 0.04003 0.57728
1403638616.2778294086 2.51744 5.47034 0.57224 -0.04050 0.81515 0.02187 0.57741
1403638616.3778295517 2.49874 5.34964 0.55046 -0.02729 0.81605 0.00263 0.57733
1403638616.4778294563 2.47948 5.22777 0.52129 -0.01678 0.81673 -0.01524 0.57657
1403638616.5778295994 2.45977 5.10703 0.48865 -0.00742 0.81852 -0.02771 0.57377
1403638616.6778295040 2.44052 4.98686 0.45213 -0.00155 0.82324 -0.03731 0.56647
1403638616.7778294086 2.42266 4.86690 0.41112 -0.00445 0.83177 -0.04750 0.55307
1403638616.8778295517 2.41054 4.74644 0.36972 -0.00825 0.83756 -0.05422 0.54359
1403638616.9778294563 2.40674 4.62281 0.33693 -0.00305 0.83578 -0.05187 0.54661
1403638617.0778295994 2.40937 4.49490 0.31434 0.00252 0.83210 -0.04689 0.55263
1403638617.1778295040 2.41536 4.36459 0.29998 0.00846 0.82919 -0.04002 0.55746
1403638617.2778294086 2.42468 4.23386 0.29022 0.01011 0.83154 -0.03532 0.55425
1403638617.3778295517 2.43819 4.10273 0.28538 0.00974 0.83557 -0.03240 0.54835
1403638617.4778294563 2.45736 3.97467 0.28924 0.00944 0.83832 -0.02913 0.54431
1403638617.5778295994 2.48264 3.84838 0.30128 0.00922 0.83905 -0.02615 0.54335
1403638617.6778295040 2.51498 3.72608 0.32196 0.01026 0.83766 -0.02220 0.54565
1403638617.7778294086 2.55451 3.60921 0.35124 0.01045 0.83605 -0.01953 0.54820
1403638617.8778295517 2.59774 3.49589 0.38736 0.01148 0.83605 -0.01618 0.54829
1403638617.9778294563 2.64625 3.38688 0.42752 0.00947 0.83503 -0.01572 0.54989
1403638618.0778295994 2.69941 3.28023 0.46273 0.00871 0.83468 -0.01442 0.55048
1403638618.1778295040 2.75716 3.17717 0.49161 0.00634 0.83485 -0.01430 0.55025
1403638618.2778294086 2.81805 3.07637 0.51411 0.00682 0.83486 -0.01278 0.55028
1403638618.3778295517 2.88268 2.98017 0.53317 0.00661 0.83414 -0.01173 0.55139
1403638618.4778294563 2.95086 2.88573 0.54922 0.00639 0.83427 -0.01048 0.55122
1403638618.5778295994 3.02275 2.79569 0.56387 0.00753 0.83328 -0.00966 0.55272
1403638618.6778295040 3.09838 2.70594 0.57570 0.01141 0.83319 -0.01276 0.55272
1403638618.7778294086 3.17809 2.62196 0.59222 0.01399 0.83254 -0.01593 0.55356
1403638618.8778295517 3.26147 2.54064 0.61473 0.01699 0.83084 -0.01924 0.55591
1403638618.9778294563 3.34677 2.46269 0.63882 0.02295 0.82683 -0.02818 0.56128
1403638619.0778295994 3.43323 2.38617 0.65583 0.03483 0.82337 -0.04185 0.56488
1403638619.1778295040 3.51973 2.31226 0.66506 0.04840 0.81999 -0.06071 0.56708
1403638619.2778294086 3.60675 2.24124 0.66709 0.06238 0.81629 -0.08481 0.56797
1403638619.3778295517 3.69278 2.17306 0.65984 0.07858 0.81202 -0.10932 0.56788
1403638619.4778294563 3.77808 2.10870 0.64869 0.08917 0.80793 -0.13054 0.56768
1403638619.5778295994 3.86421 2.04720 0.63638 0.09571 0.80439 -0.14629 0.56780
1403638619.6778295040 3.94905 1.98762 0.62116 0.09200 0.80101 -0.16275 0.56871
1403638619.7778294086 4.03132 1.92752 0.60366 0.08840 0.79864 -0.17432 0.56918
1403638619.8778295517 4.10995 1.86510 0.58481 0.08806 0.79655 -0.18079 0.57015
1403638619.9778294563 4.18393 1.80052 0.56088 0.08942 0.79572 -0.18447 0.56992
1403638620.0778295994 4.25191 1.73163 0.54185 0.09150 0.79317 -0.18607 0.57261
1403638620.1778295040 4.31567 1.66025 0.52586 0.09610 0.79011 -0.18501 0.57642
1403638620.2778294086 4.36935 1.58661 0.51979 0.09881 0.79066 -0.18382 0.57559
1403638620.3778295517 4.41923 1.51151 0.51899 0.10156 0.79204 -0.18167 0.57389
1403638620.4778294563 4.45980 1.43651 0.52625 0.10262 0.79314 -0.17955 0.57285
1403638620.5778295994 4.50053 1.35923 0.53090 0.10222 0.79449 -0.17796 0.57155
1403638620.6778295040 4.53690 1.28204 0.53051 0.09937 0.79700 -0.17784 0.56858
1403638620.7778294086 4.56477 1.20585 0.52590 0.09585 0.80035 -0.17815 0.56437
1403638620.8778295517 4.59679 1.12499 0.51598 0.09910 0.80350 -0.17361 0.56073
1403638620.9778294563 4.62669 1.04504 0.50300 0.10367 0.80405 -0.16770 0.56093
1403638621.0778295994 4.65023 0.96753 0.49049 0.10736 0.80242 -0.16261 0.56405
1403638621.1778295040 4.67968 0.88778 0.48073 0.10601 0.80118 -0.16081 0.56657
1403638621.2778294086 4.70672 0.81121 0.47873 0.10627 0.80004 -0.15817 0.56888
1403638621.3778295517 4.73399 0.73568 0.48030 0.10795 0.80089 -0.15515 0.56820
1403638621.4778294563 4.75978 0.66274 0.47810 0.10850 0.79910 -0.15305 0.57118
1403638621.5778295994 4.78474 0.59281 0.46902 0.10842 0.79691 -0.15103 0.57478
1403638621.6778295040 4.80564 0.52771 0.45545 0.10804 0.79593 -0.15004 0.57647
1403638621.7778294086 4.82162 0.46797 0.43870 0.10897 0.79431 -0.14874 0.57886
1403638621.8778295517 4.83614 0.40877 0.41752 0.11077 0.79086 -0.14696 0.58367
1403638621.9778294563 4.84572 0.35622 0.39377 0.11118 0.78831 -0.14639 0.58717
1403638622.0778295994 4.84684 0.31470 0.36727 0.10979 0.78793 -0.14745 0.58768
1403638622.1778295040 4.84687 0.26917 0.33613 0.10662 0.78890 -0.14938 0.58648
1403638622.2778294086 4.84128 0.22917 0.30961 0.10382 0.78825 -0.15181 0.58723
1403638622.3778295517 4.83068 0.19187 0.29064 0.10450 0.78923 -0.15236 0.58564
1403638622.4778294563 4.81055 0.16359 0.28311 0.10820 0.79004 -0.15073 0.58430
1403638622.5778295994 4.79000 0.12968 0.27907 0.11166 0.78982 -0.14945 0.58428
1403638622.6778295040 4.76296 0.10748 0.28687 0.11558 0.78575 -0.14779 0.58940
1403638622.7778294086 4.73232 0.08329 0.30241 0.11819 0.77456 -0.14653 0.60384
1403638622.8778295517 4.69582 0.07070 0.32551 0.11988 0.76979 -0.14616 0.60967
1403638622.9778294563 4.65016 0.06290 0.34562 0.11849 0.77365 -0.14852 0.60446
1403638623.0778295994 4.59522 0.05794 0.35795 0.11493 0.78016 -0.15200 0.59585
1403638623.1778295040 4.53327 0.05840 0.36520 0.10996 0.78409 -0.15577 0.59063
1403638623.2778294086 4.46377 0.06524 0.36835 0.10696 0.78748 -0.15813 0.58603
1403638623.3778295517 4.39252 0.06722 0.36644 0.10467 0.79008 -0.15986 0.58246
1403638623.4778294563 4.31566 0.07398 0.36132 0.10538 0.79176 -0.15970 0.58009
1403638623.5778295994 4.23869 0.07803 0.35735 0.10672 0.79190 -0.15902 0.57985
1403638623.6778295040 4.15566 0.08244 0.36201 0.10812 0.79238 -0.15845 0.57909
1403638623.7778294086 4.07098 0.08781 0.37252 0.11035 0.79340 -0.15822 0.57733
1403638623.8778295517 3.98179 0.09541 0.38819 0.11177 0.79453 -0.15831 0.57547
1403638623.9778294563 3.88845 0.10376 0.40250 0.11336 0.79567 -0.15880 0.57344
1403638624.0778295994 3.79504 0.11430 0.41190 0.11171 0.79599 -0.16159 0.57254
1403638624.1778295040 3.70038 0.12449 0.41668 0.10927 0.79591 -0.16402 0.57244
1403638624.2778294086 3.60353 0.13663 0.41551 0.10724 0.79558 -0.16668 0.57251
1403638624.3778295517 3.50766 0.14817 0.41129 0.10685 0.79511 -0.16847 0.57272
1403638624.4778294563 3.41335 0.15723 0.40542 0.10829 0.79494 -0.16872 0.57261
1403638624.5778295994 3.31356 0.16817 0.39266 0.10357 0.78664 -0.17359 0.58338
1403638624.6778295040 3.21194 0.17788 0.37769 0.10517 0.78237 -0.17135 0.58947
1403638624.7778294086 3.11134 0.18559 0.36748 0.11007 0.78830 -0.16135 0.58346
1403638624.8778295517 3.00037 0.19820 0.36338 0.11149 0.79431 -0.15309 0.57724
1403638624.9778294563 2.89902 0.20855 0.36734 0.10422 0.79759 -0.15093 0.57464
1403638625.0778295994 2.79504 0.21987 0.37251 0.09657 0.79863 -0.14994 0.57478
1403638625.1778295040 2.68314 0.23456 0.37242 0.09022 0.79952 -0.15016 0.57453
1403638625.2778294086 2.58112 0.24285 0.36977 0.08816 0.80043 -0.14853 0.57401
1403638625.3778295517 2.46974 0.25413 0.36457 0.08701 0.80055 -0.14752 0.57427
1403638625.4778294563 2.36747 0.25886 0.36665 0.08595 0.80007 -0.14711 0.57520
1403638625.5778295994 2.25712 0.26726 0.37309 0.08661 0.80061 -0.14640 0.57453
1403638625.6778295040 2.14939 0.27297 0.38720 0.08674 0.80224 -0.14632 0.57226
1403638625.7778294086 2.04347 0.27547 0.40416 0.08558 0.80680 -0.14734 0.56572
1403638625.8778295517 1.93539 0.28037 0.41499 0.08585 0.80940 -0.14775 0.56184
1403638625.9778294563 1.83091 0.27995 0.42252 0.08690 0.80983 -0.14784 0.56104
1403638626.0778295994 1.72855 0.28045 0.42343 0.08539 0.81111 -0.14965 0.55893
1403638626.1778295040 1.63164 0.27780 0.42000 0.08563 0.81152 -0.15002 0.55821
1403638626.2778294086 1.53536 0.27384 0.41209 0.08859 0.81004 -0.14866 0.56025
1403638626.3778295517 1.43571 0.26913 0.40142 0.09646 0.80811 -0.14335 0.56312
1403638626.4778294563 1.34469 0.26493 0.38702 0.09889 0.80686 -0.14120 0.56503
1403638626.5778295994 1.24988 0.26176 0.37106 0.09957 0.80918 -0.14022 0.56183
1403638626.6778295040 1.16379 0.25916 0.35630 0.09836 0.81109 -0.14063 0.55917
1403638626.7778294086 1.07979 0.25845 0.34528 0.09580 0.81499 -0.14236 0.55349
1403638626.8778295517 0.99883 0.25667 0.34212 0.09529 0.81770 -0.14209 0.54963
1403638626.9778294563 0.92651 0.25503 0.34552 0.09462 0.81861 -0.14220 0.54837
1403638627.0778295994 0.85849 0.25331 0.34741 0.09396 0.81870 -0.14183 0.54844
1403638627.1778295040 0.79598 0.24989 0.34319 0.09318 0.81864 -0.14170 0.54870
1403638627.2778294086 0.73934 0.24614 0.33773 0.09448 0.81865 -0.14036 0.54880
1403638627.3778295517 0.68773 0.24269 0.32947 0.09652 0.81806 -0.13850 0.54980
1403638627.4778294563 0.64129 0.23935 0.31795 0.09673 0.81845 -0.13821 0.54925
1403638627.5778295994 0.60016 0.23635 0.30451 0.09797 0.81730 -0.13782 0.55084
1403638627.6778295040 0.57083 0.23331 0.28677 0.10000 0.81435 -0.13709 0.55502
1403638627.7778294086 0.53970 0.23181 0.27161 0.10175 0.81248 -0.13623 0.55765
1403638627.8778295517 0.51118 0.23229 0.25497 0.10271 0.81182 -0.13626 0.55842
1403638627.9778294563 0.48291 0.23423 0.23838 0.10313 0.81377 -0.13637 0.55547
1403638628.0778295994 0.46663 0.23731 0.21880 0.10413 0.81493 -0.13663 0.55352
1403638628.1778295040 0.44431 0.24197 0.20608 0.10521 0.81549 -0.13714 0.55235
1403638628.2778294086 0.42855 0.24867 0.19420 0.10538 0.81572 -0.13784 0.55181
1403638628.3778295517 0.42236 0.25538 0.18175 0.10403 0.81632 -0.13935 0.55080
1403638628.4778294563 0.41286 0.26459 0.17637 0.09810 0.81356 -0.14403 0.55475
1403638628.5778295994 0.40800 0.27375 0.17421 0.09000 0.80644 -0.14979 0.56490
1403638628.6778295040 0.40284 0.28183 0.17336 0.08444 0.80242 -0.15383 0.57038
1403638628.7778294086 0.41632 0.29115 0.17120 0.08643 0.80367 -0.15320 0.56849
1403638628.8778295517 0.40670 0.29460 0.16231 0.09088 0.80425 -0.15045 0.56771
1403638628.9778294563 0.39750 0.29695 0.15052 0.09580 0.80489 -0.14752 0.56675
1403638629.0778295994 0.38710 0.29997 0.14062 0.10059 0.80601 -0.14409 0.56521
1403638629.1778295040 0.37225 0.30169 0.13492 0.10293 0.80718 -0.14198 0.56366
1403638629.2778294086 0.35966 0.30720 0.12998 0.10354 0.80746 -0.14121 0.56333
1403638629.3778295517 0.35026 0.31340 0.12724 0.10446 0.81052 -0.14124 0.55875
1403638629.4778294563 0.34471 0.32113 0.12601 0.10314 0.81495 -0.14299 0.55206
1403638629.5778295994 0.34738 0.32815 0.12655 0.09964 0.81798 -0.14573 0.54749
1403638629.6778295040 0.35444 0.33392 0.12922 0.08864 0.81596 -0.15404 0.55012
1403638629.7778294086 0.36263 0.33771 0.13281 0.08186 0.81039 -0.15938 0.55782
1403638629.8778295517 0.37010 0.33876 0.13238 0.08020 0.80399 -0.16107 0.56677
1403638629.9778294563 0.37591 0.33614 0.12382 0.09113 0.79839 -0.15429 0.57487
1403638630.0778295994 0.37801 0.33277 0.10519 0.10019 0.79477 -0.14822 0.57994
1403638630.1778295040 0.37770 0.33074 0.07666 0.10461 0.79751 -0.14478 0.57625
1403638630.2778294086 0.37317 0.32984 0.04235 0.10545 0.80204 -0.14402 0.56997
1403638630.3778295517 0.37405 0.33271 0.01644 0.10178 0.82144 -0.14479 0.54213
1403638630.4778294563 0.38562 0.33401 0.02750 0.10104 0.80344 -0.14335 0.56898
1403638630.5778295994 0.39539 0.33513 0.02597 0.10065 0.80273 -0.14449 0.56975
1403638630.6778295040 0.40201 0.33601 0.00358 0.09827 0.82164 -0.14131 0.54340
1403638630.7778294086 0.40214 0.32888 0.00013 0.10093 0.82844 -0.13542 0.53400
1403638630.8778295517 0.39499 0.32804 -0.00477 0.09611 0.82714 -0.13647 0.53664
1403638630.9778294563 0.38971 0.32811 -0.00801 0.09630 0.82701 -0.13671 0.53674
1403638631.0778295994 0.38223 0.32840 -0.01225 0.09699 0.82707 -0.13623 0.53664
1403638631.1778295040 0.37512 0.32837 -0.01634 0.09690 0.82711 -0.13647 0.53654
1403638631.2778294086 0.36737 0.32851 -0.02002 0.09680 0.82717 -0.13645 0.53647
1403638631.3778295517 0.35969 0.32854 -0.02342 0.09654 0.82724 -0.13665 0.53636
1403638631.4778294563 0.35220 0.32856 -0.02657 0.09630 0.82718 -0.13694 0.53642
1403638631.5778295994 0.34431 0.32851 -0.02979 0.09619 0.82716 -0.13702 0.53644
1403638631.6778295040 0.33675 0.32825 -0.03278 0.09588 0.82716 -0.13743 0.53640
