1403638523.0778295994 0.03048 0.00637 0.37444 -0.07114 0.80789 0.01671 0.58478
1403638523.1778295040 0.03391 0.00135 0.39353 -0.06976 0.80765 0.01647 0.58529
1403638523.2778294086 0.03239 -0.00686 0.38465 -0.05954 0.80513 0.01574 0.58989
1403638523.3778295517 0.03239 -0.01166 0.35408 -0.05416 0.80364 0.01435 0.59247
1403638523.4778294563 0.03143 -0.01613 0.31011 -0.04918 0.80681 0.01667 0.58852
1403638523.5778295994 0.02728 -0.02211 0.25979 -0.04196 0.81573 0.02068 0.57654
1403638523.6778295040 0.02291 -0.02656 0.20922 -0.03511 0.82503 0.02343 0.56351
1403638523.7778294086 0.01682 -0.03081 0.16036 -0.03217 0.82925 0.02672 0.55730
1403638523.8778295517 0.00940 -0.03481 0.11691 -0.02975 0.82941 0.03024 0.55703
1403638523.9778294563 0.00256 -0.04019 0.08524 -0.02114 0.82905 0.03675 0.55756
1403638524.0778295994 -0.00289 -0.04713 0.07335 -0.01521 0.83184 0.04593 0.55291
1403638524.1778295040 -0.00271 -0.04612 0.09287 -0.01817 0.83504 0.05308 0.54733
1403638524.2778294086 -0.00039 -0.04632 0.13580 -0.02898 0.83386 0.05871 0.54808
1403638524.3778295517 0.00419 -0.04565 0.19069 -0.04244 0.82898 0.06137 0.55428
1403638524.4778294563 0.00962 -0.04477 0.25092 -0.05198 0.82056 0.06207 0.56579
1403638524.5778295994 0.01581 -0.04272 0.31052 -0.05619 0.81025 0.06147 0.58014
1403638524.6778295040 0.02228 -0.03984 0.36424 -0.05267 0.80290 0.05598 0.59114
1403638524.7778294086 0.02719 -0.03556 0.40493 -0.04033 0.79854 0.05065 0.59845
1403638524.8778295517 0.03073 -0.03140 0.43098 -0.03726 0.79674 0.04820 0.60124
1403638524.9778294563 0.03208 -0.02842 0.44087 -0.04449 0.79500 0.05103 0.60282
1403638525.0778295994 0.03357 -0.02714 0.42891 -0.04232 0.79222 0.05443 0.60632
1403638525.1778295040 0.03615 -0.02606 0.39588 -0.04012 0.79068 0.05903 0.60806
1403638525.2778294086 0.03651 -0.02739 0.35036 -0.04103 0.79311 0.06467 0.60425
1403638525.3778295517 0.03738 -0.02807 0.29723 -0.04381 0.80199 0.07026 0.59157
1403638525.4778294563 0.03604 -0.02785 0.24565 -0.05160 0.81423 0.07243 0.57369
1403638525.5778295994 0.03361 -0.02964 0.20032 -0.05669 0.82321 0.07167 0.56033
1403638525.6778295040 0.03262 -0.03195 0.16248 -0.05674 0.82595 0.06808 0.55674
1403638525.7778294086 0.03346 -0.03097 0.13256 -0.05325 0.82436 0.06154 0.56019
1403638525.8778295517 0.03380 -0.03212 0.11088 -0.04689 0.82070 0.05726 0.56655
1403638525.9778294563 0.03015 -0.03990 0.09812 -0.03999 0.81930 0.05691 0.56913
1403638526.0778295994 0.02758 -0.05948 0.09557 -0.03622 0.82116 0.05521 0.56687
1403638526.1778295040 0.02566 -0.08882 0.10215 -0.03505 0.82409 0.04659 0.56344
1403638526.2778294086 0.02185 -0.12523 0.11458 -0.03166 0.82399 0.03741 0.56447
1403638526.3778295517 0.01554 -0.16633 0.12836 -0.02917 0.82063 0.02846 0.57001
1403638526.4778294563 0.00688 -0.21214 0.14065 -0.02735 0.81630 0.01683 0.57673
1403638526.5778295994 -0.00272 -0.26412 0.14940 -0.02548 0.81171 0.00527 0.58348
1403638526.6778295040 -0.01331 -0.32417 0.15592 -0.02082 0.80703 -0.00353 0.59014
1403638526.7778294086 -0.02657 -0.38974 0.16066 -0.01202 0.80413 -0.00950 0.59425
1403638526.8778295517 -0.04334 -0.45616 0.16426 -0.00243 0.80358 -0.01388 0.59502
1403638526.9778294563 -0.06068 -0.51981 0.16751 0.00311 0.80693 -0.02105 0.59026
1403638527.0778295994 -0.07450 -0.57986 0.17081 0.01077 0.81184 -0.03424 0.58277
1403638527.1778295040 -0.08474 -0.63380 0.17627 0.01790 0.81414 -0.04913 0.57831
1403638527.2778294086 -0.09075 -0.67647 0.18309 0.02900 0.81185 -0.06289 0.57974
1403638527.3778295517 -0.09047 -0.70102 0.18928 0.04360 0.80759 -0.07138 0.58378
1403638527.4778294563 -0.08449 -0.70291 0.19258 0.05285 0.80528 -0.07517 0.58573
1403638527.5778295994 -0.07188 -0.68084 0.19255 0.05423 0.80633 -0.07521 0.58415
1403638527.6778295040 -0.05388 -0.63649 0.18863 0.05055 0.80876 -0.07023 0.58175
1403638527.7778294086 -0.03887 -0.58935 0.18848 0.04490 0.81024 -0.06276 0.58100
1403638527.8778295517 -0.02349 -0.53434 0.19115 0.03079 0.81345 -0.05755 0.57796
1403638527.9778294563 -0.00352 -0.47334 0.19400 0.01858 0.81474 -0.05115 0.57727
1403638528.0778295994 0.01512 -0.41288 0.19563 0.01055 0.81352 -0.04289 0.57985
1403638528.1778295040 0.03229 -0.35595 0.19286 0.00096 0.81369 -0.03405 0.58029
1403638528.2778294086 0.05360 -0.30630 0.18761 -0.01007 0.81472 -0.02429 0.57926
1403638528.3778295517 0.08284 -0.26857 0.18198 -0.01684 0.81401 -0.01635 0.58037
1403638528.4778294563 0.11579 -0.24024 0.17662 -0.01355 0.81332 -0.01423 0.58148
1403638528.5778295994 0.15133 -0.21787 0.17379 -0.01115 0.81558 -0.01931 0.57821
1403638528.6778295040 0.18810 -0.20337 0.17392 -0.01254 0.81710 -0.02672 0.57573
1403638528.7778294086 0.21905 -0.19237 0.17717 -0.00728 0.81663 -0.03216 0.57622
1403638528.8778295517 0.23524 -0.18357 0.18406 -0.01051 0.81604 -0.04017 0.57651
1403638528.9778294563 0.23589 -0.17319 0.19681 -0.01687 0.81609 -0.04716 0.57576
1403638529.0778295994 0.21804 -0.16562 0.21362 -0.01521 0.81698 -0.04870 0.57440
1403638529.1778295040 0.18977 -0.15019 0.22329 0.00242 0.81794 -0.04231 0.57375
1403638529.2778294086 0.15482 -0.13075 0.22181 0.01483 0.81983 -0.03676 0.57123
1403638529.3778295517 0.11672 -0.10841 0.20911 0.01987 0.82500 -0.03283 0.56383
1403638529.4778294563 0.08464 -0.09070 0.18760 0.01908 0.83509 -0.03042 0.54895
1403638529.5778295994 0.05962 -0.07833 0.16221 0.01737 0.84523 -0.02758 0.53341
1403638529.6778295040 0.04021 -0.07391 0.13689 0.01912 0.84889 -0.02479 0.52764
1403638529.7778294086 0.03036 -0.06570 0.11345 0.01862 0.84523 -0.02437 0.53351
1403638529.8778295517 0.02583 -0.05782 0.09220 0.01746 0.83878 -0.02585 0.54358
1403638529.9778294563 0.02252 -0.05116 0.07646 0.01825 0.83610 -0.02705 0.54760
1403638530.0778295994 0.02976 -0.04869 0.06520 0.01947 0.83760 -0.02805 0.54522
1403638530.1778295040 0.04274 -0.04876 0.05568 0.02072 0.83936 -0.03261 0.54220
1403638530.2778294086 0.05792 -0.05007 0.04560 0.02320 0.83894 -0.03888 0.54234
1403638530.3778295517 0.07149 -0.05319 0.03579 0.02609 0.83827 -0.04436 0.54282
1403638530.4778294563 0.08348 -0.05684 0.02839 0.02691 0.83796 -0.04862 0.54289
1403638530.5778295994 0.09136 -0.06108 0.02286 0.02671 0.83798 -0.05229 0.54254
1403638530.6778295040 0.09572 -0.06453 0.01793 0.02837 0.84102 -0.05473 0.53749
1403638530.7778294086 0.09891 -0.06671 0.01250 0.02884 0.84442 -0.05645 0.53192
1403638530.8778295517 0.10107 -0.06809 0.00810 0.02741 0.84508 -0.05611 0.53098
1403638530.9778294563 0.10255 -0.06860 0.00495 0.02666 0.84273 -0.05647 0.53471
1403638531.0778295994 0.10263 -0.06828 0.00303 0.02762 0.83923 -0.05532 0.54026
1403638531.1778295040 0.10251 -0.06659 0.00371 0.02835 0.83710 -0.05327 0.54372
1403638531.2778294086 0.10286 -0.06551 0.00225 0.03117 0.83594 -0.05197 0.54547
1403638531.3778295517 0.10268 -0.06469 0.00190 0.03095 0.83495 -0.05209 0.54698
1403638531.4778294563 0.10249 -0.06507 0.00201 0.03117 0.83395 -0.05254 0.54845
1403638531.5778295994 0.10232 -0.06516 0.00189 0.03186 0.83422 -0.05149 0.54810
1403638531.6778295040 0.10231 -0.06497 0.00179 0.03126 0.83425 -0.05217 0.54802
1403638531.7778294086 0.10240 -0.06507 0.00181 0.03180 0.83411 -0.05234 0.54818
1403638531.8778295517 0.10234 -0.06510 0.00178 0.03201 0.83415 -0.05227 0.54811
1403638531.9778294563 0.10238 -0.06518 0.00177 0.03241 0.83408 -0.05239 0.54819
1403638532.0778295994 0.10237 -0.06522 0.00173 0.03266 0.83407 -0.05233 0.54819
1403638532.1778295040 0.10239 -0.06522 0.00172 0.03272 0.83402 -0.05248 0.54825
1403638532.2778294086 0.10240 -0.06521 0.00172 0.03268 0.83397 -0.05270 0.54831
1403638532.3778295517 0.10239 -0.06520 0.00171 0.03268 0.83392 -0.05277 0.54839
1403638532.4778294563 0.10241 -0.06523 0.00172 0.03271 0.83384 -0.05291 0.54848
1403638532.5778295994 0.10240 -0.06523 0.00170 0.03277 0.83385 -0.05298 0.54846
1403638532.6778295040 0.10243 -0.06527 0.00171 0.03293 0.83379 -0.05302 0.54854
1403638532.7778294086 0.10240 -0.06529 0.00170 0.03306 0.83381 -0.05293 0.54851
1403638532.8778295517 0.10240 -0.06529 0.00171 0.03318 0.83378 -0.05298 0.54855
1403638532.9778294563 0.10241 -0.06530 0.00172 0.03321 0.83373 -0.05300 0.54862
1403638533.0778295994 0.10240 -0.06531 0.00171 0.03326 0.83372 -0.05304 0.54863
1403638533.1778295040 0.10241 -0.06532 0.00172 0.03330 0.83365 -0.05312 0.54873
1403638533.2778294086 0.10240 -0.06533 0.00171 0.03333 0.83360 -0.05317 0.54879
1403638533.3778295517 0.10241 -0.06534 0.00171 0.03343 0.83358 -0.05316 0.54882
1403638533.4778294563 0.10242 -0.06536 0.00172 0.03343 0.83354 -0.05318 0.54887
1403638533.5778295994 0.10240 -0.06534 0.00171 0.03344 0.83353 -0.05322 0.54889
1403638533.6778295040 0.10242 -0.06535 0.00172 0.03346 0.83348 -0.05329 0.54895
1403638533.7778294086 0.10241 -0.06535 0.00171 0.03350 0.83346 -0.05333 0.54898
1403638533.8778295517 0.10242 -0.06532 0.00171 0.03330 0.83349 -0.05307 0.54898
1403638533.9778294563 0.10244 -0.06535 0.00169 0.03343 0.83350 -0.05330 0.54892
1403638534.0778295994 0.10238 -0.06538 0.00170 0.03385 0.83339 -0.05369 0.54902
1403638534.1778295040 0.10241 -0.06540 0.00173 0.03354 0.83341 -0.05352 0.54904
1403638534.2778294086 0.10241 -0.06533 0.00176 0.03329 0.83349 -0.05340 0.54894
1403638534.3778295517 0.10241 -0.06532 0.00175 0.03334 0.83353 -0.05345 0.54887
1403638534.4778294563 0.10243 -0.06537 0.00171 0.03347 0.83357 -0.05372 0.54878
1403638534.5778295994 0.10243 -0.06533 0.00172 0.03326 0.83369 -0.05338 0.54863
1403638534.6778295040 0.10246 -0.06526 0.00174 0.03303 0.83367 -0.05314 0.54871
1403638534.7778294086 0.10244 -0.06530 0.00174 0.03313 0.83367 -0.05305 0.54871
1403638534.8778295517 0.10243 -0.06534 0.00174 0.03345 0.83361 -0.05324 0.54876
1403638534.9778294563 0.10243 -0.06539 0.00174 0.03355 0.83364 -0.05330 0.54871
1403638535.0778295994 0.10242 -0.06538 0.00175 0.03340 0.83371 -0.05328 0.54861
1403638535.1778295040 0.10243 -0.06538 0.00174 0.03331 0.83368 -0.05331 0.54866
1403638535.2778294086 0.10242 -0.06538 0.00174 0.03327 0.83367 -0.05332 0.54868
1403638535.3778295517 0.10242 -0.06536 0.00177 0.03333 0.83364 -0.05330 0.54873
1403638535.4778294563 0.10243 -0.06536 0.00178 0.03339 0.83362 -0.05328 0.54875
1403638535.5778295994 0.10244 -0.06534 0.00178 0.03330 0.83365 -0.05319 0.54872
1403638535.6778295040 0.10244 -0.06533 0.00177 0.03321 0.83364 -0.05321 0.54874
1403638535.7778294086 0.10243 -0.06534 0.00177 0.03328 0.83361 -0.05323 0.54877
1403638535.8778295517 0.10243 -0.06534 0.00177 0.03320 0.83363 -0.05318 0.54876
1403638535.9778294563 0.10242 -0.06533 0.00178 0.03315 0.83367 -0.05316 0.54870
1403638536.0778295994 0.10243 -0.06533 0.00178 0.03311 0.83360 -0.05320 0.54881
1403638536.1778295040 0.10244 -0.06534 0.00180 0.03308 0.83357 -0.05321 0.54885
1403638536.2778294086 0.10244 -0.06533 0.00180 0.03310 0.83355 -0.05315 0.54888
1403638536.3778295517 0.10245 -0.06533 0.00180 0.03310 0.83349 -0.05315 0.54897
1403638536.4778294563 0.10245 -0.06533 0.00181 0.03310 0.83348 -0.05313 0.54900
1403638536.5778295994 0.10245 -0.06533 0.00181 0.03301 0.83348 -0.05312 0.54900
1403638536.6778295040 0.10245 -0.06532 0.00181 0.03300 0.83347 -0.05309 0.54901
1403638536.7778294086 0.10243 -0.06533 0.00180 0.03309 0.83344 -0.05316 0.54905
1403638536.8778295517 0.10243 -0.06534 0.00179 0.03304 0.83337 -0.05327 0.54915
1403638536.9778294563 0.10244 -0.06534 0.00180 0.03300 0.83339 -0.05332 0.54912
1403638537.0778295994 0.10246 -0.06532 0.00182 0.03299 0.83342 -0.05323 0.54908
1403638537.1778295040 0.10246 -0.06531 0.00183 0.03313 0.83336 -0.05319 0.54917
1403638537.2778294086 0.10246 -0.06530 0.00185 0.03323 0.83337 -0.05311 0.54915
1403638537.3778295517 0.10246 -0.06531 0.00184 0.03318 0.83336 -0.05308 0.54917
1403638537.4778294563 0.10246 -0.06530 0.00184 0.03313 0.83336 -0.05306 0.54919
1403638537.5778295994 0.10246 -0.06529 0.00189 0.03319 0.83338 -0.05296 0.54916
1403638537.6778295040 0.10247 -0.06530 0.00192 0.03326 0.83344 -0.05298 0.54906
1403638537.7778294086 0.10246 -0.06529 0.00191 0.03323 0.83340 -0.05302 0.54912
1403638537.8778295517 0.10249 -0.06527 0.00193 0.03324 0.83341 -0.05288 0.54911
1403638537.9778294563 0.10248 -0.06526 0.00195 0.03324 0.83338 -0.05297 0.54916
1403638538.0778295994 0.10248 -0.06527 0.00198 0.03330 0.83336 -0.05303 0.54918
1403638538.1778295040 0.10248 -0.06529 0.00199 0.03337 0.83332 -0.05303 0.54923
1403638538.2778294086 0.10255 -0.06524 0.00196 0.03327 0.83336 -0.05286 0.54919
1403638538.3778295517 0.10251 -0.06527 0.00200 0.03346 0.83331 -0.05286 0.54926
1403638538.4778294563 0.10249 -0.06527 0.00208 0.03348 0.83327 -0.05286 0.54931
1403638538.5778295994 0.10253 -0.06528 0.00213 0.03379 0.83323 -0.05292 0.54935
1403638538.6778295040 0.10252 -0.06529 0.00217 0.03367 0.83306 -0.05306 0.54960
1403638538.7778294086 0.10260 -0.06535 0.00249 0.03356 0.83231 -0.05294 0.55075
1403638538.8778295517 0.10399 -0.06494 0.00291 0.03290 0.83128 -0.05248 0.55239
1403638538.9778294563 0.10738 -0.06473 0.00547 0.03385 0.82634 -0.05189 0.55975
1403638539.0778295994 0.11161 -0.06455 0.00910 0.03542 0.82065 -0.05345 0.56783
1403638539.1778295040 0.11915 -0.06435 0.01698 0.03451 0.81544 -0.05387 0.57530
1403638539.2778294086 0.12771 -0.06423 0.03261 0.03430 0.81171 -0.05317 0.58062
1403638539.3778295517 0.13567 -0.06416 0.05603 0.03388 0.81271 -0.05264 0.57930
1403638539.4778294563 0.14440 -0.06482 0.08572 0.03344 0.81483 -0.05157 0.57643
1403638539.5778295994 0.15422 -0.06611 0.11813 0.03293 0.81588 -0.05013 0.57510
1403638539.6778295040 0.16507 -0.06727 0.14552 0.03122 0.81652 -0.04967 0.57433
1403638539.7778294086 0.17475 -0.06776 0.16223 0.03170 0.81776 -0.04789 0.57268
1403638539.8778295517 0.18642 -0.06763 0.17180 0.03086 0.82034 -0.04729 0.56908
1403638539.9778294563 0.20197 -0.06673 0.17976 0.02916 0.82497 -0.04695 0.56246
1403638540.0778295994 0.22250 -0.06708 0.18680 0.02893 0.83098 -0.04674 0.55359
1403638540.1778295040 0.24704 -0.06762 0.19460 0.02875 0.83496 -0.04649 0.54759
1403638540.2778294086 0.28121 -0.06843 0.20843 0.02929 0.83069 -0.04523 0.55413
1403638540.3778295517 0.31904 -0.06874 0.21734 0.02997 0.82458 -0.04325 0.56329
1403638540.4778294563 0.36113 -0.06818 0.22536 0.02680 0.82226 -0.03726 0.56726
1403638540.5778295994 0.40740 -0.06635 0.23164 0.01962 0.82244 -0.02576 0.56794
1403638540.6778295040 0.45642 -0.06392 0.23789 0.01136 0.82255 -0.00856 0.56852
1403638540.7778294086 0.50761 -0.05949 0.24306 0.00352 0.82159 0.01547 0.56986
1403638540.8778295517 0.56006 -0.05195 0.24673 -0.00669 0.82078 0.04350 0.56954
1403638540.9778294563 0.61275 -0.03945 0.24873 -0.02033 0.81910 0.06983 0.56902
1403638541.0778295994 0.66596 -0.02331 0.24833 -0.03413 0.81686 0.08937 0.56885
1403638541.1778295040 0.72076 -0.00376 0.24313 -0.04390 0.81507 0.10270 0.56850
1403638541.2778294086 0.77537 0.02085 0.23541 -0.04906 0.81429 0.11152 0.56752
1403638541.3778295517 0.83015 0.05021 0.23545 -0.05212 0.81419 0.11516 0.56668
1403638541.4778294563 0.88435 0.08431 0.24170 -0.05324 0.81403 0.11535 0.56676
1403638541.5778295994 0.93773 0.12480 0.25456 -0.05249 0.81255 0.11588 0.56884
1403638541.6778295040 0.99458 0.17216 0.27566 -0.05656 0.81086 0.11881 0.57025
1403638541.7778294086 1.04828 0.22490 0.30200 -0.06665 0.80953 0.12450 0.56983
1403638541.8778295517 1.10026 0.28170 0.33631 -0.07855 0.80818 0.13344 0.56822
1403638541.9778294563 1.14918 0.34078 0.36740 -0.09046 0.80711 0.14791 0.56438
1403638542.0778295994 1.19596 0.40135 0.39204 -0.10470 0.80496 0.16520 0.56016
1403638542.1778295040 1.24041 0.46273 0.41052 -0.12043 0.80101 0.18542 0.55633
1403638542.2778294086 1.28370 0.52588 0.42277 -0.13565 0.79682 0.20906 0.55043
1403638542.3778295517 1.32682 0.58927 0.43157 -0.14969 0.78890 0.23107 0.54940
1403638542.4778294563 1.36718 0.65107 0.43771 -0.15665 0.77506 0.25163 0.55806
1403638542.5778295994 1.40607 0.71372 0.44090 -0.15337 0.76278 0.27023 0.56712
1403638542.6778295040 1.43963 0.77972 0.44571 -0.15428 0.75928 0.27971 0.56697
1403638542.7778294086 1.46651 0.85015 0.45733 -0.16336 0.76344 0.27879 0.55924
1403638542.8778295517 1.48904 0.92599 0.47672 -0.16980 0.76892 0.27562 0.55133
1403638542.9778294563 1.50717 1.00389 0.50342 -0.17369 0.77361 0.27241 0.54511
1403638543.0778295994 1.52183 1.08133 0.53204 -0.17631 0.77728 0.26933 0.54057
1403638543.1778295040 1.53538 1.16025 0.55548 -0.17656 0.77853 0.26691 0.53988
1403638543.2778294086 1.54824 1.23791 0.57461 -0.17688 0.77892 0.26463 0.54034
1403638543.3778295517 1.56193 1.31936 0.58643 -0.17635 0.78005 0.26372 0.53933
1403638543.4778294563 1.57600 1.40197 0.59493 -0.17866 0.77895 0.26817 0.53795
1403638543.5778295994 1.58570 1.48144 0.60287 -0.18413 0.77574 0.27942 0.53501
1403638543.6778295040 1.59716 1.56500 0.60630 -0.19112 0.76985 0.29703 0.53158
1403638543.7778294086 1.60548 1.64775 0.61155 -0.20160 0.76148 0.31842 0.52737
1403638543.8778295517 1.61276 1.72734 0.62340 -0.21364 0.75104 0.34109 0.52340
1403638543.9778294563 1.62221 1.81312 0.64228 -0.22779 0.74229 0.35942 0.51763
1403638544.0778295994 1.63157 1.89845 0.66474 -0.24271 0.73815 0.37077 0.50869
1403638544.1778295040 1.64271 1.98538 0.68676 -0.25313 0.73497 0.37732 0.50336
1403638544.2778294086 1.65567 2.07658 0.70297 -0.25988 0.73238 0.38065 0.50119
1403638544.3778295517 1.66876 2.16686 0.71298 -0.26146 0.73169 0.38324 0.49940
1403638544.4778294563 1.68379 2.25941 0.72076 -0.26058 0.73224 0.38435 0.49820
1403638544.5778295994 1.69999 2.35381 0.72703 -0.26251 0.72960 0.38346 0.50174
1403638544.6778295040 1.71676 2.45066 0.74121 -0.26759 0.72315 0.38265 0.50895
1403638544.7778294086 1.73225 2.54174 0.75684 -0.26899 0.72230 0.38367 0.50865
1403638544.8778295517 1.74725 2.63401 0.77278 -0.26699 0.72553 0.38602 0.50331
1403638544.9778294563 1.76269 2.72412 0.78176 -0.26720 0.72636 0.38676 0.50143
1403638545.0778295994 1.77828 2.81378 0.78527 -0.26879 0.72512 0.38672 0.50240
1403638545.1778295040 1.79100 2.90088 0.78469 -0.26873 0.72465 0.38791 0.50218
1403638545.2778294086 1.80701 2.99032 0.77627 -0.26802 0.72404 0.38953 0.50219
1403638545.3778295517 1.82347 3.07923 0.76400 -0.26988 0.72141 0.38861 0.50568
1403638545.4778294563 1.83521 3.16114 0.74983 -0.27218 0.72125 0.38966 0.50387
1403638545.5778295994 1.84943 3.25015 0.73672 -0.27627 0.71895 0.39622 0.49980
1403638545.6778295040 1.86079 3.33321 0.73228 -0.28514 0.71316 0.40771 0.49383
1403638545.7778294086 1.87199 3.41370 0.73448 -0.29409 0.70508 0.42420 0.48623
1403638545.8778295517 1.88385 3.49742 0.74323 -0.30501 0.69412 0.44358 0.47792
1403638545.9778294563 1.89676 3.58274 0.75865 -0.31478 0.68132 0.46537 0.46920
1403638546.0778295994 1.91108 3.67223 0.77685 -0.32114 0.66909 0.48411 0.46348
1403638546.1778295040 1.92634 3.76412 0.78955 -0.32867 0.66029 0.49623 0.45799
1403638546.2778294086 1.94023 3.85768 0.79535 -0.33357 0.65548 0.50375 0.45312
1403638546.3778295517 1.95318 3.95192 0.79594 -0.33981 0.65392 0.50593 0.44829
1403638546.4778294563 1.96515 4.04676 0.79082 -0.34251 0.65356 0.50720 0.44531
1403638546.5778295994 1.97646 4.14310 0.78564 -0.34352 0.65149 0.51038 0.44391
1403638546.6778295040 1.98635 4.24014 0.78611 -0.34708 0.64659 0.51617 0.44162
1403638546.7778294086 1.99531 4.34046 0.79662 -0.34958 0.64194 0.52182 0.43979
1403638546.8778295517 2.00280 4.44252 0.81565 -0.35032 0.63821 0.52672 0.43879
1403638546.9778294563 2.00938 4.54793 0.83258 -0.34909 0.63486 0.53110 0.43934
1403638547.0778295994 2.01561 4.65513 0.84367 -0.34706 0.63236 0.53434 0.44062
1403638547.1778295040 2.01686 4.76408 0.84570 -0.34421 0.63025 0.53760 0.44192
1403638547.2778294086 2.01580 4.87263 0.84650 -0.34228 0.62886 0.53906 0.44361
1403638547.3778295517 2.00654 4.97946 0.83961 -0.34552 0.63028 0.53689 0.44171
1403638547.4778294563 1.99744 5.09025 0.83367 -0.35004 0.63350 0.53319 0.43801
1403638547.5778295994 1.98595 5.20097 0.82262 -0.35308 0.63699 0.52984 0.43457
1403638547.6778295040 1.96891 5.30514 0.80294 -0.35388 0.63813 0.52833 0.43408
1403638547.7778294086 1.95464 5.41909 0.78307 -0.35177 0.63754 0.52885 0.43603
1403638547.8778295517 1.93462 5.52263 0.75620 -0.34848 0.63457 0.53097 0.44041
1403638547.9778294563 1.91571 5.64005 0.73349 -0.34858 0.63447 0.53129 0.44008
1403638548.0778295994 1.89130 5.74991 0.71577 -0.35135 0.63396 0.53360 0.43579
1403638548.1778295040 1.86882 5.87819 0.70996 -0.35565 0.63015 0.53896 0.43122
1403638548.2778294086 1.84223 6.00175 0.71088 -0.36220 0.62365 0.54735 0.42459
1403638548.3778295517 1.81450 6.12768 0.72101 -0.36981 0.61406 0.55865 0.41723
1403638548.4778294563 1.78637 6.25162 0.73864 -0.37790 0.60429 0.56915 0.40998
1403638548.5778295994 1.75898 6.37456 0.75562 -0.38443 0.59623 0.57694 0.40479
1403638548.6778295040 1.73283 6.49501 0.76868 -0.38930 0.59063 0.58234 0.40061
1403638548.7778294086 1.70661 6.62081 0.77880 -0.39203 0.58670 0.58628 0.39796
1403638548.8778295517 1.67924 6.74882 0.79404 -0.39331 0.58453 0.58891 0.39599
1403638548.9778294563 1.65152 6.87553 0.81654 -0.39471 0.58346 0.58986 0.39478
1403638549.0778295994 1.62217 7.00507 0.84236 -0.39519 0.58319 0.59028 0.39405
1403638549.1778295040 1.59331 7.13239 0.87536 -0.39638 0.58316 0.58933 0.39433
1403638549.2778294086 1.56364 7.26259 0.91299 -0.39707 0.58405 0.58837 0.39375
1403638549.3778295517 1.53424 7.39478 0.95578 -0.39927 0.58562 0.58602 0.39270
1403638549.4778294563 1.50483 7.52780 0.99474 -0.40108 0.58710 0.58391 0.39179
1403638549.5778295994 1.47591 7.66377 1.02943 -0.40241 0.58724 0.58217 0.39281
1403638549.6778295040 1.44835 7.80006 1.05805 -0.40373 0.58676 0.58064 0.39442
1403638549.7778294086 1.42252 7.93615 1.08809 -0.40211 0.58699 0.58115 0.39500
1403638549.8778295517 1.39740 8.07242 1.12306 -0.40109 0.58849 0.58134 0.39351
1403638549.9778294563 1.37122 8.21519 1.16819 -0.40069 0.58943 0.58137 0.39247
1403638550.0778295994 1.34731 8.35730 1.21989 -0.40099 0.58976 0.58113 0.39202
1403638550.1778295040 1.32499 8.50205 1.27988 -0.40174 0.59027 0.58100 0.39068
1403638550.2778294086 1.30439 8.65052 1.34627 -0.40120 0.58983 0.58185 0.39063
1403638550.3778295517 1.28441 8.80032 1.41570 -0.40127 0.58888 0.58221 0.39145
1403638550.4778294563 1.26694 8.95074 1.47846 -0.40392 0.58949 0.58068 0.39008
1403638550.5778295994 1.25151 9.10348 1.53208 -0.40781 0.59021 0.57830 0.38847
1403638550.6778295040 1.23995 9.25291 1.57971 -0.41279 0.58867 0.57488 0.39063
1403638550.7778294086 1.23276 9.39709 1.62258 -0.41584 0.58795 0.57267 0.39172
1403638550.8778295517 1.22983 9.54072 1.66224 -0.42184 0.58427 0.56835 0.39706
1403638550.9778294563 1.22848 9.68432 1.69861 -0.42756 0.58020 0.56381 0.40335
1403638551.0778295994 1.22945 9.81650 1.73043 -0.43127 0.57777 0.56087 0.40696
1403638551.1778295040 1.23342 9.94395 1.76354 -0.43560 0.57829 0.55806 0.40546
1403638551.2778294086 1.24245 10.06299 1.80064 -0.43621 0.58006 0.55696 0.40378
1403638551.3778295517 1.25838 10.17632 1.84474 -0.43146 0.58780 0.55406 0.40169
1403638551.4778294563 1.27988 10.28141 1.88109 -0.42403 0.60051 0.54492 0.40330
1403638551.5778295994 1.30979 10.38504 1.91545 -0.41790 0.61585 0.52886 0.40792
1403638551.6778295040 1.34487 10.48955 1.94367 -0.41106 0.63314 0.51063 0.41161
1403638551.7778294086 1.38970 10.59229 1.96774 -0.40192 0.64759 0.49235 0.42033
1403638551.8778295517 1.44330 10.68983 1.98757 -0.39190 0.65843 0.47694 0.43060
1403638551.9778294563 1.50492 10.77958 2.01029 -0.38015 0.66195 0.46931 0.44391
1403638552.0778295994 1.57225 10.85883 2.03988 -0.37074 0.66355 0.46432 0.45460
1403638552.1778295040 1.64283 10.92864 2.07394 -0.36489 0.66847 0.46130 0.45520
1403638552.2778294086 1.71719 10.99306 2.11354 -0.36074 0.67244 0.46037 0.45359
1403638552.3778295517 1.79469 11.05129 2.15205 -0.36275 0.67351 0.45755 0.45326
1403638552.4778294563 1.87669 11.10595 2.18497 -0.37006 0.66993 0.45200 0.45820
1403638552.5778295994 1.96180 11.14807 2.21311 -0.37568 0.66624 0.44853 0.46240
1403638552.6778295040 2.05037 11.18230 2.23485 -0.37633 0.66390 0.44975 0.46404
1403638552.7778294086 2.14228 11.20674 2.24987 -0.37576 0.66319 0.45202 0.46333
1403638552.8778295517 2.23833 11.22892 2.25987 -0.37362 0.66175 0.45596 0.46324
1403638552.9778294563 2.33593 11.23721 2.26571 -0.36934 0.65927 0.46200 0.46422
1403638553.0778295994 2.43650 11.24724 2.26622 -0.36567 0.65695 0.46739 0.46503
1403638553.1778295040 2.53440 11.24498 2.26428 -0.37115 0.65307 0.46603 0.46751
1403638553.2778294086 2.63586 11.24351 2.26342 -0.37847 0.64739 0.46273 0.47278
1403638553.3778295517 2.73447 11.22678 2.26705 -0.38017 0.64215 0.46352 0.47777
1403638553.4778294563 2.83282 11.20105 2.27617 -0.37673 0.63662 0.46704 0.48442
1403638553.5778295994 2.92962 11.16572 2.29183 -0.37371 0.63228 0.47001 0.48954
1403638553.6778295040 3.02492 11.11854 2.31141 -0.37151 0.63129 0.47237 0.49023
1403638553.7778294086 3.11693 11.06033 2.33948 -0.36965 0.63174 0.47430 0.48918
1403638553.8778295517 3.20076 10.99147 2.37241 -0.36738 0.63353 0.47583 0.48710
1403638553.9778294563 3.28728 10.92121 2.40975 -0.36662 0.63658 0.47633 0.48319
1403638554.0778295994 3.36184 10.83686 2.43771 -0.36502 0.63986 0.47728 0.47912
1403638554.1778295040 3.44568 10.75923 2.46728 -0.36015 0.64270 0.48106 0.47520
1403638554.2778294086 3.51818 10.66818 2.48325 -0.35213 0.64846 0.48697 0.46730
1403638554.3778295517 3.59559 10.58557 2.50177 -0.34618 0.65164 0.49161 0.46242
1403638554.4778294563 3.66753 10.50207 2.51633 -0.34348 0.65305 0.49382 0.46010
1403638554.5778295994 3.73501 10.41894 2.52636 -0.34455 0.65395 0.49351 0.45835
1403638554.6778295040 3.79980 10.33226 2.53383 -0.35041 0.65623 0.48973 0.45469
1403638554.7778294086 3.86439 10.25060 2.55017 -0.35528 0.65697 0.48648 0.45333
1403638554.8778295517 3.92987 10.16634 2.56878 -0.35834 0.65713 0.48452 0.45278
1403638554.9778294563 3.99709 10.08282 2.58864 -0.36090 0.65787 0.48134 0.45307
1403638555.0778295994 4.06618 10.00520 2.60472 -0.35727 0.66119 0.47708 0.45561
1403638555.1778295040 4.13569 9.91867 2.61120 -0.35064 0.66737 0.47050 0.45858
1403638555.2778294086 4.20874 9.84071 2.61795 -0.34453 0.67376 0.46257 0.46193
1403638555.3778295517 4.28338 9.75860 2.61903 -0.33749 0.67707 0.45791 0.46691
1403638555.4778294563 4.35845 9.67417 2.61565 -0.33174 0.67924 0.45486 0.47084
1403638555.5778295994 4.43393 9.58878 2.61062 -0.32942 0.68062 0.45220 0.47303
1403638555.6778295040 4.50936 9.50236 2.61106 -0.32881 0.68238 0.45054 0.47251
1403638555.7778294086 4.58322 9.41445 2.62040 -0.32784 0.68356 0.45071 0.47130
1403638555.8778295517 4.65595 9.32572 2.63724 -0.32715 0.68356 0.45170 0.47084
1403638555.9778294563 4.72974 9.24125 2.66028 -0.32588 0.68227 0.45333 0.47203
1403638556.0778295994 4.80425 9.15834 2.68700 -0.32435 0.68236 0.45469 0.47164
1403638556.1778295040 4.87773 9.08113 2.70958 -0.32330 0.68674 0.45525 0.46540
1403638556.2778294086 4.95315 9.00376 2.72588 -0.32176 0.69000 0.45635 0.46056
1403638556.3778295517 5.02803 8.93588 2.73822 -0.32042 0.69219 0.45711 0.45744
1403638556.4778294563 5.10736 8.86440 2.74844 -0.31798 0.69524 0.45846 0.45315
1403638556.5778295994 5.18526 8.80913 2.75934 -0.31737 0.69828 0.45807 0.44928
1403638556.6778295040 5.26613 8.75875 2.77131 -0.32474 0.70096 0.45196 0.44602
1403638556.7778294086 5.35301 8.70293 2.79151 -0.33139 0.69786 0.44716 0.45080
1403638556.8778295517 5.44098 8.65815 2.81842 -0.33714 0.69650 0.44280 0.45294
1403638556.9778294563 5.53416 8.61516 2.84869 -0.34057 0.69514 0.44014 0.45504
1403638557.0778295994 5.63378 8.57196 2.87263 -0.33922 0.69370 0.44154 0.45689
1403638557.1778295040 5.73852 8.52826 2.88925 -0.33771 0.69211 0.44310 0.45891
1403638557.2778294086 5.84551 8.48411 2.89948 -0.33669 0.69105 0.44418 0.46021
1403638557.3778295517 5.95651 8.43974 2.90507 -0.33426 0.68982 0.44632 0.46175
1403638557.4778294563 6.06927 8.39627 2.91294 -0.32886 0.68677 0.45073 0.46587
1403638557.5778295994 6.18211 8.35272 2.92671 -0.32444 0.68434 0.45389 0.46947
1403638557.6778295040 6.29472 8.31025 2.94517 -0.32196 0.68315 0.45582 0.47104
1403638557.7778294086 6.40591 8.26842 2.96659 -0.32197 0.68284 0.45550 0.47179
1403638557.8778295517 6.51582 8.22612 2.98268 -0.31908 0.68278 0.45692 0.47247
1403638557.9778294563 6.62480 8.18408 2.99338 -0.31628 0.68399 0.45856 0.47101
1403638558.0778295994 6.73263 8.14341 2.99833 -0.31519 0.68772 0.45937 0.46548
1403638558.1778295040 6.84110 8.10496 3.00051 -0.31216 0.69348 0.46097 0.45732
1403638558.2778294086 6.95100 8.07146 3.00819 -0.30853 0.69757 0.46274 0.45174
1403638558.3778295517 7.06130 8.04607 3.02599 -0.30375 0.69887 0.46551 0.45013
1403638558.4778294563 7.17064 8.02732 3.05145 -0.29729 0.70249 0.46918 0.44496
1403638558.5778295994 7.28100 8.01826 3.08422 -0.29844 0.70509 0.46789 0.44144
1403638558.6778295040 7.39377 8.01954 3.12287 -0.30669 0.70594 0.46137 0.44128
1403638558.7778294086 7.50920 8.02807 3.16139 -0.31451 0.70572 0.45524 0.44250
1403638558.8778295517 7.62923 8.04122 3.19176 -0.31716 0.70451 0.45304 0.44478
1403638558.9778294563 7.75238 8.05889 3.21494 -0.31911 0.69977 0.45173 0.45214
1403638559.0778295994 7.87771 8.07950 3.23002 -0.31988 0.69533 0.45150 0.45863
1403638559.1778295040 8.00367 8.10320 3.23814 -0.32028 0.69193 0.45185 0.46313
1403638559.2778294086 8.12878 8.12844 3.23966 -0.31829 0.68908 0.45415 0.46649
1403638559.3778295517 8.25375 8.15410 3.23497 -0.31473 0.68674 0.45738 0.46919
1403638559.4778294563 8.37602 8.18090 3.22630 -0.31269 0.68439 0.45955 0.47186
1403638559.5778295994 8.49484 8.20875 3.21269 -0.31167 0.68221 0.46104 0.47423
1403638559.6778295040 8.61011 8.23887 3.19603 -0.31232 0.68117 0.46120 0.47515
1403638559.7778294086 8.72070 8.26970 3.18246 -0.31266 0.68031 0.46187 0.47549
1403638559.8778295517 8.82791 8.30374 3.17451 -0.31396 0.68110 0.46112 0.47423
1403638559.9778294563 8.93354 8.33867 3.16733 -0.31282 0.68474 0.45524 0.47544
1403638560.0778295994 9.03990 8.37514 3.15503 -0.30746 0.69279 0.44249 0.47928
1403638560.1778295040 9.14470 8.41084 3.13549 -0.29778 0.70274 0.42456 0.48705
1403638560.2778294086 9.24830 8.44721 3.11063 -0.28554 0.71381 0.40353 0.49609
1403638560.3778295517 9.35052 8.48253 3.08378 -0.27446 0.72192 0.37938 0.50949
1403638560.4778294563 9.44878 8.51551 3.05345 -0.26188 0.73024 0.35434 0.52212
1403638560.5778295994 9.54254 8.54377 3.01858 -0.25067 0.73977 0.32758 0.53160
1403638560.6778295040 9.63289 8.56773 2.97986 -0.24104 0.75059 0.29971 0.53729
1403638560.7778294086 9.71967 8.58477 2.94464 -0.23386 0.75966 0.27422 0.54133
1403638560.8778295517 9.80447 8.59383 2.91738 -0.22317 0.76637 0.25145 0.54739
1403638560.9778294563 9.88958 8.59632 2.89791 -0.21099 0.77089 0.23057 0.55502
1403638561.0778295994 9.97265 8.59086 2.88667 -0.19883 0.77366 0.21070 0.56349
1403638561.1778295040 10.05135 8.57643 2.88189 -0.18802 0.77522 0.19304 0.57134
1403638561.2778294086 10.12565 8.55463 2.88392 -0.18123 0.77563 0.17968 0.57730
1403638561.3778295517 10.19340 8.52481 2.88849 -0.17219 0.78026 0.17497 0.57527
1403638561.4778294563 10.25609 8.48817 2.88939 -0.15860 0.78603 0.17866 0.57016
1403638561.5778295994 10.31742 8.44837 2.88455 -0.14899 0.78939 0.18347 0.56657
1403638561.6778295040 10.37628 8.40742 2.87501 -0.14522 0.79099 0.18639 0.56436
1403638561.7778294086 10.43163 8.36524 2.86012 -0.14437 0.79110 0.18873 0.56365
1403638561.8778295517 10.48361 8.32106 2.83834 -0.14191 0.79044 0.18939 0.56497
1403638561.9778294563 10.53523 8.27576 2.81346 -0.13685 0.79145 0.18510 0.56623
1403638562.0778295994 10.58263 8.22935 2.78979 -0.12955 0.79331 0.17645 0.56810
1403638562.1778295040 10.62551 8.18120 2.77390 -0.12204 0.79527 0.16681 0.56994
1403638562.2778294086 10.66670 8.13503 2.76257 -0.11567 0.79639 0.15865 0.57203
1403638562.3778295517 10.70458 8.08832 2.75783 -0.10977 0.79743 0.14683 0.57489
1403638562.4778294563 10.73875 8.04003 2.75727 -0.10196 0.79995 0.13092 0.57666
1403638562.5778295994 10.77076 7.99188 2.76393 -0.09247 0.80252 0.11094 0.57888
1403638562.6778295040 10.80024 7.94244 2.77507 -0.08381 0.80563 0.08688 0.57999
1403638562.7778294086 10.82758 7.89095 2.78748 -0.07506 0.80755 0.06074 0.58185
1403638562.8778295517 10.85088 7.83581 2.79577 -0.06165 0.80905 0.03621 0.58338
1403638562.9778294563 10.87011 7.77737 2.79785 -0.04722 0.81005 0.01364 0.58430
1403638563.0778295994 10.88528 7.71595 2.79471 -0.03828 0.81022 -0.01037 0.58479
1403638563.1778295040 10.89362 7.65033 2.78759 -0.02643 0.81029 -0.02999 0.58467
1403638563.2778294086 10.89827 7.57999 2.77654 -0.01505 0.80734 -0.04370 0.58827
1403638563.3778295517 10.89638 7.50585 2.76089 -0.00864 0.79971 -0.05335 0.59795
1403638563.4778294563 10.88772 7.42801 2.73947 -0.00748 0.79373 -0.06030 0.60522
1403638563.5778295994 10.87283 7.34438 2.71766 -0.00195 0.79433 -0.05991 0.60452
1403638563.6778295040 10.85129 7.25614 2.70179 -0.00177 0.79787 -0.05990 0.59984
1403638563.7778294086 10.82433 7.16211 2.69281 -0.00482 0.80017 -0.06016 0.59673
1403638563.8778295517 10.79215 7.06413 2.69224 -0.00798 0.79983 -0.05923 0.59725
1403638563.9778294563 10.75587 6.95988 2.69785 -0.01158 0.79881 -0.05751 0.59872
1403638564.0778295994 10.71126 6.85172 2.70103 -0.01603 0.79948 -0.05525 0.59793
1403638564.1778295040 10.66126 6.73774 2.69908 -0.01778 0.79941 -0.05053 0.59839
1403638564.2778294086 10.60952 6.61537 2.69490 -0.01710 0.79781 -0.04497 0.60099
1403638564.3778295517 10.54827 6.49215 2.69631 -0.01723 0.79640 -0.03987 0.60321
1403638564.4778294563 10.48384 6.36291 2.70472 -0.01663 0.79515 -0.03555 0.60514
1403638564.5778295994 10.40738 6.23303 2.71723 -0.01931 0.79695 -0.03503 0.60273
1403638564.6778295040 10.32730 6.10030 2.72944 -0.02436 0.79875 -0.03790 0.59998
1403638564.7778294086 10.23695 5.96332 2.73447 -0.02804 0.79939 -0.04096 0.59876
1403638564.8778295517 10.14676 5.82046 2.73384 -0.03019 0.79897 -0.04348 0.59903
1403638564.9778294563 10.04900 5.66821 2.71218 -0.03205 0.79848 -0.04514 0.59948
1403638565.0778295994 9.94868 5.51113 2.67762 -0.03324 0.79889 -0.04591 0.59880
1403638565.1778295040 9.84472 5.34868 2.62776 -0.03367 0.79967 -0.04615 0.59771
1403638565.2778294086 9.73715 5.18024 2.57169 -0.03200 0.80065 -0.04536 0.59655
1403638565.3778295517 9.62647 5.00719 2.51276 -0.02920 0.80167 -0.04412 0.59542
1403638565.4778294563 9.51275 4.82947 2.45331 -0.02620 0.80099 -0.04319 0.59654
1403638565.5778295994 9.39714 4.64866 2.40027 -0.01959 0.79883 -0.04096 0.59984
1403638565.6778295040 9.27694 4.46556 2.35596 -0.00778 0.79846 -0.03498 0.60098
1403638565.7778294086 9.15446 4.28319 2.31747 0.00135 0.80109 -0.03059 0.59776
1403638565.8778295517 9.02466 4.10228 2.28671 0.00866 0.80320 -0.02727 0.59502
1403638565.9778294563 8.89079 3.92438 2.25953 0.01117 0.80500 -0.02783 0.59252
1403638566.0778295994 8.75523 3.75075 2.22645 0.01277 0.80600 -0.02821 0.59111
1403638566.1778295040 8.61837 3.58031 2.18440 0.01073 0.80618 -0.02964 0.59084
1403638566.2778294086 8.47975 3.41287 2.13369 0.01132 0.80576 -0.02880 0.59143
1403638566.3778295517 8.34180 3.24821 2.07444 0.01155 0.80673 -0.02770 0.59016
1403638566.4778294563 8.20460 3.08678 2.00918 0.00817 0.80697 -0.02838 0.58985
1403638566.5778295994 8.06885 2.92996 1.93795 0.00749 0.81010 -0.02654 0.58565
1403638566.6778295040 7.93345 2.77743 1.85938 0.00687 0.81935 -0.02459 0.57273
1403638566.7778294086 7.80310 2.62912 1.77582 0.00636 0.83097 -0.02261 0.55582
1403638566.8778295517 7.68062 2.48428 1.68950 0.00487 0.83896 -0.02125 0.54376
1403638566.9778294563 7.56650 2.34209 1.60122 0.00493 0.84282 -0.01829 0.53786
1403638567.0778295994 7.46039 2.20400 1.51499 0.00449 0.83469 -0.01689 0.55044
1403638567.1778295040 7.36160 2.06800 1.42606 0.00618 0.82232 -0.01489 0.56879
1403638567.2778294086 7.26397 1.93315 1.33225 0.00901 0.81361 -0.01314 0.58120
1403638567.3778295517 7.16537 1.80238 1.23348 0.01182 0.81165 -0.01249 0.58389
1403638567.4778294563 7.06452 1.67492 1.13870 0.01369 0.81243 -0.01331 0.58275
1403638567.5778295994 6.96310 1.55151 1.05056 0.01508 0.81595 -0.01493 0.57774
1403638567.6778295040 6.85959 1.42817 0.97200 0.01843 0.81919 -0.01530 0.57303
1403638567.7778294086 6.75889 1.31034 0.90292 0.02049 0.82243 -0.01574 0.56828
1403638567.8778295517 6.66242 1.19714 0.84261 0.01975 0.82584 -0.01789 0.56328
1403638567.9778294563 6.57458 1.09048 0.78941 0.01973 0.82678 -0.01885 0.56187
1403638568.0778295994 6.49213 0.98861 0.74471 0.02276 0.82658 -0.01706 0.56211
1403638568.1778295040 6.41407 0.89236 0.70966 0.02479 0.82583 -0.01577 0.56316
1403638568.2778294086 6.33892 0.80121 0.68146 0.02579 0.82568 -0.01604 0.56332
1403638568.3778295517 6.26788 0.71448 0.65353 0.02586 0.82616 -0.01637 0.56261
1403638568.4778294563 6.20037 0.63419 0.61831 0.02641 0.82698 -0.01631 0.56137
1403638568.5778295994 6.13678 0.55653 0.58246 0.02733 0.82833 -0.01565 0.55935
1403638568.6778295040 6.07760 0.48515 0.54145 0.02872 0.83008 -0.01427 0.55673
1403638568.7778294086 6.02334 0.41955 0.50636 0.02838 0.83138 -0.01431 0.55479
1403638568.8778295517 5.97362 0.36168 0.48047 0.02643 0.83075 -0.01599 0.55579
1403638568.9778294563 5.92947 0.30699 0.45868 0.02835 0.83017 -0.01430 0.55661
1403638569.0778295994 5.88796 0.25694 0.44847 0.02986 0.82990 -0.01330 0.55695
1403638569.1778295040 5.85095 0.21097 0.44099 0.03048 0.83068 -0.01326 0.55576
1403638569.2778294086 5.81424 0.17003 0.43672 0.03259 0.83186 -0.01224 0.55390
1403638569.3778295517 5.78591 0.13474 0.42507 0.03345 0.83175 -0.01199 0.55401
1403638569.4778294563 5.75974 0.10183 0.40955 0.03391 0.83029 -0.01158 0.55618
1403638569.5778295994 5.74215 0.07827 0.39059 0.03458 0.82901 -0.01125 0.55805
1403638569.6778295040 5.72881 0.06039 0.37721 0.03364 0.82790 -0.01220 0.55974
1403638569.7778294086 5.71843 0.04817 0.37020 0.03456 0.82706 -0.01158 0.56094
1403638569.8778295517 5.71042 0.03964 0.36880 0.03551 0.82579 -0.01052 0.56276
1403638569.9778294563 5.70663 0.03812 0.37204 0.03422 0.82430 -0.01137 0.56501
1403638570.0778295994 5.70626 0.04269 0.37294 0.03187 0.82374 -0.01291 0.56592
1403638570.1778295040 5.70799 0.05134 0.36795 0.02691 0.82395 -0.01570 0.56581
1403638570.2778294086 5.71118 0.06257 0.35710 0.01930 0.82350 -0.02035 0.56663
1403638570.3778295517 5.71598 0.07516 0.34179 0.01298 0.82333 -0.02768 0.56674
1403638570.4778294563 5.72173 0.08611 0.32098 0.00875 0.82302 -0.04330 0.56629
1403638570.5778295994 5.72580 0.09270 0.29372 0.00176 0.82068 -0.07037 0.56703
1403638570.6778295040 5.72947 0.09200 0.26275 0.00262 0.81583 -0.09970 0.56963
1403638570.7778294086 5.73247 0.08156 0.22889 0.00984 0.80504 -0.12747 0.57929
1403638570.8778295517 5.73061 0.06050 0.19291 0.02239 0.79360 -0.15211 0.58870
1403638570.9778294563 5.72197 0.02876 0.15352 0.03789 0.78563 -0.17360 0.59263
1403638571.0778295994 5.70537 -0.01329 0.10969 0.05487 0.78303 -0.19276 0.58881
1403638571.1778295040 5.67919 -0.06383 0.06795 0.07651 0.78571 -0.20513 0.57856
1403638571.2778294086 5.64660 -0.12240 0.03573 0.09673 0.78698 -0.21150 0.57147
1403638571.3778295517 5.60704 -0.18511 0.01385 0.10940 0.78632 -0.21687 0.56807
1403638571.4778294563 5.56239 -0.25130 0.00158 0.11534 0.78350 -0.22162 0.56896
1403638571.5778295994 5.51283 -0.32064 -0.00708 0.12222 0.78109 -0.22581 0.56918
1403638571.6778295040 5.45963 -0.39277 -0.01983 0.12845 0.78083 -0.23514 0.56437
1403638571.7778294086 5.40344 -0.46841 -0.03786 0.13659 0.78035 -0.24850 0.55735
1403638571.8778295517 5.34538 -0.54741 -0.06016 0.14398 0.77748 -0.26617 0.55131
1403638571.9778294563 5.28451 -0.63071 -0.07909 0.15174 0.77157 -0.28613 0.54753
1403638572.0778295994 5.22088 -0.71741 -0.09014 0.16096 0.76477 -0.30533 0.54405
1403638572.1778295040 5.15308 -0.80794 -0.09220 0.17681 0.75802 -0.32050 0.53984
1403638572.2778294086 5.08206 -0.90095 -0.08953 0.19111 0.75380 -0.33707 0.53071
1403638572.3778295517 5.01031 -0.99729 -0.08896 0.20444 0.74904 -0.35541 0.52042
1403638572.4778294563 4.93865 -1.09680 -0.09123 0.21860 0.74510 -0.36850 0.51112
1403638572.5778295994 4.86850 -1.20000 -0.09472 0.22962 0.74132 -0.37715 0.50545
1403638572.6778295040 4.80040 -1.30628 -0.09705 0.23556 0.73953 -0.38255 0.50126
1403638572.7778294086 4.73510 -1.41725 -0.09130 0.24343 0.74090 -0.38227 0.49566
1403638572.8778295517 4.67397 -1.53113 -0.07755 0.24709 0.74330 -0.38153 0.49081
1403638572.9778294563 4.61664 -1.64806 -0.05895 0.24772 0.74542 -0.38046 0.48810
1403638573.0778295994 4.56383 -1.76792 -0.04466 0.24700 0.74746 -0.37919 0.48632
1403638573.1778295040 4.51531 -1.89038 -0.03700 0.24518 0.74905 -0.37791 0.48580
1403638573.2778294086 4.47197 -2.01485 -0.03061 0.24350 0.75043 -0.37587 0.48608
1403638573.3778295517 4.43132 -2.14375 -0.02405 0.24263 0.75121 -0.37490 0.48608
1403638573.4778294563 4.39925 -2.27374 -0.01291 0.24573 0.75132 -0.37502 0.48425
1403638573.5778295994 4.37084 -2.40862 0.00503 0.24740 0.75123 -0.37526 0.48335
1403638573.6778295040 4.34846 -2.54365 0.03030 0.25029 0.75158 -0.37579 0.48090
1403638573.7778294086 4.33132 -2.68112 0.06016 0.25714 0.74799 -0.37922 0.48019
1403638573.8778295517 4.32043 -2.82027 0.08930 0.27062 0.73778 -0.38491 0.48404
1403638573.9778294563 4.31519 -2.95863 0.11305 0.28222 0.72251 -0.39860 0.48933
1403638574.0778295994 4.31279 -3.09360 0.12963 0.28780 0.70248 -0.42040 0.49695
1403638574.1778295040 4.31073 -3.22376 0.14016 0.29366 0.68057 -0.44469 0.50283
1403638574.2778294086 4.30663 -3.34942 0.14544 0.30310 0.66216 -0.46720 0.50139
1403638574.3778295517 4.29439 -3.47281 0.14697 0.31566 0.64908 -0.48725 0.49157
1403638574.4778294563 4.27478 -3.59445 0.14517 0.32929 0.63771 -0.50534 0.47909
1403638574.5778295994 4.25020 -3.71224 0.14700 0.33983 0.62723 -0.51956 0.47027
1403638574.6778295040 4.22153 -3.82861 0.15724 0.35181 0.62095 -0.52666 0.46182
1403638574.7778294086 4.19174 -3.94452 0.17365 0.36277 0.62082 -0.52913 0.45055
1403638574.8778295517 4.16226 -4.05914 0.19374 0.36424 0.62301 -0.53343 0.44118
1403638574.9778294563 4.13187 -4.16948 0.20892 0.36292 0.62547 -0.53658 0.43492
1403638575.0778295994 4.10135 -4.27744 0.21700 0.35532 0.62421 -0.54189 0.43641
1403638575.1778295040 4.06963 -4.38517 0.21911 0.34935 0.62164 -0.54517 0.44080
1403638575.2778294086 4.03575 -4.49571 0.21921 0.34583 0.62039 -0.54600 0.44430
1403638575.3778295517 3.99824 -4.60681 0.21315 0.34267 0.62380 -0.54588 0.44212
1403638575.4778294563 3.95863 -4.72041 0.20450 0.34090 0.62931 -0.54413 0.43782
1403638575.5778295994 3.91591 -4.83702 0.19458 0.34004 0.63435 -0.54146 0.43451
1403638575.6778295040 3.87183 -4.95940 0.19164 0.34361 0.64065 -0.53603 0.42915
1403638575.7778294086 3.82759 -5.08527 0.19710 0.34469 0.64720 -0.53285 0.42236
1403638575.8778295517 3.78598 -5.21379 0.21195 0.34465 0.65142 -0.53065 0.41868
1403638575.9778294563 3.74879 -5.34461 0.23770 0.34413 0.65176 -0.52984 0.41959
1403638576.0778295994 3.71469 -5.48089 0.27042 0.34477 0.65237 -0.52840 0.41993
1403638576.1778295040 3.68329 -5.62484 0.30813 0.34554 0.65080 -0.52796 0.42229
1403638576.2778294086 3.65566 -5.77191 0.34277 0.34959 0.65131 -0.52537 0.42139
1403638576.3778295517 3.63161 -5.92319 0.37096 0.35417 0.65283 -0.52235 0.41896
1403638576.4778294563 3.61297 -6.07730 0.39358 0.35805 0.65542 -0.51978 0.41479
1403638576.5778295994 3.60084 -6.23423 0.41097 0.36272 0.65947 -0.51680 0.40799
1403638576.6778295040 3.59649 -6.39254 0.42386 0.36592 0.66091 -0.51457 0.40562
1403638576.7778294086 3.60083 -6.55417 0.43251 0.37072 0.65849 -0.51093 0.40977
1403638576.8778295517 3.61220 -6.71634 0.43623 0.37326 0.65349 -0.50924 0.41750
1403638576.9778294563 3.63052 -6.87830 0.43531 0.37106 0.64716 -0.51113 0.42690
1403638577.0778295994 3.65427 -7.03748 0.43372 0.36665 0.64345 -0.51459 0.43213
1403638577.1778295040 3.68169 -7.19483 0.43967 0.36372 0.64070 -0.51676 0.43609
1403638577.2778294086 3.71194 -7.34902 0.45149 0.36408 0.64124 -0.51648 0.43532
1403638577.3778295517 3.74463 -7.50361 0.47218 0.37080 0.64540 -0.51147 0.42938
1403638577.4778294563 3.78139 -7.65550 0.49828 0.37520 0.64782 -0.50815 0.42584
1403638577.5778295994 3.82342 -7.80627 0.52070 0.37221 0.64787 -0.50990 0.42629
1403638577.6778295040 3.87025 -7.95416 0.53730 0.36881 0.64687 -0.51203 0.42823
1403638577.7778294086 3.92047 -8.09992 0.54602 0.36605 0.64642 -0.51356 0.42943
1403638577.8778295517 3.97511 -8.24496 0.54993 0.36571 0.64663 -0.51329 0.42972
1403638577.9778294563 4.03275 -8.38523 0.55022 0.36652 0.64714 -0.51188 0.42995
1403638578.0778295994 4.09550 -8.52925 0.55784 0.36538 0.64639 -0.51184 0.43208
1403638578.1778295040 4.16163 -8.66717 0.57087 0.36071 0.64343 -0.51433 0.43744
1403638578.2778294086 4.22911 -8.80614 0.59005 0.35211 0.63866 -0.51995 0.44473
1403638578.3778295517 4.29556 -8.94537 0.60924 0.35001 0.63633 -0.52163 0.44775
1403638578.4778294563 4.35969 -9.08264 0.62218 0.35018 0.63594 -0.52203 0.44771
1403638578.5778295994 4.42155 -9.21716 0.63050 0.35020 0.63538 -0.52273 0.44767
1403638578.6778295040 4.48213 -9.35427 0.63446 0.35265 0.63524 -0.52157 0.44728
1403638578.7778294086 4.53956 -9.48463 0.63588 0.35806 0.63774 -0.51812 0.44344
1403638578.8778295517 4.59933 -9.61859 0.63275 0.36322 0.64049 -0.51444 0.43954
1403638578.9778294563 4.65982 -9.74254 0.62951 0.36576 0.64179 -0.51233 0.43799
1403638579.0778295994 4.72360 -9.87347 0.63469 0.36620 0.64248 -0.51128 0.43785
1403638579.1778295040 4.78740 -9.99313 0.64748 0.36674 0.64254 -0.51037 0.43837
1403638579.2778294086 4.85705 -10.11891 0.66638 0.36449 0.64160 -0.51147 0.44033
1403638579.3778295517 4.92492 -10.23013 0.68548 0.35873 0.63847 -0.51520 0.44524
1403638579.4778294563 4.99621 -10.35217 0.70284 0.35286 0.63430 -0.51918 0.45123
1403638579.5778295994 5.06374 -10.46089 0.71230 0.35154 0.63174 -0.51651 0.45885
1403638579.6778295040 5.12945 -10.56880 0.71730 0.35351 0.63221 -0.50435 0.47007
1403638579.7778294086 5.19431 -10.67442 0.71700 0.35179 0.64248 -0.48523 0.47751
1403638579.8778295517 5.25769 -10.77386 0.70972 0.34109 0.66226 -0.46377 0.47956
1403638579.9778294563 5.32043 -10.86732 0.69733 0.32380 0.68205 -0.43848 0.48753
1403638580.0778295994 5.38420 -10.95710 0.68362 0.30902 0.69617 -0.40384 0.50673
1403638580.1778295040 5.44923 -11.03946 0.66642 0.28882 0.70997 -0.36684 0.52721
1403638580.2778294086 5.50818 -11.10643 0.64410 0.26222 0.72649 -0.33185 0.54160
1403638580.3778295517 5.56475 -11.16856 0.61580 0.23182 0.74236 -0.30540 0.54945
1403638580.4778294563 5.61482 -11.22573 0.58293 0.20561 0.75376 -0.28880 0.55333
1403638580.5778295994 5.66123 -11.28209 0.54885 0.18801 0.76090 -0.27538 0.55664
1403638580.6778295040 5.70406 -11.33655 0.51521 0.17266 0.77083 -0.26065 0.55505
1403638580.7778294086 5.74351 -11.39065 0.48837 0.16232 0.78077 -0.24552 0.55115
1403638580.8778295517 5.78004 -11.44481 0.47008 0.15756 0.78758 -0.23455 0.54761
1403638580.9778294563 5.81816 -11.49911 0.46321 0.15169 0.78903 -0.23107 0.54867
1403638581.0778295994 5.85434 -11.54980 0.46580 0.15056 0.79003 -0.22929 0.54828
1403638581.1778295040 5.88726 -11.59870 0.47585 0.15312 0.78995 -0.22774 0.54833
1403638581.2778294086 5.91795 -11.64468 0.48733 0.15722 0.79003 -0.22746 0.54717
1403638581.3778295517 5.94944 -11.68347 0.50538 0.16072 0.78879 -0.22873 0.54741
1403638581.4778294563 5.97781 -11.72396 0.51912 0.16342 0.78669 -0.23042 0.54893
1403638581.5778295994 6.00225 -11.74602 0.55223 0.16678 0.78610 -0.23262 0.54783
1403638581.6778295040 6.03041 -11.77841 0.57333 0.17184 0.78199 -0.23262 0.55213
1403638581.7778294086 6.05162 -11.78972 0.60058 0.17419 0.77836 -0.23442 0.55575
1403638581.8778295517 6.07687 -11.80684 0.61580 0.17730 0.77525 -0.23457 0.55904
1403638581.9778294563 6.10571 -11.83264 0.62054 0.18102 0.76770 -0.23300 0.56884
1403638582.0778295994 6.13338 -11.85204 0.62821 0.17989 0.76950 -0.23484 0.56599
1403638582.1778295040 6.16053 -11.87064 0.64215 0.17602 0.77692 -0.23807 0.55563
1403638582.2778294086 6.18422 -11.88489 0.66534 0.17647 0.77994 -0.23804 0.55127
1403638582.3778295517 6.21381 -11.90145 0.70046 0.17892 0.77668 -0.23588 0.55598
1403638582.4778294563 6.23744 -11.90923 0.74228 0.18100 0.77548 -0.23429 0.55765
1403638582.5778295994 6.26040 -11.91251 0.79656 0.18204 0.77487 -0.23323 0.55861
1403638582.6778295040 6.28768 -11.92077 0.85537 0.18178 0.77596 -0.23345 0.55708
1403638582.7778294086 6.30921 -11.91531 0.92752 0.18009 0.77754 -0.23523 0.55468
1403638582.8778295517 6.32988 -11.90677 1.00028 0.18056 0.77886 -0.23578 0.55243
1403638582.9778294563 6.34963 -11.89376 1.06651 0.17946 0.78107 -0.23736 0.54898
1403638583.0778295994 6.36853 -11.87770 1.12496 0.17860 0.78358 -0.23904 0.54494
1403638583.1778295040 6.38808 -11.85977 1.17550 0.17861 0.78517 -0.23976 0.54232
1403638583.2778294086 6.40992 -11.84113 1.21991 0.17738 0.78577 -0.24104 0.54129
1403638583.3778295517 6.43791 -11.82551 1.24951 0.17779 0.78545 -0.24056 0.54184
1403638583.4778294563 6.46562 -11.80324 1.28789 0.17801 0.78614 -0.24068 0.54071
1403638583.5778295994 6.49401 -11.78095 1.33138 0.17815 0.78612 -0.24058 0.54074
1403638583.6778295040 6.52336 -11.75648 1.38240 0.17985 0.78640 -0.23936 0.54031
1403638583.7778294086 6.55453 -11.73000 1.43407 0.17958 0.78610 -0.23938 0.54083
1403638583.8778295517 6.58805 -11.69325 1.45214 0.18038 0.78523 -0.23892 0.54203
1403638583.9778294563 6.62609 -11.66146 1.48998 0.18083 0.78524 -0.23865 0.54198
1403638584.0778295994 6.66030 -11.62703 1.52084 0.18369 0.78179 -0.23648 0.54694
1403638584.1778295040 6.69863 -11.59732 1.52604 0.18761 0.77282 -0.23311 0.55966
1403638584.2778294086 6.73194 -11.55526 1.55071 0.18968 0.76379 -0.23092 0.57212
1403638584.3778295517 6.75900 -11.51168 1.53984 0.19119 0.76101 -0.22966 0.57582
1403638584.4778294563 6.77373 -11.45462 1.52486 0.19193 0.76090 -0.22897 0.57600
1403638584.5778295994 6.78838 -11.39335 1.52847 0.19157 0.76110 -0.22905 0.57582
1403638584.6778295040 6.79959 -11.32641 1.53915 0.18930 0.76292 -0.23035 0.57364
1403638584.7778294086 6.79422 -11.25259 1.52901 0.18562 0.76975 -0.23247 0.56479
1403638584.8778295517 6.80067 -11.17461 1.55545 0.17942 0.77746 -0.23699 0.55426
1403638584.9778294563 6.78767 -11.09510 1.54581 0.17744 0.78104 -0.23882 0.54906
1403638585.0778295994 6.78019 -11.01284 1.53752 0.17703 0.78227 -0.23941 0.54717
1403638585.1778295040 6.78295 -10.93243 1.54468 0.17462 0.78212 -0.24103 0.54745
1403638585.2778294086 6.76714 -10.85703 1.51853 0.17546 0.78023 -0.24014 0.55026
1403638585.3778295517 6.76867 -10.77667 1.51216 0.17599 0.77816 -0.23945 0.55331
1403638585.4778294563 6.75717 -10.70312 1.49616 0.17566 0.77842 -0.23951 0.55302
1403638585.5778295994 6.75833 -10.62274 1.49458 0.17478 0.78027 -0.23961 0.55066
1403638585.6778295040 6.75333 -10.54590 1.49581 0.17462 0.78283 -0.23943 0.54714
1403638585.7778294086 6.75635 -10.46318 1.51069 0.17153 0.78788 -0.24151 0.53990
1403638585.8778295517 6.75474 -10.38401 1.53316 0.16899 0.79172 -0.24326 0.53427
1403638585.9778294563 6.75863 -10.30624 1.56537 0.16712 0.79163 -0.24525 0.53408
1403638586.0778295994 6.76442 -10.23039 1.59995 0.16894 0.78746 -0.24458 0.53996
1403638586.1778295040 6.77948 -10.15415 1.62632 0.17078 0.78465 -0.24415 0.54365
1403638586.2778294086 6.78520 -10.07724 1.64863 0.17296 0.78200 -0.24299 0.54728
1403638586.3778295517 6.79963 -10.00197 1.66492 0.17877 0.77889 -0.23944 0.55140
1403638586.4778294563 6.80174 -9.91893 1.67640 0.18679 0.77708 -0.23447 0.55342
1403638586.5778295994 6.81339 -9.83905 1.68125 0.18900 0.77635 -0.23332 0.55418
1403638586.6778295040 6.81436 -9.74956 1.67906 0.18615 0.77717 -0.23543 0.55311
1403638586.7778294086 6.82569 -9.66653 1.67108 0.18205 0.77686 -0.23816 0.55374
1403638586.8778295517 6.82736 -9.57815 1.65791 0.17979 0.77573 -0.23902 0.55569
1403638586.9778294563 6.83537 -9.49186 1.63941 0.18000 0.77548 -0.23876 0.55608
1403638587.0778295994 6.83534 -9.40271 1.61966 0.17918 0.77526 -0.23924 0.55644
1403638587.1778295040 6.84123 -9.31205 1.60437 0.17876 0.77648 -0.23919 0.55490
1403638587.2778294086 6.84292 -9.21855 1.59682 0.17804 0.77814 -0.23931 0.55274
1403638587.3778295517 6.84571 -9.12526 1.59589 0.17745 0.77975 -0.23964 0.55052
1403638587.4778294563 6.84861 -9.03046 1.59644 0.17564 0.77984 -0.24141 0.55021
1403638587.5778295994 6.85165 -8.93344 1.59736 0.17485 0.77990 -0.24240 0.54994
1403638587.6778295040 6.85779 -8.84028 1.58956 0.17466 0.77949 -0.24294 0.55033
1403638587.7778294086 6.86121 -8.74558 1.57832 0.17461 0.77912 -0.24335 0.55069
1403638587.8778295517 6.86752 -8.65441 1.56128 0.17375 0.77876 -0.24421 0.55109
1403638587.9778294563 6.87025 -8.55975 1.54199 0.17355 0.77836 -0.24472 0.55149
1403638588.0778295994 6.87542 -8.47313 1.51663 0.17457 0.77793 -0.24355 0.55230
1403638588.1778295040 6.87594 -8.38174 1.48896 0.18119 0.77869 -0.23914 0.55103
1403638588.2778294086 6.87861 -8.29469 1.46036 0.18392 0.77949 -0.23665 0.55006
1403638588.3778295517 6.88021 -8.19847 1.44023 0.18456 0.77983 -0.23593 0.54967
1403638588.4778294563 6.88510 -8.10446 1.42681 0.18279 0.77980 -0.23693 0.54987
1403638588.5778295994 6.88676 -8.00252 1.42277 0.18036 0.77910 -0.23858 0.55096
1403638588.6778295040 6.88737 -7.90228 1.42566 0.17794 0.77834 -0.23988 0.55225
1403638588.7778294086 6.88748 -7.79655 1.43582 0.17641 0.77685 -0.24130 0.55422
1403638588.8778295517 6.88847 -7.69666 1.44221 0.17391 0.77634 -0.24359 0.55472
1403638588.9778294563 6.88571 -7.59369 1.44146 0.17418 0.77627 -0.24388 0.55461
1403638589.0778295994 6.88463 -7.49580 1.43391 0.17460 0.77654 -0.24414 0.55399
1403638589.1778295040 6.88047 -7.38989 1.41864 0.17622 0.77628 -0.24347 0.55412
1403638589.2778294086 6.87907 -7.29034 1.40272 0.17590 0.77530 -0.24362 0.55554
1403638589.3778295517 6.87229 -7.18410 1.38288 0.17610 0.77509 -0.24343 0.55584
1403638589.4778294563 6.86850 -7.08339 1.37050 0.17577 0.77599 -0.24404 0.55443
1403638589.5778295994 6.85884 -6.97691 1.36169 0.17511 0.77594 -0.24444 0.55453
1403638589.6778295040 6.85657 -6.87901 1.36465 0.17469 0.77659 -0.24447 0.55374
1403638589.7778294086 6.84678 -6.77485 1.37171 0.17510 0.77814 -0.24485 0.55126
1403638589.8778295517 6.83927 -6.68086 1.38397 0.17506 0.77875 -0.24579 0.54999
1403638589.9778294563 6.82892 -6.57689 1.38330 0.17546 0.77874 -0.24625 0.54967
1403638590.0778295994 6.81948 -6.48339 1.38476 0.17500 0.77876 -0.24701 0.54945
1403638590.1778295040 6.80905 -6.37998 1.37547 0.17563 0.77770 -0.24733 0.55060
1403638590.2778294086 6.80077 -6.29281 1.36864 0.17519 0.77703 -0.24789 0.55144
1403638590.3778295517 6.78928 -6.19170 1.35140 0.17544 0.77733 -0.24833 0.55074
1403638590.4778294563 6.77969 -6.09600 1.33482 0.17549 0.77795 -0.24857 0.54973
1403638590.5778295994 6.76631 -5.99721 1.31664 0.17444 0.77903 -0.24924 0.54824
1403638590.6778295040 6.75590 -5.90178 1.30713 0.17253 0.78078 -0.25019 0.54592
1403638590.7778294086 6.74366 -5.80605 1.30602 0.17177 0.78159 -0.25065 0.54479
1403638590.8778295517 6.73276 -5.71506 1.31155 0.17193 0.78246 -0.25058 0.54352
1403638590.9778294563 6.72162 -5.62079 1.32433 0.17065 0.78304 -0.25147 0.54267
1403638591.0778295994 6.70817 -5.52861 1.33971 0.16924 0.78394 -0.25281 0.54119
1403638591.1778295040 6.69900 -5.43561 1.35023 0.16843 0.78814 -0.25397 0.53476
1403638591.2778294086 6.68854 -5.34151 1.35134 0.16607 0.79399 -0.25607 0.52577
1403638591.3778295517 6.68364 -5.25713 1.34887 0.16282 0.79831 -0.25855 0.51899
1403638591.4778294563 6.68538 -5.18044 1.34176 0.16018 0.80105 -0.26064 0.51451
1403638591.5778295994 6.69356 -5.11059 1.32887 0.15751 0.80381 -0.26288 0.50987
1403638591.6778295040 6.70806 -5.04956 1.31214 0.15615 0.80409 -0.26399 0.50928
1403638591.7778294086 6.72965 -4.99871 1.29564 0.15781 0.80223 -0.26295 0.51223
1403638591.8778295517 6.75964 -4.95991 1.28089 0.15864 0.79995 -0.26210 0.51597
1403638591.9778294563 6.79500 -4.93066 1.27392 0.15921 0.79736 -0.26134 0.52016
1403638592.0778295994 6.83497 -4.91046 1.27547 0.15944 0.79483 -0.26021 0.52451
1403638592.1778295040 6.87981 -4.88948 1.28640 0.15734 0.79199 -0.25839 0.53032
1403638592.2778294086 6.92715 -4.88339 1.30920 0.15198 0.78649 -0.25303 0.54251
1403638592.3778295517 6.97426 -4.87488 1.34105 0.14279 0.78381 -0.24419 0.55283
1403638592.4778294563 7.01966 -4.86479 1.37996 0.13096 0.78614 -0.23031 0.55839
1403638592.5778295994 7.06176 -4.85882 1.42442 0.12320 0.79334 -0.21599 0.55569
1403638592.6778295040 7.10141 -4.85647 1.47445 0.11668 0.80066 -0.20461 0.55087
1403638592.7778294086 7.14028 -4.85825 1.52344 0.11160 0.80764 -0.19695 0.54450
1403638592.8778295517 7.17941 -4.86378 1.56731 0.10755 0.81262 -0.19221 0.53957
1403638592.9778294563 7.22082 -4.87206 1.60606 0.10690 0.81509 -0.18846 0.53729
1403638593.0778295994 7.26697 -4.88620 1.63830 0.10584 0.81583 -0.18714 0.53684
1403638593.1778295040 7.31659 -4.90345 1.67311 0.10590 0.81412 -0.18623 0.53974
1403638593.2778294086 7.37137 -4.92598 1.71195 0.11258 0.81081 -0.18247 0.54463
1403638593.3778295517 7.42739 -4.94979 1.75827 0.12151 0.80736 -0.17739 0.54949
1403638593.4778294563 7.48316 -4.97291 1.80178 0.12964 0.80268 -0.17349 0.55569
1403638593.5778295994 7.54050 -4.99389 1.83861 0.13418 0.79982 -0.17224 0.55913
1403638593.6778295040 7.59875 -5.01129 1.86895 0.13687 0.79859 -0.17196 0.56031
1403638593.7778294086 7.65681 -5.02494 1.89397 0.13814 0.79526 -0.17233 0.56461
1403638593.8778295517 7.71368 -5.03468 1.91818 0.13368 0.78483 -0.17250 0.58001
1403638593.9778294563 7.76545 -5.03834 1.94788 0.12707 0.78140 -0.16945 0.58699
1403638594.0778295994 7.80991 -5.03893 1.98041 0.11887 0.78694 -0.16737 0.58188
1403638594.1778295040 7.84870 -5.03796 2.01766 0.11677 0.79301 -0.16269 0.57535
1403638594.2778294086 7.88379 -5.03563 2.05362 0.11718 0.79539 -0.15788 0.57331
1403638594.3778295517 7.91476 -5.03035 2.08480 0.11966 0.79437 -0.15301 0.57555
1403638594.4778294563 7.94025 -5.02121 2.12179 0.12334 0.79297 -0.14757 0.57810
1403638594.5778295994 7.96358 -5.00764 2.16171 0.11778 0.79327 -0.14949 0.57836
1403638594.6778295040 7.97956 -4.98981 2.21066 0.11214 0.79386 -0.15272 0.57783
1403638594.7778294086 7.99612 -4.97215 2.25278 0.11004 0.79460 -0.15474 0.57668
1403638594.8778295517 8.00305 -4.95105 2.29204 0.10879 0.79463 -0.15643 0.57642
1403638594.9778294563 8.01410 -4.93062 2.32041 0.10998 0.79647 -0.15694 0.57351
1403638595.0778295994 8.02265 -4.90866 2.34354 0.10871 0.79766 -0.15876 0.57159
1403638595.1778295040 8.02984 -4.88647 2.36079 0.10863 0.79815 -0.16001 0.57057
1403638595.2778294086 8.03575 -4.86414 2.37228 0.10925 0.79859 -0.16031 0.56975
1403638595.3778295517 8.03228 -4.83626 2.38403 0.10920 0.79821 -0.16109 0.57007
1403638595.4778294563 8.03410 -4.81393 2.38283 0.10931 0.79855 -0.16132 0.56951
1403638595.5778295994 8.03440 -4.79095 2.38064 0.10941 0.79934 -0.16103 0.56847
1403638595.6778295040 8.03281 -4.76719 2.38337 0.11184 0.79937 -0.15937 0.56842
1403638595.7778294086 8.03024 -4.74145 2.39089 0.11620 0.80031 -0.15643 0.56703
1403638595.8778295517 8.02815 -4.71425 2.39593 0.11755 0.80071 -0.15580 0.56637
1403638595.9778294563 8.02559 -4.68640 2.38734 0.11997 0.80042 -0.15437 0.56666
1403638596.0778295994 8.01828 -4.65346 2.37090 0.12754 0.80107 -0.14954 0.56539
1403638596.1778295040 8.01567 -4.62001 2.35011 0.13886 0.80246 -0.14164 0.56278
1403638596.2778294086 8.01341 -4.57830 2.33621 0.15065 0.80410 -0.13297 0.55950
1403638596.3778295517 8.00967 -4.52530 2.33343 0.16007 0.80417 -0.12547 0.55852
1403638596.4778294563 8.01134 -4.46390 2.33643 0.16559 0.80383 -0.12065 0.55847
1403638596.5778295994 8.01644 -4.38977 2.35052 0.17240 0.80454 -0.11525 0.55651
1403638596.6778295040 8.02631 -4.30130 2.37033 0.18005 0.80476 -0.10924 0.55498
1403638596.7778294086 8.04211 -4.19640 2.39755 0.18399 0.80485 -0.10587 0.55422
1403638596.8778295517 8.06400 -4.07578 2.43360 0.18761 0.80420 -0.10307 0.55448
1403638596.9778294563 8.08756 -3.93739 2.46910 0.18939 0.80292 -0.10216 0.55589
1403638597.0778295994 8.11650 -3.78561 2.50169 0.19217 0.80205 -0.10115 0.55637
1403638597.1778295040 8.14827 -3.61930 2.52837 0.19445 0.80023 -0.10093 0.55824
1403638597.2778294086 8.18252 -3.43476 2.54801 0.19196 0.79758 -0.10403 0.56231
1403638597.3778295517 8.21951 -3.23617 2.56085 0.18712 0.79590 -0.10889 0.56539
1403638597.4778294563 8.25794 -3.02272 2.57152 0.17842 0.79274 -0.11597 0.57121
1403638597.5778295994 8.29517 -2.79731 2.57718 0.16557 0.78824 -0.12556 0.57923
1403638597.6778295040 8.32951 -2.56313 2.57817 0.16112 0.78595 -0.12963 0.58268
1403638597.7778294086 8.36019 -2.32138 2.57396 0.16534 0.78768 -0.12452 0.58028
1403638597.8778295517 8.38813 -2.07135 2.56517 0.16957 0.79015 -0.11314 0.57802
1403638597.9778294563 8.41360 -1.81196 2.55324 0.17070 0.79169 -0.10396 0.57730
1403638598.0778295994 8.44007 -1.54121 2.54575 0.16382 0.79187 -0.10144 0.57949
1403638598.1778295040 8.46422 -1.25899 2.54437 0.14218 0.79351 -0.11061 0.58128
1403638598.2778294086 8.48556 -0.97069 2.54760 0.12473 0.79555 -0.11903 0.58084
1403638598.3778295517 8.50614 -0.68157 2.54891 0.11385 0.79744 -0.12431 0.57938
1403638598.4778294563 8.52631 -0.39368 2.54422 0.10968 0.79979 -0.12605 0.57655
1403638598.5778295994 8.54420 -0.10685 2.53154 0.10480 0.80182 -0.12405 0.57508
1403638598.6778295040 8.56038 0.17766 2.51336 0.10050 0.80411 -0.11548 0.57443
1403638598.7778294086 8.57467 0.45936 2.49638 0.09208 0.80627 -0.10460 0.57490
1403638598.8778295517 8.58646 0.73840 2.48607 0.08281 0.80724 -0.09011 0.57740
1403638598.9778294563 8.59472 1.01437 2.47905 0.07286 0.80964 -0.07363 0.57772
1403638599.0778295994 8.60193 1.28901 2.47632 0.06076 0.81096 -0.05690 0.57915
1403638599.1778295040 8.60699 1.56205 2.47933 0.04874 0.81219 -0.03919 0.58003
1403638599.2778294086 8.60900 1.83190 2.48663 0.03773 0.81404 -0.02007 0.57923
1403638599.3778295517 8.60901 2.09970 2.50128 0.02523 0.81716 -0.00265 0.57585
1403638599.4778294563 8.60671 2.36588 2.52105 0.01615 0.81922 0.01082 0.57315
1403638599.5778295994 8.60362 2.63095 2.53927 0.01064 0.82146 0.01945 0.56984
1403638599.6778295040 8.60019 2.89540 2.54897 0.00704 0.82288 0.02414 0.56765
1403638599.7778294086 8.59814 3.15891 2.55018 0.00581 0.82299 0.02524 0.56746
1403638599.8778295517 8.59931 3.42024 2.54475 0.00392 0.82433 0.02283 0.56564
1403638599.9778294563 8.60248 3.68074 2.53525 0.00020 0.82459 0.01724 0.56547
1403638600.0778295994 8.61012 3.93852 2.52190 -0.00611 0.82582 0.00945 0.56382
1403638600.1778295040 8.62105 4.18978 2.50479 -0.01813 0.82767 -0.00226 0.56091
1403638600.2778294086 8.63388 4.43448 2.48195 -0.02799 0.82989 -0.01292 0.55707
1403638600.3778295517 8.65103 4.66874 2.45802 -0.03547 0.83140 -0.02152 0.55413
1403638600.4778294563 8.67288 4.88912 2.44097 -0.04162 0.83263 -0.02800 0.55156
1403638600.5778295994 8.70059 5.09401 2.43469 -0.03953 0.83321 -0.02864 0.55079
1403638600.6778295040 8.73240 5.28406 2.43609 -0.04232 0.83475 -0.03161 0.54809
1403638600.7778294086 8.76979 5.46071 2.44434 -0.04191 0.83847 -0.03140 0.54242
1403638600.8778295517 8.81496 5.62153 2.45797 -0.03091 0.84221 -0.02253 0.53779
1403638600.9778294563 8.86596 5.77110 2.46851 -0.01415 0.84421 -0.00900 0.53575
1403638601.0778295994 8.92359 5.91171 2.47383 -0.00505 0.84453 -0.00092 0.53548
1403638601.1778295040 8.98907 6.04772 2.47483 0.00277 0.84310 0.00552 0.53772
1403638601.2778294086 9.06231 6.18362 2.47220 0.01207 0.83663 0.01297 0.54748
1403638601.3778295517 9.14081 6.32046 2.46838 0.00924 0.83154 0.01679 0.55513
1403638601.4778294563 9.22273 6.46121 2.46836 -0.00389 0.82710 0.02141 0.56163
1403638601.5778295994 9.30534 6.60222 2.47642 -0.01474 0.82217 0.03568 0.56793
1403638601.6778295040 9.38854 6.74287 2.48956 -0.02594 0.81939 0.05574 0.56993
1403638601.7778294086 9.47000 6.88336 2.50977 -0.03854 0.81627 0.08122 0.57064
1403638601.8778295517 9.54898 7.02395 2.53823 -0.05242 0.81097 0.11023 0.57221
1403638601.9778294563 9.62442 7.16719 2.56783 -0.06721 0.80760 0.13362 0.57046
1403638602.0778295994 9.69747 7.31139 2.59148 -0.07867 0.80579 0.15055 0.56732
1403638602.1778295040 9.76644 7.45713 2.60878 -0.08457 0.80094 0.16615 0.56898
1403638602.2778294086 9.83079 7.60471 2.62143 -0.09218 0.79376 0.18352 0.57252
1403638602.3778295517 9.89050 7.75644 2.63416 -0.11470 0.78260 0.19591 0.57966
1403638602.4778294563 9.94259 7.90884 2.65727 -0.14976 0.76056 0.20204 0.59858
1403638602.5778295994 9.98312 8.05381 2.68803 -0.18508 0.73892 0.20668 0.61402
1403638602.6778295040 10.01051 8.18459 2.72406 -0.20572 0.72857 0.21992 0.61523
1403638602.7778294086 10.02127 8.29830 2.76487 -0.21661 0.72409 0.23946 0.60945
1403638602.8778295517 10.01300 8.39248 2.80982 -0.22757 0.72053 0.25901 0.60163
1403638602.9778294563 9.99003 8.47147 2.85737 -0.24696 0.72055 0.27432 0.58700
1403638603.0778295994 9.95944 8.53811 2.90193 -0.26560 0.71547 0.28887 0.57803
1403638603.1778295040 9.92402 8.59137 2.93989 -0.27767 0.70808 0.30306 0.57418
1403638603.2778294086 9.88204 8.62934 2.96554 -0.27565 0.71533 0.32020 0.55659
1403638603.3778295517 9.83528 8.65539 2.98168 -0.26856 0.72797 0.33466 0.53474
1403638603.4778294563 9.78710 8.67593 2.99333 -0.26487 0.73629 0.34184 0.52045
1403638603.5778295994 9.74073 8.69486 3.00242 -0.26610 0.73411 0.34603 0.52013
1403638603.6778295040 9.69275 8.71135 3.00726 -0.26820 0.72641 0.34827 0.52831
1403638603.7778294086 9.64624 8.72152 3.00364 -0.26202 0.71770 0.35450 0.53906
1403638603.8778295517 9.59170 8.72657 2.99498 -0.25543 0.70999 0.35932 0.54914
1403638603.9778294563 9.53072 8.73012 2.98065 -0.25040 0.70321 0.36199 0.55835
1403638604.0778295994 9.46334 8.73015 2.95924 -0.24441 0.69974 0.36462 0.56363
1403638604.1778295040 9.38394 8.73066 2.94253 -0.24310 0.69921 0.36539 0.56436
1403638604.2778294086 9.29511 8.72292 2.93306 -0.24944 0.70322 0.36166 0.55899
1403638604.3778295517 9.19434 8.71267 2.93009 -0.25465 0.71098 0.35858 0.54871
1403638604.4778294563 9.08784 8.69706 2.93410 -0.25236 0.71885 0.36023 0.53833
1403638604.5778295994 8.97906 8.67894 2.94376 -0.25033 0.72352 0.36156 0.53210
1403638604.6778295040 8.86760 8.65936 2.94886 -0.25291 0.72680 0.35998 0.52746
1403638604.7778294086 8.75550 8.63832 2.94888 -0.25696 0.72884 0.35730 0.52449
1403638604.8778295517 8.64479 8.61460 2.94863 -0.25795 0.73205 0.35669 0.51993
1403638604.9778294563 8.53474 8.58864 2.95167 -0.25539 0.73805 0.35853 0.51139
1403638605.0778295994 8.42623 8.56067 2.96267 -0.25271 0.74446 0.36055 0.50191
1403638605.1778295040 8.32314 8.53399 2.98224 -0.25016 0.74839 0.36262 0.49583
1403638605.2778294086 8.22623 8.51390 3.00328 -0.24630 0.74919 0.36534 0.49454
1403638605.3778295517 8.13227 8.49876 3.01892 -0.24028 0.74449 0.36954 0.50144
1403638605.4778294563 8.04154 8.48964 3.03108 -0.23315 0.73438 0.37495 0.51550
1403638605.5778295994 7.94688 8.48326 3.03459 -0.22771 0.72600 0.37905 0.52669
1403638605.6778295040 7.85001 8.48110 3.03347 -0.22325 0.72021 0.38227 0.53416
1403638605.7778294086 7.74686 8.48364 3.03591 -0.22167 0.71930 0.38336 0.53527
1403638605.8778295517 7.63930 8.49175 3.05007 -0.21889 0.71923 0.38499 0.53533
1403638605.9778294563 7.52516 8.50772 3.06760 -0.21484 0.71851 0.38689 0.53656
1403638606.0778295994 7.40397 8.52778 3.08582 -0.21222 0.71864 0.38761 0.53691
1403638606.1778295040 7.27578 8.55395 3.09355 -0.20880 0.71843 0.38915 0.53742
1403638606.2778294086 7.14150 8.58578 3.09843 -0.20664 0.71966 0.38951 0.53635
1403638606.3778295517 6.99938 8.62448 3.09082 -0.21208 0.72825 0.38479 0.52593
1403638606.4778294563 6.85241 8.66774 3.07874 -0.22009 0.73855 0.37825 0.51287
1403638606.5778295994 6.70478 8.71620 3.06114 -0.22691 0.74717 0.37372 0.50058
1403638606.6778295040 6.56066 8.77142 3.03963 -0.23232 0.75028 0.37588 0.49175
1403638606.7778294086 6.42098 8.83344 3.01375 -0.23709 0.75008 0.38507 0.48259
1403638606.8778295517 6.28625 8.90219 2.98614 -0.24561 0.74628 0.39770 0.47390
1403638606.9778294563 6.15695 8.97958 2.96362 -0.25650 0.73886 0.41307 0.46654
1403638607.0778295994 6.03812 9.06343 2.95153 -0.27053 0.72994 0.42741 0.45970
1403638607.1778295040 5.92741 9.15491 2.94720 -0.28699 0.72015 0.43433 0.45867
1403638607.2778294086 5.82248 9.25098 2.94252 -0.30090 0.70657 0.43854 0.46681
1403638607.3778295517 5.72094 9.34879 2.92933 -0.31366 0.69812 0.43846 0.47116
1403638607.4778294563 5.62401 9.44644 2.90705 -0.31947 0.69502 0.43956 0.47082
1403638607.5778295994 5.53169 9.54109 2.87751 -0.32142 0.69397 0.44088 0.46981
1403638607.6778295040 5.44394 9.63269 2.84515 -0.32307 0.69226 0.44086 0.47121
1403638607.7778294086 5.36186 9.72297 2.80998 -0.32150 0.69082 0.44130 0.47398
1403638607.8778295517 5.28164 9.81169 2.77086 -0.32257 0.69311 0.43923 0.47184
1403638607.9778294563 5.20814 9.89727 2.72777 -0.32471 0.69757 0.43589 0.46687
1403638608.0778295994 5.13974 9.98281 2.68044 -0.32543 0.69638 0.43332 0.47051
1403638608.1778295040 5.07544 10.06482 2.62823 -0.32161 0.69338 0.43368 0.47719
1403638608.2778294086 5.01560 10.14154 2.57180 -0.32040 0.68880 0.43295 0.48523
1403638608.3778295517 4.95781 10.21506 2.51063 -0.32077 0.68303 0.43170 0.49417
1403638608.4778294563 4.89928 10.28433 2.44448 -0.32089 0.68294 0.43130 0.49457
1403638608.5778295994 4.84246 10.34781 2.37261 -0.31909 0.68445 0.43200 0.49303
1403638608.6778295040 4.78494 10.40705 2.30435 -0.32462 0.68175 0.42803 0.49661
1403638608.7778294086 4.72738 10.45885 2.23994 -0.32509 0.68189 0.42774 0.49637
1403638608.8778295517 4.67073 10.50415 2.18030 -0.32376 0.68528 0.42914 0.49134
1403638608.9778294563 4.61461 10.54326 2.12956 -0.32281 0.68936 0.43005 0.48542
1403638609.0778295994 4.56053 10.57951 2.08454 -0.32218 0.69208 0.43059 0.48147
1403638609.1778295040 4.50795 10.61145 2.04609 -0.32408 0.69254 0.42923 0.48076
1403638609.2778294086 4.45779 10.63947 2.00727 -0.33202 0.69271 0.42348 0.48018
1403638609.3778295517 4.41251 10.66358 1.96121 -0.33085 0.69296 0.42397 0.48020
1403638609.4778294563 4.36991 10.68466 1.90801 -0.32717 0.69300 0.42611 0.48078
1403638609.5778295994 4.33135 10.69941 1.84899 -0.32372 0.69297 0.42808 0.48140
1403638609.6778295040 4.29438 10.71765 1.78350 -0.32163 0.69200 0.42955 0.48288
1403638609.7778294086 4.26132 10.72744 1.71914 -0.32043 0.69210 0.43031 0.48286
1403638609.8778295517 4.23053 10.74147 1.66059 -0.32091 0.69234 0.43000 0.48247
1403638609.9778294563 4.20207 10.74615 1.61117 -0.32184 0.69187 0.42918 0.48326
1403638610.0778295994 4.17931 10.75139 1.57076 -0.32531 0.68965 0.42664 0.48634
1403638610.1778295040 4.15643 10.75107 1.53383 -0.32645 0.68660 0.42574 0.49067
1403638610.2778294086 4.13456 10.74616 1.49269 -0.32886 0.68534 0.42372 0.49256
1403638610.3778295517 4.11392 10.73588 1.44467 -0.32973 0.68498 0.42306 0.49305
1403638610.4778294563 4.09680 10.71943 1.39252 -0.33001 0.68333 0.42255 0.49558
1403638610.5778295994 4.07735 10.69883 1.33571 -0.33288 0.67815 0.42028 0.50266
1403638610.6778295040 4.05680 10.66993 1.27812 -0.33737 0.67313 0.41702 0.50908
1403638610.7778294086 4.03354 10.63232 1.22268 -0.33485 0.67843 0.41976 0.50141
1403638610.8778295517 4.01044 10.58932 1.17584 -0.33097 0.68474 0.42375 0.49195
1403638610.9778294563 3.98950 10.54229 1.13513 -0.33158 0.68512 0.42403 0.49079
1403638611.0778295994 3.96977 10.48997 1.09318 -0.33477 0.68229 0.42213 0.49418
1403638611.1778295040 3.95280 10.43287 1.04746 -0.33612 0.68134 0.42228 0.49445
1403638611.2778294086 3.93636 10.36902 1.00112 -0.33559 0.68094 0.42324 0.49454
1403638611.3778295517 3.91974 10.29735 0.95897 -0.32924 0.67850 0.42768 0.49833
1403638611.4778294563 3.89769 10.22136 0.91976 -0.31702 0.67418 0.43550 0.50529
1403638611.5778295994 3.87628 10.14445 0.89122 -0.30818 0.67373 0.44075 0.50682
1403638611.6778295040 3.84457 10.06250 0.86445 -0.30640 0.67614 0.44110 0.50437
1403638611.7778294086 3.81169 9.98040 0.83777 -0.31196 0.68198 0.43684 0.49675
1403638611.8778295517 3.78019 9.89865 0.80830 -0.31711 0.68764 0.43250 0.48943
1403638611.9778294563 3.74705 9.81655 0.77384 -0.31972 0.69106 0.42989 0.48519
1403638612.0778295994 3.71603 9.73550 0.74180 -0.31908 0.69303 0.42961 0.48303
1403638612.1778295040 3.68756 9.65188 0.71546 -0.32049 0.69429 0.42805 0.48169
1403638612.2778294086 3.66233 9.57166 0.69898 -0.32100 0.69432 0.42736 0.48191
1403638612.3778295517 3.64010 9.48851 0.68665 -0.31937 0.69387 0.42795 0.48312
1403638612.4778294563 3.61871 9.40343 0.67082 -0.31876 0.69267 0.42720 0.48590
1403638612.5778295994 3.59918 9.31843 0.64962 -0.31590 0.69051 0.42773 0.49036
1403638612.6778295040 3.57911 9.23310 0.62113 -0.31011 0.68858 0.43014 0.49464
1403638612.7778294086 3.55676 9.14629 0.58494 -0.30725 0.68766 0.42995 0.49785
1403638612.8778295517 3.53363 9.06127 0.55191 -0.30745 0.68656 0.42765 0.50123
1403638612.9778294563 3.50447 8.97090 0.51899 -0.30837 0.68718 0.42555 0.50159
1403638613.0778295994 3.47642 8.88643 0.49798 -0.30893 0.69000 0.42441 0.49834
1403638613.1778295040 3.44510 8.79970 0.48404 -0.30843 0.69244 0.42416 0.49547
1403638613.2778294086 3.41060 8.70815 0.47546 -0.30760 0.69288 0.42435 0.49520
1403638613.3778295517 3.37763 8.62208 0.47508 -0.30687 0.69244 0.42484 0.49585
1403638613.4778294563 3.34149 8.52899 0.47105 -0.30754 0.69189 0.42376 0.49713
1403638613.5778295994 3.30662 8.44274 0.46228 -0.30677 0.69324 0.41943 0.49939
1403638613.6778295040 3.27031 8.35636 0.44754 -0.31065 0.69398 0.41270 0.50156
1403638613.7778294086 3.23129 8.26279 0.42465 -0.31452 0.69275 0.40503 0.50708
1403638613.8778295517 3.19439 8.17097 0.39449 -0.31148 0.69505 0.39693 0.51219
1403638613.9778294563 3.15515 8.06814 0.35934 -0.30384 0.70114 0.38706 0.51601
1403638614.0778295994 3.11642 7.96388 0.32099 -0.29191 0.70931 0.37528 0.52041
1403638614.1778295040 3.07609 7.85687 0.28298 -0.27721 0.71970 0.36243 0.52329
1403638614.2778294086 3.03348 7.74490 0.24964 -0.26621 0.72872 0.34898 0.52566
1403638614.3778295517 2.98892 7.63195 0.22163 -0.25761 0.73548 0.33954 0.52670
1403638614.4778294563 2.94377 7.52212 0.20332 -0.25412 0.74028 0.33062 0.52735
1403638614.5778295994 2.89829 7.40967 0.19323 -0.25019 0.74484 0.32228 0.52797
1403638614.6778295040 2.85585 7.29922 0.19107 -0.24712 0.75017 0.31029 0.52905
1403638614.7778294086 2.81679 7.18920 0.20117 -0.24522 0.76024 0.29376 0.52498
1403638614.8778295517 2.78068 7.07836 0.22090 -0.23755 0.77157 0.27626 0.52146
1403638614.9778294563 2.75200 6.96856 0.24804 -0.22437 0.78101 0.25717 0.52301
1403638615.0778295994 2.73006 6.85574 0.27961 -0.20631 0.78860 0.23643 0.52881
1403638615.1778295040 2.71447 6.74101 0.31630 -0.18493 0.79225 0.21432 0.54057
1403638615.2778294086 2.70277 6.62377 0.35646 -0.15997 0.79479 0.19292 0.55272
1403638615.3778295517 2.69155 6.50736 0.39246 -0.13862 0.79866 0.16753 0.56112
1403638615.4778294563 2.68025 6.38886 0.42210 -0.11838 0.80194 0.14166 0.56817
1403638615.5778295994 2.66736 6.26918 0.44421 -0.10130 0.80544 0.11734 0.57204
1403638615.6778295040 2.65336 6.14940 0.46194 -0.08810 0.80766 0.10005 0.57438
1403638615.7778294086 2.63872 6.03271 0.48533 -0.08041 0.80906 0.08760 0.57557
1403638615.8778295517 2.62185 5.91692 0.51628 -0.07521 0.81038 0.07582 0.57609
1403638615.9778294563 2.60510 5.80135 0.54543 -0.06802 0.81204 0.06394 0.57608
1403638616.0778295994 2.58744 5.68469 0.56797 -0.05915 0.81275 0.05172 0.57729
1403638616.1778295040 2.56893 5.56748 0.57750 -0.04940 0.81406 0.03766 0.57744
1403638616.2778294086 2.55007 5.44946 0.57004 -0.03879 0.81520 0.01951 0.57755
1403638616.3778295517 2.53066 5.32887 0.54826 -0.02559 0.81604 0.00026 0.57742
1403638616.4778294563 2.51068 5.20710 0.51911 -0.01508 0.81667 -0.01761 0.57663
1403638616.5778295994 2.49027 5.08642 0.48650 -0.00573 0.81842 -0.03009 0.57380
1403638616.6778295040 2.47033 4.96631 0.44999 0.00011 0.82311 -0.03970 0.56649
1403638616.7778294086 2.45177 4.84641 0.40899 -0.00283 0.83162 -0.04990 0.55310
1403638616.8778295517 2.43895 4.72602 0.36760 -0.00666 0.83739 -0.05664 0.54363
1403638616.9778294563 2.43444 4.60239 0.33480 -0.00144 0.83561 -0.05429 0.54663
1403638617.0778295994 2.43632 4.47443 0.31221 0.00414 0.83195 -0.04929 0.55264
1403638617.1778295040 2.44154 4.34408 0.29785 0.01009 0.82906 -0.04242 0.55745
1403638617.2778294086 2.45009 4.21328 0.28809 0.01173 0.83143 -0.03772 0.55423
1403638617.3778295517 2.46284 4.08211 0.28327 0.01135 0.83546 -0.03481 0.54833
1403638617.4778294563 2.48127 3.95400 0.28715 0.01104 0.83823 -0.03155 0.54430
1403638617.5778295994 2.50582 3.82764 0.29920 0.01082 0.83896 -0.02857 0.54333
1403638617.6778295040 2.53745 3.70522 0.31990 0.01186 0.83758 -0.02463 0.54563
1403638617.7778294086 2.57628 3.58816 0.34918 0.01207 0.83599 -0.02195 0.54818
1403638617.8778295517 2.61887 3.47461 0.38530 0.01309 0.83600 -0.01860 0.54826
1403638617.9778294563 2.66674 3.36537 0.42547 0.01108 0.83498 -0.01814 0.54987
1403638618.0778295994 2.71927 3.25848 0.46068 0.01033 0.83463 -0.01683 0.55046
1403638618.1778295040 2.77641 3.15516 0.48955 0.00796 0.83480 -0.01671 0.55024
1403638618.2778294086 2.83668 3.05405 0.51204 0.00844 0.83481 -0.01520 0.55026
1403638618.3778295517 2.90074 2.95754 0.53109 0.00823 0.83410 -0.01414 0.55138
1403638618.4778294563 2.96834 2.86276 0.54713 0.00801 0.83423 -0.01289 0.55121
1403638618.5778295994 3.03970 2.77231 0.56178 0.00916 0.83324 -0.01207 0.55270
1403638618.6778295040 3.11478 2.68219 0.57360 0.01304 0.83315 -0.01517 0.55269
1403638618.7778294086 3.19400 2.59773 0.59012 0.01561 0.83249 -0.01833 0.55352
1403638618.8778295517 3.27689 2.51596 0.61263 0.01862 0.83078 -0.02164 0.55587
1403638618.9778294563 3.36171 2.43753 0.63673 0.02460 0.82674 -0.03057 0.56122
1403638619.0778295994 3.44771 2.36054 0.65373 0.03649 0.82324 -0.04423 0.56479
1403638619.1778295040 3.53377 2.28613 0.66296 0.05006 0.81981 -0.06308 0.56695
1403638619.2778294086 3.62034 2.21465 0.66497 0.06405 0.81603 -0.08716 0.56779
1403638619.3778295517 3.70594 2.14600 0.65771 0.08025 0.81170 -0.11166 0.56766
1403638619.4778294563 3.79084 2.08117 0.64655 0.09084 0.80754 -0.13288 0.56743
1403638619.5778295994 3.87660 2.01918 0.63423 0.09737 0.80396 -0.14861 0.56752
1403638619.6778295040 3.96108 1.95912 0.61901 0.09367 0.80053 -0.16506 0.56845
1403638619.7778294086 4.04301 1.89854 0.60151 0.09006 0.79813 -0.17663 0.56894
1403638619.8778295517 4.12129 1.83567 0.58266 0.08973 0.79602 -0.18308 0.56990
1403638619.9778294563 4.19488 1.77068 0.55871 0.09109 0.79517 -0.18677 0.56967
1403638620.0778295994 4.26248 1.70139 0.53970 0.09318 0.79263 -0.18835 0.57235
1403638620.1778295040 4.32581 1.62966 0.52369 0.09779 0.78957 -0.18728 0.57615
1403638620.2778294086 4.37909 1.55571 0.51764 0.10050 0.79012 -0.18610 0.57531
1403638620.3778295517 4.42853 1.48035 0.51681 0.10324 0.79151 -0.18395 0.57360
1403638620.4778294563 4.46870 1.40510 0.52409 0.10430 0.79261 -0.18183 0.57256
1403638620.5778295994 4.50897 1.32763 0.52873 0.10389 0.79397 -0.18025 0.57126
1403638620.6778295040 4.54489 1.25026 0.52832 0.10103 0.79648 -0.18013 0.56830
1403638620.7778294086 4.57236 1.17389 0.52374 0.09750 0.79983 -0.18045 0.56409
1403638620.8778295517 4.60390 1.09288 0.51381 0.10074 0.80299 -0.17592 0.56045
1403638620.9778294563 4.63333 1.01278 0.50082 0.10531 0.80355 -0.17001 0.56063
1403638621.0778295994 4.65649 0.93509 0.48834 0.10901 0.80194 -0.16491 0.56374
1403638621.1778295040 4.68547 0.85520 0.47857 0.10766 0.80071 -0.16311 0.56627
1403638621.2778294086 4.71211 0.77843 0.47660 0.10793 0.79958 -0.16046 0.56857
1403638621.3778295517 4.73894 0.70278 0.47815 0.10961 0.80043 -0.15745 0.56789
1403638621.4778294563 4.76423 0.62978 0.47600 0.11017 0.79865 -0.15534 0.57087
1403638621.5778295994 4.78880 0.55972 0.46690 0.11010 0.79647 -0.15332 0.57447
1403638621.6778295040 4.80932 0.49452 0.45333 0.10972 0.79549 -0.15233 0.57616
1403638621.7778294086 4.82494 0.43471 0.43661 0.11066 0.79388 -0.15102 0.57854
1403638621.8778295517 4.83913 0.37544 0.41542 0.11247 0.79043 -0.14923 0.58336
1403638621.9778294563 4.84843 0.32284 0.39166 0.11290 0.78788 -0.14865 0.58685
1403638622.0778295994 4.84935 0.28125 0.36518 0.11150 0.78750 -0.14971 0.58737
1403638622.1778295040 4.84916 0.23570 0.33403 0.10833 0.78846 -0.15164 0.58617
1403638622.2778294086 4.84336 0.19571 0.30750 0.10553 0.78781 -0.15407 0.58693
1403638622.3778295517 4.83257 0.15845 0.28852 0.10621 0.78879 -0.15462 0.58534
1403638622.4778294563 4.81231 0.13025 0.28100 0.10990 0.78960 -0.15300 0.58399
1403638622.5778295994 4.79156 0.09649 0.27695 0.11336 0.78939 -0.15171 0.58396
1403638622.6778295040 4.76437 0.07450 0.28479 0.11729 0.78532 -0.15004 0.58906
1403638622.7778294086 4.73360 0.05051 0.30032 0.11995 0.77413 -0.14875 0.60350
1403638622.8778295517 4.69704 0.03809 0.32342 0.12165 0.76936 -0.14836 0.60933
1403638622.9778294563 4.65134 0.03053 0.34353 0.12025 0.77321 -0.15074 0.60412
1403638623.0778295994 4.59638 0.02589 0.35585 0.11667 0.77971 -0.15424 0.59552
1403638623.1778295040 4.53445 0.02673 0.36308 0.11168 0.78364 -0.15802 0.59032
1403638623.2778294086 4.46499 0.03397 0.36626 0.10867 0.78702 -0.16039 0.58572
1403638623.3778295517 4.39376 0.03636 0.36433 0.10637 0.78962 -0.16212 0.58216
1403638623.4778294563 4.31694 0.04355 0.35923 0.10706 0.79130 -0.16197 0.57979
1403638623.5778295994 4.24001 0.04804 0.35525 0.10841 0.79143 -0.16129 0.57954
1403638623.6778295040 4.15702 0.05295 0.35993 0.10980 0.79191 -0.16072 0.57878
1403638623.7778294086 4.07237 0.05882 0.37042 0.11203 0.79293 -0.16049 0.57702
1403638623.8778295517 3.98325 0.06693 0.38608 0.11345 0.79407 -0.16059 0.57515
1403638623.9778294563 3.88997 0.07582 0.40040 0.11503 0.79521 -0.16108 0.57312
1403638624.0778295994 3.79664 0.08692 0.40977 0.11337 0.79552 -0.16388 0.57223
1403638624.1778295040 3.70207 0.09764 0.41455 0.11094 0.79543 -0.16630 0.57213
1403638624.2778294086 3.60531 0.11036 0.41335 0.10890 0.79510 -0.16896 0.57220
1403638624.3778295517 3.50951 0.12247 0.40910 0.10852 0.79462 -0.17075 0.57241
1403638624.4778294563 3.41528 0.13205 0.40326 0.10996 0.79445 -0.17100 0.57230
1403638624.5778295994 3.31558 0.14358 0.39046 0.10527 0.78614 -0.17584 0.58308
1403638624.6778295040 3.21403 0.15387 0.37547 0.10688 0.78187 -0.17359 0.58917
1403638624.7778294086 3.11347 0.16212 0.36530 0.11177 0.78783 -0.16361 0.58315
1403638624.8778295517 3.00260 0.17538 0.36116 0.11317 0.79386 -0.15536 0.57692
1403638624.9778294563 2.90132 0.18629 0.36515 0.10589 0.79714 -0.15321 0.57435
1403638625.0778295994 2.79749 0.19819 0.37033 0.09824 0.79820 -0.15223 0.57451
1403638625.1778295040 2.68572 0.21354 0.37021 0.09189 0.79908 -0.15245 0.57427
1403638625.2778294086 2.58375 0.22240 0.36757 0.08983 0.79999 -0.15082 0.57376
1403638625.3778295517 2.47249 0.23433 0.36234 0.08868 0.80012 -0.14981 0.57402
1403638625.4778294563 2.37027 0.23964 0.36445 0.08762 0.79964 -0.14940 0.57496
1403638625.5778295994 2.26001 0.24868 0.37085 0.08828 0.80019 -0.14869 0.57428
1403638625.6778295040 2.15235 0.25502 0.38493 0.08840 0.80181 -0.14862 0.57201
1403638625.7778294086 2.04642 0.25814 0.40193 0.08722 0.80637 -0.14964 0.56548
1403638625.8778295517 1.93842 0.26368 0.41272 0.08748 0.80897 -0.15007 0.56160
1403638625.9778294563 1.83390 0.26386 0.42028 0.08853 0.80940 -0.15016 0.56079
1403638626.0778295994 1.73159 0.26496 0.42116 0.08702 0.81068 -0.15197 0.55869
1403638626.1778295040 1.63458 0.26286 0.41777 0.08726 0.81108 -0.15234 0.55797
1403638626.2778294086 1.53829 0.25948 0.40983 0.09022 0.80961 -0.15097 0.56000
1403638626.3778295517 1.43863 0.25533 0.39919 0.09810 0.80769 -0.14566 0.56284
1403638626.4778294563 1.34758 0.25167 0.38477 0.10053 0.80645 -0.14350 0.56475
1403638626.5778295994 1.25278 0.24903 0.36883 0.10121 0.80877 -0.14253 0.56154
1403638626.6778295040 1.16666 0.24694 0.35404 0.09999 0.81068 -0.14295 0.55889
1403638626.7778294086 1.08266 0.24672 0.34301 0.09741 0.81457 -0.14469 0.55321
1403638626.8778295517 1.00164 0.24539 0.33988 0.09689 0.81728 -0.14443 0.54936
1403638626.9778294563 0.92920 0.24417 0.34329 0.09621 0.81819 -0.14454 0.54810
1403638627.0778295994 0.86120 0.24285 0.34517 0.09555 0.81828 -0.14417 0.54817
1403638627.1778295040 0.79863 0.23979 0.34097 0.09478 0.81822 -0.14404 0.54844
1403638627.2778294086 0.74199 0.23638 0.33548 0.09608 0.81824 -0.14270 0.54853
1403638627.3778295517 0.69037 0.23323 0.32721 0.09812 0.81765 -0.14084 0.54953
1403638627.4778294563 0.64391 0.23016 0.31569 0.09833 0.81805 -0.14054 0.54898
1403638627.5778295994 0.60279 0.22740 0.30222 0.09958 0.81690 -0.14015 0.55056
1403638627.6778295040 0.57344 0.22450 0.28454 0.10162 0.81395 -0.13941 0.55474
1403638627.7778294086 0.54225 0.22318 0.26940 0.10337 0.81208 -0.13855 0.55736
1403638627.8778295517 0.51378 0.22383 0.25273 0.10433 0.81142 -0.13858 0.55813
1403638627.9778294563 0.48551 0.22595 0.23612 0.10475 0.81337 -0.13870 0.55518
1403638628.0778295994 0.46918 0.22909 0.21661 0.10574 0.81453 -0.13896 0.55322
1403638628.1778295040 0.44687 0.23389 0.20386 0.10682 0.81509 -0.13947 0.55205
1403638628.2778294086 0.43116 0.24069 0.19198 0.10699 0.81531 -0.14017 0.55151
1403638628.3778295517 0.42498 0.24742 0.17955 0.10563 0.81592 -0.14168 0.55050
1403638628.4778294563 0.41553 0.25670 0.17416 0.09971 0.81314 -0.14635 0.55447
1403638628.5778295994 0.41073 0.26590 0.17198 0.09164 0.80601 -0.15209 0.56464
1403638628.6778295040 0.40563 0.27403 0.17111 0.08610 0.80197 -0.15612 0.57014
1403638628.7778294086 0.41895 0.28319 0.16896 0.08808 0.80322 -0.15550 0.56824
1403638628.8778295517 0.40942 0.28673 0.16007 0.09253 0.80381 -0.15274 0.56745
1403638628.9778294563 0.40020 0.28911 0.14827 0.09744 0.80446 -0.14981 0.56648
1403638629.0778295994 0.38982 0.29222 0.13836 0.10223 0.80559 -0.14639 0.56492
1403638629.1778295040 0.37498 0.29399 0.13275 0.10457 0.80677 -0.14428 0.56336
1403638629.2778294086 0.36244 0.29954 0.12778 0.10518 0.80705 -0.14352 0.56303
1403638629.3778295517 0.35307 0.30578 0.12509 0.10608 0.81011 -0.14355 0.55845
1403638629.4778294563 0.34758 0.31354 0.12387 0.10474 0.81454 -0.14531 0.55176
1403638629.5778295994 0.35036 0.32052 0.12446 0.10122 0.81755 -0.14806 0.54721
1403638629.6778295040 0.35750 0.32623 0.12714 0.09023 0.81551 -0.15637 0.54987
1403638629.7778294086 0.36572 0.32997 0.13075 0.08347 0.80993 -0.16169 0.55758
1403638629.8778295517 0.37319 0.33097 0.13031 0.08185 0.80352 -0.16336 0.56654
1403638629.9778294563 0.37898 0.32832 0.12175 0.09280 0.79794 -0.15656 0.57460
1403638630.0778295994 0.38107 0.32494 0.10312 0.10187 0.79434 -0.15048 0.57965
1403638630.1778295040 0.38075 0.32292 0.07459 0.10628 0.79709 -0.14705 0.57595
1403638630.2778294086 0.37622 0.32204 0.04026 0.10710 0.80162 -0.14631 0.56967
1403638630.3778295517 0.37712 0.32491 0.01433 0.10335 0.82102 -0.14714 0.54184
1403638630.4778294563 0.38869 0.32615 0.02538 0.10269 0.80302 -0.14564 0.56869
1403638630.5778295994 0.39847 0.32722 0.02383 0.10231 0.80231 -0.14678 0.56946
1403638630.6778295040 0.40510 0.32806 0.00141 0.09985 0.82123 -0.14366 0.54311
1403638630.7778294086 0.40520 0.32096 -0.00211 0.10248 0.82805 -0.13778 0.53371
1403638630.8778295517 0.39804 0.32016 -0.00707 0.09767 0.82674 -0.13882 0.53636
1403638630.9778294563 0.39276 0.32027 -0.01035 0.09786 0.82662 -0.13906 0.53646
1403638631.0778295994 0.38529 0.32063 -0.01462 0.09855 0.82668 -0.13859 0.53636
1403638631.1778295040 0.37819 0.32066 -0.01878 0.09846 0.82671 -0.13882 0.53626
1403638631.2778294086 0.37045 0.32087 -0.02251 0.09836 0.82677 -0.13881 0.53619
1403638631.3778295517 0.36277 0.32098 -0.02598 0.09810 0.82685 -0.13900 0.53608
1403638631.4778294563 0.35529 0.32107 -0.02919 0.09786 0.82679 -0.13929 0.53614
1403638631.5778295994 0.34740 0.32110 -0.03250 0.09775 0.82677 -0.13938 0.53617
1403638631.6778295040 0.33983 0.32095 -0.03558 0.09744 0.82676 -0.13979 0.53613
