1403638523.0778295994 0.03979 0.02059 0.36842 -0.02025 0.81103 -0.01374 0.58449
1403638523.1778295040 0.03398 0.00970 0.39385 -0.04682 0.80520 0.00281 0.59114
1403638523.2778294086 0.03179 0.00302 0.38293 -0.03349 0.80246 0.00028 0.59577
1403638523.3778295517 0.02931 -0.00169 0.35364 -0.02893 0.79883 -0.00060 0.60086
1403638523.4778294563 0.02610 -0.00808 0.31076 -0.02571 0.80095 0.00257 0.59817
1403638523.5778295994 0.02310 -0.01548 0.26050 -0.01847 0.81002 0.00602 0.58607
1403638523.6778295040 0.01697 -0.02147 0.21013 -0.01219 0.81879 0.00858 0.57390
1403638523.7778294086 0.01170 -0.02693 0.16152 -0.00828 0.82308 0.01088 0.56775
1403638523.8778295517 0.00551 -0.03209 0.11813 -0.00660 0.82368 0.01480 0.56683
1403638523.9778294563 -0.00041 -0.03714 0.08654 -0.00005 0.82382 0.02262 0.56639
1403638524.0778295994 -0.00706 -0.04410 0.07444 -0.00139 0.82874 0.03671 0.55843
1403638524.1778295040 -0.00735 -0.04243 0.09253 -0.00976 0.83218 0.04778 0.55235
1403638524.2778294086 -0.00827 -0.04237 0.13471 -0.02110 0.83406 0.05240 0.54878
1403638524.3778295517 -0.00605 -0.04172 0.18957 -0.03163 0.83212 0.05135 0.55130
1403638524.4778294563 -0.00087 -0.04070 0.25018 -0.03847 0.82599 0.04927 0.56021
1403638524.5778295994 0.00643 -0.03819 0.31020 -0.04126 0.81713 0.04763 0.57299
1403638524.6778295040 0.01450 -0.03481 0.36440 -0.03715 0.81082 0.04197 0.58261
1403638524.7778294086 0.02109 -0.02999 0.40547 -0.02445 0.80717 0.03674 0.58867
1403638524.8778295517 0.02606 -0.02521 0.43190 -0.02083 0.80609 0.03407 0.59045
1403638524.9778294563 0.02822 -0.02167 0.44211 -0.02760 0.80500 0.03659 0.59150
1403638525.0778295994 0.02938 -0.01997 0.43029 -0.02526 0.80259 0.04001 0.59465
1403638525.1778295040 0.03095 -0.01868 0.39718 -0.02277 0.80144 0.04450 0.59598
1403638525.2778294086 0.03018 -0.02029 0.35156 -0.02296 0.80497 0.04968 0.59078
1403638525.3778295517 0.02891 -0.02080 0.29812 -0.02506 0.81437 0.05439 0.57724
1403638525.4778294563 0.02564 -0.02051 0.24595 -0.03290 0.82693 0.05583 0.55855
1403638525.5778295994 0.02178 -0.02262 0.20019 -0.03822 0.83647 0.05477 0.54393
1403638525.6778295040 0.01967 -0.02525 0.16190 -0.03841 0.83979 0.05130 0.53912
1403638525.7778294086 0.01939 -0.02705 0.13145 -0.03513 0.83865 0.04524 0.54164
1403638525.8778295517 0.01908 -0.03022 0.10971 -0.02762 0.83560 0.04067 0.54713
1403638525.9778294563 0.01511 -0.03855 0.09709 -0.02010 0.83403 0.04012 0.54990
1403638526.0778295994 0.01148 -0.05814 0.09526 -0.01639 0.83578 0.03849 0.54746
1403638526.1778295040 0.00836 -0.08732 0.10262 -0.01498 0.83844 0.02974 0.54397
1403638526.2778294086 0.00369 -0.12326 0.11620 -0.01147 0.83767 0.02070 0.54566
1403638526.3778295517 -0.00371 -0.16391 0.13121 -0.00846 0.83347 0.01154 0.55238
1403638526.4778294563 -0.01416 -0.20905 0.14469 -0.00603 0.82831 -0.00020 0.56024
1403638526.5778295994 -0.02579 -0.26008 0.15449 -0.00436 0.82318 -0.01126 0.56765
1403638526.6778295040 -0.03904 -0.31878 0.16217 0.00018 0.81815 -0.01958 0.57468
1403638526.7778294086 -0.05551 -0.38258 0.16812 0.00897 0.81485 -0.02522 0.57905
1403638526.8778295517 -0.07390 -0.44710 0.17211 0.01731 0.81373 -0.02871 0.58028
1403638526.9778294563 -0.09184 -0.50891 0.17526 0.02106 0.81637 -0.03493 0.57609
1403638527.0778295994 -0.10622 -0.56724 0.17868 0.02722 0.82047 -0.04730 0.56908
1403638527.1778295040 -0.11478 -0.61975 0.18329 0.03207 0.82208 -0.06077 0.56521
1403638527.2778294086 -0.11976 -0.66045 0.18973 0.04201 0.81930 -0.07355 0.56708
1403638527.3778295517 -0.11918 -0.68348 0.19569 0.05603 0.81461 -0.08134 0.57154
1403638527.4778294563 -0.11304 -0.68494 0.19892 0.06476 0.81182 -0.08461 0.57411
1403638527.5778295994 -0.10216 -0.66498 0.19912 0.06630 0.81195 -0.08477 0.57373
1403638527.6778295040 -0.08626 -0.62580 0.19613 0.06253 0.81327 -0.07979 0.57299
1403638527.7778294086 -0.07136 -0.57912 0.19601 0.05660 0.81444 -0.07227 0.57294
1403638527.8778295517 -0.05479 -0.52470 0.19836 0.04179 0.81753 -0.06681 0.57047
1403638527.9778294563 -0.03207 -0.46570 0.20050 0.02826 0.81877 -0.05959 0.57032
1403638528.0778295994 -0.01151 -0.40587 0.20159 0.01981 0.81753 -0.05108 0.57327
1403638528.1778295040 0.00755 -0.34870 0.19833 0.00973 0.81774 -0.04199 0.57398
1403638528.2778294086 0.03032 -0.29805 0.19272 -0.00175 0.81883 -0.03207 0.57313
1403638528.3778295517 0.06019 -0.25946 0.18667 -0.00869 0.81821 -0.02409 0.57435
1403638528.4778294563 0.09436 -0.23167 0.18127 -0.00649 0.81738 -0.02115 0.57567
1403638528.5778295994 0.13056 -0.21051 0.17806 -0.00460 0.81942 -0.02582 0.57260
1403638528.6778295040 0.16673 -0.19525 0.17782 -0.00546 0.82087 -0.03362 0.57010
1403638528.7778294086 0.19767 -0.18492 0.18080 -0.00027 0.82025 -0.03892 0.57068
1403638528.8778295517 0.21381 -0.17688 0.18769 -0.00362 0.81950 -0.04679 0.57115
1403638528.9778294563 0.21480 -0.16809 0.20065 -0.01026 0.81939 -0.05356 0.57063
1403638529.0778295994 0.19699 -0.15992 0.21803 -0.00860 0.82025 -0.05512 0.56927
1403638529.1778295040 0.16863 -0.14389 0.22833 0.00898 0.82123 -0.04863 0.56846
1403638529.2778294086 0.13351 -0.12374 0.22743 0.02134 0.82313 -0.04304 0.56582
1403638529.3778295517 0.09555 -0.10194 0.21517 0.02619 0.82824 -0.03904 0.55840
1403638529.4778294563 0.06366 -0.08418 0.19386 0.02526 0.83819 -0.03669 0.54356
1403638529.5778295994 0.03865 -0.07176 0.16850 0.02340 0.84819 -0.03392 0.52808
1403638529.6778295040 0.01878 -0.06844 0.14310 0.02515 0.85164 -0.03113 0.52259
1403638529.7778294086 0.00921 -0.06077 0.11932 0.02460 0.84799 -0.03060 0.52856
1403638529.8778295517 0.00535 -0.05340 0.09748 0.02344 0.84152 -0.03193 0.53878
1403638529.9778294563 0.00227 -0.04682 0.08130 0.02409 0.83882 -0.03297 0.54287
1403638530.0778295994 0.00951 -0.04445 0.06932 0.02518 0.84020 -0.03386 0.54063
1403638530.1778295040 0.02231 -0.04466 0.05937 0.02631 0.84189 -0.03835 0.53763
1403638530.2778294086 0.03737 -0.04623 0.04908 0.02879 0.84142 -0.04459 0.53777
1403638530.3778295517 0.05078 -0.04958 0.03915 0.03166 0.84071 -0.05003 0.53825
1403638530.4778294563 0.06262 -0.05343 0.03163 0.03244 0.84037 -0.05425 0.53832
1403638530.5778295994 0.07040 -0.05778 0.02601 0.03219 0.84033 -0.05789 0.53801
1403638530.6778295040 0.07472 -0.06131 0.02098 0.03376 0.84330 -0.06032 0.53298
1403638530.7778294086 0.07784 -0.06353 0.01551 0.03412 0.84665 -0.06204 0.52742
1403638530.8778295517 0.07997 -0.06494 0.01109 0.03261 0.84728 -0.06167 0.52655
1403638530.9778294563 0.08152 -0.06546 0.00784 0.03175 0.84494 -0.06194 0.53032
1403638531.0778295994 0.08162 -0.06514 0.00587 0.03270 0.84148 -0.06073 0.53586
1403638531.1778295040 0.08158 -0.06344 0.00654 0.03338 0.83935 -0.05862 0.53938
1403638531.2778294086 0.08193 -0.06237 0.00507 0.03618 0.83820 -0.05730 0.54114
1403638531.3778295517 0.08178 -0.06153 0.00475 0.03589 0.83712 -0.05736 0.54282
1403638531.4778294563 0.08158 -0.06191 0.00486 0.03609 0.83612 -0.05778 0.54431
1403638531.5778295994 0.08141 -0.06199 0.00474 0.03675 0.83641 -0.05674 0.54392
1403638531.6778295040 0.08140 -0.06180 0.00463 0.03613 0.83646 -0.05741 0.54381
1403638531.7778294086 0.08148 -0.06189 0.00463 0.03662 0.83637 -0.05756 0.54391
1403638531.8778295517 0.08143 -0.06192 0.00460 0.03680 0.83641 -0.05748 0.54384
1403638531.9778294563 0.08146 -0.06200 0.00459 0.03716 0.83637 -0.05758 0.54387
1403638532.0778295994 0.08145 -0.06203 0.00455 0.03738 0.83635 -0.05751 0.54388
1403638532.1778295040 0.08147 -0.06203 0.00454 0.03741 0.83631 -0.05764 0.54393
1403638532.2778294086 0.08148 -0.06202 0.00454 0.03735 0.83627 -0.05786 0.54398
1403638532.3778295517 0.08147 -0.06201 0.00452 0.03733 0.83622 -0.05793 0.54404
1403638532.4778294563 0.08149 -0.06203 0.00453 0.03735 0.83616 -0.05807 0.54412
1403638532.5778295994 0.08148 -0.06203 0.00450 0.03740 0.83617 -0.05813 0.54410
1403638532.6778295040 0.08151 -0.06208 0.00452 0.03753 0.83612 -0.05816 0.54417
1403638532.7778294086 0.08148 -0.06209 0.00451 0.03764 0.83613 -0.05807 0.54415
1403638532.8778295517 0.08148 -0.06209 0.00451 0.03775 0.83610 -0.05811 0.54417
1403638532.9778294563 0.08149 -0.06211 0.00452 0.03778 0.83606 -0.05813 0.54424
1403638533.0778295994 0.08147 -0.06211 0.00451 0.03782 0.83605 -0.05817 0.54425
1403638533.1778295040 0.08149 -0.06212 0.00451 0.03785 0.83599 -0.05824 0.54433
1403638533.2778294086 0.08148 -0.06213 0.00450 0.03787 0.83595 -0.05829 0.54439
1403638533.3778295517 0.08148 -0.06214 0.00450 0.03796 0.83593 -0.05827 0.54441
1403638533.4778294563 0.08150 -0.06216 0.00451 0.03796 0.83589 -0.05830 0.54447
1403638533.5778295994 0.08148 -0.06214 0.00450 0.03796 0.83588 -0.05833 0.54448
1403638533.6778295040 0.08149 -0.06214 0.00451 0.03797 0.83584 -0.05840 0.54454
1403638533.7778294086 0.08148 -0.06214 0.00450 0.03800 0.83581 -0.05843 0.54457
1403638533.8778295517 0.08149 -0.06211 0.00450 0.03779 0.83584 -0.05817 0.54457
1403638533.9778294563 0.08152 -0.06215 0.00449 0.03791 0.83584 -0.05840 0.54454
1403638534.0778295994 0.08145 -0.06217 0.00449 0.03833 0.83574 -0.05878 0.54462
1403638534.1778295040 0.08148 -0.06219 0.00453 0.03801 0.83576 -0.05862 0.54463
1403638534.2778294086 0.08148 -0.06212 0.00456 0.03776 0.83584 -0.05850 0.54455
1403638534.3778295517 0.08149 -0.06211 0.00456 0.03778 0.83585 -0.05853 0.54451
1403638534.4778294563 0.08151 -0.06216 0.00453 0.03791 0.83587 -0.05879 0.54445
1403638534.5778295994 0.08150 -0.06212 0.00454 0.03770 0.83597 -0.05846 0.54434
1403638534.6778295040 0.08153 -0.06206 0.00456 0.03748 0.83595 -0.05823 0.54442
1403638534.7778294086 0.08151 -0.06209 0.00457 0.03758 0.83594 -0.05813 0.54443
1403638534.8778295517 0.08151 -0.06213 0.00456 0.03788 0.83588 -0.05831 0.54449
1403638534.9778294563 0.08150 -0.06218 0.00457 0.03796 0.83591 -0.05836 0.54444
1403638535.0778295994 0.08150 -0.06217 0.00458 0.03782 0.83597 -0.05835 0.54436
1403638535.1778295040 0.08151 -0.06216 0.00457 0.03773 0.83592 -0.05837 0.54443
1403638535.2778294086 0.08150 -0.06216 0.00457 0.03768 0.83591 -0.05838 0.54445
1403638535.3778295517 0.08150 -0.06214 0.00460 0.03774 0.83589 -0.05835 0.54449
1403638535.4778294563 0.08151 -0.06214 0.00461 0.03780 0.83587 -0.05834 0.54451
1403638535.5778295994 0.08152 -0.06212 0.00462 0.03772 0.83588 -0.05826 0.54450
1403638535.6778295040 0.08152 -0.06212 0.00461 0.03764 0.83586 -0.05828 0.54454
1403638535.7778294086 0.08151 -0.06213 0.00461 0.03770 0.83584 -0.05828 0.54457
1403638535.8778295517 0.08152 -0.06213 0.00461 0.03762 0.83585 -0.05824 0.54457
1403638535.9778294563 0.08150 -0.06211 0.00462 0.03756 0.83588 -0.05821 0.54452
1403638536.0778295994 0.08152 -0.06211 0.00463 0.03752 0.83581 -0.05825 0.54463
1403638536.1778295040 0.08153 -0.06212 0.00464 0.03749 0.83578 -0.05826 0.54468
1403638536.2778294086 0.08153 -0.06212 0.00464 0.03753 0.83577 -0.05821 0.54470
1403638536.3778295517 0.08154 -0.06212 0.00464 0.03754 0.83570 -0.05821 0.54479
1403638536.4778294563 0.08154 -0.06211 0.00465 0.03754 0.83569 -0.05819 0.54482
1403638536.5778295994 0.08154 -0.06211 0.00465 0.03745 0.83569 -0.05818 0.54483
1403638536.6778295040 0.08154 -0.06211 0.00465 0.03743 0.83568 -0.05815 0.54485
1403638536.7778294086 0.08152 -0.06211 0.00464 0.03751 0.83564 -0.05821 0.54490
1403638536.8778295517 0.08152 -0.06212 0.00463 0.03746 0.83557 -0.05832 0.54499
1403638536.9778294563 0.08153 -0.06212 0.00465 0.03741 0.83559 -0.05836 0.54496
1403638537.0778295994 0.08155 -0.06209 0.00467 0.03739 0.83560 -0.05825 0.54495
1403638537.1778295040 0.08155 -0.06208 0.00468 0.03752 0.83554 -0.05822 0.54504
1403638537.2778294086 0.08156 -0.06208 0.00470 0.03763 0.83556 -0.05814 0.54502
1403638537.3778295517 0.08155 -0.06208 0.00469 0.03759 0.83554 -0.05811 0.54506
1403638537.4778294563 0.08156 -0.06207 0.00470 0.03754 0.83552 -0.05809 0.54509
1403638537.5778295994 0.08156 -0.06206 0.00474 0.03759 0.83554 -0.05797 0.54507
1403638537.6778295040 0.08157 -0.06207 0.00478 0.03764 0.83559 -0.05799 0.54499
1403638537.7778294086 0.08157 -0.06206 0.00477 0.03761 0.83555 -0.05803 0.54505
1403638537.8778295517 0.08160 -0.06204 0.00479 0.03765 0.83555 -0.05789 0.54506
1403638537.9778294563 0.08158 -0.06204 0.00481 0.03766 0.83551 -0.05799 0.54511
1403638538.0778295994 0.08159 -0.06204 0.00484 0.03770 0.83549 -0.05803 0.54513
1403638538.1778295040 0.08159 -0.06205 0.00485 0.03776 0.83546 -0.05803 0.54518
1403638538.2778294086 0.08167 -0.06200 0.00483 0.03765 0.83546 -0.05785 0.54520
1403638538.3778295517 0.08162 -0.06203 0.00487 0.03784 0.83541 -0.05785 0.54526
1403638538.4778294563 0.08160 -0.06204 0.00495 0.03787 0.83539 -0.05784 0.54529
1403638538.5778295994 0.08164 -0.06204 0.00500 0.03815 0.83536 -0.05790 0.54531
1403638538.6778295040 0.08163 -0.06205 0.00504 0.03802 0.83519 -0.05803 0.54557
1403638538.7778294086 0.08172 -0.06210 0.00537 0.03788 0.83444 -0.05786 0.54674
1403638538.8778295517 0.08312 -0.06171 0.00577 0.03720 0.83343 -0.05739 0.54837
1403638538.9778294563 0.08652 -0.06155 0.00829 0.03822 0.82861 -0.05679 0.55562
1403638539.0778295994 0.09079 -0.06143 0.01188 0.03987 0.82302 -0.05830 0.56360
1403638539.1778295040 0.09841 -0.06133 0.01970 0.03907 0.81781 -0.05871 0.57115
1403638539.2778294086 0.10714 -0.06131 0.03521 0.03893 0.81414 -0.05800 0.57646
1403638539.3778295517 0.11535 -0.06133 0.05849 0.03852 0.81511 -0.05747 0.57516
1403638539.4778294563 0.12439 -0.06208 0.08800 0.03809 0.81720 -0.05643 0.57232
1403638539.5778295994 0.13449 -0.06346 0.12022 0.03759 0.81820 -0.05499 0.57107
1403638539.6778295040 0.14560 -0.06475 0.14737 0.03590 0.81883 -0.05455 0.57031
1403638539.7778294086 0.15545 -0.06541 0.16382 0.03634 0.82008 -0.05278 0.56865
1403638539.8778295517 0.16718 -0.06559 0.17309 0.03547 0.82265 -0.05220 0.56504
1403638539.9778294563 0.18278 -0.06505 0.18070 0.03373 0.82725 -0.05191 0.55841
1403638540.0778295994 0.20339 -0.06560 0.18742 0.03348 0.83319 -0.05176 0.54954
1403638540.1778295040 0.22801 -0.06670 0.19480 0.03324 0.83715 -0.05154 0.54353
1403638540.2778294086 0.26188 -0.06740 0.20920 0.03382 0.83289 -0.05024 0.55011
1403638540.3778295517 0.29980 -0.06853 0.21742 0.03454 0.82685 -0.04822 0.55929
1403638540.4778294563 0.34194 -0.06875 0.22494 0.03136 0.82458 -0.04223 0.56329
1403638540.5778295994 0.38836 -0.06781 0.23063 0.02414 0.82486 -0.03077 0.56399
1403638540.6778295040 0.43746 -0.06632 0.23631 0.01582 0.82507 -0.01361 0.56465
1403638540.7778294086 0.48868 -0.06279 0.24108 0.00792 0.82426 0.01036 0.56606
1403638540.8778295517 0.54116 -0.05617 0.24439 -0.00237 0.82362 0.03833 0.56584
1403638540.9778294563 0.59401 -0.04477 0.24601 -0.01609 0.82210 0.06459 0.56544
1403638541.0778295994 0.64743 -0.02973 0.24533 -0.02988 0.81995 0.08406 0.56544
1403638541.1778295040 0.70258 -0.01147 0.23967 -0.03963 0.81822 0.09731 0.56522
1403638541.2778294086 0.75739 0.01190 0.23156 -0.04474 0.81745 0.10609 0.56438
1403638541.3778295517 0.81254 0.04007 0.23121 -0.04773 0.81727 0.10971 0.56369
1403638541.4778294563 0.86704 0.07288 0.23710 -0.04885 0.81703 0.10993 0.56390
1403638541.5778295994 0.92069 0.11168 0.24953 -0.04816 0.81550 0.11055 0.56606
1403638541.6778295040 0.97709 0.15803 0.27030 -0.05235 0.81369 0.11359 0.56768
1403638541.7778294086 1.03091 0.20907 0.29628 -0.06252 0.81231 0.11934 0.56745
1403638541.8778295517 1.08187 0.26513 0.33020 -0.07459 0.81082 0.12839 0.56615
1403638541.9778294563 1.13017 0.32308 0.36085 -0.08665 0.80966 0.14292 0.56259
1403638542.0778295994 1.17688 0.38256 0.38507 -0.10097 0.80747 0.16020 0.55868
1403638542.1778295040 1.22103 0.44240 0.40314 -0.11681 0.80353 0.18042 0.55511
1403638542.2778294086 1.26514 0.50443 0.41513 -0.13200 0.79939 0.20395 0.54950
1403638542.3778295517 1.30837 0.56630 0.42361 -0.14605 0.79152 0.22595 0.54873
1403638542.4778294563 1.34928 0.62659 0.42943 -0.15287 0.77776 0.24650 0.55763
1403638542.5778295994 1.38959 0.68825 0.43233 -0.14933 0.76558 0.26504 0.56687
1403638542.6778295040 1.42405 0.75301 0.43679 -0.15015 0.76210 0.27447 0.56686
1403638542.7778294086 1.45182 0.82250 0.44828 -0.15919 0.76619 0.27345 0.55932
1403638542.8778295517 1.47523 0.89741 0.46744 -0.16566 0.77159 0.27020 0.55154
1403638542.9778294563 1.49396 0.97387 0.49377 -0.16962 0.77620 0.26697 0.54541
1403638543.0778295994 1.50915 1.04995 0.52218 -0.17228 0.77979 0.26386 0.54094
1403638543.1778295040 1.52374 1.12671 0.54510 -0.17255 0.78100 0.26145 0.54028
1403638543.2778294086 1.53764 1.20396 0.56399 -0.17283 0.78133 0.25911 0.54085
1403638543.3778295517 1.55231 1.28343 0.57543 -0.17233 0.78243 0.25820 0.53985
1403638543.4778294563 1.56751 1.36454 0.58362 -0.17465 0.78135 0.26265 0.53852
1403638543.5778295994 1.57828 1.44369 0.59137 -0.18012 0.77818 0.27388 0.53571
1403638543.6778295040 1.59047 1.52655 0.59470 -0.18713 0.77238 0.29150 0.53239
1403638543.7778294086 1.60042 1.60854 0.59973 -0.19762 0.76416 0.31290 0.52830
1403638543.8778295517 1.60862 1.68501 0.61101 -0.20972 0.75389 0.33565 0.52441
1403638543.9778294563 1.62010 1.77113 0.62976 -0.22379 0.74531 0.35393 0.51881
1403638544.0778295994 1.63140 1.85671 0.65208 -0.23869 0.74128 0.36522 0.51004
1403638544.1778295040 1.64445 1.94459 0.67409 -0.24906 0.73817 0.37171 0.50487
1403638544.2778294086 1.65918 2.03706 0.69042 -0.25575 0.73561 0.37500 0.50283
1403638544.3778295517 1.67356 2.12573 0.70013 -0.25740 0.73491 0.37762 0.50105
1403638544.4778294563 1.68976 2.21710 0.70774 -0.25658 0.73543 0.37875 0.49986
1403638544.5778295994 1.70758 2.31048 0.71386 -0.25848 0.73278 0.37788 0.50342
1403638544.6778295040 1.72545 2.40668 0.72795 -0.26353 0.72630 0.37712 0.51071
1403638544.7778294086 1.74258 2.49706 0.74344 -0.26493 0.72545 0.37814 0.51043
1403638544.8778295517 1.75876 2.59121 0.75966 -0.26292 0.72869 0.38042 0.50514
1403638544.9778294563 1.77563 2.68057 0.76858 -0.26316 0.72951 0.38116 0.50327
1403638545.0778295994 1.79270 2.77009 0.77210 -0.26474 0.72827 0.38111 0.50427
1403638545.1778295040 1.80715 2.86155 0.77207 -0.26460 0.72783 0.38224 0.50413
1403638545.2778294086 1.82452 2.95014 0.76361 -0.26391 0.72722 0.38388 0.50412
1403638545.3778295517 1.84239 3.03861 0.75131 -0.26575 0.72458 0.38298 0.50763
1403638545.4778294563 1.85558 3.12227 0.73734 -0.26804 0.72442 0.38401 0.50587
1403638545.5778295994 1.87114 3.21023 0.72412 -0.27218 0.72217 0.39060 0.50182
1403638545.6778295040 1.88393 3.29431 0.71975 -0.28109 0.71648 0.40212 0.49593
1403638545.7778294086 1.89662 3.37534 0.72194 -0.29010 0.70854 0.41867 0.48840
1403638545.8778295517 1.90962 3.45712 0.73059 -0.30110 0.69772 0.43814 0.48017
1403638545.9778294563 1.92359 3.54080 0.74597 -0.31096 0.68508 0.46004 0.47152
1403638546.0778295994 1.93902 3.62954 0.76413 -0.31736 0.67301 0.47887 0.46586
1403638546.1778295040 1.95519 3.71902 0.77676 -0.32494 0.66429 0.49106 0.46042
1403638546.2778294086 1.97037 3.81209 0.78250 -0.32987 0.65955 0.49861 0.45560
1403638546.3778295517 1.98477 3.90622 0.78303 -0.33613 0.65802 0.50079 0.45082
1403638546.4778294563 1.99835 4.00155 0.77785 -0.33884 0.65768 0.50205 0.44787
1403638546.5778295994 2.01129 4.09821 0.77261 -0.33986 0.65564 0.50525 0.44649
1403638546.6778295040 2.02288 4.19519 0.77303 -0.34343 0.65078 0.51108 0.44422
1403638546.7778294086 2.03375 4.29727 0.78352 -0.34593 0.64620 0.51675 0.44242
1403638546.8778295517 2.04307 4.39980 0.80249 -0.34668 0.64251 0.52168 0.44142
1403638546.9778294563 2.05148 4.50585 0.81936 -0.34544 0.63920 0.52608 0.44196
1403638547.0778295994 2.05962 4.61336 0.83041 -0.34341 0.63672 0.52935 0.44322
1403638547.1778295040 2.06281 4.72399 0.83243 -0.34053 0.63464 0.53262 0.44450
1403638547.2778294086 2.06380 4.83344 0.83324 -0.33859 0.63327 0.53409 0.44618
1403638547.3778295517 2.05640 4.94218 0.82638 -0.34184 0.63468 0.53191 0.44430
1403638547.4778294563 2.04935 5.05408 0.82048 -0.34639 0.63787 0.52818 0.44064
1403638547.5778295994 2.03988 5.16562 0.80939 -0.34946 0.64133 0.52480 0.43722
1403638547.6778295040 2.02447 5.27076 0.78963 -0.35028 0.64244 0.52330 0.43673
1403638547.7778294086 2.01224 5.38601 0.76972 -0.34816 0.64186 0.52382 0.43865
1403638547.8778295517 1.99373 5.49023 0.74276 -0.34486 0.63889 0.52598 0.44299
1403638547.9778294563 1.97680 5.60907 0.71996 -0.34497 0.63879 0.52630 0.44267
1403638548.0778295994 1.95381 5.71662 0.70222 -0.34782 0.63827 0.52864 0.43838
1403638548.1778295040 1.93318 5.84536 0.69630 -0.35216 0.63450 0.53403 0.43384
1403638548.2778294086 1.90801 5.96659 0.69728 -0.35880 0.62803 0.54249 0.42725
1403638548.3778295517 1.88208 6.09096 0.70750 -0.36649 0.61852 0.55387 0.41994
1403638548.4778294563 1.85612 6.21175 0.72532 -0.37468 0.60881 0.56446 0.41274
1403638548.5778295994 1.83062 6.33556 0.74229 -0.38124 0.60082 0.57230 0.40760
1403638548.6778295040 1.80672 6.45472 0.75551 -0.38616 0.59525 0.57774 0.40345
1403638548.7778294086 1.78230 6.58172 0.76557 -0.38890 0.59136 0.58171 0.40083
1403638548.8778295517 1.75690 6.71019 0.78080 -0.39019 0.58922 0.58435 0.39888
1403638548.9778294563 1.73140 6.83657 0.80329 -0.39160 0.58815 0.58530 0.39767
1403638549.0778295994 1.70428 6.96645 0.82910 -0.39209 0.58789 0.58573 0.39695
1403638549.1778295040 1.67745 7.09386 0.86198 -0.39328 0.58785 0.58477 0.39725
1403638549.2778294086 1.65001 7.22470 0.89961 -0.39397 0.58873 0.58381 0.39667
1403638549.3778295517 1.62266 7.35735 0.94225 -0.39619 0.59028 0.58144 0.39565
1403638549.4778294563 1.59553 7.49093 0.98123 -0.39800 0.59174 0.57932 0.39475
1403638549.5778295994 1.56845 7.62820 1.01580 -0.39931 0.59188 0.57756 0.39580
1403638549.6778295040 1.54325 7.76442 1.04439 -0.40062 0.59139 0.57604 0.39742
1403638549.7778294086 1.51885 7.90332 1.07452 -0.39897 0.59163 0.57653 0.39801
1403638549.8778295517 1.49606 8.03984 1.10950 -0.39796 0.59314 0.57671 0.39651
1403638549.9778294563 1.47117 8.18689 1.15499 -0.39755 0.59409 0.57671 0.39550
1403638550.0778295994 1.44946 8.33047 1.20689 -0.39784 0.59442 0.57647 0.39505
1403638550.1778295040 1.42911 8.47715 1.26693 -0.39860 0.59493 0.57633 0.39372
1403638550.2778294086 1.41091 8.62642 1.33332 -0.39806 0.59450 0.57719 0.39366
1403638550.3778295517 1.39306 8.77712 1.40265 -0.39813 0.59355 0.57755 0.39449
1403638550.4778294563 1.37797 8.92803 1.46535 -0.40079 0.59415 0.57602 0.39313
1403638550.5778295994 1.36482 9.08138 1.51867 -0.40469 0.59486 0.57364 0.39155
1403638550.6778295040 1.35555 9.23177 1.56618 -0.40965 0.59328 0.57023 0.39375
1403638550.7778294086 1.35050 9.37789 1.60930 -0.41269 0.59255 0.56803 0.39486
1403638550.8778295517 1.34982 9.52255 1.64894 -0.41865 0.58884 0.56374 0.40024
1403638550.9778294563 1.35011 9.67024 1.68622 -0.42430 0.58475 0.55922 0.40659
1403638551.0778295994 1.35345 9.80206 1.71771 -0.42799 0.58230 0.55630 0.41022
1403638551.1778295040 1.35928 9.93132 1.75105 -0.43233 0.58279 0.55349 0.40876
1403638551.2778294086 1.37029 10.04974 1.78773 -0.43296 0.58455 0.55238 0.40709
1403638551.3778295517 1.38795 10.16430 1.83210 -0.42823 0.59226 0.54941 0.40496
1403638551.4778294563 1.41127 10.26675 1.86771 -0.42081 0.60488 0.54017 0.40651
1403638551.5778295994 1.44288 10.37109 1.90227 -0.41463 0.62010 0.52399 0.41109
1403638551.6778295040 1.47960 10.47335 1.92987 -0.40778 0.63723 0.50563 0.41472
1403638551.7778294086 1.52591 10.57496 1.95363 -0.39857 0.65153 0.48723 0.42338
1403638551.8778295517 1.58098 10.67165 1.97329 -0.38847 0.66225 0.47173 0.43358
1403638551.9778294563 1.64406 10.76055 1.99594 -0.37662 0.66570 0.46408 0.44680
1403638552.0778295994 1.71278 10.83845 2.02537 -0.36713 0.66726 0.45908 0.45741
1403638552.1778295040 1.78458 10.90640 2.05917 -0.36127 0.67216 0.45601 0.45797
1403638552.2778294086 1.86050 10.97097 2.09904 -0.35714 0.67612 0.45506 0.45632
1403638552.3778295517 1.93966 11.02911 2.13784 -0.35916 0.67717 0.45224 0.45600
1403638552.4778294563 2.02277 11.08251 2.17071 -0.36642 0.67355 0.44671 0.46100
1403638552.5778295994 2.10887 11.12272 2.19868 -0.37200 0.66984 0.44326 0.46524
1403638552.6778295040 2.19852 11.15585 2.22048 -0.37264 0.66751 0.44451 0.46689
1403638552.7778294086 2.29118 11.17873 2.23545 -0.37206 0.66681 0.44677 0.46618
1403638552.8778295517 2.38787 11.19953 2.24547 -0.36993 0.66541 0.45073 0.46608
1403638552.9778294563 2.48646 11.20683 2.25143 -0.36563 0.66298 0.45679 0.46702
1403638553.0778295994 2.58741 11.21539 2.25191 -0.36197 0.66070 0.46219 0.46779
1403638553.1778295040 2.68647 11.21208 2.25010 -0.36743 0.65681 0.46087 0.47031
1403638553.2778294086 2.78813 11.20912 2.24921 -0.37471 0.65111 0.45762 0.47564
1403638553.3778295517 2.88740 11.19085 2.25288 -0.37638 0.64586 0.45845 0.48065
1403638553.4778294563 2.98649 11.16374 2.26206 -0.37291 0.64036 0.46201 0.48726
1403638553.5778295994 3.08262 11.12638 2.27760 -0.36984 0.63605 0.46501 0.49237
1403638553.6778295040 3.17742 11.07751 2.29707 -0.36762 0.63507 0.46736 0.49306
1403638553.7778294086 3.26953 11.01808 2.32515 -0.36577 0.63554 0.46930 0.49200
1403638553.8778295517 3.35308 10.94818 2.35816 -0.36351 0.63733 0.47081 0.48991
1403638553.9778294563 3.43874 10.87645 2.39551 -0.36277 0.64038 0.47128 0.48601
1403638554.0778295994 3.51274 10.79109 2.42357 -0.36121 0.64367 0.47219 0.48192
1403638554.1778295040 3.59480 10.71161 2.45319 -0.35633 0.64656 0.47593 0.47800
1403638554.2778294086 3.66635 10.61945 2.46921 -0.34838 0.65236 0.48178 0.47004
1403638554.3778295517 3.74183 10.53493 2.48771 -0.34244 0.65560 0.48638 0.46515
1403638554.4778294563 3.81200 10.44970 2.50227 -0.33972 0.65703 0.48856 0.46283
1403638554.5778295994 3.87781 10.36500 2.51230 -0.34079 0.65794 0.48822 0.46111
1403638554.6778295040 3.94148 10.27712 2.51987 -0.34668 0.66019 0.48442 0.45750
1403638554.7778294086 4.00488 10.19379 2.53624 -0.35156 0.66090 0.48116 0.45618
1403638554.8778295517 4.06936 10.10822 2.55501 -0.35463 0.66105 0.47919 0.45566
1403638554.9778294563 4.13552 10.02341 2.57500 -0.35719 0.66176 0.47601 0.45597
1403638555.0778295994 4.20330 9.94400 2.59105 -0.35353 0.66505 0.47172 0.45848
1403638555.1778295040 4.27172 9.85605 2.59771 -0.34688 0.67117 0.46510 0.46140
1403638555.2778294086 4.34377 9.77621 2.60452 -0.34075 0.67749 0.45712 0.46470
1403638555.3778295517 4.41682 9.69273 2.60554 -0.33365 0.68077 0.45243 0.46961
1403638555.4778294563 4.49065 9.60682 2.60211 -0.32787 0.68292 0.44937 0.47350
1403638555.5778295994 4.56506 9.51989 2.59707 -0.32554 0.68428 0.44670 0.47566
1403638555.6778295040 4.63970 9.43160 2.59755 -0.32494 0.68601 0.44503 0.47513
1403638555.7778294086 4.71218 9.34237 2.60689 -0.32398 0.68720 0.44519 0.47391
1403638555.8778295517 4.78364 9.25213 2.62384 -0.32330 0.68721 0.44618 0.47344
1403638555.9778294563 4.85645 9.16590 2.64688 -0.32203 0.68592 0.44782 0.47462
1403638556.0778295994 4.92982 9.08139 2.67377 -0.32050 0.68603 0.44918 0.47422
1403638556.1778295040 5.00188 9.00294 2.69636 -0.31949 0.69042 0.44971 0.46798
1403638556.2778294086 5.07630 8.92382 2.71288 -0.31799 0.69369 0.45078 0.46312
1403638556.3778295517 5.15002 8.85443 2.72526 -0.31667 0.69588 0.45152 0.46000
1403638556.4778294563 5.22849 8.78118 2.73571 -0.31426 0.69895 0.45284 0.45569
1403638556.5778295994 5.30528 8.72458 2.74657 -0.31368 0.70199 0.45242 0.45181
1403638556.6778295040 5.38513 8.67300 2.75854 -0.32107 0.70462 0.44629 0.44861
1403638556.7778294086 5.47134 8.61532 2.77897 -0.32768 0.70148 0.44152 0.45345
1403638556.8778295517 5.55874 8.56892 2.80588 -0.33342 0.70008 0.43718 0.45562
1403638556.9778294563 5.65160 8.52403 2.83620 -0.33684 0.69871 0.43453 0.45774
1403638557.0778295994 5.75073 8.47908 2.86018 -0.33548 0.69728 0.43594 0.45958
1403638557.1778295040 5.85455 8.43398 2.87674 -0.33395 0.69571 0.43752 0.46157
1403638557.2778294086 5.96060 8.38846 2.88684 -0.33291 0.69466 0.43861 0.46286
1403638557.3778295517 6.06999 8.34287 2.89220 -0.33045 0.69346 0.44075 0.46439
1403638557.4778294563 6.18117 8.29805 2.89986 -0.32500 0.69045 0.44518 0.46848
1403638557.5778295994 6.29267 8.25295 2.91348 -0.32054 0.68805 0.44835 0.47204
1403638557.6778295040 6.40428 8.20876 2.93185 -0.31805 0.68687 0.45028 0.47360
1403638557.7778294086 6.51433 8.16532 2.95317 -0.31804 0.68656 0.44997 0.47435
1403638557.8778295517 6.62246 8.12167 2.96908 -0.31513 0.68652 0.45137 0.47502
1403638557.9778294563 6.73117 8.07779 2.97981 -0.31236 0.68774 0.45302 0.47352
1403638558.0778295994 6.83880 8.03529 2.98480 -0.31133 0.69147 0.45380 0.46798
1403638558.1778295040 6.94665 7.99515 2.98698 -0.30836 0.69725 0.45536 0.45979
1403638558.2778294086 7.05590 7.96001 2.99463 -0.30478 0.70135 0.45710 0.45418
1403638558.3778295517 7.16620 7.93278 3.01245 -0.30003 0.70267 0.45986 0.45252
1403638558.4778294563 7.27507 7.91233 3.03787 -0.29360 0.70632 0.46350 0.44730
1403638558.5778295994 7.38503 7.90158 3.07057 -0.29478 0.70890 0.46218 0.44379
1403638558.6778295040 7.49700 7.90122 3.10908 -0.30302 0.70971 0.45565 0.44371
1403638558.7778294086 7.61274 7.90789 3.14767 -0.31083 0.70943 0.44952 0.44499
1403638558.8778295517 7.73343 7.91897 3.17798 -0.31348 0.70820 0.44734 0.44729
1403638558.9778294563 7.85720 7.93458 3.20111 -0.31538 0.70345 0.44608 0.45466
1403638559.0778295994 7.98265 7.95318 3.21607 -0.31609 0.69901 0.44588 0.46116
1403638559.1778295040 8.10927 7.97482 3.22415 -0.31646 0.69560 0.44626 0.46565
1403638559.2778294086 8.23465 7.99798 3.22555 -0.31445 0.69277 0.44859 0.46900
1403638559.3778295517 8.35982 8.02158 3.22074 -0.31087 0.69045 0.45183 0.47168
1403638559.4778294563 8.48407 8.04653 3.21231 -0.30883 0.68812 0.45403 0.47431
1403638559.5778295994 8.60392 8.07255 3.19874 -0.30781 0.68594 0.45555 0.47666
1403638559.6778295040 8.72031 8.10092 3.18210 -0.30845 0.68490 0.45572 0.47759
1403638559.7778294086 8.83161 8.13007 3.16860 -0.30880 0.68405 0.45640 0.47794
1403638559.8778295517 8.93929 8.16232 3.16061 -0.31010 0.68484 0.45563 0.47669
1403638559.9778294563 9.04571 8.19565 3.15349 -0.30894 0.68842 0.44972 0.47789
1403638560.0778295994 9.15314 8.23049 3.14113 -0.30356 0.69637 0.43692 0.48169
1403638560.1778295040 9.25914 8.26469 3.12154 -0.29382 0.70618 0.41891 0.48938
1403638560.2778294086 9.36347 8.29940 3.09666 -0.28150 0.71708 0.39778 0.49832
1403638560.3778295517 9.46594 8.33293 3.06982 -0.27030 0.72499 0.37356 0.51165
1403638560.4778294563 9.56430 8.36416 3.03956 -0.25762 0.73311 0.34845 0.52419
1403638560.5778295994 9.65777 8.39061 3.00481 -0.24633 0.74242 0.32160 0.53358
1403638560.6778295040 9.74783 8.41284 2.96625 -0.23665 0.75301 0.29364 0.53921
1403638560.7778294086 9.83430 8.42822 2.93121 -0.22943 0.76187 0.26807 0.54319
1403638560.8778295517 9.91912 8.43590 2.90410 -0.21870 0.76840 0.24525 0.54916
1403638560.9778294563 10.00440 8.43711 2.88472 -0.20646 0.77275 0.22434 0.55669
1403638561.0778295994 10.08714 8.43027 2.87364 -0.19424 0.77535 0.20445 0.56506
1403638561.1778295040 10.16556 8.41460 2.86900 -0.18336 0.77677 0.18677 0.57282
1403638561.2778294086 10.23973 8.39173 2.87102 -0.17652 0.77707 0.17341 0.57873
1403638561.3778295517 10.30740 8.36097 2.87557 -0.16749 0.78167 0.16866 0.57662
1403638561.4778294563 10.36937 8.32330 2.87657 -0.15395 0.78747 0.17230 0.57140
1403638561.5778295994 10.43019 8.28261 2.87179 -0.14436 0.79088 0.17708 0.56773
1403638561.6778295040 10.48867 8.24078 2.86226 -0.14061 0.79250 0.17999 0.56549
1403638561.7778294086 10.54346 8.19770 2.84735 -0.13976 0.79263 0.18232 0.56476
1403638561.8778295517 10.59471 8.15274 2.82565 -0.13729 0.79198 0.18299 0.56607
1403638561.9778294563 10.64522 8.10664 2.80084 -0.13221 0.79296 0.17869 0.56728
1403638562.0778295994 10.69179 8.05956 2.77726 -0.12489 0.79475 0.17001 0.56910
1403638562.1778295040 10.73363 8.01078 2.76144 -0.11736 0.79662 0.16036 0.57088
1403638562.2778294086 10.77413 7.96392 2.75013 -0.11097 0.79768 0.15219 0.57291
1403638562.3778295517 10.81117 7.91661 2.74542 -0.10504 0.79863 0.14036 0.57573
1403638562.4778294563 10.84446 7.86778 2.74491 -0.09722 0.80102 0.12443 0.57743
1403638562.5778295994 10.87556 7.81914 2.75164 -0.08771 0.80343 0.10442 0.57958
1403638562.6778295040 10.90443 7.76901 2.76278 -0.07904 0.80634 0.08036 0.58061
1403638562.7778294086 10.93105 7.71690 2.77518 -0.07029 0.80804 0.05420 0.58240
1403638562.8778295517 10.95340 7.66131 2.78349 -0.05687 0.80934 0.02966 0.58383
1403638562.9778294563 10.97162 7.60248 2.78562 -0.04243 0.81016 0.00708 0.58463
1403638563.0778295994 10.98573 7.54067 2.78250 -0.03349 0.81013 -0.01692 0.58505
1403638563.1778295040 10.99285 7.47479 2.77542 -0.02165 0.81004 -0.03654 0.58484
1403638563.2778294086 10.99629 7.40417 2.76439 -0.01025 0.80698 -0.05022 0.58835
1403638563.3778295517 10.99307 7.32993 2.74874 -0.00377 0.79927 -0.05981 0.59798
1403638563.4778294563 10.98307 7.25207 2.72732 -0.00255 0.79324 -0.06671 0.60524
1403638563.5778295994 10.96691 7.16837 2.70547 0.00296 0.79384 -0.06632 0.60449
1403638563.6778295040 10.94399 7.08030 2.68957 0.00310 0.79739 -0.06634 0.59981
1403638563.7778294086 10.91558 6.98650 2.68056 0.00002 0.79968 -0.06662 0.59672
1403638563.8778295517 10.88178 6.88896 2.68004 -0.00313 0.79934 -0.06568 0.59727
1403638563.9778294563 10.84382 6.78532 2.68563 -0.00672 0.79834 -0.06396 0.59876
1403638564.0778295994 10.79742 6.67772 2.68885 -0.01117 0.79903 -0.06170 0.59801
1403638564.1778295040 10.74553 6.56448 2.68695 -0.01293 0.79900 -0.05699 0.59849
1403638564.2778294086 10.69181 6.44266 2.68270 -0.01222 0.79744 -0.05141 0.60108
1403638564.3778295517 10.62853 6.32026 2.68418 -0.01234 0.79607 -0.04631 0.60330
1403638564.4778294563 10.56193 6.19210 2.69259 -0.01171 0.79486 -0.04198 0.60523
1403638564.5778295994 10.48330 6.06318 2.70519 -0.01442 0.79666 -0.04147 0.60283
1403638564.6778295040 10.40088 5.93147 2.71742 -0.01948 0.79844 -0.04436 0.60013
1403638564.7778294086 10.30824 5.79577 2.72259 -0.02318 0.79905 -0.04742 0.59894
1403638564.8778295517 10.21551 5.65393 2.72194 -0.02532 0.79861 -0.04993 0.59923
1403638564.9778294563 10.11530 5.50316 2.70043 -0.02718 0.79811 -0.05159 0.59969
1403638565.0778295994 10.01220 5.34705 2.66581 -0.02838 0.79851 -0.05235 0.59902
1403638565.1778295040 9.90550 5.18616 2.61597 -0.02882 0.79930 -0.05261 0.59794
1403638565.2778294086 9.79513 5.01945 2.55996 -0.02715 0.80028 -0.05183 0.59676
1403638565.3778295517 9.68147 4.84801 2.50109 -0.02435 0.80131 -0.05060 0.59561
1403638565.4778294563 9.56463 4.67193 2.44173 -0.02133 0.80064 -0.04967 0.59670
1403638565.5778295994 9.44611 4.49343 2.38884 -0.01468 0.79851 -0.04744 0.59993
1403638565.6778295040 9.32267 4.31200 2.34462 -0.00286 0.79818 -0.04146 0.60098
1403638565.7778294086 9.19729 4.13204 2.30633 0.00626 0.80086 -0.03710 0.59767
1403638565.8778295517 9.06459 3.95351 2.27582 0.01355 0.80299 -0.03381 0.59487
1403638565.9778294563 8.92797 3.77804 2.24892 0.01605 0.80479 -0.03439 0.59235
1403638566.0778295994 8.78952 3.60655 2.21604 0.01763 0.80579 -0.03478 0.59092
1403638566.1778295040 8.64978 3.43815 2.17415 0.01559 0.80595 -0.03620 0.59067
1403638566.2778294086 8.50836 3.27289 2.12359 0.01618 0.80555 -0.03536 0.59126
1403638566.3778295517 8.36755 3.11023 2.06440 0.01640 0.80652 -0.03427 0.58998
1403638566.4778294563 8.22737 2.95052 1.99917 0.01301 0.80676 -0.03494 0.58971
1403638566.5778295994 8.08923 2.79624 1.92815 0.01230 0.80990 -0.03313 0.58551
1403638566.6778295040 7.95121 2.64590 1.84972 0.01157 0.81916 -0.03125 0.57259
1403638566.7778294086 7.81840 2.49995 1.76635 0.01093 0.83080 -0.02937 0.55569
1403638566.8778295517 7.69363 2.35749 1.68028 0.00934 0.83880 -0.02807 0.54364
1403638566.9778294563 7.57744 2.21779 1.59233 0.00936 0.84269 -0.02516 0.53773
1403638567.0778295994 7.46926 2.08187 1.50642 0.00902 0.83457 -0.02369 0.55031
1403638567.1778295040 7.36827 1.94767 1.41776 0.01085 0.82222 -0.02158 0.56866
1403638567.2778294086 7.26857 1.81466 1.32431 0.01379 0.81352 -0.01976 0.58104
1403638567.3778295517 7.16787 1.68559 1.22585 0.01661 0.81157 -0.01909 0.58371
1403638567.4778294563 7.06495 1.55990 1.13148 0.01847 0.81234 -0.01992 0.58256
1403638567.5778295994 6.96059 1.43722 1.04329 0.01982 0.81584 -0.02156 0.57754
1403638567.6778295040 6.85403 1.31453 0.96467 0.02312 0.81906 -0.02196 0.57282
1403638567.7778294086 6.75106 1.19809 0.89590 0.02515 0.82230 -0.02243 0.56806
1403638567.8778295517 6.65238 1.08610 0.83572 0.02437 0.82569 -0.02460 0.56306
1403638567.9778294563 6.56306 0.98118 0.78279 0.02436 0.82662 -0.02558 0.56165
1403638568.0778295994 6.47913 0.88091 0.73838 0.02739 0.82644 -0.02379 0.56186
1403638568.1778295040 6.39980 0.78639 0.70372 0.02944 0.82570 -0.02250 0.56289
1403638568.2778294086 6.32306 0.69648 0.67563 0.03045 0.82556 -0.02278 0.56303
1403638568.3778295517 6.25036 0.61075 0.64769 0.03052 0.82603 -0.02312 0.56233
1403638568.4778294563 6.18132 0.53157 0.61263 0.03105 0.82685 -0.02307 0.56108
1403638568.5778295994 6.11624 0.45478 0.57672 0.03195 0.82821 -0.02242 0.55906
1403638568.6778295040 6.05575 0.38439 0.53582 0.03333 0.82997 -0.02105 0.55642
1403638568.7778294086 6.00066 0.31993 0.50090 0.03297 0.83127 -0.02110 0.55449
1403638568.8778295517 5.95014 0.26305 0.47517 0.03102 0.83063 -0.02278 0.55549
1403638568.9778294563 5.90491 0.20900 0.45348 0.03294 0.83006 -0.02109 0.55630
1403638569.0778295994 5.86250 0.15943 0.44325 0.03445 0.82980 -0.02008 0.55663
1403638569.1778295040 5.82459 0.11399 0.43582 0.03506 0.83058 -0.02005 0.55544
1403638569.2778294086 5.78729 0.07346 0.43145 0.03715 0.83176 -0.01904 0.55356
1403638569.3778295517 5.75816 0.03848 0.41979 0.03801 0.83166 -0.01879 0.55366
1403638569.4778294563 5.73169 0.00597 0.40417 0.03848 0.83020 -0.01836 0.55583
1403638569.5778295994 5.71356 -0.01740 0.38519 0.03918 0.82893 -0.01802 0.55769
1403638569.6778295040 5.69980 -0.03515 0.37182 0.03825 0.82780 -0.01896 0.55939
1403638569.7778294086 5.68907 -0.04733 0.36478 0.03917 0.82697 -0.01834 0.56058
1403638569.8778295517 5.68089 -0.05602 0.36313 0.04014 0.82572 -0.01727 0.56239
1403638569.9778294563 5.67683 -0.05764 0.36634 0.03887 0.82421 -0.01811 0.56465
1403638570.0778295994 5.67641 -0.05317 0.36725 0.03654 0.82365 -0.01964 0.56558
1403638570.1778295040 5.67820 -0.04461 0.36225 0.03157 0.82383 -0.02244 0.56551
1403638570.2778294086 5.68153 -0.03345 0.35135 0.02397 0.82335 -0.02708 0.56639
1403638570.3778295517 5.68655 -0.02092 0.33600 0.01766 0.82312 -0.03441 0.56655
1403638570.4778294563 5.69280 -0.00999 0.31513 0.01342 0.82268 -0.05003 0.56614
1403638570.5778295994 5.69690 -0.00349 0.28795 0.00644 0.82013 -0.07708 0.56693
1403638570.6778295040 5.70057 -0.00428 0.25698 0.00733 0.81503 -0.10638 0.56953
1403638570.7778294086 5.70331 -0.01483 0.22311 0.01463 0.80400 -0.13405 0.57913
1403638570.8778295517 5.70106 -0.03588 0.18716 0.02727 0.79236 -0.15860 0.58844
1403638570.9778294563 5.69189 -0.06743 0.14785 0.04279 0.78421 -0.18003 0.59226
1403638571.0778295994 5.67457 -0.10915 0.10413 0.05974 0.78146 -0.19916 0.58830
1403638571.1778295040 5.64751 -0.15924 0.06255 0.08129 0.78403 -0.21155 0.57787
1403638571.2778294086 5.61399 -0.21731 0.03052 0.10144 0.78525 -0.21792 0.57062
1403638571.3778295517 5.57344 -0.27934 0.00876 0.11407 0.78454 -0.22328 0.56712
1403638571.4778294563 5.52765 -0.34480 -0.00344 0.12001 0.78168 -0.22801 0.56796
1403638571.5778295994 5.47691 -0.41336 -0.01208 0.12689 0.77924 -0.23219 0.56813
1403638571.6778295040 5.42241 -0.48473 -0.02485 0.13309 0.77891 -0.24151 0.56326
1403638571.7778294086 5.36481 -0.55962 -0.04290 0.14117 0.77831 -0.25487 0.55619
1403638571.8778295517 5.30533 -0.63778 -0.06516 0.14851 0.77530 -0.27251 0.55008
1403638571.9778294563 5.24286 -0.72032 -0.08405 0.15625 0.76922 -0.29242 0.54623
1403638572.0778295994 5.17767 -0.80610 -0.09502 0.16545 0.76226 -0.31158 0.54268
1403638572.1778295040 5.10815 -0.89573 -0.09698 0.18126 0.75539 -0.32668 0.53834
1403638572.2778294086 5.03524 -0.98796 -0.09424 0.19548 0.75103 -0.34322 0.52909
1403638572.3778295517 4.96154 -1.08346 -0.09356 0.20872 0.74612 -0.36151 0.51870
1403638572.4778294563 4.88813 -1.18175 -0.09570 0.22281 0.74208 -0.37458 0.50928
1403638572.5778295994 4.81594 -1.28415 -0.09913 0.23378 0.73822 -0.38320 0.50352
1403638572.6778295040 4.74600 -1.38926 -0.10135 0.23969 0.73639 -0.38858 0.49928
1403638572.7778294086 4.67855 -1.49954 -0.09556 0.24752 0.73776 -0.38832 0.49361
1403638572.8778295517 4.61542 -1.61253 -0.08176 0.25114 0.74016 -0.38759 0.48873
1403638572.9778294563 4.55601 -1.72877 -0.06311 0.25174 0.74229 -0.38655 0.48602
1403638573.0778295994 4.50116 -1.84795 -0.04878 0.25101 0.74435 -0.38529 0.48424
1403638573.1778295040 4.45072 -1.96945 -0.04106 0.24919 0.74594 -0.38404 0.48373
1403638573.2778294086 4.40527 -2.09325 -0.03446 0.24752 0.74734 -0.38201 0.48403
1403638573.3778295517 4.36249 -2.22156 -0.02794 0.24665 0.74812 -0.38104 0.48403
1403638573.4778294563 4.32815 -2.35114 -0.01652 0.24973 0.74824 -0.38115 0.48218
1403638573.5778295994 4.29742 -2.48593 0.00132 0.25138 0.74815 -0.38139 0.48127
1403638573.6778295040 4.27265 -2.62115 0.02659 0.25424 0.74850 -0.38192 0.47880
1403638573.7778294086 4.25279 -2.75962 0.05655 0.26106 0.74489 -0.38531 0.47804
1403638573.8778295517 4.23952 -2.89900 0.08581 0.27457 0.73463 -0.39091 0.48178
1403638573.9778294563 4.23181 -3.03800 0.10975 0.28621 0.71926 -0.40447 0.48699
1403638574.0778295994 4.22696 -3.17383 0.12656 0.29184 0.69906 -0.42610 0.49456
1403638574.1778295040 4.22258 -3.30462 0.13730 0.29775 0.67695 -0.45021 0.50039
1403638574.2778294086 4.21617 -3.43156 0.14286 0.30716 0.65837 -0.47257 0.49888
1403638574.3778295517 4.20187 -3.55505 0.14456 0.31964 0.64513 -0.49251 0.48895
1403638574.4778294563 4.18036 -3.67663 0.14280 0.33318 0.63360 -0.51051 0.47636
1403638574.5778295994 4.15393 -3.79445 0.14466 0.34365 0.62301 -0.52464 0.46746
1403638574.6778295040 4.12339 -3.91056 0.15488 0.35556 0.61667 -0.53169 0.45891
1403638574.7778294086 4.09174 -4.02600 0.17117 0.36642 0.61652 -0.53416 0.44756
1403638574.8778295517 4.06038 -4.14113 0.19130 0.36781 0.61868 -0.53847 0.43819
1403638574.9778294563 4.02808 -4.25127 0.20647 0.36644 0.62111 -0.54164 0.43193
1403638575.0778295994 3.99572 -4.35864 0.21445 0.35886 0.61980 -0.54695 0.43349
1403638575.1778295040 3.96212 -4.46617 0.21644 0.35292 0.61720 -0.55021 0.43793
1403638575.2778294086 3.92637 -4.57635 0.21667 0.34943 0.61595 -0.55102 0.44146
1403638575.3778295517 3.88688 -4.68739 0.21045 0.34624 0.61936 -0.55093 0.43930
1403638575.4778294563 3.84538 -4.80026 0.20189 0.34445 0.62488 -0.54922 0.43502
1403638575.5778295994 3.80055 -4.91671 0.19178 0.34356 0.62994 -0.54659 0.43172
1403638575.6778295040 3.75442 -5.03848 0.18878 0.34708 0.63629 -0.54122 0.42633
1403638575.7778294086 3.70862 -5.16142 0.19418 0.34814 0.64285 -0.53810 0.41952
1403638575.8778295517 3.66510 -5.28849 0.20904 0.34807 0.64707 -0.53593 0.41583
1403638575.9778294563 3.62582 -5.41828 0.23482 0.34757 0.64742 -0.53513 0.41675
1403638576.0778295994 3.58938 -5.55458 0.26755 0.34821 0.64804 -0.53369 0.41709
1403638576.1778295040 3.55542 -5.69915 0.30530 0.34898 0.64649 -0.53323 0.41944
1403638576.2778294086 3.52525 -5.84658 0.33997 0.35301 0.64702 -0.53065 0.41851
1403638576.3778295517 3.49858 -5.99820 0.36821 0.35757 0.64858 -0.52764 0.41605
1403638576.4778294563 3.47714 -6.15342 0.39094 0.36141 0.65119 -0.52508 0.41185
1403638576.5778295994 3.46221 -6.31151 0.40846 0.36601 0.65527 -0.52213 0.40501
1403638576.6778295040 3.45536 -6.46934 0.42133 0.36920 0.65672 -0.51992 0.40261
1403638576.7778294086 3.45717 -6.63085 0.42992 0.37405 0.65433 -0.51626 0.40672
1403638576.8778295517 3.46601 -6.79303 0.43355 0.37665 0.64934 -0.51453 0.41444
1403638576.9778294563 3.48178 -6.95586 0.43263 0.37452 0.64300 -0.51637 0.42385
1403638577.0778295994 3.50299 -7.11646 0.43110 0.37015 0.63926 -0.51980 0.42912
1403638577.1778295040 3.52793 -7.27537 0.43710 0.36724 0.63650 -0.52194 0.43310
1403638577.2778294086 3.55571 -7.42958 0.44882 0.36761 0.63704 -0.52167 0.43233
1403638577.3778295517 3.58594 -7.58451 0.46947 0.37428 0.64123 -0.51669 0.42634
1403638577.4778294563 3.62024 -7.73684 0.49558 0.37866 0.64368 -0.51339 0.42276
1403638577.5778295994 3.65986 -7.88825 0.51801 0.37567 0.64371 -0.51514 0.42325
1403638577.6778295040 3.70447 -8.03783 0.53469 0.37227 0.64269 -0.51725 0.42521
1403638577.7778294086 3.75251 -8.18536 0.54350 0.36952 0.64224 -0.51878 0.42644
1403638577.8778295517 3.80482 -8.33183 0.54758 0.36918 0.64245 -0.51852 0.42673
1403638577.9778294563 3.86028 -8.47398 0.54792 0.36999 0.64298 -0.51711 0.42695
1403638578.0778295994 3.92074 -8.61932 0.55573 0.36887 0.64223 -0.51706 0.42909
1403638578.1778295040 3.98502 -8.76005 0.56884 0.36424 0.63925 -0.51953 0.43448
1403638578.2778294086 4.05047 -8.90108 0.58809 0.35569 0.63444 -0.52511 0.44184
1403638578.3778295517 4.11514 -9.04302 0.60741 0.35361 0.63210 -0.52678 0.44487
1403638578.4778294563 4.17744 -9.18271 0.62048 0.35378 0.63171 -0.52719 0.44482
1403638578.5778295994 4.23753 -9.31960 0.62895 0.35380 0.63115 -0.52788 0.44477
1403638578.6778295040 4.29615 -9.45849 0.63314 0.35626 0.63102 -0.52672 0.44437
1403638578.7778294086 4.35175 -9.59082 0.63466 0.36163 0.63354 -0.52329 0.44048
1403638578.8778295517 4.40956 -9.72685 0.63181 0.36675 0.63632 -0.51963 0.43654
1403638578.9778294563 4.46897 -9.85409 0.62874 0.36928 0.63765 -0.51754 0.43496
1403638579.0778295994 4.53091 -9.98696 0.63418 0.36972 0.63834 -0.51649 0.43481
1403638579.1778295040 4.59256 -10.10744 0.64697 0.37026 0.63841 -0.51559 0.43533
1403638579.2778294086 4.66058 -10.23542 0.66613 0.36803 0.63746 -0.51668 0.43731
1403638579.3778295517 4.72610 -10.34685 0.68517 0.36231 0.63430 -0.52038 0.44227
1403638579.4778294563 4.79593 -10.47097 0.70277 0.35649 0.63010 -0.52433 0.44830
1403638579.5778295994 4.86215 -10.58188 0.71216 0.35524 0.62756 -0.52164 0.45593
1403638579.6778295040 4.92580 -10.69016 0.71703 0.35730 0.62812 -0.50949 0.46714
1403638579.7778294086 4.98898 -10.79664 0.71666 0.35565 0.63854 -0.49045 0.47459
1403638579.8778295517 5.05014 -10.89567 0.70917 0.34497 0.65850 -0.46915 0.47673
1403638579.9778294563 5.10982 -10.98721 0.69656 0.32775 0.67849 -0.44401 0.48486
1403638580.0778295994 5.17171 -11.07715 0.68274 0.31313 0.69288 -0.40949 0.50417
1403638580.1778295040 5.23652 -11.16230 0.66554 0.29310 0.70699 -0.37261 0.52480
1403638580.2778294086 5.29386 -11.22962 0.64317 0.26661 0.72379 -0.33775 0.53941
1403638580.3778295517 5.34926 -11.29257 0.61485 0.23628 0.73987 -0.31143 0.54751
1403638580.4778294563 5.39838 -11.35066 0.58192 0.21010 0.75141 -0.29493 0.55160
1403638580.5778295994 5.44387 -11.40782 0.54780 0.19253 0.75866 -0.28157 0.55506
1403638580.6778295040 5.48570 -11.46277 0.51418 0.17717 0.76870 -0.26692 0.55359
1403638580.7778294086 5.52438 -11.51758 0.48732 0.16679 0.77877 -0.25187 0.54978
1403638580.8778295517 5.56055 -11.57284 0.46892 0.16200 0.78567 -0.24096 0.54628
1403638580.9778294563 5.59840 -11.62833 0.46191 0.15614 0.78714 -0.23749 0.54738
1403638581.0778295994 5.63429 -11.68030 0.46432 0.15501 0.78816 -0.23571 0.54700
1403638581.1778295040 5.66670 -11.73025 0.47446 0.15758 0.78809 -0.23417 0.54703
1403638581.2778294086 5.69683 -11.77711 0.48611 0.16167 0.78818 -0.23389 0.54584
1403638581.3778295517 5.72795 -11.81706 0.50414 0.16517 0.78693 -0.23515 0.54605
1403638581.4778294563 5.75572 -11.85824 0.51825 0.16788 0.78481 -0.23682 0.54755
1403638581.5778295994 5.77963 -11.88128 0.55144 0.17124 0.78420 -0.23902 0.54642
1403638581.6778295040 5.80708 -11.91444 0.57299 0.17633 0.78009 -0.23898 0.55068
1403638581.7778294086 5.82921 -11.92785 0.59995 0.17874 0.77644 -0.24078 0.55427
1403638581.8778295517 5.85471 -11.94567 0.61532 0.18191 0.77333 -0.24093 0.55752
1403638581.9778294563 5.88329 -11.97226 0.62031 0.18571 0.76579 -0.23929 0.56729
1403638582.0778295994 5.91141 -11.99245 0.62808 0.18459 0.76757 -0.24117 0.56444
1403638582.1778295040 5.93833 -12.01117 0.64213 0.18065 0.77496 -0.24448 0.55411
1403638582.2778294086 5.96169 -12.02561 0.66551 0.18107 0.77797 -0.24446 0.54975
1403638582.3778295517 5.99078 -12.04190 0.70058 0.18357 0.77472 -0.24228 0.55444
1403638582.4778294563 6.01433 -12.04992 0.74270 0.18567 0.77354 -0.24068 0.55609
1403638582.5778295994 6.03767 -12.05367 0.79743 0.18671 0.77293 -0.23962 0.55704
1403638582.6778295040 6.06442 -12.06150 0.85608 0.18644 0.77402 -0.23984 0.55552
1403638582.7778294086 6.08632 -12.05649 0.92863 0.18473 0.77558 -0.24165 0.55313
1403638582.8778295517 6.10752 -12.04846 1.00174 0.18519 0.77690 -0.24220 0.55088
1403638582.9778294563 6.12791 -12.03594 1.06839 0.18406 0.77910 -0.24381 0.54743
1403638583.0778295994 6.14757 -12.02046 1.12727 0.18316 0.78160 -0.24550 0.54340
1403638583.1778295040 6.16792 -12.00312 1.17827 0.18315 0.78318 -0.24623 0.54079
1403638583.2778294086 6.19054 -11.98505 1.22318 0.18191 0.78377 -0.24753 0.53976
1403638583.3778295517 6.21890 -11.96955 1.25262 0.18231 0.78345 -0.24703 0.54031
1403638583.4778294563 6.24737 -11.94791 1.29147 0.18253 0.78414 -0.24716 0.53918
1403638583.5778295994 6.27647 -11.92620 1.33539 0.18267 0.78412 -0.24706 0.53921
1403638583.6778295040 6.30657 -11.90228 1.38688 0.18436 0.78441 -0.24584 0.53877
1403638583.7778294086 6.33855 -11.87628 1.43901 0.18410 0.78411 -0.24586 0.53929
1403638583.8778295517 6.37176 -11.83922 1.45580 0.18489 0.78324 -0.24538 0.54050
1403638583.9778294563 6.41080 -11.80814 1.49404 0.18535 0.78326 -0.24510 0.54044
1403638584.0778295994 6.44607 -11.77428 1.52521 0.18825 0.77983 -0.24291 0.54537
1403638584.1778295040 6.48405 -11.74425 1.52896 0.19226 0.77088 -0.23946 0.55807
1403638584.2778294086 6.51822 -11.70267 1.55404 0.19443 0.76187 -0.23719 0.57051
1403638584.3778295517 6.54566 -11.65896 1.54176 0.19597 0.75910 -0.23590 0.57421
1403638584.4778294563 6.56162 -11.60167 1.52599 0.19671 0.75899 -0.23521 0.57439
1403638584.5778295994 6.57752 -11.54076 1.52951 0.19635 0.75919 -0.23529 0.57422
1403638584.6778295040 6.59004 -11.47409 1.54000 0.19406 0.76100 -0.23660 0.57205
1403638584.7778294086 6.58488 -11.40050 1.52816 0.19029 0.76782 -0.23878 0.56323
1403638584.8778295517 6.59294 -11.32266 1.55475 0.18401 0.77549 -0.24335 0.55275
1403638584.9778294563 6.58138 -11.24290 1.54421 0.18199 0.77905 -0.24522 0.54757
1403638585.0778295994 6.57533 -11.16033 1.53521 0.18156 0.78027 -0.24581 0.54570
1403638585.1778295040 6.57968 -11.08008 1.54209 0.17914 0.78011 -0.24742 0.54600
1403638585.2778294086 6.56439 -11.00496 1.51528 0.17998 0.77824 -0.24650 0.54881
1403638585.3778295517 6.56720 -10.92492 1.50851 0.18052 0.77618 -0.24579 0.55186
1403638585.4778294563 6.55621 -10.85201 1.49266 0.18016 0.77645 -0.24582 0.55158
1403638585.5778295994 6.55885 -10.77184 1.49077 0.17926 0.77829 -0.24593 0.54922
1403638585.6778295040 6.55534 -10.69433 1.49236 0.17907 0.78085 -0.24578 0.54571
1403638585.7778294086 6.55992 -10.61165 1.50709 0.17592 0.78589 -0.24790 0.53850
1403638585.8778295517 6.55942 -10.53201 1.52980 0.17332 0.78971 -0.24968 0.53290
1403638585.9778294563 6.56420 -10.45484 1.56209 0.17143 0.78961 -0.25165 0.53273
1403638586.0778295994 6.57111 -10.37849 1.59675 0.17330 0.78545 -0.25094 0.53858
1403638586.1778295040 6.58739 -10.30253 1.62292 0.17516 0.78264 -0.25048 0.54227
1403638586.2778294086 6.59427 -10.22621 1.64520 0.17735 0.78001 -0.24930 0.54587
1403638586.3778295517 6.60994 -10.15116 1.66128 0.18319 0.77693 -0.24572 0.54994
1403638586.4778294563 6.61320 -10.06864 1.67273 0.19121 0.77517 -0.24073 0.55191
1403638586.5778295994 6.62622 -9.98887 1.67739 0.19343 0.77445 -0.23957 0.55265
1403638586.6778295040 6.62870 -9.89956 1.67535 0.19056 0.77525 -0.24168 0.55160
1403638586.7778294086 6.64154 -9.81668 1.66717 0.18648 0.77492 -0.24441 0.55225
1403638586.8778295517 6.64469 -9.72875 1.65406 0.18422 0.77378 -0.24526 0.55423
1403638586.9778294563 6.65425 -9.64242 1.63544 0.18444 0.77354 -0.24500 0.55461
1403638587.0778295994 6.65563 -9.55426 1.61570 0.18361 0.77332 -0.24547 0.55498
1403638587.1778295040 6.66314 -9.46373 1.60022 0.18318 0.77454 -0.24544 0.55344
1403638587.2778294086 6.66642 -9.36901 1.59289 0.18247 0.77619 -0.24559 0.55129
1403638587.3778295517 6.67090 -9.27592 1.59174 0.18186 0.77780 -0.24593 0.54907
1403638587.4778294563 6.67537 -9.18071 1.59245 0.18005 0.77786 -0.24770 0.54877
1403638587.5778295994 6.68001 -9.08399 1.59319 0.17926 0.77792 -0.24869 0.54851
1403638587.6778295040 6.68766 -8.99137 1.58547 0.17908 0.77751 -0.24923 0.54891
1403638587.7778294086 6.69274 -8.89677 1.57400 0.17903 0.77713 -0.24964 0.54927
1403638587.8778295517 6.70051 -8.80602 1.55708 0.17818 0.77676 -0.25050 0.54968
1403638587.9778294563 6.70487 -8.71132 1.53759 0.17798 0.77636 -0.25101 0.55007
1403638588.0778295994 6.71156 -8.62427 1.51238 0.17903 0.77593 -0.24984 0.55087
1403638588.1778295040 6.71376 -8.53254 1.48441 0.18564 0.77672 -0.24545 0.54954
1403638588.2778294086 6.71792 -8.44465 1.45597 0.18837 0.77754 -0.24297 0.54856
1403638588.3778295517 6.72121 -8.34829 1.43554 0.18902 0.77789 -0.24226 0.54816
1403638588.4778294563 6.72771 -8.25410 1.42229 0.18725 0.77785 -0.24326 0.54837
1403638588.5778295994 6.73114 -8.15223 1.41793 0.18483 0.77713 -0.24490 0.54948
1403638588.6778295040 6.73341 -8.05103 1.42099 0.18243 0.77636 -0.24620 0.55079
1403638588.7778294086 6.73528 -7.94597 1.43095 0.18091 0.77486 -0.24760 0.55276
1403638588.8778295517 6.73791 -7.84604 1.43760 0.17842 0.77433 -0.24990 0.55329
1403638588.9778294563 6.73688 -7.74351 1.43666 0.17868 0.77426 -0.25018 0.55317
1403638589.0778295994 6.73736 -7.64639 1.42943 0.17910 0.77452 -0.25045 0.55255
1403638589.1778295040 6.73497 -7.54082 1.41386 0.18072 0.77428 -0.24977 0.55268
1403638589.2778294086 6.73518 -7.44004 1.39813 0.18042 0.77328 -0.24992 0.55409
1403638589.3778295517 6.73014 -7.33402 1.37800 0.18063 0.77308 -0.24974 0.55439
1403638589.4778294563 6.72808 -7.23231 1.36587 0.18030 0.77396 -0.25036 0.55298
1403638589.5778295994 6.72016 -7.12604 1.35687 0.17964 0.77391 -0.25076 0.55309
1403638589.6778295040 6.71979 -7.02821 1.36013 0.17923 0.77456 -0.25080 0.55229
1403638589.7778294086 6.71177 -6.92435 1.36702 0.17962 0.77611 -0.25119 0.54982
1403638589.8778295517 6.70615 -6.83265 1.37983 0.17955 0.77672 -0.25213 0.54854
1403638589.9778294563 6.69754 -6.72879 1.37899 0.17995 0.77671 -0.25260 0.54822
1403638590.0778295994 6.68984 -6.63773 1.38090 0.17947 0.77673 -0.25334 0.54800
1403638590.1778295040 6.68110 -6.53430 1.37150 0.18012 0.77566 -0.25366 0.54915
1403638590.2778294086 6.67451 -6.44951 1.36495 0.17967 0.77499 -0.25420 0.54999
1403638590.3778295517 6.66475 -6.34871 1.34760 0.17992 0.77528 -0.25465 0.54929
1403638590.4778294563 6.65652 -6.25038 1.33099 0.17998 0.77590 -0.25490 0.54828
1403638590.5778295994 6.64490 -6.15187 1.31271 0.17892 0.77697 -0.25558 0.54679
1403638590.6778295040 6.63561 -6.05201 1.30312 0.17702 0.77869 -0.25657 0.54449
1403638590.7778294086 6.62499 -5.95615 1.30184 0.17625 0.77950 -0.25703 0.54337
1403638590.8778295517 6.61524 -5.86207 1.30739 0.17642 0.78036 -0.25699 0.54210
1403638590.9778294563 6.60559 -5.76716 1.31999 0.17514 0.78094 -0.25788 0.54126
1403638591.0778295994 6.59368 -5.67600 1.33565 0.17370 0.78183 -0.25922 0.53980
1403638591.1778295040 6.58593 -5.58259 1.34601 0.17284 0.78602 -0.26042 0.53337
1403638591.2778294086 6.57672 -5.48696 1.34729 0.17041 0.79185 -0.26257 0.52439
1403638591.3778295517 6.57303 -5.40123 1.34491 0.16711 0.79615 -0.26509 0.51764
1403638591.4778294563 6.57613 -5.32489 1.33787 0.16443 0.79888 -0.26720 0.51318
1403638591.5778295994 6.58560 -5.25586 1.32502 0.16172 0.80162 -0.26946 0.50857
1403638591.6778295040 6.60124 -5.19561 1.30831 0.16035 0.80189 -0.27058 0.50798
1403638591.7778294086 6.62389 -5.14618 1.29181 0.16203 0.80004 -0.26952 0.51092
1403638591.8778295517 6.65461 -5.10714 1.27698 0.16289 0.79777 -0.26865 0.51465
1403638591.9778294563 6.69057 -5.07777 1.26996 0.16350 0.79518 -0.26788 0.51884
1403638592.0778295994 6.73105 -5.05754 1.27159 0.16378 0.79266 -0.26674 0.52317
1403638592.1778295040 6.77635 -5.03696 1.28245 0.16172 0.78983 -0.26489 0.52900
1403638592.2778294086 6.82408 -5.03294 1.30527 0.15645 0.78438 -0.25948 0.54124
1403638592.3778295517 6.87132 -5.02599 1.33713 0.14734 0.78178 -0.25061 0.55163
1403638592.4778294563 6.91693 -5.01650 1.37607 0.13556 0.78422 -0.23676 0.55729
1403638592.5778295994 6.95922 -5.01094 1.42059 0.12779 0.79153 -0.22250 0.55465
1403638592.6778295040 6.99907 -5.00898 1.47069 0.12123 0.79896 -0.21118 0.54989
1403638592.7778294086 7.03789 -5.01154 1.51967 0.11610 0.80599 -0.20357 0.54356
1403638592.8778295517 7.07694 -5.01775 1.56354 0.11200 0.81101 -0.19887 0.53867
1403638592.9778294563 7.11842 -5.02666 1.60234 0.11133 0.81351 -0.19515 0.53640
1403638593.0778295994 7.16432 -5.04160 1.63454 0.11027 0.81426 -0.19383 0.53596
1403638593.1778295040 7.21374 -5.05961 1.66936 0.11036 0.81256 -0.19291 0.53885
1403638593.2778294086 7.26813 -5.08305 1.70816 0.11707 0.80928 -0.18911 0.54369
1403638593.3778295517 7.32383 -5.10777 1.75447 0.12604 0.80587 -0.18400 0.54848
1403638593.4778294563 7.37928 -5.13182 1.79796 0.13422 0.80123 -0.18006 0.55461
1403638593.5778295994 7.43638 -5.15378 1.83480 0.13879 0.79837 -0.17879 0.55801
1403638593.6778295040 7.49480 -5.17221 1.86533 0.14150 0.79715 -0.17851 0.55916
1403638593.7778294086 7.55273 -5.18686 1.89037 0.14280 0.79382 -0.17885 0.56345
1403638593.8778295517 7.60952 -5.19757 1.91460 0.13847 0.78339 -0.17894 0.57888
1403638593.9778294563 7.66135 -5.20215 1.94434 0.13191 0.77998 -0.17586 0.58593
1403638594.0778295994 7.70573 -5.20350 1.97680 0.12367 0.78553 -0.17382 0.58089
1403638594.1778295040 7.74485 -5.20324 2.01413 0.12152 0.79165 -0.16920 0.57437
1403638594.2778294086 7.78056 -5.20158 2.05027 0.12192 0.79407 -0.16441 0.57232
1403638594.3778295517 7.81176 -5.19685 2.08152 0.12442 0.79308 -0.15953 0.57454
1403638594.4778294563 7.83728 -5.18812 2.11841 0.12812 0.79173 -0.15408 0.57706
1403638594.5778295994 7.86100 -5.17494 2.15843 0.12256 0.79202 -0.15600 0.57736
1403638594.6778295040 7.87721 -5.15737 2.20736 0.11692 0.79258 -0.15923 0.57688
1403638594.7778294086 7.89428 -5.13998 2.24961 0.11481 0.79330 -0.16126 0.57575
1403638594.8778295517 7.90147 -5.11900 2.28886 0.11355 0.79331 -0.16294 0.57551
1403638594.9778294563 7.91307 -5.09875 2.31738 0.11472 0.79515 -0.16347 0.57259
1403638595.0778295994 7.92204 -5.07690 2.34064 0.11343 0.79633 -0.16530 0.57068
1403638595.1778295040 7.92959 -5.05477 2.35799 0.11334 0.79681 -0.16655 0.56966
1403638595.2778294086 7.93578 -5.03242 2.36960 0.11395 0.79724 -0.16685 0.56884
1403638595.3778295517 7.93251 -5.00434 2.38137 0.11389 0.79685 -0.16762 0.56918
1403638595.4778294563 7.93480 -4.98197 2.38032 0.11400 0.79719 -0.16785 0.56862
1403638595.5778295994 7.93533 -4.95891 2.37817 0.11409 0.79797 -0.16756 0.56758
1403638595.6778295040 7.93405 -4.93509 2.38091 0.11652 0.79802 -0.16590 0.56751
1403638595.7778294086 7.93182 -4.90926 2.38844 0.12086 0.79899 -0.16297 0.56608
1403638595.8778295517 7.93006 -4.88200 2.39352 0.12220 0.79939 -0.16234 0.56541
1403638595.9778294563 7.92785 -4.85411 2.38495 0.12463 0.79911 -0.16091 0.56568
1403638596.0778295994 7.92056 -4.82122 2.36797 0.13217 0.79980 -0.15608 0.56435
1403638596.1778295040 7.91846 -4.78778 2.34730 0.14347 0.80125 -0.14819 0.56165
1403638596.2778294086 7.91678 -4.74603 2.33346 0.15523 0.80297 -0.13954 0.55827
1403638596.3778295517 7.91386 -4.69292 2.33047 0.16464 0.80310 -0.13203 0.55721
1403638596.4778294563 7.91641 -4.63164 2.33364 0.17015 0.80280 -0.12721 0.55712
1403638596.5778295994 7.92261 -4.55756 2.34753 0.17696 0.80356 -0.12182 0.55510
1403638596.6778295040 7.93381 -4.46934 2.36755 0.18459 0.80382 -0.11581 0.55351
1403638596.7778294086 7.95125 -4.36465 2.39492 0.18853 0.80394 -0.11245 0.55272
1403638596.8778295517 7.97542 -4.24392 2.43080 0.19217 0.80331 -0.10965 0.55294
1403638596.9778294563 8.00111 -4.10593 2.46658 0.19396 0.80204 -0.10873 0.55434
1403638597.0778295994 8.03298 -3.95380 2.49909 0.19677 0.80118 -0.10772 0.55479
1403638597.1778295040 8.06754 -3.78811 2.52562 0.19907 0.79936 -0.10749 0.55663
1403638597.2778294086 8.10530 -3.60320 2.54523 0.19664 0.79668 -0.11060 0.56071
1403638597.3778295517 8.14584 -3.40513 2.55789 0.19183 0.79497 -0.11545 0.56383
1403638597.4778294563 8.18782 -3.19270 2.56848 0.18316 0.79175 -0.12249 0.56972
1403638597.5778295994 8.22886 -2.96762 2.57417 0.17038 0.78717 -0.13204 0.57784
1403638597.6778295040 8.26716 -2.73351 2.57518 0.16596 0.78486 -0.13609 0.58132
1403638597.7778294086 8.30192 -2.49126 2.57101 0.17015 0.78662 -0.13099 0.57889
1403638597.8778295517 8.33408 -2.24073 2.56224 0.17436 0.78919 -0.11964 0.57660
1403638597.9778294563 8.36387 -1.98113 2.55032 0.17548 0.79081 -0.11047 0.57587
1403638598.0778295994 8.39485 -1.71026 2.54286 0.16861 0.79101 -0.10795 0.57812
1403638598.1778295040 8.42363 -1.42804 2.54151 0.14697 0.79258 -0.11712 0.58009
1403638598.2778294086 8.44969 -1.13972 2.54479 0.12952 0.79454 -0.12555 0.57980
1403638598.3778295517 8.47504 -0.85039 2.54615 0.11862 0.79639 -0.13085 0.57842
1403638598.4778294563 8.49995 -0.56223 2.54149 0.11444 0.79873 -0.13262 0.57563
1403638598.5778295994 8.52264 -0.27484 2.52882 0.10955 0.80077 -0.13063 0.57420
1403638598.6778295040 8.54349 0.00994 2.51066 0.10524 0.80313 -0.12209 0.57358
1403638598.7778294086 8.56247 0.29199 2.49370 0.09684 0.80538 -0.11123 0.57412
1403638598.8778295517 8.57893 0.57152 2.48339 0.08759 0.80647 -0.09675 0.57669
1403638598.9778294563 8.59192 0.84845 2.47637 0.07765 0.80900 -0.08030 0.57710
1403638599.0778295994 8.60386 1.12448 2.47357 0.06558 0.81046 -0.06359 0.57862
1403638599.1778295040 8.61360 1.39869 2.47654 0.05358 0.81184 -0.04590 0.57960
1403638599.2778294086 8.62022 1.66915 2.48382 0.04257 0.81386 -0.02680 0.57889
1403638599.3778295517 8.62485 1.93739 2.49843 0.03004 0.81712 -0.00940 0.57561
1403638599.4778294563 8.62710 2.20417 2.51818 0.02093 0.81929 0.00405 0.57298
1403638599.5778295994 8.62842 2.46981 2.53638 0.01539 0.82160 0.01266 0.56971
1403638599.6778295040 8.62938 2.73496 2.54605 0.01177 0.82307 0.01734 0.56756
1403638599.7778294086 8.63164 2.99898 2.54726 0.01053 0.82319 0.01844 0.56737
1403638599.8778295517 8.63705 3.26053 2.54181 0.00862 0.82450 0.01603 0.56557
1403638599.9778294563 8.64445 3.52208 2.53228 0.00491 0.82471 0.01043 0.56544
1403638600.0778295994 8.65626 3.78034 2.51891 -0.00142 0.82587 0.00264 0.56385
1403638600.1778295040 8.67125 4.03167 2.50178 -0.01347 0.82763 -0.00909 0.56104
1403638600.2778294086 8.68810 4.27679 2.47886 -0.02335 0.82976 -0.01977 0.55729
1403638600.3778295517 8.70907 4.51132 2.45486 -0.03086 0.83119 -0.02838 0.55441
1403638600.4778294563 8.73453 4.73140 2.43779 -0.03705 0.83236 -0.03486 0.55189
1403638600.5778295994 8.76562 4.93585 2.43149 -0.03496 0.83295 -0.03550 0.55110
1403638600.6778295040 8.80060 5.12572 2.43287 -0.03777 0.83446 -0.03848 0.54843
1403638600.7778294086 8.84097 5.30226 2.44112 -0.03741 0.83818 -0.03831 0.54276
1403638600.8778295517 8.88893 5.46271 2.45475 -0.02644 0.84199 -0.02947 0.53803
1403638600.9778294563 8.94257 5.61195 2.46526 -0.00970 0.84410 -0.01596 0.53586
1403638601.0778295994 9.00274 5.75175 2.47058 -0.00061 0.84449 -0.00788 0.53551
1403638601.1778295040 9.07066 5.88661 2.47158 0.00723 0.84311 -0.00143 0.53768
1403638601.2778294086 9.14633 6.02146 2.46895 0.01661 0.83671 0.00608 0.54736
1403638601.3778295517 9.22733 6.15739 2.46514 0.01385 0.83165 0.00993 0.55503
1403638601.4778294563 9.31184 6.29728 2.46514 0.00078 0.82725 0.01459 0.56165
1403638601.5778295994 9.39687 6.43664 2.47323 -0.01002 0.82244 0.02890 0.56803
1403638601.6778295040 9.48264 6.57629 2.48644 -0.02120 0.81983 0.04897 0.57012
1403638601.7778294086 9.56669 6.71572 2.50671 -0.03379 0.81691 0.07448 0.57093
1403638601.8778295517 9.64827 6.85522 2.53524 -0.04766 0.81186 0.10354 0.57262
1403638601.9778294563 9.72660 6.99804 2.56493 -0.06245 0.80868 0.12694 0.57098
1403638602.0778295994 9.80260 7.14191 2.58866 -0.07392 0.80703 0.14388 0.56793
1403638602.1778295040 9.87452 7.28737 2.60606 -0.07981 0.80231 0.15951 0.56964
1403638602.2778294086 9.94158 7.43418 2.61882 -0.08739 0.79527 0.17695 0.57324
1403638602.3778295517 10.00413 7.58549 2.63163 -0.10986 0.78421 0.18943 0.58057
1403638602.4778294563 10.05902 7.73757 2.65484 -0.14476 0.76223 0.19574 0.59978
1403638602.5778295994 10.10218 7.88231 2.68569 -0.17995 0.74063 0.20057 0.61552
1403638602.6778295040 10.13209 8.01344 2.72183 -0.20057 0.73039 0.21389 0.61689
1403638602.7778294086 10.14514 8.12800 2.76277 -0.21150 0.72607 0.23346 0.61121
1403638602.8778295517 10.13856 8.22278 2.80784 -0.22254 0.72267 0.25304 0.60348
1403638602.9778294563 10.11667 8.30192 2.85544 -0.24207 0.72280 0.26836 0.58902
1403638603.0778295994 10.08706 8.36917 2.90005 -0.26079 0.71784 0.28295 0.58020
1403638603.1778295040 10.05221 8.42290 2.93800 -0.27290 0.71055 0.29721 0.57646
1403638603.2778294086 10.01061 8.46159 2.96369 -0.27103 0.71794 0.31429 0.55886
1403638603.3778295517 9.96403 8.48844 2.97985 -0.26413 0.73069 0.32865 0.53695
1403638603.4778294563 9.91588 8.50981 2.99154 -0.26057 0.73906 0.33577 0.52264
1403638603.5778295994 9.86940 8.52920 3.00062 -0.26182 0.73690 0.34000 0.52233
1403638603.6778295040 9.82122 8.54602 3.00545 -0.26387 0.72920 0.34233 0.53052
1403638603.7778294086 9.77469 8.55687 3.00197 -0.25763 0.72053 0.34863 0.54122
1403638603.8778295517 9.71988 8.56221 2.99326 -0.25098 0.71285 0.35355 0.55124
1403638603.9778294563 9.65875 8.56648 2.97884 -0.24590 0.70607 0.35629 0.56040
1403638604.0778295994 9.59135 8.56749 2.95748 -0.23987 0.70262 0.35894 0.56564
1403638604.1778295040 9.51180 8.56924 2.94061 -0.23855 0.70209 0.35971 0.56636
1403638604.2778294086 9.42285 8.56281 2.93120 -0.24494 0.70607 0.35596 0.56103
1403638604.3778295517 9.32173 8.55408 2.92813 -0.25024 0.71381 0.35282 0.55079
1403638604.4778294563 9.21480 8.54013 2.93214 -0.24804 0.72169 0.35441 0.54040
1403638604.5778295994 9.10559 8.52375 2.94184 -0.24606 0.72637 0.35571 0.53414
1403638604.6778295040 8.99371 8.50594 2.94696 -0.24868 0.72964 0.35411 0.52952
1403638604.7778294086 8.88090 8.48664 2.94699 -0.25276 0.73167 0.35142 0.52657
1403638604.8778295517 8.76997 8.46469 2.94678 -0.25380 0.73487 0.35080 0.52200
1403638604.9778294563 8.65856 8.44039 2.94979 -0.25131 0.74088 0.35260 0.51344
1403638605.0778295994 8.54798 8.41384 2.96075 -0.24871 0.74731 0.35456 0.50395
1403638605.1778295040 8.44373 8.38860 2.98039 -0.24622 0.75124 0.35662 0.49783
1403638605.2778294086 8.34664 8.36998 3.00151 -0.24239 0.75207 0.35936 0.49649
1403638605.3778295517 8.25226 8.35618 3.01721 -0.23632 0.74740 0.36361 0.50333
1403638605.4778294563 8.16119 8.34839 3.02958 -0.22909 0.73732 0.36910 0.51734
1403638605.5778295994 8.06586 8.34326 3.03308 -0.22357 0.72897 0.37326 0.52848
1403638605.6778295040 7.96866 8.34250 3.03194 -0.21906 0.72321 0.37653 0.53592
1403638605.7778294086 7.86570 8.34668 3.03434 -0.21748 0.72230 0.37764 0.53700
1403638605.8778295517 7.75800 8.35644 3.04867 -0.21469 0.72225 0.37927 0.53704
1403638605.9778294563 7.64412 8.37428 3.06609 -0.21063 0.72155 0.38118 0.53824
1403638606.0778295994 7.52299 8.39616 3.08450 -0.20802 0.72168 0.38190 0.53857
1403638606.1778295040 7.39539 8.42450 3.09206 -0.20459 0.72149 0.38344 0.53904
1403638606.2778294086 7.26148 8.45845 3.09709 -0.20244 0.72272 0.38379 0.53796
1403638606.3778295517 7.11933 8.49949 3.08938 -0.20795 0.73128 0.37900 0.52759
1403638606.4778294563 6.97296 8.54516 3.07723 -0.21605 0.74152 0.37237 0.51459
1403638606.5778295994 6.82585 8.59604 3.05961 -0.22297 0.75011 0.36777 0.50236
1403638606.6778295040 6.68322 8.65361 3.03802 -0.22845 0.75324 0.36991 0.49356
1403638606.7778294086 6.54502 8.71785 3.01209 -0.23330 0.75310 0.37912 0.48444
1403638606.8778295517 6.41136 8.78875 2.98448 -0.24190 0.74940 0.39178 0.47581
1403638606.9778294563 6.28202 8.86839 2.96202 -0.25284 0.74211 0.40720 0.46854
1403638607.0778295994 6.16484 8.95404 2.94997 -0.26694 0.73329 0.42162 0.46180
1403638607.1778295040 6.05545 9.04734 2.94568 -0.28342 0.72355 0.42863 0.46089
1403638607.2778294086 5.95110 9.14538 2.94103 -0.29725 0.71001 0.43294 0.46915
1403638607.3778295517 5.85026 9.24503 2.92786 -0.30997 0.70157 0.43292 0.47361
1403638607.4778294563 5.75408 9.34450 2.90559 -0.31578 0.69847 0.43404 0.47332
1403638607.5778295994 5.66246 9.44097 2.87603 -0.31773 0.69743 0.43536 0.47232
1403638607.6778295040 5.57604 9.53411 2.84368 -0.31938 0.69572 0.43536 0.47373
1403638607.7778294086 5.49539 9.62583 2.80852 -0.31780 0.69428 0.43582 0.47649
1403638607.8778295517 5.41665 9.71590 2.76940 -0.31889 0.69655 0.43373 0.47435
1403638607.9778294563 5.34440 9.80270 2.72631 -0.32107 0.70098 0.43036 0.46940
1403638608.0778295994 5.27764 9.88933 2.67897 -0.32177 0.69977 0.42780 0.47304
1403638608.1778295040 5.21457 9.97255 2.62674 -0.31790 0.69677 0.42819 0.47969
1403638608.2778294086 5.15576 10.05031 2.57025 -0.31663 0.69219 0.42749 0.48772
1403638608.3778295517 5.09931 10.12483 2.50908 -0.31694 0.68640 0.42629 0.49666
1403638608.4778294563 5.04191 10.19492 2.44287 -0.31707 0.68631 0.42590 0.49705
1403638608.5778295994 4.98656 10.25919 2.37115 -0.31529 0.68782 0.42659 0.49550
1403638608.6778295040 4.93006 10.31918 2.30288 -0.32080 0.68509 0.42264 0.49912
1403638608.7778294086 4.87337 10.37208 2.23862 -0.32126 0.68522 0.42236 0.49888
1403638608.8778295517 4.81711 10.41865 2.17895 -0.31996 0.68862 0.42372 0.49384
1403638608.9778294563 4.76179 10.45849 2.12821 -0.31907 0.69271 0.42460 0.48792
1403638609.0778295994 4.70823 10.49576 2.08334 -0.31846 0.69544 0.42512 0.48396
1403638609.1778295040 4.65576 10.52873 2.04487 -0.32036 0.69588 0.42376 0.48326
1403638609.2778294086 4.60605 10.55758 2.00622 -0.32830 0.69601 0.41801 0.48275
1403638609.3778295517 4.56127 10.58240 1.96018 -0.32714 0.69626 0.41849 0.48277
1403638609.4778294563 4.51893 10.60427 1.90718 -0.32344 0.69633 0.42063 0.48331
1403638609.5778295994 4.48079 10.61953 1.84817 -0.31999 0.69631 0.42261 0.48391
1403638609.6778295040 4.44435 10.63815 1.78328 -0.31788 0.69536 0.42408 0.48538
1403638609.7778294086 4.41167 10.64830 1.71895 -0.31669 0.69546 0.42483 0.48535
1403638609.8778295517 4.38101 10.66282 1.66075 -0.31716 0.69570 0.42452 0.48498
1403638609.9778294563 4.35279 10.66795 1.61133 -0.31808 0.69522 0.42370 0.48577
1403638610.0778295994 4.32984 10.67365 1.57107 -0.32151 0.69299 0.42117 0.48888
1403638610.1778295040 4.30710 10.67368 1.53412 -0.32262 0.68993 0.42030 0.49321
1403638610.2778294086 4.28522 10.66915 1.49297 -0.32502 0.68866 0.41829 0.49512
1403638610.3778295517 4.26447 10.65915 1.44494 -0.32589 0.68829 0.41763 0.49562
1403638610.4778294563 4.24685 10.64317 1.39296 -0.32614 0.68664 0.41714 0.49815
1403638610.5778295994 4.22723 10.62289 1.33606 -0.32896 0.68144 0.41491 0.50525
1403638610.6778295040 4.20629 10.59431 1.27845 -0.33340 0.67640 0.41169 0.51170
1403638610.7778294086 4.18249 10.55713 1.22298 -0.33094 0.68171 0.41438 0.50402
1403638610.8778295517 4.15875 10.51447 1.17617 -0.32714 0.68806 0.41833 0.49453
1403638610.9778294563 4.13683 10.46769 1.13568 -0.32775 0.68843 0.41860 0.49337
1403638611.0778295994 4.11606 10.41569 1.09381 -0.33092 0.68559 0.41673 0.49678
1403638611.1778295040 4.09834 10.35896 1.04806 -0.33227 0.68464 0.41688 0.49706
1403638611.2778294086 4.08095 10.29541 1.00171 -0.33174 0.68425 0.41785 0.49715
1403638611.3778295517 4.06326 10.22395 0.95952 -0.32536 0.68184 0.42231 0.50089
1403638611.4778294563 4.03976 10.14809 0.92034 -0.31309 0.67758 0.43016 0.50775
1403638611.5778295994 4.01735 10.07167 0.89180 -0.30424 0.67717 0.43541 0.50921
1403638611.6778295040 3.98401 9.98987 0.86498 -0.30248 0.67958 0.43575 0.50675
1403638611.7778294086 3.94952 9.90790 0.83802 -0.30811 0.68538 0.43144 0.49918
1403638611.8778295517 3.91684 9.82676 0.80856 -0.31332 0.69101 0.42706 0.49190
1403638611.9778294563 3.88217 9.74487 0.77401 -0.31595 0.69441 0.42442 0.48768
1403638612.0778295994 3.84992 9.66439 0.74230 -0.31534 0.69638 0.42413 0.48553
1403638612.1778295040 3.82015 9.58121 0.71590 -0.31675 0.69762 0.42256 0.48419
1403638612.2778294086 3.79356 9.50111 0.69954 -0.31726 0.69765 0.42186 0.48442
1403638612.3778295517 3.77006 9.41830 0.68716 -0.31562 0.69721 0.42245 0.48562
1403638612.4778294563 3.74700 9.33272 0.67109 -0.31498 0.69600 0.42171 0.48839
1403638612.5778295994 3.72616 9.24811 0.64985 -0.31209 0.69384 0.42226 0.49283
1403638612.6778295040 3.70477 9.16311 0.62131 -0.30626 0.69193 0.42469 0.49707
1403638612.7778294086 3.68098 9.07632 0.58522 -0.30339 0.69101 0.42450 0.50026
1403638612.8778295517 3.65656 8.99187 0.55215 -0.30356 0.68989 0.42221 0.50363
1403638612.9778294563 3.62594 8.90154 0.51926 -0.30448 0.69050 0.42010 0.50400
1403638613.0778295994 3.59658 8.81762 0.49821 -0.30506 0.69331 0.41894 0.50075
1403638613.1778295040 3.56388 8.73133 0.48422 -0.30458 0.69574 0.41867 0.49788
1403638613.2778294086 3.52768 8.63904 0.47542 -0.30377 0.69618 0.41886 0.49760
1403638613.3778295517 3.49340 8.55364 0.47502 -0.30302 0.69575 0.41936 0.49824
1403638613.4778294563 3.45574 8.46064 0.47110 -0.30369 0.69519 0.41828 0.49953
1403638613.5778295994 3.41953 8.37501 0.46228 -0.30290 0.69650 0.41394 0.50178
1403638613.6778295040 3.38188 8.28921 0.44753 -0.30677 0.69719 0.40721 0.50398
1403638613.7778294086 3.34140 8.19606 0.42485 -0.31060 0.69590 0.39955 0.50952
1403638613.8778295517 3.30311 8.10499 0.39460 -0.30751 0.69813 0.39144 0.51461
1403638613.9778294563 3.26212 8.00215 0.35951 -0.29984 0.70415 0.38152 0.51837
1403638614.0778295994 3.22136 7.89718 0.32100 -0.28789 0.71222 0.36968 0.52268
1403638614.1778295040 3.17951 7.79152 0.28327 -0.27316 0.72252 0.35674 0.52544
1403638614.2778294086 3.13526 7.68051 0.25009 -0.26214 0.73143 0.34322 0.52772
1403638614.3778295517 3.08869 7.56738 0.22198 -0.25354 0.73812 0.33373 0.52870
1403638614.4778294563 3.04187 7.45840 0.20381 -0.25004 0.74286 0.32477 0.52931
1403638614.5778295994 2.99478 7.34708 0.19392 -0.24610 0.74735 0.31640 0.52989
1403638614.6778295040 2.95061 7.23753 0.19194 -0.24302 0.75259 0.30437 0.53095
1403638614.7778294086 2.90970 7.12810 0.20223 -0.24116 0.76253 0.28776 0.52686
1403638614.8778295517 2.87153 7.01732 0.22203 -0.23351 0.77372 0.27018 0.52329
1403638614.9778294563 2.84100 6.90815 0.24933 -0.22032 0.78302 0.25101 0.52473
1403638615.0778295994 2.81697 6.79522 0.28093 -0.20222 0.79044 0.23021 0.53039
1403638615.1778295040 2.79914 6.67989 0.31760 -0.18075 0.79391 0.20809 0.54197
1403638615.2778294086 2.78543 6.56261 0.35783 -0.15570 0.79629 0.18667 0.55393
1403638615.3778295517 2.77231 6.44652 0.39391 -0.13428 0.79997 0.16124 0.56215
1403638615.4778294563 2.75902 6.32775 0.42361 -0.11399 0.80305 0.13535 0.56904
1403638615.5778295994 2.74421 6.20796 0.44575 -0.09688 0.80636 0.11101 0.57278
1403638615.6778295040 2.72832 6.08795 0.46349 -0.08368 0.80844 0.09371 0.57501
1403638615.7778294086 2.71184 5.97100 0.48692 -0.07598 0.80974 0.08125 0.57615
1403638615.8778295517 2.69313 5.85498 0.51792 -0.07078 0.81097 0.06946 0.57662
1403638615.9778294563 2.67453 5.73899 0.54713 -0.06360 0.81254 0.05758 0.57656
1403638616.0778295994 2.65501 5.62236 0.56965 -0.05472 0.81315 0.04534 0.57770
1403638616.1778295040 2.63465 5.50547 0.57905 -0.04496 0.81435 0.03127 0.57778
1403638616.2778294086 2.61396 5.38754 0.57152 -0.03435 0.81535 0.01311 0.57780
1403638616.3778295517 2.59270 5.26702 0.54968 -0.02115 0.81604 -0.00614 0.57757
1403638616.4778294563 2.57088 5.14552 0.52044 -0.01065 0.81653 -0.02402 0.57670
1403638616.5778295994 2.54862 5.02554 0.48768 -0.00131 0.81818 -0.03652 0.57380
1403638616.6778295040 2.52681 4.90606 0.45106 0.00449 0.82280 -0.04617 0.56644
1403638616.7778294086 2.50644 4.78672 0.40999 0.00145 0.83122 -0.05645 0.55307
1403638616.8778295517 2.49173 4.66634 0.36857 -0.00246 0.83694 -0.06323 0.54363
1403638616.9778294563 2.48529 4.54292 0.33577 0.00278 0.83518 -0.06086 0.54659
1403638617.0778295994 2.48522 4.41537 0.31327 0.00843 0.83156 -0.05585 0.55255
1403638617.1778295040 2.48849 4.28522 0.29900 0.01443 0.82872 -0.04896 0.55732
1403638617.2778294086 2.49512 4.15461 0.28929 0.01606 0.83112 -0.04430 0.55409
1403638617.3778295517 2.50588 4.02304 0.28438 0.01562 0.83517 -0.04141 0.54820
1403638617.4778294563 2.52234 3.89426 0.28815 0.01527 0.83796 -0.03817 0.54418
1403638617.5778295994 2.54493 3.76662 0.30004 0.01502 0.83871 -0.03518 0.54323
1403638617.6778295040 2.57467 3.64307 0.32066 0.01607 0.83737 -0.03121 0.54551
1403638617.7778294086 2.61172 3.52513 0.34994 0.01629 0.83579 -0.02852 0.54806
1403638617.8778295517 2.65245 3.41104 0.38612 0.01732 0.83583 -0.02518 0.54814
1403638617.9778294563 2.69860 3.30062 0.42632 0.01533 0.83481 -0.02471 0.54977
1403638618.0778295994 2.74955 3.19224 0.46159 0.01458 0.83447 -0.02340 0.55036
1403638618.1778295040 2.80525 3.08724 0.49057 0.01220 0.83465 -0.02328 0.55016
1403638618.2778294086 2.86406 2.98487 0.51319 0.01268 0.83467 -0.02176 0.55018
1403638618.3778295517 2.92690 2.88651 0.53235 0.01248 0.83396 -0.02070 0.55129
1403638618.4778294563 2.99322 2.79024 0.54857 0.01225 0.83411 -0.01944 0.55112
1403638618.5778295994 3.06326 2.69855 0.56321 0.01341 0.83313 -0.01862 0.55260
1403638618.6778295040 3.13721 2.60673 0.57521 0.01729 0.83301 -0.02172 0.55256
1403638618.7778294086 3.21511 2.52115 0.59166 0.01988 0.83233 -0.02488 0.55337
1403638618.8778295517 3.29706 2.43766 0.61423 0.02291 0.83060 -0.02817 0.55569
1403638618.9778294563 3.38085 2.35770 0.63835 0.02893 0.82648 -0.03707 0.56100
1403638619.0778295994 3.46593 2.27903 0.65541 0.04084 0.82288 -0.05070 0.56447
1403638619.1778295040 3.55088 2.20328 0.66465 0.05444 0.81930 -0.06953 0.56652
1403638619.2778294086 3.63675 2.13001 0.66679 0.06843 0.81534 -0.09358 0.56726
1403638619.3778295517 3.72168 2.05965 0.65966 0.08463 0.81082 -0.11804 0.56699
1403638619.4778294563 3.80571 1.99341 0.64857 0.09522 0.80649 -0.13922 0.56668
1403638619.5778295994 3.89058 1.93007 0.63633 0.10176 0.80278 -0.15493 0.56673
1403638619.6778295040 3.97415 1.86871 0.62118 0.09807 0.79922 -0.17135 0.56768
1403638619.7778294086 4.05509 1.80692 0.60372 0.09447 0.79672 -0.18291 0.56820
1403638619.8778295517 4.13228 1.74291 0.58490 0.09415 0.79456 -0.18935 0.56917
1403638619.9778294563 4.20483 1.67677 0.56111 0.09551 0.79369 -0.19303 0.56893
1403638620.0778295994 4.27113 1.60647 0.54205 0.09762 0.79112 -0.19460 0.57160
1403638620.1778295040 4.33334 1.53376 0.52621 0.10226 0.78807 -0.19351 0.57536
1403638620.2778294086 4.38500 1.45917 0.52010 0.10498 0.78863 -0.19234 0.57450
1403638620.3778295517 4.43324 1.38299 0.51943 0.10771 0.79003 -0.19021 0.57278
1403638620.4778294563 4.47177 1.30730 0.52665 0.10877 0.79115 -0.18810 0.57173
1403638620.5778295994 4.51078 1.22912 0.53146 0.10835 0.79252 -0.18653 0.57043
1403638620.6778295040 4.54540 1.15111 0.53122 0.10547 0.79503 -0.18643 0.56749
1403638620.7778294086 4.57111 1.07461 0.52653 0.10192 0.79837 -0.18679 0.56331
1403638620.8778295517 4.60147 0.99301 0.51672 0.10512 0.80157 -0.18229 0.55965
1403638620.9778294563 4.62963 0.91236 0.50382 0.10970 0.80218 -0.17638 0.55979
1403638621.0778295994 4.65089 0.83496 0.49117 0.11344 0.80061 -0.17128 0.56287
1403638621.1778295040 4.67865 0.75459 0.48148 0.11211 0.79939 -0.16947 0.56541
1403638621.2778294086 4.70373 0.67782 0.47940 0.11241 0.79828 -0.16682 0.56771
1403638621.3778295517 4.72932 0.60170 0.48109 0.11408 0.79915 -0.16381 0.56701
1403638621.4778294563 4.75479 0.52669 0.47848 0.11465 0.79739 -0.16168 0.56998
1403638621.5778295994 4.77805 0.45641 0.46954 0.11461 0.79523 -0.15964 0.57358
1403638621.6778295040 4.79750 0.39079 0.45602 0.11425 0.79425 -0.15864 0.57527
1403638621.7778294086 4.81274 0.32977 0.43901 0.11520 0.79266 -0.15732 0.57765
1403638621.8778295517 4.82583 0.27036 0.41795 0.11705 0.78922 -0.15551 0.58245
1403638621.9778294563 4.83430 0.21740 0.39420 0.11751 0.78668 -0.15491 0.58594
1403638622.0778295994 4.83426 0.17587 0.36764 0.11613 0.78629 -0.15598 0.58646
1403638622.1778295040 4.83321 0.13036 0.33661 0.11295 0.78724 -0.15791 0.58529
1403638622.2778294086 4.82661 0.09048 0.31015 0.11016 0.78657 -0.16033 0.58606
1403638622.3778295517 4.81501 0.05345 0.29124 0.11082 0.78754 -0.16090 0.58447
1403638622.4778294563 4.79426 0.02522 0.28359 0.11451 0.78837 -0.15928 0.58309
1403638622.5778295994 4.77312 -0.00840 0.27955 0.11796 0.78817 -0.15800 0.58302
1403638622.6778295040 4.74607 -0.03144 0.28697 0.12194 0.78412 -0.15629 0.58810
1403638622.7778294086 4.71483 -0.05508 0.30260 0.12470 0.77294 -0.15491 0.60251
1403638622.8778295517 4.67786 -0.06639 0.32573 0.12646 0.76817 -0.15449 0.60832
1403638622.9778294563 4.63193 -0.07273 0.34590 0.12502 0.77201 -0.15690 0.60312
1403638623.0778295994 4.57679 -0.07652 0.35831 0.12137 0.77848 -0.16046 0.59455
1403638623.1778295040 4.51472 -0.07485 0.36558 0.11634 0.78238 -0.16426 0.58938
1403638623.2778294086 4.44528 -0.06667 0.36861 0.11329 0.78574 -0.16666 0.58480
1403638623.3778295517 4.37400 -0.06307 0.36679 0.11096 0.78833 -0.16842 0.58126
1403638623.4778294563 4.29723 -0.05462 0.36156 0.11164 0.79001 -0.16827 0.57888
1403638623.5778295994 4.22027 -0.04883 0.35767 0.11298 0.79015 -0.16759 0.57863
1403638623.6778295040 4.13702 -0.04307 0.36209 0.11436 0.79064 -0.16703 0.57786
1403638623.7778294086 4.05238 -0.03579 0.37270 0.11657 0.79166 -0.16681 0.57608
1403638623.8778295517 3.96318 -0.02625 0.38846 0.11798 0.79279 -0.16691 0.57420
1403638623.9778294563 3.86973 -0.01597 0.40270 0.11954 0.79393 -0.16740 0.57216
1403638624.0778295994 3.77631 -0.00344 0.41233 0.11787 0.79422 -0.17020 0.57128
1403638624.1778295040 3.68155 0.00882 0.41714 0.11544 0.79410 -0.17263 0.57120
1403638624.2778294086 3.58459 0.02301 0.41625 0.11340 0.79375 -0.17528 0.57129
1403638624.3778295517 3.48871 0.03663 0.41225 0.11301 0.79326 -0.17707 0.57150
1403638624.4778294563 3.39429 0.04791 0.40626 0.11446 0.79309 -0.17732 0.57138
1403638624.5778295994 3.29437 0.06104 0.39374 0.10986 0.78474 -0.18210 0.58220
1403638624.6778295040 3.19270 0.07303 0.37892 0.11153 0.78049 -0.17981 0.58828
1403638624.7778294086 3.09208 0.08320 0.36847 0.11637 0.78653 -0.16988 0.58221
1403638624.8778295517 2.98092 0.09828 0.36462 0.11772 0.79263 -0.16169 0.57597
1403638624.9778294563 2.87950 0.11102 0.36834 0.11042 0.79592 -0.15956 0.57346
1403638625.0778295994 2.77404 0.12482 0.37337 0.10278 0.79697 -0.15859 0.57369
1403638625.1778295040 2.66181 0.14207 0.37358 0.09643 0.79785 -0.15882 0.57350
1403638625.2778294086 2.55958 0.15268 0.37080 0.09436 0.79878 -0.15719 0.57300
1403638625.3778295517 2.44779 0.16651 0.36582 0.09322 0.79892 -0.15619 0.57328
1403638625.4778294563 2.34528 0.17347 0.36775 0.09216 0.79844 -0.15577 0.57422
1403638625.5778295994 2.23449 0.18436 0.37443 0.09282 0.79899 -0.15507 0.57354
1403638625.6778295040 2.12634 0.19248 0.38875 0.09292 0.80062 -0.15501 0.57126
1403638625.7778294086 2.02132 0.19680 0.40547 0.09167 0.80518 -0.15606 0.56474
1403638625.8778295517 1.91281 0.20402 0.41654 0.09190 0.80778 -0.15651 0.56085
1403638625.9778294563 1.80930 0.20555 0.42388 0.09294 0.80821 -0.15660 0.56003
1403638626.0778295994 1.70657 0.20828 0.42499 0.09141 0.80947 -0.15842 0.55794
1403638626.1778295040 1.61108 0.20746 0.42135 0.09164 0.80988 -0.15880 0.55721
1403638626.2778294086 1.51464 0.20557 0.41360 0.09461 0.80842 -0.15742 0.55922
1403638626.3778295517 1.41497 0.20286 0.40279 0.10251 0.80655 -0.15209 0.56199
1403638626.4778294563 1.32394 0.20065 0.38854 0.10497 0.80532 -0.14992 0.56388
1403638626.5778295994 1.22886 0.19940 0.37242 0.10561 0.80765 -0.14896 0.56067
1403638626.6778295040 1.14275 0.19868 0.35782 0.10437 0.80956 -0.14940 0.55803
1403638626.7778294086 1.05883 0.19979 0.34692 0.10175 0.81344 -0.15117 0.55237
1403638626.8778295517 0.97831 0.19969 0.34355 0.10119 0.81615 -0.15093 0.54852
1403638626.9778294563 0.90761 0.19956 0.34684 0.10051 0.81706 -0.15105 0.54726
1403638627.0778295994 0.83943 0.19928 0.34887 0.09985 0.81716 -0.15068 0.54734
1403638627.1778295040 0.77729 0.19720 0.34449 0.09908 0.81710 -0.15055 0.54761
1403638627.2778294086 0.72046 0.19465 0.33915 0.10038 0.81713 -0.14921 0.54769
1403638627.3778295517 0.66876 0.19231 0.33095 0.10242 0.81655 -0.14734 0.54867
1403638627.4778294563 0.62219 0.18999 0.31950 0.10263 0.81695 -0.14705 0.54812
1403638627.5778295994 0.58095 0.18789 0.30608 0.10389 0.81581 -0.14665 0.54969
1403638627.6778295040 0.55117 0.18556 0.28790 0.10596 0.81285 -0.14588 0.55386
1403638627.7778294086 0.52018 0.18475 0.27283 0.10773 0.81099 -0.14500 0.55647
1403638627.8778295517 0.49172 0.18586 0.25619 0.10869 0.81034 -0.14502 0.55724
1403638627.9778294563 0.46355 0.18839 0.23962 0.10909 0.81228 -0.14516 0.55428
1403638628.0778295994 0.44707 0.19193 0.21967 0.11006 0.81344 -0.14542 0.55232
1403638628.1778295040 0.42496 0.19706 0.20704 0.11113 0.81400 -0.14594 0.55115
1403638628.2778294086 0.40951 0.20415 0.19518 0.11129 0.81421 -0.14664 0.55061
1403638628.3778295517 0.40320 0.21101 0.18256 0.10992 0.81480 -0.14815 0.54961
1403638628.4778294563 0.39408 0.22039 0.17728 0.10403 0.81199 -0.15280 0.55362
1403638628.5778295994 0.38937 0.22966 0.17516 0.09604 0.80481 -0.15848 0.56386
1403638628.6778295040 0.38429 0.23783 0.17436 0.09055 0.80074 -0.16248 0.56940
1403638628.7778294086 0.39758 0.24683 0.17195 0.09250 0.80200 -0.16186 0.56749
1403638628.8778295517 0.38817 0.25044 0.16317 0.09695 0.80261 -0.15911 0.56667
1403638628.9778294563 0.37913 0.25291 0.15142 0.10185 0.80329 -0.15618 0.56565
1403638629.0778295994 0.36894 0.25610 0.14158 0.10663 0.80444 -0.15277 0.56406
1403638629.1778295040 0.35410 0.25808 0.13568 0.10895 0.80563 -0.15067 0.56248
1403638629.2778294086 0.34176 0.26381 0.13080 0.10956 0.80592 -0.14991 0.56215
1403638629.3778295517 0.33276 0.27031 0.12793 0.11042 0.80897 -0.14997 0.55757
1403638629.4778294563 0.32728 0.27821 0.12666 0.10903 0.81339 -0.15176 0.55089
1403638629.5778295994 0.32959 0.28535 0.12690 0.10547 0.81638 -0.15453 0.54637
1403638629.6778295040 0.33651 0.29112 0.12946 0.09450 0.81427 -0.16281 0.54912
1403638629.7778294086 0.34489 0.29476 0.13308 0.08781 0.80865 -0.16809 0.55689
1403638629.8778295517 0.35236 0.29568 0.13263 0.08625 0.80223 -0.16971 0.56586
1403638629.9778294563 0.35813 0.29291 0.12408 0.09726 0.79669 -0.16287 0.57384
1403638630.0778295994 0.36017 0.28948 0.10547 0.10637 0.79314 -0.15676 0.57882
1403638630.1778295040 0.35980 0.28745 0.07700 0.11075 0.79592 -0.15335 0.57509
1403638630.2778294086 0.35522 0.28663 0.04277 0.11152 0.80046 -0.15264 0.56880
1403638630.3778295517 0.35615 0.28951 0.01695 0.10755 0.81985 -0.15362 0.54099
1403638630.4778294563 0.36777 0.29059 0.02810 0.10710 0.80186 -0.15199 0.56784
1403638630.5778295994 0.37758 0.29152 0.02669 0.10673 0.80115 -0.15312 0.56862
1403638630.6778295040 0.38425 0.29227 0.00443 0.10406 0.82009 -0.15015 0.54229
1403638630.7778294086 0.38426 0.28502 0.00131 0.10661 0.82695 -0.14432 0.53287
1403638630.8778295517 0.37713 0.28430 -0.00326 0.10183 0.82564 -0.14536 0.53556
1403638630.9778294563 0.37197 0.28451 -0.00641 0.10201 0.82551 -0.14560 0.53565
1403638631.0778295994 0.36452 0.28497 -0.01039 0.10270 0.82557 -0.14513 0.53555
1403638631.1778295040 0.35743 0.28509 -0.01422 0.10262 0.82561 -0.14536 0.53545
1403638631.2778294086 0.34968 0.28535 -0.01760 0.10251 0.82567 -0.14535 0.53538
1403638631.3778295517 0.34204 0.28553 -0.02067 0.10225 0.82574 -0.14554 0.53527
1403638631.4778294563 0.33463 0.28572 -0.02348 0.10202 0.82568 -0.14583 0.53533
1403638631.5778295994 0.32681 0.28583 -0.02628 0.10191 0.82566 -0.14591 0.53536
1403638631.6778295040 0.31930 0.28570 -0.02888 0.10159 0.82565 -0.14632 0.53532
