1403638523.0778295994 0.02710 0.00463 0.33874 -0.07302 0.80747 0.01787 0.58510
1403638523.1778295040 0.02984 -0.00047 0.35734 -0.07279 0.80714 0.01832 0.58557
1403638523.2778294086 0.02819 -0.00837 0.34966 -0.06364 0.80487 0.01816 0.58975
1403638523.3778295517 0.02788 -0.01333 0.32317 -0.05915 0.80382 0.01725 0.59167
1403638523.4778294563 0.02676 -0.01890 0.28765 -0.05443 0.80749 0.01976 0.58703
1403638523.5778295994 0.02227 -0.02583 0.24343 -0.04750 0.81674 0.02411 0.57454
1403638523.6778295040 0.01692 -0.03151 0.19784 -0.04054 0.82617 0.02693 0.56131
1403638523.7778294086 0.01204 -0.03693 0.15202 -0.03698 0.83081 0.02983 0.55453
1403638523.8778295517 0.00612 -0.04211 0.10947 -0.03379 0.83147 0.03276 0.55357
1403638523.9778294563 0.00019 -0.04613 0.07745 -0.02462 0.83156 0.03883 0.55354
1403638524.0778295994 -0.00357 -0.04911 0.06537 -0.01769 0.83470 0.04728 0.54839
1403638524.1778295040 -0.00425 -0.04785 0.08605 -0.01804 0.83933 0.05206 0.54083
1403638524.2778294086 -0.00325 -0.04812 0.13098 -0.02434 0.84037 0.05315 0.53885
1403638524.3778295517 0.00074 -0.04792 0.18593 -0.03360 0.83768 0.05140 0.54270
1403638524.4778294563 0.00737 -0.04704 0.24643 -0.04042 0.83119 0.04941 0.55231
1403638524.5778295994 0.01588 -0.04489 0.30636 -0.04345 0.82246 0.04791 0.56514
1403638524.6778295040 0.02510 -0.04186 0.36036 -0.03920 0.81613 0.04223 0.57499
1403638524.7778294086 0.03238 -0.03751 0.40113 -0.02643 0.81238 0.03710 0.58135
1403638524.8778295517 0.03787 -0.03282 0.42729 -0.02238 0.81098 0.03422 0.58365
1403638524.9778294563 0.03994 -0.02965 0.43691 -0.02884 0.80949 0.03646 0.58529
1403638525.0778295994 0.04103 -0.02817 0.42451 -0.02653 0.80686 0.03990 0.58879
1403638525.1778295040 0.04216 -0.02709 0.39083 -0.02421 0.80546 0.04447 0.59048
1403638525.2778294086 0.04037 -0.02847 0.34475 -0.02436 0.80814 0.04947 0.58640
1403638525.3778295517 0.03854 -0.02906 0.29083 -0.02693 0.81706 0.05440 0.57335
1403638525.4778294563 0.03479 -0.02872 0.23831 -0.03540 0.82930 0.05621 0.55484
1403638525.5778295994 0.02972 -0.03050 0.19240 -0.04168 0.83834 0.05571 0.54070
1403638525.6778295040 0.02686 -0.03280 0.15398 -0.04261 0.84129 0.05268 0.53631
1403638525.7778294086 0.02616 -0.03378 0.12349 -0.03969 0.83981 0.04679 0.53941
1403638525.8778295517 0.02564 -0.03607 0.10155 -0.03270 0.83625 0.04249 0.54572
1403638525.9778294563 0.02112 -0.04441 0.08908 -0.02426 0.83487 0.04129 0.54836
1403638526.0778295994 0.01764 -0.06421 0.08830 -0.01979 0.83651 0.03910 0.54619
1403638526.1778295040 0.01498 -0.09344 0.09647 -0.01787 0.83894 0.02995 0.54311
1403638526.2778294086 0.01068 -0.12948 0.10998 -0.01435 0.83805 0.02087 0.54501
1403638526.3778295517 0.00361 -0.17023 0.12477 -0.01202 0.83396 0.01225 0.55156
1403638526.4778294563 -0.00600 -0.21556 0.13780 -0.01075 0.82890 0.00127 0.55929
1403638526.5778295994 -0.01689 -0.26737 0.14709 -0.00941 0.82362 -0.00968 0.56699
1403638526.6778295040 -0.02936 -0.32621 0.15440 -0.00505 0.81848 -0.01797 0.57423
1403638526.7778294086 -0.04456 -0.39050 0.15975 0.00334 0.81541 -0.02336 0.57840
1403638526.8778295517 -0.06152 -0.45596 0.16318 0.01124 0.81468 -0.02651 0.57920
1403638526.9778294563 -0.07892 -0.51638 0.16618 0.01562 0.81773 -0.03292 0.57444
1403638527.0778295994 -0.09387 -0.57413 0.16994 0.02336 0.82221 -0.04603 0.56683
1403638527.1778295040 -0.10540 -0.62692 0.17581 0.03119 0.82398 -0.06118 0.56244
1403638527.2778294086 -0.11241 -0.66697 0.18283 0.04282 0.82104 -0.07494 0.56431
1403638527.3778295517 -0.11401 -0.68910 0.18938 0.05841 0.81590 -0.08369 0.56911
1403638527.4778294563 -0.11084 -0.69050 0.19347 0.06888 0.81227 -0.08814 0.57245
1403638527.5778295994 -0.10280 -0.67081 0.19446 0.07207 0.81157 -0.08944 0.57285
1403638527.6778295040 -0.09003 -0.63190 0.19244 0.07060 0.81206 -0.08606 0.57285
1403638527.7778294086 -0.07617 -0.58534 0.19234 0.06532 0.81346 -0.07898 0.57252
1403638527.8778295517 -0.06120 -0.53097 0.19500 0.05163 0.81662 -0.07435 0.57003
1403638527.9778294563 -0.04276 -0.47227 0.19804 0.04187 0.81752 -0.06981 0.57012
1403638528.0778295994 -0.02297 -0.41298 0.19938 0.03561 0.81629 -0.06280 0.57312
1403638528.1778295040 -0.00267 -0.35705 0.19652 0.02644 0.81672 -0.05434 0.57386
1403638528.2778294086 0.02275 -0.30714 0.19109 0.01446 0.81818 -0.04415 0.57309
1403638528.3778295517 0.05271 -0.26929 0.18479 0.00774 0.81783 -0.03633 0.57425
1403638528.4778294563 0.08925 -0.24483 0.18012 0.00958 0.81710 -0.03314 0.57547
1403638528.5778295994 0.12576 -0.22698 0.17700 0.01131 0.81895 -0.03774 0.57250
1403638528.6778295040 0.15872 -0.21264 0.17682 0.01051 0.82011 -0.04558 0.57030
1403638528.7778294086 0.18660 -0.20348 0.18013 0.01588 0.81913 -0.05088 0.57113
1403638528.8778295517 0.20089 -0.19703 0.18737 0.01238 0.81803 -0.05851 0.57206
1403638528.9778294563 0.20333 -0.18673 0.20048 0.00585 0.81775 -0.06532 0.57182
1403638529.0778295994 0.18371 -0.17673 0.21790 0.00737 0.81856 -0.06680 0.57048
1403638529.1778295040 0.15502 -0.15783 0.22844 0.02456 0.81943 -0.06002 0.56950
1403638529.2778294086 0.12021 -0.13463 0.22794 0.03637 0.82131 -0.05407 0.56675
1403638529.3778295517 0.08880 -0.10140 0.21623 0.04028 0.82659 -0.04966 0.55916
1403638529.4778294563 0.05916 -0.08250 0.19450 0.03888 0.83665 -0.04736 0.54430
1403638529.5778295994 0.03547 -0.07039 0.16865 0.03656 0.84683 -0.04466 0.52873
1403638529.6778295040 0.01764 -0.06537 0.14270 0.03777 0.85068 -0.04170 0.52266
1403638529.7778294086 0.00945 -0.05786 0.11815 0.03711 0.84713 -0.04096 0.52850
1403638529.8778295517 0.00750 -0.05118 0.09541 0.03581 0.84073 -0.04197 0.53864
1403638529.9778294563 0.00674 -0.04687 0.07942 0.03552 0.83806 -0.04219 0.54279
1403638530.0778295994 0.01496 -0.04619 0.06849 0.03630 0.83939 -0.04286 0.54061
1403638530.1778295040 0.02756 -0.04684 0.05872 0.03735 0.84104 -0.04735 0.53760
1403638530.2778294086 0.04252 -0.04896 0.04853 0.03957 0.84049 -0.05338 0.53773
1403638530.3778295517 0.05582 -0.05278 0.03873 0.04212 0.83974 -0.05856 0.53817
1403638530.4778294563 0.06751 -0.05697 0.03130 0.04241 0.83941 -0.06242 0.53823
1403638530.5778295994 0.07523 -0.06146 0.02569 0.04168 0.83932 -0.06573 0.53804
1403638530.6778295040 0.07958 -0.06503 0.02061 0.04280 0.84222 -0.06795 0.53312
1403638530.7778294086 0.08270 -0.06727 0.01509 0.04277 0.84559 -0.06951 0.52756
1403638530.8778295517 0.08485 -0.06863 0.01068 0.04077 0.84621 -0.06885 0.52680
1403638530.9778294563 0.08626 -0.06904 0.00750 0.03944 0.84398 -0.06874 0.53049
1403638531.0778295994 0.08638 -0.06865 0.00554 0.04010 0.84056 -0.06726 0.53604
1403638531.1778295040 0.08633 -0.06689 0.00622 0.04066 0.83843 -0.06502 0.53959
1403638531.2778294086 0.08671 -0.06579 0.00478 0.04331 0.83724 -0.06356 0.54140
1403638531.3778295517 0.08662 -0.06497 0.00446 0.04314 0.83601 -0.06365 0.54330
1403638531.4778294563 0.08645 -0.06531 0.00459 0.04321 0.83494 -0.06396 0.54491
1403638531.5778295994 0.08628 -0.06536 0.00447 0.04367 0.83526 -0.06278 0.54451
1403638531.6778295040 0.08627 -0.06512 0.00436 0.04280 0.83534 -0.06330 0.54440
1403638531.7778294086 0.08637 -0.06516 0.00437 0.04303 0.83526 -0.06327 0.54451
1403638531.8778295517 0.08632 -0.06516 0.00435 0.04306 0.83531 -0.06308 0.54445
1403638531.9778294563 0.08637 -0.06519 0.00432 0.04316 0.83529 -0.06302 0.54448
1403638532.0778295994 0.08637 -0.06519 0.00429 0.04318 0.83529 -0.06281 0.54450
1403638532.1778295040 0.08640 -0.06515 0.00427 0.04300 0.83527 -0.06281 0.54454
1403638532.2778294086 0.08642 -0.06510 0.00426 0.04275 0.83526 -0.06291 0.54457
1403638532.3778295517 0.08642 -0.06506 0.00423 0.04255 0.83525 -0.06285 0.54461
1403638532.4778294563 0.08645 -0.06505 0.00423 0.04238 0.83523 -0.06287 0.54465
1403638532.5778295994 0.08644 -0.06503 0.00420 0.04230 0.83525 -0.06284 0.54463
1403638532.6778295040 0.08649 -0.06504 0.00420 0.04225 0.83523 -0.06276 0.54468
1403638532.7778294086 0.08646 -0.06503 0.00419 0.04226 0.83526 -0.06260 0.54465
1403638532.8778295517 0.08648 -0.06501 0.00418 0.04223 0.83526 -0.06256 0.54466
1403638532.9778294563 0.08649 -0.06501 0.00419 0.04214 0.83524 -0.06250 0.54470
1403638533.0778295994 0.08648 -0.06499 0.00417 0.04207 0.83525 -0.06247 0.54469
1403638533.1778295040 0.08650 -0.06498 0.00416 0.04197 0.83522 -0.06246 0.54474
1403638533.2778294086 0.08649 -0.06497 0.00414 0.04187 0.83521 -0.06243 0.54477
1403638533.3778295517 0.08650 -0.06496 0.00413 0.04185 0.83521 -0.06235 0.54477
1403638533.4778294563 0.08652 -0.06496 0.00413 0.04175 0.83521 -0.06231 0.54479
1403638533.5778295994 0.08651 -0.06493 0.00412 0.04166 0.83522 -0.06229 0.54478
1403638533.6778295040 0.08652 -0.06492 0.00411 0.04157 0.83521 -0.06229 0.54480
1403638533.7778294086 0.08652 -0.06491 0.00411 0.04154 0.83521 -0.06229 0.54482
1403638533.8778295517 0.08653 -0.06486 0.00409 0.04125 0.83526 -0.06198 0.54480
1403638533.9778294563 0.08655 -0.06489 0.00409 0.04133 0.83526 -0.06218 0.54476
1403638534.0778295994 0.08648 -0.06489 0.00408 0.04166 0.83520 -0.06251 0.54478
1403638534.1778295040 0.08651 -0.06490 0.00411 0.04125 0.83525 -0.06230 0.54476
1403638534.2778294086 0.08652 -0.06483 0.00413 0.04098 0.83535 -0.06217 0.54466
1403638534.3778295517 0.08653 -0.06481 0.00413 0.04094 0.83536 -0.06216 0.54464
1403638534.4778294563 0.08655 -0.06486 0.00410 0.04108 0.83537 -0.06243 0.54458
1403638534.5778295994 0.08655 -0.06482 0.00410 0.04088 0.83548 -0.06209 0.54448
1403638534.6778295040 0.08659 -0.06475 0.00411 0.04063 0.83549 -0.06185 0.54450
1403638534.7778294086 0.08657 -0.06478 0.00411 0.04069 0.83550 -0.06173 0.54449
1403638534.8778295517 0.08657 -0.06481 0.00410 0.04092 0.83546 -0.06187 0.54453
1403638534.9778294563 0.08656 -0.06484 0.00410 0.04093 0.83550 -0.06187 0.54445
1403638535.0778295994 0.08656 -0.06482 0.00410 0.04074 0.83558 -0.06183 0.54436
1403638535.1778295040 0.08657 -0.06482 0.00409 0.04061 0.83555 -0.06184 0.54441
1403638535.2778294086 0.08656 -0.06480 0.00408 0.04049 0.83556 -0.06180 0.54440
1403638535.3778295517 0.08656 -0.06477 0.00410 0.04046 0.83558 -0.06173 0.54439
1403638535.4778294563 0.08657 -0.06477 0.00410 0.04049 0.83560 -0.06170 0.54436
1403638535.5778295994 0.08658 -0.06475 0.00411 0.04041 0.83562 -0.06161 0.54434
1403638535.6778295040 0.08658 -0.06474 0.00409 0.04031 0.83562 -0.06163 0.54435
1403638535.7778294086 0.08657 -0.06474 0.00409 0.04030 0.83561 -0.06160 0.54437
1403638535.8778295517 0.08658 -0.06473 0.00409 0.04017 0.83564 -0.06152 0.54435
1403638535.9778294563 0.08656 -0.06471 0.00409 0.04006 0.83570 -0.06147 0.54427
1403638536.0778295994 0.08658 -0.06471 0.00408 0.03998 0.83566 -0.06149 0.54433
1403638536.1778295040 0.08658 -0.06471 0.00409 0.03992 0.83566 -0.06149 0.54433
1403638536.2778294086 0.08658 -0.06470 0.00408 0.03990 0.83568 -0.06140 0.54431
1403638536.3778295517 0.08659 -0.06469 0.00407 0.03986 0.83565 -0.06139 0.54436
1403638536.4778294563 0.08659 -0.06468 0.00407 0.03981 0.83566 -0.06134 0.54436
1403638536.5778295994 0.08659 -0.06467 0.00407 0.03968 0.83568 -0.06131 0.54434
1403638536.6778295040 0.08658 -0.06467 0.00406 0.03964 0.83569 -0.06126 0.54433
1403638536.7778294086 0.08658 -0.06465 0.00405 0.03963 0.83567 -0.06127 0.54436
1403638536.8778295517 0.08658 -0.06465 0.00403 0.03950 0.83563 -0.06133 0.54443
1403638536.9778294563 0.08658 -0.06464 0.00404 0.03937 0.83567 -0.06133 0.54437
1403638537.0778295994 0.08661 -0.06461 0.00405 0.03932 0.83569 -0.06121 0.54436
1403638537.1778295040 0.08661 -0.06459 0.00405 0.03941 0.83566 -0.06115 0.54441
1403638537.2778294086 0.08662 -0.06458 0.00407 0.03948 0.83569 -0.06105 0.54436
1403638537.3778295517 0.08662 -0.06458 0.00405 0.03941 0.83569 -0.06100 0.54438
1403638537.4778294563 0.08663 -0.06457 0.00405 0.03931 0.83569 -0.06096 0.54439
1403638537.5778295994 0.08663 -0.06455 0.00408 0.03930 0.83574 -0.06081 0.54433
1403638537.6778295040 0.08665 -0.06454 0.00412 0.03929 0.83577 -0.06079 0.54428
1403638537.7778294086 0.08665 -0.06453 0.00411 0.03922 0.83575 -0.06080 0.54433
1403638537.8778295517 0.08668 -0.06452 0.00412 0.03927 0.83575 -0.06068 0.54433
1403638537.9778294563 0.08666 -0.06452 0.00414 0.03929 0.83573 -0.06079 0.54435
1403638538.0778295994 0.08667 -0.06449 0.00416 0.03920 0.83573 -0.06075 0.54436
1403638538.1778295040 0.08668 -0.06450 0.00416 0.03917 0.83572 -0.06070 0.54439
1403638538.2778294086 0.08676 -0.06446 0.00415 0.03912 0.83569 -0.06055 0.54445
1403638538.3778295517 0.08672 -0.06447 0.00418 0.03923 0.83566 -0.06050 0.54449
1403638538.4778294563 0.08671 -0.06446 0.00423 0.03915 0.83569 -0.06044 0.54446
1403638538.5778295994 0.08675 -0.06445 0.00427 0.03932 0.83568 -0.06042 0.54446
1403638538.6778295040 0.08676 -0.06444 0.00431 0.03908 0.83551 -0.06048 0.54474
1403638538.7778294086 0.08687 -0.06448 0.00463 0.03884 0.83475 -0.06025 0.54594
1403638538.8778295517 0.08828 -0.06407 0.00502 0.03802 0.83376 -0.05968 0.54757
1403638538.9778294563 0.09170 -0.06388 0.00752 0.03876 0.82908 -0.05892 0.55467
1403638539.0778295994 0.09578 -0.06372 0.01126 0.04023 0.82350 -0.06036 0.56267
1403638539.1778295040 0.10358 -0.06374 0.01894 0.03938 0.81825 -0.06073 0.57029
1403638539.2778294086 0.11241 -0.06382 0.03437 0.03905 0.81458 -0.05990 0.57563
1403638539.3778295517 0.12080 -0.06397 0.05754 0.03852 0.81553 -0.05931 0.57438
1403638539.4778294563 0.12999 -0.06489 0.08697 0.03803 0.81759 -0.05823 0.57159
1403638539.5778295994 0.13999 -0.06638 0.11912 0.03762 0.81858 -0.05685 0.57034
1403638539.6778295040 0.15083 -0.06780 0.14623 0.03590 0.81920 -0.05639 0.56960
1403638539.7778294086 0.16060 -0.06844 0.16251 0.03623 0.82047 -0.05455 0.56792
1403638539.8778295517 0.17217 -0.06866 0.17158 0.03527 0.82304 -0.05393 0.56431
1403638539.9778294563 0.18737 -0.06822 0.17903 0.03348 0.82763 -0.05361 0.55770
1403638540.0778295994 0.20806 -0.06868 0.18536 0.03323 0.83357 -0.05346 0.54881
1403638540.1778295040 0.23232 -0.06978 0.19245 0.03287 0.83754 -0.05316 0.54279
1403638540.2778294086 0.26648 -0.07057 0.20698 0.03335 0.83339 -0.05181 0.54924
1403638540.3778295517 0.30407 -0.07160 0.21476 0.03403 0.82733 -0.04975 0.55847
1403638540.4778294563 0.34595 -0.07180 0.22196 0.03078 0.82507 -0.04371 0.56250
1403638540.5778295994 0.39242 -0.07092 0.22764 0.02349 0.82535 -0.03222 0.56321
1403638540.6778295040 0.44211 -0.06994 0.23315 0.01507 0.82555 -0.01501 0.56392
1403638540.7778294086 0.49302 -0.06656 0.23767 0.00708 0.82472 0.00902 0.56542
1403638540.8778295517 0.54570 -0.06028 0.24088 -0.00331 0.82404 0.03706 0.56531
1403638540.9778294563 0.59785 -0.04883 0.24250 -0.01712 0.82246 0.06339 0.56502
1403638541.0778295994 0.64991 -0.03358 0.24187 -0.03098 0.82022 0.08292 0.56516
1403638541.1778295040 0.70299 -0.01507 0.23625 -0.04085 0.81839 0.09628 0.56507
1403638541.2778294086 0.75864 0.00808 0.22834 -0.04601 0.81755 0.10512 0.56431
1403638541.3778295517 0.81597 0.03611 0.22833 -0.04905 0.81733 0.10878 0.56367
1403638541.4778294563 0.86927 0.06877 0.23416 -0.05035 0.81711 0.10911 0.56382
1403638541.5778295994 0.92190 0.10723 0.24629 -0.04976 0.81566 0.10975 0.56584
1403638541.6778295040 0.97728 0.15307 0.26694 -0.05406 0.81395 0.11283 0.56731
1403638541.7778294086 1.03035 0.20344 0.29273 -0.06409 0.81256 0.11847 0.56710
1403638541.8778295517 1.08116 0.25888 0.32654 -0.07607 0.81111 0.12744 0.56574
1403638541.9778294563 1.13050 0.31663 0.35720 -0.08785 0.80996 0.14178 0.56227
1403638542.0778295994 1.17671 0.37517 0.38142 -0.10180 0.80774 0.15881 0.55854
1403638542.1778295040 1.22335 0.43563 0.39984 -0.11710 0.80379 0.17866 0.55523
1403638542.2778294086 1.26675 0.49648 0.41161 -0.13187 0.79969 0.20190 0.54985
1403638542.3778295517 1.31263 0.55932 0.42054 -0.14550 0.79186 0.22362 0.54935
1403638542.4778294563 1.35883 0.62321 0.42764 -0.15173 0.77813 0.24384 0.55860
1403638542.5778295994 1.40230 0.68829 0.43171 -0.14801 0.76589 0.26231 0.56807
1403638542.6778295040 1.44024 0.75754 0.43765 -0.14885 0.76227 0.27176 0.56828
1403638542.7778294086 1.46985 0.83054 0.45019 -0.15816 0.76617 0.27089 0.56087
1403638542.8778295517 1.49317 0.90737 0.47001 -0.16527 0.77135 0.26803 0.55305
1403638542.9778294563 1.51230 0.98631 0.49715 -0.16974 0.77580 0.26512 0.54684
1403638543.0778295994 1.52794 1.06540 0.52648 -0.17277 0.77926 0.26223 0.54234
1403638543.1778295040 1.54238 1.14511 0.55040 -0.17323 0.78040 0.25994 0.54167
1403638543.2778294086 1.55573 1.22408 0.57033 -0.17371 0.78065 0.25772 0.54220
1403638543.3778295517 1.57003 1.30561 0.58270 -0.17332 0.78175 0.25690 0.54113
1403638543.4778294563 1.58473 1.38844 0.59173 -0.17574 0.78067 0.26144 0.53974
1403638543.5778295994 1.59657 1.46980 0.60003 -0.18111 0.77759 0.27264 0.53687
1403638543.6778295040 1.61004 1.55559 0.60410 -0.18818 0.77181 0.29034 0.53347
1403638543.7778294086 1.62019 1.64081 0.61000 -0.19849 0.76363 0.31164 0.52948
1403638543.8778295517 1.63177 1.73064 0.62403 -0.21015 0.75344 0.33406 0.52590
1403638543.9778294563 1.64259 1.82121 0.64431 -0.22424 0.74479 0.35234 0.52044
1403638544.0778295994 1.65296 1.91115 0.66827 -0.23918 0.74069 0.36363 0.51180
1403638544.1778295040 1.66484 2.00124 0.69149 -0.24964 0.73751 0.37019 0.50667
1403638544.2778294086 1.67823 2.09272 0.70811 -0.25653 0.73489 0.37363 0.50450
1403638544.3778295517 1.69294 2.18531 0.71857 -0.25810 0.73428 0.37622 0.50266
1403638544.4778294563 1.71006 2.27816 0.72658 -0.25719 0.73493 0.37733 0.50134
1403638544.5778295994 1.72764 2.37280 0.73301 -0.25900 0.73237 0.37644 0.50482
1403638544.6778295040 1.74672 2.46798 0.74723 -0.26403 0.72599 0.37571 0.51193
1403638544.7778294086 1.76393 2.56008 0.76318 -0.26524 0.72525 0.37665 0.51166
1403638544.8778295517 1.78124 2.64707 0.77849 -0.26326 0.72857 0.37899 0.50621
1403638544.9778294563 1.79887 2.73729 0.78753 -0.26333 0.72951 0.37966 0.50431
1403638545.0778295994 1.81676 2.82669 0.79101 -0.26475 0.72837 0.37955 0.50530
1403638545.1778295040 1.83197 2.90672 0.78908 -0.26447 0.72803 0.38063 0.50513
1403638545.2778294086 1.85032 2.99573 0.78059 -0.26367 0.72751 0.38223 0.50508
1403638545.3778295517 1.86895 3.08447 0.76826 -0.26541 0.72493 0.38131 0.50856
1403638545.4778294563 1.88398 3.16648 0.75353 -0.26747 0.72488 0.38221 0.50687
1403638545.5778295994 1.90016 3.25575 0.74049 -0.27162 0.72266 0.38884 0.50278
1403638545.6778295040 1.91447 3.34118 0.73594 -0.28040 0.71704 0.40028 0.49699
1403638545.7778294086 1.92866 3.42556 0.73813 -0.28926 0.70919 0.41675 0.48959
1403638545.8778295517 1.94451 3.51821 0.74708 -0.30020 0.69844 0.43621 0.48143
1403638545.9778294563 1.96079 3.60992 0.76263 -0.31005 0.68587 0.45813 0.47284
1403638546.0778295994 1.97716 3.70017 0.78100 -0.31654 0.67379 0.47703 0.46717
1403638546.1778295040 1.99551 3.79605 0.79383 -0.32421 0.66505 0.48931 0.46171
1403638546.2778294086 2.01168 3.89061 0.79963 -0.32921 0.66029 0.49690 0.45687
1403638546.3778295517 2.02718 3.98698 0.80045 -0.33550 0.65875 0.49909 0.45211
1403638546.4778294563 2.04073 4.08123 0.79556 -0.33820 0.65842 0.50036 0.44916
1403638546.5778295994 2.05386 4.17737 0.79043 -0.33919 0.65641 0.50354 0.44780
1403638546.6778295040 2.06574 4.27461 0.79091 -0.34274 0.65158 0.50939 0.44552
1403638546.7778294086 2.07574 4.37101 0.80127 -0.34515 0.64705 0.51501 0.44381
1403638546.8778295517 2.08581 4.47362 0.82019 -0.34572 0.64348 0.51984 0.44292
1403638546.9778294563 2.09483 4.57887 0.83690 -0.34435 0.64025 0.52417 0.44356
1403638547.0778295994 2.10285 4.68491 0.84786 -0.34237 0.63775 0.52749 0.44476
1403638547.1778295040 2.10618 4.79080 0.84940 -0.33932 0.63577 0.53066 0.44616
1403638547.2778294086 2.10684 4.89842 0.85011 -0.33742 0.63438 0.53217 0.44779
1403638547.3778295517 2.10031 5.00531 0.84301 -0.34040 0.63594 0.52983 0.44608
1403638547.4778294563 2.09301 5.11578 0.83709 -0.34504 0.63907 0.52614 0.44240
1403638547.5778295994 2.08352 5.22790 0.82601 -0.34813 0.64252 0.52276 0.43897
1403638547.6778295040 2.06999 5.33930 0.80648 -0.34862 0.64382 0.52105 0.43871
1403638547.7778294086 2.05742 5.45267 0.78643 -0.34657 0.64319 0.52163 0.44056
1403638547.8778295517 2.04043 5.56582 0.75933 -0.34299 0.64038 0.52364 0.44506
1403638547.9778294563 2.02334 5.68277 0.73660 -0.34320 0.64022 0.52404 0.44464
1403638548.0778295994 2.00278 5.80889 0.71899 -0.34583 0.63986 0.52626 0.44050
1403638548.1778295040 1.98258 5.93698 0.71330 -0.35032 0.63603 0.53174 0.43589
1403638548.2778294086 1.95885 6.07011 0.71471 -0.35693 0.62963 0.54022 0.42934
1403638548.3778295517 1.93351 6.20418 0.72521 -0.36463 0.62016 0.55164 0.42206
1403638548.4778294563 1.90770 6.34179 0.74266 -0.37278 0.61054 0.56226 0.41491
1403638548.5778295994 1.88119 6.47162 0.75985 -0.37938 0.60256 0.57013 0.40981
1403638548.6778295040 1.85562 6.60596 0.77274 -0.38426 0.59703 0.57557 0.40574
1403638548.7778294086 1.82988 6.73700 0.78338 -0.38712 0.59307 0.57960 0.40307
1403638548.8778295517 1.80386 6.86931 0.79918 -0.38847 0.59090 0.58229 0.40108
1403638548.9778294563 1.77681 7.00648 0.82241 -0.38988 0.58983 0.58325 0.39989
1403638549.0778295994 1.74896 7.14042 0.84852 -0.39041 0.58955 0.58371 0.39913
1403638549.1778295040 1.72163 7.26846 0.88220 -0.39167 0.58945 0.58282 0.39934
1403638549.2778294086 1.69368 7.40078 0.92023 -0.39239 0.59031 0.58188 0.39872
1403638549.3778295517 1.66643 7.53338 0.96350 -0.39468 0.59180 0.57957 0.39760
1403638549.4778294563 1.63900 7.66806 1.00279 -0.39652 0.59324 0.57748 0.39667
1403638549.5778295994 1.61306 7.80129 1.03755 -0.39796 0.59329 0.57582 0.39758
1403638549.6778295040 1.58781 7.94044 1.06646 -0.39928 0.59279 0.57432 0.39915
1403638549.7778294086 1.56575 8.06928 1.09571 -0.39778 0.59295 0.57491 0.39959
1403638549.8778295517 1.54319 8.20813 1.13109 -0.39677 0.59446 0.57510 0.39807
1403638549.9778294563 1.52138 8.34139 1.17444 -0.39647 0.59534 0.57517 0.39694
1403638550.0778295994 1.50059 8.48307 1.22614 -0.39673 0.59569 0.57492 0.39651
1403638550.1778295040 1.48203 8.62506 1.28484 -0.39751 0.59620 0.57480 0.39515
1403638550.2778294086 1.46505 8.77150 1.35085 -0.39700 0.59574 0.57568 0.39506
1403638550.3778295517 1.44871 8.91924 1.41855 -0.39705 0.59480 0.57605 0.39589
1403638550.4778294563 1.43471 9.06787 1.48074 -0.39977 0.59536 0.57454 0.39451
1403638550.5778295994 1.42311 9.21890 1.53236 -0.40363 0.59608 0.57214 0.39298
1403638550.6778295040 1.41494 9.36707 1.57878 -0.40854 0.59452 0.56870 0.39525
1403638550.7778294086 1.41063 9.50969 1.62093 -0.41154 0.59379 0.56648 0.39641
1403638550.8778295517 1.41059 9.65502 1.66053 -0.41748 0.59006 0.56220 0.40182
1403638550.9778294563 1.41274 9.78860 1.69336 -0.42320 0.58590 0.55771 0.40815
1403638551.0778295994 1.41652 9.92319 1.72527 -0.42684 0.58346 0.55481 0.41179
1403638551.1778295040 1.42323 10.04803 1.75614 -0.43123 0.58392 0.55201 0.41032
1403638551.2778294086 1.43511 10.17114 1.79318 -0.43185 0.58570 0.55091 0.40862
1403638551.3778295517 1.45342 10.27938 1.83538 -0.42715 0.59337 0.54793 0.40647
1403638551.4778294563 1.47793 10.39194 1.87410 -0.41966 0.60603 0.53871 0.40794
1403638551.5778295994 1.51004 10.49082 1.90686 -0.41352 0.62117 0.52249 0.41249
1403638551.6778295040 1.54848 10.59902 1.93532 -0.40663 0.63828 0.50412 0.41607
1403638551.7778294086 1.59625 10.70156 1.95833 -0.39742 0.65253 0.48571 0.42468
1403638551.8778295517 1.65227 10.79762 1.97726 -0.38730 0.66320 0.47019 0.43483
1403638551.9778294563 1.71583 10.88635 1.99977 -0.37541 0.66664 0.46252 0.44804
1403638552.0778295994 1.78501 10.96675 2.03013 -0.36586 0.66820 0.45751 0.45863
1403638552.1778295040 1.85778 11.03930 2.06550 -0.35999 0.67310 0.45443 0.45917
1403638552.2778294086 1.93193 11.09898 2.10450 -0.35582 0.67708 0.45341 0.45758
1403638552.3778295517 2.00892 11.15276 2.14257 -0.35779 0.67813 0.45052 0.45734
1403638552.4778294563 2.09183 11.20658 2.17567 -0.36505 0.67449 0.44502 0.46234
1403638552.5778295994 2.17906 11.24961 2.20472 -0.37063 0.67076 0.44160 0.46659
1403638552.6778295040 2.26754 11.28083 2.22640 -0.37128 0.66842 0.44284 0.46825
1403638552.7778294086 2.35978 11.30333 2.24159 -0.37073 0.66772 0.44512 0.46753
1403638552.8778295517 2.45602 11.32372 2.25163 -0.36861 0.66632 0.44909 0.46741
1403638552.9778294563 2.55206 11.32832 2.25713 -0.36431 0.66390 0.45515 0.46835
1403638553.0778295994 2.65275 11.33663 2.25768 -0.36064 0.66163 0.46056 0.46911
1403638553.1778295040 2.74823 11.33074 2.25549 -0.36608 0.65773 0.45924 0.47166
1403638553.2778294086 2.84938 11.32731 2.25474 -0.37335 0.65203 0.45601 0.47699
1403638553.3778295517 2.94623 11.30799 2.25835 -0.37499 0.64679 0.45686 0.48201
1403638553.4778294563 3.04208 11.27959 2.26734 -0.37145 0.64132 0.46042 0.48862
1403638553.5778295994 3.13924 11.24275 2.28324 -0.36839 0.63701 0.46345 0.49368
1403638553.6778295040 3.23461 11.19359 2.30292 -0.36617 0.63605 0.46580 0.49435
1403638553.7778294086 3.32292 11.13257 2.33087 -0.36428 0.63656 0.46771 0.49330
1403638553.8778295517 3.40342 11.06144 2.36354 -0.36201 0.63837 0.46921 0.49120
1403638553.9778294563 3.48787 10.98871 2.40083 -0.36128 0.64145 0.46968 0.48726
1403638554.0778295994 3.55906 10.90262 2.42847 -0.35975 0.64472 0.47061 0.48316
1403638554.1778295040 3.64316 10.82286 2.45820 -0.35491 0.64763 0.47438 0.47915
1403638554.2778294086 3.71286 10.73036 2.47416 -0.34703 0.65342 0.48025 0.47114
1403638554.3778295517 3.79087 10.64611 2.49287 -0.34116 0.65665 0.48490 0.46615
1403638554.4778294563 3.86280 10.56137 2.50752 -0.33854 0.65804 0.48714 0.46375
1403638554.5778295994 3.93032 10.47670 2.51762 -0.33969 0.65890 0.48686 0.46198
1403638554.6778295040 3.99305 10.38883 2.52510 -0.34561 0.66112 0.48309 0.45837
1403638554.7778294086 4.05608 10.30652 2.54140 -0.35051 0.66182 0.47984 0.45705
1403638554.8778295517 4.11929 10.22138 2.55987 -0.35360 0.66195 0.47789 0.45652
1403638554.9778294563 4.18443 10.13687 2.57965 -0.35617 0.66265 0.47472 0.45682
1403638555.0778295994 4.25273 10.05811 2.59579 -0.35252 0.66592 0.47044 0.45931
1403638555.1778295040 4.32011 9.97065 2.60211 -0.34589 0.67201 0.46382 0.46220
1403638555.2778294086 4.39161 9.89189 2.60887 -0.33975 0.67833 0.45582 0.46548
1403638555.3778295517 4.46648 9.80681 2.61029 -0.33271 0.68155 0.45117 0.47036
1403638555.4778294563 4.54074 9.71986 2.60705 -0.32696 0.68367 0.44812 0.47422
1403638555.5778295994 4.61419 9.63323 2.60201 -0.32463 0.68502 0.44546 0.47637
1403638555.6778295040 4.68703 9.54645 2.60240 -0.32401 0.68677 0.44378 0.47583
1403638555.7778294086 4.75946 9.45680 2.61182 -0.32307 0.68795 0.44395 0.47461
1403638555.8778295517 4.83050 9.36676 2.62861 -0.32239 0.68796 0.44494 0.47414
1403638555.9778294563 4.90220 9.28163 2.65166 -0.32110 0.68668 0.44657 0.47533
1403638556.0778295994 4.97507 9.19752 2.67828 -0.31957 0.68679 0.44793 0.47493
1403638556.1778295040 5.04794 9.11812 2.70094 -0.31858 0.69118 0.44845 0.46869
1403638556.2778294086 5.12173 9.03982 2.71708 -0.31708 0.69445 0.44951 0.46383
1403638556.3778295517 5.19626 8.96998 2.72946 -0.31577 0.69664 0.45024 0.46072
1403638556.4778294563 5.27401 8.89760 2.73955 -0.31337 0.69971 0.45157 0.45639
1403638556.5778295994 5.35197 8.83993 2.75055 -0.31280 0.70274 0.45114 0.45253
1403638556.6778295040 5.43278 8.78719 2.76264 -0.32021 0.70535 0.44500 0.44935
1403638556.7778294086 5.51848 8.73031 2.78268 -0.32682 0.70220 0.44025 0.45419
1403638556.8778295517 5.60573 8.68377 2.80966 -0.33255 0.70080 0.43589 0.45640
1403638556.9778294563 5.69777 8.63951 2.83988 -0.33594 0.69942 0.43323 0.45855
1403638557.0778295994 5.79653 8.59460 2.86380 -0.33458 0.69799 0.43464 0.46038
1403638557.1778295040 5.90066 8.54868 2.88048 -0.33305 0.69642 0.43622 0.46238
1403638557.2778294086 6.00759 8.50166 2.89093 -0.33204 0.69535 0.43732 0.46367
1403638557.3778295517 6.12053 8.45331 2.89699 -0.32966 0.69411 0.43951 0.46514
1403638557.4778294563 6.23485 8.40644 2.90523 -0.32427 0.69108 0.44398 0.46919
1403638557.5778295994 6.34908 8.35973 2.91931 -0.31985 0.68866 0.44717 0.47273
1403638557.6778295040 6.46274 8.31442 2.93799 -0.31737 0.68748 0.44912 0.47428
1403638557.7778294086 6.57493 8.26964 2.95967 -0.31739 0.68716 0.44882 0.47501
1403638557.8778295517 6.68900 8.22281 2.97637 -0.31459 0.68707 0.45029 0.47561
1403638557.9778294563 6.79660 8.17894 2.98699 -0.31176 0.68832 0.45190 0.47414
1403638558.0778295994 6.90293 8.13646 2.99185 -0.31069 0.69208 0.45265 0.46862
1403638558.1778295040 7.01144 8.09540 2.99411 -0.30774 0.69786 0.45420 0.46042
1403638558.2778294086 7.12169 8.05912 3.00194 -0.30416 0.70197 0.45594 0.45480
1403638558.3778295517 7.23079 8.03177 3.01974 -0.29937 0.70331 0.45867 0.45316
1403638558.4778294563 7.34097 8.01036 3.04539 -0.29297 0.70697 0.46232 0.44792
1403638558.5778295994 7.45257 7.99861 3.07842 -0.29415 0.70955 0.46101 0.44440
1403638558.6778295040 7.56865 7.99659 3.11758 -0.30243 0.71032 0.45451 0.44429
1403638558.7778294086 7.68385 8.00314 3.15622 -0.31021 0.71005 0.44836 0.44561
1403638558.8778295517 7.80368 8.01441 3.18669 -0.31281 0.70884 0.44615 0.44793
1403638558.9778294563 7.92680 8.03002 3.20992 -0.31467 0.70410 0.44488 0.45532
1403638559.0778295994 8.05386 8.04803 3.22529 -0.31537 0.69966 0.44470 0.46181
1403638559.1778295040 8.17987 8.06958 3.23345 -0.31571 0.69627 0.44507 0.46631
1403638559.2778294086 8.30643 8.09258 3.23519 -0.31368 0.69344 0.44740 0.46965
1403638559.3778295517 8.43363 8.11598 3.23079 -0.31009 0.69114 0.45066 0.47231
1403638559.4778294563 8.55287 8.14071 3.22150 -0.30798 0.68883 0.45281 0.47501
1403638559.5778295994 8.67216 8.16636 3.20780 -0.30694 0.68666 0.45432 0.47737
1403638559.6778295040 8.78865 8.19446 3.19110 -0.30757 0.68562 0.45449 0.47829
1403638559.7778294086 8.90014 8.22307 3.17752 -0.30791 0.68477 0.45518 0.47864
1403638559.8778295517 9.00977 8.25535 3.16961 -0.30922 0.68555 0.45443 0.47738
1403638559.9778294563 9.11633 8.28813 3.16243 -0.30807 0.68913 0.44851 0.47858
1403638560.0778295994 9.22286 8.32255 3.15008 -0.30266 0.69706 0.43568 0.48238
1403638560.1778295040 9.32740 8.35606 3.13053 -0.29290 0.70684 0.41764 0.49007
1403638560.2778294086 9.43177 8.39047 3.10568 -0.28057 0.71769 0.39650 0.49899
1403638560.3778295517 9.53593 8.42412 3.07877 -0.26937 0.72556 0.37228 0.51226
1403638560.4778294563 9.63650 8.45571 3.04831 -0.25668 0.73363 0.34718 0.52475
1403638560.5778295994 9.73322 8.48296 3.01314 -0.24540 0.74290 0.32036 0.53409
1403638560.6778295040 9.82624 8.50597 2.97404 -0.23573 0.75345 0.29242 0.53967
1403638560.7778294086 9.91549 8.52218 2.93835 -0.22852 0.76227 0.26686 0.54361
1403638560.8778295517 10.00136 8.52996 2.91087 -0.21777 0.76876 0.24403 0.54957
1403638560.9778294563 10.08661 8.53065 2.89135 -0.20550 0.77307 0.22308 0.55710
1403638561.0778295994 10.17050 8.52358 2.87988 -0.19324 0.77565 0.20317 0.56547
1403638561.1778295040 10.24976 8.50751 2.87497 -0.18232 0.77703 0.18547 0.57322
1403638561.2778294086 10.32331 8.48380 2.87719 -0.17545 0.77730 0.17206 0.57915
1403638561.3778295517 10.38979 8.45227 2.88206 -0.16639 0.78188 0.16728 0.57705
1403638561.4778294563 10.45292 8.41442 2.88283 -0.15286 0.78769 0.17091 0.57181
1403638561.5778295994 10.51345 8.37303 2.87813 -0.14327 0.79110 0.17566 0.56814
1403638561.6778295040 10.57113 8.33048 2.86884 -0.13949 0.79271 0.17854 0.56592
1403638561.7778294086 10.62499 8.28688 2.85416 -0.13864 0.79285 0.18087 0.56520
1403638561.8778295517 10.67641 8.24156 2.83227 -0.13621 0.79219 0.18158 0.56649
1403638561.9778294563 10.72783 8.19470 2.80734 -0.13112 0.79316 0.17727 0.56769
1403638562.0778295994 10.77466 8.14724 2.78353 -0.12385 0.79493 0.16863 0.56948
1403638562.1778295040 10.81708 8.09776 2.76759 -0.11633 0.79679 0.15897 0.57124
1403638562.2778294086 10.85720 8.05057 2.75632 -0.10993 0.79783 0.15080 0.57327
1403638562.3778295517 10.89435 8.00275 2.75156 -0.10400 0.79876 0.13896 0.57607
1403638562.4778294563 10.92765 7.95353 2.75097 -0.09619 0.80113 0.12304 0.57775
1403638562.5778295994 10.95915 7.90441 2.75754 -0.08672 0.80349 0.10306 0.57988
1403638562.6778295040 10.98749 7.85465 2.76879 -0.07807 0.80636 0.07899 0.58090
1403638562.7778294086 11.01394 7.80271 2.78126 -0.06934 0.80802 0.05284 0.58267
1403638562.8778295517 11.03660 7.74693 2.78954 -0.05595 0.80928 0.02833 0.58407
1403638562.9778294563 11.05534 7.68778 2.79162 -0.04158 0.81006 0.00579 0.58484
1403638563.0778295994 11.06981 7.62597 2.78850 -0.03268 0.81000 -0.01818 0.58524
1403638563.1778295040 11.07762 7.56006 2.78133 -0.02091 0.80989 -0.03775 0.58500
1403638563.2778294086 11.08120 7.48993 2.77026 -0.00953 0.80682 -0.05140 0.58848
1403638563.3778295517 11.07817 7.41605 2.75455 -0.00306 0.79910 -0.06096 0.59809
1403638563.4778294563 11.06791 7.33887 2.73308 -0.00182 0.79306 -0.06786 0.60534
1403638563.5778295994 11.05082 7.25644 2.71129 0.00379 0.79366 -0.06753 0.60459
1403638563.6778295040 11.02707 7.16912 2.69551 0.00401 0.79720 -0.06761 0.59991
1403638563.7778294086 10.99776 7.07615 2.68669 0.00103 0.79949 -0.06796 0.59682
1403638563.8778295517 10.96345 6.97892 2.68615 -0.00205 0.79915 -0.06707 0.59737
1403638563.9778294563 10.92469 6.87519 2.69188 -0.00558 0.79815 -0.06539 0.59888
1403638564.0778295994 10.87783 6.76816 2.69508 -0.01001 0.79884 -0.06314 0.59813
1403638564.1778295040 10.82549 6.65520 2.69315 -0.01175 0.79882 -0.05844 0.59861
1403638564.2778294086 10.77092 6.53399 2.68919 -0.01099 0.79728 -0.05288 0.60119
1403638564.3778295517 10.70719 6.41218 2.69058 -0.01110 0.79592 -0.04777 0.60342
1403638564.4778294563 10.64003 6.28344 2.69903 -0.01048 0.79470 -0.04343 0.60535
1403638564.5778295994 10.56102 6.15524 2.71148 -0.01321 0.79650 -0.04292 0.60296
1403638564.6778295040 10.47822 6.02322 2.72371 -0.01828 0.79827 -0.04580 0.60028
1403638564.7778294086 10.38525 5.88805 2.72863 -0.02200 0.79888 -0.04885 0.59910
1403638564.8778295517 10.29208 5.74653 2.72810 -0.02412 0.79844 -0.05138 0.59940
1403638564.9778294563 10.19144 5.59699 2.70641 -0.02598 0.79794 -0.05304 0.59984
1403638565.0778295994 10.08814 5.44256 2.67202 -0.02717 0.79835 -0.05382 0.59917
1403638565.1778295040 9.98106 5.28226 2.62220 -0.02764 0.79914 -0.05406 0.59808
1403638565.2778294086 9.87021 5.11600 2.56615 -0.02600 0.80013 -0.05328 0.59690
1403638565.3778295517 9.75614 4.94522 2.50724 -0.02322 0.80116 -0.05204 0.59573
1403638565.4778294563 9.63894 4.76987 2.44784 -0.02021 0.80049 -0.05110 0.59682
1403638565.5778295994 9.51920 4.59031 2.39469 -0.01359 0.79835 -0.04883 0.60005
1403638565.6778295040 9.39551 4.40987 2.35043 -0.00175 0.79804 -0.04286 0.60108
1403638565.7778294086 9.26897 4.22927 2.31180 0.00734 0.80071 -0.03849 0.59777
1403638565.8778295517 9.13524 4.05038 2.28090 0.01460 0.80285 -0.03518 0.59497
1403638565.9778294563 8.99737 3.87437 2.25349 0.01707 0.80464 -0.03573 0.59244
1403638566.0778295994 8.85810 3.70301 2.22028 0.01864 0.80563 -0.03612 0.59102
1403638566.1778295040 8.71765 3.53504 2.17815 0.01660 0.80580 -0.03754 0.59076
1403638566.2778294086 8.57545 3.37007 2.12737 0.01719 0.80540 -0.03670 0.59135
1403638566.3778295517 8.43411 3.20817 2.06815 0.01742 0.80638 -0.03562 0.59007
1403638566.4778294563 8.29369 3.04957 2.00295 0.01405 0.80662 -0.03632 0.58978
1403638566.5778295994 8.15403 2.89446 1.93148 0.01334 0.80975 -0.03451 0.58560
1403638566.6778295040 8.01515 2.74398 1.85275 0.01260 0.81902 -0.03265 0.57269
1403638566.7778294086 7.88122 2.59736 1.76895 0.01194 0.83066 -0.03081 0.55580
1403638566.8778295517 7.75509 2.45392 1.68231 0.01035 0.83865 -0.02953 0.54377
1403638566.9778294563 7.63725 2.31282 1.59361 0.01036 0.84254 -0.02662 0.53787
1403638567.0778295994 7.52785 2.17606 1.50702 0.01005 0.83443 -0.02513 0.55046
1403638567.1778295040 7.42600 2.04157 1.41782 0.01192 0.82207 -0.02301 0.56879
1403638567.2778294086 7.32543 1.90831 1.32375 0.01486 0.81338 -0.02116 0.58116
1403638567.3778295517 7.22414 1.77939 1.22479 0.01769 0.81143 -0.02049 0.58382
1403638567.4778294563 7.12053 1.65367 1.12975 0.01953 0.81220 -0.02130 0.58266
1403638567.5778295994 7.01809 1.53369 1.04223 0.02092 0.81572 -0.02298 0.57761
1403638567.6778295040 6.91403 1.41435 0.96464 0.02422 0.81898 -0.02339 0.57284
1403638567.7778294086 6.81140 1.29907 0.89577 0.02621 0.82222 -0.02385 0.56807
1403638567.8778295517 6.71373 1.18901 0.83611 0.02541 0.82562 -0.02602 0.56306
1403638567.9778294563 6.62367 1.08403 0.78290 0.02537 0.82654 -0.02698 0.56165
1403638568.0778295994 6.53909 0.98369 0.73817 0.02838 0.82636 -0.02518 0.56187
1403638568.1778295040 6.45854 0.88829 0.70272 0.03042 0.82561 -0.02388 0.56291
1403638568.2778294086 6.38149 0.79850 0.67446 0.03142 0.82547 -0.02415 0.56306
1403638568.3778295517 6.30871 0.71318 0.64655 0.03150 0.82593 -0.02449 0.56236
1403638568.4778294563 6.23961 0.63420 0.61127 0.03204 0.82676 -0.02444 0.56111
1403638568.5778295994 6.17444 0.55780 0.57545 0.03294 0.82811 -0.02379 0.55908
1403638568.6778295040 6.11383 0.48760 0.53440 0.03431 0.82987 -0.02243 0.55645
1403638568.7778294086 6.05747 0.42224 0.49891 0.03395 0.83117 -0.02247 0.55452
1403638568.8778295517 6.00583 0.36453 0.47268 0.03201 0.83052 -0.02415 0.55554
1403638568.9778294563 5.96061 0.31078 0.45088 0.03395 0.82996 -0.02247 0.55634
1403638569.0778295994 5.91803 0.26154 0.44075 0.03547 0.82970 -0.02146 0.55666
1403638569.1778295040 5.88001 0.21635 0.43326 0.03607 0.83048 -0.02143 0.55546
1403638569.2778294086 5.84239 0.17621 0.42912 0.03816 0.83167 -0.02042 0.55358
1403638569.3778295517 5.81350 0.14168 0.41755 0.03903 0.83157 -0.02018 0.55367
1403638569.4778294563 5.78645 0.10918 0.40210 0.03950 0.83012 -0.01974 0.55584
1403638569.5778295994 5.76855 0.08610 0.38318 0.04021 0.82884 -0.01940 0.55770
1403638569.6778295040 5.75492 0.06855 0.36982 0.03930 0.82772 -0.02035 0.55940
1403638569.7778294086 5.74443 0.05664 0.36285 0.04023 0.82688 -0.01972 0.56058
1403638569.8778295517 5.73662 0.04862 0.36170 0.04120 0.82563 -0.01865 0.56239
1403638569.9778294563 5.73310 0.04744 0.36498 0.03993 0.82412 -0.01949 0.56466
1403638570.0778295994 5.73300 0.05208 0.36590 0.03760 0.82355 -0.02102 0.56560
1403638570.1778295040 5.73504 0.06075 0.36091 0.03263 0.82373 -0.02381 0.56553
1403638570.2778294086 5.73852 0.07195 0.35006 0.02504 0.82324 -0.02845 0.56643
1403638570.3778295517 5.74358 0.08443 0.33472 0.01872 0.82300 -0.03579 0.56661
1403638570.4778294563 5.74939 0.09517 0.31397 0.01446 0.82253 -0.05139 0.56621
1403638570.5778295994 5.75371 0.10183 0.28667 0.00747 0.81993 -0.07843 0.56702
1403638570.6778295040 5.75764 0.10125 0.25587 0.00834 0.81478 -0.10770 0.56961
1403638570.7778294086 5.76068 0.09091 0.22216 0.01563 0.80372 -0.13535 0.57920
1403638570.8778295517 5.75864 0.06996 0.18629 0.02826 0.79204 -0.15987 0.58848
1403638570.9778294563 5.74943 0.03833 0.14689 0.04377 0.78387 -0.18127 0.59226
1403638571.0778295994 5.73216 -0.00345 0.10305 0.06071 0.78109 -0.20039 0.58827
1403638571.1778295040 5.70517 -0.05347 0.06127 0.08226 0.78365 -0.21280 0.57780
1403638571.2778294086 5.67140 -0.11134 0.02889 0.10241 0.78485 -0.21918 0.57051
1403638571.3778295517 5.63054 -0.17320 0.00693 0.11506 0.78413 -0.22455 0.56699
1403638571.4778294563 5.58468 -0.23840 -0.00530 0.12101 0.78126 -0.22928 0.56782
1403638571.5778295994 5.53375 -0.30661 -0.01386 0.12790 0.77882 -0.23345 0.56796
1403638571.6778295040 5.47922 -0.37746 -0.02647 0.13411 0.77846 -0.24278 0.56309
1403638571.7778294086 5.42168 -0.45167 -0.04433 0.14221 0.77784 -0.25616 0.55599
1403638571.8778295517 5.36207 -0.52937 -0.06654 0.14955 0.77479 -0.27380 0.54987
1403638571.9778294563 5.29971 -0.61116 -0.08534 0.15729 0.76867 -0.29372 0.54601
1403638572.0778295994 5.23433 -0.69661 -0.09637 0.16647 0.76168 -0.31284 0.54246
1403638572.1778295040 5.16487 -0.78565 -0.09837 0.18227 0.75478 -0.32793 0.53809
1403638572.2778294086 5.09243 -0.87670 -0.09556 0.19650 0.75038 -0.34448 0.52881
1403638572.3778295517 5.01918 -0.97108 -0.09484 0.20975 0.74543 -0.36278 0.51839
1403638572.4778294563 4.94546 -1.06937 -0.09714 0.22380 0.74137 -0.37583 0.50896
1403638572.5778295994 4.87367 -1.17056 -0.10051 0.23477 0.73749 -0.38445 0.50318
1403638572.6778295040 4.80332 -1.27575 -0.10287 0.24064 0.73567 -0.38981 0.49893
1403638572.7778294086 4.73617 -1.38490 -0.09702 0.24846 0.73704 -0.38955 0.49325
1403638572.8778295517 4.67268 -1.49776 -0.08327 0.25204 0.73946 -0.38881 0.48837
1403638572.9778294563 4.61304 -1.61363 -0.06468 0.25260 0.74160 -0.38774 0.48567
1403638573.0778295994 4.55768 -1.73267 -0.05039 0.25184 0.74368 -0.38647 0.48390
1403638573.1778295040 4.50613 -1.85514 -0.04274 0.24996 0.74530 -0.38518 0.48341
1403638573.2778294086 4.46006 -1.97901 -0.03634 0.24828 0.74671 -0.38315 0.48371
1403638573.3778295517 4.41653 -2.10778 -0.02970 0.24739 0.74751 -0.38217 0.48371
1403638573.4778294563 4.38172 -2.23722 -0.01850 0.25049 0.74761 -0.38230 0.48185
1403638573.5778295994 4.35058 -2.37185 -0.00046 0.25214 0.74753 -0.38254 0.48093
1403638573.6778295040 4.32566 -2.50632 0.02486 0.25503 0.74786 -0.38308 0.47844
1403638573.7778294086 4.30666 -2.64160 0.05464 0.26192 0.74422 -0.38651 0.47765
1403638573.8778295517 4.29293 -2.78046 0.08379 0.27546 0.73395 -0.39210 0.48135
1403638573.9778294563 4.28513 -2.91790 0.10750 0.28713 0.71853 -0.40565 0.48653
1403638574.0778295994 4.28037 -3.05166 0.12398 0.29281 0.69827 -0.42726 0.49409
1403638574.1778295040 4.27595 -3.18108 0.13444 0.29875 0.67611 -0.45134 0.49992
1403638574.2778294086 4.26992 -3.30448 0.13948 0.30821 0.65745 -0.47368 0.49839
1403638574.3778295517 4.25517 -3.42785 0.14099 0.32066 0.64418 -0.49359 0.48845
1403638574.4778294563 4.23302 -3.54932 0.13920 0.33415 0.63263 -0.51156 0.47584
1403638574.5778295994 4.20611 -3.66632 0.14102 0.34460 0.62201 -0.52567 0.46692
1403638574.6778295040 4.17514 -3.78204 0.15129 0.35649 0.61567 -0.53271 0.45835
1403638574.7778294086 4.14291 -3.89775 0.16781 0.36733 0.61552 -0.53518 0.44697
1403638574.8778295517 4.11129 -4.00986 0.18781 0.36874 0.61764 -0.53951 0.43758
1403638574.9778294563 4.07890 -4.11948 0.20299 0.36734 0.62010 -0.54268 0.43133
1403638575.0778295994 4.04632 -4.22772 0.21116 0.35971 0.61882 -0.54796 0.43291
1403638575.1778295040 4.01266 -4.33459 0.21332 0.35378 0.61622 -0.55121 0.43735
1403638575.2778294086 3.97662 -4.44442 0.21341 0.35029 0.61497 -0.55203 0.44088
1403638575.3778295517 3.93714 -4.55387 0.20739 0.34712 0.61837 -0.55195 0.43872
1403638575.4778294563 3.89527 -4.66689 0.19877 0.34531 0.62390 -0.55026 0.43443
1403638575.5778295994 3.85062 -4.78121 0.18892 0.34444 0.62895 -0.54765 0.43111
1403638575.6778295040 3.80415 -4.90237 0.18600 0.34795 0.63531 -0.54229 0.42571
1403638575.7778294086 3.75570 -5.03250 0.19158 0.34892 0.64192 -0.53917 0.41892
1403638575.8778295517 3.71083 -5.16239 0.20651 0.34881 0.64618 -0.53698 0.41526
1403638575.9778294563 3.67049 -5.29466 0.23231 0.34826 0.64656 -0.53615 0.41620
1403638576.0778295994 3.63395 -5.42948 0.26510 0.34892 0.64717 -0.53472 0.41654
1403638576.1778295040 3.60042 -5.56993 0.30289 0.34975 0.64558 -0.53427 0.41888
1403638576.2778294086 3.57009 -5.71544 0.33758 0.35381 0.64610 -0.53170 0.41793
1403638576.3778295517 3.54305 -5.86571 0.36582 0.35837 0.64765 -0.52870 0.41545
1403638576.4778294563 3.52176 -6.01758 0.38840 0.36224 0.65025 -0.52615 0.41124
1403638576.5778295994 3.50684 -6.17266 0.40570 0.36685 0.65432 -0.52322 0.40439
1403638576.6778295040 3.49874 -6.33294 0.41881 0.37000 0.65580 -0.52100 0.40198
1403638576.7778294086 3.49948 -6.49608 0.42764 0.37483 0.65343 -0.51733 0.40608
1403638576.8778295517 3.50725 -6.65994 0.43154 0.37743 0.64845 -0.51560 0.41378
1403638576.9778294563 3.52239 -6.82173 0.43050 0.37534 0.64210 -0.51743 0.42320
1403638577.0778295994 3.54324 -6.97960 0.42869 0.37099 0.63835 -0.52085 0.42848
1403638577.1778295040 3.56772 -7.13559 0.43448 0.36811 0.63557 -0.52299 0.43247
1403638577.2778294086 3.59483 -7.29217 0.44647 0.36845 0.63612 -0.52272 0.43169
1403638577.3778295517 3.62447 -7.44839 0.46723 0.37510 0.64034 -0.51774 0.42568
1403638577.4778294563 3.65830 -7.60211 0.49339 0.37947 0.64280 -0.51445 0.42209
1403638577.5778295994 3.69745 -7.75468 0.51584 0.37649 0.64282 -0.51621 0.42257
1403638577.6778295040 3.74139 -7.90237 0.53240 0.37311 0.64179 -0.51831 0.42455
1403638577.7778294086 3.78877 -8.04797 0.54107 0.37036 0.64133 -0.51984 0.42579
1403638577.8778295517 3.84063 -8.19376 0.54491 0.37004 0.64154 -0.51958 0.42608
1403638577.9778294563 3.89574 -8.33441 0.54515 0.37085 0.64206 -0.51816 0.42631
1403638578.0778295994 3.95570 -8.47974 0.55272 0.36974 0.64132 -0.51812 0.42844
1403638578.1778295040 4.01899 -8.61657 0.56563 0.36512 0.63833 -0.52056 0.43387
1403638578.2778294086 4.08377 -8.75601 0.58473 0.35658 0.63351 -0.52613 0.44125
1403638578.3778295517 4.14707 -8.89421 0.60375 0.35451 0.63117 -0.52778 0.44431
1403638578.4778294563 4.20821 -9.03113 0.61655 0.35467 0.63077 -0.52817 0.44427
1403638578.5778295994 4.26715 -9.16545 0.62472 0.35469 0.63021 -0.52885 0.44424
1403638578.6778295040 4.32489 -9.30306 0.62849 0.35715 0.63008 -0.52770 0.44382
1403638578.7778294086 4.37967 -9.43350 0.62973 0.36251 0.63261 -0.52426 0.43994
1403638578.8778295517 4.43655 -9.56716 0.62637 0.36765 0.63538 -0.52062 0.43597
1403638578.9778294563 4.49346 -9.68858 0.62281 0.37016 0.63671 -0.51850 0.43444
1403638579.0778295994 4.55430 -9.81983 0.62776 0.37060 0.63741 -0.51746 0.43427
1403638579.1778295040 4.61699 -9.94338 0.64054 0.37113 0.63749 -0.51656 0.43478
1403638579.2778294086 4.68377 -10.06926 0.65927 0.36892 0.63654 -0.51766 0.43675
1403638579.3778295517 4.75151 -10.18594 0.67856 0.36320 0.63337 -0.52137 0.44170
1403638579.4778294563 4.81989 -10.30839 0.69575 0.35739 0.62917 -0.52530 0.44774
1403638579.5778295994 4.88523 -10.41764 0.70528 0.35612 0.62665 -0.52259 0.45540
1403638579.6778295040 4.95032 -10.53053 0.71046 0.35819 0.62724 -0.51046 0.46658
1403638579.7778294086 5.01388 -10.63947 0.71025 0.35654 0.63770 -0.49145 0.47403
1403638579.8778295517 5.07731 -10.74501 0.70323 0.34587 0.65769 -0.47021 0.47615
1403638579.9778294563 5.14179 -10.84742 0.69107 0.32868 0.67773 -0.44516 0.48423
1403638580.0778295994 5.20443 -10.93928 0.67740 0.31409 0.69219 -0.41065 0.50357
1403638580.1778295040 5.26539 -11.01760 0.66012 0.29407 0.70636 -0.37374 0.52431
1403638580.2778294086 5.32435 -11.08743 0.63777 0.26760 0.72323 -0.33891 0.53895
1403638580.3778295517 5.38002 -11.15072 0.60938 0.23728 0.73936 -0.31261 0.54710
1403638580.4778294563 5.42916 -11.20881 0.57643 0.21111 0.75092 -0.29612 0.55124
1403638580.5778295994 5.47439 -11.26580 0.54228 0.19353 0.75820 -0.28276 0.55473
1403638580.6778295040 5.51624 -11.32123 0.50853 0.17817 0.76827 -0.26813 0.55329
1403638580.7778294086 5.55416 -11.37539 0.48171 0.16778 0.77836 -0.25308 0.54950
1403638580.8778295517 5.58864 -11.42896 0.46368 0.16298 0.78528 -0.24216 0.54602
1403638580.9778294563 5.62449 -11.48250 0.45726 0.15710 0.78676 -0.23867 0.54714
1403638581.0778295994 5.65858 -11.53215 0.46040 0.15594 0.78779 -0.23687 0.54678
1403638581.1778295040 5.69044 -11.58099 0.47054 0.15850 0.78772 -0.23532 0.54680
1403638581.2778294086 5.72028 -11.62697 0.48208 0.16259 0.78780 -0.23504 0.54561
1403638581.3778295517 5.75039 -11.66484 0.50050 0.16604 0.78657 -0.23626 0.54583
1403638581.4778294563 5.77814 -11.70526 0.51435 0.16878 0.78444 -0.23795 0.54731
1403638581.5778295994 5.80236 -11.72667 0.54744 0.17205 0.78385 -0.24007 0.54621
1403638581.6778295040 5.82987 -11.75821 0.56885 0.17720 0.77973 -0.24006 0.55044
1403638581.7778294086 5.85015 -11.76874 0.59566 0.17945 0.77611 -0.24172 0.55410
1403638581.8778295517 5.87524 -11.78759 0.61023 0.18249 0.77302 -0.24177 0.55738
1403638581.9778294563 5.90356 -11.81374 0.61485 0.18636 0.76548 -0.24018 0.56713
1403638582.0778295994 5.92928 -11.83285 0.62228 0.18514 0.76727 -0.24198 0.56433
1403638582.1778295040 5.95553 -11.85230 0.63604 0.18114 0.77467 -0.24526 0.55401
1403638582.2778294086 5.97916 -11.86755 0.65920 0.18158 0.77768 -0.24528 0.54962
1403638582.3778295517 6.00832 -11.88559 0.69427 0.18407 0.77445 -0.24308 0.55431
1403638582.4778294563 6.03196 -11.89445 0.73604 0.18619 0.77327 -0.24149 0.55594
1403638582.5778295994 6.05443 -11.89837 0.79001 0.18724 0.77266 -0.24044 0.55689
1403638582.6778295040 6.08213 -11.90865 0.84871 0.18699 0.77375 -0.24067 0.55536
1403638582.7778294086 6.10338 -11.90344 0.92075 0.18527 0.77531 -0.24247 0.55297
1403638582.8778295517 6.12372 -11.89510 0.99334 0.18573 0.77663 -0.24303 0.55072
1403638582.9778294563 6.14332 -11.88262 1.05934 0.18459 0.77883 -0.24463 0.54727
1403638583.0778295994 6.16207 -11.86676 1.11756 0.18369 0.78132 -0.24633 0.54324
1403638583.1778295040 6.18150 -11.84901 1.16787 0.18368 0.78291 -0.24706 0.54063
1403638583.2778294086 6.20339 -11.83067 1.21203 0.18244 0.78349 -0.24836 0.53960
1403638583.3778295517 6.23204 -11.81605 1.24126 0.18290 0.78317 -0.24790 0.54014
1403638583.4778294563 6.25975 -11.79407 1.27928 0.18309 0.78386 -0.24801 0.53901
1403638583.5778295994 6.28846 -11.77217 1.32256 0.18323 0.78384 -0.24791 0.53904
1403638583.6778295040 6.31806 -11.74823 1.37329 0.18493 0.78413 -0.24669 0.53859
1403638583.7778294086 6.34942 -11.72233 1.42467 0.18466 0.78383 -0.24671 0.53911
1403638583.8778295517 6.38621 -11.68741 1.44293 0.18555 0.78296 -0.24629 0.54027
1403638583.9778294563 6.42402 -11.65659 1.48059 0.18596 0.78298 -0.24599 0.54023
1403638584.0778295994 6.45941 -11.62309 1.51110 0.18887 0.77955 -0.24378 0.54516
1403638584.1778295040 6.49878 -11.59417 1.51612 0.19294 0.77060 -0.24036 0.55783
1403638584.2778294086 6.53272 -11.55241 1.54036 0.19511 0.76160 -0.23807 0.57028
1403638584.3778295517 6.55955 -11.50931 1.52892 0.19668 0.75882 -0.23679 0.57396
1403638584.4778294563 6.57342 -11.45295 1.51297 0.19738 0.75872 -0.23608 0.57415
1403638584.5778295994 6.58877 -11.39178 1.51623 0.19701 0.75892 -0.23616 0.57398
1403638584.6778295040 6.60075 -11.32496 1.52635 0.19471 0.76074 -0.23747 0.57182
1403638584.7778294086 6.59729 -11.25040 1.51696 0.19097 0.76754 -0.23968 0.56299
1403638584.8778295517 6.60413 -11.17246 1.54242 0.18466 0.77521 -0.24426 0.55253
1403638584.9778294563 6.59163 -11.09233 1.53247 0.18263 0.77877 -0.24613 0.54735
1403638585.0778295994 6.58568 -11.00919 1.52388 0.18223 0.77999 -0.24674 0.54546
1403638585.1778295040 6.58923 -10.92882 1.53038 0.17981 0.77982 -0.24836 0.54577
1403638585.2778294086 6.58087 -10.85044 1.50879 0.18078 0.77794 -0.24751 0.54851
1403638585.3778295517 6.58391 -10.76978 1.50273 0.18134 0.77587 -0.24681 0.55156
1403638585.4778294563 6.57585 -10.69378 1.48727 0.18108 0.77611 -0.24691 0.55127
1403638585.5778295994 6.57871 -10.61295 1.48564 0.18019 0.77795 -0.24703 0.54891
1403638585.6778295040 6.57460 -10.53586 1.48677 0.17999 0.78052 -0.24687 0.54539
1403638585.7778294086 6.57939 -10.45309 1.50156 0.17683 0.78555 -0.24900 0.53818
1403638585.8778295517 6.57878 -10.37430 1.52395 0.17422 0.78938 -0.25079 0.53258
1403638585.9778294563 6.58424 -10.29543 1.55623 0.17239 0.78925 -0.25280 0.53240
1403638586.0778295994 6.59122 -10.22044 1.59082 0.17425 0.78510 -0.25207 0.53825
1403638586.1778295040 6.60801 -10.14474 1.61714 0.17611 0.78230 -0.25160 0.54193
1403638586.2778294086 6.61535 -10.06659 1.63951 0.17836 0.77966 -0.25044 0.54553
1403638586.3778295517 6.63150 -9.99176 1.65572 0.18420 0.77659 -0.24686 0.54959
1403638586.4778294563 6.63538 -9.90820 1.66719 0.19226 0.77481 -0.24188 0.55153
1403638586.5778295994 6.64897 -9.82895 1.67197 0.19448 0.77410 -0.24072 0.55227
1403638586.6778295040 6.65138 -9.73972 1.66964 0.19162 0.77489 -0.24284 0.55123
1403638586.7778294086 6.66441 -9.65685 1.66156 0.18753 0.77456 -0.24556 0.55189
1403638586.8778295517 6.66760 -9.56702 1.64856 0.18530 0.77341 -0.24641 0.55388
1403638586.9778294563 6.67728 -9.48085 1.62997 0.18551 0.77317 -0.24614 0.55427
1403638587.0778295994 6.67906 -9.38839 1.61066 0.18472 0.77293 -0.24664 0.55464
1403638587.1778295040 6.68684 -9.29750 1.59525 0.18428 0.77415 -0.24660 0.55310
1403638587.2778294086 6.68973 -9.20554 1.58759 0.18350 0.77582 -0.24671 0.55096
1403638587.3778295517 6.69446 -9.11181 1.58659 0.18289 0.77743 -0.24706 0.54874
1403638587.4778294563 6.69896 -9.01625 1.58726 0.18106 0.77750 -0.24882 0.54845
1403638587.5778295994 6.70416 -8.91863 1.58809 0.18027 0.77755 -0.24981 0.54819
1403638587.6778295040 6.71202 -8.82262 1.58046 0.18010 0.77713 -0.25035 0.54860
1403638587.7778294086 6.71739 -8.72756 1.56908 0.18004 0.77676 -0.25076 0.54896
1403638587.8778295517 6.72532 -8.63354 1.55200 0.17921 0.77638 -0.25161 0.54938
1403638587.9778294563 6.72998 -8.53854 1.53254 0.17900 0.77598 -0.25212 0.54977
1403638588.0778295994 6.73631 -8.45107 1.50702 0.18002 0.77555 -0.25093 0.55058
1403638588.1778295040 6.73855 -8.35989 1.47920 0.18661 0.77636 -0.24653 0.54924
1403638588.2778294086 6.74236 -8.27255 1.45050 0.18932 0.77718 -0.24403 0.54826
1403638588.3778295517 6.74584 -8.17618 1.43025 0.18995 0.77754 -0.24331 0.54786
1403638588.4778294563 6.75231 -8.08063 1.41668 0.18819 0.77750 -0.24431 0.54808
1403638588.5778295994 6.75603 -7.97838 1.41256 0.18577 0.77678 -0.24595 0.54920
1403638588.6778295040 6.75831 -7.87865 1.41554 0.18334 0.77602 -0.24723 0.55051
1403638588.7778294086 6.76063 -7.77108 1.42552 0.18184 0.77451 -0.24864 0.55249
1403638588.8778295517 6.76333 -7.67000 1.43194 0.17934 0.77398 -0.25092 0.55302
1403638588.9778294563 6.76260 -7.56519 1.43102 0.17961 0.77391 -0.25121 0.55290
1403638589.0778295994 6.76326 -7.46456 1.42336 0.18003 0.77416 -0.25148 0.55228
1403638589.1778295040 6.76130 -7.35667 1.40783 0.18167 0.77392 -0.25081 0.55240
1403638589.2778294086 6.76135 -7.25959 1.39222 0.18130 0.77295 -0.25092 0.55383
1403638589.3778295517 6.75680 -7.15157 1.37213 0.18152 0.77274 -0.25074 0.55412
1403638589.4778294563 6.75457 -7.05206 1.35990 0.18114 0.77364 -0.25133 0.55272
1403638589.5778295994 6.74714 -6.94369 1.35086 0.18049 0.77359 -0.25174 0.55283
1403638589.6778295040 6.74629 -6.84424 1.35376 0.18005 0.77424 -0.25177 0.55204
1403638589.7778294086 6.73854 -6.73818 1.36062 0.18044 0.77578 -0.25216 0.54956
1403638589.8778295517 6.73248 -6.63691 1.37247 0.18042 0.77637 -0.25312 0.54830
1403638589.9778294563 6.72414 -6.53154 1.37167 0.18081 0.77636 -0.25359 0.54797
1403638590.0778295994 6.71608 -6.43033 1.37293 0.18039 0.77635 -0.25437 0.54776
1403638590.1778295040 6.70764 -6.32576 1.36352 0.18103 0.77529 -0.25468 0.54891
1403638590.2778294086 6.70033 -6.23188 1.35668 0.18063 0.77459 -0.25525 0.54975
1403638590.3778295517 6.69073 -6.12863 1.33919 0.18087 0.77489 -0.25569 0.54905
1403638590.4778294563 6.68255 -6.03954 1.32318 0.18083 0.77555 -0.25589 0.54804
1403638590.5778295994 6.67089 -5.93845 1.30478 0.17977 0.77662 -0.25657 0.54656
1403638590.6778295040 6.66225 -5.85249 1.29584 0.17776 0.77839 -0.25749 0.54425
1403638590.7778294086 6.65181 -5.75573 1.29464 0.17699 0.77920 -0.25796 0.54313
1403638590.8778295517 6.64276 -5.67047 1.30059 0.17710 0.78008 -0.25787 0.54186
1403638590.9778294563 6.63358 -5.57700 1.31340 0.17581 0.78066 -0.25876 0.54102
1403638591.0778295994 6.62190 -5.48189 1.32869 0.17441 0.78153 -0.26013 0.53956
1403638591.1778295040 6.61472 -5.38974 1.33923 0.17353 0.78573 -0.26132 0.53313
1403638591.2778294086 6.60649 -5.30031 1.34061 0.17106 0.79157 -0.26346 0.52416
1403638591.3778295517 6.60335 -5.21893 1.33823 0.16773 0.79587 -0.26597 0.51741
1403638591.4778294563 6.60637 -5.14071 1.33107 0.16507 0.79859 -0.26810 0.51296
1403638591.5778295994 6.61563 -5.06850 1.31813 0.16238 0.80132 -0.27038 0.50835
1403638591.6778295040 6.63108 -5.00585 1.30139 0.16103 0.80158 -0.27150 0.50777
1403638591.7778294086 6.65333 -4.95188 1.28491 0.16275 0.79971 -0.27046 0.51071
1403638591.8778295517 6.68388 -4.91474 1.27018 0.16359 0.79745 -0.26957 0.51443
1403638591.9778294563 6.71961 -4.88727 1.26327 0.16418 0.79488 -0.26879 0.51862
1403638592.0778295994 6.75964 -4.87059 1.26495 0.16442 0.79238 -0.26761 0.52296
1403638592.1778295040 6.80470 -4.85142 1.27597 0.16236 0.78955 -0.26575 0.52879
1403638592.2778294086 6.85190 -4.84480 1.29901 0.15713 0.78410 -0.26035 0.54103
1403638592.3778295517 6.89929 -4.83631 1.33101 0.14805 0.78151 -0.25150 0.55142
1403638592.4778294563 6.94474 -4.82783 1.36988 0.13626 0.78397 -0.23763 0.55710
1403638592.5778295994 6.98664 -4.82358 1.41426 0.12847 0.79130 -0.22337 0.55448
1403638592.6778295040 7.02589 -4.82277 1.46415 0.12189 0.79873 -0.21205 0.54973
1403638592.7778294086 7.06475 -4.82520 1.51310 0.11676 0.80578 -0.20446 0.54340
1403638592.8778295517 7.10381 -4.83144 1.55689 0.11267 0.81080 -0.19977 0.53851
1403638592.9778294563 7.14478 -4.84064 1.59543 0.11199 0.81331 -0.19605 0.53624
1403638593.0778295994 7.19074 -4.85560 1.62759 0.11093 0.81406 -0.19473 0.53580
1403638593.1778295040 7.24010 -4.87375 1.66236 0.11102 0.81236 -0.19381 0.53869
1403638593.2778294086 7.29451 -4.89725 1.70113 0.11774 0.80909 -0.19001 0.54351
1403638593.3778295517 7.35013 -4.92206 1.74748 0.12672 0.80569 -0.18490 0.54829
1403638593.4778294563 7.40554 -4.94615 1.79102 0.13491 0.80105 -0.18095 0.55442
1403638593.5778295994 7.46249 -4.96813 1.82783 0.13949 0.79819 -0.17968 0.55781
1403638593.6778295040 7.51979 -4.98647 1.85782 0.14219 0.79696 -0.17938 0.55898
1403638593.7778294086 7.57774 -5.00120 1.88292 0.14349 0.79363 -0.17972 0.56326
1403638593.8778295517 7.63435 -5.01194 1.90700 0.13918 0.78320 -0.17979 0.57870
1403638593.9778294563 7.68624 -5.01659 1.93683 0.13263 0.77980 -0.17671 0.58575
1403638594.0778295994 7.73126 -5.01814 1.96972 0.12438 0.78536 -0.17468 0.58071
1403638594.1778295040 7.76983 -5.01784 2.00692 0.12222 0.79148 -0.17006 0.57420
1403638594.2778294086 7.80412 -5.01598 2.04256 0.12260 0.79390 -0.16527 0.57217
1403638594.3778295517 7.83510 -5.01120 2.07362 0.12509 0.79292 -0.16038 0.57438
1403638594.4778294563 7.86120 -5.00260 2.11087 0.12880 0.79158 -0.15493 0.57689
1403638594.5778295994 7.88460 -4.98943 2.15063 0.12323 0.79187 -0.15685 0.57720
1403638594.6778295040 7.90110 -4.97187 2.19972 0.11760 0.79243 -0.16008 0.57672
1403638594.7778294086 7.91774 -4.95446 2.24165 0.11548 0.79314 -0.16211 0.57559
1403638594.8778295517 7.92540 -4.93345 2.28112 0.11422 0.79316 -0.16380 0.57534
1403638594.9778294563 7.93650 -4.91325 2.30927 0.11539 0.79499 -0.16433 0.57242
1403638595.0778295994 7.94537 -4.89147 2.33230 0.11409 0.79617 -0.16616 0.57052
1403638595.1778295040 7.95301 -4.86947 2.34947 0.11401 0.79665 -0.16741 0.56949
1403638595.2778294086 7.95934 -4.84727 2.36089 0.11462 0.79709 -0.16771 0.56867
1403638595.3778295517 7.95656 -4.81942 2.37266 0.11457 0.79671 -0.16850 0.56898
1403638595.4778294563 7.95866 -4.79724 2.37128 0.11468 0.79704 -0.16873 0.56842
1403638595.5778295994 7.95939 -4.77430 2.36906 0.11477 0.79783 -0.16845 0.56738
1403638595.6778295040 7.95829 -4.75057 2.37177 0.11721 0.79788 -0.16679 0.56731
1403638595.7778294086 7.95620 -4.72485 2.37926 0.12155 0.79885 -0.16386 0.56588
1403638595.8778295517 7.95468 -4.69769 2.38426 0.12289 0.79925 -0.16323 0.56520
1403638595.9778294563 7.95274 -4.66987 2.37568 0.12532 0.79897 -0.16180 0.56547
1403638596.0778295994 7.94676 -4.63650 2.35966 0.13288 0.79967 -0.15698 0.56412
1403638596.1778295040 7.94481 -4.60308 2.33878 0.14417 0.80113 -0.14910 0.56141
1403638596.2778294086 7.94343 -4.56134 2.32484 0.15593 0.80286 -0.14044 0.55802
1403638596.3778295517 7.94066 -4.50824 2.32216 0.16533 0.80300 -0.13293 0.55695
1403638596.4778294563 7.94369 -4.44683 2.32513 0.17085 0.80269 -0.12811 0.55685
1403638596.5778295994 7.95035 -4.37262 2.33936 0.17764 0.80346 -0.12271 0.55482
1403638596.6778295040 7.96210 -4.28422 2.35914 0.18528 0.80373 -0.11671 0.55323
1403638596.7778294086 7.98000 -4.17960 2.38632 0.18921 0.80385 -0.11333 0.55243
1403638596.8778295517 8.00357 -4.05969 2.42242 0.19280 0.80323 -0.11050 0.55266
1403638596.9778294563 8.03001 -3.92160 2.45784 0.19460 0.80196 -0.10959 0.55406
1403638597.0778295994 8.06109 -3.77119 2.49031 0.19736 0.80111 -0.10855 0.55453
1403638597.1778295040 8.09607 -3.60483 2.51711 0.19966 0.79929 -0.10832 0.55637
1403638597.2778294086 8.13305 -3.42193 2.53665 0.19718 0.79660 -0.11137 0.56048
1403638597.3778295517 8.17345 -3.22371 2.54956 0.19238 0.79488 -0.11622 0.56361
1403638597.4778294563 8.21596 -3.00995 2.56031 0.18375 0.79164 -0.12328 0.56951
1403638597.5778295994 8.25729 -2.78533 2.56596 0.17097 0.78706 -0.13282 0.57764
1403638597.6778295040 8.29590 -2.55201 2.56692 0.16655 0.78474 -0.13687 0.58113
1403638597.7778294086 8.33110 -2.31111 2.56267 0.17075 0.78650 -0.13177 0.57870
1403638597.8778295517 8.36374 -2.06178 2.55384 0.17496 0.78908 -0.12043 0.57640
1403638597.9778294563 8.39406 -1.80301 2.54187 0.17609 0.79071 -0.11126 0.57566
1403638598.0778295994 8.42563 -1.53276 2.53436 0.16924 0.79091 -0.10875 0.57792
1403638598.1778295040 8.45522 -1.25063 2.53293 0.14762 0.79247 -0.11793 0.57991
1403638598.2778294086 8.48215 -0.96227 2.53610 0.13018 0.79443 -0.12637 0.57963
1403638598.3778295517 8.50819 -0.67333 2.53736 0.11928 0.79627 -0.13167 0.57827
1403638598.4778294563 8.53379 -0.38566 2.53261 0.11508 0.79861 -0.13343 0.57547
1403638598.5778295994 8.55690 -0.09963 2.51990 0.11016 0.80066 -0.13143 0.57405
1403638598.6778295040 8.57838 0.18471 2.50166 0.10585 0.80303 -0.12289 0.57344
1403638598.7778294086 8.59784 0.46621 2.48464 0.09743 0.80529 -0.11202 0.57398
1403638598.8778295517 8.61468 0.74489 2.47430 0.08818 0.80640 -0.09753 0.57658
1403638598.9778294563 8.62772 1.01980 2.46730 0.07821 0.80894 -0.08107 0.57699
1403638599.0778295994 8.63957 1.29269 2.46464 0.06608 0.81043 -0.06432 0.57854
1403638599.1778295040 8.64936 1.56434 2.46771 0.05405 0.81182 -0.04660 0.57953
1403638599.2778294086 8.65619 1.83390 2.47498 0.04305 0.81384 -0.02751 0.57884
1403638599.3778295517 8.66099 2.10180 2.48958 0.03053 0.81711 -0.01013 0.57558
1403638599.4778294563 8.66354 2.36796 2.50931 0.02143 0.81929 0.00331 0.57296
1403638599.5778295994 8.66543 2.63324 2.52748 0.01592 0.82161 0.01191 0.56970
1403638599.6778295040 8.66703 2.89752 2.53713 0.01231 0.82308 0.01658 0.56755
1403638599.7778294086 8.67009 3.16114 2.53827 0.01108 0.82320 0.01767 0.56736
1403638599.8778295517 8.67646 3.42295 2.53277 0.00920 0.82452 0.01524 0.56556
1403638599.9778294563 8.68459 3.68214 2.52325 0.00545 0.82473 0.00966 0.56542
1403638600.0778295994 8.69730 3.93954 2.50985 -0.00088 0.82590 0.00186 0.56382
1403638600.1778295040 8.71319 4.19106 2.49268 -0.01291 0.82764 -0.00989 0.56102
1403638600.2778294086 8.73078 4.43521 2.46981 -0.02279 0.82976 -0.02056 0.55727
1403638600.3778295517 8.75252 4.66896 2.44585 -0.03030 0.83119 -0.02918 0.55440
1403638600.4778294563 8.77872 4.88976 2.42875 -0.03646 0.83236 -0.03568 0.55188
1403638600.5778295994 8.81039 5.09498 2.42240 -0.03437 0.83294 -0.03634 0.55110
1403638600.6778295040 8.84573 5.28466 2.42372 -0.03718 0.83444 -0.03932 0.54843
1403638600.7778294086 8.88644 5.46038 2.43191 -0.03683 0.83816 -0.03914 0.54276
1403638600.8778295517 8.93441 5.62021 2.44551 -0.02588 0.84198 -0.03030 0.53803
1403638600.9778294563 8.98801 5.76824 2.45606 -0.00916 0.84410 -0.01678 0.53584
1403638601.0778295994 9.04805 5.90781 2.46140 -0.00006 0.84450 -0.00871 0.53549
1403638601.1778295040 9.11588 6.04309 2.46242 0.00780 0.84312 -0.00226 0.53766
1403638601.2778294086 9.19151 6.17767 2.45980 0.01719 0.83672 0.00526 0.54734
1403638601.3778295517 9.27231 6.31266 2.45597 0.01442 0.83167 0.00912 0.55501
1403638601.4778294563 9.35664 6.45134 2.45591 0.00134 0.82726 0.01379 0.56164
1403638601.5778295994 9.44219 6.59206 2.46395 -0.00942 0.82247 0.02808 0.56803
1403638601.6778295040 9.52796 6.73110 2.47705 -0.02061 0.81988 0.04817 0.57013
1403638601.7778294086 9.61206 6.87038 2.49722 -0.03320 0.81699 0.07368 0.57096
1403638601.8778295517 9.69372 7.00997 2.52567 -0.04707 0.81196 0.10274 0.57266
1403638601.9778294563 9.77136 7.15104 2.55522 -0.06189 0.80880 0.12616 0.57105
1403638602.0778295994 9.84656 7.29302 2.57881 -0.07338 0.80714 0.14312 0.56802
1403638602.1778295040 9.91778 7.43672 2.59603 -0.07927 0.80243 0.15877 0.56974
1403638602.2778294086 9.98509 7.58353 2.60866 -0.08683 0.79542 0.17620 0.57335
1403638602.3778295517 10.04755 7.73406 2.62136 -0.10929 0.78438 0.18869 0.58069
1403638602.4778294563 10.10247 7.88546 2.64443 -0.14419 0.76240 0.19503 0.59993
1403638602.5778295994 10.14581 8.02981 2.67516 -0.17936 0.74081 0.19988 0.61569
1403638602.6778295040 10.17535 8.15956 2.71112 -0.20001 0.73057 0.21322 0.61709
1403638602.7778294086 10.18768 8.27211 2.75181 -0.21097 0.72627 0.23281 0.61142
1403638602.8778295517 10.18113 8.36646 2.79668 -0.22198 0.72290 0.25238 0.60370
1403638602.9778294563 10.16017 8.44706 2.84427 -0.24148 0.72307 0.26768 0.58924
1403638603.0778295994 10.13073 8.51424 2.88880 -0.26020 0.71813 0.28227 0.58044
1403638603.1778295040 10.09636 8.56813 2.92673 -0.27232 0.71087 0.29654 0.57669
1403638603.2778294086 10.05506 8.60650 2.95228 -0.27047 0.71827 0.31362 0.55908
1403638603.3778295517 10.00880 8.63296 2.96829 -0.26359 0.73104 0.32796 0.53716
1403638603.4778294563 9.96116 8.65408 2.97982 -0.26003 0.73943 0.33507 0.52283
1403638603.5778295994 9.91550 8.67402 2.98884 -0.26126 0.73730 0.33928 0.52251
1403638603.6778295040 9.86823 8.69162 2.99360 -0.26326 0.72964 0.34158 0.53071
1403638603.7778294086 9.82217 8.70261 2.98991 -0.25698 0.72099 0.34788 0.54140
1403638603.8778295517 9.76800 8.70922 2.98119 -0.25026 0.71335 0.35275 0.55143
1403638603.9778294563 9.70716 8.71399 2.96690 -0.24514 0.70660 0.35547 0.56060
1403638604.0778295994 9.63991 8.71535 2.94549 -0.23910 0.70315 0.35814 0.56582
1403638604.1778295040 9.56051 8.71728 2.92888 -0.23779 0.70262 0.35891 0.56654
1403638604.2778294086 9.47162 8.71137 2.91936 -0.24417 0.70659 0.35513 0.56124
1403638604.3778295517 9.37084 8.70308 2.91643 -0.24946 0.71433 0.35197 0.55102
1403638604.4778294563 9.26419 8.68955 2.92048 -0.24726 0.72222 0.35353 0.54063
1403638604.5778295994 9.15506 8.67353 2.93017 -0.24527 0.72690 0.35481 0.53439
1403638604.6778295040 9.04317 8.65611 2.93528 -0.24788 0.73016 0.35318 0.52980
1403638604.7778294086 8.93117 8.63716 2.93532 -0.25196 0.73218 0.35048 0.52687
1403638604.8778295517 8.81946 8.61556 2.93504 -0.25298 0.73538 0.34982 0.52234
1403638604.9778294563 8.71034 8.59163 2.93817 -0.25052 0.74139 0.35162 0.51376
1403638605.0778295994 8.60360 8.56582 2.94932 -0.24795 0.74782 0.35361 0.50423
1403638605.1778295040 8.50039 8.54118 2.96881 -0.24544 0.75177 0.35564 0.49812
1403638605.2778294086 8.40193 8.52294 2.98975 -0.24157 0.75261 0.35831 0.49683
1403638605.3778295517 8.30734 8.50973 3.00534 -0.23546 0.74795 0.36254 0.50368
1403638605.4778294563 8.21642 8.50253 3.01745 -0.22820 0.73788 0.36805 0.51768
1403638605.5778295994 8.12227 8.49828 3.02087 -0.22265 0.72955 0.37222 0.52881
1403638605.6778295040 8.02539 8.49806 3.01967 -0.21812 0.72379 0.37550 0.53625
1403638605.7778294086 7.92147 8.50253 3.02209 -0.21652 0.72288 0.37658 0.53735
1403638605.8778295517 7.81399 8.51271 3.03620 -0.21375 0.72283 0.37822 0.53738
1403638605.9778294563 7.69969 8.53075 3.05373 -0.20969 0.72213 0.38013 0.53858
1403638606.0778295994 7.57895 8.55333 3.07185 -0.20707 0.72226 0.38084 0.53891
1403638606.1778295040 7.45050 8.58180 3.07961 -0.20364 0.72206 0.38238 0.53939
1403638606.2778294086 7.31656 8.61625 3.08444 -0.20149 0.72329 0.38274 0.53830
1403638606.3778295517 7.17623 8.65750 3.07674 -0.20706 0.73183 0.37795 0.52792
1403638606.4778294563 7.03006 8.70355 3.06461 -0.21519 0.74207 0.37131 0.51494
1403638606.5778295994 6.88366 8.75480 3.04695 -0.22214 0.75064 0.36671 0.50272
1403638606.6778295040 6.73893 8.81295 3.02553 -0.22761 0.75377 0.36882 0.49395
1403638606.7778294086 6.59901 8.87791 2.99966 -0.23245 0.75366 0.37800 0.48486
1403638606.8778295517 6.46520 8.94933 2.97200 -0.24105 0.74998 0.39066 0.47625
1403638606.9778294563 6.33905 9.02878 2.94942 -0.25204 0.74270 0.40613 0.46897
1403638607.0778295994 6.21997 9.11554 2.93724 -0.26609 0.73393 0.42051 0.46230
1403638607.1778295040 6.11006 9.20941 2.93284 -0.28255 0.72420 0.42751 0.46144
1403638607.2778294086 6.00800 9.30710 2.92818 -0.29641 0.71065 0.43188 0.46968
1403638607.3778295517 5.90929 9.40664 2.91498 -0.30914 0.70220 0.43190 0.47414
1403638607.4778294563 5.81530 9.50586 2.89270 -0.31497 0.69910 0.43303 0.47384
1403638607.5778295994 5.72598 9.60186 2.86316 -0.31695 0.69806 0.43438 0.47284
1403638607.6778295040 5.63988 9.69530 2.83074 -0.31857 0.69636 0.43437 0.47426
1403638607.7778294086 5.55920 9.78739 2.79551 -0.31697 0.69492 0.43482 0.47701
1403638607.8778295517 5.48033 9.87797 2.75633 -0.31805 0.69719 0.43272 0.47489
1403638607.9778294563 5.40828 9.96510 2.71316 -0.32024 0.70162 0.42935 0.46994
1403638608.0778295994 5.34084 10.05243 2.66576 -0.32092 0.70042 0.42678 0.47359
1403638608.1778295040 5.27824 10.13561 2.61354 -0.31704 0.69742 0.42717 0.48023
1403638608.2778294086 5.22002 10.21338 2.55705 -0.31575 0.69283 0.42648 0.48826
1403638608.3778295517 5.16335 10.28807 2.49584 -0.31604 0.68705 0.42528 0.49721
1403638608.4778294563 5.10606 10.35856 2.42961 -0.31616 0.68695 0.42489 0.49761
1403638608.5778295994 5.04962 10.42372 2.35750 -0.31436 0.68847 0.42557 0.49606
1403638608.6778295040 4.99310 10.48421 2.28912 -0.31986 0.68574 0.42162 0.49969
1403638608.7778294086 4.93641 10.53711 2.22463 -0.32033 0.68587 0.42134 0.49945
1403638608.8778295517 4.88111 10.58283 2.16524 -0.31907 0.68926 0.42271 0.49440
1403638608.9778294563 4.82542 10.62329 2.11430 -0.31818 0.69335 0.42358 0.48847
1403638609.0778295994 4.77189 10.66058 2.06922 -0.31758 0.69608 0.42410 0.48451
1403638609.1778295040 4.72025 10.69315 2.03102 -0.31950 0.69652 0.42275 0.48381
1403638609.2778294086 4.67058 10.72219 1.99212 -0.32746 0.69663 0.41700 0.48330
1403638609.3778295517 4.62557 10.74743 1.94587 -0.32629 0.69689 0.41749 0.48331
1403638609.4778294563 4.58338 10.76943 1.89261 -0.32261 0.69694 0.41963 0.48384
1403638609.5778295994 4.54491 10.78504 1.83344 -0.31915 0.69693 0.42160 0.48444
1403638609.6778295040 4.50770 10.80457 1.76733 -0.31707 0.69597 0.42309 0.48589
1403638609.7778294086 4.47465 10.81506 1.70280 -0.31587 0.69608 0.42385 0.48586
1403638609.8778295517 4.44407 10.82967 1.64410 -0.31637 0.69630 0.42355 0.48547
1403638609.9778294563 4.41563 10.83500 1.59457 -0.31729 0.69583 0.42273 0.48626
1403638610.0778295994 4.39307 10.84045 1.55426 -0.32074 0.69358 0.42021 0.48937
1403638610.1778295040 4.37016 10.84059 1.51724 -0.32184 0.69052 0.41935 0.49371
1403638610.2778294086 4.34820 10.83610 1.47604 -0.32424 0.68925 0.41734 0.49562
1403638610.3778295517 4.32740 10.82612 1.42799 -0.32510 0.68888 0.41668 0.49612
1403638610.4778294563 4.31007 10.80971 1.37616 -0.32536 0.68722 0.41619 0.49865
1403638610.5778295994 4.29024 10.78946 1.31927 -0.32816 0.68202 0.41397 0.50576
1403638610.6778295040 4.26913 10.76090 1.26161 -0.33260 0.67697 0.41076 0.51222
1403638610.7778294086 4.24512 10.72379 1.20609 -0.33015 0.68229 0.41344 0.50453
1403638610.8778295517 4.22118 10.68116 1.15925 -0.32635 0.68864 0.41738 0.49503
1403638610.9778294563 4.19941 10.63435 1.11879 -0.32697 0.68902 0.41765 0.49388
1403638611.0778295994 4.17879 10.58241 1.07710 -0.33012 0.68619 0.41577 0.49729
1403638611.1778295040 4.16064 10.52560 1.03124 -0.33147 0.68523 0.41593 0.49758
1403638611.2778294086 4.14292 10.46216 0.98478 -0.33093 0.68484 0.41689 0.49767
1403638611.3778295517 4.12493 10.39079 0.94258 -0.32455 0.68244 0.42136 0.50140
1403638611.4778294563 4.10166 10.31549 0.90381 -0.31225 0.67821 0.42922 0.50824
1403638611.5778295994 4.07867 10.23876 0.87501 -0.30340 0.67780 0.43447 0.50969
1403638611.6778295040 4.04593 10.15787 0.84911 -0.30163 0.68022 0.43479 0.50722
1403638611.7778294086 4.01193 10.07679 0.82321 -0.30726 0.68603 0.43047 0.49965
1403638611.8778295517 3.97885 9.99562 0.79363 -0.31248 0.69164 0.42609 0.49238
1403638611.9778294563 3.94438 9.91432 0.75952 -0.31512 0.69505 0.42344 0.48816
1403638612.0778295994 3.91146 9.83321 0.72692 -0.31452 0.69701 0.42315 0.48600
1403638612.1778295040 3.88142 9.75026 0.70059 -0.31593 0.69825 0.42158 0.48467
1403638612.2778294086 3.85462 9.67036 0.68405 -0.31644 0.69828 0.42088 0.48490
1403638612.3778295517 3.83079 9.58774 0.67170 -0.31480 0.69784 0.42147 0.48609
1403638612.4778294563 3.80789 9.50338 0.65612 -0.31415 0.69664 0.42073 0.48887
1403638612.5778295994 3.78668 9.41867 0.63481 -0.31125 0.69448 0.42129 0.49330
1403638612.6778295040 3.76495 9.33370 0.60624 -0.30542 0.69257 0.42372 0.49753
1403638612.7778294086 3.74097 9.24750 0.57020 -0.30252 0.69165 0.42353 0.50072
1403638612.8778295517 3.71611 9.16258 0.53697 -0.30269 0.69053 0.42123 0.50409
1403638612.9778294563 3.68503 9.07248 0.50407 -0.30361 0.69113 0.41913 0.50447
1403638613.0778295994 3.65532 8.98824 0.48294 -0.30420 0.69394 0.41796 0.50122
1403638613.1778295040 3.62236 8.90213 0.46898 -0.30372 0.69637 0.41769 0.49835
1403638613.2778294086 3.58664 8.81316 0.46110 -0.30288 0.69683 0.41788 0.49807
1403638613.3778295517 3.55192 8.72736 0.46055 -0.30214 0.69639 0.41837 0.49871
1403638613.4778294563 3.51415 8.63577 0.45682 -0.30279 0.69583 0.41729 0.50000
1403638613.5778295994 3.47758 8.55003 0.44794 -0.30201 0.69714 0.41295 0.50225
1403638613.6778295040 3.43961 8.46436 0.43315 -0.30587 0.69782 0.40622 0.50445
1403638613.7778294086 3.39880 8.37172 0.41038 -0.30969 0.69652 0.39855 0.51001
1403638613.8778295517 3.36003 8.28026 0.38007 -0.30659 0.69874 0.39044 0.51510
1403638613.9778294563 3.31905 8.17888 0.34514 -0.29891 0.70474 0.38051 0.51884
1403638614.0778295994 3.27896 8.07695 0.30719 -0.28694 0.71281 0.36865 0.52314
1403638614.1778295040 3.23597 7.96894 0.26879 -0.27223 0.72306 0.35570 0.52588
1403638614.2778294086 3.19092 7.85712 0.23533 -0.26121 0.73195 0.34217 0.52815
1403638614.3778295517 3.14454 7.74608 0.20760 -0.25260 0.73863 0.33267 0.52911
1403638614.4778294563 3.09693 7.63619 0.18909 -0.24910 0.74334 0.32370 0.52973
1403638614.5778295994 3.04896 7.52379 0.17881 -0.24518 0.74781 0.31533 0.53031
1403638614.6778295040 3.00434 7.41356 0.17654 -0.24211 0.75303 0.30329 0.53136
1403638614.7778294086 2.96333 7.30392 0.18658 -0.24026 0.76294 0.28668 0.52728
1403638614.8778295517 2.92576 7.19429 0.20650 -0.23262 0.77411 0.26908 0.52368
1403638614.9778294563 2.89504 7.08406 0.23341 -0.21945 0.78336 0.24991 0.52510
1403638615.0778295994 2.87149 6.97196 0.26507 -0.20133 0.79076 0.22910 0.53074
1403638615.1778295040 2.85445 6.85838 0.30189 -0.17983 0.79420 0.20696 0.54229
1403638615.2778294086 2.84080 6.74131 0.34205 -0.15476 0.79654 0.18553 0.55421
1403638615.3778295517 2.82747 6.62451 0.37803 -0.13335 0.80017 0.16011 0.56241
1403638615.4778294563 2.81424 6.50656 0.40767 -0.11304 0.80321 0.13421 0.56927
1403638615.5778295994 2.79918 6.38715 0.42976 -0.09593 0.80648 0.10986 0.57299
1403638615.6778295040 2.78300 6.26790 0.44744 -0.08271 0.80854 0.09255 0.57520
1403638615.7778294086 2.76624 6.15170 0.47078 -0.07500 0.80982 0.08008 0.57633
1403638615.8778295517 2.74725 6.03642 0.50167 -0.06979 0.81103 0.06828 0.57679
1403638615.9778294563 2.72850 5.92163 0.53069 -0.06260 0.81259 0.05639 0.57672
1403638616.0778295994 2.70873 5.80504 0.55324 -0.05373 0.81318 0.04416 0.57784
1403638616.1778295040 2.68804 5.68744 0.56288 -0.04399 0.81436 0.03011 0.57791
1403638616.2778294086 2.66700 5.56970 0.55542 -0.03338 0.81533 0.01194 0.57792
1403638616.3778295517 2.64530 5.44984 0.53360 -0.02017 0.81599 -0.00732 0.57767
1403638616.4778294563 2.62297 5.32865 0.50445 -0.00968 0.81645 -0.02520 0.57679
1403638616.5778295994 2.60022 5.20801 0.47190 -0.00036 0.81808 -0.03768 0.57387
1403638616.6778295040 2.57803 5.08805 0.43542 0.00540 0.82269 -0.04733 0.56650
1403638616.7778294086 2.55719 4.96828 0.39444 0.00232 0.83110 -0.05760 0.55313
1403638616.8778295517 2.54225 4.84868 0.35308 -0.00158 0.83680 -0.06440 0.54370
1403638616.9778294563 2.53543 4.72492 0.32029 0.00365 0.83505 -0.06202 0.54665
1403638617.0778295994 2.53478 4.59600 0.29758 0.00925 0.83144 -0.05696 0.55260
1403638617.1778295040 2.53736 4.46473 0.28308 0.01522 0.82862 -0.05004 0.55736
1403638617.2778294086 2.54318 4.33275 0.27315 0.01681 0.83103 -0.04535 0.55412
1403638617.3778295517 2.55330 4.20100 0.26833 0.01638 0.83510 -0.04248 0.54822
1403638617.4778294563 2.56928 4.07251 0.27231 0.01606 0.83789 -0.03926 0.54418
1403638617.5778295994 2.59150 3.94654 0.28460 0.01586 0.83865 -0.03632 0.54322
1403638617.6778295040 2.62088 3.82397 0.30545 0.01695 0.83731 -0.03237 0.54550
1403638617.7778294086 2.65753 3.70625 0.33476 0.01718 0.83574 -0.02968 0.54805
1403638617.8778295517 2.69817 3.59110 0.37088 0.01819 0.83578 -0.02633 0.54812
1403638617.9778294563 2.74418 3.48119 0.41110 0.01621 0.83477 -0.02586 0.54975
1403638618.0778295994 2.79472 3.37397 0.44634 0.01548 0.83443 -0.02456 0.55035
1403638618.1778295040 2.84987 3.27047 0.47517 0.01311 0.83460 -0.02445 0.55016
1403638618.2778294086 2.90826 3.16854 0.49764 0.01360 0.83463 -0.02294 0.55017
1403638618.3778295517 2.97032 3.07175 0.51655 0.01342 0.83392 -0.02188 0.55129
1403638618.4778294563 3.03606 2.97618 0.53253 0.01319 0.83406 -0.02063 0.55113
1403638618.5778295994 3.10588 2.88406 0.54717 0.01434 0.83308 -0.01979 0.55261
1403638618.6778295040 3.17907 2.79318 0.55888 0.01823 0.83296 -0.02289 0.55256
1403638618.7778294086 3.25702 2.70655 0.57550 0.02079 0.83227 -0.02604 0.55337
1403638618.8778295517 3.33821 2.62362 0.59793 0.02382 0.83053 -0.02933 0.55569
1403638618.9778294563 3.42171 2.54347 0.62204 0.02983 0.82641 -0.03822 0.56098
1403638619.0778295994 3.50632 2.46492 0.63900 0.04174 0.82279 -0.05184 0.56444
1403638619.1778295040 3.59143 2.38835 0.64832 0.05532 0.81918 -0.07065 0.56647
1403638619.2778294086 3.67642 2.31569 0.65022 0.06932 0.81519 -0.09469 0.56718
1403638619.3778295517 3.76050 2.24583 0.64285 0.08552 0.81062 -0.11915 0.56690
1403638619.4778294563 3.84440 2.17923 0.63171 0.09609 0.80627 -0.14032 0.56657
1403638619.5778295994 3.92930 2.11534 0.61943 0.10262 0.80256 -0.15601 0.56660
1403638619.6778295040 4.01299 2.05339 0.60422 0.09891 0.79898 -0.17242 0.56755
1403638619.7778294086 4.09418 1.99097 0.58673 0.09531 0.79648 -0.18396 0.56806
1403638619.8778295517 4.17171 1.92634 0.56788 0.09498 0.79432 -0.19039 0.56902
1403638619.9778294563 4.24440 1.85981 0.54387 0.09633 0.79344 -0.19407 0.56878
1403638620.0778295994 4.31108 1.78913 0.52482 0.09845 0.79088 -0.19563 0.57144
1403638620.1778295040 4.37336 1.71605 0.50874 0.10309 0.78783 -0.19453 0.57519
1403638620.2778294086 4.42602 1.64072 0.50262 0.10579 0.78840 -0.19334 0.57432
1403638620.3778295517 4.47426 1.56432 0.50174 0.10852 0.78981 -0.19122 0.57259
1403638620.4778294563 4.51373 1.48790 0.50895 0.10957 0.79094 -0.18910 0.57154
1403638620.5778295994 4.55270 1.40955 0.51352 0.10916 0.79230 -0.18754 0.57024
1403638620.6778295040 4.58735 1.33148 0.51305 0.10627 0.79481 -0.18744 0.56731
1403638620.7778294086 4.61425 1.25385 0.50836 0.10269 0.79817 -0.18779 0.56314
1403638620.8778295517 4.64402 1.17236 0.49841 0.10591 0.80136 -0.18330 0.55947
1403638620.9778294563 4.67182 1.09186 0.48539 0.11048 0.80198 -0.17739 0.55961
1403638621.0778295994 4.69452 1.01241 0.47278 0.11419 0.80042 -0.17227 0.56269
1403638621.1778295040 4.72176 0.93208 0.46298 0.11288 0.79920 -0.17047 0.56523
1403638621.2778294086 4.74716 0.85428 0.46099 0.11316 0.79809 -0.16780 0.56753
1403638621.3778295517 4.77275 0.77792 0.46244 0.11484 0.79897 -0.16480 0.56684
1403638621.4778294563 4.79423 0.70767 0.46094 0.11546 0.79719 -0.16269 0.56981
1403638621.5778295994 4.81777 0.63670 0.45172 0.11542 0.79503 -0.16065 0.57341
1403638621.6778295040 4.83713 0.57114 0.43811 0.11506 0.79406 -0.15965 0.57511
1403638621.7778294086 4.85049 0.51294 0.42176 0.11603 0.79245 -0.15833 0.57748
1403638621.8778295517 4.86365 0.45332 0.40049 0.11789 0.78902 -0.15651 0.58228
1403638621.9778294563 4.87183 0.40099 0.37676 0.11836 0.78648 -0.15591 0.58577
1403638622.0778295994 4.87226 0.35929 0.35028 0.11696 0.78609 -0.15697 0.58630
1403638622.1778295040 4.87110 0.31404 0.31908 0.11378 0.78704 -0.15891 0.58513
1403638622.2778294086 4.86467 0.27429 0.29253 0.11099 0.78636 -0.16133 0.58591
1403638622.3778295517 4.85329 0.23733 0.27352 0.11165 0.78733 -0.16189 0.58432
1403638622.4778294563 4.83240 0.21041 0.26621 0.11534 0.78816 -0.16028 0.58294
1403638622.5778295994 4.81077 0.17742 0.26222 0.11880 0.78796 -0.15900 0.58287
1403638622.6778295040 4.78256 0.15846 0.27071 0.12279 0.78391 -0.15730 0.58793
1403638622.7778294086 4.75138 0.13527 0.28620 0.12558 0.77273 -0.15590 0.60234
1403638622.8778295517 4.71500 0.12238 0.30912 0.12733 0.76796 -0.15547 0.60815
1403638622.9778294563 4.66942 0.11452 0.32899 0.12586 0.77179 -0.15787 0.60297
1403638623.0778295994 4.61450 0.11084 0.34123 0.12221 0.77826 -0.16144 0.59440
1403638623.1778295040 4.55278 0.11290 0.34844 0.11717 0.78215 -0.16525 0.58924
1403638623.2778294086 4.48366 0.12140 0.35161 0.11412 0.78551 -0.16765 0.58467
1403638623.3778295517 4.41256 0.12506 0.34964 0.11179 0.78809 -0.16942 0.58113
1403638623.4778294563 4.33598 0.13365 0.34456 0.11246 0.78977 -0.16928 0.57875
1403638623.5778295994 4.25923 0.13953 0.34056 0.11381 0.78992 -0.16860 0.57849
1403638623.6778295040 4.17707 0.14687 0.34555 0.11520 0.79041 -0.16805 0.57770
1403638623.7778294086 4.09268 0.15425 0.35602 0.11741 0.79143 -0.16783 0.57592
1403638623.8778295517 4.00392 0.16402 0.37166 0.11881 0.79257 -0.16794 0.57404
1403638623.9778294563 3.91115 0.17464 0.38604 0.12037 0.79370 -0.16843 0.57199
1403638624.0778295994 3.81845 0.18755 0.39537 0.11871 0.79399 -0.17124 0.57111
1403638624.1778295040 3.72412 0.19983 0.40011 0.11626 0.79388 -0.17365 0.57104
1403638624.2778294086 3.62827 0.21444 0.39885 0.11423 0.79353 -0.17631 0.57113
1403638624.3778295517 3.53315 0.22832 0.39458 0.11384 0.79303 -0.17810 0.57134
1403638624.4778294563 3.43925 0.23932 0.38874 0.11527 0.79286 -0.17833 0.57121
1403638624.5778295994 3.34049 0.25272 0.37590 0.11068 0.78451 -0.18310 0.58204
1403638624.6778295040 3.23968 0.26483 0.36090 0.11235 0.78026 -0.18081 0.58811
1403638624.7778294086 3.13930 0.27448 0.35077 0.11716 0.78632 -0.17087 0.58205
1403638624.8778295517 3.02963 0.28972 0.34659 0.11850 0.79243 -0.16268 0.57580
1403638624.9778294563 2.92856 0.30212 0.35065 0.11118 0.79573 -0.16055 0.57330
1403638625.0778295994 2.82694 0.31538 0.35588 0.10352 0.79680 -0.15956 0.57353
1403638625.1778295040 2.71656 0.33253 0.35573 0.09716 0.79769 -0.15979 0.57335
1403638625.2778294086 2.61455 0.34318 0.35314 0.09508 0.79861 -0.15816 0.57286
1403638625.3778295517 2.50475 0.35694 0.34790 0.09394 0.79875 -0.15715 0.57313
1403638625.4778294563 2.40265 0.36419 0.35003 0.09288 0.79827 -0.15674 0.57408
1403638625.5778295994 2.29355 0.37510 0.35641 0.09354 0.79882 -0.15603 0.57340
1403638625.6778295040 2.18659 0.38333 0.37045 0.09364 0.80045 -0.15598 0.57112
1403638625.7778294086 2.07856 0.38924 0.38745 0.09242 0.80499 -0.15705 0.56462
1403638625.8778295517 1.97141 0.39671 0.39821 0.09265 0.80758 -0.15750 0.56073
1403638625.9778294563 1.86501 0.39954 0.40574 0.09370 0.80800 -0.15760 0.55992
1403638626.0778295994 1.76327 0.40249 0.40658 0.09217 0.80926 -0.15942 0.55784
1403638626.1778295040 1.66345 0.40274 0.40322 0.09240 0.80965 -0.15980 0.55713
1403638626.2778294086 1.56727 0.40113 0.39526 0.09538 0.80819 -0.15842 0.55913
1403638626.3778295517 1.46769 0.39910 0.38464 0.10329 0.80633 -0.15309 0.56190
1403638626.4778294563 1.37644 0.39712 0.37018 0.10575 0.80510 -0.15092 0.56378
1403638626.5778295994 1.28218 0.39638 0.35429 0.10640 0.80743 -0.14998 0.56057
1403638626.6778295040 1.19602 0.39585 0.33948 0.10517 0.80934 -0.15042 0.55793
1403638626.7778294086 1.11203 0.39720 0.32843 0.10254 0.81321 -0.15219 0.55227
1403638626.8778295517 1.03032 0.39753 0.32534 0.10198 0.81592 -0.15195 0.54843
1403638626.9778294563 0.95475 0.39787 0.32874 0.10128 0.81682 -0.15207 0.54719
1403638627.0778295994 0.88685 0.39784 0.33058 0.10063 0.81692 -0.15170 0.54727
1403638627.1778295040 0.82333 0.39597 0.32641 0.09986 0.81686 -0.15157 0.54754
1403638627.2778294086 0.76668 0.39358 0.32089 0.10116 0.81689 -0.15023 0.54762
1403638627.3778295517 0.71486 0.39140 0.31260 0.10321 0.81632 -0.14836 0.54860
1403638627.4778294563 0.66821 0.38920 0.30107 0.10342 0.81672 -0.14808 0.54804
1403638627.5778295994 0.62692 0.38720 0.28760 0.10468 0.81557 -0.14767 0.54961
1403638627.6778295040 0.59782 0.38454 0.27002 0.10676 0.81263 -0.14691 0.55377
1403638627.7778294086 0.56616 0.38380 0.25481 0.10854 0.81077 -0.14603 0.55637
1403638627.8778295517 0.53732 0.38494 0.23816 0.10951 0.81011 -0.14605 0.55713
1403638627.9778294563 0.50889 0.38761 0.22153 0.10990 0.81206 -0.14619 0.55418
1403638628.0778295994 0.49338 0.39079 0.20213 0.11088 0.81321 -0.14647 0.55221
1403638628.1778295040 0.47104 0.39607 0.18931 0.11194 0.81377 -0.14698 0.55103
1403638628.2778294086 0.45538 0.40315 0.17736 0.11211 0.81399 -0.14769 0.55049
1403638628.3778295517 0.44966 0.40985 0.16505 0.11075 0.81457 -0.14921 0.54949
1403638628.4778294563 0.44028 0.41938 0.15957 0.10486 0.81176 -0.15386 0.55352
1403638628.5778295994 0.43574 0.42870 0.15736 0.09689 0.80457 -0.15953 0.56376
1403638628.6778295040 0.43088 0.43694 0.15646 0.09140 0.80050 -0.16352 0.56930
1403638628.7778294086 0.44404 0.44558 0.15441 0.09337 0.80175 -0.16292 0.56739
1403638628.8778295517 0.43455 0.44945 0.14543 0.09781 0.80237 -0.16017 0.56656
1403638628.9778294563 0.42520 0.45207 0.13357 0.10272 0.80305 -0.15724 0.56554
1403638629.0778295994 0.41481 0.45538 0.12359 0.10749 0.80421 -0.15383 0.56394
1403638629.1778295040 0.40067 0.45733 0.11827 0.10980 0.80540 -0.15173 0.56236
1403638629.2778294086 0.38799 0.46324 0.11324 0.11041 0.80570 -0.15097 0.56203
1403638629.3778295517 0.37809 0.46963 0.11054 0.11127 0.80875 -0.15104 0.55743
1403638629.4778294563 0.37271 0.47750 0.10930 0.10988 0.81317 -0.15284 0.55075
1403638629.5778295994 0.37610 0.48419 0.11007 0.10632 0.81616 -0.15562 0.54623
1403638629.6778295040 0.38362 0.48960 0.11283 0.09536 0.81403 -0.16391 0.54899
1403638629.7778294086 0.39167 0.49321 0.11638 0.08868 0.80841 -0.16918 0.55677
1403638629.8778295517 0.39920 0.49406 0.11596 0.08713 0.80198 -0.17080 0.56574
1403638629.9778294563 0.40499 0.49128 0.10741 0.09815 0.79646 -0.16394 0.57370
1403638630.0778295994 0.40711 0.48777 0.08884 0.10727 0.79292 -0.15783 0.57867
1403638630.1778295040 0.40677 0.48577 0.06024 0.11164 0.79571 -0.15442 0.57493
1403638630.2778294086 0.40229 0.48497 0.02587 0.11240 0.80024 -0.15372 0.56864
1403638630.3778295517 0.40325 0.48784 -0.00013 0.10839 0.81963 -0.15472 0.54084
1403638630.4778294563 0.41483 0.48884 0.01091 0.10798 0.80165 -0.15306 0.56770
1403638630.5778295994 0.42462 0.48971 0.00933 0.10760 0.80093 -0.15419 0.56847
1403638630.6778295040 0.43128 0.49044 -0.01316 0.10490 0.81987 -0.15124 0.54215
1403638630.7778294086 0.43120 0.48334 -0.01669 0.10744 0.82675 -0.14543 0.53273
1403638630.8778295517 0.42402 0.48268 -0.02172 0.10266 0.82543 -0.14645 0.53542
1403638630.9778294563 0.41864 0.48289 -0.02505 0.10284 0.82530 -0.14669 0.53552
1403638631.0778295994 0.41120 0.48337 -0.02939 0.10353 0.82537 -0.14621 0.53542
1403638631.1778295040 0.40412 0.48353 -0.03363 0.10345 0.82540 -0.14645 0.53532
1403638631.2778294086 0.39639 0.48389 -0.03747 0.10334 0.82546 -0.14644 0.53525
1403638631.3778295517 0.38874 0.48415 -0.04104 0.10308 0.82553 -0.14663 0.53514
1403638631.4778294563 0.38131 0.48439 -0.04437 0.10285 0.82547 -0.14692 0.53520
1403638631.5778295994 0.37345 0.48458 -0.04783 0.10274 0.82545 -0.14701 0.53523
1403638631.6778295040 0.36592 0.48457 -0.05101 0.10242 0.82544 -0.14742 0.53519
