1403638523.0778295994 0.02695 0.00456 0.33681 -0.07302 0.80747 0.01787 0.58510
1403638523.1778295040 0.02909 -0.00065 0.35101 -0.07281 0.80711 0.01833 0.58561
1403638523.2778294086 0.02710 -0.00851 0.33819 -0.06363 0.80482 0.01814 0.58982
1403638523.3778295517 0.02621 -0.01352 0.30590 -0.05916 0.80374 0.01725 0.59178
1403638523.4778294563 0.02492 -0.01903 0.26626 -0.05444 0.80735 0.01976 0.58723
1403638523.5778295994 0.01915 -0.02596 0.21672 -0.04748 0.81650 0.02411 0.57489
1403638523.6778295040 0.01359 -0.03121 0.17002 -0.04049 0.82582 0.02692 0.56183
1403638523.7778294086 0.00675 -0.03765 0.12406 -0.03715 0.83038 0.03000 0.55515
1403638523.8778295517 0.00016 -0.04257 0.08070 -0.03390 0.83098 0.03288 0.55429
1403638523.9778294563 -0.00207 -0.04674 0.04728 -0.02490 0.83105 0.03894 0.55428
1403638524.0778295994 -0.00862 -0.05184 0.03438 -0.01836 0.83419 0.04766 0.54911
1403638524.1778295040 -0.00692 -0.05193 0.04596 -0.01820 0.83875 0.05213 0.54170
1403638524.2778294086 -0.00066 -0.05049 0.10384 -0.02375 0.84009 0.05272 0.53936
1403638524.3778295517 0.00297 -0.05145 0.16992 -0.03272 0.83755 0.05071 0.54301
1403638524.4778294563 0.00898 -0.05079 0.22987 -0.03942 0.83109 0.04866 0.55260
1403638524.5778295994 0.01737 -0.04847 0.28865 -0.04410 0.82220 0.04828 0.56543
1403638524.6778295040 0.02592 -0.04600 0.34117 -0.04000 0.81583 0.04269 0.57532
1403638524.7778294086 0.03241 -0.04190 0.37960 -0.02711 0.81207 0.03749 0.58172
1403638524.8778295517 0.03674 -0.03775 0.40337 -0.02315 0.81063 0.03466 0.58407
1403638524.9778294563 0.03834 -0.03454 0.40973 -0.02945 0.80917 0.03681 0.58567
1403638525.0778295994 0.03878 -0.03348 0.39451 -0.02711 0.80653 0.04022 0.58919
1403638525.1778295040 0.03960 -0.03272 0.35914 -0.02474 0.80511 0.04477 0.59091
1403638525.2778294086 0.03752 -0.03235 0.31298 -0.02439 0.80772 0.04953 0.58698
1403638525.3778295517 0.03527 -0.03239 0.25809 -0.02687 0.81662 0.05442 0.57398
1403638525.4778294563 0.03052 -0.03186 0.20420 -0.03529 0.82883 0.05623 0.55554
1403638525.5778295994 0.02658 -0.03258 0.16002 -0.04139 0.83793 0.05565 0.54136
1403638525.6778295040 0.02326 -0.03498 0.12191 -0.04236 0.84086 0.05262 0.53703
1403638525.7778294086 0.02266 -0.03569 0.09081 -0.03942 0.83937 0.04669 0.54011
1403638525.8778295517 0.02334 -0.03850 0.06856 -0.03247 0.83586 0.04239 0.54634
1403638525.9778294563 0.02181 -0.04780 0.05712 -0.02413 0.83459 0.04126 0.54879
1403638526.0778295994 0.01931 -0.06787 0.05998 -0.01970 0.83633 0.03909 0.54648
1403638526.1778295040 0.01739 -0.09632 0.07905 -0.01769 0.83892 0.02991 0.54314
1403638526.2778294086 0.01340 -0.13187 0.09387 -0.01407 0.83805 0.02079 0.54502
1403638526.3778295517 0.00647 -0.17186 0.10935 -0.01158 0.83398 0.01208 0.55154
1403638526.4778294563 -0.00300 -0.21658 0.12210 -0.01026 0.82892 0.00108 0.55928
1403638526.5778295994 -0.01364 -0.26716 0.13098 -0.00897 0.82362 -0.00983 0.56699
1403638526.6778295040 -0.02616 -0.32524 0.13790 -0.00455 0.81850 -0.01815 0.57421
1403638526.7778294086 -0.04131 -0.38870 0.14278 0.00388 0.81542 -0.02357 0.57837
1403638526.8778295517 -0.05822 -0.45187 0.14573 0.01191 0.81469 -0.02677 0.57915
1403638526.9778294563 -0.07517 -0.51385 0.14792 0.01619 0.81776 -0.03312 0.57438
1403638527.0778295994 -0.08998 -0.57164 0.15088 0.02391 0.82222 -0.04623 0.56679
1403638527.1778295040 -0.10133 -0.62430 0.15539 0.03171 0.82396 -0.06136 0.56243
1403638527.2778294086 -0.10785 -0.66292 0.16137 0.04339 0.82100 -0.07514 0.56430
1403638527.3778295517 -0.10907 -0.68537 0.16673 0.05896 0.81585 -0.08388 0.56911
1403638527.4778294563 -0.10501 -0.68535 0.16970 0.06948 0.81220 -0.08836 0.57244
1403638527.5778295994 -0.09649 -0.66531 0.16946 0.07268 0.81149 -0.08967 0.57286
1403638527.6778295040 -0.08360 -0.62829 0.16760 0.07114 0.81199 -0.08623 0.57287
1403638527.7778294086 -0.06903 -0.58131 0.16514 0.06589 0.81338 -0.07917 0.57254
1403638527.8778295517 -0.05370 -0.52673 0.16558 0.05225 0.81653 -0.07457 0.57008
1403638527.9778294563 -0.03479 -0.46920 0.16942 0.04250 0.81741 -0.07005 0.57020
1403638528.0778295994 -0.01541 -0.41164 0.17146 0.03625 0.81618 -0.06302 0.57321
1403638528.1778295040 0.00472 -0.35697 0.16835 0.02711 0.81660 -0.05458 0.57398
1403638528.2778294086 0.03050 -0.30884 0.16395 0.01514 0.81809 -0.04439 0.57318
1403638528.3778295517 0.06040 -0.27229 0.15690 0.00845 0.81773 -0.03658 0.57437
1403638528.4778294563 0.09682 -0.24823 0.15151 0.01039 0.81697 -0.03345 0.57561
1403638528.5778295994 0.13449 -0.23092 0.14760 0.01220 0.81881 -0.03813 0.57266
1403638528.6778295040 0.16765 -0.21768 0.14523 0.01151 0.81995 -0.04604 0.57047
1403638528.7778294086 0.19512 -0.20949 0.14684 0.01701 0.81894 -0.05142 0.57132
1403638528.8778295517 0.20858 -0.20397 0.15257 0.01364 0.81780 -0.05914 0.57230
1403638528.9778294563 0.21160 -0.19519 0.16657 0.00728 0.81749 -0.06605 0.57210
1403638529.0778295994 0.19091 -0.18669 0.18153 0.00884 0.81827 -0.06755 0.57078
1403638529.1778295040 0.16144 -0.16958 0.19057 0.02614 0.81912 -0.06084 0.56979
1403638529.2778294086 0.12651 -0.14761 0.18897 0.03811 0.82097 -0.05501 0.56703
1403638529.3778295517 0.09985 -0.11644 0.17970 0.04227 0.82622 -0.05077 0.55946
1403638529.4778294563 0.07016 -0.09675 0.15914 0.04099 0.83628 -0.04863 0.54460
1403638529.5778295994 0.05058 -0.07589 0.13367 0.03846 0.84644 -0.04585 0.52911
1403638529.6778295040 0.03097 -0.06546 0.10895 0.04015 0.85031 -0.04331 0.52295
1403638529.7778294086 0.01655 -0.05843 0.08729 0.04054 0.84682 -0.04339 0.52855
1403638529.8778295517 0.01295 -0.04723 0.06619 0.03887 0.84039 -0.04401 0.53879
1403638529.9778294563 0.01451 -0.03959 0.05248 0.03886 0.83785 -0.04444 0.54269
1403638530.0778295994 0.02516 -0.04122 0.04702 0.03967 0.83933 -0.04520 0.54029
1403638530.1778295040 0.03733 -0.04214 0.03966 0.04070 0.84105 -0.04970 0.53713
1403638530.2778294086 0.05250 -0.04451 0.02975 0.04304 0.84048 -0.05580 0.53724
1403638530.3778295517 0.06531 -0.04798 0.01944 0.04563 0.83974 -0.06101 0.53762
1403638530.4778294563 0.07791 -0.05310 0.01280 0.04635 0.83930 -0.06519 0.53775
1403638530.5778295994 0.08584 -0.05780 0.00694 0.04580 0.83919 -0.06862 0.53754
1403638530.6778295040 0.09010 -0.06157 0.00214 0.04716 0.84202 -0.07103 0.53266
1403638530.7778294086 0.09309 -0.06391 -0.00321 0.04722 0.84538 -0.07268 0.52709
1403638530.8778295517 0.09471 -0.06529 -0.00692 0.04537 0.84597 -0.07215 0.52638
1403638530.9778294563 0.09594 -0.06575 -0.00988 0.04421 0.84376 -0.07209 0.53002
1403638531.0778295994 0.09607 -0.06539 -0.01186 0.04501 0.84034 -0.07066 0.53555
1403638531.1778295040 0.09632 -0.06373 -0.01130 0.04566 0.83825 -0.06846 0.53904
1403638531.2778294086 0.09671 -0.06266 -0.01275 0.04843 0.83706 -0.06706 0.54082
1403638531.3778295517 0.09669 -0.06188 -0.01310 0.04837 0.83583 -0.06720 0.54271
1403638531.4778294563 0.09642 -0.06222 -0.01288 0.04856 0.83475 -0.06757 0.54430
1403638531.5778295994 0.09626 -0.06229 -0.01301 0.04914 0.83507 -0.06647 0.54390
1403638531.6778295040 0.09624 -0.06206 -0.01311 0.04839 0.83514 -0.06706 0.54378
1403638531.7778294086 0.09630 -0.06212 -0.01307 0.04873 0.83505 -0.06710 0.54389
1403638531.8778295517 0.09626 -0.06213 -0.01310 0.04887 0.83509 -0.06698 0.54383
1403638531.9778294563 0.09628 -0.06218 -0.01310 0.04909 0.83506 -0.06699 0.54385
1403638532.0778295994 0.09628 -0.06219 -0.01313 0.04922 0.83505 -0.06686 0.54387
1403638532.1778295040 0.09629 -0.06217 -0.01314 0.04914 0.83502 -0.06692 0.54391
1403638532.2778294086 0.09629 -0.06213 -0.01313 0.04901 0.83500 -0.06709 0.54394
1403638532.3778295517 0.09628 -0.06211 -0.01314 0.04892 0.83497 -0.06710 0.54399
1403638532.4778294563 0.09629 -0.06211 -0.01313 0.04885 0.83494 -0.06718 0.54403
1403638532.5778295994 0.09628 -0.06210 -0.01316 0.04886 0.83496 -0.06721 0.54401
1403638532.6778295040 0.09631 -0.06212 -0.01314 0.04892 0.83492 -0.06719 0.54406
1403638532.7778294086 0.09628 -0.06213 -0.01315 0.04901 0.83494 -0.06708 0.54403
1403638532.8778295517 0.09628 -0.06212 -0.01314 0.04907 0.83493 -0.06709 0.54405
1403638532.9778294563 0.09628 -0.06213 -0.01312 0.04906 0.83490 -0.06709 0.54409
1403638533.0778295994 0.09626 -0.06213 -0.01313 0.04907 0.83490 -0.06711 0.54409
1403638533.1778295040 0.09627 -0.06212 -0.01313 0.04905 0.83486 -0.06715 0.54415
1403638533.2778294086 0.09625 -0.06213 -0.01314 0.04904 0.83484 -0.06717 0.54418
1403638533.3778295517 0.09625 -0.06212 -0.01314 0.04909 0.83483 -0.06714 0.54419
1403638533.4778294563 0.09626 -0.06214 -0.01313 0.04907 0.83482 -0.06715 0.54421
1403638533.5778295994 0.09624 -0.06212 -0.01314 0.04906 0.83481 -0.06717 0.54421
1403638533.6778295040 0.09625 -0.06212 -0.01313 0.04904 0.83479 -0.06722 0.54424
1403638533.7778294086 0.09624 -0.06211 -0.01314 0.04906 0.83478 -0.06725 0.54425
1403638533.8778295517 0.09625 -0.06208 -0.01315 0.04885 0.83483 -0.06699 0.54424
1403638533.9778294563 0.09628 -0.06213 -0.01318 0.04900 0.83482 -0.06723 0.54421
1403638534.0778295994 0.09621 -0.06215 -0.01318 0.04941 0.83474 -0.06762 0.54423
1403638534.1778295040 0.09623 -0.06216 -0.01314 0.04905 0.83479 -0.06743 0.54422
1403638534.2778294086 0.09623 -0.06210 -0.01312 0.04881 0.83488 -0.06732 0.54411
1403638534.3778295517 0.09625 -0.06209 -0.01312 0.04884 0.83488 -0.06736 0.54410
1403638534.4778294563 0.09634 -0.06212 -0.01326 0.04901 0.83490 -0.06765 0.54403
1403638534.5778295994 0.09636 -0.06210 -0.01325 0.04888 0.83499 -0.06735 0.54393
1403638534.6778295040 0.09637 -0.06205 -0.01323 0.04869 0.83500 -0.06715 0.54395
1403638534.7778294086 0.09635 -0.06208 -0.01323 0.04881 0.83501 -0.06707 0.54395
1403638534.8778295517 0.09637 -0.06212 -0.01326 0.04911 0.83495 -0.06725 0.54399
1403638534.9778294563 0.09634 -0.06217 -0.01324 0.04919 0.83499 -0.06730 0.54392
1403638535.0778295994 0.09634 -0.06216 -0.01323 0.04907 0.83505 -0.06730 0.54383
1403638535.1778295040 0.09635 -0.06216 -0.01325 0.04899 0.83502 -0.06734 0.54388
1403638535.2778294086 0.09634 -0.06216 -0.01325 0.04892 0.83502 -0.06733 0.54388
1403638535.3778295517 0.09632 -0.06214 -0.01321 0.04897 0.83503 -0.06731 0.54388
1403638535.4778294563 0.09632 -0.06215 -0.01320 0.04906 0.83504 -0.06732 0.54385
1403638535.5778295994 0.09634 -0.06214 -0.01320 0.04903 0.83505 -0.06726 0.54384
1403638535.6778295040 0.09634 -0.06214 -0.01322 0.04898 0.83504 -0.06731 0.54385
1403638535.7778294086 0.09633 -0.06215 -0.01323 0.04903 0.83503 -0.06731 0.54387
1403638535.8778295517 0.09634 -0.06214 -0.01323 0.04894 0.83505 -0.06726 0.54385
1403638535.9778294563 0.09633 -0.06214 -0.01323 0.04890 0.83510 -0.06726 0.54378
1403638536.0778295994 0.09634 -0.06215 -0.01323 0.04889 0.83505 -0.06732 0.54384
1403638536.1778295040 0.09634 -0.06215 -0.01322 0.04888 0.83505 -0.06735 0.54385
1403638536.2778294086 0.09633 -0.06216 -0.01322 0.04892 0.83506 -0.06730 0.54383
1403638536.3778295517 0.09633 -0.06216 -0.01322 0.04895 0.83502 -0.06733 0.54388
1403638536.4778294563 0.09632 -0.06216 -0.01322 0.04895 0.83502 -0.06731 0.54389
1403638536.5778295994 0.09632 -0.06216 -0.01322 0.04887 0.83504 -0.06731 0.54387
1403638536.6778295040 0.09632 -0.06216 -0.01323 0.04887 0.83504 -0.06729 0.54386
1403638536.7778294086 0.09631 -0.06215 -0.01325 0.04893 0.83501 -0.06734 0.54390
1403638536.8778295517 0.09631 -0.06216 -0.01326 0.04885 0.83497 -0.06743 0.54396
1403638536.9778294563 0.09632 -0.06216 -0.01325 0.04879 0.83500 -0.06748 0.54391
1403638537.0778295994 0.09634 -0.06214 -0.01324 0.04880 0.83501 -0.06739 0.54390
1403638537.1778295040 0.09634 -0.06213 -0.01324 0.04895 0.83497 -0.06737 0.54396
1403638537.2778294086 0.09634 -0.06214 -0.01321 0.04908 0.83500 -0.06731 0.54391
1403638537.3778295517 0.09634 -0.06215 -0.01324 0.04907 0.83499 -0.06730 0.54393
1403638537.4778294563 0.09635 -0.06214 -0.01324 0.04904 0.83498 -0.06729 0.54394
1403638537.5778295994 0.09634 -0.06214 -0.01320 0.04909 0.83502 -0.06718 0.54389
1403638537.6778295040 0.09636 -0.06214 -0.01316 0.04915 0.83505 -0.06720 0.54384
1403638537.7778294086 0.09635 -0.06214 -0.01316 0.04910 0.83502 -0.06723 0.54389
1403638537.8778295517 0.09638 -0.06213 -0.01316 0.04921 0.83502 -0.06714 0.54388
1403638537.9778294563 0.09636 -0.06214 -0.01312 0.04926 0.83499 -0.06726 0.54391
1403638538.0778295994 0.09636 -0.06213 -0.01309 0.04922 0.83498 -0.06726 0.54393
1403638538.1778295040 0.09636 -0.06214 -0.01309 0.04926 0.83496 -0.06724 0.54396
1403638538.2778294086 0.09654 -0.06211 -0.01323 0.04927 0.83494 -0.06713 0.54401
1403638538.3778295517 0.09642 -0.06214 -0.01310 0.04944 0.83489 -0.06712 0.54406
1403638538.4778294563 0.09637 -0.06214 -0.01300 0.04942 0.83492 -0.06709 0.54403
1403638538.5778295994 0.09641 -0.06214 -0.01295 0.04965 0.83490 -0.06710 0.54403
1403638538.6778295040 0.09641 -0.06213 -0.01292 0.04945 0.83473 -0.06718 0.54431
1403638538.7778294086 0.09652 -0.06218 -0.01262 0.04928 0.83396 -0.06697 0.54552
1403638538.8778295517 0.09797 -0.06179 -0.01226 0.04852 0.83298 -0.06642 0.54715
1403638538.9778294563 0.10138 -0.06164 -0.00980 0.04938 0.82830 -0.06560 0.55424
1403638539.0778295994 0.10628 -0.06172 -0.00674 0.05096 0.82267 -0.06696 0.56226
1403638539.1778295040 0.11430 -0.06199 0.00061 0.05024 0.81740 -0.06728 0.56991
1403638539.2778294086 0.12348 -0.06218 0.01556 0.05005 0.81373 -0.06644 0.57526
1403638539.3778295517 0.13151 -0.06219 0.03787 0.04962 0.81468 -0.06590 0.57401
1403638539.4778294563 0.14106 -0.06328 0.06617 0.04909 0.81681 -0.06489 0.57114
1403638539.5778295994 0.15116 -0.06469 0.09700 0.04875 0.81781 -0.06356 0.56988
1403638539.6778295040 0.16152 -0.06599 0.12263 0.04713 0.81844 -0.06317 0.56917
1403638539.7778294086 0.17163 -0.06683 0.13665 0.04754 0.81973 -0.06141 0.56747
1403638539.8778295517 0.18367 -0.06744 0.14318 0.04663 0.82230 -0.06089 0.56386
1403638539.9778294563 0.19813 -0.06850 0.14840 0.04482 0.82688 -0.06072 0.55729
1403638540.0778295994 0.21584 -0.07014 0.15206 0.04458 0.83277 -0.06076 0.54847
1403638540.1778295040 0.23997 -0.07196 0.15572 0.04427 0.83672 -0.06061 0.54246
1403638540.2778294086 0.27208 -0.07298 0.17087 0.04493 0.83254 -0.05923 0.54895
1403638540.3778295517 0.31068 -0.07590 0.17466 0.04575 0.82650 -0.05709 0.55816
1403638540.4778294563 0.35254 -0.07767 0.17908 0.04262 0.82431 -0.05105 0.56222
1403638540.5778295994 0.39849 -0.07766 0.18463 0.03545 0.82475 -0.03961 0.56299
1403638540.6778295040 0.44717 -0.07701 0.19004 0.02717 0.82519 -0.02247 0.56375
1403638540.7778294086 0.49743 -0.07413 0.19488 0.01933 0.82469 0.00150 0.56525
1403638540.8778295517 0.54955 -0.06852 0.19896 0.00905 0.82443 0.02947 0.56512
1403638540.9778294563 0.60172 -0.05820 0.20107 -0.00467 0.82328 0.05575 0.56488
1403638541.0778295994 0.65444 -0.04442 0.20036 -0.01851 0.82137 0.07528 0.56511
1403638541.1778295040 0.70619 -0.02695 0.19474 -0.02830 0.81977 0.08861 0.56508
1403638541.2778294086 0.75940 -0.00552 0.18760 -0.03352 0.81905 0.09747 0.56438
1403638541.3778295517 0.81628 0.02072 0.18774 -0.03656 0.81891 0.10110 0.56376
1403638541.4778294563 0.87213 0.05169 0.19327 -0.03780 0.81870 0.10139 0.56393
1403638541.5778295994 0.92688 0.08872 0.20295 -0.03712 0.81726 0.10202 0.56596
1403638541.6778295040 0.98464 0.13299 0.22388 -0.04136 0.81560 0.10509 0.56748
1403638541.7778294086 1.03981 0.18223 0.24687 -0.05132 0.81435 0.11071 0.56740
1403638541.8778295517 1.09210 0.23611 0.28067 -0.06328 0.81308 0.11968 0.56620
1403638541.9778294563 1.14207 0.29177 0.31024 -0.07508 0.81216 0.13401 0.56285
1403638542.0778295994 1.18981 0.34829 0.33327 -0.08904 0.81024 0.15104 0.55925
1403638542.1778295040 1.23679 0.40603 0.35014 -0.10437 0.80664 0.17092 0.55608
1403638542.2778294086 1.28270 0.46492 0.36038 -0.11916 0.80295 0.19416 0.55080
1403638542.3778295517 1.32955 0.52557 0.36748 -0.13279 0.79547 0.21597 0.55042
1403638542.4778294563 1.37519 0.58578 0.37310 -0.13895 0.78201 0.23642 0.55970
1403638542.5778295994 1.41918 0.64732 0.37511 -0.13510 0.76996 0.25509 0.56907
1403638542.6778295040 1.45827 0.71364 0.37908 -0.13590 0.76643 0.26456 0.56932
1403638542.7778294086 1.48952 0.78456 0.39007 -0.14527 0.77032 0.26357 0.56217
1403638542.8778295517 1.51523 0.85994 0.40842 -0.15241 0.77547 0.26058 0.55455
1403638542.9778294563 1.53724 0.93770 0.43390 -0.15694 0.77985 0.25758 0.54850
1403638543.0778295994 1.55597 1.01525 0.46100 -0.16006 0.78321 0.25466 0.54416
1403638543.1778295040 1.57469 1.09445 0.48088 -0.16052 0.78428 0.25234 0.54356
1403638543.2778294086 1.58931 1.17025 0.49994 -0.16106 0.78440 0.25017 0.54423
1403638543.3778295517 1.60909 1.25187 0.50792 -0.16071 0.78544 0.24934 0.54323
1403638543.4778294563 1.62912 1.33429 0.51311 -0.16320 0.78437 0.25391 0.54191
1403638543.5778295994 1.63955 1.40848 0.52216 -0.16875 0.78132 0.26523 0.53918
1403638543.6778295040 1.65323 1.48992 0.52623 -0.17595 0.77571 0.28305 0.53590
1403638543.7778294086 1.66338 1.57015 0.53139 -0.18640 0.76778 0.30446 0.53205
1403638543.8778295517 1.67467 1.65182 0.54358 -0.19826 0.75783 0.32702 0.52862
1403638543.9778294563 1.68831 1.73976 0.56260 -0.21242 0.74947 0.34535 0.52335
1403638544.0778295994 1.70043 1.82419 0.58509 -0.22755 0.74552 0.35667 0.51498
1403638544.1778295040 1.71469 1.91155 0.60725 -0.23814 0.74240 0.36326 0.51008
1403638544.2778294086 1.73157 2.00325 0.62326 -0.24507 0.73979 0.36672 0.50811
1403638544.3778295517 1.74972 2.09557 0.63265 -0.24673 0.73911 0.36934 0.50639
1403638544.4778294563 1.76958 2.18959 0.63947 -0.24590 0.73965 0.37045 0.50520
1403638544.5778295994 1.79315 2.28768 0.64192 -0.24773 0.73700 0.36962 0.50877
1403638544.6778295040 1.81443 2.38493 0.65623 -0.25277 0.73046 0.36904 0.51608
1403638544.7778294086 1.83752 2.48122 0.66800 -0.25406 0.72967 0.36999 0.51588
1403638544.8778295517 1.85438 2.57167 0.68604 -0.25217 0.73290 0.37221 0.51061
1403638544.9778294563 1.87697 2.66725 0.69127 -0.25231 0.73379 0.37285 0.50879
1403638545.0778295994 1.90023 2.76257 0.69159 -0.25381 0.73257 0.37277 0.50987
1403638545.1778295040 1.91451 2.84684 0.69633 -0.25355 0.73214 0.37377 0.50988
1403638545.2778294086 1.93880 2.94376 0.68384 -0.25279 0.73159 0.37535 0.50989
1403638545.3778295517 1.96269 3.03925 0.66839 -0.25457 0.72892 0.37447 0.51346
1403638545.4778294563 1.97501 3.11876 0.65967 -0.25674 0.72876 0.37532 0.51199
1403638545.5778295994 1.99649 3.21636 0.64257 -0.26093 0.72662 0.38193 0.50800
1403638545.6778295040 2.00922 3.29835 0.64162 -0.26983 0.72110 0.39342 0.50242
1403638545.7778294086 2.03614 3.43616 0.64733 -0.27837 0.71367 0.40982 0.49522
1403638545.8778295517 2.05282 3.52528 0.65656 -0.28943 0.70318 0.42943 0.48719
1403638545.9778294563 2.06978 3.61422 0.67237 -0.29941 0.69090 0.45153 0.47868
1403638546.0778295994 2.08776 3.70367 0.69113 -0.30601 0.67905 0.47061 0.47306
1403638546.1778295040 2.10658 3.79554 0.70464 -0.31382 0.67042 0.48302 0.46770
1403638546.2778294086 2.12524 3.89354 0.71054 -0.31892 0.66574 0.49066 0.46296
1403638546.3778295517 2.14312 3.99227 0.71109 -0.32533 0.66420 0.49288 0.45833
1403638546.4778294563 2.16042 4.09192 0.70618 -0.32814 0.66383 0.49416 0.45547
1403638546.5778295994 2.17727 4.19352 0.70112 -0.32920 0.66181 0.49737 0.45416
1403638546.6778295040 2.19423 4.30175 0.69862 -0.33278 0.65708 0.50326 0.45193
1403638546.7778294086 2.20948 4.40832 0.70988 -0.33523 0.65259 0.50894 0.45025
1403638546.8778295517 2.22352 4.51815 0.72964 -0.33584 0.64905 0.51380 0.44939
1403638546.9778294563 2.23685 4.63248 0.74661 -0.33443 0.64589 0.51813 0.45002
1403638547.0778295994 2.25021 4.75129 0.75477 -0.33240 0.64344 0.52143 0.45123
1403638547.1778295040 2.25894 4.87160 0.75777 -0.32927 0.64152 0.52456 0.45262
1403638547.2778294086 2.26542 4.99490 0.75551 -0.32727 0.64018 0.52602 0.45427
1403638547.3778295517 2.26392 5.11879 0.75042 -0.33019 0.64178 0.52359 0.45272
1403638547.4778294563 2.26228 5.24684 0.74135 -0.33478 0.64495 0.51978 0.44921
1403638547.5778295994 2.25842 5.37631 0.72728 -0.33782 0.64843 0.51628 0.44595
1403638547.6778295040 2.24791 5.50191 0.70772 -0.33820 0.64977 0.51444 0.44585
1403638547.7778294086 2.24188 5.63487 0.68305 -0.33602 0.64919 0.51494 0.44775
1403638547.8778295517 2.22650 5.75690 0.65368 -0.33222 0.64644 0.51682 0.45238
1403638547.9778294563 2.21584 5.89440 0.62644 -0.33232 0.64635 0.51715 0.45205
1403638548.0778295994 2.19515 6.02114 0.60530 -0.33493 0.64605 0.51925 0.44812
1403638548.1778295040 2.18014 6.17215 0.59465 -0.33933 0.64241 0.52473 0.44365
1403638548.2778294086 2.15545 6.30856 0.59248 -0.34595 0.63620 0.53320 0.43735
1403638548.3778295517 2.13134 6.44933 0.59977 -0.35370 0.62696 0.54471 0.43025
1403638548.4778294563 2.10597 6.81237 0.59720 -0.36042 0.61839 0.55545 0.42328
1403638548.5778295994 2.08088 6.97559 0.60891 -0.36701 0.61064 0.56337 0.41837
1403638548.6778295040 2.05540 7.13589 0.61817 -0.37190 0.60526 0.56879 0.41452
1403638548.7778294086 2.02906 7.29510 0.62730 -0.37471 0.60144 0.57273 0.41212
1403638548.8778295517 2.00173 7.45682 0.64313 -0.37607 0.59932 0.57534 0.41033
1403638548.9778294563 1.97391 7.61932 0.66733 -0.37753 0.59824 0.57623 0.40932
1403638549.0778295994 1.94668 7.79187 0.68679 -0.37806 0.59798 0.57666 0.40860
1403638549.1778295040 1.91766 7.94955 0.72529 -0.37937 0.59779 0.57568 0.40905
1403638549.2778294086 1.88963 8.12632 0.75548 -0.38008 0.59865 0.57471 0.40849
1403638549.3778295517 1.85993 8.28344 0.80650 -0.38251 0.59999 0.57229 0.40767
1403638549.4778294563 1.83142 8.46372 0.83850 -0.38435 0.60142 0.57016 0.40680
1403638549.5778295994 1.80328 8.61891 0.88394 -0.38592 0.60129 0.56842 0.40794
1403638549.6778295040 1.77662 8.80052 0.90709 -0.38724 0.60074 0.56694 0.40955
1403638549.7778294086 1.75116 8.94902 0.95103 -0.38586 0.60076 0.56740 0.41019
1403638549.8778295517 1.72695 9.13042 0.98153 -0.38490 0.60228 0.56755 0.40866
1403638549.9778294563 1.70375 9.27876 1.04303 -0.38482 0.60301 0.56750 0.40771
1403638550.0778295994 1.68123 9.46689 1.09033 -0.38508 0.60337 0.56726 0.40727
1403638550.1778295040 1.66568 9.61209 1.16850 -0.38617 0.60368 0.56708 0.40604
1403638550.2778294086 1.64750 9.80089 1.23162 -0.38567 0.60325 0.56797 0.40590
1403638550.3778295517 1.63832 9.93682 1.31893 -0.38609 0.60206 0.56832 0.40677
1403638550.4778294563 1.62384 10.12597 1.37904 -0.38885 0.60262 0.56682 0.40541
1403638550.5778295994 1.62285 10.24838 1.44952 -0.39323 0.60301 0.56439 0.40400
1403638550.6778295040 1.62406 10.37099 1.51058 -0.39853 0.60111 0.56096 0.40640
1403638550.7778294086 1.62659 10.50406 1.56463 -0.40185 0.60014 0.55871 0.40767
1403638550.8778295517 1.63284 10.64886 1.61306 -0.40800 0.59613 0.55451 0.41313
1403638550.9778294563 1.64213 10.78194 1.65191 -0.41390 0.59169 0.55012 0.41947
1403638551.0778295994 1.65088 10.92716 1.69098 -0.41776 0.58904 0.54725 0.42313
1403638551.1778295040 1.66248 11.06999 1.73022 -0.42237 0.58935 0.54447 0.42169
1403638551.2778294086 1.67893 11.19957 1.77094 -0.42326 0.59096 0.54336 0.41997
1403638551.3778295517 1.70055 11.32728 1.81657 -0.41871 0.59858 0.54025 0.41776
1403638551.4778294563 1.73079 11.43796 1.85734 -0.41162 0.61087 0.53078 0.41915
1403638551.5778295994 1.76717 11.55143 1.89270 -0.40564 0.62569 0.51431 0.42362
1403638551.6778295040 1.81207 11.65166 1.92327 -0.39919 0.64231 0.49565 0.42710
1403638551.7778294086 1.86572 11.75037 1.94818 -0.39026 0.65610 0.47700 0.43555
1403638551.8778295517 1.93763 11.98543 2.00672 -0.37996 0.66665 0.46154 0.44519
1403638551.9778294563 2.00999 12.07657 2.03163 -0.36829 0.66972 0.45380 0.45815
1403638552.0778295994 2.08789 12.15411 2.06311 -0.35903 0.67097 0.44877 0.46851
1403638552.1778295040 2.16978 12.22275 2.09964 -0.35356 0.67565 0.44568 0.46891
1403638552.2778294086 2.25452 12.27950 2.14026 -0.34979 0.67945 0.44471 0.46714
1403638552.3778295517 2.34156 12.32708 2.18012 -0.35213 0.68025 0.44189 0.46690
1403638552.4778294563 2.43311 12.39185 2.21487 -0.35934 0.67649 0.43642 0.47199
1403638552.5778295994 2.52814 12.42183 2.24436 -0.36517 0.67250 0.43305 0.47631
1403638552.6778295040 2.62484 12.43912 2.26723 -0.36610 0.66996 0.43432 0.47800
1403638552.7778294086 2.72464 12.45117 2.28423 -0.36577 0.66915 0.43662 0.47731
1403638552.8778295517 2.82998 12.47279 2.29486 -0.36367 0.66778 0.44057 0.47719
1403638552.9778294563 2.93313 12.46521 2.30295 -0.35956 0.66528 0.44665 0.47815
1403638553.0778295994 3.04285 12.47210 2.30348 -0.35588 0.66307 0.45204 0.47890
1403638553.1778295040 3.14794 12.45989 2.30444 -0.36138 0.65905 0.45078 0.48152
1403638553.2778294086 3.25914 12.45484 2.30360 -0.36859 0.65323 0.44760 0.48691
1403638553.3778295517 3.36580 12.42913 2.30983 -0.37027 0.64789 0.44850 0.49192
1403638553.4778294563 3.47337 12.39581 2.32092 -0.36675 0.64236 0.45210 0.49847
1403638553.5778295994 3.57737 12.35183 2.33760 -0.36357 0.63808 0.45508 0.50356
1403638553.6778295040 3.67765 12.29559 2.35723 -0.36124 0.63719 0.45736 0.50430
1403638553.7778294086 3.77532 12.22811 2.38518 -0.35934 0.63772 0.45923 0.50328
1403638553.8778295517 3.86348 12.14921 2.41561 -0.35709 0.63957 0.46065 0.50124
1403638553.9778294563 3.93168 12.06525 2.45265 -0.35568 0.64306 0.46061 0.49780
1403638554.0778295994 4.00753 11.96926 2.47637 -0.35419 0.64637 0.46146 0.49377
1403638554.1778295040 4.08311 11.87938 2.50891 -0.34908 0.64953 0.46488 0.49004
1403638554.2778294086 4.15728 11.77688 2.52167 -0.34126 0.65551 0.47063 0.48204
1403638554.3778295517 4.22974 11.68482 2.54477 -0.33516 0.65904 0.47496 0.47723
1403638554.4778294563 4.29927 11.59106 2.56301 -0.33236 0.66061 0.47698 0.47499
1403638554.5778295994 4.36373 11.49751 2.57567 -0.33330 0.66164 0.47648 0.47341
1403638554.6778295040 4.42914 11.39838 2.58152 -0.33928 0.66381 0.47267 0.46993
1403638554.7778294086 4.48233 11.31105 2.60012 -0.34364 0.66484 0.46906 0.46892
1403638554.8778295517 4.54735 11.21359 2.61609 -0.34674 0.66493 0.46710 0.46847
1403638554.9778294563 4.61333 11.11660 2.63365 -0.34928 0.66559 0.46387 0.46886
1403638555.0778295994 4.65619 11.04888 2.65167 -0.34460 0.66950 0.45891 0.47161
1403638555.1778295040 4.72411 10.94849 2.65455 -0.33802 0.67547 0.45211 0.47442
1403638555.2778294086 4.73694 10.92144 2.65718 -0.32997 0.68293 0.44302 0.47798
1403638555.3778295517 4.81915 10.82167 2.66201 -0.32317 0.68587 0.43838 0.48267
1403638555.4778294563 4.89679 10.72283 2.66017 -0.31751 0.68783 0.43530 0.48640
1403638555.5778295994 4.96232 10.64092 2.65488 -0.31485 0.68932 0.43251 0.48851
1403638555.6778295040 5.05192 10.52336 2.65817 -0.31483 0.69072 0.43102 0.48786
1403638555.7778294086 5.12102 10.44748 2.66737 -0.31377 0.69200 0.43131 0.48647
1403638555.8778295517 5.19073 10.34917 2.68262 -0.31311 0.69202 0.43230 0.48599
1403638555.9778294563 5.26348 10.25173 2.70872 -0.31180 0.69077 0.43393 0.48716
1403638556.0778295994 5.33437 10.15974 2.73320 -0.31024 0.69092 0.43526 0.48676
1403638556.1778295040 5.40431 10.07841 2.75881 -0.30921 0.69546 0.43567 0.48054
1403638556.2778294086 5.47738 9.98927 2.77187 -0.30782 0.69877 0.43665 0.47572
1403638556.3778295517 5.55075 9.91327 2.78777 -0.30648 0.70105 0.43729 0.47263
1403638556.4778294563 5.62872 9.82660 2.79462 -0.30421 0.70414 0.43853 0.46833
1403638556.5778295994 5.70168 9.77532 2.80996 -0.30335 0.70741 0.43793 0.46450
1403638556.6778295040 5.77730 9.72705 2.82507 -0.31052 0.71010 0.43166 0.46153
1403638556.7778294086 5.86250 9.65795 2.84255 -0.31707 0.70678 0.42694 0.46652
1403638556.8778295517 5.66856 9.94967 2.83228 -0.31698 0.70840 0.41929 0.47105
1403638556.9778294563 5.73301 9.91569 2.85620 -0.32032 0.70690 0.41666 0.47336
1403638557.0778295994 5.81382 9.86906 2.87507 -0.31906 0.70534 0.41815 0.47523
1403638557.1778295040 5.90371 9.81596 2.88870 -0.31773 0.70357 0.41982 0.47727
1403638557.2778294086 5.98062 9.77543 2.89547 -0.31640 0.70259 0.42070 0.47882
1403638557.3778295517 6.07269 9.72656 2.90157 -0.31399 0.70133 0.42287 0.48034
1403638557.4778294563 6.09955 9.72898 2.89536 -0.30736 0.69875 0.42656 0.48510
1403638557.5778295994 6.20169 9.67280 2.91174 -0.30311 0.69625 0.42989 0.48842
1403638557.6778295040 6.30509 9.61911 2.93214 -0.30091 0.69496 0.43200 0.48975
1403638557.7778294086 6.42330 9.55714 2.95829 -0.30150 0.69438 0.43207 0.49015
1403638557.8778295517 6.51729 9.51095 2.97466 -0.29881 0.69424 0.43357 0.49067
1403638557.9778294563 6.58344 9.48063 2.98184 -0.29573 0.69564 0.43491 0.48937
1403638558.0778295994 6.64588 9.45291 2.98306 -0.29459 0.69953 0.43538 0.48406
1403638558.1778295040 7.15524 9.20286 3.03571 -0.29781 0.70321 0.44153 0.47101
1403638558.2778294086 7.24652 9.17020 3.04164 -0.29388 0.70755 0.44276 0.46580
1403638558.3778295517 7.37258 9.13017 3.06248 -0.28914 0.70896 0.44546 0.46406
1403638558.4778294563 7.55019 9.07375 3.09765 -0.28241 0.71302 0.44891 0.45861
1403638558.5778295994 7.49437 9.13335 3.11380 -0.28151 0.71647 0.44555 0.45707
1403638558.6778295040 7.59173 9.13420 3.15232 -0.28958 0.71720 0.43889 0.45732
1403638558.7778294086 7.70110 9.13635 3.18957 -0.29730 0.71679 0.43273 0.45887
1403638558.8778295517 7.79440 9.15154 3.21786 -0.29961 0.71560 0.43033 0.46148
1403638558.9778294563 7.90463 9.16411 3.24034 -0.30117 0.71081 0.42906 0.46898
1403638559.0778295994 8.01343 9.17982 3.25320 -0.30166 0.70633 0.42890 0.47555
1403638559.1778295040 8.23665 9.17264 3.28305 -0.30235 0.70292 0.43005 0.47911
1403638559.2778294086 8.36398 9.19142 3.28667 -0.30000 0.70025 0.43231 0.48245
1403638559.3778295517 8.50815 9.20858 3.28743 -0.29596 0.69822 0.43550 0.48502
1403638559.4778294563 8.57464 9.23272 3.26794 -0.29384 0.69576 0.43746 0.48806
1403638559.5778295994 8.74962 9.25284 3.26502 -0.29243 0.69392 0.43916 0.49000
1403638559.6778295040 8.85810 9.27563 3.24718 -0.29311 0.69280 0.43932 0.49103
1403638559.7778294086 8.97458 9.29841 3.23293 -0.29344 0.69196 0.44002 0.49140
1403638559.8778295517 9.12895 9.32922 3.23024 -0.29447 0.69302 0.43929 0.48993
1403638559.9778294563 9.24448 9.35680 3.22256 -0.29335 0.69643 0.43327 0.49113
1403638560.0778295994 9.36415 9.38928 3.21178 -0.28798 0.70402 0.42027 0.49477
1403638560.1778295040 9.48091 9.42037 3.19261 -0.27813 0.71333 0.40193 0.50225
1403638560.2778294086 9.59434 9.45244 3.16780 -0.26566 0.72364 0.38040 0.51095
1403638560.3778295517 9.71293 9.48462 3.14045 -0.25425 0.73085 0.35594 0.52395
1403638560.4778294563 9.82387 9.51427 3.10909 -0.24136 0.73824 0.33052 0.53619
1403638560.5778295994 9.93003 9.53893 3.07270 -0.22999 0.74679 0.30338 0.54531
1403638560.6778295040 10.03505 9.55985 3.03191 -0.22035 0.75662 0.27513 0.55071
1403638560.7778294086 10.13668 9.57428 2.99391 -0.21332 0.76477 0.24941 0.55445
1403638560.8778295517 10.22458 9.57699 2.96527 -0.20262 0.77063 0.22631 0.56023
1403638560.9778294563 10.21317 9.54964 2.96488 -0.19105 0.77394 0.20486 0.56793
1403638561.0778295994 10.30655 9.53855 2.95069 -0.17878 0.77602 0.18495 0.57587
1403638561.1778295040 10.38739 9.51665 2.94397 -0.16778 0.77695 0.16718 0.58331
1403638561.2778294086 10.46290 9.48726 2.94459 -0.16065 0.77689 0.15364 0.58909
1403638561.3778295517 10.52851 9.44911 2.94841 -0.15162 0.78139 0.14868 0.58680
1403638561.4778294563 10.58388 9.40399 2.95055 -0.13810 0.78735 0.15201 0.58129
1403638561.5778295994 10.64598 9.35592 2.94502 -0.12846 0.79095 0.15659 0.57738
1403638561.6778295040 10.70526 9.30572 2.93519 -0.12456 0.79270 0.15933 0.57509
1403638561.7778294086 10.78280 9.25313 2.91619 -0.12360 0.79297 0.16161 0.57429
1403638561.8778295517 10.83523 9.19714 2.89139 -0.12108 0.79233 0.16228 0.57551
1403638561.9778294563 10.88355 9.14306 2.86850 -0.11601 0.79321 0.15797 0.57655
1403638562.0778295994 10.92897 9.08349 2.84144 -0.10869 0.79475 0.14919 0.57819
1403638562.1778295040 10.98164 9.02352 2.82450 -0.10110 0.79643 0.13939 0.57969
1403638562.2778294086 11.02648 8.96655 2.81178 -0.09449 0.79733 0.13099 0.58153
1403638562.3778295517 11.07056 8.90756 2.80463 -0.08839 0.79800 0.11895 0.58415
1403638562.4778294563 11.12445 8.83769 2.79805 -0.08042 0.80005 0.10273 0.58557
1403638562.5778295994 11.16150 8.77657 2.80226 -0.07083 0.80194 0.08251 0.58742
1403638562.6778295040 11.19364 8.71460 2.81182 -0.06216 0.80422 0.05825 0.58820
1403638562.7778294086 11.21882 8.65513 2.82441 -0.05318 0.80519 0.03177 0.58977
1403638562.8778295517 11.23835 8.59244 2.83416 -0.03963 0.80580 0.00698 0.59082
1403638562.9778294563 11.25552 8.52432 2.83771 -0.02513 0.80594 -0.01582 0.59125
1403638563.0778295994 11.26792 8.45286 2.83623 -0.01623 0.80522 -0.03991 0.59141
1403638563.1778295040 11.22021 8.45733 2.84022 -0.00202 0.80438 -0.06130 0.59094
1403638563.2778294086 11.21794 8.38328 2.83030 0.00936 0.80091 -0.07487 0.59401
1403638563.3778295517 11.21021 8.30486 2.81517 0.01596 0.79292 -0.08406 0.60328
1403638563.4778294563 11.19947 8.21210 2.79323 0.01691 0.78674 -0.09041 0.61040
1403638563.5778295994 11.17847 8.11812 2.77035 0.02229 0.78741 -0.08996 0.60943
1403638563.6778295040 11.14689 8.02456 2.75328 0.02264 0.79091 -0.09033 0.60480
1403638563.7778294086 11.11387 7.91150 2.74036 0.01888 0.79337 -0.09024 0.60172
1403638563.8778295517 11.06854 7.80239 2.73667 0.01576 0.79304 -0.08927 0.60238
1403638563.9778294563 11.02085 7.68476 2.73976 0.01230 0.79210 -0.08753 0.60396
1403638564.0778295994 10.96085 7.56570 2.74006 0.00788 0.79285 -0.08529 0.60337
1403638564.1778295040 10.89406 7.44047 2.73507 0.00623 0.79294 -0.08060 0.60392
1403638564.2778294086 10.82819 7.28854 2.72758 0.00658 0.79155 -0.07463 0.60650
1403638564.3778295517 10.74818 7.15112 2.72432 0.00660 0.79029 -0.06951 0.60874
1403638564.4778294563 10.66486 7.00814 2.73258 0.00744 0.78917 -0.06521 0.61065
1403638564.5778295994 10.56709 6.86515 2.74033 0.00473 0.79097 -0.06477 0.60839
1403638564.6778295040 10.46462 6.72021 2.75344 -0.00030 0.79263 -0.06774 0.60593
1403638564.7778294086 10.35132 6.56779 2.75193 -0.00404 0.79313 -0.07079 0.60490
1403638564.8778295517 10.23439 6.41802 2.75502 -0.00589 0.79254 -0.07343 0.60536
1403638564.9778294563 10.11118 6.24888 2.72612 -0.00775 0.79197 -0.07506 0.60588
1403638565.0778295994 9.98273 6.08889 2.69538 -0.00865 0.79231 -0.07606 0.60530
1403638565.1778295040 9.83331 5.87813 2.64186 -0.00987 0.79297 -0.07564 0.60447
1403638565.2778294086 9.69599 5.70543 2.58399 -0.00791 0.79396 -0.07515 0.60325
1403638565.3778295517 9.55491 5.52607 2.52135 -0.00485 0.79504 -0.07418 0.60199
1403638565.4778294563 9.41007 5.33822 2.45508 -0.00162 0.79439 -0.07337 0.60296
1403638565.5778295994 9.25785 5.14533 2.39645 0.00548 0.79240 -0.07143 0.60578
1403638565.6778295040 9.10544 4.95217 2.34339 0.01762 0.79225 -0.06571 0.60639
1403638565.7778294086 8.94916 4.75838 2.29464 0.02688 0.79507 -0.06166 0.60278
1403638565.8778295517 8.78519 4.56727 2.25332 0.03433 0.79731 -0.05866 0.59973
1403638565.9778294563 8.61667 4.37827 2.21584 0.03692 0.79909 -0.05945 0.59712
1403638566.0778295994 8.44783 4.19559 2.17375 0.03875 0.80008 -0.06013 0.59562
1403638566.1778295040 8.27740 4.01706 2.12412 0.03699 0.80021 -0.06180 0.59538
1403638566.2778294086 8.10850 3.84605 2.06758 0.03798 0.79984 -0.06126 0.59587
1403638566.3778295517 7.93496 3.66995 2.00054 0.03833 0.80085 -0.06034 0.59459
1403638566.4778294563 7.75997 3.49411 1.92649 0.03502 0.80105 -0.06108 0.59444
1403638566.5778295994 7.60128 3.34619 1.85300 0.03502 0.80432 -0.06007 0.59012
1403638566.6778295040 7.45236 3.21024 1.77433 0.03479 0.81391 -0.05942 0.57689
1403638566.7778294086 7.27224 3.03088 1.67515 0.03318 0.82559 -0.05761 0.56034
1403638566.8778295517 7.09512 2.84680 1.56915 0.03078 0.83359 -0.05622 0.54865
1403638566.9778294563 6.95018 2.70063 1.47139 0.03109 0.83764 -0.05386 0.54267
1403638567.0778295994 6.81493 2.56158 1.37549 0.03172 0.82952 -0.05251 0.55509
1403638567.1778295040 6.65225 2.38535 1.26146 0.03393 0.81694 -0.04960 0.57358
1403638567.2778294086 6.52401 2.24590 1.15567 0.03781 0.80827 -0.04784 0.58565
1403638567.3778295517 6.40282 2.11880 1.04805 0.04139 0.80641 -0.04763 0.58798
1403638567.4778294563 6.26855 1.98204 0.93798 0.04353 0.80717 -0.04874 0.58669
1403638567.5778295994 6.13101 1.84576 0.83282 0.04493 0.81065 -0.05073 0.58159
1403638567.6778295040 5.99963 1.71850 0.74089 0.04842 0.81394 -0.05155 0.57663
1403638567.7778294086 5.86753 1.59143 0.65593 0.05048 0.81721 -0.05232 0.57174
1403638567.8778295517 5.74223 1.46947 0.58011 0.04971 0.82060 -0.05478 0.56669
1403638567.9778294563 5.63168 1.35682 0.51435 0.04988 0.82158 -0.05596 0.56514
1403638568.0778295994 5.52785 1.24871 0.45843 0.05316 0.82153 -0.05434 0.56508
1403638568.1778295040 5.42865 1.14615 0.41317 0.05549 0.82089 -0.05321 0.56589
1403638568.2778294086 5.33550 1.05183 0.37836 0.05678 0.82079 -0.05371 0.56586
1403638568.3778295517 5.24907 0.96417 0.34670 0.05715 0.82131 -0.05431 0.56501
1403638568.4778294563 5.15437 0.87173 0.29809 0.05772 0.82214 -0.05435 0.56374
1403638568.5778295994 5.09236 0.80735 0.27044 0.05908 0.82364 -0.05416 0.56142
1403638568.6778295040 5.00928 0.72546 0.21738 0.06043 0.82547 -0.05292 0.55871
1403638568.7778294086 4.81809 0.53755 0.11813 0.06002 0.82747 -0.05302 0.55578
1403638568.8778295517 4.76541 0.48467 0.09795 0.05863 0.82687 -0.05497 0.55662
1403638568.9778294563 4.69383 0.41202 0.06134 0.06068 0.82637 -0.05332 0.55730
1403638569.0778295994 4.65512 0.37401 0.06070 0.06285 0.82625 -0.05269 0.55730
1403638569.1778295040 4.59785 0.31378 0.04185 0.06349 0.82706 -0.05275 0.55603
1403638569.2778294086 4.58516 0.30544 0.06078 0.06633 0.82841 -0.05233 0.55371
1403638569.3778295517 4.54198 0.25837 0.03960 0.06726 0.82835 -0.05211 0.55372
1403638569.4778294563 4.54631 0.26668 0.05098 0.06875 0.82701 -0.05218 0.55552
1403638569.5778295994 4.52080 0.23723 0.02570 0.06965 0.82576 -0.05183 0.55730
1403638569.6778295040 4.50684 0.22146 0.01049 0.06904 0.82461 -0.05286 0.55897
1403638569.7778294086 4.49826 0.21309 0.00223 0.07027 0.82381 -0.05233 0.56005
1403638569.8778295517 4.53882 0.26356 0.03590 0.07231 0.82268 -0.05179 0.56150
1403638569.9778294563 4.54157 0.26829 0.03848 0.07133 0.82116 -0.05263 0.56377
1403638570.0778295994 4.55004 0.28197 0.04068 0.06926 0.82054 -0.05425 0.56478
1403638570.1778295040 4.56069 0.29936 0.03664 0.06450 0.82063 -0.05716 0.56493
1403638570.2778294086 4.57271 0.31881 0.02713 0.05713 0.81997 -0.06185 0.56617
1403638570.3778295517 4.58634 0.33907 0.01397 0.05098 0.81946 -0.06923 0.56666
1403638570.4778294563 4.61048 0.37199 0.01232 0.04693 0.81833 -0.08495 0.56649
1403638570.5778295994 4.61803 0.37870 -0.01949 0.03999 0.81455 -0.11183 0.56781
1403638570.6778295040 4.62403 0.38449 -0.04503 0.04099 0.80804 -0.14090 0.57056
1403638570.7778294086 4.63112 0.37851 -0.07589 0.04834 0.79568 -0.16782 0.58000
1403638570.8778295517 4.63999 0.36657 -0.10413 0.06065 0.78283 -0.19144 0.58894
1403638570.9778294563 4.62838 0.33489 -0.14437 0.07613 0.77359 -0.21240 0.59216
1403638571.0778295994 4.60795 0.29325 -0.18907 0.09263 0.76986 -0.23134 0.58755
1403638571.1778295040 4.57600 0.24338 -0.23358 0.11362 0.77173 -0.24393 0.57621
1403638571.2778294086 4.53641 0.18637 -0.26689 0.13328 0.77254 -0.25038 0.56809
1403638571.3778295517 4.48927 0.12516 -0.28987 0.14555 0.77155 -0.25564 0.56407
1403638571.4778294563 4.43797 0.06144 -0.30213 0.15145 0.76849 -0.26018 0.56462
1403638571.5778295994 4.38071 -0.00268 -0.30794 0.15838 0.76579 -0.26429 0.56448
1403638571.6778295040 4.31847 -0.07244 -0.32193 0.16435 0.76499 -0.27363 0.55938
1403638571.7778294086 4.25289 -0.14384 -0.33941 0.17210 0.76375 -0.28702 0.55199
1403638571.8778295517 4.19219 -0.20249 -0.34609 0.17720 0.76044 -0.30332 0.54620
1403638571.9778294563 4.12188 -0.27960 -0.36119 0.18332 0.75406 -0.32237 0.54209
1403638572.0778295994 4.04618 -0.36264 -0.37185 0.19169 0.74652 -0.34098 0.53823
1403638572.1778295040 3.95618 -0.46260 -0.38083 0.20726 0.73895 -0.35592 0.53321
1403638572.2778294086 3.85112 -0.57654 -0.38919 0.22105 0.73366 -0.37221 0.52377
1403638572.3778295517 3.76430 -0.66720 -0.38960 0.23499 0.72738 -0.39111 0.51258
1403638572.4778294563 3.63249 -0.83285 -0.40882 0.24391 0.72489 -0.40102 0.50420
1403638572.5778295994 3.51674 -0.98064 -0.42113 0.25226 0.72187 -0.40801 0.49879
1403638572.6778295040 3.43457 -1.08490 -0.42051 0.25850 0.71967 -0.41376 0.49402
1403638572.7778294086 3.32897 -1.22810 -0.41865 0.26562 0.72122 -0.41325 0.48837
1403638572.8778295517 3.28892 -1.27615 -0.38910 0.27463 0.72093 -0.41600 0.48143
1403638572.9778294563 3.23464 -1.36452 -0.36163 0.27696 0.72235 -0.41630 0.47770
1403638573.0778295994 3.17048 -1.47479 -0.34206 0.27686 0.72421 -0.41566 0.47550
1403638573.1778295040 3.11028 -1.58755 -0.32953 0.27566 0.72562 -0.41496 0.47466
1403638573.2778294086 3.04724 -1.70977 -0.32203 0.27414 0.72710 -0.41311 0.47489
1403638573.3778295517 2.98813 -1.84206 -0.31086 0.27334 0.72796 -0.41236 0.47467
1403638573.4778294563 2.93411 -1.97148 -0.29971 0.27644 0.72802 -0.41256 0.47260
1403638573.5778295994 2.89547 -2.09918 -0.27622 0.27845 0.72779 -0.41314 0.47127
1403638573.6778295040 2.86293 -2.22459 -0.24715 0.28173 0.72790 -0.41408 0.46832
1403638573.7778294086 2.82719 -2.36754 -0.21434 0.28849 0.72414 -0.41736 0.46713
1403638573.8778295517 2.80269 -2.50187 -0.18326 0.30246 0.71342 -0.42267 0.46999
1403638573.9778294563 2.78217 -2.63683 -0.15817 0.31445 0.69728 -0.43555 0.47458
1403638574.0778295994 2.76365 -2.76928 -0.14040 0.32053 0.67596 -0.45625 0.48185
1403638574.1778295040 2.74680 -2.89447 -0.12876 0.32683 0.65258 -0.47930 0.48743
1403638574.2778294086 2.72987 -3.01073 -0.12337 0.33641 0.63270 -0.50087 0.48543
1403638574.3778295517 2.70409 -3.12642 -0.12121 0.34858 0.61829 -0.52028 0.47490
1403638574.4778294563 2.66780 -3.24808 -0.12109 0.36156 0.60574 -0.53782 0.46163
1403638574.5778295994 2.62928 -3.35869 -0.11940 0.37164 0.59433 -0.55147 0.45225
1403638574.6778295040 2.58148 -3.48966 -0.10520 0.38301 0.58776 -0.55827 0.44293
1403638574.7778294086 2.53799 -3.61781 -0.08549 0.39338 0.58750 -0.56087 0.43073
1403638574.8778295517 2.49053 -3.75736 -0.06168 0.39427 0.58965 -0.56539 0.42096
1403638574.9778294563 2.44679 -3.87708 -0.04368 0.39271 0.59194 -0.56883 0.41451
1403638575.0778295994 2.37804 -4.06759 -0.02670 0.38449 0.59122 -0.57404 0.41606
1403638575.1778295040 2.32348 -4.20050 -0.02049 0.37868 0.58862 -0.57720 0.42067
1403638575.2778294086 2.26813 -4.32446 -0.01983 0.37542 0.58734 -0.57800 0.42427
1403638575.3778295517 2.22443 -4.41023 -0.02515 0.37250 0.59052 -0.57809 0.42230
1403638575.4778294563 2.16316 -4.53402 -0.03347 0.37057 0.59609 -0.57679 0.41794
1403638575.5778295994 2.11197 -4.62879 -0.04096 0.36998 0.60096 -0.57463 0.41444
1403638575.6778295040 2.04531 -4.75943 -0.04170 0.37332 0.60749 -0.56973 0.40865
1403638575.7778294086 1.98174 -4.88464 -0.03438 0.37417 0.61409 -0.56709 0.40162
1403638575.8778295517 1.91771 -5.01945 -0.01791 0.37399 0.61836 -0.56528 0.39777
1403638575.9778294563 1.85982 -5.15349 0.00946 0.37361 0.61870 -0.56459 0.39858
1403638576.0778295994 1.82612 -5.24994 0.04404 0.37475 0.61904 -0.56335 0.39873
1403638576.1778295040 1.77628 -5.38787 0.08433 0.37580 0.61742 -0.56288 0.40092
1403638576.2778294086 1.73375 -5.52255 0.12107 0.38003 0.61789 -0.56046 0.39959
1403638576.3778295517 1.69739 -5.65729 0.15126 0.38478 0.61936 -0.55769 0.39663
1403638576.4778294563 1.66669 -5.79292 0.17522 0.38875 0.62185 -0.55544 0.39199
1403638576.5778295994 1.64465 -5.92677 0.19289 0.39323 0.62590 -0.55276 0.38480
1403638576.6778295040 1.62136 -6.08188 0.20743 0.39640 0.62737 -0.55076 0.38201
1403638576.7778294086 1.61769 -6.21070 0.21233 0.40175 0.62498 -0.54700 0.38573
1403638576.8778295517 1.61346 -6.35456 0.21430 0.40487 0.62003 -0.54498 0.39326
1403638576.9778294563 1.62165 -6.47886 0.20873 0.40337 0.61355 -0.54634 0.40294
1403638577.0778295994 1.62091 -6.64246 0.20972 0.39922 0.60974 -0.54958 0.40841
1403638577.1778295040 1.62092 -6.81835 0.21986 0.39650 0.60696 -0.55170 0.41233
1403638577.2778294086 1.62918 -6.97660 0.23331 0.39682 0.60752 -0.55153 0.41143
1403638577.3778295517 1.64739 -7.09721 0.25234 0.40316 0.61188 -0.54665 0.40526
1403638577.4778294563 1.66347 -7.24551 0.27919 0.40732 0.61448 -0.54351 0.40137
1403638577.5778295994 1.68398 -7.40278 0.30260 0.40436 0.61447 -0.54536 0.40187
1403638577.6778295040 1.71223 -7.52688 0.31817 0.40107 0.61334 -0.54731 0.40423
1403638577.7778294086 1.74272 -7.65605 0.32632 0.39842 0.61279 -0.54878 0.40570
1403638577.8778295517 1.77682 -7.79208 0.32817 0.39813 0.61300 -0.54855 0.40598
1403638577.9778294563 1.81259 -8.03603 0.33327 0.39907 0.61377 -0.54763 0.40513
1403638578.0778295994 1.85497 -8.18283 0.33873 0.39800 0.61310 -0.54749 0.40737
1403638578.1778295040 1.90458 -8.32142 0.35257 0.39376 0.60998 -0.54983 0.41299
1403638578.2778294086 1.95521 -8.48150 0.37215 0.38573 0.60493 -0.55527 0.42065
1403638578.3778295517 2.00320 -8.60863 0.39008 0.38382 0.60252 -0.55671 0.42393
1403638578.4778294563 2.04854 -8.73973 0.40171 0.38399 0.60210 -0.55705 0.42394
1403638578.5778295994 2.09202 -8.87276 0.40866 0.38402 0.60150 -0.55769 0.42393
1403638578.6778295040 2.13370 -9.00865 0.40890 0.38647 0.60141 -0.55652 0.42336
1403638578.7778294086 2.17333 -9.13811 0.40904 0.39162 0.60407 -0.55320 0.41917
1403638578.8778295517 2.21385 -9.27149 0.40254 0.39652 0.60701 -0.54969 0.41490
1403638578.9778294563 2.25604 -9.39216 0.39977 0.39894 0.60844 -0.54762 0.41324
1403638579.0778295994 2.30110 -9.52461 0.40175 0.39937 0.60920 -0.54662 0.41303
1403638579.1778295040 2.37101 -9.76613 0.42122 0.40049 0.60907 -0.54641 0.41240
1403638579.2778294086 2.42590 -9.89959 0.43684 0.39835 0.60812 -0.54745 0.41449
1403638579.3778295517 2.49276 -10.06710 0.45957 0.39322 0.60466 -0.55128 0.41935
1403638579.4778294563 2.54923 -10.20136 0.47313 0.38771 0.60036 -0.55495 0.42577
1403638579.5778295994 2.60761 -10.33108 0.48532 0.38683 0.59806 -0.55209 0.43347
1403638579.6778295040 2.66494 -10.46584 0.49202 0.38941 0.59940 -0.53995 0.44444
1403638579.7778294086 2.72448 -10.61217 0.49270 0.38815 0.61093 -0.52165 0.45164
1403638579.8778295517 2.78123 -10.73924 0.48538 0.37749 0.63218 -0.50162 0.45412
1403638579.9778294563 2.83855 -10.86024 0.47244 0.36072 0.65370 -0.47781 0.46287
1403638580.0778295994 2.89596 -10.97261 0.45766 0.34708 0.67024 -0.44418 0.48272
1403638580.1778295040 2.96970 -11.12777 0.43940 0.32847 0.68657 -0.40863 0.50374
1403638580.2778294086 3.02885 -11.21741 0.41476 0.30271 0.70557 -0.37491 0.51959
1403638580.3778295517 3.08541 -11.30087 0.38358 0.27283 0.72333 -0.34974 0.52919
1403638580.4778294563 2.96516 -10.89068 0.35951 0.24337 0.73631 -0.32814 0.53940
1403638580.5778295994 2.95805 -10.87674 0.33230 0.22515 0.74445 -0.31447 0.54424
1403638580.6778295040 2.98003 -10.91100 0.30299 0.20990 0.75524 -0.30036 0.54345
1403638580.7778294086 2.98486 -10.90120 0.27854 0.19863 0.76631 -0.28556 0.54016
1403638580.8778295517 2.99679 -10.92861 0.26175 0.19369 0.77374 -0.27492 0.53687
1403638580.9778294563 3.03073 -11.01930 0.25943 0.18734 0.77563 -0.27166 0.53805
1403638581.0778295994 3.07954 -11.10705 0.27583 0.18627 0.77693 -0.27078 0.53700
1403638581.1778295040 3.09785 -11.13802 0.28676 0.18879 0.77695 -0.26921 0.53688
1403638581.2778294086 3.11383 -11.16606 0.29618 0.19280 0.77703 -0.26891 0.53548
1403638581.3778295517 3.15811 -11.23719 0.32603 0.19624 0.77586 -0.27045 0.53516
1403638581.4778294563 3.17992 -11.26588 0.34578 0.19907 0.77367 -0.27213 0.53643
1403638581.5778295994 3.20486 -11.31066 0.37524 0.20181 0.77319 -0.27392 0.53517
1403638581.6778295040 3.22561 -11.33878 0.39474 0.20702 0.76911 -0.27361 0.53921
1403638581.7778294086 3.25148 -11.37943 0.41260 0.20899 0.76565 -0.27479 0.54277
1403638581.8778295517 3.27898 -11.41133 0.41876 0.21201 0.76263 -0.27458 0.54594
1403638581.9778294563 3.30179 -11.43306 0.42042 0.21628 0.75519 -0.27257 0.55553
1403638582.0778295994 3.36856 -11.53124 0.42789 0.22122 0.75405 -0.27795 0.55247
1403638582.1778295040 3.38103 -11.52957 0.43622 0.21707 0.76104 -0.28187 0.54244
1403638582.2778294086 3.40466 -11.54429 0.45592 0.21723 0.76406 -0.28205 0.53803
1403638582.3778295517 3.41772 -11.54008 0.48390 0.21958 0.76104 -0.27940 0.54271
1403638582.4778294563 3.44016 -11.54416 0.52146 0.22176 0.75994 -0.27777 0.54421
1403638582.5778295994 3.46207 -11.54373 0.57022 0.22285 0.75938 -0.27669 0.54509
1403638582.6778295040 3.50108 -11.57948 0.63009 0.22152 0.76090 -0.27645 0.54363
1403638582.7778294086 3.52663 -11.57353 0.69532 0.21971 0.76237 -0.27837 0.54132
1403638582.8778295517 3.55156 -11.56236 0.76168 0.22013 0.76363 -0.27906 0.53901
1403638582.9778294563 3.57698 -11.54885 0.82118 0.21888 0.76573 -0.28085 0.53560
1403638583.0778295994 3.60202 -11.53396 0.87267 0.21780 0.76813 -0.28273 0.53160
1403638583.1778295040 3.62829 -11.51722 0.91584 0.21767 0.76967 -0.28359 0.52897
1403638583.2778294086 3.65625 -11.49884 0.95235 0.21640 0.77018 -0.28495 0.52801
1403638583.3778295517 3.68357 -11.49350 0.97746 0.21670 0.76990 -0.28441 0.52858
1403638583.4778294563 3.71472 -11.47348 1.00751 0.21683 0.77057 -0.28457 0.52747
1403638583.5778295994 3.74781 -11.45407 1.04268 0.21695 0.77054 -0.28448 0.52751
1403638583.6778295040 3.78208 -11.43276 1.08514 0.21860 0.77088 -0.28328 0.52698
1403638583.7778294086 3.81845 -11.40948 1.12782 0.21835 0.77057 -0.28329 0.52753
1403638583.8778295517 3.83577 -11.39129 1.14834 0.21890 0.76970 -0.28266 0.52891
1403638583.9778294563 3.87507 -11.36674 1.17866 0.21927 0.76974 -0.28234 0.52887
1403638584.0778295994 3.91348 -11.34041 1.20215 0.22234 0.76643 -0.27991 0.53367
1403638584.1778295040 3.94025 -11.32472 1.20714 0.22675 0.75770 -0.27581 0.54627
1403638584.2778294086 3.98376 -11.29316 1.22265 0.22949 0.74886 -0.27300 0.55858
1403638584.3778295517 4.00662 -11.26079 1.21314 0.23087 0.74627 -0.27129 0.56230
1403638584.4778294563 4.02808 -11.21174 1.20353 0.23164 0.74617 -0.27057 0.56246
1403638584.5778295994 4.05318 -11.15633 1.20083 0.23132 0.74635 -0.27071 0.56229
1403638584.6778295040 4.07227 -11.09377 1.20391 0.22896 0.74806 -0.27217 0.56028
1403638584.7778294086 4.08231 -11.01909 1.21128 0.22548 0.75440 -0.27523 0.55162
1403638584.8778295517 4.09590 -10.94472 1.22628 0.21873 0.76179 -0.28031 0.54154
1403638584.9778294563 4.10031 -10.86307 1.23151 0.21678 0.76510 -0.28257 0.53646
1403638585.0778295994 4.10999 -10.78059 1.23101 0.21644 0.76625 -0.28332 0.53456
1403638585.1778295040 4.12523 -10.70458 1.22938 0.21407 0.76601 -0.28495 0.53499
1403638585.2778294086 4.13473 -10.61817 1.22625 0.21532 0.76410 -0.28402 0.53770
1403638585.3778295517 4.15033 -10.54060 1.21608 0.21603 0.76207 -0.28321 0.54072
1403638585.4778294563 4.15444 -10.46033 1.20616 0.21591 0.76221 -0.28337 0.54048
1403638585.5778295994 4.17121 -10.38158 1.19970 0.21495 0.76402 -0.28366 0.53815
1403638585.6778295040 4.17520 -10.30145 1.20417 0.21462 0.76650 -0.28367 0.53474
1403638585.7778294086 4.19425 -10.22160 1.21381 0.21115 0.77142 -0.28617 0.52767
1403638585.8778295517 4.20174 -10.14013 1.23665 0.20838 0.77505 -0.28826 0.52229
1403638585.9778294563 4.23358 -10.01625 1.26714 0.20739 0.77441 -0.29087 0.52218
1403638586.0778295994 4.24667 -9.94339 1.30034 0.20942 0.77032 -0.28974 0.52801
1403638586.1778295040 4.27574 -9.86940 1.32132 0.21145 0.76755 -0.28911 0.53157
1403638586.2778294086 4.29125 -9.79066 1.34246 0.21392 0.76491 -0.28780 0.53509
1403638586.3778295517 4.32037 -9.71650 1.35301 0.21996 0.76200 -0.28406 0.53878
1403638586.4778294563 4.32010 -9.67521 1.36273 0.22759 0.76064 -0.27870 0.54033
1403638586.5778295994 4.34607 -9.59923 1.36261 0.22986 0.75997 -0.27753 0.54091
1403638586.6778295040 4.35429 -9.51978 1.36073 0.22683 0.76069 -0.27964 0.54009
1403638586.7778294086 4.38009 -9.43975 1.34781 0.22282 0.76024 -0.28239 0.54097
1403638586.8778295517 4.39094 -9.34832 1.33657 0.22073 0.75902 -0.28320 0.54311
1403638586.9778294563 4.41358 -9.26251 1.31380 0.22102 0.75876 -0.28297 0.54346
1403638587.0778295994 4.41971 -9.17359 1.29668 0.22009 0.75852 -0.28333 0.54399
1403638587.1778295040 4.44088 -9.08336 1.27676 0.21964 0.75972 -0.28343 0.54245
1403638587.2778294086 4.47176 -8.91025 1.27592 0.21993 0.76084 -0.28432 0.54030
1403638587.3778295517 4.49062 -8.81257 1.27034 0.21923 0.76241 -0.28482 0.53810
1403638587.4778294563 4.50091 -8.71400 1.27266 0.21730 0.76238 -0.28652 0.53802
1403638587.5778295994 4.52022 -8.61193 1.26915 0.21653 0.76237 -0.28755 0.53780
1403638587.6778295040 4.52680 -8.53606 1.26441 0.21611 0.76206 -0.28794 0.53820
1403638587.7778294086 4.54437 -8.43779 1.24890 0.21609 0.76164 -0.28836 0.53857
1403638587.8778295517 4.56358 -8.33306 1.23126 0.21537 0.76116 -0.28925 0.53906
1403638587.9778294563 4.58176 -8.23344 1.20677 0.21523 0.76072 -0.28977 0.53945
1403638588.0778295994 4.60226 -8.11972 1.17887 0.21656 0.76021 -0.28870 0.54022
1403638588.1778295040 4.61730 -8.02282 1.14584 0.22309 0.76119 -0.28437 0.53847
1403638588.2778294086 4.63062 -7.92632 1.11549 0.22577 0.76211 -0.28195 0.53733
1403638588.3778295517 4.64769 -7.82350 1.08957 0.22642 0.76248 -0.28130 0.53686
1403638588.4778294563 4.66533 -7.72030 1.07364 0.22466 0.76239 -0.28229 0.53721
1403638588.5778295994 4.68316 -7.61186 1.06403 0.22233 0.76160 -0.28391 0.53846
1403638588.6778295040 4.69694 -7.50505 1.06563 0.21997 0.76078 -0.28514 0.53993
1403638588.7778294086 4.71364 -7.39217 1.06964 0.21859 0.75921 -0.28647 0.54199
1403638588.8778295517 4.72637 -7.29189 1.07608 0.21602 0.75860 -0.28865 0.54272
1403638588.9778294563 4.73893 -7.18048 1.06833 0.21631 0.75849 -0.28895 0.54259
1403638589.0778295994 4.74778 -7.08720 1.06248 0.21655 0.75877 -0.28915 0.54200
1403638589.1778295040 4.76000 -6.97184 1.03950 0.21822 0.75853 -0.28849 0.54202
1403638589.2778294086 4.79082 -6.77761 1.00932 0.21886 0.75716 -0.28907 0.54337
1403638589.3778295517 4.80143 -6.65470 0.98023 0.21913 0.75695 -0.28891 0.54364
1403638589.4778294563 4.81052 -6.54384 0.96733 0.21867 0.75779 -0.28955 0.54230
1403638589.5778295994 4.81863 -6.42097 0.95023 0.21807 0.75771 -0.28999 0.54243
1403638589.6778295040 4.82916 -6.31300 0.95389 0.21756 0.75835 -0.29004 0.54171
1403638589.7778294086 4.83555 -6.19430 0.95317 0.21783 0.75985 -0.29055 0.53922
1403638589.8778295517 4.83373 -6.11828 0.97245 0.21736 0.76053 -0.29131 0.53805
1403638589.9778294563 4.83833 -6.00226 0.96533 0.21774 0.76048 -0.29178 0.53771
1403638590.0778295994 4.82629 -5.97978 0.98333 0.21645 0.76085 -0.29201 0.53757
1403638590.1778295040 4.83032 -5.86786 0.96817 0.21716 0.75976 -0.29227 0.53869
1403638590.2778294086 4.83419 -5.78205 0.96592 0.21682 0.75908 -0.29281 0.53948
1403638590.3778295517 4.83771 -5.66944 0.94242 0.21707 0.75933 -0.29332 0.53876
1403638590.4778294563 4.84071 -5.57171 0.92848 0.21704 0.75994 -0.29361 0.53776
1403638590.5778295994 4.84229 -5.46095 0.90449 0.21597 0.76095 -0.29440 0.53632
1403638590.6778295040 4.83941 -5.38596 0.89852 0.21366 0.76275 -0.29532 0.53417
1403638590.7778294086 4.84120 -5.28447 0.89205 0.21286 0.76354 -0.29586 0.53308
1403638590.8778295517 4.84289 -5.17727 0.89667 0.21313 0.76429 -0.29602 0.53181
1403638590.9778294563 4.84586 -5.08060 0.90517 0.21181 0.76483 -0.29697 0.53102
1403638591.0778295994 4.84196 -4.97823 0.92322 0.21031 0.76561 -0.29839 0.52969
1403638591.1778295040 4.84618 -4.88496 0.93010 0.20910 0.76975 -0.29987 0.52330
1403638591.2778294086 4.85537 -4.66468 0.92407 0.20697 0.77502 -0.30294 0.51453
1403638591.3778295517 4.84708 -4.72474 0.93520 0.20214 0.77979 -0.30495 0.50801
1403638591.4778294563 4.85814 -4.66593 0.92864 0.19923 0.78246 -0.30725 0.50365
1403638591.5778295994 4.87521 -4.59368 0.91528 0.19628 0.78508 -0.30970 0.49921
1403638591.6778295040 4.89788 -4.53333 0.89780 0.19490 0.78530 -0.31085 0.49869
1403638591.7778294086 4.92635 -4.48064 0.88054 0.19675 0.78350 -0.30968 0.50152
1403638591.8778295517 4.96161 -4.44499 0.86300 0.19779 0.78129 -0.30866 0.50517
1403638591.9778294563 5.00095 -4.41939 0.85334 0.19862 0.77876 -0.30772 0.50930
1403638592.0778295994 5.04263 -4.41292 0.85695 0.19899 0.77637 -0.30632 0.51363
1403638592.1778295040 5.09023 -4.39974 0.86526 0.19722 0.77369 -0.30428 0.51954
1403638592.2778294086 5.13692 -4.40964 0.89168 0.19246 0.76866 -0.29844 0.53202
1403638592.3778295517 5.18390 -4.41130 0.92508 0.18385 0.76667 -0.28937 0.54285
1403638592.4778294563 5.24665 -4.37210 0.96403 0.17265 0.77004 -0.27590 0.54874
1403638592.5778295994 5.28740 -4.37920 1.00918 0.16461 0.77821 -0.26202 0.54648
1403638592.6778295040 5.31583 -4.39795 1.05885 0.15766 0.78619 -0.25098 0.54227
1403638592.7778294086 5.35026 -4.40887 1.10812 0.15214 0.79371 -0.24378 0.53615
1403638592.8778295517 5.38552 -4.42109 1.15067 0.14781 0.79899 -0.23938 0.53148
1403638592.9778294563 5.42811 -4.42986 1.18917 0.14788 0.80113 -0.23593 0.52977
1403638593.0778295994 5.47310 -4.44821 1.21836 0.14685 0.80195 -0.23470 0.52937
1403638593.1778295040 5.51847 -4.47035 1.25211 0.14711 0.80030 -0.23365 0.53224
1403638593.2778294086 5.57125 -4.49764 1.28765 0.15409 0.79719 -0.22966 0.53666
1403638593.3778295517 5.62063 -4.52667 1.33326 0.16322 0.79399 -0.22424 0.54097
1403638593.4778294563 5.67148 -4.55484 1.37565 0.17165 0.78951 -0.21996 0.54665
1403638593.5778295994 5.72498 -4.58118 1.41155 0.17634 0.78669 -0.21847 0.54981
1403638593.6778295040 5.77853 -4.60385 1.44045 0.17906 0.78543 -0.21805 0.55091
1403638593.7778294086 5.83095 -4.62232 1.46275 0.18054 0.78206 -0.21813 0.55517
1403638593.8778295517 5.88704 -4.63771 1.48388 0.17699 0.77170 -0.21754 0.57082
1403638593.9778294563 5.93787 -4.64739 1.51520 0.17074 0.76852 -0.21419 0.57823
1403638594.0778295994 5.98250 -4.65322 1.54887 0.16218 0.77427 -0.21248 0.57364
1403638594.1778295040 6.02157 -4.65672 1.58707 0.15965 0.78064 -0.20823 0.56724
1403638594.2778294086 6.05501 -4.65769 1.62217 0.15988 0.78331 -0.20356 0.56518
1403638594.3778295517 6.08771 -4.65542 1.65034 0.16246 0.78259 -0.19862 0.56720
1403638594.4778294563 6.11387 -4.64980 1.68807 0.16620 0.78152 -0.19303 0.56951
1403638594.5778295994 6.13951 -4.63828 1.72451 0.16064 0.78175 -0.19498 0.57013
1403638594.6778295040 6.15741 -4.62281 1.77361 0.15484 0.78222 -0.19817 0.56999
1403638594.7778294086 6.17734 -4.60664 1.81191 0.15267 0.78284 -0.20026 0.56898
1403638594.8778295517 6.18788 -4.58736 1.85289 0.15129 0.78282 -0.20190 0.56880
1403638594.9778294563 6.20282 -4.56847 1.87782 0.15229 0.78462 -0.20255 0.56582
1403638595.0778295994 6.21627 -4.54830 1.89832 0.15088 0.78572 -0.20445 0.56398
1403638595.1778295040 6.22923 -4.52799 1.91286 0.15072 0.78615 -0.20574 0.56296
1403638595.2778294086 6.24158 -4.50752 1.92138 0.15127 0.78658 -0.20608 0.56209
1403638595.3778295517 6.24878 -4.47918 1.93780 0.15027 0.78654 -0.20635 0.56231
1403638595.4778294563 6.25710 -4.45794 1.93340 0.15039 0.78685 -0.20665 0.56174
1403638595.5778295994 6.26376 -4.43559 1.92948 0.15045 0.78764 -0.20645 0.56068
1403638595.6778295040 6.26813 -4.41210 1.93126 0.15290 0.78774 -0.20484 0.56047
1403638595.7778294086 6.27086 -4.38661 1.93761 0.15718 0.78882 -0.20199 0.55880
1403638595.8778295517 6.27510 -4.35984 1.94059 0.15850 0.78924 -0.20141 0.55804
1403638595.9778294563 6.28011 -4.33247 1.92998 0.16096 0.78901 -0.20000 0.55817
1403638596.0778295994 6.26275 -4.29404 1.93090 0.16860 0.78971 -0.19522 0.55662
1403638596.1778295040 6.26655 -4.26045 1.90825 0.17977 0.79148 -0.18746 0.55326
1403638596.2778294086 6.27223 -4.21832 1.89281 0.19137 0.79357 -0.17893 0.54919
1403638596.3778295517 6.26834 -4.16255 1.89599 0.20064 0.79404 -0.17139 0.54760
1403638596.4778294563 6.28048 -4.10153 1.89564 0.20617 0.79394 -0.16658 0.54718
1403638596.5778295994 6.28588 -4.03526 1.90803 0.21266 0.79502 -0.16111 0.54476
1403638596.6778295040 6.30881 -3.94917 1.92426 0.22021 0.79554 -0.15515 0.54272
1403638596.7778294086 6.33895 -3.84782 1.94839 0.22408 0.79581 -0.15180 0.54170
1403638596.8778295517 6.37225 -3.73097 1.98634 0.22753 0.79534 -0.14880 0.54178
1403638596.9778294563 6.41492 -3.59681 2.01764 0.22940 0.79410 -0.14784 0.54307
1403638597.0778295994 6.45236 -3.46050 2.04750 0.23195 0.79329 -0.14667 0.54349
1403638597.1778295040 6.53021 -3.23120 2.08605 0.23564 0.79109 -0.14702 0.54501
1403638597.2778294086 6.58077 -3.06919 2.10116 0.23315 0.78833 -0.14976 0.54932
1403638597.3778295517 6.64231 -2.87491 2.11208 0.22850 0.78637 -0.15448 0.55276
1403638597.4778294563 6.70764 -2.66652 2.12026 0.22015 0.78284 -0.16130 0.55918
1403638597.5778295994 6.78184 -2.42552 2.12397 0.20824 0.77773 -0.17083 0.56797
1403638597.6778295040 6.84557 -2.19792 2.12150 0.20394 0.77524 -0.17470 0.57174
1403638597.7778294086 6.90947 -1.95618 2.11363 0.20806 0.77724 -0.16977 0.56903
1403638597.8778295517 6.96778 -1.71402 2.10031 0.21203 0.78041 -0.15853 0.56645
1403638597.9778294563 7.02527 -1.46089 2.08368 0.21307 0.78253 -0.14945 0.56561
1403638598.0778295994 7.08796 -1.19071 2.07135 0.20641 0.78290 -0.14699 0.56821
1403638598.1778295040 7.14810 -0.91288 2.06486 0.18495 0.78411 -0.15625 0.57145
1403638598.2778294086 7.21268 -0.61570 2.06210 0.16780 0.78568 -0.16496 0.57214
1403638598.3778295517 7.27723 -0.31435 2.05719 0.15714 0.78724 -0.17057 0.57137
1403638598.4778294563 7.33476 -0.02741 2.04729 0.15274 0.78952 -0.17244 0.56886
1403638598.5778295994 7.39071 0.26024 2.02910 0.14780 0.79169 -0.17059 0.56770
1403638598.6778295040 7.45356 0.56524 2.00360 0.14386 0.79449 -0.16250 0.56718
1403638598.7778294086 7.50134 0.84050 1.98171 0.13514 0.79747 -0.15153 0.56817
1403638598.8778295517 7.55071 1.12309 1.96586 0.12608 0.79941 -0.13714 0.57117
1403638598.9778294563 7.59482 1.39995 1.95371 0.11611 0.80293 -0.12082 0.57203
1403638599.0778295994 7.63572 1.66975 1.94660 0.10392 0.80543 -0.10406 0.57415
1403638599.1778295040 7.66542 1.91603 1.94747 0.09123 0.80794 -0.08590 0.57579
1403638599.2778294086 7.68792 2.14507 1.95367 0.07917 0.81114 -0.06616 0.57568
1403638599.3778295517 7.73015 2.43427 1.96149 0.06711 0.81535 -0.04945 0.57294
1403638599.4778294563 7.76548 2.70728 1.97548 0.05823 0.81827 -0.03641 0.57072
1403638599.5778295994 7.81252 3.02164 1.98475 0.05377 0.82104 -0.02888 0.56759
1403638599.6778295040 7.85089 3.30680 1.98791 0.05045 0.82275 -0.02461 0.56563
1403638599.7778294086 7.88946 3.58751 1.98302 0.04946 0.82290 -0.02371 0.56553
1403638599.8778295517 7.94697 3.92175 1.96895 0.04892 0.82402 -0.02729 0.56379
1403638599.9778294563 7.98755 4.19352 1.95427 0.04526 0.82390 -0.03293 0.56396
1403638600.0778295994 8.04897 4.51206 1.93259 0.03989 0.82459 -0.04156 0.56278
1403638600.1778295040 8.09586 4.77189 1.91048 0.02749 0.82576 -0.05324 0.56083
1403638600.2778294086 8.15625 5.06918 1.88004 0.01804 0.82727 -0.06454 0.55780
1403638600.3778295517 8.20444 5.30325 1.85104 0.00986 0.82825 -0.07288 0.55551
1403638600.4778294563 8.26341 5.54650 1.82643 0.00378 0.82905 -0.07960 0.55346
1403638600.5778295994 8.31528 5.73703 1.81564 0.00508 0.82958 -0.07975 0.55263
1403638600.6778295040 8.36933 5.91082 1.81340 0.00144 0.83095 -0.08237 0.55021
1403638600.7778294086 8.43626 6.09989 1.81671 0.00142 0.83467 -0.08243 0.54454
1403638600.8778295517 8.50191 6.24428 1.82847 0.01145 0.83896 -0.07338 0.53910
1403638600.9778294563 8.65430 6.66719 1.81029 0.03441 0.84107 -0.06466 0.53595
1403638601.0778295994 8.74839 6.81809 1.80732 0.04336 0.84195 -0.05658 0.53482
1403638601.1778295040 8.85399 7.04702 1.80155 0.05184 0.84079 -0.05037 0.53651
1403638601.2778294086 8.96175 7.21913 1.79366 0.06174 0.83478 -0.04236 0.54547
1403638601.3778295517 9.07970 7.03447 1.77114 0.05795 0.82982 -0.03744 0.55374
1403638601.4778294563 9.22063 7.31289 1.76425 0.04807 0.82582 -0.03427 0.56084
1403638601.5778295994 9.28665 7.30166 1.76961 0.03648 0.82163 -0.01857 0.56854
1403638601.6778295040 9.38122 7.42148 1.78165 0.02388 0.82035 0.00268 0.57135
1403638601.7778294086 9.54918 7.67029 1.79171 0.01521 0.81970 0.02582 0.57200
1403638601.8778295517 9.69462 7.88144 1.81338 0.00291 0.81711 0.05417 0.57392
1403638601.9778294563 9.82078 8.06121 1.83776 -0.01178 0.81583 0.07755 0.57295
1403638602.0778295994 10.01397 8.37118 1.85743 -0.02241 0.81623 0.09362 0.56965
1403638602.1778295040 10.22812 8.72369 1.87418 -0.02885 0.81335 0.10962 0.57062
1403638602.2778294086 10.39904 8.99292 1.88349 -0.03518 0.80813 0.12679 0.57411
1403638602.3778295517 10.51191 9.17959 1.89716 -0.05828 0.79800 0.14073 0.58310
1403638602.4778294563 10.62277 9.37910 1.92261 -0.09310 0.77671 0.14941 0.60475
1403638602.5778295994 10.73077 9.58476 1.95587 -0.12744 0.75593 0.15591 0.62292
1403638602.6778295040 10.92942 9.93445 1.99590 -0.14633 0.74806 0.16878 0.62491
1403638602.7778294086 10.90390 9.97257 2.03942 -0.15979 0.74383 0.18973 0.62063
1403638602.8778295517 10.82279 9.93182 2.07794 -0.16960 0.74126 0.20841 0.61508
1403638602.9778294563 10.85341 10.08423 2.12941 -0.19150 0.74242 0.22425 0.60154
1403638603.0778295994 11.04656 10.47870 2.17789 -0.20620 0.74141 0.23660 0.59313
1403638603.1778295040 11.09476 10.68242 2.22364 -0.22167 0.73446 0.25285 0.58948
1403638603.2778294086 10.75826 10.18621 2.24013 -0.23483 0.73520 0.27622 0.57274
1403638603.3778295517 10.59699 10.01693 2.23394 -0.22874 0.74804 0.28928 0.55175
1403638603.4778294563 10.53770 10.02083 2.23756 -0.22587 0.75669 0.29572 0.53755
1403638603.5778295994 10.49530 10.04881 2.24349 -0.22645 0.75504 0.29941 0.53758
1403638603.6778295040 10.45289 10.07218 2.24556 -0.22811 0.74740 0.30228 0.54589
1403638603.7778294086 10.41838 10.09473 2.23714 -0.22113 0.73914 0.30895 0.55617
1403638603.8778295517 10.36693 10.10664 2.22824 -0.21514 0.73101 0.31536 0.56559
1403638603.9778294563 10.31734 10.15558 2.20747 -0.18937 0.73368 0.30160 0.57870
1403638604.0778295994 10.25971 10.17567 2.18010 -0.18316 0.73035 0.30471 0.58326
1403638604.1778295040 10.16226 10.15373 2.17842 -0.19396 0.72427 0.31510 0.58183
1403638604.2778294086 10.08218 10.16402 2.16493 -0.20082 0.72803 0.31114 0.57692
1403638604.3778295517 9.98606 10.17311 2.15631 -0.20635 0.73489 0.30667 0.56860
1403638604.4778294563 9.88558 10.17084 2.15664 -0.20611 0.74160 0.30827 0.55903
1403638604.5778295994 9.78061 10.16940 2.16678 -0.20397 0.74650 0.30863 0.55306
1403638604.6778295040 9.67364 10.16547 2.17775 -0.20692 0.75053 0.30758 0.54707
1403638604.7778294086 9.56623 10.16268 2.17763 -0.21107 0.75243 0.30459 0.54454
1403638604.8778295517 9.46020 10.15749 2.17634 -0.21248 0.75551 0.30366 0.54023
1403638604.9778294563 9.34105 10.14785 2.17663 -0.21022 0.76122 0.30388 0.53292
1403638605.0778295994 9.23854 10.13860 2.18566 -0.20839 0.76788 0.30572 0.52294
1403638605.1778295040 9.13946 10.12934 2.20251 -0.20629 0.77198 0.30738 0.51673
1403638605.2778294086 9.07967 10.12710 2.22320 -0.20367 0.77335 0.31328 0.51216
1403638605.3778295517 8.99840 10.12985 2.23553 -0.19691 0.76903 0.31771 0.51853
1403638605.4778294563 8.91979 10.14067 2.24272 -0.18873 0.75927 0.32381 0.53202
1403638605.5778295994 8.82921 10.15117 2.24310 -0.18222 0.75119 0.32826 0.54291
1403638605.6778295040 8.73777 10.16454 2.23875 -0.17726 0.74551 0.33177 0.55021
1403638605.7778294086 8.64378 10.18271 2.23797 -0.17597 0.74452 0.33310 0.55115
1403638605.8778295517 8.55043 10.21216 2.24693 -0.17317 0.74456 0.33468 0.55103
1403638605.9778294563 8.44582 10.24501 2.26149 -0.16910 0.74386 0.33653 0.55211
1403638606.0778295994 8.34101 10.28815 2.27351 -0.16647 0.74401 0.33718 0.55230
1403638606.1778295040 8.21189 10.33101 2.27928 -0.16302 0.74378 0.33853 0.55283
1403638606.2778294086 8.09316 10.38677 2.27816 -0.16096 0.74499 0.33875 0.55165
1403638606.3778295517 7.95079 10.44058 2.26821 -0.16735 0.75311 0.33336 0.54194
1403638606.4778294563 7.78924 10.50625 2.25440 -0.17607 0.76292 0.32575 0.52994
1403638606.5778295994 7.65776 10.56674 2.23443 -0.18470 0.77080 0.32086 0.51846
1403638606.6778295040 7.51868 10.64188 2.21064 -0.19066 0.77409 0.32264 0.51023
1403638606.7778294086 7.38374 10.72214 2.18310 -0.19600 0.77458 0.33167 0.50161
1403638606.8778295517 7.25258 10.81063 2.15333 -0.20496 0.77178 0.34435 0.49373
1403638606.9778294563 7.13102 10.90907 2.12745 -0.21606 0.76565 0.36001 0.48732
1403638607.0778295994 7.02356 11.01106 2.11220 -0.23046 0.75789 0.37491 0.48158
1403638607.1778295040 6.92537 11.12127 2.10430 -0.24679 0.74875 0.38247 0.48186
1403638607.2778294086 6.83051 11.23666 2.09596 -0.25983 0.73559 0.38758 0.49110
1403638607.3778295517 6.74782 11.34574 2.08182 -0.27238 0.72712 0.38825 0.49635
1403638607.4778294563 6.66418 11.46065 2.05614 -0.27806 0.72417 0.38949 0.49655
1403638607.5778295994 6.58428 11.57313 2.02308 -0.27989 0.72329 0.39075 0.49581
1403638607.6778295040 6.51469 11.67619 1.98872 -0.28159 0.72151 0.39092 0.49731
1403638607.7778294086 6.44010 11.78525 1.95016 -0.27971 0.72011 0.39137 0.50003
1403638607.8778295517 6.37058 11.88902 1.90842 -0.28097 0.72223 0.38910 0.49804
1403638607.9778294563 6.31081 11.99008 1.86002 -0.28344 0.72649 0.38536 0.49333
1403638608.0778295994 6.25882 12.08229 1.81154 -0.28401 0.72501 0.38288 0.49709
1403638608.1778295040 6.23384 12.15116 1.76108 -0.27929 0.72198 0.38312 0.50394
1403638608.2778294086 6.18835 12.24057 1.70010 -0.27741 0.71734 0.38266 0.51189
1403638608.3778295517 6.14386 12.31563 1.64163 -0.27726 0.71134 0.38186 0.52087
1403638608.4778294563 6.09720 12.39771 1.57068 -0.27727 0.71126 0.38138 0.52133
1403638608.5778295994 6.07154 12.43686 1.51160 -0.27589 0.71258 0.38191 0.51987
1403638608.6778295040 6.02867 12.50446 1.43882 -0.28114 0.70960 0.37814 0.52387
1403638608.7778294086 5.97919 12.55055 1.38402 -0.28169 0.70960 0.37773 0.52387
1403638608.8778295517 5.92686 12.59577 1.33156 -0.28104 0.71299 0.37894 0.51872
1403638608.9778294563 5.87804 12.64385 1.27917 -0.28044 0.71720 0.37944 0.51283
1403638609.0778295994 5.76770 12.76989 1.18385 -0.27991 0.72026 0.37988 0.50850
1403638609.1778295040 5.71542 12.81234 1.14244 -0.28184 0.72058 0.37844 0.50805
1403638609.2778294086 5.66665 12.84922 1.10153 -0.28982 0.72031 0.37271 0.50818
1403638609.3778295517 5.62400 12.88450 1.04963 -0.28862 0.72061 0.37310 0.50814
1403638609.4778294563 5.65604 12.81094 1.08093 -0.28498 0.72059 0.37509 0.50877
1403638609.5778295994 5.62183 12.83064 1.02220 -0.28143 0.72071 0.37697 0.50917
1403638609.6778295040 5.56297 12.88410 0.92794 -0.27937 0.71983 0.37858 0.51037
1403638609.7778294086 5.53188 12.90106 0.86063 -0.27811 0.72001 0.37925 0.51030
1403638609.8778295517 5.50139 12.92042 0.80114 -0.27859 0.72024 0.37886 0.51002
1403638609.9778294563 5.47393 12.93122 0.74866 -0.27940 0.71974 0.37800 0.51091
1403638610.0778295994 5.45007 12.94015 0.70846 -0.28260 0.71732 0.37558 0.51432
1403638610.1778295040 5.42738 12.94455 0.66949 -0.28337 0.71420 0.37488 0.51873
1403638610.2778294086 5.40579 12.94372 0.62756 -0.28564 0.71280 0.37293 0.52082
1403638610.3778295517 5.38452 12.93700 0.57902 -0.28646 0.71240 0.37224 0.52141
1403638610.4778294563 5.41180 12.89307 0.60316 -0.28511 0.71135 0.37099 0.52446
1403638610.5778295994 5.39643 12.87262 0.55491 -0.28739 0.70597 0.36908 0.53179
1403638610.6778295040 5.37384 12.84902 0.50060 -0.29138 0.70069 0.36621 0.53854
1403638610.7778294086 5.34658 12.81790 0.44830 -0.28941 0.70626 0.36842 0.53075
1403638610.8778295517 5.31879 12.78164 0.40458 -0.28622 0.71296 0.37181 0.52108
1403638610.9778294563 5.29087 12.74011 0.37009 -0.28690 0.71339 0.37196 0.52001
1403638611.0778295994 5.27733 12.69577 0.35672 -0.28836 0.71108 0.36924 0.52428
1403638611.1778295040 5.25322 12.64685 0.31420 -0.28964 0.71017 0.36943 0.52468
1403638611.2778294086 5.22836 12.59198 0.27117 -0.28905 0.70988 0.37036 0.52474
1403638611.3778295517 5.20192 12.52993 0.23247 -0.28234 0.70780 0.37489 0.52798
1403638611.4778294563 5.06447 12.43882 0.00116 -0.27248 0.70264 0.38409 0.53340
1403638611.5778295994 5.03012 12.36602 -0.03270 -0.26350 0.70260 0.38925 0.53423
1403638611.6778295040 4.98874 12.28656 -0.05074 -0.26190 0.70505 0.38934 0.53172
1403638611.7778294086 4.94304 12.20613 -0.07437 -0.26811 0.71057 0.38462 0.52467
1403638611.8778295517 4.89746 12.12894 -0.10822 -0.27383 0.71594 0.37983 0.51785
1403638611.9778294563 4.85144 12.04824 -0.13675 -0.27681 0.71915 0.37692 0.51393
1403638612.0778295994 4.80745 11.97113 -0.16525 -0.27634 0.72111 0.37645 0.51178
1403638612.1778295040 4.76400 11.89128 -0.19500 -0.27781 0.72227 0.37475 0.51060
1403638612.2778294086 4.72516 11.81620 -0.20944 -0.27821 0.72230 0.37396 0.51091
1403638612.3778295517 4.68836 11.73672 -0.22480 -0.27645 0.72192 0.37451 0.51200
1403638612.4778294563 4.65295 11.65483 -0.23945 -0.27563 0.72066 0.37380 0.51474
1403638612.5778295994 4.61851 11.57204 -0.26384 -0.27240 0.71852 0.37445 0.51896
1403638612.6778295040 4.58365 11.48927 -0.29517 -0.26625 0.71677 0.37691 0.52277
1403638612.7778294086 4.53839 11.39872 -0.33583 -0.26217 0.71610 0.37602 0.52638
1403638612.8778295517 4.49925 11.31399 -0.37354 -0.26214 0.71478 0.37379 0.52977
1403638612.9778294563 4.46362 11.23468 -0.40142 -0.26389 0.71501 0.37225 0.52967
1403638613.0778295994 4.41977 11.15222 -0.42615 -0.26469 0.71776 0.37085 0.52653
1403638613.1778295040 4.37260 11.06895 -0.44287 -0.26440 0.72020 0.37035 0.52368
1403638613.2778294086 4.32259 10.98173 -0.44930 -0.26362 0.72066 0.37048 0.52336
1403638613.3778295517 4.27396 10.90023 -0.45251 -0.26279 0.72027 0.37095 0.52397
1403638613.4778294563 4.22205 10.81187 -0.45426 -0.26339 0.71963 0.36991 0.52529
1403638613.5778295994 4.17165 10.73118 -0.46612 -0.26243 0.72064 0.36542 0.52752
1403638613.6778295040 4.11984 10.65115 -0.48363 -0.26614 0.72086 0.35863 0.53002
1403638613.7778294086 4.06399 10.55756 -0.50477 -0.27009 0.71885 0.35134 0.53560
1403638613.8778295517 4.00946 10.46843 -0.53961 -0.26667 0.72047 0.34300 0.54051
1403638613.9778294563 3.93242 10.34035 -0.58256 -0.25872 0.72572 0.33239 0.54398
1403638614.0778295994 3.86733 10.22488 -0.62615 -0.24660 0.73285 0.31988 0.54754
1403638614.1778295040 3.81216 10.13351 -0.66282 -0.23168 0.74224 0.30605 0.54931
1403638614.2778294086 3.75036 10.02888 -0.69760 -0.22057 0.75016 0.29179 0.55088
1403638614.3778295517 3.68317 9.91726 -0.72895 -0.21192 0.75614 0.28172 0.55134
1403638614.4778294563 3.61216 9.80276 -0.75205 -0.20843 0.76019 0.27234 0.55182
1403638614.5778295994 3.55192 9.70664 -0.76140 -0.20445 0.76412 0.26364 0.55210
1403638614.6778295040 3.48688 9.59810 -0.76736 -0.20132 0.76847 0.25116 0.55302
1403638614.7778294086 3.42926 9.49398 -0.75953 -0.19985 0.77725 0.23386 0.54886
1403638614.8778295517 3.37162 9.38652 -0.74231 -0.19253 0.78720 0.21537 0.54485
1403638614.9778294563 3.32164 9.27926 -0.71641 -0.17936 0.79507 0.19543 0.54543
1403638615.0778295994 3.27518 9.16324 -0.68680 -0.16098 0.80092 0.17395 0.54986
1403638615.1778295040 3.29350 9.16536 -0.62413 -0.13727 0.80337 0.15097 0.55942
1403638615.2778294086 3.24247 9.00876 -0.59026 -0.11210 0.80383 0.12949 0.56968
1403638615.3778295517 3.23381 8.94809 -0.55223 -0.08930 0.80594 0.10339 0.57602
1403638615.4778294563 3.18885 8.80399 -0.52425 -0.06922 0.80680 0.07735 0.58164
1403638615.5778295994 3.18324 8.77678 -0.51012 -0.05047 0.80846 0.05184 0.58409
1403638615.6778295040 3.12110 8.57915 -0.48268 -0.03909 0.80891 0.03536 0.58557
1403638615.7778294086 3.08565 8.47070 -0.46114 -0.03124 0.80928 0.02267 0.58615
1403638615.8778295517 3.04764 8.35581 -0.43076 -0.02593 0.80968 0.01069 0.58620
1403638615.9778294563 3.02822 8.32469 -0.41335 -0.01621 0.81071 -0.00279 0.58522
1403638616.0778295994 2.97743 8.15936 -0.38192 -0.00883 0.81028 -0.01427 0.58581
1403638616.1778295040 2.95837 8.14806 -0.38833 0.00306 0.81048 -0.02984 0.58500
1403638616.2778294086 2.91431 8.02060 -0.39151 0.01325 0.81006 -0.04791 0.58424
1403638616.3778295517 2.86894 7.89805 -0.40892 0.02701 0.80933 -0.06766 0.58282
1403638616.4778294563 2.82592 7.78865 -0.43814 0.03731 0.80836 -0.08562 0.58124
1403638616.5778295994 2.78500 7.67397 -0.46661 0.04774 0.80916 -0.09918 0.57718
1403638616.6778295040 2.74499 7.57770 -0.50343 0.05110 0.81293 -0.10808 0.56996
1403638616.7778294086 2.69870 7.44156 -0.54011 0.04686 0.82071 -0.11889 0.55687
1403638616.8778295517 2.65565 7.27460 -0.58258 0.04005 0.82613 -0.12451 0.54810
1403638616.9778294563 2.63551 7.19793 -0.60835 0.04774 0.82443 -0.12372 0.55021
1403638617.0778295994 2.60727 7.02912 -0.63631 0.05211 0.82133 -0.11716 0.55585
1403638617.1778295040 2.59399 6.90578 -0.64819 0.05841 0.81907 -0.11005 0.56000
1403638617.2778294086 2.58162 6.77916 -0.65532 0.06019 0.82190 -0.10590 0.55646
1403638617.3778295517 2.57169 6.64916 -0.65768 0.06013 0.82626 -0.10398 0.55034
1403638617.4778294563 2.57992 6.58646 -0.63682 0.06286 0.82919 -0.10362 0.54567
1403638617.5778295994 2.58294 6.46136 -0.62374 0.06138 0.83027 -0.09982 0.54491
1403638617.6778295040 2.58961 6.32101 -0.60465 0.06146 0.82934 -0.09494 0.54718
1403638617.7778294086 2.60200 6.20359 -0.57478 0.06206 0.82794 -0.09228 0.54967
1403638617.8778295517 2.62242 6.07380 -0.53867 0.06475 0.82832 -0.09014 0.54915
1403638617.9778294563 2.65554 6.01642 -0.49536 0.06277 0.82727 -0.08943 0.55108
1403638618.0778295994 2.68700 5.89052 -0.46014 0.06419 0.82713 -0.08954 0.55111
1403638618.1778295040 2.72489 5.79082 -0.43217 0.06133 0.82732 -0.08910 0.55122
1403638618.2778294086 2.76166 5.68703 -0.41038 0.06195 0.82745 -0.08771 0.55117
1403638618.3778295517 2.80501 5.61737 -0.39642 0.05953 0.82680 -0.08495 0.55285
1403638618.4778294563 2.84761 5.51644 -0.38184 0.05923 0.82705 -0.08372 0.55269
1403638618.5778295994 2.90146 5.43346 -0.36837 0.06520 0.82612 -0.08594 0.55308
1403638618.6778295040 2.95410 5.33808 -0.35862 0.06917 0.82572 -0.08913 0.55268
1403638618.7778294086 3.01616 5.23940 -0.33898 0.07030 0.82474 -0.09125 0.55365
1403638618.8778295517 3.08120 5.14552 -0.31530 0.07365 0.82274 -0.09449 0.55564
1403638618.9778294563 3.14220 5.07146 -0.29420 0.08025 0.81779 -0.10313 0.56049
1403638619.0778295994 3.20555 4.99481 -0.28058 0.09194 0.81314 -0.11618 0.56289
1403638619.1778295040 3.29690 4.84761 -0.25977 0.10784 0.80839 -0.13611 0.56246
1403638619.2778294086 3.36800 4.76347 -0.25862 0.12170 0.80239 -0.15972 0.56201
1403638619.3778295517 3.41470 4.72761 -0.27449 0.13752 0.79535 -0.18367 0.56104
1403638619.4778294563 3.48130 4.65171 -0.28582 0.14801 0.78916 -0.20449 0.55992
1403638619.5778295994 3.54902 4.57858 -0.29824 0.15449 0.78406 -0.21988 0.55949
1403638619.6778295040 3.60033 4.52667 -0.31387 0.15038 0.77860 -0.23587 0.56172
1403638619.7778294086 3.67779 4.43976 -0.32790 0.14720 0.77528 -0.24739 0.56220
1403638619.8778295517 3.78204 4.31145 -0.34333 0.14768 0.77321 -0.25393 0.56202
1403638619.9778294563 3.84177 4.23054 -0.36945 0.14898 0.77205 -0.25752 0.56163
1403638620.0778295994 3.88059 4.17330 -0.38653 0.15199 0.76895 -0.25939 0.56421
1403638620.1778295040 3.92691 4.09028 -0.40466 0.15697 0.76598 -0.25808 0.56747
1403638620.2778294086 3.91398 4.06889 -0.40096 0.15829 0.76629 -0.25611 0.56758
1403638620.3778295517 3.94301 3.98964 -0.40377 0.16099 0.76789 -0.25421 0.56551
1403638620.4778294563 4.07324 3.75360 -0.41235 0.16310 0.77023 -0.25277 0.56236
1403638620.5778295994 4.10916 3.65287 -0.41113 0.16241 0.77191 -0.25121 0.56096
1403638620.6778295040 4.13431 3.56045 -0.41366 0.15933 0.77447 -0.25136 0.55824
1403638620.7778294086 4.16091 3.46721 -0.41463 0.15542 0.77787 -0.25203 0.55430
1403638620.8778295517 4.18218 3.36636 -0.42819 0.15833 0.78147 -0.24785 0.55028
1403638620.9778294563 4.20010 3.27080 -0.44345 0.16291 0.78258 -0.24202 0.54996
1403638621.0778295994 4.12180 3.36205 -0.42360 0.16802 0.78064 -0.23734 0.55320
1403638621.1778295040 4.13067 3.28044 -0.43276 0.16701 0.77962 -0.23546 0.55574
1403638621.2778294086 4.10384 3.30774 -0.41553 0.16884 0.77830 -0.23353 0.55786
1403638621.3778295517 4.10960 3.24076 -0.41319 0.17048 0.77946 -0.23068 0.55692
1403638621.4778294563 4.16123 3.06635 -0.42676 0.17130 0.77811 -0.22863 0.55941
1403638621.5778295994 4.17369 2.99233 -0.43659 0.17159 0.77618 -0.22641 0.56289
1403638621.6778295040 4.18177 2.92433 -0.44980 0.17137 0.77534 -0.22535 0.56454
1403638621.7778294086 4.20460 2.85257 -0.46370 0.17089 0.77413 -0.22277 0.56736
1403638621.8778295517 4.20720 2.79092 -0.48561 0.17320 0.77084 -0.22071 0.57192
1403638621.9778294563 4.20752 2.73524 -0.50962 0.17400 0.76837 -0.21995 0.57529
1403638622.0778295994 4.20513 2.68996 -0.53276 0.17272 0.76793 -0.22104 0.57584
1403638622.1778295040 4.19727 2.64214 -0.56472 0.16952 0.76872 -0.22313 0.57492
1403638622.2778294086 4.18560 2.59993 -0.59153 0.16685 0.76787 -0.22555 0.57591
1403638622.3778295517 4.16854 2.56300 -0.61073 0.16744 0.76878 -0.22628 0.57423
1403638622.4778294563 4.14538 2.54006 -0.61396 0.17107 0.76975 -0.22480 0.57243
1403638622.5778295994 4.11875 2.51033 -0.61987 0.17459 0.76963 -0.22360 0.57201
1403638622.6778295040 4.08933 2.49559 -0.60875 0.17905 0.76573 -0.22157 0.57663
1403638622.7778294086 4.05346 2.47957 -0.59458 0.18308 0.75467 -0.21917 0.59069
1403638622.8778295517 4.01792 2.52180 -0.56124 0.18482 0.75000 -0.21799 0.59651
1403638622.9778294563 3.97431 2.52475 -0.53910 0.18301 0.75367 -0.22080 0.59138
1403638623.0778295994 3.91980 2.53242 -0.52774 0.17874 0.75982 -0.22505 0.58317
1403638623.1778295040 3.85949 2.54607 -0.52096 0.17337 0.76338 -0.22931 0.57846
1403638623.2778294086 3.79687 2.56561 -0.51642 0.17001 0.76659 -0.23207 0.57409
1403638623.3778295517 3.72759 2.58182 -0.51969 0.16746 0.76900 -0.23416 0.57076
1403638623.4778294563 3.65746 2.60121 -0.52393 0.16798 0.77073 -0.23420 0.56825
1403638623.5778295994 3.58289 2.62069 -0.52929 0.16937 0.77090 -0.23361 0.56785
1403638623.6778295040 3.50505 2.63944 -0.52370 0.17074 0.77146 -0.23312 0.56688
1403638623.7778294086 3.42316 2.66246 -0.51517 0.17287 0.77245 -0.23308 0.56490
1403638623.8778295517 3.33801 2.68902 -0.50125 0.17420 0.77353 -0.23339 0.56288
1403638623.9778294563 3.25122 2.71557 -0.48584 0.17567 0.77463 -0.23403 0.56064
1403638624.0778295994 3.16143 2.74610 -0.48000 0.17402 0.77463 -0.23694 0.55993
1403638624.1778295040 3.07236 2.77578 -0.47473 0.17168 0.77431 -0.23938 0.56006
1403638624.2778294086 2.97942 2.80816 -0.48013 0.16974 0.77370 -0.24207 0.56034
1403638624.3778295517 2.88726 2.84017 -0.48804 0.16947 0.77300 -0.24389 0.56060
1403638624.4778294563 2.79822 2.86930 -0.49138 0.17101 0.77278 -0.24415 0.56031
1403638624.5778295994 2.70185 2.90072 -0.50819 0.16742 0.76403 -0.24816 0.57153
1403638624.6778295040 2.60296 2.93192 -0.52648 0.16967 0.75995 -0.24554 0.57741
1403638624.7778294086 2.50591 2.96067 -0.53247 0.17409 0.76683 -0.23626 0.57083
1403638624.8778295517 2.39839 2.99658 -0.54056 0.17499 0.77360 -0.22878 0.56443
1403638624.9778294563 2.29386 3.02961 -0.53317 0.16760 0.77710 -0.22698 0.56259
1403638625.0778295994 2.19375 3.06322 -0.52676 0.16007 0.77830 -0.22613 0.56347
1403638625.1778295040 2.08622 3.10170 -0.53107 0.15382 0.77917 -0.22652 0.56385
1403638625.2778294086 1.98721 3.13216 -0.53181 0.15178 0.78025 -0.22502 0.56350
1403638625.3778295517 1.87902 3.16727 -0.54094 0.15075 0.78046 -0.22410 0.56386
1403638625.4778294563 1.77958 3.19486 -0.53591 0.14989 0.78002 -0.22370 0.56485
1403638625.5778295994 1.67238 3.22711 -0.53349 0.15057 0.78060 -0.22314 0.56410
1403638625.6778295040 1.56837 3.25640 -0.52238 0.15056 0.78220 -0.22333 0.56180
1403638625.7778294086 1.46782 3.28264 -0.50089 0.14886 0.78664 -0.22491 0.55538
1403638625.8778295517 1.36337 3.31131 -0.49387 0.14884 0.78916 -0.22570 0.55148
1403638625.9778294563 1.26900 3.33113 -0.48201 0.14986 0.78960 -0.22589 0.55049
1403638626.0778295994 1.16866 3.35402 -0.48462 0.14822 0.79068 -0.22790 0.54856
1403638626.1778295040 1.07547 3.37094 -0.48434 0.14841 0.79105 -0.22834 0.54779
1403638626.2778294086 0.97926 3.38820 -0.49522 0.15161 0.78967 -0.22688 0.54951
1403638626.3778295517 0.88237 3.40403 -0.50325 0.15975 0.78825 -0.22141 0.55148
1403638626.4778294563 0.79062 3.41983 -0.52059 0.16241 0.78718 -0.21918 0.55311
1403638626.5778295994 0.69326 3.43974 -0.53401 0.16290 0.78955 -0.21854 0.54983
1403638626.6778295040 0.60555 3.45647 -0.55168 0.16149 0.79139 -0.21923 0.54733
1403638626.7778294086 0.52066 3.47469 -0.56520 0.15844 0.79508 -0.22145 0.54195
1403638626.8778295517 0.40683 3.49920 -0.56595 0.15757 0.79770 -0.22142 0.53835
1403638626.9778294563 0.33321 3.51378 -0.56121 0.15678 0.79861 -0.22165 0.53714
1403638627.0778295994 0.26659 3.52747 -0.56185 0.15621 0.79872 -0.22137 0.53725
1403638627.1778295040 0.19941 3.53857 -0.56390 0.15546 0.79869 -0.22124 0.53757
1403638627.2778294086 0.14294 3.54794 -0.57204 0.15684 0.79881 -0.22000 0.53750
1403638627.3778295517 0.09199 3.55658 -0.58191 0.15903 0.79838 -0.21816 0.53824
1403638627.4778294563 0.04618 3.56399 -0.59482 0.15925 0.79879 -0.21799 0.53764
1403638627.5778295994 0.00578 3.57062 -0.60964 0.16070 0.79766 -0.21754 0.53906
1403638627.6778295040 -0.01925 3.57169 -0.62206 0.16310 0.79481 -0.21648 0.54296
1403638627.7778294086 -0.05160 3.57799 -0.63995 0.16517 0.79301 -0.21549 0.54536
1403638627.8778295517 -0.07900 3.58551 -0.65845 0.16626 0.79233 -0.21552 0.54600
1403638627.9778294563 -0.10549 3.59594 -0.67787 0.16650 0.79422 -0.21596 0.54301
1403638628.0778295994 -0.07600 3.59148 -0.68943 0.16720 0.79539 -0.21631 0.54094
1403638628.1778295040 -0.09693 3.60207 -0.70555 0.16824 0.79586 -0.21696 0.53965
1403638628.2778294086 -0.11166 3.61406 -0.71977 0.16843 0.79599 -0.21776 0.53909
1403638628.3778295517 -0.07665 3.61310 -0.72472 0.16692 0.79649 -0.21928 0.53820
1403638628.4778294563 -0.07735 3.62551 -0.73445 0.16152 0.79326 -0.22373 0.54276
1403638628.5778295994 -0.07964 3.63658 -0.73909 0.15451 0.78562 -0.22868 0.55374
1403638628.6778295040 -0.08127 3.64654 -0.74313 0.14958 0.78122 -0.23230 0.55978
1403638628.7778294086 -0.07477 3.65126 -0.74041 0.15119 0.78251 -0.23170 0.55780
1403638628.8778295517 -0.08327 3.65889 -0.75334 0.15562 0.78330 -0.22910 0.55654
1403638628.9778294563 -0.09385 3.66470 -0.76883 0.16045 0.78418 -0.22631 0.55507
1403638629.0778295994 -0.10448 3.66996 -0.78208 0.16506 0.78559 -0.22307 0.55303
1403638629.1778295040 -0.15055 3.67956 -0.77644 0.16690 0.78705 -0.22077 0.55133
1403638629.2778294086 -0.16715 3.68998 -0.78491 0.16750 0.78737 -0.22009 0.55096
1403638629.3778295517 -0.17401 3.69412 -0.77922 0.16783 0.79049 -0.22048 0.54621
1403638629.4778294563 -0.17783 3.70204 -0.78143 0.16589 0.79476 -0.22279 0.53963
1403638629.5778295994 -0.15882 3.69892 -0.76789 0.16179 0.79769 -0.22567 0.53534
1403638629.6778295040 -0.18158 3.71205 -0.76861 0.15134 0.79511 -0.23401 0.53864
1403638629.7778294086 -0.16829 3.71056 -0.76254 0.14527 0.78913 -0.23866 0.54701
1403638629.8778295517 -0.15956 3.70987 -0.76284 0.14451 0.78257 -0.23962 0.55613
1403638629.9778294563 -0.15474 3.70689 -0.77151 0.15621 0.77761 -0.23223 0.56302
1403638630.0778295994 -0.15249 3.70175 -0.78946 0.16569 0.77455 -0.22573 0.56716
1403638630.1778295040 -0.15372 3.70067 -0.81991 0.16971 0.77756 -0.22262 0.56307
1403638630.2778294086 -0.15774 3.70019 -0.85623 0.17000 0.78211 -0.22244 0.55671
1403638630.3778295517 -0.15628 3.70162 -0.88243 0.16361 0.80134 -0.22543 0.52940
1403638630.4778294563 -0.14458 3.70057 -0.87365 0.16554 0.78358 -0.22194 0.55618
1403638630.5778295994 -0.13437 3.69834 -0.86905 0.16520 0.78279 -0.22300 0.55697
1403638630.6778295040 -0.12938 3.69841 -0.89489 0.16034 0.80189 -0.22209 0.53098
1403638630.7778294086 -0.13107 3.69336 -0.90548 0.16226 0.80916 -0.21716 0.52132
1403638630.8778295517 -0.13473 3.69424 -0.91694 0.15801 0.80792 -0.21832 0.52405
1403638630.9778294563 -0.14013 3.69567 -0.92274 0.15818 0.80774 -0.21851 0.52421
1403638631.0778295994 -0.14673 3.69764 -0.93145 0.15890 0.80782 -0.21810 0.52403
1403638631.1778295040 -0.15298 3.69957 -0.94056 0.15887 0.80782 -0.21839 0.52392
1403638631.2778294086 -0.15992 3.70205 -0.94987 0.15882 0.80786 -0.21845 0.52385
1403638631.3778295517 -0.16682 3.70461 -0.95942 0.15861 0.80789 -0.21871 0.52376
1403638631.4778294563 -0.17364 3.70717 -0.96925 0.15844 0.80778 -0.21905 0.52383
1403638631.5778295994 -0.18067 3.70965 -0.97951 0.15839 0.80773 -0.21919 0.52386
1403638631.6778295040 -0.18731 3.71179 -0.98989 0.15813 0.80767 -0.21966 0.52384
