1403638523.0778295994 0.04061 0.02395 0.36727 -0.00877 0.81013 -0.02052 0.58583
1403638523.1778295040 0.03389 0.00999 0.39504 -0.04698 0.80490 0.00290 0.59154
1403638523.2778294086 0.03245 0.00403 0.38262 -0.03012 0.80267 -0.00174 0.59566
1403638523.3778295517 0.02976 -0.00084 0.35315 -0.02567 0.79898 -0.00256 0.60081
1403638523.4778294563 0.02640 -0.00753 0.31042 -0.02285 0.80112 0.00083 0.59807
1403638523.5778295994 0.02326 -0.01506 0.26025 -0.01581 0.81012 0.00434 0.58604
1403638523.6778295040 0.01688 -0.02110 0.20998 -0.00917 0.81868 0.00658 0.57413
1403638523.7778294086 0.01152 -0.02664 0.16144 -0.00485 0.82281 0.00856 0.56823
1403638523.8778295517 0.00532 -0.03190 0.11810 -0.00287 0.82331 0.01229 0.56745
1403638523.9778294563 -0.00065 -0.03693 0.08656 0.00374 0.82343 0.02008 0.56704
1403638524.0778295994 -0.00726 -0.04378 0.07457 0.00255 0.82837 0.03407 0.55914
1403638524.1778295040 -0.00786 -0.04208 0.09254 -0.00556 0.83213 0.04481 0.55273
1403638524.2778294086 -0.00903 -0.04197 0.13484 -0.01645 0.83417 0.04905 0.54908
1403638524.3778295517 -0.00683 -0.04120 0.18979 -0.02671 0.83217 0.04789 0.55181
1403638524.4778294563 -0.00150 -0.03987 0.25036 -0.03371 0.82577 0.04613 0.56111
1403638524.5778295994 0.00575 -0.03718 0.31046 -0.03647 0.81686 0.04459 0.57396
1403638524.6778295040 0.01379 -0.03364 0.36474 -0.03230 0.81046 0.03896 0.58361
1403638524.7778294086 0.02035 -0.02872 0.40593 -0.01952 0.80671 0.03371 0.58967
1403638524.8778295517 0.02534 -0.02386 0.43247 -0.01595 0.80555 0.03109 0.59149
1403638524.9778294563 0.02753 -0.02028 0.44282 -0.02270 0.80446 0.03363 0.59262
1403638525.0778295994 0.02869 -0.01854 0.43114 -0.02017 0.80196 0.03696 0.59589
1403638525.1778295040 0.03043 -0.01745 0.39812 -0.01779 0.80083 0.04153 0.59718
1403638525.2778294086 0.02968 -0.01930 0.35245 -0.01817 0.80436 0.04680 0.59201
1403638525.3778295517 0.02857 -0.02003 0.29900 -0.02044 0.81378 0.05152 0.57852
1403638525.4778294563 0.02551 -0.01993 0.24687 -0.02851 0.82638 0.05298 0.55989
1403638525.5778295994 0.02174 -0.02215 0.20102 -0.03406 0.83589 0.05197 0.54537
1403638525.6778295040 0.01971 -0.02485 0.16271 -0.03446 0.83915 0.04859 0.54063
1403638525.7778294086 0.01946 -0.02679 0.13226 -0.03129 0.83797 0.04262 0.54314
1403638525.8778295517 0.01910 -0.03001 0.11047 -0.02396 0.83481 0.03819 0.54869
1403638525.9778294563 0.01495 -0.03834 0.09771 -0.01649 0.83318 0.03767 0.55146
1403638526.0778295994 0.01112 -0.05792 0.09567 -0.01278 0.83493 0.03602 0.54903
1403638526.1778295040 0.00770 -0.08708 0.10292 -0.01136 0.83757 0.02723 0.54554
1403638526.2778294086 0.00258 -0.12296 0.11658 -0.00775 0.83681 0.01811 0.54714
1403638526.3778295517 -0.00528 -0.16348 0.13170 -0.00467 0.83257 0.00894 0.55382
1403638526.4778294563 -0.01624 -0.20847 0.14533 -0.00218 0.82736 -0.00281 0.56166
1403638526.5778295994 -0.02840 -0.25940 0.15531 -0.00052 0.82221 -0.01382 0.56902
1403638526.6778295040 -0.04229 -0.31801 0.16318 0.00401 0.81711 -0.02210 0.57604
1403638526.7778294086 -0.05944 -0.38174 0.16932 0.01276 0.81376 -0.02771 0.58040
1403638526.8778295517 -0.07853 -0.44629 0.17354 0.02105 0.81262 -0.03118 0.58158
1403638526.9778294563 -0.09718 -0.50820 0.17693 0.02474 0.81525 -0.03740 0.57737
1403638527.0778295994 -0.11226 -0.56669 0.18059 0.03082 0.81932 -0.04979 0.57034
1403638527.1778295040 -0.12141 -0.61948 0.18543 0.03558 0.82091 -0.06325 0.56643
1403638527.2778294086 -0.12660 -0.66050 0.19196 0.04529 0.81813 -0.07587 0.56821
1403638527.3778295517 -0.12589 -0.68361 0.19795 0.05905 0.81351 -0.08346 0.57250
1403638527.4778294563 -0.11930 -0.68479 0.20111 0.06753 0.81086 -0.08653 0.57485
1403638527.5778295994 -0.10809 -0.66462 0.20122 0.06895 0.81108 -0.08661 0.57436
1403638527.6778295040 -0.09167 -0.62513 0.19796 0.06508 0.81252 -0.08155 0.57353
1403638527.7778294086 -0.07681 -0.57865 0.19786 0.05922 0.81370 -0.07406 0.57349
1403638527.8778295517 -0.06007 -0.52437 0.20015 0.04437 0.81685 -0.06858 0.57104
1403638527.9778294563 -0.03688 -0.46536 0.20207 0.03079 0.81817 -0.06131 0.57087
1403638528.0778295994 -0.01571 -0.40552 0.20288 0.02228 0.81697 -0.05273 0.57383
1403638528.1778295040 0.00379 -0.34848 0.19941 0.01215 0.81721 -0.04359 0.57456
1403638528.2778294086 0.02692 -0.29800 0.19369 0.00059 0.81835 -0.03361 0.57374
1403638528.3778295517 0.05690 -0.25969 0.18754 -0.00634 0.81774 -0.02562 0.57498
1403638528.4778294563 0.09129 -0.23219 0.18216 -0.00423 0.81692 -0.02263 0.57629
1403638528.5778295994 0.12761 -0.21116 0.17896 -0.00235 0.81894 -0.02730 0.57322
1403638528.6778295040 0.16379 -0.19613 0.17873 -0.00320 0.82037 -0.03512 0.57074
1403638528.7778294086 0.19477 -0.18589 0.18169 0.00200 0.81975 -0.04043 0.57130
1403638528.8778295517 0.21097 -0.17785 0.18854 -0.00135 0.81898 -0.04830 0.57178
1403638528.9778294563 0.21212 -0.16880 0.20145 -0.00802 0.81885 -0.05504 0.57131
1403638529.0778295994 0.19433 -0.16049 0.21874 -0.00636 0.81970 -0.05661 0.56995
1403638529.1778295040 0.16606 -0.14427 0.22890 0.01120 0.82067 -0.05012 0.56909
1403638529.2778294086 0.13106 -0.12393 0.22782 0.02354 0.82258 -0.04451 0.56642
1403638529.3778295517 0.09335 -0.10176 0.21539 0.02832 0.82766 -0.04049 0.55905
1403638529.4778294563 0.06161 -0.08384 0.19393 0.02732 0.83763 -0.03815 0.54422
1403638529.5778295994 0.03672 -0.07134 0.16847 0.02542 0.84766 -0.03540 0.52875
1403638529.6778295040 0.01696 -0.06787 0.14301 0.02712 0.85113 -0.03261 0.52324
1403638529.7778294086 0.00739 -0.05999 0.11924 0.02659 0.84749 -0.03207 0.52918
1403638529.8778295517 0.00341 -0.05243 0.09745 0.02549 0.84102 -0.03341 0.53937
1403638529.9778294563 0.00030 -0.04589 0.08139 0.02608 0.83834 -0.03440 0.54343
1403638530.0778295994 0.00767 -0.04375 0.06978 0.02713 0.83975 -0.03527 0.54115
1403638530.1778295040 0.02040 -0.04406 0.05994 0.02819 0.84145 -0.03973 0.53814
1403638530.2778294086 0.03547 -0.04572 0.04969 0.03066 0.84096 -0.04597 0.53827
1403638530.3778295517 0.04888 -0.04915 0.03979 0.03350 0.84024 -0.05138 0.53873
1403638530.4778294563 0.06071 -0.05308 0.03232 0.03425 0.83990 -0.05559 0.53879
1403638530.5778295994 0.06845 -0.05746 0.02673 0.03397 0.83988 -0.05921 0.53846
1403638530.6778295040 0.07274 -0.06100 0.02175 0.03550 0.84287 -0.06163 0.53340
1403638530.7778294086 0.07585 -0.06323 0.01629 0.03582 0.84623 -0.06334 0.52783
1403638530.8778295517 0.07795 -0.06464 0.01190 0.03425 0.84689 -0.06295 0.52692
1403638530.9778294563 0.07956 -0.06514 0.00861 0.03330 0.84457 -0.06313 0.53066
1403638531.0778295994 0.07966 -0.06483 0.00664 0.03424 0.84113 -0.06192 0.53619
1403638531.1778295040 0.07961 -0.06311 0.00733 0.03488 0.83902 -0.05977 0.53968
1403638531.2778294086 0.07997 -0.06204 0.00585 0.03768 0.83787 -0.05844 0.54143
1403638531.3778295517 0.07981 -0.06120 0.00555 0.03741 0.83677 -0.05851 0.54313
1403638531.4778294563 0.07961 -0.06158 0.00566 0.03761 0.83577 -0.05893 0.54461
1403638531.5778295994 0.07944 -0.06166 0.00554 0.03825 0.83607 -0.05787 0.54422
1403638531.6778295040 0.07942 -0.06146 0.00543 0.03760 0.83613 -0.05854 0.54410
1403638531.7778294086 0.07950 -0.06155 0.00543 0.03807 0.83604 -0.05867 0.54419
1403638531.8778295517 0.07945 -0.06158 0.00541 0.03824 0.83609 -0.05858 0.54412
1403638531.9778294563 0.07949 -0.06166 0.00539 0.03858 0.83605 -0.05868 0.54414
1403638532.0778295994 0.07948 -0.06169 0.00535 0.03879 0.83604 -0.05860 0.54415
1403638532.1778295040 0.07949 -0.06168 0.00534 0.03880 0.83600 -0.05872 0.54420
1403638532.2778294086 0.07950 -0.06166 0.00534 0.03873 0.83596 -0.05894 0.54424
1403638532.3778295517 0.07950 -0.06166 0.00532 0.03870 0.83592 -0.05899 0.54429
1403638532.4778294563 0.07951 -0.06168 0.00533 0.03870 0.83587 -0.05913 0.54436
1403638532.5778295994 0.07950 -0.06167 0.00531 0.03874 0.83588 -0.05918 0.54434
1403638532.6778295040 0.07953 -0.06171 0.00532 0.03886 0.83583 -0.05921 0.54440
1403638532.7778294086 0.07950 -0.06173 0.00531 0.03896 0.83585 -0.05911 0.54437
1403638532.8778295517 0.07950 -0.06173 0.00532 0.03906 0.83583 -0.05915 0.54440
1403638532.9778294563 0.07951 -0.06174 0.00533 0.03908 0.83579 -0.05916 0.54445
1403638533.0778295994 0.07949 -0.06175 0.00532 0.03911 0.83578 -0.05920 0.54446
1403638533.1778295040 0.07951 -0.06175 0.00532 0.03913 0.83573 -0.05927 0.54454
1403638533.2778294086 0.07950 -0.06176 0.00531 0.03914 0.83569 -0.05931 0.54458
1403638533.3778295517 0.07950 -0.06177 0.00531 0.03922 0.83568 -0.05929 0.54460
1403638533.4778294563 0.07952 -0.06179 0.00531 0.03921 0.83565 -0.05932 0.54464
1403638533.5778295994 0.07950 -0.06177 0.00530 0.03921 0.83564 -0.05935 0.54466
1403638533.6778295040 0.07951 -0.06177 0.00531 0.03921 0.83560 -0.05941 0.54470
1403638533.7778294086 0.07950 -0.06177 0.00531 0.03924 0.83558 -0.05945 0.54473
1403638533.8778295517 0.07951 -0.06174 0.00530 0.03902 0.83561 -0.05918 0.54473
1403638533.9778294563 0.07954 -0.06178 0.00530 0.03915 0.83560 -0.05941 0.54471
1403638534.0778295994 0.07947 -0.06180 0.00529 0.03956 0.83551 -0.05979 0.54477
1403638534.1778295040 0.07950 -0.06182 0.00533 0.03924 0.83554 -0.05963 0.54478
1403638534.2778294086 0.07950 -0.06175 0.00536 0.03899 0.83562 -0.05951 0.54469
1403638534.3778295517 0.07952 -0.06174 0.00536 0.03901 0.83563 -0.05955 0.54466
1403638534.4778294563 0.07953 -0.06180 0.00533 0.03914 0.83564 -0.05981 0.54460
1403638534.5778295994 0.07952 -0.06176 0.00534 0.03894 0.83574 -0.05948 0.54450
1403638534.6778295040 0.07955 -0.06169 0.00537 0.03871 0.83572 -0.05926 0.54457
1403638534.7778294086 0.07954 -0.06172 0.00537 0.03881 0.83571 -0.05916 0.54459
1403638534.8778295517 0.07953 -0.06177 0.00537 0.03912 0.83565 -0.05934 0.54465
1403638534.9778294563 0.07952 -0.06181 0.00537 0.03919 0.83567 -0.05939 0.54460
1403638535.0778295994 0.07952 -0.06181 0.00538 0.03906 0.83573 -0.05938 0.54452
1403638535.1778295040 0.07953 -0.06180 0.00537 0.03896 0.83569 -0.05941 0.54459
1403638535.2778294086 0.07952 -0.06180 0.00537 0.03892 0.83568 -0.05941 0.54460
1403638535.3778295517 0.07952 -0.06178 0.00540 0.03897 0.83566 -0.05939 0.54463
1403638535.4778294563 0.07953 -0.06178 0.00541 0.03903 0.83565 -0.05938 0.54465
1403638535.5778295994 0.07954 -0.06176 0.00542 0.03895 0.83566 -0.05929 0.54464
1403638535.6778295040 0.07955 -0.06176 0.00541 0.03887 0.83564 -0.05932 0.54467
1403638535.7778294086 0.07954 -0.06177 0.00541 0.03893 0.83562 -0.05932 0.54471
1403638535.8778295517 0.07954 -0.06177 0.00541 0.03885 0.83563 -0.05928 0.54470
1403638535.9778294563 0.07953 -0.06176 0.00542 0.03879 0.83566 -0.05925 0.54467
1403638536.0778295994 0.07955 -0.06176 0.00542 0.03874 0.83559 -0.05930 0.54477
1403638536.1778295040 0.07955 -0.06176 0.00544 0.03872 0.83556 -0.05931 0.54481
1403638536.2778294086 0.07955 -0.06176 0.00544 0.03875 0.83556 -0.05926 0.54482
1403638536.3778295517 0.07956 -0.06176 0.00544 0.03876 0.83551 -0.05926 0.54490
1403638536.4778294563 0.07956 -0.06175 0.00544 0.03876 0.83549 -0.05924 0.54492
1403638536.5778295994 0.07956 -0.06176 0.00544 0.03867 0.83549 -0.05924 0.54493
1403638536.6778295040 0.07956 -0.06175 0.00545 0.03866 0.83548 -0.05920 0.54495
1403638536.7778294086 0.07954 -0.06175 0.00544 0.03873 0.83544 -0.05926 0.54500
1403638536.8778295517 0.07954 -0.06176 0.00543 0.03867 0.83539 -0.05937 0.54508
1403638536.9778294563 0.07955 -0.06177 0.00544 0.03863 0.83540 -0.05941 0.54505
1403638537.0778295994 0.07958 -0.06174 0.00546 0.03861 0.83540 -0.05931 0.54506
1403638537.1778295040 0.07958 -0.06172 0.00547 0.03873 0.83535 -0.05927 0.54514
1403638537.2778294086 0.07958 -0.06172 0.00550 0.03884 0.83536 -0.05920 0.54512
1403638537.3778295517 0.07957 -0.06173 0.00549 0.03880 0.83535 -0.05917 0.54515
1403638537.4778294563 0.07959 -0.06172 0.00549 0.03875 0.83533 -0.05915 0.54519
1403638537.5778295994 0.07959 -0.06171 0.00553 0.03879 0.83534 -0.05904 0.54517
1403638537.6778295040 0.07960 -0.06171 0.00557 0.03885 0.83538 -0.05905 0.54511
1403638537.7778294086 0.07959 -0.06171 0.00556 0.03882 0.83534 -0.05909 0.54516
1403638537.8778295517 0.07962 -0.06169 0.00559 0.03885 0.83534 -0.05896 0.54517
1403638537.9778294563 0.07961 -0.06169 0.00560 0.03887 0.83531 -0.05906 0.54521
1403638538.0778295994 0.07961 -0.06169 0.00563 0.03890 0.83530 -0.05910 0.54523
1403638538.1778295040 0.07961 -0.06170 0.00564 0.03895 0.83526 -0.05910 0.54528
1403638538.2778294086 0.07969 -0.06165 0.00564 0.03884 0.83524 -0.05891 0.54533
1403638538.3778295517 0.07965 -0.06168 0.00567 0.03903 0.83520 -0.05892 0.54539
1403638538.4778294563 0.07963 -0.06169 0.00574 0.03905 0.83520 -0.05892 0.54539
1403638538.5778295994 0.07966 -0.06170 0.00579 0.03933 0.83516 -0.05898 0.54542
1403638538.6778295040 0.07965 -0.06170 0.00583 0.03919 0.83499 -0.05910 0.54567
1403638538.7778294086 0.07975 -0.06176 0.00616 0.03903 0.83423 -0.05893 0.54687
1403638538.8778295517 0.08114 -0.06136 0.00657 0.03833 0.83323 -0.05844 0.54849
1403638538.9778294563 0.08454 -0.06122 0.00907 0.03934 0.82847 -0.05784 0.55565
1403638539.0778295994 0.08881 -0.06109 0.01265 0.04099 0.82286 -0.05933 0.56365
1403638539.1778295040 0.09643 -0.06099 0.02044 0.04021 0.81766 -0.05972 0.57119
1403638539.2778294086 0.10516 -0.06097 0.03592 0.04010 0.81398 -0.05900 0.57650
1403638539.3778295517 0.11338 -0.06096 0.05913 0.03971 0.81495 -0.05847 0.57520
1403638539.4778294563 0.12244 -0.06171 0.08853 0.03930 0.81705 -0.05744 0.57235
1403638539.5778295994 0.13259 -0.06311 0.12059 0.03883 0.81805 -0.05601 0.57109
1403638539.6778295040 0.14380 -0.06438 0.14756 0.03719 0.81868 -0.05559 0.57034
1403638539.7778294086 0.15370 -0.06503 0.16382 0.03762 0.81993 -0.05381 0.56868
1403638539.8778295517 0.16572 -0.06502 0.17280 0.03674 0.82251 -0.05324 0.56507
1403638539.9778294563 0.18154 -0.06453 0.18014 0.03500 0.82711 -0.05297 0.55844
1403638540.0778295994 0.20122 -0.06554 0.18711 0.03478 0.83302 -0.05285 0.54962
1403638540.1778295040 0.22579 -0.06673 0.19436 0.03452 0.83697 -0.05264 0.54361
1403638540.2778294086 0.25963 -0.06731 0.20951 0.03514 0.83267 -0.05134 0.55027
1403638540.3778295517 0.29765 -0.06857 0.21711 0.03584 0.82665 -0.04929 0.55941
1403638540.4778294563 0.33980 -0.06893 0.22428 0.03268 0.82440 -0.04329 0.56340
1403638540.5778295994 0.38639 -0.06823 0.22968 0.02547 0.82470 -0.03184 0.56410
1403638540.6778295040 0.43563 -0.06696 0.23507 0.01716 0.82495 -0.01469 0.56476
1403638540.7778294086 0.48697 -0.06364 0.23957 0.00929 0.82419 0.00927 0.56616
1403638540.8778295517 0.53961 -0.05722 0.24278 -0.00098 0.82361 0.03722 0.56593
1403638540.9778294563 0.59264 -0.04603 0.24440 -0.01468 0.82216 0.06347 0.56552
1403638541.0778295994 0.64632 -0.03121 0.24369 -0.02846 0.82006 0.08293 0.56552
1403638541.1778295040 0.70204 -0.01321 0.23803 -0.03818 0.81837 0.09617 0.56530
1403638541.2778294086 0.75729 0.00996 0.22994 -0.04326 0.81763 0.10493 0.56445
1403638541.3778295517 0.81305 0.03801 0.22966 -0.04623 0.81747 0.10853 0.56377
1403638541.4778294563 0.86817 0.07077 0.23567 -0.04733 0.81721 0.10874 0.56400
1403638541.5778295994 0.92221 0.10954 0.24802 -0.04665 0.81566 0.10938 0.56618
1403638541.6778295040 0.97901 0.15598 0.26905 -0.05088 0.81383 0.11247 0.56784
1403638541.7778294086 1.03302 0.20704 0.29492 -0.06111 0.81245 0.11825 0.56764
1403638541.8778295517 1.08395 0.26317 0.32911 -0.07327 0.81095 0.12738 0.56636
1403638541.9778294563 1.13207 0.32109 0.35989 -0.08545 0.80981 0.14198 0.56280
1403638542.0778295994 1.17879 0.38062 0.38423 -0.09987 0.80765 0.15934 0.55888
1403638542.1778295040 1.22262 0.44032 0.40234 -0.11583 0.80372 0.17965 0.55528
1403638542.2778294086 1.26684 0.50246 0.41442 -0.13111 0.79961 0.20324 0.54966
1403638542.3778295517 1.30970 0.56406 0.42287 -0.14527 0.79176 0.22532 0.54885
1403638542.4778294563 1.34999 0.62373 0.42849 -0.15219 0.77802 0.24595 0.55769
1403638542.5778295994 1.38999 0.68487 0.43115 -0.14869 0.76587 0.26454 0.56688
1403638542.6778295040 1.42420 0.74906 0.43537 -0.14955 0.76240 0.27400 0.56683
1403638542.7778294086 1.45190 0.81825 0.44677 -0.15860 0.76650 0.27298 0.55929
1403638542.8778295517 1.47547 0.89317 0.46594 -0.16507 0.77189 0.26972 0.55153
1403638542.9778294563 1.49423 0.96950 0.49227 -0.16905 0.77649 0.26650 0.54541
1403638543.0778295994 1.50940 1.04530 0.52069 -0.17173 0.78007 0.26340 0.54095
1403638543.1778295040 1.52408 1.12174 0.54361 -0.17200 0.78128 0.26098 0.54028
1403638543.2778294086 1.53803 1.19903 0.56263 -0.17229 0.78159 0.25865 0.54086
1403638543.3778295517 1.55277 1.27828 0.57415 -0.17180 0.78269 0.25775 0.53986
1403638543.4778294563 1.56803 1.35928 0.58242 -0.17413 0.78160 0.26220 0.53854
1403638543.5778295994 1.57872 1.43848 0.59031 -0.17963 0.77842 0.27345 0.53574
1403638543.6778295040 1.59083 1.52120 0.59363 -0.18668 0.77263 0.29108 0.53242
1403638543.7778294086 1.60084 1.60292 0.59865 -0.19718 0.76442 0.31250 0.52833
1403638543.8778295517 1.60897 1.67804 0.60968 -0.20930 0.75418 0.33528 0.52441
1403638543.9778294563 1.62070 1.76408 0.62834 -0.22335 0.74562 0.35354 0.51882
1403638544.0778295994 1.63229 1.84961 0.65055 -0.23822 0.74162 0.36481 0.51007
1403638544.1778295040 1.64562 1.93780 0.67256 -0.24856 0.73852 0.37129 0.50492
1403638544.2778294086 1.66055 2.03089 0.68897 -0.25524 0.73597 0.37457 0.50290
1403638544.3778295517 1.67506 2.11938 0.69866 -0.25690 0.73526 0.37719 0.50112
1403638544.4778294563 1.69130 2.21079 0.70638 -0.25610 0.73577 0.37833 0.49993
1403638544.5778295994 1.70927 2.30430 0.71279 -0.25800 0.73311 0.37747 0.50350
1403638544.6778295040 1.72711 2.40076 0.72694 -0.26307 0.72662 0.37671 0.51079
1403638544.7778294086 1.74443 2.49146 0.74273 -0.26447 0.72577 0.37774 0.51052
1403638544.8778295517 1.76065 2.58646 0.75896 -0.26247 0.72899 0.38001 0.50524
1403638544.9778294563 1.77769 2.67615 0.76823 -0.26271 0.72981 0.38076 0.50337
1403638545.0778295994 1.79483 2.76577 0.77190 -0.26430 0.72857 0.38072 0.50437
1403638545.1778295040 1.80939 2.85819 0.77165 -0.26416 0.72813 0.38185 0.50422
1403638545.2778294086 1.82678 2.94646 0.76343 -0.26350 0.72751 0.38350 0.50421
1403638545.3778295517 1.84454 3.03411 0.75119 -0.26536 0.72486 0.38262 0.50771
1403638545.4778294563 1.85763 3.11703 0.73675 -0.26768 0.72470 0.38367 0.50593
1403638545.5778295994 1.87308 3.20413 0.72385 -0.27184 0.72244 0.39027 0.50187
1403638545.6778295040 1.88574 3.28712 0.71908 -0.28076 0.71676 0.40180 0.49597
1403638545.7778294086 1.89842 3.36756 0.72108 -0.28978 0.70882 0.41836 0.48845
1403638545.8778295517 1.91142 3.44847 0.72957 -0.30079 0.69801 0.43783 0.48022
1403638545.9778294563 1.92545 3.53179 0.74483 -0.31064 0.68539 0.45972 0.47159
1403638546.0778295994 1.94098 3.62078 0.76285 -0.31704 0.67334 0.47855 0.46593
1403638546.1778295040 1.95725 3.71015 0.77535 -0.32460 0.66463 0.49074 0.46051
1403638546.2778294086 1.97259 3.80331 0.78091 -0.32952 0.65990 0.49828 0.45570
1403638546.3778295517 1.98718 3.89780 0.78135 -0.33578 0.65838 0.50046 0.45092
1403638546.4778294563 2.00096 3.99372 0.77613 -0.33847 0.65805 0.50171 0.44798
1403638546.5778295994 2.01408 4.09076 0.77088 -0.33950 0.65601 0.50491 0.44660
1403638546.6778295040 2.02583 4.18777 0.77153 -0.34307 0.65116 0.51075 0.44433
1403638546.7778294086 2.03686 4.29059 0.78193 -0.34557 0.64658 0.51642 0.44253
1403638546.8778295517 2.04635 4.39354 0.80082 -0.34633 0.64288 0.52136 0.44152
1403638546.9778294563 2.05492 4.50001 0.81763 -0.34510 0.63958 0.52577 0.44206
1403638547.0778295994 2.06332 4.60769 0.82892 -0.34306 0.63710 0.52904 0.44331
1403638547.1778295040 2.06664 4.71907 0.83069 -0.34020 0.63501 0.53232 0.44459
1403638547.2778294086 2.06788 4.82881 0.83166 -0.33826 0.63364 0.53380 0.44626
1403638547.3778295517 2.06051 4.93821 0.82435 -0.34153 0.63503 0.53162 0.44438
1403638547.4778294563 2.05367 5.05037 0.81856 -0.34609 0.63822 0.52789 0.44072
1403638547.5778295994 2.04439 5.16206 0.80747 -0.34916 0.64168 0.52451 0.43729
1403638547.6778295040 2.02892 5.26737 0.78731 -0.35001 0.64277 0.52302 0.43679
1403638547.7778294086 2.01683 5.38288 0.76743 -0.34789 0.64218 0.52355 0.43871
1403638547.8778295517 1.99828 5.48740 0.74022 -0.34462 0.63920 0.52572 0.44303
1403638547.9778294563 1.98144 5.60658 0.71739 -0.34473 0.63910 0.52605 0.44270
1403638548.0778295994 1.95843 5.71367 0.69955 -0.34760 0.63857 0.52840 0.43841
1403638548.1778295040 1.93782 5.84222 0.69368 -0.35194 0.63480 0.53379 0.43386
1403638548.2778294086 1.91260 5.96249 0.69475 -0.35860 0.62833 0.54226 0.42727
1403638548.3778295517 1.88675 6.08598 0.70511 -0.36630 0.61881 0.55365 0.41996
1403638548.4778294563 1.86104 6.20535 0.72319 -0.37451 0.60911 0.56424 0.41274
1403638548.5778295994 1.83570 6.32858 0.74040 -0.38107 0.60113 0.57210 0.40760
1403638548.6778295040 1.81212 6.44676 0.75389 -0.38599 0.59555 0.57754 0.40344
1403638548.7778294086 1.78782 6.57386 0.76403 -0.38873 0.59168 0.58151 0.40083
1403638548.8778295517 1.76253 6.70257 0.77925 -0.39000 0.58955 0.58415 0.39888
1403638548.9778294563 1.73718 6.82916 0.80177 -0.39141 0.58848 0.58510 0.39768
1403638549.0778295994 1.71022 6.95911 0.82781 -0.39190 0.58822 0.58552 0.39696
1403638549.1778295040 1.68339 7.08718 0.86061 -0.39307 0.58819 0.58456 0.39727
1403638549.2778294086 1.65607 7.21838 0.89856 -0.39376 0.58908 0.58359 0.39670
1403638549.3778295517 1.62863 7.35217 0.94114 -0.39596 0.59063 0.58120 0.39569
1403638549.4778294563 1.60163 7.48609 0.98050 -0.39776 0.59210 0.57909 0.39479
1403638549.5778295994 1.57434 7.62494 1.01510 -0.39906 0.59224 0.57732 0.39586
1403638549.6778295040 1.54929 7.76124 1.04408 -0.40037 0.59176 0.57579 0.39748
1403638549.7778294086 1.52457 7.90222 1.07434 -0.39869 0.59201 0.57627 0.39809
1403638549.8778295517 1.50190 8.03912 1.10973 -0.39769 0.59351 0.57645 0.39659
1403638549.9778294563 1.47657 8.18883 1.15552 -0.39726 0.59448 0.57645 0.39558
1403638550.0778295994 1.45486 8.33324 1.20794 -0.39756 0.59481 0.57621 0.39514
1403638550.1778295040 1.43431 8.48181 1.26800 -0.39831 0.59532 0.57607 0.39381
1403638550.2778294086 1.41615 8.63150 1.33485 -0.39777 0.59489 0.57693 0.39375
1403638550.3778295517 1.39831 8.78315 1.40394 -0.39784 0.59394 0.57730 0.39457
1403638550.4778294563 1.38339 8.93412 1.46707 -0.40051 0.59453 0.57576 0.39321
1403638550.5778295994 1.37044 9.08754 1.51978 -0.40442 0.59523 0.57338 0.39163
1403638550.6778295040 1.36137 9.23801 1.56671 -0.40939 0.59366 0.56998 0.39382
1403638550.7778294086 1.35653 9.38435 1.60935 -0.41243 0.59292 0.56779 0.39493
1403638550.8778295517 1.35617 9.52862 1.64835 -0.41839 0.58921 0.56351 0.40031
1403638550.9778294563 1.35652 9.67675 1.68532 -0.42403 0.58511 0.55899 0.40665
1403638551.0778295994 1.36021 9.80766 1.71610 -0.42774 0.58266 0.55607 0.41028
1403638551.1778295040 1.36616 9.93679 1.74896 -0.43209 0.58315 0.55326 0.40883
1403638551.2778294086 1.37734 10.05446 1.78498 -0.43273 0.58490 0.55215 0.40715
1403638551.3778295517 1.39503 10.16962 1.82943 -0.42799 0.59260 0.54918 0.40502
1403638551.4778294563 1.41849 10.27095 1.86450 -0.42058 0.60521 0.53994 0.40657
1403638551.5778295994 1.45019 10.37562 1.89900 -0.41440 0.62042 0.52375 0.41114
1403638551.6778295040 1.48695 10.47726 1.92632 -0.40755 0.63753 0.50539 0.41477
1403638551.7778294086 1.53328 10.57872 1.94986 -0.39835 0.65182 0.48699 0.42342
1403638551.8778295517 1.58835 10.67538 1.96939 -0.38824 0.66253 0.47149 0.43362
1403638551.9778294563 1.65144 10.76431 1.99195 -0.37639 0.66598 0.46384 0.44684
1403638552.0778295994 1.72020 10.84201 2.02125 -0.36689 0.66754 0.45884 0.45744
1403638552.1778295040 1.79204 10.90956 2.05487 -0.36104 0.67243 0.45577 0.45800
1403638552.2778294086 1.86808 10.97443 2.09482 -0.35690 0.67639 0.45482 0.45634
1403638552.3778295517 1.94745 11.03284 2.13376 -0.35891 0.67744 0.45200 0.45602
1403638552.4778294563 2.03055 11.08609 2.16646 -0.36617 0.67382 0.44647 0.46103
1403638552.5778295994 2.11671 11.12603 2.19446 -0.37175 0.67011 0.44302 0.46528
1403638552.6778295040 2.20647 11.15911 2.21630 -0.37238 0.66778 0.44426 0.46693
1403638552.7778294086 2.29916 11.18182 2.23125 -0.37180 0.66709 0.44653 0.46622
1403638552.8778295517 2.39576 11.20252 2.24120 -0.36968 0.66569 0.45048 0.46611
1403638552.9778294563 2.49454 11.20991 2.24723 -0.36537 0.66327 0.45655 0.46705
1403638553.0778295994 2.59536 11.21838 2.24761 -0.36171 0.66099 0.46195 0.46782
1403638553.1778295040 2.69477 11.21522 2.24591 -0.36717 0.65710 0.46063 0.47034
1403638553.2778294086 2.79633 11.21220 2.24498 -0.37445 0.65140 0.45738 0.47567
1403638553.3778295517 2.89593 11.19396 2.24872 -0.37611 0.64616 0.45822 0.48068
1403638553.4778294563 2.99539 11.16689 2.25794 -0.37265 0.64065 0.46179 0.48728
1403638553.5778295994 3.09147 11.12938 2.27345 -0.36958 0.63634 0.46479 0.49239
1403638553.6778295040 3.18640 11.08046 2.29295 -0.36736 0.63537 0.46714 0.49308
1403638553.7778294086 3.27890 11.02107 2.32113 -0.36552 0.63583 0.46908 0.49203
1403638553.8778295517 3.36253 10.95118 2.35429 -0.36327 0.63762 0.47059 0.48993
1403638553.9778294563 3.44839 10.87945 2.39191 -0.36253 0.64066 0.47106 0.48604
1403638554.0778295994 3.52253 10.79414 2.42025 -0.36097 0.64395 0.47197 0.48195
1403638554.1778295040 3.60473 10.71455 2.45019 -0.35610 0.64682 0.47571 0.47804
1403638554.2778294086 3.67637 10.62235 2.46652 -0.34814 0.65263 0.48156 0.47008
1403638554.3778295517 3.75183 10.53756 2.48516 -0.34220 0.65586 0.48615 0.46520
1403638554.4778294563 3.82195 10.45206 2.49982 -0.33949 0.65728 0.48833 0.46288
1403638554.5778295994 3.88771 10.36716 2.50990 -0.34055 0.65819 0.48799 0.46116
1403638554.6778295040 3.95134 10.27925 2.51773 -0.34644 0.66044 0.48419 0.45756
1403638554.7778294086 4.01480 10.19568 2.53404 -0.35134 0.66114 0.48094 0.45624
1403638554.8778295517 4.07939 10.10997 2.55333 -0.35440 0.66129 0.47896 0.45573
1403638554.9778294563 4.14568 10.02498 2.57381 -0.35696 0.66200 0.47578 0.45604
1403638555.0778295994 4.21345 9.94520 2.58961 -0.35331 0.66528 0.47150 0.45855
1403638555.1778295040 4.28193 9.85722 2.59698 -0.34665 0.67140 0.46486 0.46147
1403638555.2778294086 4.35414 9.77679 2.60374 -0.34051 0.67772 0.45688 0.46476
1403638555.3778295517 4.42699 9.69316 2.60461 -0.33341 0.68100 0.45219 0.46968
1403638555.4778294563 4.50060 9.60732 2.60115 -0.32762 0.68315 0.44913 0.47356
1403638555.5778295994 4.57462 9.52047 2.59607 -0.32527 0.68452 0.44646 0.47572
1403638555.6778295040 4.64899 9.43202 2.59651 -0.32466 0.68626 0.44478 0.47520
1403638555.7778294086 4.72106 9.34284 2.60573 -0.32370 0.68745 0.44493 0.47399
1403638555.8778295517 4.79239 9.25239 2.62298 -0.32303 0.68745 0.44592 0.47352
1403638555.9778294563 4.86528 9.16570 2.64578 -0.32177 0.68616 0.44757 0.47470
1403638556.0778295994 4.93874 9.08059 2.67310 -0.32024 0.68626 0.44892 0.47431
1403638556.1778295040 5.01084 9.00180 2.69546 -0.31927 0.69064 0.44946 0.46806
1403638556.2778294086 5.08527 8.92214 2.71265 -0.31777 0.69390 0.45052 0.46320
1403638556.3778295517 5.15914 8.85227 2.72474 -0.31648 0.69607 0.45128 0.46007
1403638556.4778294563 5.23766 8.77880 2.73593 -0.31407 0.69914 0.45260 0.45576
1403638556.5778295994 5.31478 8.72163 2.74628 -0.31353 0.70216 0.45220 0.45187
1403638556.6778295040 5.39491 8.66975 2.75802 -0.32095 0.70477 0.44608 0.44866
1403638556.7778294086 5.48142 8.61149 2.77909 -0.32757 0.70162 0.44132 0.45350
1403638556.8778295517 5.56966 8.56449 2.80576 -0.33336 0.70020 0.43700 0.45566
1403638556.9778294563 5.66362 8.51874 2.83594 -0.33682 0.69879 0.43438 0.45777
1403638557.0778295994 5.76392 8.47296 2.85984 -0.33550 0.69734 0.43581 0.45960
1403638557.1778295040 5.86856 8.42736 2.87630 -0.33400 0.69575 0.43740 0.46158
1403638557.2778294086 5.97508 8.38168 2.88615 -0.33299 0.69469 0.43850 0.46287
1403638557.3778295517 6.08423 8.33639 2.89110 -0.33054 0.69348 0.44064 0.46440
1403638557.4778294563 6.19517 8.29186 2.89838 -0.32511 0.69046 0.44507 0.46849
1403638557.5778295994 6.30650 8.24700 2.91165 -0.32066 0.68805 0.44824 0.47206
1403638557.6778295040 6.41821 8.20287 2.92984 -0.31818 0.68686 0.45018 0.47362
1403638557.7778294086 6.52828 8.15952 2.95104 -0.31818 0.68655 0.44987 0.47437
1403638557.8778295517 6.63609 8.11606 2.96678 -0.31527 0.68651 0.45126 0.47505
1403638557.9778294563 6.74519 8.07203 2.97755 -0.31250 0.68772 0.45291 0.47355
1403638558.0778295994 6.85322 8.02934 2.98263 -0.31147 0.69146 0.45369 0.46801
1403638558.1778295040 6.96125 7.98904 2.98488 -0.30850 0.69724 0.45524 0.45983
1403638558.2778294086 7.07064 7.95377 2.99261 -0.30490 0.70135 0.45698 0.45423
1403638558.3778295517 7.18144 7.92632 3.01050 -0.30014 0.70266 0.45973 0.45257
1403638558.4778294563 7.29064 7.90573 3.03598 -0.29372 0.70631 0.46338 0.44736
1403638558.5778295994 7.40100 7.89483 3.06871 -0.29490 0.70889 0.46206 0.44384
1403638558.6778295040 7.51314 7.89438 3.10718 -0.30315 0.70969 0.45553 0.44377
1403638558.7778294086 7.62959 7.90086 3.14623 -0.31097 0.70942 0.44940 0.44505
1403638558.8778295517 7.75123 7.91175 3.17649 -0.31362 0.70818 0.44722 0.44734
1403638558.9778294563 7.87580 7.92735 3.19960 -0.31554 0.70341 0.44596 0.45471
1403638559.0778295994 8.00170 7.94604 3.21450 -0.31626 0.69896 0.44576 0.46122
1403638559.1778295040 8.12899 7.96776 3.22255 -0.31664 0.69556 0.44615 0.46571
1403638559.2778294086 8.25472 7.99107 3.22385 -0.31464 0.69271 0.44847 0.46907
1403638559.3778295517 8.38011 8.01480 3.21891 -0.31107 0.69039 0.45172 0.47176
1403638559.4778294563 8.50533 8.03993 3.21056 -0.30904 0.68805 0.45392 0.47438
1403638559.5778295994 8.62566 8.06613 3.19699 -0.30802 0.68588 0.45543 0.47674
1403638559.6778295040 8.74249 8.09467 3.18035 -0.30867 0.68483 0.45560 0.47766
1403638559.7778294086 8.85422 8.12398 3.16709 -0.30901 0.68398 0.45628 0.47801
1403638559.8778295517 8.96175 8.15630 3.15891 -0.31031 0.68476 0.45551 0.47678
1403638559.9778294563 9.06861 8.18982 3.15201 -0.30916 0.68835 0.44960 0.47798
1403638560.0778295994 9.17615 8.22460 3.13938 -0.30378 0.69629 0.43679 0.48178
1403638560.1778295040 9.28238 8.25892 3.11965 -0.29404 0.70610 0.41878 0.48948
1403638560.2778294086 9.38674 8.29366 3.09466 -0.28173 0.71699 0.39764 0.49843
1403638560.3778295517 9.48905 8.32713 3.06783 -0.27054 0.72491 0.37341 0.51175
1403638560.4778294563 9.58725 8.35827 3.03760 -0.25786 0.73302 0.34828 0.52429
1403638560.5778295994 9.68039 8.38456 3.00294 -0.24656 0.74234 0.32143 0.53369
1403638560.6778295040 9.77013 8.40665 2.96449 -0.23689 0.75294 0.29346 0.53931
1403638560.7778294086 9.85628 8.42185 2.92955 -0.22967 0.76180 0.26787 0.54329
1403638560.8778295517 9.94104 8.42946 2.90261 -0.21894 0.76833 0.24505 0.54926
1403638560.9778294563 10.02638 8.43064 2.88340 -0.20670 0.77268 0.22413 0.55679
1403638561.0778295994 10.10901 8.42370 2.87252 -0.19448 0.77528 0.20423 0.56516
1403638561.1778295040 10.18743 8.40796 2.86808 -0.18361 0.77670 0.18656 0.57290
1403638561.2778294086 10.26190 8.38511 2.87016 -0.17679 0.77700 0.17319 0.57881
1403638561.3778295517 10.33003 8.35438 2.87478 -0.16778 0.78160 0.16846 0.57669
1403638561.4778294563 10.39239 8.31673 2.87585 -0.15424 0.78741 0.17210 0.57147
1403638561.5778295994 10.45379 8.27612 2.87112 -0.14468 0.79082 0.17690 0.56779
1403638561.6778295040 10.51287 8.23430 2.86162 -0.14094 0.79244 0.17982 0.56555
1403638561.7778294086 10.56792 8.19109 2.84665 -0.14008 0.79257 0.18215 0.56483
1403638561.8778295517 10.61960 8.14605 2.82511 -0.13760 0.79192 0.18281 0.56614
1403638561.9778294563 10.66979 8.09990 2.80018 -0.13251 0.79290 0.17849 0.56736
1403638562.0778295994 10.71651 8.05276 2.77676 -0.12517 0.79469 0.16980 0.56918
1403638562.1778295040 10.75781 8.00398 2.76081 -0.11761 0.79657 0.16012 0.57096
1403638562.2778294086 10.79804 7.95710 2.74941 -0.11119 0.79764 0.15193 0.57300
1403638562.3778295517 10.83471 7.90974 2.74463 -0.10524 0.79858 0.14008 0.57583
1403638562.4778294563 10.86765 7.86084 2.74413 -0.09739 0.80097 0.12412 0.57754
1403638562.5778295994 10.89845 7.81215 2.75089 -0.08784 0.80338 0.10409 0.57968
1403638562.6778295040 10.92726 7.76178 2.76201 -0.07914 0.80629 0.07998 0.58072
1403638562.7778294086 10.95387 7.70938 2.77440 -0.07034 0.80799 0.05379 0.58250
1403638562.8778295517 10.97621 7.65352 2.78271 -0.05689 0.80929 0.02923 0.58392
1403638562.9778294563 10.99447 7.59430 2.78486 -0.04241 0.81011 0.00662 0.58471
1403638563.0778295994 11.00854 7.53206 2.78181 -0.03341 0.81007 -0.01742 0.58512
1403638563.1778295040 11.01543 7.46580 2.77486 -0.02150 0.80997 -0.03709 0.58490
1403638563.2778294086 11.01860 7.39483 2.76390 -0.01003 0.80691 -0.05083 0.58840
1403638563.3778295517 11.01489 7.32044 2.74824 -0.00346 0.79919 -0.06046 0.59802
1403638563.4778294563 11.00424 7.24273 2.72671 -0.00216 0.79316 -0.06741 0.60527
1403638563.5778295994 10.98756 7.15920 2.70476 0.00341 0.79375 -0.06706 0.60452
1403638563.6778295040 10.96422 7.07141 2.68878 0.00356 0.79730 -0.06710 0.59983
1403638563.7778294086 10.93554 6.97774 2.67973 0.00049 0.79959 -0.06738 0.59675
1403638563.8778295517 10.90152 6.88017 2.67930 -0.00266 0.79925 -0.06645 0.59730
1403638563.9778294563 10.86339 6.77673 2.68477 -0.00625 0.79825 -0.06472 0.59880
1403638564.0778295994 10.81672 6.66897 2.68805 -0.01071 0.79894 -0.06246 0.59806
1403638564.1778295040 10.76453 6.55568 2.68620 -0.01245 0.79891 -0.05775 0.59854
1403638564.2778294086 10.71064 6.43377 2.68174 -0.01176 0.79736 -0.05216 0.60113
1403638564.3778295517 10.64708 6.31135 2.68338 -0.01188 0.79600 -0.04706 0.60335
1403638564.4778294563 10.58023 6.18333 2.69166 -0.01125 0.79478 -0.04273 0.60528
1403638564.5778295994 10.50138 6.05429 2.70446 -0.01396 0.79659 -0.04222 0.60288
1403638564.6778295040 10.41867 5.92270 2.71665 -0.01904 0.79837 -0.04511 0.60017
1403638564.7778294086 10.32589 5.78702 2.72220 -0.02274 0.79899 -0.04817 0.59898
1403638564.8778295517 10.23285 5.64515 2.72142 -0.02489 0.79855 -0.05067 0.59927
1403638564.9778294563 10.13244 5.49443 2.70027 -0.02674 0.79804 -0.05233 0.59973
1403638565.0778295994 10.02888 5.33829 2.66552 -0.02794 0.79845 -0.05310 0.59906
1403638565.1778295040 9.92189 5.17816 2.61571 -0.02835 0.79924 -0.05338 0.59797
1403638565.2778294086 9.81139 5.01253 2.55986 -0.02666 0.80023 -0.05263 0.59678
1403638565.3778295517 9.69768 4.84228 2.50124 -0.02384 0.80127 -0.05142 0.59561
1403638565.4778294563 9.58086 4.66750 2.44215 -0.02080 0.80061 -0.05051 0.59669
1403638565.5778295994 9.46264 4.49074 2.38960 -0.01413 0.79849 -0.04829 0.59990
1403638565.6778295040 9.33932 4.31054 2.34572 -0.00230 0.79817 -0.04232 0.60093
1403638565.7778294086 9.21435 4.13223 2.30783 0.00681 0.80086 -0.03797 0.59761
1403638565.8778295517 9.08176 3.95500 2.27772 0.01411 0.80300 -0.03469 0.59480
1403638565.9778294563 8.94526 3.78059 2.25117 0.01662 0.80480 -0.03527 0.59227
1403638566.0778295994 8.80674 3.60977 2.21856 0.01819 0.80579 -0.03566 0.59084
1403638566.1778295040 8.66675 3.44166 2.17679 0.01615 0.80595 -0.03708 0.59060
1403638566.2778294086 8.52508 3.27664 2.12622 0.01674 0.80554 -0.03622 0.59120
1403638566.3778295517 8.38395 3.11408 2.06691 0.01695 0.80651 -0.03511 0.58994
1403638566.4778294563 8.24347 2.95429 2.00154 0.01354 0.80673 -0.03578 0.58968
1403638566.5778295994 8.10547 2.80051 1.93045 0.01282 0.80987 -0.03395 0.58549
1403638566.6778295040 7.96750 2.65055 1.85197 0.01205 0.81913 -0.03206 0.57258
1403638566.7778294086 7.83495 2.50524 1.76857 0.01137 0.83077 -0.03017 0.55568
1403638566.8778295517 7.71064 2.36360 1.68259 0.00975 0.83876 -0.02886 0.54364
1403638566.9778294563 7.59507 2.22490 1.59484 0.00974 0.84266 -0.02593 0.53774
1403638567.0778295994 7.48732 2.08976 1.50914 0.00939 0.83454 -0.02444 0.55032
1403638567.1778295040 7.38657 1.95608 1.42062 0.01122 0.82219 -0.02231 0.56867
1403638567.2778294086 7.28691 1.82350 1.32734 0.01417 0.81349 -0.02048 0.58105
1403638567.3778295517 7.18620 1.69479 1.22910 0.01698 0.81153 -0.01981 0.58372
1403638567.4778294563 7.08325 1.56957 1.13510 0.01885 0.81230 -0.02063 0.58257
1403638567.5778295994 6.97831 1.44678 1.04705 0.02020 0.81579 -0.02228 0.57756
1403638567.6778295040 6.87117 1.32410 0.96878 0.02353 0.81902 -0.02270 0.57284
1403638567.7778294086 6.76809 1.20824 0.90069 0.02558 0.82225 -0.02319 0.56807
1403638567.8778295517 6.66940 1.09696 0.84122 0.02483 0.82565 -0.02539 0.56307
1403638567.9778294563 6.58048 0.99313 0.78908 0.02483 0.82658 -0.02638 0.56165
1403638568.0778295994 6.49690 0.89393 0.74550 0.02789 0.82640 -0.02460 0.56185
1403638568.1778295040 6.41799 0.80057 0.71168 0.02996 0.82567 -0.02333 0.56287
1403638568.2778294086 6.34121 0.71120 0.68396 0.03098 0.82553 -0.02362 0.56301
1403638568.3778295517 6.26824 0.62570 0.65615 0.03106 0.82600 -0.02397 0.56230
1403638568.4778294563 6.19908 0.54696 0.62145 0.03160 0.82682 -0.02392 0.56106
1403638568.5778295994 6.13348 0.47007 0.58540 0.03250 0.82818 -0.02328 0.55904
1403638568.6778295040 6.07285 0.40006 0.54476 0.03388 0.82993 -0.02192 0.55640
1403638568.7778294086 6.01748 0.33559 0.50973 0.03351 0.83124 -0.02197 0.55446
1403638568.8778295517 5.96676 0.27871 0.48394 0.03155 0.83060 -0.02364 0.55547
1403638568.9778294563 5.92126 0.22479 0.46250 0.03348 0.83003 -0.02195 0.55628
1403638569.0778295994 5.87844 0.17487 0.45203 0.03499 0.82977 -0.02095 0.55661
1403638569.1778295040 5.84013 0.12941 0.44471 0.03560 0.83055 -0.02092 0.55542
1403638569.2778294086 5.80239 0.08833 0.43982 0.03768 0.83173 -0.01991 0.55354
1403638569.3778295517 5.77288 0.05329 0.42822 0.03855 0.83163 -0.01966 0.55364
1403638569.4778294563 5.74629 0.02040 0.41210 0.03902 0.83017 -0.01923 0.55580
1403638569.5778295994 5.72793 -0.00295 0.39321 0.03971 0.82889 -0.01889 0.55767
1403638569.6778295040 5.71394 -0.02081 0.37983 0.03879 0.82777 -0.01983 0.55938
1403638569.7778294086 5.70297 -0.03315 0.37273 0.03971 0.82693 -0.01920 0.56057
1403638569.8778295517 5.69489 -0.04224 0.37048 0.04068 0.82568 -0.01813 0.56238
1403638569.9778294563 5.69058 -0.04399 0.37374 0.03942 0.82418 -0.01897 0.56464
1403638570.0778295994 5.68995 -0.03971 0.37465 0.03709 0.82361 -0.02050 0.56558
1403638570.1778295040 5.69162 -0.03128 0.36963 0.03213 0.82379 -0.02330 0.56550
1403638570.2778294086 5.69494 -0.02021 0.35867 0.02454 0.82330 -0.02795 0.56639
1403638570.3778295517 5.70001 -0.00772 0.34326 0.01822 0.82306 -0.03529 0.56656
1403638570.4778294563 5.70661 0.00306 0.32205 0.01399 0.82261 -0.05090 0.56615
1403638570.5778295994 5.71058 0.00956 0.29515 0.00701 0.82002 -0.07795 0.56695
1403638570.6778295040 5.71428 0.00863 0.26410 0.00790 0.81489 -0.10724 0.56955
1403638570.7778294086 5.71698 -0.00198 0.23026 0.01521 0.80384 -0.13491 0.57915
1403638570.8778295517 5.71467 -0.02302 0.19439 0.02785 0.79217 -0.15945 0.58845
1403638570.9778294563 5.70545 -0.05449 0.15521 0.04337 0.78399 -0.18086 0.59225
1403638571.0778295994 5.68806 -0.09608 0.11168 0.06031 0.78121 -0.19999 0.58828
1403638571.1778295040 5.66088 -0.14600 0.07037 0.08185 0.78377 -0.21239 0.57784
1403638571.2778294086 5.62725 -0.20393 0.03854 0.10200 0.78498 -0.21876 0.57057
1403638571.3778295517 5.58655 -0.26570 0.01693 0.11464 0.78426 -0.22413 0.56705
1403638571.4778294563 5.54049 -0.33088 0.00480 0.12061 0.78139 -0.22888 0.56789
1403638571.5778295994 5.48946 -0.39921 -0.00382 0.12751 0.77894 -0.23307 0.56804
1403638571.6778295040 5.43465 -0.47044 -0.01661 0.13371 0.77859 -0.24240 0.56318
1403638571.7778294086 5.37673 -0.54526 -0.03465 0.14178 0.77798 -0.25575 0.55610
1403638571.8778295517 5.31697 -0.62338 -0.05687 0.14910 0.77495 -0.27338 0.54999
1403638571.9778294563 5.25416 -0.70593 -0.07567 0.15681 0.76885 -0.29327 0.54614
1403638572.0778295994 5.18867 -0.79162 -0.08648 0.16600 0.76188 -0.31241 0.54258
1403638572.1778295040 5.11878 -0.88120 -0.08823 0.18180 0.75499 -0.32751 0.53821
1403638572.2778294086 5.04541 -0.97348 -0.08524 0.19599 0.75062 -0.34403 0.52896
1403638572.3778295517 4.97125 -1.06905 -0.08431 0.20919 0.74571 -0.36230 0.51856
1403638572.4778294563 4.89753 -1.16728 -0.08629 0.22326 0.74166 -0.37535 0.50913
1403638572.5778295994 4.82484 -1.26990 -0.08959 0.23419 0.73780 -0.38395 0.50338
1403638572.6778295040 4.75446 -1.37505 -0.09171 0.24008 0.73597 -0.38932 0.49914
1403638572.7778294086 4.68633 -1.48577 -0.08596 0.24787 0.73734 -0.38903 0.49349
1403638572.8778295517 4.62258 -1.59921 -0.07221 0.25147 0.73975 -0.38829 0.48863
1403638572.9778294563 4.56239 -1.71617 -0.05359 0.25207 0.74188 -0.38724 0.48593
1403638573.0778295994 4.50681 -1.83610 -0.03928 0.25134 0.74393 -0.38597 0.48417
1403638573.1778295040 4.45570 -1.95809 -0.03153 0.24954 0.74551 -0.38473 0.48366
1403638573.2778294086 4.40952 -2.08234 -0.02451 0.24788 0.74691 -0.38270 0.48397
1403638573.3778295517 4.36588 -2.21129 -0.01806 0.24704 0.74767 -0.38174 0.48398
1403638573.4778294563 4.33082 -2.34140 -0.00609 0.25011 0.74779 -0.38185 0.48213
1403638573.5778295994 4.29945 -2.47689 0.01159 0.25179 0.74769 -0.38210 0.48121
1403638573.6778295040 4.27406 -2.61279 0.03688 0.25467 0.74803 -0.38265 0.47872
1403638573.7778294086 4.25336 -2.75242 0.06707 0.26150 0.74441 -0.38604 0.47796
1403638573.8778295517 4.23952 -2.89254 0.09662 0.27503 0.73414 -0.39164 0.48168
1403638573.9778294563 4.23120 -3.03243 0.12095 0.28668 0.71875 -0.40519 0.48686
1403638574.0778295994 4.22573 -3.16928 0.13817 0.29232 0.69852 -0.42680 0.49443
1403638574.1778295040 4.22095 -3.30076 0.14923 0.29821 0.67640 -0.45089 0.50025
1403638574.2778294086 4.21430 -3.42875 0.15502 0.30758 0.65782 -0.47322 0.49873
1403638574.3778295517 4.19974 -3.55289 0.15694 0.32004 0.64457 -0.49314 0.48879
1403638574.4778294563 4.17812 -3.67508 0.15521 0.33355 0.63304 -0.51113 0.47619
1403638574.5778295994 4.15163 -3.79351 0.15702 0.34400 0.62244 -0.52525 0.46728
1403638574.6778295040 4.12099 -3.91003 0.16709 0.35589 0.61610 -0.53230 0.45872
1403638574.7778294086 4.08930 -4.02575 0.18302 0.36673 0.61596 -0.53476 0.44736
1403638574.8778295517 4.05776 -4.14187 0.20306 0.36808 0.61814 -0.53906 0.43800
1403638574.9778294563 4.02506 -4.25255 0.21815 0.36670 0.62057 -0.54223 0.43175
1403638575.0778295994 3.99231 -4.36025 0.22593 0.35914 0.61924 -0.54755 0.43331
1403638575.1778295040 3.95825 -4.46827 0.22772 0.35322 0.61663 -0.55080 0.43774
1403638575.2778294086 3.92207 -4.57921 0.22811 0.34973 0.61537 -0.55161 0.44128
1403638575.3778295517 3.88213 -4.69093 0.22169 0.34655 0.61878 -0.55152 0.43914
1403638575.4778294563 3.84017 -4.80432 0.21321 0.34475 0.62430 -0.54981 0.43487
1403638575.5778295994 3.79482 -4.92147 0.20286 0.34386 0.62937 -0.54717 0.43158
1403638575.6778295040 3.74822 -5.04381 0.19981 0.34738 0.63572 -0.54179 0.42621
1403638575.7778294086 3.70221 -5.16627 0.20517 0.34844 0.64228 -0.53866 0.41941
1403638575.8778295517 3.65829 -5.29349 0.22007 0.34838 0.64651 -0.53649 0.41574
1403638575.9778294563 3.61848 -5.42386 0.24593 0.34788 0.64685 -0.53569 0.41665
1403638576.0778295994 3.58145 -5.56119 0.27876 0.34853 0.64747 -0.53425 0.41700
1403638576.1778295040 3.54688 -5.70700 0.31664 0.34930 0.64592 -0.53377 0.41937
1403638576.2778294086 3.51617 -5.85551 0.35144 0.35334 0.64645 -0.53118 0.41845
1403638576.3778295517 3.48899 -6.00825 0.37986 0.35790 0.64801 -0.52816 0.41598
1403638576.4778294563 3.46705 -6.16492 0.40282 0.36173 0.65063 -0.52560 0.41180
1403638576.5778295994 3.45169 -6.32441 0.42058 0.36633 0.65471 -0.52265 0.40497
1403638576.6778295040 3.44457 -6.48263 0.43353 0.36953 0.65615 -0.52044 0.40256
1403638576.7778294086 3.44617 -6.64459 0.44212 0.37439 0.65376 -0.51677 0.40667
1403638576.8778295517 3.45483 -6.80704 0.44570 0.37701 0.64876 -0.51504 0.41439
1403638576.9778294563 3.47040 -6.97064 0.44482 0.37490 0.64241 -0.51687 0.42381
1403638577.0778295994 3.49151 -7.13229 0.44334 0.37053 0.63866 -0.52029 0.42908
1403638577.1778295040 3.51633 -7.29234 0.44944 0.36764 0.63590 -0.52243 0.43306
1403638577.2778294086 3.54393 -7.44681 0.46113 0.36802 0.63642 -0.52216 0.43229
1403638577.3778295517 3.57398 -7.60209 0.48179 0.37471 0.64061 -0.51719 0.42629
1403638577.4778294563 3.60805 -7.75486 0.50792 0.37909 0.64305 -0.51390 0.42270
1403638577.5778295994 3.64746 -7.90673 0.53034 0.37613 0.64307 -0.51566 0.42319
1403638577.6778295040 3.69199 -8.05726 0.54704 0.37274 0.64205 -0.51777 0.42515
1403638577.7778294086 3.73996 -8.20563 0.55592 0.36999 0.64160 -0.51930 0.42637
1403638577.8778295517 3.79205 -8.35313 0.56003 0.36966 0.64180 -0.51904 0.42666
1403638577.9778294563 3.84740 -8.49593 0.56033 0.37048 0.64232 -0.51764 0.42686
1403638578.0778295994 3.90765 -8.64228 0.56805 0.36937 0.64158 -0.51759 0.42900
1403638578.1778295040 3.97208 -8.78396 0.58113 0.36475 0.63860 -0.52007 0.43438
1403638578.2778294086 4.03740 -8.92553 0.60035 0.35622 0.63377 -0.52565 0.44173
1403638578.3778295517 4.10217 -9.06848 0.61971 0.35416 0.63143 -0.52733 0.44474
1403638578.4778294563 4.16451 -9.20902 0.63287 0.35434 0.63102 -0.52774 0.44468
1403638578.5778295994 4.22455 -9.34666 0.64147 0.35437 0.63046 -0.52844 0.44462
1403638578.6778295040 4.28323 -9.48652 0.64560 0.35683 0.63033 -0.52729 0.44421
1403638578.7778294086 4.33872 -9.61916 0.64722 0.36221 0.63285 -0.52387 0.44030
1403638578.8778295517 4.39650 -9.75624 0.64423 0.36733 0.63564 -0.52021 0.43636
1403638578.9778294563 4.45640 -9.88473 0.64123 0.36986 0.63696 -0.51814 0.43476
1403638579.0778295994 4.51845 -10.01854 0.64658 0.37030 0.63766 -0.51709 0.43461
1403638579.1778295040 4.57983 -10.13880 0.65917 0.37087 0.63771 -0.51620 0.43510
1403638579.2778294086 4.64797 -10.26757 0.67793 0.36864 0.63677 -0.51729 0.43709
1403638579.3778295517 4.71263 -10.37786 0.69668 0.36294 0.63359 -0.52100 0.44204
1403638579.4778294563 4.78247 -10.50254 0.71412 0.35713 0.62939 -0.52493 0.44809
1403638579.5778295994 4.84815 -10.61317 0.72329 0.35588 0.62685 -0.52224 0.45571
1403638579.6778295040 4.91090 -10.72058 0.72782 0.35797 0.62742 -0.51009 0.46691
1403638579.7778294086 4.97368 -10.82692 0.72712 0.35634 0.63785 -0.49107 0.47435
1403638579.8778295517 5.03391 -10.92514 0.71936 0.34568 0.65783 -0.46980 0.47650
1403638579.9778294563 5.09248 -11.01561 0.70658 0.32850 0.67785 -0.44469 0.48462
1403638580.0778295994 5.15376 -11.10527 0.69261 0.31392 0.69228 -0.41018 0.50394
1403638580.1778295040 5.21889 -11.19132 0.67518 0.29392 0.70644 -0.37333 0.52458
1403638580.2778294086 5.27580 -11.25849 0.65259 0.26748 0.72328 -0.33850 0.53920
1403638580.3778295517 5.33130 -11.32195 0.62407 0.23717 0.73941 -0.31222 0.54731
1403638580.4778294563 5.38079 -11.38094 0.59098 0.21102 0.75097 -0.29574 0.55142
1403638580.5778295994 5.42692 -11.43931 0.55675 0.19346 0.75824 -0.28242 0.55488
1403638580.6778295040 5.46937 -11.49532 0.52298 0.17811 0.76830 -0.26779 0.55343
1403638580.7778294086 5.50892 -11.55139 0.49587 0.16773 0.77839 -0.25277 0.54962
1403638580.8778295517 5.54589 -11.60774 0.47712 0.16294 0.78531 -0.24187 0.54612
1403638580.9778294563 5.58446 -11.66416 0.46992 0.15710 0.78678 -0.23839 0.54724
1403638581.0778295994 5.62079 -11.71669 0.47230 0.15597 0.78779 -0.23661 0.54688
1403638581.1778295040 5.65337 -11.76666 0.48228 0.15856 0.78771 -0.23506 0.54691
1403638581.2778294086 5.68386 -11.81354 0.49377 0.16267 0.78779 -0.23479 0.54572
1403638581.3778295517 5.71397 -11.85273 0.51311 0.16619 0.78652 -0.23604 0.54595
1403638581.4778294563 5.74206 -11.89385 0.52714 0.16891 0.78439 -0.23771 0.54744
1403638581.5778295994 5.76439 -11.91517 0.56240 0.17232 0.78375 -0.23993 0.54632
1403638581.6778295040 5.79190 -11.94763 0.58460 0.17743 0.77964 -0.23989 0.55058
1403638581.7778294086 5.81362 -11.96188 0.61234 0.17990 0.77597 -0.24172 0.55415
1403638581.8778295517 5.83970 -11.98178 0.62768 0.18312 0.77284 -0.24190 0.55737
1403638581.9778294563 5.86886 -12.00874 0.63289 0.18692 0.76531 -0.24024 0.56714
1403638582.0778295994 5.89771 -12.03066 0.64068 0.18587 0.76708 -0.24218 0.56426
1403638582.1778295040 5.92475 -12.04987 0.65487 0.18198 0.77445 -0.24555 0.55392
1403638582.2778294086 5.94830 -12.06417 0.67843 0.18239 0.77746 -0.24554 0.54955
1403638582.3778295517 5.97707 -12.08022 0.71348 0.18493 0.77421 -0.24337 0.55423
1403638582.4778294563 6.00115 -12.08797 0.75612 0.18703 0.77303 -0.24176 0.55588
1403638582.5778295994 6.02525 -12.09148 0.81158 0.18808 0.77242 -0.24070 0.55682
1403638582.6778295040 6.05134 -12.09870 0.86986 0.18779 0.77352 -0.24093 0.55530
1403638582.7778294086 6.07415 -12.09398 0.94292 0.18608 0.77507 -0.24274 0.55291
1403638582.8778295517 6.09621 -12.08599 1.01651 0.18653 0.77639 -0.24329 0.55067
1403638582.9778294563 6.11755 -12.07317 1.08373 0.18541 0.77858 -0.24490 0.54723
1403638583.0778295994 6.13828 -12.05769 1.14319 0.18450 0.78108 -0.24660 0.54320
1403638583.1778295040 6.15998 -12.04049 1.19475 0.18449 0.78266 -0.24733 0.54058
1403638583.2778294086 6.18409 -12.02275 1.24018 0.18324 0.78325 -0.24862 0.53956
1403638583.3778295517 6.21155 -12.00657 1.26819 0.18359 0.78294 -0.24809 0.54014
1403638583.4778294563 6.24108 -11.98505 1.30750 0.18382 0.78363 -0.24822 0.53900
1403638583.5778295994 6.27100 -11.96331 1.35163 0.18395 0.78360 -0.24812 0.53904
1403638583.6778295040 6.30194 -11.93936 1.40338 0.18564 0.78390 -0.24690 0.53860
1403638583.7778294086 6.33496 -11.91332 1.45574 0.18538 0.78359 -0.24692 0.53912
1403638583.8778295517 6.36379 -11.87534 1.46666 0.18603 0.78273 -0.24634 0.54040
1403638583.9778294563 6.40503 -11.84439 1.50449 0.18652 0.78274 -0.24609 0.54034
1403638584.0778295994 6.44088 -11.81055 1.53484 0.18942 0.77931 -0.24388 0.54527
1403638584.1778295040 6.47361 -11.78073 1.53204 0.19334 0.77037 -0.24036 0.55801
1403638584.2778294086 6.50871 -11.73944 1.55647 0.19554 0.76137 -0.23808 0.57044
1403638584.3778295517 6.53185 -11.69692 1.53833 0.19700 0.75860 -0.23674 0.57417
1403638584.4778294563 6.54625 -11.64065 1.51964 0.19769 0.75850 -0.23602 0.57436
1403638584.5778295994 6.56169 -11.58016 1.52015 0.19732 0.75870 -0.23610 0.57419
1403638584.6778295040 6.57303 -11.51402 1.52701 0.19501 0.76051 -0.23741 0.57204
1403638584.7778294086 6.56726 -11.44113 1.51422 0.19123 0.76733 -0.23959 0.56324
1403638584.8778295517 6.57336 -11.36314 1.53696 0.18492 0.77499 -0.24416 0.55279
1403638584.9778294563 6.56438 -11.28251 1.52917 0.18292 0.77854 -0.24603 0.54761
1403638585.0778295994 6.56112 -11.19838 1.52135 0.18253 0.77976 -0.24662 0.54574
1403638585.1778295040 6.56431 -11.11870 1.52394 0.18009 0.77960 -0.24822 0.54605
1403638585.2778294086 6.55836 -11.04076 1.50727 0.18105 0.77774 -0.24737 0.54877
1403638585.3778295517 6.56147 -10.96068 1.49970 0.18158 0.77568 -0.24664 0.55183
1403638585.4778294563 6.55244 -10.88561 1.48726 0.18125 0.77595 -0.24670 0.55154
1403638585.5778295994 6.55652 -10.80461 1.48412 0.18036 0.77779 -0.24682 0.54917
1403638585.6778295040 6.55373 -10.72378 1.48795 0.18019 0.78033 -0.24669 0.54567
1403638585.7778294086 6.55960 -10.64038 1.50163 0.17703 0.78537 -0.24883 0.53846
1403638585.8778295517 6.55806 -10.55909 1.52570 0.17438 0.78920 -0.25058 0.53288
1403638585.9778294563 6.56166 -10.48218 1.55854 0.17242 0.78912 -0.25250 0.53273
1403638586.0778295994 6.56803 -10.40657 1.59350 0.17424 0.78498 -0.25174 0.53859
1403638586.1778295040 6.58475 -10.33087 1.61847 0.17608 0.78218 -0.25127 0.54226
1403638586.2778294086 6.59136 -10.25631 1.64103 0.17823 0.77959 -0.25004 0.54586
1403638586.3778295517 6.60764 -10.18125 1.65583 0.18406 0.77651 -0.24645 0.54992
1403638586.4778294563 6.61059 -10.10114 1.66783 0.19201 0.77478 -0.24141 0.55187
1403638586.5778295994 6.62426 -10.02144 1.67133 0.19423 0.77407 -0.24026 0.55260
1403638586.6778295040 6.62699 -9.93380 1.67039 0.19131 0.77490 -0.24235 0.55154
1403638586.7778294086 6.64070 -9.85048 1.66120 0.18724 0.77456 -0.24509 0.55220
1403638586.8778295517 6.64399 -9.76284 1.64907 0.18497 0.77344 -0.24593 0.55417
1403638586.9778294563 6.65424 -9.67545 1.62975 0.18521 0.77318 -0.24568 0.55455
1403638587.0778295994 6.65550 -9.58688 1.61109 0.18438 0.77297 -0.24616 0.55491
1403638587.1778295040 6.66373 -9.49553 1.59472 0.18397 0.77418 -0.24613 0.55337
1403638587.2778294086 6.66710 -9.39875 1.58829 0.18326 0.77583 -0.24629 0.55122
1403638587.3778295517 6.67241 -9.30533 1.58615 0.18266 0.77744 -0.24664 0.54899
1403638587.4778294563 6.67688 -9.20784 1.58779 0.18086 0.77749 -0.24843 0.54871
1403638587.5778295994 6.68187 -9.11078 1.58779 0.18007 0.77755 -0.24941 0.54844
1403638587.6778295040 6.68957 -9.01657 1.58070 0.17990 0.77713 -0.24995 0.54885
1403638587.7778294086 6.69509 -8.92126 1.56826 0.17985 0.77675 -0.25037 0.54921
1403638587.8778295517 6.70300 -8.82835 1.55185 0.17903 0.77637 -0.25124 0.54962
1403638587.9778294563 6.70791 -8.73259 1.53141 0.17884 0.77597 -0.25175 0.55002
1403638588.0778295994 6.71481 -8.64309 1.50655 0.17991 0.77552 -0.25061 0.55081
1403638588.1778295040 6.71769 -8.54985 1.47737 0.18654 0.77632 -0.24622 0.54947
1403638588.2778294086 6.72193 -8.45954 1.44921 0.18930 0.77713 -0.24376 0.54847
1403638588.3778295517 6.72584 -8.36190 1.42759 0.18995 0.77748 -0.24305 0.54806
1403638588.4778294563 6.73261 -8.26594 1.41455 0.18820 0.77743 -0.24407 0.54827
1403638588.5778295994 6.73671 -8.16343 1.40907 0.18578 0.77672 -0.24571 0.54939
1403638588.6778295040 6.73925 -8.06111 1.41271 0.18340 0.77595 -0.24702 0.55068
1403638588.7778294086 6.74154 -7.95595 1.42177 0.18187 0.77445 -0.24842 0.55266
1403638588.8778295517 6.74430 -7.85637 1.42933 0.17939 0.77392 -0.25072 0.55318
1403638588.9778294563 6.74357 -7.75335 1.42740 0.17966 0.77384 -0.25100 0.55307
1403638589.0778295994 6.74402 -7.65681 1.42118 0.18008 0.77410 -0.25128 0.55245
1403638589.1778295040 6.74192 -7.55013 1.40424 0.18170 0.77385 -0.25060 0.55258
1403638589.2778294086 6.74218 -7.44870 1.38948 0.18141 0.77285 -0.25075 0.55399
1403638589.3778295517 6.73748 -7.34153 1.36809 0.18162 0.77265 -0.25056 0.55429
1403638589.4778294563 6.73571 -7.23914 1.35700 0.18130 0.77353 -0.25120 0.55288
1403638589.5778295994 6.72817 -7.13197 1.34720 0.18065 0.77348 -0.25160 0.55298
1403638589.6778295040 6.72830 -7.03427 1.35154 0.18025 0.77413 -0.25166 0.55218
1403638589.7778294086 6.72063 -6.92989 1.35779 0.18063 0.77567 -0.25205 0.54971
1403638589.8778295517 6.71543 -6.83987 1.37209 0.18058 0.77628 -0.25300 0.54843
1403638589.9778294563 6.70707 -6.73553 1.37072 0.18097 0.77627 -0.25346 0.54810
1403638590.0778295994 6.69981 -6.64682 1.37408 0.18050 0.77629 -0.25422 0.54787
1403638590.1778295040 6.69127 -6.54276 1.36435 0.18115 0.77522 -0.25453 0.54903
1403638590.2778294086 6.68504 -6.45995 1.35885 0.18072 0.77455 -0.25508 0.54986
1403638590.3778295517 6.67564 -6.35861 1.34108 0.18096 0.77484 -0.25553 0.54916
1403638590.4778294563 6.66740 -6.25896 1.32480 0.18103 0.77546 -0.25579 0.54815
1403638590.5778295994 6.65613 -6.15991 1.30609 0.17997 0.77652 -0.25647 0.54666
1403638590.6778295040 6.64663 -6.05739 1.29657 0.17809 0.77824 -0.25748 0.54436
1403638590.7778294086 6.63628 -5.96095 1.29489 0.17732 0.77905 -0.25794 0.54324
1403638590.8778295517 6.62644 -5.86510 1.30055 0.17750 0.77990 -0.25791 0.54197
1403638590.9778294563 6.61701 -5.76954 1.31276 0.17621 0.78048 -0.25880 0.54113
1403638591.0778295994 6.60531 -5.67903 1.32878 0.17478 0.78137 -0.26015 0.53966
1403638591.1778295040 6.59775 -5.58520 1.33879 0.17391 0.78556 -0.26135 0.53324
1403638591.2778294086 6.58869 -5.48962 1.34042 0.17146 0.79140 -0.26352 0.52426
1403638591.3778295517 6.58516 -5.40350 1.33816 0.16815 0.79569 -0.26605 0.51751
1403638591.4778294563 6.58857 -5.32721 1.33120 0.16548 0.79842 -0.26818 0.51305
1403638591.5778295994 6.59839 -5.25847 1.31840 0.16276 0.80116 -0.27045 0.50843
1403638591.6778295040 6.61437 -5.19849 1.30171 0.16141 0.80143 -0.27157 0.50784
1403638591.7778294086 6.63742 -5.14965 1.28526 0.16310 0.79958 -0.27052 0.51077
1403638591.8778295517 6.66838 -5.11043 1.27028 0.16399 0.79730 -0.26966 0.51449
1403638591.9778294563 6.70458 -5.08104 1.26322 0.16462 0.79472 -0.26890 0.51867
1403638592.0778295994 6.74540 -5.06142 1.26504 0.16494 0.79219 -0.26777 0.52300
1403638592.1778295040 6.79078 -5.04094 1.27586 0.16290 0.78936 -0.26592 0.52882
1403638592.2778294086 6.83885 -5.03847 1.29890 0.15767 0.78392 -0.26052 0.54105
1403638592.3778295517 6.88614 -5.03234 1.33091 0.14858 0.78134 -0.25165 0.55146
1403638592.4778294563 6.93177 -5.02304 1.36994 0.13682 0.78380 -0.23781 0.55712
1403638592.5778295994 6.97412 -5.01756 1.41452 0.12906 0.79114 -0.22357 0.55448
1403638592.6778295040 7.01406 -5.01567 1.46466 0.12251 0.79859 -0.21228 0.54972
1403638592.7778294086 7.05288 -5.01841 1.51368 0.11737 0.80564 -0.20468 0.54339
1403638592.8778295517 7.09196 -5.02472 1.55762 0.11328 0.81067 -0.20000 0.53850
1403638592.9778294563 7.13358 -5.03366 1.59653 0.11260 0.81318 -0.19628 0.53622
1403638593.0778295994 7.17946 -5.04875 1.62879 0.11154 0.81393 -0.19496 0.53578
1403638593.1778295040 7.22901 -5.06681 1.66379 0.11164 0.81223 -0.19404 0.53868
1403638593.2778294086 7.28336 -5.09044 1.70266 0.11836 0.80896 -0.19024 0.54350
1403638593.3778295517 7.33918 -5.11530 1.74915 0.12733 0.80556 -0.18512 0.54827
1403638593.4778294563 7.39473 -5.13954 1.79275 0.13551 0.80092 -0.18117 0.55439
1403638593.5778295994 7.45201 -5.16172 1.82982 0.14007 0.79807 -0.17988 0.55778
1403638593.6778295040 7.51079 -5.18040 1.86071 0.14277 0.79685 -0.17959 0.55892
1403638593.7778294086 7.56895 -5.19531 1.88602 0.14406 0.79352 -0.17991 0.56321
1403638593.8778295517 7.62580 -5.20622 1.91044 0.13975 0.78309 -0.17998 0.57866
1403638593.9778294563 7.67783 -5.21100 1.94030 0.13319 0.77969 -0.17688 0.58571
1403638594.0778295994 7.72234 -5.21251 1.97286 0.12494 0.78525 -0.17485 0.58069
1403638594.1778295040 7.76183 -5.21244 2.01043 0.12279 0.79137 -0.17025 0.57417
1403638594.2778294086 7.79803 -5.21095 2.04692 0.12320 0.79380 -0.16547 0.57212
1403638594.3778295517 7.82936 -5.20626 2.07856 0.12569 0.79282 -0.16057 0.57433
1403638594.4778294563 7.85495 -5.19752 2.11555 0.12938 0.79147 -0.15511 0.57686
1403638594.5778295994 7.87886 -5.18432 2.15606 0.12382 0.79176 -0.15703 0.57718
1403638594.6778295040 7.89528 -5.16667 2.20521 0.11817 0.79231 -0.16025 0.57672
1403638594.7778294086 7.91253 -5.14917 2.24813 0.11605 0.79302 -0.16227 0.57560
1403638594.8778295517 7.91998 -5.12803 2.28764 0.11478 0.79303 -0.16394 0.57537
1403638594.9778294563 7.93167 -5.10753 2.31679 0.11594 0.79486 -0.16447 0.57246
1403638595.0778295994 7.94054 -5.08534 2.34058 0.11464 0.79602 -0.16629 0.57057
1403638595.1778295040 7.94779 -5.06285 2.35847 0.11455 0.79649 -0.16754 0.56957
1403638595.2778294086 7.95357 -5.04009 2.37060 0.11516 0.79692 -0.16783 0.56877
1403638595.3778295517 7.95051 -5.01212 2.38182 0.11504 0.79652 -0.16857 0.56912
1403638595.4778294563 7.95249 -4.98953 2.38112 0.11514 0.79686 -0.16879 0.56857
1403638595.5778295994 7.95254 -4.96633 2.37890 0.11521 0.79764 -0.16849 0.56754
1403638595.6778295040 7.95081 -4.94243 2.38138 0.11763 0.79769 -0.16682 0.56747
1403638595.7778294086 7.94828 -4.91647 2.38873 0.12196 0.79866 -0.16389 0.56605
1403638595.8778295517 7.94621 -4.88913 2.39372 0.12329 0.79905 -0.16325 0.56538
1403638595.9778294563 7.94361 -4.86122 2.38496 0.12571 0.79877 -0.16182 0.56566
1403638596.0778295994 7.93675 -4.82903 2.36595 0.13324 0.79947 -0.15698 0.56431
1403638596.1778295040 7.93433 -4.79561 2.34555 0.14453 0.80093 -0.14910 0.56159
1403638596.2778294086 7.93232 -4.75396 2.33177 0.15629 0.80265 -0.14045 0.55821
1403638596.3778295517 7.92980 -4.70140 2.32765 0.16568 0.80279 -0.13294 0.55714
1403638596.4778294563 7.93219 -4.64003 2.33127 0.17121 0.80249 -0.12812 0.55704
1403638596.5778295994 7.93878 -4.56622 2.34450 0.17801 0.80325 -0.12274 0.55501
1403638596.6778295040 7.95005 -4.47769 2.36518 0.18566 0.80352 -0.11675 0.55341
1403638596.7778294086 7.96754 -4.37257 2.39306 0.18961 0.80363 -0.11339 0.55261
1403638596.8778295517 7.99245 -4.25133 2.42841 0.19327 0.80299 -0.11061 0.55283
1403638596.9778294563 8.01840 -4.11281 2.46505 0.19508 0.80171 -0.10971 0.55422
1403638597.0778295994 8.05120 -3.95966 2.49721 0.19792 0.80085 -0.10872 0.55467
1403638597.1778295040 8.08660 -3.79338 2.52358 0.20024 0.79902 -0.10850 0.55650
1403638597.2778294086 8.12541 -3.60746 2.54302 0.19785 0.79633 -0.11162 0.56059
1403638597.3778295517 8.16691 -3.40900 2.55532 0.19307 0.79460 -0.11648 0.56371
1403638597.4778294563 8.20971 -3.19633 2.56575 0.18443 0.79137 -0.12352 0.56961
1403638597.5778295994 8.25164 -2.97056 2.57142 0.17168 0.78678 -0.13307 0.57775
1403638597.6778295040 8.29073 -2.73562 2.57234 0.16727 0.78446 -0.13712 0.58124
1403638597.7778294086 8.32610 -2.49237 2.56801 0.17144 0.78623 -0.13202 0.57881
1403638597.8778295517 8.35884 -2.24107 2.55915 0.17562 0.78882 -0.12065 0.57651
1403638597.9778294563 8.38917 -1.98098 2.54718 0.17670 0.79046 -0.11147 0.57578
1403638598.0778295994 8.42079 -1.70968 2.53966 0.16981 0.79068 -0.10893 0.57804
1403638598.1778295040 8.45029 -1.42707 2.53822 0.14815 0.79224 -0.11809 0.58005
1403638598.2778294086 8.47723 -1.13828 2.54139 0.13068 0.79421 -0.12651 0.57979
1403638598.3778295517 8.50346 -0.84827 2.54265 0.11978 0.79605 -0.13181 0.57843
1403638598.4778294563 8.52919 -0.55935 2.53780 0.11557 0.79839 -0.13358 0.57565
1403638598.5778295994 8.55260 -0.27103 2.52498 0.11066 0.80043 -0.13159 0.57424
1403638598.6778295040 8.57422 0.01444 2.50668 0.10635 0.80281 -0.12304 0.57363
1403638598.7778294086 8.59400 0.29712 2.48949 0.09794 0.80507 -0.11218 0.57418
1403638598.8778295517 8.61131 0.57722 2.47892 0.08871 0.80618 -0.09770 0.57676
1403638598.9778294563 8.62522 0.85492 2.47167 0.07878 0.80874 -0.08126 0.57717
1403638599.0778295994 8.63809 1.13200 2.46850 0.06672 0.81024 -0.06455 0.57870
1403638599.1778295040 8.64886 1.40697 2.47107 0.05473 0.81165 -0.04687 0.57969
1403638599.2778294086 8.65661 1.67772 2.47793 0.04373 0.81370 -0.02778 0.57897
1403638599.3778295517 8.66251 1.94613 2.49201 0.03123 0.81700 -0.01040 0.57570
1403638599.4778294563 8.66592 2.21327 2.51130 0.02213 0.81920 0.00303 0.57307
1403638599.5778295994 8.66812 2.47955 2.52906 0.01659 0.82153 0.01165 0.56980
1403638599.6778295040 8.66998 2.74551 2.53828 0.01296 0.82300 0.01633 0.56765
1403638599.7778294086 8.67323 3.01024 2.53905 0.01173 0.82312 0.01743 0.56748
1403638599.8778295517 8.67957 3.27246 2.53317 0.00982 0.82441 0.01502 0.56571
1403638599.9778294563 8.68778 3.53519 2.52324 0.00611 0.82460 0.00943 0.56561
1403638600.0778295994 8.70051 3.79432 2.50947 -0.00023 0.82574 0.00163 0.56405
1403638600.1778295040 8.71651 4.04622 2.49188 -0.01228 0.82747 -0.01010 0.56128
1403638600.2778294086 8.73446 4.29213 2.46842 -0.02214 0.82957 -0.02079 0.55757
1403638600.3778295517 8.75648 4.52748 2.44393 -0.02964 0.83098 -0.02942 0.55473
1403638600.4778294563 8.78297 4.74809 2.42651 -0.03582 0.83214 -0.03591 0.55224
1403638600.5778295994 8.81504 4.95301 2.41984 -0.03372 0.83272 -0.03657 0.55146
1403638600.6778295040 8.85094 5.14344 2.42089 -0.03652 0.83422 -0.03957 0.54880
1403638600.7778294086 8.89208 5.32060 2.42887 -0.03617 0.83794 -0.03940 0.54314
1403638600.8778295517 8.94093 5.48120 2.44222 -0.02519 0.84176 -0.03058 0.53839
1403638600.9778294563 8.99548 5.63044 2.45244 -0.00843 0.84388 -0.01710 0.53619
1403638601.0778295994 9.05640 5.76986 2.45757 0.00066 0.84429 -0.00902 0.53581
1403638601.1778295040 9.12505 5.90433 2.45843 0.00851 0.84292 -0.00257 0.53797
1403638601.2778294086 9.20150 6.03895 2.45566 0.01792 0.83652 0.00494 0.54763
1403638601.3778295517 9.28319 6.17479 2.45176 0.01517 0.83147 0.00880 0.55530
1403638601.4778294563 9.36846 6.31478 2.45167 0.00212 0.82707 0.01347 0.56193
1403638601.5778295994 9.45412 6.45409 2.45980 -0.00869 0.82229 0.02780 0.56832
1403638601.6778295040 9.54066 6.59407 2.47306 -0.01986 0.81972 0.04789 0.57041
1403638601.7778294086 9.62555 6.73385 2.49343 -0.03244 0.81687 0.07340 0.57122
1403638601.8778295517 9.70798 6.87374 2.52211 -0.04630 0.81188 0.10247 0.57289
1403638601.9778294563 9.78728 7.01728 2.55196 -0.06109 0.80876 0.12588 0.57125
1403638602.0778295994 9.86432 7.16190 2.57582 -0.07258 0.80714 0.14283 0.56820
1403638602.1778295040 9.93718 7.30820 2.59340 -0.07849 0.80245 0.15849 0.56990
1403638602.2778294086 10.00504 7.45568 2.60640 -0.08611 0.79543 0.17597 0.57350
1403638602.3778295517 10.06850 7.60787 2.61938 -0.10857 0.78440 0.18848 0.58086
1403638602.4778294563 10.12433 7.76088 2.64278 -0.14346 0.76243 0.19485 0.60013
1403638602.5778295994 10.16837 7.90661 2.67384 -0.17864 0.74084 0.19973 0.61592
1403638602.6778295040 10.19920 8.03899 2.71019 -0.19925 0.73062 0.21307 0.61733
1403638602.7778294086 10.21297 8.15492 2.75134 -0.21019 0.72633 0.23265 0.61166
1403638602.8778295517 10.20654 8.25077 2.79671 -0.22129 0.72294 0.25227 0.60395
1403638602.9778294563 10.18443 8.33051 2.84459 -0.24090 0.72306 0.26762 0.58951
1403638603.0778295994 10.15441 8.39808 2.88939 -0.25969 0.71809 0.28226 0.58072
1403638603.1778295040 10.11898 8.45165 2.92742 -0.27183 0.71080 0.29654 0.57700
1403638603.2778294086 10.07684 8.49024 2.95322 -0.27001 0.71818 0.31362 0.55942
1403638603.3778295517 10.02954 8.51666 2.96937 -0.26317 0.73092 0.32797 0.53752
1403638603.4778294563 9.98066 8.53780 2.98115 -0.25967 0.73926 0.33511 0.52323
1403638603.5778295994 9.93336 8.55657 2.99018 -0.26099 0.73704 0.33941 0.52293
1403638603.6778295040 9.88420 8.57223 2.99489 -0.26319 0.72922 0.34189 0.53111
1403638603.7778294086 9.83709 8.58280 2.99154 -0.25700 0.72050 0.34826 0.54179
1403638603.8778295517 9.78164 8.58683 2.98258 -0.25050 0.71272 0.35331 0.55178
1403638603.9778294563 9.72048 8.59022 2.96775 -0.24551 0.70588 0.35613 0.56092
1403638604.0778295994 9.65317 8.59117 2.94629 -0.23948 0.70242 0.35878 0.56616
1403638604.1778295040 9.57393 8.59263 2.92896 -0.23820 0.70186 0.35957 0.56688
1403638604.2778294086 9.48491 8.58621 2.91953 -0.24464 0.70583 0.35586 0.56153
1403638604.3778295517 9.38385 8.57712 2.91618 -0.25005 0.71353 0.35282 0.55124
1403638604.4778294563 9.27673 8.56300 2.92013 -0.24795 0.72138 0.35450 0.54080
1403638604.5778295994 9.16718 8.54645 2.92987 -0.24606 0.72604 0.35588 0.53448
1403638604.6778295040 9.05475 8.52839 2.93499 -0.24877 0.72929 0.35436 0.52979
1403638604.7778294086 8.94121 8.50838 2.93500 -0.25297 0.73129 0.35177 0.52677
1403638604.8778295517 8.82996 8.48589 2.93481 -0.25409 0.73448 0.35123 0.52213
1403638604.9778294563 8.71740 8.46073 2.93778 -0.25171 0.74045 0.35312 0.51349
1403638605.0778295994 8.60501 8.43291 2.94871 -0.24924 0.74682 0.35522 0.50393
1403638605.1778295040 8.49958 8.40675 2.96846 -0.24683 0.75073 0.35738 0.49775
1403638605.2778294086 8.40192 8.38758 2.98963 -0.24303 0.75154 0.36016 0.49639
1403638605.3778295517 8.30664 8.37311 3.00536 -0.23703 0.74684 0.36445 0.50321
1403638605.4778294563 8.21461 8.36485 3.01801 -0.22985 0.73674 0.36995 0.51722
1403638605.5778295994 8.11808 8.35887 3.02138 -0.22442 0.72835 0.37415 0.52835
1403638605.6778295040 8.02016 8.35757 3.02010 -0.21997 0.72256 0.37744 0.53578
1403638605.7778294086 7.91680 8.36138 3.02234 -0.21842 0.72164 0.37856 0.53686
1403638605.8778295517 7.80820 8.37078 3.03680 -0.21563 0.72159 0.38019 0.53690
1403638605.9778294563 7.69404 8.38841 3.05395 -0.21158 0.72088 0.38210 0.53811
1403638606.0778295994 7.57179 8.40977 3.07247 -0.20899 0.72101 0.38283 0.53843
1403638606.1778295040 7.44422 8.43807 3.07973 -0.20556 0.72081 0.38438 0.53891
1403638606.2778294086 7.30939 8.47172 3.08483 -0.20340 0.72204 0.38473 0.53783
1403638606.3778295517 7.16678 8.51278 3.07698 -0.20889 0.73062 0.37994 0.52745
1403638606.4778294563 7.01984 8.55835 3.06478 -0.21697 0.74088 0.37333 0.51445
1403638606.5778295994 6.87181 8.60908 3.04714 -0.22387 0.74946 0.36875 0.50221
1403638606.6778295040 6.72866 8.66658 3.02547 -0.22933 0.75260 0.37089 0.49340
1403638606.7778294086 6.58993 8.73077 2.99947 -0.23416 0.75245 0.38010 0.48426
1403638606.8778295517 6.45534 8.80158 2.97182 -0.24275 0.74873 0.39276 0.47562
1403638606.9778294563 6.32418 8.88112 2.94937 -0.25370 0.74140 0.40820 0.46833
1403638607.0778295994 6.20625 8.96667 2.93729 -0.26779 0.73256 0.42263 0.46155
1403638607.1778295040 6.09583 9.06000 2.93291 -0.28427 0.72281 0.42963 0.46061
1403638607.2778294086 5.99000 9.15824 2.92811 -0.29812 0.70924 0.43391 0.46884
1403638607.3778295517 5.88767 9.25807 2.91478 -0.31088 0.70078 0.43389 0.47328
1403638607.4778294563 5.79025 9.35775 2.89236 -0.31671 0.69767 0.43502 0.47298
1403638607.5778295994 5.69753 9.45450 2.86270 -0.31869 0.69662 0.43635 0.47198
1403638607.6778295040 5.61061 9.54783 2.83033 -0.32035 0.69490 0.43636 0.47337
1403638607.7778294086 5.52951 9.63984 2.79516 -0.31878 0.69346 0.43682 0.47611
1403638607.8778295517 5.45025 9.73018 2.75598 -0.31989 0.69572 0.43474 0.47397
1403638607.9778294563 5.37716 9.81720 2.71265 -0.32207 0.70016 0.43138 0.46901
1403638608.0778295994 5.31015 9.90411 2.66522 -0.32279 0.69895 0.42883 0.47264
1403638608.1778295040 5.24647 9.98763 2.61286 -0.31895 0.69594 0.42921 0.47928
1403638608.2778294086 5.18673 10.06562 2.55593 -0.31770 0.69136 0.42851 0.48730
1403638608.3778295517 5.12998 10.14049 2.49459 -0.31804 0.68558 0.42731 0.49623
1403638608.4778294563 5.07182 10.21073 2.42796 -0.31818 0.68547 0.42692 0.49661
1403638608.5778295994 5.01639 10.27520 2.35616 -0.31641 0.68698 0.42764 0.49505
1403638608.6778295040 4.95925 10.33524 2.28740 -0.32194 0.68425 0.42368 0.49865
1403638608.7778294086 4.90235 10.38841 2.22296 -0.32241 0.68438 0.42341 0.49840
1403638608.8778295517 4.84554 10.43537 2.16291 -0.32111 0.68779 0.42478 0.49335
1403638608.9778294563 4.78968 10.47543 2.11156 -0.32020 0.69187 0.42567 0.48743
1403638609.0778295994 4.73577 10.51296 2.06652 -0.31959 0.69460 0.42620 0.48348
1403638609.1778295040 4.68285 10.54602 2.02793 -0.32150 0.69504 0.42484 0.48277
1403638609.2778294086 4.63296 10.57485 1.98931 -0.32944 0.69518 0.41909 0.48224
1403638609.3778295517 4.58774 10.59997 1.94264 -0.32828 0.69542 0.41958 0.48226
1403638609.4778294563 4.54538 10.62173 1.88986 -0.32458 0.69548 0.42171 0.48282
1403638609.5778295994 4.50701 10.63704 1.83037 -0.32115 0.69545 0.42369 0.48343
1403638609.6778295040 4.47090 10.65520 1.76604 -0.31905 0.69449 0.42515 0.48492
1403638609.7778294086 4.43808 10.66538 1.70120 -0.31786 0.69459 0.42591 0.48489
1403638609.8778295517 4.40756 10.67949 1.64351 -0.31833 0.69482 0.42558 0.48453
1403638609.9778294563 4.37920 10.68471 1.59359 -0.31926 0.69435 0.42477 0.48531
1403638610.0778295994 4.35623 10.69008 1.55375 -0.32269 0.69212 0.42224 0.48842
1403638610.1778295040 4.33346 10.69014 1.51638 -0.32381 0.68906 0.42136 0.49274
1403638610.2778294086 4.31163 10.68555 1.47504 -0.32622 0.68779 0.41935 0.49464
1403638610.3778295517 4.29093 10.67545 1.42673 -0.32710 0.68742 0.41869 0.49513
1403638610.4778294563 4.27342 10.65904 1.37533 -0.32737 0.68577 0.41820 0.49765
1403638610.5778295994 4.25378 10.63869 1.31776 -0.33020 0.68057 0.41597 0.50475
1403638610.6778295040 4.23289 10.60981 1.25973 -0.33467 0.67553 0.41273 0.51119
1403638610.7778294086 4.20917 10.57245 1.20390 -0.33221 0.68083 0.41544 0.50351
1403638610.8778295517 4.18560 10.52950 1.15687 -0.32840 0.68716 0.41941 0.49402
1403638610.9778294563 4.16372 10.48206 1.11693 -0.32903 0.68752 0.41969 0.49286
1403638611.0778295994 4.14292 10.42972 1.07504 -0.33222 0.68468 0.41782 0.49626
1403638611.1778295040 4.12543 10.37286 1.02878 -0.33357 0.68373 0.41797 0.49654
1403638611.2778294086 4.10817 10.30925 0.98188 -0.33304 0.68333 0.41894 0.49663
1403638611.3778295517 4.09069 10.23757 0.93917 -0.32668 0.68091 0.42339 0.50037
1403638611.4778294563 4.06741 10.16104 0.90038 -0.31445 0.67664 0.43126 0.50725
1403638611.5778295994 4.04542 10.08442 0.87140 -0.30561 0.67621 0.43650 0.50873
1403638611.6778295040 4.01230 10.00183 0.84504 -0.30386 0.67862 0.43686 0.50627
1403638611.7778294086 3.97803 9.91919 0.81837 -0.30949 0.68441 0.43257 0.49867
1403638611.8778295517 3.94570 9.83780 0.78875 -0.31469 0.69004 0.42820 0.49138
1403638611.9778294563 3.91125 9.75540 0.75468 -0.31732 0.69344 0.42557 0.48716
1403638612.0778295994 3.87928 9.67463 0.72331 -0.31671 0.69541 0.42528 0.48502
1403638612.1778295040 3.84973 9.59104 0.69655 -0.31812 0.69665 0.42372 0.48367
1403638612.2778294086 3.82333 9.51049 0.68031 -0.31863 0.69668 0.42302 0.48390
1403638612.3778295517 3.80006 9.42733 0.66751 -0.31700 0.69624 0.42361 0.48510
1403638612.4778294563 3.77706 9.34078 0.65122 -0.31637 0.69504 0.42287 0.48787
1403638612.5778295994 3.75646 9.25582 0.62956 -0.31348 0.69288 0.42342 0.49231
1403638612.6778295040 3.73530 9.17044 0.60064 -0.30767 0.69096 0.42584 0.49656
1403638612.7778294086 3.71184 9.08314 0.56463 -0.30481 0.69004 0.42566 0.49975
1403638612.8778295517 3.68764 8.99831 0.53110 -0.30500 0.68893 0.42336 0.50311
1403638612.9778294563 3.65731 8.90699 0.49817 -0.30593 0.68953 0.42127 0.50348
1403638613.0778295994 3.62811 8.82251 0.47667 -0.30651 0.69234 0.42012 0.50022
1403638613.1778295040 3.59560 8.73565 0.46242 -0.30602 0.69478 0.41986 0.49735
1403638613.2778294086 3.55954 8.64200 0.45379 -0.30522 0.69521 0.42006 0.49706
1403638613.3778295517 3.52543 8.55615 0.45314 -0.30448 0.69478 0.42055 0.49770
1403638613.4778294563 3.48812 8.46265 0.44964 -0.30514 0.69422 0.41948 0.49898
1403638613.5778295994 3.45208 8.37661 0.44050 -0.30436 0.69555 0.41514 0.50123
1403638613.6778295040 3.41464 8.29042 0.42555 -0.30823 0.69626 0.40841 0.50341
1403638613.7778294086 3.37454 8.19685 0.40333 -0.31206 0.69498 0.40074 0.50894
1403638613.8778295517 3.33637 8.10511 0.37253 -0.30899 0.69724 0.39264 0.51403
1403638613.9778294563 3.29556 8.00140 0.33763 -0.30133 0.70328 0.38273 0.51779
1403638614.0778295994 3.25481 7.89494 0.29902 -0.28938 0.71139 0.37091 0.52212
1403638614.1778295040 3.21325 7.78894 0.26138 -0.27465 0.72172 0.35800 0.52490
1403638614.2778294086 3.16931 7.67738 0.22820 -0.26363 0.73068 0.34449 0.52719
1403638614.3778295517 3.12283 7.56292 0.19994 -0.25503 0.73739 0.33503 0.52818
1403638614.4778294563 3.07625 7.45333 0.18183 -0.25153 0.74215 0.32608 0.52878
1403638614.5778295994 3.02952 7.34158 0.17204 -0.24759 0.74667 0.31773 0.52937
1403638614.6778295040 2.98570 7.23167 0.17023 -0.24452 0.75194 0.30572 0.53041
1403638614.7778294086 2.94515 7.12188 0.18084 -0.24264 0.76191 0.28914 0.52632
1403638614.8778295517 2.90732 7.01059 0.20098 -0.23500 0.77315 0.27158 0.52274
1403638614.9778294563 2.87729 6.90133 0.22871 -0.22182 0.78249 0.25245 0.52420
1403638615.0778295994 2.85363 6.78776 0.26056 -0.20375 0.78996 0.23168 0.52989
1403638615.1778295040 2.83608 6.67129 0.29736 -0.18234 0.79347 0.20957 0.54151
1403638615.2778294086 2.82282 6.55310 0.33776 -0.15735 0.79590 0.18817 0.55351
1403638615.3778295517 2.81026 6.43622 0.37400 -0.13599 0.79965 0.16279 0.56176
1403638615.4778294563 2.79746 6.31624 0.40382 -0.11574 0.80279 0.13692 0.56868
1403638615.5778295994 2.78324 6.19540 0.42604 -0.09866 0.80616 0.11260 0.57244
1403638615.6778295040 2.76802 6.07435 0.44379 -0.08547 0.80829 0.09530 0.57471
1403638615.7778294086 2.75221 5.95632 0.46728 -0.07780 0.80961 0.08287 0.57585
1403638615.8778295517 2.73407 5.83921 0.49833 -0.07261 0.81087 0.07108 0.57633
1403638615.9778294563 2.71605 5.72207 0.52753 -0.06544 0.81246 0.05921 0.57629
1403638616.0778295994 2.69718 5.60477 0.54986 -0.05657 0.81310 0.04697 0.57746
1403638616.1778295040 2.67751 5.48778 0.55879 -0.04680 0.81433 0.03290 0.57758
1403638616.2778294086 2.65768 5.36983 0.55082 -0.03621 0.81537 0.01475 0.57762
1403638616.3778295517 2.63726 5.24968 0.52854 -0.02301 0.81612 -0.00450 0.57741
1403638616.4778294563 2.61627 5.12883 0.49889 -0.01249 0.81666 -0.02238 0.57655
1403638616.5778295994 2.59477 5.00998 0.46569 -0.00311 0.81835 -0.03489 0.57366
1403638616.6778295040 2.57377 4.89160 0.42870 0.00272 0.82299 -0.04454 0.56630
1403638616.7778294086 2.55425 4.77323 0.38739 -0.00028 0.83143 -0.05480 0.55292
1403638616.8778295517 2.54043 4.65328 0.34581 -0.00416 0.83716 -0.06156 0.54347
1403638616.9778294563 2.53481 4.53048 0.31294 0.00107 0.83540 -0.05921 0.54644
1403638617.0778295994 2.53535 4.40320 0.29042 0.00675 0.83177 -0.05424 0.55243
1403638617.1778295040 2.53907 4.27283 0.27601 0.01279 0.82890 -0.04740 0.55724
1403638617.2778294086 2.54601 4.14167 0.26599 0.01449 0.83126 -0.04279 0.55404
1403638617.3778295517 2.55694 4.00888 0.26057 0.01411 0.83528 -0.03992 0.54819
1403638617.4778294563 2.57366 3.87900 0.26394 0.01379 0.83804 -0.03668 0.54420
1403638617.5778295994 2.59668 3.75010 0.27549 0.01354 0.83877 -0.03369 0.54328
1403638617.6778295040 2.62683 3.62559 0.29594 0.01460 0.83740 -0.02972 0.54559
1403638617.7778294086 2.66466 3.50739 0.32511 0.01482 0.83582 -0.02704 0.54814
1403638617.8778295517 2.70544 3.39300 0.36145 0.01589 0.83584 -0.02372 0.54824
1403638617.9778294563 2.75185 3.28206 0.40183 0.01392 0.83481 -0.02326 0.54986
1403638618.0778295994 2.80322 3.17311 0.43728 0.01318 0.83447 -0.02197 0.55046
1403638618.1778295040 2.85944 3.06748 0.46648 0.01081 0.83465 -0.02185 0.55025
1403638618.2778294086 2.91895 2.96483 0.48918 0.01129 0.83467 -0.02034 0.55026
1403638618.3778295517 2.98246 2.86582 0.50855 0.01108 0.83397 -0.01927 0.55136
1403638618.4778294563 3.04962 2.76915 0.52493 0.01084 0.83412 -0.01801 0.55119
1403638618.5778295994 3.12023 2.67729 0.53964 0.01200 0.83314 -0.01719 0.55266
1403638618.6778295040 3.19508 2.58516 0.55178 0.01586 0.83303 -0.02027 0.55262
1403638618.7778294086 3.27356 2.49960 0.56821 0.01844 0.83236 -0.02344 0.55343
1403638618.8778295517 3.35637 2.41579 0.59088 0.02145 0.83065 -0.02673 0.55575
1403638618.9778294563 3.44096 2.33568 0.61509 0.02746 0.82656 -0.03563 0.56105
1403638619.0778295994 3.52693 2.25676 0.63230 0.03936 0.82300 -0.04927 0.56454
1403638619.1778295040 3.61264 2.18098 0.64171 0.05295 0.81946 -0.06810 0.56661
1403638619.2778294086 3.69947 2.10750 0.64407 0.06694 0.81556 -0.09216 0.56735
1403638619.3778295517 3.78536 2.03696 0.63722 0.08313 0.81110 -0.11662 0.56711
1403638619.4778294563 3.87014 1.97075 0.62639 0.09372 0.80682 -0.13781 0.56680
1403638619.5778295994 3.95568 1.90748 0.61444 0.10027 0.80315 -0.15353 0.56686
1403638619.6778295040 4.03972 1.84634 0.59951 0.09659 0.79962 -0.16997 0.56780
1403638619.7778294086 4.12090 1.78486 0.58215 0.09301 0.79713 -0.18154 0.56831
1403638619.8778295517 4.19812 1.72123 0.56340 0.09272 0.79497 -0.18801 0.56928
1403638619.9778294563 4.27099 1.65534 0.53999 0.09410 0.79409 -0.19170 0.56905
1403638620.0778295994 4.33679 1.58554 0.52081 0.09626 0.79151 -0.19332 0.57172
1403638620.1778295040 4.39938 1.51305 0.50535 0.10091 0.78846 -0.19225 0.57550
1403638620.2778294086 4.45017 1.43910 0.49897 0.10369 0.78899 -0.19112 0.57465
1403638620.3778295517 4.49869 1.36296 0.49866 0.10644 0.79038 -0.18900 0.57293
1403638620.4778294563 4.53637 1.28778 0.50554 0.10757 0.79148 -0.18694 0.57187
1403638620.5778295994 4.57558 1.20959 0.51077 0.10717 0.79284 -0.18537 0.57058
1403638620.6778295040 4.61010 1.13168 0.51084 0.10431 0.79535 -0.18528 0.56764
1403638620.7778294086 4.63499 1.05568 0.50565 0.10085 0.79868 -0.18569 0.56343
1403638620.8778295517 4.66548 0.97425 0.49612 0.10407 0.80187 -0.18119 0.55978
1403638620.9778294563 4.69345 0.89388 0.48340 0.10866 0.80247 -0.17529 0.55992
1403638621.0778295994 4.71428 0.81707 0.46995 0.11246 0.80089 -0.17025 0.56298
1403638621.1778295040 4.74212 0.73703 0.46044 0.11114 0.79966 -0.16844 0.56552
1403638621.2778294086 4.76705 0.66062 0.45783 0.11146 0.79855 -0.16581 0.56781
1403638621.3778295517 4.79271 0.58457 0.45977 0.11314 0.79942 -0.16281 0.56712
1403638621.4778294563 4.81925 0.50860 0.45649 0.11371 0.79766 -0.16069 0.57008
1403638621.5778295994 4.84248 0.43862 0.44776 0.11367 0.79549 -0.15865 0.57367
1403638621.6778295040 4.86194 0.37313 0.43433 0.11331 0.79452 -0.15766 0.57536
1403638621.7778294086 4.87769 0.31147 0.41679 0.11428 0.79292 -0.15636 0.57772
1403638621.8778295517 4.89063 0.25246 0.39594 0.11612 0.78949 -0.15456 0.58252
1403638621.9778294563 4.89906 0.19974 0.37224 0.11657 0.78696 -0.15396 0.58601
1403638622.0778295994 4.89900 0.15807 0.34531 0.11521 0.78658 -0.15505 0.58649
1403638622.1778295040 4.89776 0.11287 0.31447 0.11203 0.78754 -0.15699 0.58532
1403638622.2778294086 4.89103 0.07313 0.28809 0.10923 0.78687 -0.15942 0.58608
1403638622.3778295517 4.87927 0.03625 0.26932 0.10989 0.78785 -0.15998 0.58448
1403638622.4778294563 4.85892 0.00722 0.26130 0.11358 0.78869 -0.15838 0.58308
1403638622.5778295994 4.83796 -0.02633 0.25737 0.11702 0.78849 -0.15708 0.58302
1403638622.6778295040 4.81168 -0.05072 0.26429 0.12097 0.78446 -0.15538 0.58809
1403638622.7778294086 4.78036 -0.07442 0.28009 0.12370 0.77328 -0.15401 0.60251
1403638622.8778295517 4.74367 -0.08612 0.30289 0.12544 0.76853 -0.15360 0.60831
1403638622.9778294563 4.69794 -0.09280 0.32283 0.12399 0.77238 -0.15600 0.60309
1403638623.0778295994 4.64272 -0.09678 0.33531 0.12035 0.77886 -0.15954 0.59451
1403638623.1778295040 4.58055 -0.09554 0.34254 0.11531 0.78276 -0.16335 0.58932
1403638623.2778294086 4.51120 -0.08832 0.34517 0.11225 0.78614 -0.16573 0.58473
1403638623.3778295517 4.43976 -0.08483 0.34347 0.10992 0.78873 -0.16748 0.58118
1403638623.4778294563 4.36292 -0.07702 0.33799 0.11059 0.79042 -0.16733 0.57880
1403638623.5778295994 4.28578 -0.07132 0.33418 0.11192 0.79056 -0.16665 0.57854
1403638623.6778295040 4.20221 -0.06626 0.33841 0.11330 0.79105 -0.16608 0.57777
1403638623.7778294086 4.11735 -0.05911 0.34914 0.11551 0.79207 -0.16585 0.57600
1403638623.8778295517 4.02788 -0.04981 0.36507 0.11691 0.79321 -0.16595 0.57412
1403638623.9778294563 3.93404 -0.04009 0.37928 0.11846 0.79434 -0.16643 0.57209
1403638624.0778295994 3.84025 -0.02775 0.38931 0.11680 0.79463 -0.16923 0.57121
1403638624.1778295040 3.74502 -0.01596 0.39426 0.11434 0.79452 -0.17164 0.57114
1403638624.2778294086 3.64759 -0.00195 0.39389 0.11231 0.79417 -0.17430 0.57122
1403638624.3778295517 3.55135 0.01146 0.39032 0.11192 0.79368 -0.17608 0.57144
1403638624.4778294563 3.45670 0.02235 0.38425 0.11335 0.79351 -0.17631 0.57132
1403638624.5778295994 3.35639 0.03537 0.37216 0.10875 0.78517 -0.18112 0.58214
1403638624.6778295040 3.25455 0.04724 0.35762 0.11041 0.78091 -0.17884 0.58822
1403638624.7778294086 3.15429 0.05707 0.34673 0.11524 0.78693 -0.16889 0.58218
1403638624.8778295517 3.04273 0.07200 0.34333 0.11661 0.79302 -0.16070 0.57594
1403638624.9778294563 2.94187 0.08419 0.34652 0.10930 0.79630 -0.15855 0.57343
1403638625.0778295994 2.83578 0.09756 0.35131 0.10165 0.79734 -0.15757 0.57367
1403638625.1778295040 2.72306 0.11461 0.35206 0.09530 0.79822 -0.15781 0.57347
1403638625.2778294086 2.62118 0.12475 0.34901 0.09323 0.79914 -0.15617 0.57298
1403638625.3778295517 2.50900 0.13833 0.34445 0.09210 0.79927 -0.15517 0.57325
1403638625.4778294563 2.40678 0.14486 0.34601 0.09105 0.79879 -0.15476 0.57420
1403638625.5778295994 2.29561 0.15547 0.35314 0.09171 0.79933 -0.15405 0.57352
1403638625.6778295040 2.18707 0.16326 0.36779 0.09181 0.80096 -0.15399 0.57124
1403638625.7778294086 2.08247 0.16687 0.38400 0.09058 0.80552 -0.15504 0.56471
1403638625.8778295517 1.97352 0.17368 0.39546 0.09080 0.80812 -0.15548 0.56083
1403638625.9778294563 1.87038 0.17482 0.40238 0.09185 0.80856 -0.15557 0.56000
1403638626.0778295994 1.76748 0.17718 0.40379 0.09032 0.80982 -0.15739 0.55791
1403638626.1778295040 1.67293 0.17601 0.39968 0.09055 0.81023 -0.15776 0.55718
1403638626.2778294086 1.57669 0.17377 0.39210 0.09353 0.80876 -0.15638 0.55919
1403638626.3778295517 1.47689 0.17081 0.38100 0.10143 0.80689 -0.15107 0.56198
1403638626.4778294563 1.38622 0.16831 0.36688 0.10387 0.80566 -0.14890 0.56387
1403638626.5778295994 1.29093 0.16679 0.35044 0.10453 0.80799 -0.14794 0.56066
1403638626.6778295040 1.20513 0.16581 0.33598 0.10329 0.80990 -0.14837 0.55802
1403638626.7778294086 1.12142 0.16667 0.32516 0.10068 0.81377 -0.15013 0.55235
1403638626.8778295517 1.04111 0.16637 0.32138 0.10013 0.81649 -0.14989 0.54850
1403638626.9778294563 0.97143 0.16601 0.32438 0.09944 0.81740 -0.15001 0.54724
1403638627.0778295994 0.90324 0.16550 0.32641 0.09878 0.81749 -0.14964 0.54732
1403638627.1778295040 0.84143 0.16324 0.32161 0.09801 0.81742 -0.14951 0.54760
1403638627.2778294086 0.78470 0.16051 0.31618 0.09931 0.81745 -0.14817 0.54769
1403638627.3778295517 0.73314 0.15799 0.30781 0.10135 0.81687 -0.14629 0.54868
1403638627.4778294563 0.68671 0.15551 0.29616 0.10155 0.81726 -0.14600 0.54814
1403638627.5778295994 0.64565 0.15327 0.28244 0.10280 0.81612 -0.14559 0.54972
1403638627.6778295040 0.61563 0.15095 0.26374 0.10486 0.81315 -0.14482 0.55391
1403638627.7778294086 0.58503 0.15003 0.24835 0.10662 0.81129 -0.14394 0.55653
1403638627.8778295517 0.55674 0.15105 0.23141 0.10757 0.81063 -0.14395 0.55730
1403638627.9778294563 0.52869 0.15351 0.21458 0.10796 0.81257 -0.14407 0.55436
1403638628.0778295994 0.51083 0.15693 0.19467 0.10893 0.81372 -0.14432 0.55241
1403638628.1778295040 0.48895 0.16195 0.18173 0.10999 0.81428 -0.14483 0.55124
1403638628.2778294086 0.47353 0.16898 0.16955 0.11015 0.81450 -0.14553 0.55071
1403638628.3778295517 0.46627 0.17581 0.15703 0.10877 0.81508 -0.14703 0.54972
1403638628.4778294563 0.45735 0.18521 0.15146 0.10287 0.81228 -0.15168 0.55373
1403638628.5778295994 0.45267 0.19448 0.14913 0.09487 0.80510 -0.15737 0.56395
1403638628.6778295040 0.44775 0.20264 0.14814 0.08937 0.80104 -0.16138 0.56948
1403638628.7778294086 0.46033 0.21201 0.14672 0.09130 0.80229 -0.16074 0.56758
1403638628.8778295517 0.45083 0.21560 0.13790 0.09575 0.80290 -0.15799 0.56677
1403638628.9778294563 0.44153 0.21808 0.12614 0.10065 0.80358 -0.15506 0.56577
1403638629.0778295994 0.43129 0.22127 0.11623 0.10542 0.80473 -0.15164 0.56418
1403638629.1778295040 0.41578 0.22296 0.11140 0.10774 0.80593 -0.14954 0.56259
1403638629.2778294086 0.40345 0.22863 0.10647 0.10833 0.80622 -0.14877 0.56226
1403638629.3778295517 0.39506 0.23493 0.10410 0.10917 0.80928 -0.14881 0.55767
1403638629.4778294563 0.38965 0.24276 0.10290 0.10778 0.81370 -0.15059 0.55099
1403638629.5778295994 0.39205 0.24987 0.10335 0.10422 0.81671 -0.15335 0.54646
1403638629.6778295040 0.39898 0.25565 0.10601 0.09324 0.81460 -0.16163 0.54918
1403638629.7778294086 0.40750 0.25926 0.10971 0.08653 0.80899 -0.16692 0.55694
1403638629.8778295517 0.41497 0.26020 0.10928 0.08494 0.80257 -0.16855 0.56591
1403638629.9778294563 0.42073 0.25747 0.10071 0.09593 0.79704 -0.16171 0.57391
1403638630.0778295994 0.42275 0.25410 0.08207 0.10502 0.79348 -0.15560 0.57892
1403638630.1778295040 0.42238 0.25211 0.05361 0.10940 0.79626 -0.15218 0.57520
1403638630.2778294086 0.41779 0.25131 0.01937 0.11019 0.80079 -0.15147 0.56891
1403638630.3778295517 0.41871 0.25425 -0.00643 0.10626 0.82018 -0.15240 0.54110
1403638630.4778294563 0.43036 0.25539 0.00471 0.10578 0.80218 -0.15081 0.56795
1403638630.5778295994 0.44019 0.25640 0.00328 0.10540 0.80147 -0.15195 0.56873
1403638630.6778295040 0.44689 0.25723 -0.01900 0.10277 0.82040 -0.14893 0.54240
1403638630.7778294086 0.44697 0.24993 -0.02193 0.10535 0.82725 -0.14310 0.53299
1403638630.8778295517 0.43991 0.24916 -0.02636 0.10056 0.82594 -0.14413 0.53567
1403638630.9778294563 0.43485 0.24938 -0.02941 0.10075 0.82581 -0.14438 0.53577
1403638631.0778295994 0.42744 0.24985 -0.03334 0.10144 0.82587 -0.14390 0.53567
1403638631.1778295040 0.42040 0.25003 -0.03711 0.10136 0.82590 -0.14414 0.53557
1403638631.2778294086 0.41268 0.25028 -0.04040 0.10125 0.82597 -0.14412 0.53550
1403638631.3778295517 0.40507 0.25049 -0.04335 0.10099 0.82604 -0.14432 0.53539
1403638631.4778294563 0.39770 0.25070 -0.04602 0.10075 0.82597 -0.14460 0.53545
1403638631.5778295994 0.38992 0.25084 -0.04864 0.10064 0.82595 -0.14469 0.53548
1403638631.6778295040 0.38249 0.25076 -0.05097 0.10032 0.82595 -0.14510 0.53544
