1403638523.0778295994 0.03633 0.01587 0.38530 -0.04218 0.80776 -0.00042 0.58799
1403638523.1778295040 0.03165 0.00382 0.39749 -0.06725 0.80349 0.01543 0.59131
1403638523.2778294086 0.03176 -0.00130 0.38508 -0.04874 0.80261 0.00957 0.59443
1403638523.3778295517 0.03154 -0.00333 0.35510 -0.03396 0.80086 0.00260 0.59788
1403638523.4778294563 0.02226 -0.00960 0.31103 -0.03539 0.79710 0.00906 0.60274
1403638523.5778295994 0.02126 -0.01651 0.26072 -0.02582 0.80759 0.01110 0.58907
1403638523.6778295040 0.01487 -0.02238 0.20997 -0.02357 0.81454 0.01682 0.57938
1403638523.7778294086 0.01090 -0.02756 0.16139 -0.01910 0.82101 0.01861 0.57030
1403638523.8778295517 0.00477 -0.03269 0.11794 -0.01652 0.82243 0.02176 0.56821
1403638523.9778294563 -0.00152 -0.03822 0.08660 -0.00689 0.82287 0.02736 0.56753
1403638524.0778295994 -0.00719 -0.04384 0.07579 0.00640 0.82582 0.03095 0.56304
1403638524.1778295040 -0.01011 -0.04341 0.09210 0.00988 0.83057 0.03250 0.55588
1403638524.2778294086 -0.01139 -0.04255 0.13362 0.00602 0.83268 0.03131 0.55283
1403638524.3778295517 -0.00929 -0.04089 0.18897 -0.00639 0.83047 0.03233 0.55608
1403638524.4778294563 -0.00546 -0.03951 0.25027 -0.01881 0.82644 0.03459 0.56165
1403638524.5778295994 0.00159 -0.03806 0.31125 -0.02958 0.81929 0.03885 0.57130
1403638524.6778295040 0.00795 -0.03564 0.36550 -0.02724 0.81056 0.03480 0.58399
1403638524.7778294086 0.01298 -0.03202 0.40667 -0.01680 0.80622 0.03111 0.59055
1403638524.8778295517 0.01302 -0.02690 0.43193 -0.01047 0.80187 0.02666 0.59681
1403638524.9778294563 0.01240 -0.02337 0.44086 -0.01652 0.79914 0.02862 0.60024
1403638525.0778295994 0.01338 -0.02260 0.42856 -0.01431 0.79673 0.03221 0.60331
1403638525.1778295040 0.01625 -0.02196 0.39538 -0.01143 0.79542 0.03648 0.60485
1403638525.2778294086 0.01780 -0.02335 0.34980 -0.01025 0.79737 0.04045 0.60205
1403638525.3778295517 0.01879 -0.02592 0.29628 -0.01312 0.80640 0.04534 0.58949
1403638525.4778294563 0.01796 -0.02710 0.24483 -0.02052 0.81858 0.04612 0.57216
1403638525.5778295994 0.01714 -0.02944 0.19945 -0.02517 0.82699 0.04408 0.55992
1403638525.6778295040 0.01731 -0.03210 0.16161 -0.02550 0.82961 0.04042 0.55629
1403638525.7778294086 0.01840 -0.03031 0.13113 -0.02244 0.82689 0.03421 0.56087
1403638525.8778295517 0.01782 -0.03166 0.10840 -0.01523 0.82221 0.02957 0.56821
1403638525.9778294563 0.01429 -0.03855 0.09740 -0.01381 0.82027 0.03351 0.57082
1403638526.0778295994 0.00791 -0.05748 0.09575 -0.01188 0.82515 0.03346 0.56380
1403638526.1778295040 0.00079 -0.08604 0.10191 -0.01180 0.83107 0.02615 0.55542
1403638526.2778294086 -0.00662 -0.12181 0.11616 -0.00531 0.83117 0.01468 0.55580
1403638526.3778295517 -0.01402 -0.16126 0.13063 -0.00578 0.82678 0.00810 0.56243
1403638526.4778294563 -0.02412 -0.20553 0.14318 -0.00651 0.82202 -0.00143 0.56942
1403638526.5778295994 -0.03658 -0.25611 0.15271 -0.00540 0.81740 -0.01211 0.57592
1403638526.6778295040 -0.04812 -0.31508 0.15889 -0.00486 0.81210 -0.01823 0.58322
1403638526.7778294086 -0.06202 -0.37899 0.16290 0.00086 0.80881 -0.02221 0.58765
1403638526.8778295517 -0.07642 -0.44423 0.16458 0.00596 0.80775 -0.02384 0.58901
1403638526.9778294563 -0.08711 -0.50754 0.16467 0.00483 0.81064 -0.02697 0.58490
1403638527.0778295994 -0.09266 -0.56654 0.16455 0.00652 0.81562 -0.03634 0.57741
1403638527.1778295040 -0.09334 -0.61797 0.16606 0.00886 0.81862 -0.04801 0.57225
1403638527.2778294086 -0.09435 -0.65763 0.17074 0.01891 0.81704 -0.06095 0.57303
1403638527.3778295517 -0.09239 -0.67913 0.17531 0.03455 0.81312 -0.07005 0.57684
1403638527.4778294563 -0.08556 -0.67922 0.17682 0.04485 0.81062 -0.07459 0.57907
1403638527.5778295994 -0.07069 -0.65915 0.17451 0.04494 0.81096 -0.07387 0.57868
1403638527.6778295040 -0.05622 -0.62268 0.17232 0.04206 0.81154 -0.06950 0.57863
1403638527.7778294086 -0.03711 -0.57528 0.17038 0.03445 0.81287 -0.06070 0.57825
1403638527.8778295517 -0.01803 -0.51949 0.17162 0.01946 0.81584 -0.05491 0.57534
1403638527.9778294563 -0.00113 -0.46101 0.17617 0.00929 0.81630 -0.04999 0.57539
1403638528.0778295994 0.01372 -0.40326 0.17967 0.00425 0.81400 -0.04383 0.57919
1403638528.1778295040 0.02778 -0.34925 0.17845 -0.00306 0.81344 -0.03646 0.58050
1403638528.2778294086 0.04732 -0.30089 0.17386 -0.01395 0.81419 -0.02672 0.57982
1403638528.3778295517 0.07706 -0.26341 0.16803 -0.02072 0.81349 -0.01879 0.58091
1403638528.4778294563 0.10704 -0.22989 0.16400 -0.02052 0.81311 -0.01479 0.58155
1403638528.5778295994 0.14248 -0.20643 0.16155 -0.01863 0.81508 -0.01938 0.57872
1403638528.6778295040 0.17907 -0.18964 0.16186 -0.01849 0.81636 -0.02775 0.57657
1403638528.7778294086 0.21296 -0.17860 0.16438 -0.01214 0.81532 -0.03376 0.57790
1403638528.8778295517 0.22836 -0.16977 0.17160 -0.01574 0.81430 -0.04138 0.57876
1403638528.9778294563 0.22689 -0.16362 0.18615 -0.02162 0.81369 -0.04847 0.57888
1403638529.0778295994 0.20682 -0.15612 0.20348 -0.02059 0.81455 -0.04955 0.57761
1403638529.1778295040 0.17457 -0.14130 0.21328 -0.00428 0.81534 -0.04221 0.57743
1403638529.2778294086 0.13616 -0.12218 0.21153 0.00692 0.81718 -0.03579 0.57523
1403638529.3778295517 0.09769 -0.10290 0.19903 0.01196 0.82212 -0.03170 0.56831
1403638529.4778294563 0.06511 -0.08583 0.17720 0.01103 0.83208 -0.02894 0.55378
1403638529.5778295994 0.03968 -0.07313 0.15172 0.00894 0.84228 -0.02560 0.53836
1403638529.6778295040 0.02032 -0.06621 0.12617 0.01029 0.84581 -0.02232 0.53291
1403638529.7778294086 0.00986 -0.05688 0.10281 0.00939 0.84195 -0.02158 0.53905
1403638529.8778295517 0.00541 -0.04921 0.08239 0.00826 0.83542 -0.02320 0.54906
1403638529.9778294563 0.00581 -0.04397 0.06836 0.00863 0.83328 -0.02431 0.55225
1403638530.0778295994 0.01600 -0.04279 0.05862 0.00997 0.83452 -0.02527 0.55031
1403638530.1778295040 0.02962 -0.04263 0.04911 0.01149 0.83625 -0.03002 0.54741
1403638530.2778294086 0.04533 -0.04396 0.04004 0.01402 0.83579 -0.03635 0.54767
1403638530.3778295517 0.05921 -0.04706 0.03123 0.01725 0.83508 -0.04214 0.54824
1403638530.4778294563 0.07130 -0.05069 0.02454 0.01883 0.83468 -0.04698 0.54841
1403638530.5778295994 0.07907 -0.05468 0.01915 0.01837 0.83496 -0.05053 0.54767
1403638530.6778295040 0.08367 -0.05776 0.01371 0.01919 0.83851 -0.05247 0.54201
1403638530.7778294086 0.08717 -0.05959 0.00817 0.01871 0.84187 -0.05356 0.53669
1403638530.8778295517 0.08918 -0.06105 0.00341 0.01789 0.84341 -0.05364 0.53429
1403638530.9778294563 0.09115 -0.06152 0.00028 0.01708 0.84028 -0.05397 0.53918
1403638531.0778295994 0.09134 -0.06109 -0.00175 0.01762 0.83686 -0.05265 0.54460
1403638531.1778295040 0.09135 -0.05939 -0.00103 0.01818 0.83440 -0.05054 0.54854
1403638531.2778294086 0.09176 -0.05828 -0.00245 0.02089 0.83313 -0.04925 0.55048
1403638531.3778295517 0.09172 -0.05758 -0.00261 0.02128 0.83133 -0.04976 0.55315
1403638531.4778294563 0.09156 -0.05785 -0.00259 0.02075 0.83050 -0.04983 0.55440
1403638531.5778295994 0.09137 -0.05787 -0.00277 0.02099 0.83100 -0.04855 0.55375
1403638531.6778295040 0.09134 -0.05765 -0.00291 0.02011 0.83117 -0.04909 0.55348
1403638531.7778294086 0.09139 -0.05768 -0.00287 0.02029 0.83111 -0.04911 0.55357
1403638531.8778295517 0.09136 -0.05772 -0.00288 0.02043 0.83111 -0.04902 0.55357
1403638531.9778294563 0.09137 -0.05777 -0.00288 0.02059 0.83111 -0.04904 0.55356
1403638532.0778295994 0.09136 -0.05779 -0.00290 0.02071 0.83111 -0.04893 0.55356
1403638532.1778295040 0.09137 -0.05777 -0.00290 0.02061 0.83112 -0.04900 0.55355
1403638532.2778294086 0.09138 -0.05775 -0.00290 0.02045 0.83112 -0.04917 0.55353
1403638532.3778295517 0.09137 -0.05773 -0.00292 0.02031 0.83112 -0.04918 0.55354
1403638532.4778294563 0.09138 -0.05773 -0.00291 0.02021 0.83113 -0.04926 0.55353
1403638532.5778295994 0.09137 -0.05772 -0.00293 0.02017 0.83117 -0.04928 0.55346
1403638532.6778295040 0.09139 -0.05774 -0.00291 0.02017 0.83119 -0.04926 0.55344
1403638532.7778294086 0.09136 -0.05775 -0.00292 0.02020 0.83123 -0.04914 0.55338
1403638532.8778295517 0.09136 -0.05774 -0.00292 0.02024 0.83125 -0.04915 0.55335
1403638532.9778294563 0.09138 -0.05775 -0.00292 0.02016 0.83125 -0.04914 0.55336
1403638533.0778295994 0.09136 -0.05775 -0.00293 0.02011 0.83128 -0.04916 0.55332
1403638533.1778295040 0.09137 -0.05775 -0.00293 0.02006 0.83127 -0.04920 0.55332
1403638533.2778294086 0.09136 -0.05775 -0.00294 0.02002 0.83128 -0.04922 0.55331
1403638533.3778295517 0.09136 -0.05775 -0.00294 0.02005 0.83130 -0.04919 0.55329
1403638533.4778294563 0.09138 -0.05777 -0.00293 0.02002 0.83131 -0.04921 0.55327
1403638533.5778295994 0.09136 -0.05775 -0.00295 0.01995 0.83133 -0.04923 0.55324
1403638533.6778295040 0.09137 -0.05775 -0.00295 0.01988 0.83133 -0.04929 0.55323
1403638533.7778294086 0.09136 -0.05775 -0.00296 0.01987 0.83134 -0.04932 0.55322
1403638533.8778295517 0.09138 -0.05771 -0.00297 0.01959 0.83140 -0.04904 0.55317
1403638533.9778294563 0.09139 -0.05774 -0.00297 0.01965 0.83142 -0.04924 0.55312
1403638534.0778295994 0.09134 -0.05777 -0.00299 0.01998 0.83135 -0.04967 0.55316
1403638534.1778295040 0.09137 -0.05779 -0.00298 0.01967 0.83137 -0.04952 0.55316
1403638534.2778294086 0.09137 -0.05773 -0.00296 0.01948 0.83145 -0.04941 0.55306
1403638534.3778295517 0.09139 -0.05771 -0.00296 0.01946 0.83145 -0.04942 0.55306
1403638534.4778294563 0.09140 -0.05775 -0.00301 0.01945 0.83149 -0.04964 0.55298
1403638534.5778295994 0.09139 -0.05771 -0.00303 0.01913 0.83158 -0.04929 0.55289
1403638534.6778295040 0.09142 -0.05765 -0.00302 0.01890 0.83160 -0.04911 0.55288
1403638534.7778294086 0.09140 -0.05769 -0.00303 0.01899 0.83160 -0.04902 0.55288
1403638534.8778295517 0.09138 -0.05773 -0.00304 0.01924 0.83158 -0.04922 0.55289
1403638534.9778294563 0.09138 -0.05778 -0.00304 0.01929 0.83161 -0.04929 0.55283
1403638535.0778295994 0.09138 -0.05778 -0.00305 0.01917 0.83165 -0.04928 0.55277
1403638535.1778295040 0.09139 -0.05778 -0.00306 0.01910 0.83163 -0.04932 0.55281
1403638535.2778294086 0.09138 -0.05777 -0.00307 0.01903 0.83163 -0.04931 0.55281
1403638535.3778295517 0.09138 -0.05776 -0.00307 0.01903 0.83163 -0.04931 0.55280
1403638535.4778294563 0.09139 -0.05777 -0.00307 0.01909 0.83165 -0.04935 0.55277
1403638535.5778295994 0.09140 -0.05777 -0.00306 0.01904 0.83167 -0.04930 0.55275
1403638535.6778295040 0.09140 -0.05777 -0.00307 0.01898 0.83167 -0.04935 0.55275
1403638535.7778294086 0.09139 -0.05778 -0.00308 0.01902 0.83166 -0.04937 0.55277
1403638535.8778295517 0.09140 -0.05778 -0.00308 0.01893 0.83168 -0.04932 0.55274
1403638535.9778294563 0.09138 -0.05778 -0.00309 0.01885 0.83172 -0.04933 0.55268
1403638536.0778295994 0.09139 -0.05779 -0.00310 0.01881 0.83169 -0.04942 0.55272
1403638536.1778295040 0.09139 -0.05780 -0.00309 0.01880 0.83169 -0.04946 0.55272
1403638536.2778294086 0.09140 -0.05781 -0.00310 0.01883 0.83171 -0.04943 0.55269
1403638536.3778295517 0.09140 -0.05782 -0.00310 0.01884 0.83169 -0.04947 0.55270
1403638536.4778294563 0.09140 -0.05782 -0.00311 0.01883 0.83169 -0.04946 0.55271
1403638536.5778295994 0.09140 -0.05782 -0.00311 0.01874 0.83171 -0.04948 0.55268
1403638536.6778295040 0.09139 -0.05783 -0.00312 0.01872 0.83172 -0.04946 0.55266
1403638536.7778294086 0.09138 -0.05783 -0.00313 0.01876 0.83170 -0.04953 0.55269
1403638536.8778295517 0.09138 -0.05783 -0.00314 0.01871 0.83167 -0.04963 0.55273
1403638536.9778294563 0.09138 -0.05784 -0.00314 0.01863 0.83170 -0.04970 0.55268
1403638537.0778295994 0.09140 -0.05782 -0.00312 0.01860 0.83171 -0.04962 0.55268
1403638537.1778295040 0.09139 -0.05782 -0.00312 0.01870 0.83168 -0.04963 0.55271
1403638537.2778294086 0.09139 -0.05783 -0.00311 0.01879 0.83172 -0.04960 0.55266
1403638537.3778295517 0.09139 -0.05785 -0.00312 0.01876 0.83172 -0.04960 0.55266
1403638537.4778294563 0.09140 -0.05785 -0.00312 0.01871 0.83172 -0.04960 0.55266
1403638537.5778295994 0.09140 -0.05784 -0.00311 0.01869 0.83174 -0.04952 0.55264
1403638537.6778295040 0.09141 -0.05785 -0.00309 0.01872 0.83174 -0.04952 0.55264
1403638537.7778294086 0.09141 -0.05784 -0.00310 0.01868 0.83170 -0.04954 0.55269
1403638537.8778295517 0.09143 -0.05784 -0.00306 0.01875 0.83175 -0.04947 0.55262
1403638537.9778294563 0.09142 -0.05784 -0.00307 0.01879 0.83170 -0.04959 0.55268
1403638538.0778295994 0.09143 -0.05783 -0.00305 0.01875 0.83167 -0.04960 0.55273
1403638538.1778295040 0.09142 -0.05785 -0.00304 0.01876 0.83168 -0.04960 0.55272
1403638538.2778294086 0.09149 -0.05783 -0.00301 0.01871 0.83171 -0.04950 0.55268
1403638538.3778295517 0.09145 -0.05786 -0.00300 0.01887 0.83164 -0.04949 0.55279
1403638538.4778294563 0.09144 -0.05786 -0.00297 0.01882 0.83163 -0.04949 0.55281
1403638538.5778295994 0.09147 -0.05787 -0.00295 0.01899 0.83158 -0.04955 0.55287
1403638538.6778295040 0.09147 -0.05786 -0.00290 0.01879 0.83142 -0.04964 0.55311
1403638538.7778294086 0.09155 -0.05792 -0.00256 0.01856 0.83065 -0.04947 0.55428
1403638538.8778295517 0.09293 -0.05747 -0.00210 0.01782 0.82965 -0.04894 0.55585
1403638538.9778294563 0.09626 -0.05726 0.00049 0.01842 0.82488 -0.04854 0.56292
1403638539.0778295994 0.10102 -0.05732 0.00405 0.02248 0.81866 -0.05121 0.57154
1403638539.1778295040 0.11018 -0.05755 0.01016 0.02049 0.81498 -0.05090 0.57689
1403638539.2778294086 0.12085 -0.05813 0.02402 0.02083 0.81130 -0.05035 0.58208
1403638539.3778295517 0.13149 -0.05913 0.04475 0.02044 0.81251 -0.04962 0.58047
1403638539.4778294563 0.14233 -0.06092 0.07116 0.01989 0.81471 -0.04827 0.57752
1403638539.5778295994 0.15318 -0.06289 0.10086 0.01869 0.81544 -0.04623 0.57668
1403638539.6778295040 0.16505 -0.06506 0.12551 0.01706 0.81565 -0.04562 0.57649
1403638539.7778294086 0.17985 -0.06773 0.13731 0.01763 0.81690 -0.04388 0.57484
1403638539.8778295517 0.19657 -0.06998 0.14290 0.01692 0.81935 -0.04326 0.57140
1403638539.9778294563 0.21478 -0.07208 0.14802 0.01529 0.82382 -0.04281 0.56503
1403638540.0778295994 0.23148 -0.07141 0.15979 0.01530 0.82925 -0.04237 0.55706
1403638540.1778295040 0.25819 -0.07251 0.16707 0.01510 0.83324 -0.04199 0.55110
1403638540.2778294086 0.27455 -0.06350 0.20301 0.01592 0.82811 -0.04086 0.55885
1403638540.3778295517 0.31484 -0.06306 0.21272 0.01619 0.82185 -0.03880 0.56816
1403638540.4778294563 0.35986 -0.06287 0.21786 0.01300 0.81930 -0.03280 0.57228
1403638540.5778295994 0.40678 -0.06141 0.22171 0.00584 0.81897 -0.02114 0.57341
1403638540.6778295040 0.45442 -0.06029 0.22823 -0.00208 0.81855 -0.00394 0.57442
1403638540.7778294086 0.50163 -0.05561 0.23287 -0.00944 0.81700 0.02001 0.57622
1403638540.8778295517 0.54981 -0.04830 0.23728 -0.01853 0.81576 0.04752 0.57614
1403638540.9778294563 0.59879 -0.03645 0.24052 -0.03082 0.81379 0.07316 0.57572
1403638541.0778295994 0.64958 -0.02157 0.24141 -0.04329 0.81167 0.09185 0.57523
1403638541.1778295040 0.70562 -0.00377 0.23805 -0.05122 0.80990 0.10407 0.57499
1403638541.2778294086 0.76073 0.02039 0.23251 -0.05538 0.80927 0.11230 0.57394
1403638541.3778295517 0.81325 0.04980 0.23511 -0.05786 0.80916 0.11563 0.57319
1403638541.4778294563 0.86414 0.08377 0.24481 -0.05819 0.80869 0.11548 0.57384
1403638541.5778295994 0.91390 0.12260 0.26027 -0.05684 0.80698 0.11572 0.57634
1403638541.6778295040 0.96913 0.16943 0.28360 -0.06020 0.80543 0.11819 0.57766
1403638541.7778294086 1.01956 0.22016 0.31104 -0.07062 0.80437 0.12407 0.57672
1403638541.8778295517 1.06711 0.27525 0.34710 -0.08237 0.80336 0.13293 0.57459
1403638541.9778294563 1.11037 0.33156 0.37997 -0.09450 0.80255 0.14764 0.57025
1403638542.0778295994 1.15160 0.38853 0.40585 -0.10892 0.80057 0.16523 0.56561
1403638542.1778295040 1.19220 0.44438 0.42435 -0.12394 0.79689 0.18519 0.56153
1403638542.2778294086 1.23316 0.50262 0.43704 -0.13838 0.79285 0.20851 0.55567
1403638542.3778295517 1.27837 0.56006 0.44491 -0.15034 0.78540 0.22932 0.55493
1403638542.4778294563 1.32093 0.61348 0.44786 -0.15460 0.77232 0.24832 0.56388
1403638542.5778295994 1.36330 0.66934 0.44790 -0.14873 0.76081 0.26545 0.57322
1403638542.6778295040 1.40066 0.72942 0.44965 -0.14737 0.75803 0.27359 0.57343
1403638542.7778294086 1.42978 0.79572 0.46026 -0.15534 0.76246 0.27192 0.56620
1403638542.8778295517 1.45312 0.86615 0.47858 -0.16120 0.76808 0.26827 0.55865
1403638542.9778294563 1.47011 0.93783 0.50430 -0.16528 0.77271 0.26511 0.55256
1403638543.0778295994 1.48336 1.00818 0.53247 -0.16807 0.77635 0.26207 0.54805
1403638543.1778295040 1.49819 1.08073 0.55653 -0.16816 0.77763 0.25954 0.54740
1403638543.2778294086 1.50772 1.15170 0.57539 -0.16918 0.77776 0.25770 0.54777
1403638543.3778295517 1.52161 1.22786 0.58811 -0.16902 0.77873 0.25701 0.54677
1403638543.4778294563 1.53457 1.30378 0.59681 -0.17175 0.77753 0.26177 0.54537
1403638543.5778295994 1.54155 1.37803 0.60418 -0.17755 0.77421 0.27329 0.54257
1403638543.6778295040 1.55314 1.45421 0.60588 -0.18437 0.76846 0.29094 0.53928
1403638543.7778294086 1.56329 1.53039 0.60999 -0.19455 0.76031 0.31234 0.53527
1403638543.8778295517 1.57475 1.60626 0.62089 -0.20589 0.75023 0.33472 0.53171
1403638543.9778294563 1.58844 1.68811 0.63798 -0.21943 0.74182 0.35282 0.52638
1403638544.0778295994 1.60217 1.77228 0.65892 -0.23401 0.73794 0.36407 0.51781
1403638544.1778295040 1.61562 1.85768 0.68042 -0.24438 0.73481 0.37067 0.51278
1403638544.2778294086 1.62901 1.94450 0.69701 -0.25133 0.73204 0.37417 0.51082
1403638544.3778295517 1.63977 2.03141 0.70889 -0.25376 0.73082 0.37724 0.50912
1403638544.4778294563 1.65077 2.12074 0.71994 -0.25424 0.73067 0.37915 0.50767
1403638544.5778295994 1.66494 2.21012 0.72904 -0.25702 0.72756 0.37885 0.51095
1403638544.6778295040 1.67667 2.30111 0.74460 -0.26331 0.72048 0.37888 0.51771
1403638544.7778294086 1.68956 2.38612 0.76135 -0.26527 0.71947 0.38032 0.51705
1403638544.8778295517 1.70065 2.47078 0.77656 -0.26409 0.72250 0.38321 0.51127
1403638544.9778294563 1.71468 2.55474 0.78678 -0.26437 0.72336 0.38405 0.50928
1403638545.0778295994 1.72886 2.63638 0.79024 -0.26602 0.72215 0.38410 0.51010
1403638545.1778295040 1.73985 2.71600 0.78742 -0.26606 0.72170 0.38544 0.50970
1403638545.2778294086 1.75564 2.79835 0.78049 -0.26516 0.72119 0.38696 0.50975
1403638545.3778295517 1.77212 2.88049 0.76955 -0.26679 0.71861 0.38594 0.51329
1403638545.4778294563 1.78670 2.96126 0.75479 -0.26867 0.71864 0.38675 0.51166
1403638545.5778295994 1.80107 3.04337 0.74443 -0.27265 0.71641 0.39333 0.50765
1403638545.6778295040 1.81626 3.12643 0.74006 -0.28110 0.71083 0.40469 0.50192
1403638545.7778294086 1.83109 3.21070 0.74247 -0.28970 0.70296 0.42115 0.49453
1403638545.8778295517 1.84718 3.30037 0.75091 -0.30028 0.69218 0.44053 0.48646
1403638545.9778294563 1.86442 3.39163 0.76549 -0.30974 0.67957 0.46236 0.47799
1403638546.0778295994 1.88266 3.48606 0.78245 -0.31594 0.66738 0.48112 0.47256
1403638546.1778295040 1.90067 3.57956 0.79352 -0.32348 0.65854 0.49337 0.46720
1403638546.2778294086 1.91351 3.66913 0.79886 -0.32887 0.65348 0.50127 0.46210
1403638546.3778295517 1.92403 3.76034 0.80018 -0.33595 0.65148 0.50406 0.45678
1403638546.4778294563 1.93275 3.85204 0.79657 -0.33967 0.65054 0.50602 0.45318
1403638546.5778295994 1.94028 3.94586 0.79358 -0.34180 0.64783 0.50997 0.45102
1403638546.6778295040 1.94901 4.03960 0.79451 -0.34569 0.64267 0.51603 0.44854
1403638546.7778294086 1.95181 4.13292 0.80675 -0.34951 0.63725 0.52263 0.44566
1403638546.8778295517 1.95351 4.22831 0.82650 -0.35139 0.63283 0.52832 0.44377
1403638546.9778294563 1.95557 4.32634 0.84224 -0.35091 0.62901 0.53319 0.44376
1403638547.0778295994 1.95920 4.42544 0.85037 -0.34893 0.62645 0.53641 0.44505
1403638547.1778295040 1.95584 4.52072 0.85060 -0.34677 0.62392 0.54012 0.44581
1403638547.2778294086 1.95156 4.61881 0.84915 -0.34491 0.62248 0.54159 0.44747
1403638547.3778295517 1.94080 4.71506 0.84402 -0.34827 0.62386 0.53956 0.44539
1403638547.4778294563 1.93040 4.81743 0.83791 -0.35259 0.62724 0.53579 0.44179
1403638547.5778295994 1.91875 4.92207 0.82777 -0.35534 0.63095 0.53231 0.43851
1403638547.6778295040 1.90527 5.02899 0.81261 -0.35563 0.63242 0.53056 0.43826
1403638547.7778294086 1.89017 5.13662 0.79319 -0.35339 0.63192 0.53097 0.44030
1403638547.8778295517 1.87390 5.24962 0.76991 -0.34960 0.62925 0.53279 0.44493
1403638547.9778294563 1.85436 5.36159 0.74801 -0.34967 0.62918 0.53310 0.44460
1403638548.0778295994 1.83374 5.48116 0.73475 -0.35207 0.62890 0.53527 0.44047
1403638548.1778295040 1.81296 5.59265 0.73304 -0.35637 0.62505 0.54073 0.43581
1403638548.2778294086 1.79091 5.70830 0.73976 -0.36278 0.61857 0.54918 0.42914
1403638548.3778295517 1.76665 5.82658 0.75421 -0.37016 0.60903 0.56049 0.42179
1403638548.4778294563 1.74204 5.94394 0.77585 -0.37801 0.59934 0.57102 0.41454
1403638548.5778295994 1.71808 6.06257 0.79536 -0.38426 0.59139 0.57878 0.40940
1403638548.6778295040 1.69469 6.18540 0.80902 -0.38878 0.58597 0.58403 0.40547
1403638548.7778294086 1.67116 6.31190 0.81715 -0.39119 0.58222 0.58775 0.40317
1403638548.8778295517 1.64460 6.43927 0.83000 -0.39234 0.58011 0.59019 0.40152
1403638548.9778294563 1.61643 6.56583 0.85045 -0.39371 0.57904 0.59097 0.40058
1403638549.0778295994 1.58807 6.69131 0.87727 -0.39419 0.57876 0.59132 0.39998
1403638549.1778295040 1.55779 6.82050 0.90747 -0.39528 0.57878 0.59015 0.40060
1403638549.2778294086 1.52746 6.95006 0.94663 -0.39597 0.57967 0.58914 0.40014
1403638549.3778295517 1.49621 7.08474 0.98833 -0.39817 0.58124 0.58668 0.39928
1403638549.4778294563 1.46628 7.21640 1.02840 -0.39999 0.58272 0.58459 0.39836
1403638549.5778295994 1.43626 7.35449 1.06303 -0.40132 0.58286 0.58278 0.39948
1403638549.6778295040 1.40863 7.49012 1.09249 -0.40262 0.58239 0.58125 0.40109
1403638549.7778294086 1.38264 7.62229 1.12221 -0.40112 0.58254 0.58180 0.40158
1403638549.8778295517 1.35683 7.75580 1.15812 -0.40017 0.58401 0.58205 0.40002
1403638549.9778294563 1.32981 7.88786 1.20389 -0.40003 0.58479 0.58221 0.39878
1403638550.0778295994 1.30449 8.02274 1.25578 -0.40034 0.58511 0.58202 0.39827
1403638550.1778295040 1.28341 8.15469 1.31323 -0.40109 0.58564 0.58192 0.39689
1403638550.2778294086 1.26279 8.29421 1.37722 -0.40046 0.58526 0.58274 0.39689
1403638550.3778295517 1.24546 8.42763 1.44017 -0.40033 0.58444 0.58303 0.39779
1403638550.4778294563 1.22844 8.56658 1.49697 -0.40295 0.58507 0.58150 0.39646
1403638550.5778295994 1.21732 8.69923 1.54113 -0.40662 0.58595 0.57908 0.39495
1403638550.6778295040 1.20860 8.83200 1.58238 -0.41137 0.58453 0.57563 0.39718
1403638550.7778294086 1.20267 8.96560 1.62252 -0.41425 0.58391 0.57342 0.39830
1403638550.8778295517 1.19997 9.10334 1.66130 -0.42015 0.58024 0.56912 0.40361
1403638550.9778294563 1.19787 9.24181 1.69715 -0.42587 0.57611 0.56463 0.40979
1403638551.0778295994 1.19649 9.37695 1.73076 -0.42957 0.57367 0.56175 0.41329
1403638551.1778295040 1.19842 9.50730 1.76483 -0.43399 0.57414 0.55906 0.41165
1403638551.2778294086 1.20525 9.62729 1.80265 -0.43474 0.57585 0.55802 0.40990
1403638551.3778295517 1.21832 9.73166 1.84400 -0.43020 0.58350 0.55512 0.40779
1403638551.4778294563 1.23816 9.83032 1.88355 -0.42314 0.59606 0.54596 0.40938
1403638551.5778295994 1.26488 9.92497 1.91532 -0.41732 0.61131 0.52990 0.41395
1403638551.6778295040 1.29728 10.02224 1.94587 -0.41090 0.62847 0.51173 0.41751
1403638551.7778294086 1.33853 10.11778 1.97029 -0.40213 0.64281 0.49350 0.42607
1403638551.8778295517 1.38795 10.20682 1.98958 -0.39228 0.65364 0.47806 0.43626
1403638551.9778294563 1.44550 10.28773 2.01215 -0.38040 0.65725 0.47018 0.44973
1403638552.0778295994 1.50948 10.35869 2.04234 -0.37063 0.65903 0.46471 0.46083
1403638552.1778295040 1.57611 10.42056 2.07717 -0.36444 0.66416 0.46125 0.46187
1403638552.2778294086 1.64523 10.47604 2.11757 -0.35998 0.66835 0.45998 0.46060
1403638552.3778295517 1.71724 10.52866 2.15693 -0.36205 0.66937 0.45706 0.46040
1403638552.4778294563 1.79521 10.57889 2.19141 -0.36920 0.66579 0.45125 0.46561
1403638552.5778295994 1.87847 10.62023 2.22258 -0.37502 0.66188 0.44772 0.46992
1403638552.6778295040 1.96485 10.65531 2.24621 -0.37592 0.65935 0.44904 0.47149
1403638552.7778294086 2.05503 10.68135 2.26305 -0.37549 0.65853 0.45141 0.47071
1403638552.8778295517 2.14693 10.70109 2.27472 -0.37332 0.65714 0.45539 0.47056
1403638552.9778294563 2.24198 10.71224 2.28199 -0.36904 0.65467 0.46151 0.47140
1403638553.0778295994 2.33829 10.72124 2.28387 -0.36548 0.65231 0.46700 0.47204
1403638553.1778295040 2.43328 10.72375 2.28260 -0.37098 0.64841 0.46576 0.47435
1403638553.2778294086 2.52978 10.72041 2.28325 -0.37831 0.64265 0.46250 0.47955
1403638553.3778295517 2.62509 10.70924 2.28710 -0.37996 0.63739 0.46331 0.48446
1403638553.4778294563 2.72027 10.68759 2.29647 -0.37646 0.63185 0.46679 0.49107
1403638553.5778295994 2.81237 10.65565 2.31258 -0.37333 0.62751 0.46966 0.49625
1403638553.6778295040 2.90057 10.61110 2.33377 -0.37089 0.62658 0.47182 0.49722
1403638553.7778294086 2.98462 10.55635 2.36427 -0.36863 0.62718 0.47344 0.49660
1403638553.8778295517 3.06038 10.49348 2.40137 -0.36602 0.62911 0.47471 0.49487
1403638553.9778294563 3.13957 10.42953 2.43961 -0.36488 0.63233 0.47492 0.49140
1403638554.0778295994 3.21221 10.35490 2.47137 -0.36321 0.63570 0.47581 0.48742
1403638554.1778295040 3.28676 10.28138 2.49663 -0.35816 0.63863 0.47942 0.48376
1403638554.2778294086 3.35457 10.20005 2.51307 -0.35025 0.64447 0.48537 0.47581
1403638554.3778295517 3.41944 10.12368 2.52543 -0.34431 0.64767 0.48995 0.47108
1403638554.4778294563 3.48258 10.04613 2.53517 -0.34170 0.64900 0.49217 0.46883
1403638554.5778295994 3.54372 9.96803 2.54138 -0.34292 0.64977 0.49190 0.46716
1403638554.6778295040 3.60339 9.89281 2.54687 -0.34897 0.65191 0.48822 0.46354
1403638554.7778294086 3.66291 9.81226 2.55929 -0.35398 0.65251 0.48499 0.46230
1403638554.8778295517 3.72498 9.73702 2.57811 -0.35696 0.65272 0.48298 0.46180
1403638554.9778294563 3.78918 9.65805 2.59882 -0.35945 0.65350 0.47976 0.46213
1403638555.0778295994 3.85453 9.57573 2.61272 -0.35593 0.65673 0.47545 0.46472
1403638555.1778295040 3.91955 9.50026 2.62046 -0.34941 0.66289 0.46885 0.46761
1403638555.2778294086 3.98843 9.41985 2.62783 -0.34362 0.66913 0.46102 0.47080
1403638555.3778295517 4.05830 9.33862 2.62946 -0.33673 0.67236 0.45635 0.47570
1403638555.4778294563 4.12688 9.25784 2.62777 -0.33103 0.67452 0.45327 0.47957
1403638555.5778295994 4.19493 9.17574 2.62402 -0.32866 0.67594 0.45052 0.48178
1403638555.6778295040 4.26212 9.09228 2.62505 -0.32792 0.67779 0.44876 0.48134
1403638555.7778294086 4.32882 9.00752 2.63390 -0.32688 0.67903 0.44888 0.48019
1403638555.8778295517 4.39710 8.92259 2.65030 -0.32618 0.67904 0.44986 0.47973
1403638555.9778294563 4.46621 8.84279 2.66961 -0.32506 0.67766 0.45160 0.48081
1403638556.0778295994 4.53575 8.76401 2.69542 -0.32361 0.67773 0.45301 0.48036
1403638556.1778295040 4.60604 8.69387 2.71362 -0.32297 0.68196 0.45383 0.47398
1403638556.2778294086 4.67616 8.62313 2.72979 -0.32161 0.68518 0.45502 0.46910
1403638556.3778295517 4.74880 8.56147 2.73847 -0.32055 0.68723 0.45590 0.46596
1403638556.4778294563 4.82318 8.49616 2.74948 -0.31811 0.69033 0.45723 0.46172
1403638556.5778295994 4.90013 8.44188 2.75831 -0.31771 0.69329 0.45689 0.45789
1403638556.6778295040 4.98032 8.39072 2.76984 -0.32533 0.69581 0.45090 0.45464
1403638556.7778294086 5.06429 8.33862 2.78979 -0.33205 0.69257 0.44614 0.45940
1403638556.8778295517 5.15424 8.29212 2.81585 -0.33809 0.69097 0.44190 0.46150
1403638556.9778294563 5.25002 8.24601 2.84496 -0.34171 0.68942 0.43927 0.46365
1403638557.0778295994 5.35229 8.19842 2.86771 -0.34039 0.68789 0.44056 0.46567
1403638557.1778295040 5.45835 8.15126 2.88302 -0.33882 0.68625 0.44199 0.46787
1403638557.2778294086 5.56533 8.10465 2.89201 -0.33775 0.68517 0.44293 0.46935
1403638557.3778295517 5.67594 8.05905 2.89671 -0.33524 0.68393 0.44493 0.47105
1403638557.4778294563 5.78805 8.01440 2.90417 -0.32979 0.68086 0.44921 0.47526
1403638557.5778295994 5.89950 7.96927 2.91859 -0.32538 0.67838 0.45229 0.47891
1403638557.6778295040 6.00971 7.92554 2.93867 -0.32293 0.67714 0.45417 0.48055
1403638557.7778294086 6.11678 7.88215 2.96261 -0.32293 0.67680 0.45381 0.48138
1403638557.8778295517 6.22256 7.83793 2.98157 -0.31996 0.67677 0.45513 0.48214
1403638557.9778294563 6.32636 7.79399 2.99622 -0.31698 0.67808 0.45664 0.48084
1403638558.0778295994 6.42998 7.75140 3.00523 -0.31576 0.68193 0.45736 0.47549
1403638558.1778295040 6.53557 7.71101 3.01105 -0.31261 0.68786 0.45888 0.46751
1403638558.2778294086 6.64231 7.67636 3.02134 -0.30889 0.69208 0.46059 0.46202
1403638558.3778295517 6.74930 7.65050 3.04045 -0.30414 0.69341 0.46334 0.46045
1403638558.4778294563 6.85656 7.63125 3.06618 -0.29778 0.69705 0.46702 0.45535
1403638558.5778295994 6.96536 7.62153 3.09822 -0.29909 0.69957 0.46575 0.45192
1403638558.6778295040 7.07672 7.62334 3.13528 -0.30753 0.70024 0.45926 0.45185
1403638558.7778294086 7.18971 7.63061 3.17468 -0.31539 0.69993 0.45316 0.45308
1403638558.8778295517 7.30647 7.64538 3.20342 -0.31810 0.69863 0.45095 0.45538
1403638558.9778294563 7.42708 7.66434 3.22581 -0.32006 0.69376 0.44959 0.46273
1403638559.0778295994 7.54959 7.68550 3.24072 -0.32080 0.68924 0.44930 0.46922
1403638559.1778295040 7.67487 7.71003 3.25046 -0.32123 0.68575 0.44965 0.47367
1403638559.2778294086 7.79998 7.73560 3.25440 -0.31926 0.68285 0.45192 0.47703
1403638559.3778295517 7.92609 7.76121 3.25344 -0.31569 0.68048 0.45506 0.47980
1403638559.4778294563 8.04841 7.78751 3.24972 -0.31369 0.67807 0.45718 0.48250
1403638559.5778295994 8.16590 7.81428 3.24091 -0.31269 0.67585 0.45863 0.48489
1403638559.6778295040 8.28016 7.84406 3.22865 -0.31337 0.67476 0.45878 0.48582
1403638559.7778294086 8.39014 7.87658 3.21763 -0.31369 0.67389 0.45944 0.48619
1403638559.8778295517 8.49787 7.90964 3.21370 -0.31503 0.67467 0.45872 0.48492
1403638559.9778294563 8.60383 7.94623 3.20898 -0.31398 0.67829 0.45280 0.48612
1403638560.0778295994 8.71141 7.98054 3.19940 -0.30884 0.68630 0.43996 0.48994
1403638560.1778295040 8.81591 8.01507 3.18285 -0.29942 0.69622 0.42185 0.49765
1403638560.2778294086 8.92037 8.05090 3.16058 -0.28748 0.70726 0.40059 0.50662
1403638560.3778295517 9.02328 8.08481 3.13651 -0.27660 0.71531 0.37612 0.51995
1403638560.4778294563 9.12206 8.11561 3.10859 -0.26414 0.72364 0.35073 0.53251
1403638560.5778295994 9.21628 8.14120 3.07588 -0.25302 0.73319 0.32361 0.54193
1403638560.6778295040 9.30766 8.16381 3.03876 -0.24361 0.74405 0.29563 0.54740
1403638560.7778294086 9.39536 8.17984 3.00484 -0.23669 0.75316 0.27021 0.55111
1403638560.8778295517 9.48113 8.19011 2.97830 -0.22678 0.75987 0.24799 0.55647
1403638560.9778294563 9.56643 8.19589 2.96010 -0.21594 0.76435 0.22806 0.56314
1403638561.0778295994 9.64983 8.19552 2.94957 -0.20524 0.76720 0.20942 0.57046
1403638561.1778295040 9.72913 8.18540 2.94618 -0.19576 0.76887 0.19281 0.57735
1403638561.2778294086 9.80631 8.16739 2.94857 -0.18991 0.76942 0.18021 0.58262
1403638561.3778295517 9.87771 8.13965 2.95385 -0.18122 0.77425 0.17591 0.58030
1403638561.4778294563 9.94450 8.10482 2.95505 -0.16752 0.78031 0.17976 0.57510
1403638561.5778295994 10.01059 8.06716 2.94963 -0.15803 0.78384 0.18482 0.57137
1403638561.6778295040 10.07134 8.02694 2.93934 -0.15390 0.78565 0.18761 0.56910
1403638561.7778294086 10.12445 7.98464 2.92246 -0.15249 0.78593 0.18961 0.56843
1403638561.8778295517 10.17889 7.94033 2.90005 -0.14977 0.78532 0.19004 0.56985
1403638561.9778294563 10.22594 7.89468 2.87368 -0.14420 0.78651 0.18534 0.57119
1403638562.0778295994 10.27555 7.84692 2.84959 -0.13666 0.78848 0.17639 0.57316
1403638562.1778295040 10.31454 7.79816 2.83257 -0.12872 0.79062 0.16635 0.57504
1403638562.2778294086 10.35365 7.75103 2.82064 -0.12198 0.79189 0.15783 0.57717
1403638562.3778295517 10.38992 7.70355 2.81549 -0.11583 0.79304 0.14570 0.58003
1403638562.4778294563 10.42249 7.65438 2.81483 -0.10778 0.79571 0.12947 0.58178
1403638562.5778295994 10.45192 7.60555 2.82199 -0.09804 0.79846 0.10913 0.58390
1403638562.6778295040 10.47912 7.55497 2.83386 -0.08919 0.80174 0.08479 0.58487
1403638562.7778294086 10.50445 7.50161 2.84683 -0.08030 0.80382 0.05839 0.58653
1403638562.8778295517 10.52564 7.44462 2.85578 -0.06675 0.80552 0.03365 0.58783
1403638562.9778294563 10.54213 7.38464 2.85821 -0.05207 0.80676 0.01083 0.58848
1403638563.0778295994 10.55445 7.32185 2.85551 -0.04285 0.80711 -0.01341 0.58869
1403638563.1778295040 10.55887 7.25487 2.84903 -0.03061 0.80735 -0.03334 0.58834
1403638563.2778294086 10.56080 7.18287 2.83790 -0.01905 0.80448 -0.04725 0.59180
1403638563.3778295517 10.55746 7.10649 2.82110 -0.01258 0.79686 -0.05698 0.60134
1403638563.4778294563 10.54986 7.02606 2.79780 -0.01183 0.79096 -0.06363 0.60843
1403638563.5778295994 10.53898 6.93972 2.77338 -0.00721 0.79171 -0.06260 0.60764
1403638563.6778295040 10.52308 6.84967 2.75412 -0.00805 0.79542 -0.06184 0.60284
1403638563.7778294086 10.50207 6.75416 2.74178 -0.01194 0.79781 -0.06147 0.59965
1403638563.8778295517 10.47128 6.65424 2.73891 -0.01529 0.79744 -0.06039 0.60018
1403638563.9778294563 10.44157 6.55233 2.74187 -0.01947 0.79647 -0.05827 0.60154
1403638564.0778295994 10.39802 6.44274 2.74334 -0.02383 0.79709 -0.05603 0.60078
1403638564.1778295040 10.34946 6.32813 2.73937 -0.02552 0.79699 -0.05135 0.60126
1403638564.2778294086 10.30167 6.21039 2.73333 -0.02491 0.79539 -0.04575 0.60385
1403638564.3778295517 10.24219 6.08692 2.73339 -0.02498 0.79395 -0.04071 0.60611
1403638564.4778294563 10.17960 5.96218 2.74041 -0.02441 0.79270 -0.03639 0.60804
1403638564.5778295994 10.10560 5.83149 2.75174 -0.02714 0.79448 -0.03581 0.60562
1403638564.6778295040 10.02645 5.70154 2.76283 -0.03235 0.79627 -0.03854 0.60284
1403638564.7778294086 9.93918 5.56249 2.76763 -0.03610 0.79690 -0.04154 0.60160
1403638564.8778295517 9.84974 5.41957 2.76460 -0.03834 0.79645 -0.04396 0.60189
1403638564.9778294563 9.75636 5.26927 2.74209 -0.04012 0.79593 -0.04567 0.60233
1403638565.0778295994 9.65932 5.11747 2.70425 -0.04133 0.79633 -0.04641 0.60166
1403638565.1778295040 9.56257 4.96687 2.65201 -0.04168 0.79714 -0.04673 0.60053
1403638565.2778294086 9.46384 4.81179 2.59410 -0.03988 0.79817 -0.04605 0.59935
1403638565.3778295517 9.36286 4.65151 2.53350 -0.03697 0.79923 -0.04490 0.59821
1403638565.4778294563 9.25713 4.48325 2.47209 -0.03391 0.79857 -0.04404 0.59933
1403638565.5778295994 9.14867 4.31007 2.41672 -0.02727 0.79644 -0.04188 0.60265
1403638565.6778295040 9.03227 4.13050 2.36912 -0.01538 0.79609 -0.03600 0.60390
1403638565.7778294086 8.91362 3.95059 2.32661 -0.00625 0.79874 -0.03158 0.60081
1403638565.8778295517 8.78296 3.76727 2.28976 0.00115 0.80085 -0.02830 0.59820
1403638565.9778294563 8.65057 3.58800 2.25647 0.00366 0.80263 -0.02881 0.59577
1403638566.0778295994 8.51926 3.41446 2.21729 0.00524 0.80362 -0.02916 0.59441
1403638566.1778295040 8.38858 3.24379 2.16819 0.00315 0.80375 -0.03053 0.59418
1403638566.2778294086 8.25810 3.07669 2.11043 0.00370 0.80329 -0.02964 0.59484
1403638566.3778295517 8.12820 2.91195 2.04589 0.00413 0.80421 -0.02864 0.59364
1403638566.4778294563 7.99889 2.75144 1.97513 0.00089 0.80439 -0.02940 0.59337
1403638566.5778295994 7.87405 2.59639 1.89825 0.00022 0.80747 -0.02749 0.58927
1403638566.6778295040 7.74624 2.44350 1.81356 -0.00038 0.81672 -0.02543 0.57648
1403638566.7778294086 7.62031 2.29258 1.72339 -0.00090 0.82835 -0.02329 0.55972
1403638566.8778295517 7.50202 2.14454 1.63051 -0.00238 0.83633 -0.02181 0.54779
1403638566.9778294563 7.39143 1.99945 1.53674 -0.00228 0.84018 -0.01883 0.54198
1403638567.0778295994 7.28114 1.85673 1.44599 -0.00268 0.83197 -0.01755 0.55453
1403638567.1778295040 7.17852 1.71631 1.35309 -0.00092 0.81952 -0.01576 0.57284
1403638567.2778294086 7.07559 1.57910 1.25743 0.00199 0.81079 -0.01418 0.58516
1403638567.3778295517 6.97425 1.44934 1.15977 0.00486 0.80891 -0.01363 0.58775
1403638567.4778294563 6.87303 1.32466 1.06707 0.00676 0.80977 -0.01448 0.58653
1403638567.5778295994 6.76952 1.20260 0.98112 0.00839 0.81337 -0.01625 0.58145
1403638567.6778295040 6.66497 1.08243 0.90875 0.01209 0.81671 -0.01686 0.57667
1403638567.7778294086 6.56586 0.96996 0.84693 0.01424 0.82004 -0.01734 0.57187
1403638567.8778295517 6.47052 0.86087 0.79014 0.01364 0.82351 -0.01954 0.56679
1403638567.9778294563 6.38541 0.75690 0.73643 0.01365 0.82447 -0.02051 0.56537
1403638568.0778295994 6.30410 0.65637 0.69022 0.01673 0.82428 -0.01876 0.56562
1403638568.1778295040 6.22658 0.56059 0.65315 0.01881 0.82354 -0.01752 0.56668
1403638568.2778294086 6.14993 0.46816 0.62167 0.01991 0.82339 -0.01788 0.56684
1403638568.3778295517 6.07644 0.37983 0.59056 0.02014 0.82387 -0.01834 0.56613
1403638568.4778294563 6.00714 0.29962 0.55529 0.02069 0.82470 -0.01827 0.56490
1403638568.5778295994 5.94132 0.22096 0.51604 0.02175 0.82607 -0.01773 0.56286
1403638568.6778295040 5.88108 0.15072 0.47530 0.02315 0.82783 -0.01634 0.56026
1403638568.7778294086 5.82745 0.08588 0.43746 0.02280 0.82918 -0.01637 0.55828
1403638568.8778295517 5.77854 0.02780 0.40884 0.02083 0.82857 -0.01808 0.55921
1403638568.9778294563 5.73302 -0.02678 0.38741 0.02278 0.82799 -0.01641 0.56004
1403638569.0778295994 5.69314 -0.07644 0.37508 0.02436 0.82778 -0.01549 0.56031
1403638569.1778295040 5.65473 -0.12190 0.36801 0.02500 0.82858 -0.01546 0.55909
1403638569.2778294086 5.62319 -0.16100 0.36140 0.02711 0.82984 -0.01445 0.55716
1403638569.3778295517 5.59553 -0.19577 0.34941 0.02800 0.82974 -0.01422 0.55727
1403638569.4778294563 5.57650 -0.22520 0.33210 0.02847 0.82830 -0.01383 0.55938
1403638569.5778295994 5.55970 -0.24889 0.31215 0.02918 0.82701 -0.01352 0.56126
1403638569.6778295040 5.54766 -0.26637 0.29811 0.02827 0.82587 -0.01450 0.56296
1403638569.7778294086 5.53851 -0.27851 0.29030 0.02923 0.82501 -0.01391 0.56420
1403638569.8778295517 5.53356 -0.28703 0.28692 0.03022 0.82371 -0.01290 0.56606
1403638569.9778294563 5.53032 -0.28979 0.28909 0.02901 0.82215 -0.01380 0.56836
1403638570.0778295994 5.52944 -0.28678 0.28946 0.02672 0.82153 -0.01536 0.56934
1403638570.1778295040 5.53022 -0.27972 0.28406 0.02180 0.82165 -0.01816 0.56928
1403638570.2778294086 5.53207 -0.26960 0.27280 0.01423 0.82110 -0.02280 0.57015
1403638570.3778295517 5.53526 -0.25823 0.25705 0.00790 0.82084 -0.03011 0.57030
1403638570.4778294563 5.54044 -0.24857 0.23577 0.00349 0.82046 -0.04566 0.56987
1403638570.5778295994 5.54594 -0.24209 0.20864 -0.00367 0.81807 -0.07267 0.57049
1403638570.6778295040 5.54840 -0.24312 0.17817 -0.00305 0.81320 -0.10198 0.57297
1403638570.7778294086 5.54984 -0.25284 0.14514 0.00407 0.80241 -0.12985 0.58246
1403638570.8778295517 5.54656 -0.27277 0.10976 0.01664 0.79099 -0.15468 0.59171
1403638570.9778294563 5.53557 -0.30292 0.07108 0.03238 0.78306 -0.17646 0.59551
1403638571.0778295994 5.51646 -0.34308 0.02787 0.04977 0.78050 -0.19596 0.59156
1403638571.1778295040 5.48723 -0.39166 -0.01261 0.07188 0.78326 -0.20869 0.58120
1403638571.2778294086 5.45239 -0.44888 -0.04442 0.09252 0.78454 -0.21542 0.57404
1403638571.3778295517 5.41160 -0.51082 -0.06712 0.10551 0.78384 -0.22106 0.57061
1403638571.4778294563 5.36596 -0.57678 -0.08043 0.11158 0.78093 -0.22595 0.57153
1403638571.5778295994 5.31637 -0.64691 -0.09105 0.11834 0.77850 -0.23008 0.57184
1403638571.6778295040 5.26412 -0.72010 -0.10557 0.12433 0.77828 -0.23927 0.56707
1403638571.7778294086 5.20872 -0.79772 -0.12562 0.13228 0.77784 -0.25253 0.56009
1403638571.8778295517 5.15164 -0.87891 -0.14994 0.13945 0.77503 -0.27007 0.55402
1403638571.9778294563 5.09114 -0.96370 -0.17017 0.14715 0.76916 -0.29006 0.55009
1403638572.0778295994 5.02817 -1.04971 -0.18168 0.15649 0.76241 -0.30949 0.54631
1403638572.1778295040 4.96004 -1.13999 -0.18370 0.17252 0.75572 -0.32492 0.54181
1403638572.2778294086 4.88781 -1.23367 -0.18079 0.18691 0.75155 -0.34165 0.53246
1403638572.3778295517 4.81480 -1.33148 -0.18026 0.20019 0.74684 -0.36002 0.52205
1403638572.4778294563 4.74271 -1.43280 -0.18397 0.21426 0.74297 -0.37308 0.51273
1403638572.5778295994 4.67055 -1.53936 -0.18948 0.22532 0.73914 -0.38175 0.50711
1403638572.6778295040 4.60081 -1.64755 -0.19498 0.23140 0.73725 -0.38721 0.50298
1403638572.7778294086 4.53102 -1.76121 -0.19286 0.23966 0.73843 -0.38716 0.49738
1403638572.8778295517 4.46610 -1.87754 -0.18274 0.24360 0.74073 -0.38658 0.49249
1403638572.9778294563 4.40189 -1.99647 -0.16590 0.24474 0.74264 -0.38584 0.48961
1403638573.0778295994 4.34414 -2.11705 -0.15370 0.24444 0.74454 -0.38482 0.48767
1403638573.1778295040 4.29159 -2.23802 -0.14771 0.24301 0.74599 -0.38383 0.48695
1403638573.2778294086 4.24426 -2.36260 -0.14285 0.24150 0.74733 -0.38190 0.48717
1403638573.3778295517 4.20215 -2.48814 -0.13691 0.24094 0.74804 -0.38117 0.48693
1403638573.4778294563 4.16793 -2.61933 -0.12765 0.24399 0.74819 -0.38128 0.48508
1403638573.5778295994 4.13938 -2.74896 -0.11042 0.24585 0.74808 -0.38171 0.48398
1403638573.6778295040 4.11652 -2.87981 -0.08624 0.24883 0.74843 -0.38237 0.48139
1403638573.7778294086 4.09810 -3.01568 -0.05649 0.25577 0.74483 -0.38589 0.48052
1403638573.8778295517 4.08592 -3.15351 -0.02756 0.26940 0.73459 -0.39167 0.48415
1403638573.9778294563 4.07902 -3.29206 -0.00355 0.28111 0.71923 -0.40539 0.48923
1403638574.0778295994 4.07536 -3.42905 0.01329 0.28673 0.69905 -0.42712 0.49667
1403638574.1778295040 4.07530 -3.56349 0.02248 0.29250 0.67703 -0.45127 0.50242
1403638574.2778294086 4.07576 -3.69824 0.02527 0.30163 0.65863 -0.47359 0.50094
1403638574.3778295517 4.06467 -3.82469 0.02537 0.31407 0.64552 -0.49355 0.49099
1403638574.4778294563 4.04402 -3.94609 0.02222 0.32771 0.63406 -0.51164 0.47832
1403638574.5778295994 4.01792 -4.06178 0.02308 0.33831 0.62349 -0.52588 0.46931
1403638574.6778295040 3.98798 -4.17581 0.03181 0.35033 0.61721 -0.53302 0.46067
1403638574.7778294086 3.95420 -4.28403 0.04657 0.36151 0.61694 -0.53563 0.44921
1403638574.8778295517 3.92194 -4.39622 0.06524 0.36309 0.61901 -0.54000 0.43977
1403638574.9778294563 3.88800 -4.50377 0.07887 0.36208 0.62120 -0.54333 0.43337
1403638575.0778295994 3.85440 -4.61074 0.08615 0.35472 0.61969 -0.54871 0.43483
1403638575.1778295040 3.81939 -4.71954 0.08816 0.34898 0.61691 -0.55204 0.43919
1403638575.2778294086 3.78305 -4.83224 0.08852 0.34548 0.61564 -0.55279 0.44279
1403638575.3778295517 3.74266 -4.94299 0.08312 0.34245 0.61894 -0.55279 0.44052
1403638575.4778294563 3.70069 -5.05704 0.07438 0.34069 0.62445 -0.55107 0.43625
1403638575.5778295994 3.65482 -5.17282 0.06463 0.34000 0.62940 -0.54856 0.43282
1403638575.6778295040 3.60720 -5.29404 0.06183 0.34370 0.63567 -0.54328 0.42736
1403638575.7778294086 3.56064 -5.41655 0.06752 0.34483 0.64222 -0.54017 0.42055
1403638575.8778295517 3.51624 -5.54322 0.08253 0.34487 0.64640 -0.53806 0.41680
1403638575.9778294563 3.47552 -5.67517 0.10783 0.34447 0.64669 -0.53733 0.41763
1403638576.0778295994 3.43720 -5.81494 0.13931 0.34523 0.64724 -0.53594 0.41794
1403638576.1778295040 3.40123 -5.96183 0.17555 0.34616 0.64559 -0.53552 0.42024
1403638576.2778294086 3.37065 -6.11043 0.20828 0.35034 0.64606 -0.53297 0.41930
1403638576.3778295517 3.34447 -6.26206 0.23439 0.35507 0.64753 -0.53001 0.41679
1403638576.4778294563 3.32408 -6.41819 0.25508 0.35903 0.65010 -0.52746 0.41261
1403638576.5778295994 3.31070 -6.57774 0.27033 0.36371 0.65416 -0.52449 0.40583
1403638576.6778295040 3.30482 -6.73498 0.28089 0.36694 0.65559 -0.52226 0.40348
1403638576.7778294086 3.30675 -6.89642 0.28788 0.37187 0.65316 -0.51861 0.40760
1403638576.8778295517 3.31466 -7.05913 0.29105 0.37458 0.64810 -0.51691 0.41529
1403638576.9778294563 3.32842 -7.22272 0.29090 0.37260 0.64165 -0.51879 0.42463
1403638577.0778295994 3.34811 -7.38450 0.29095 0.36835 0.63782 -0.52225 0.42983
1403638577.1778295040 3.37182 -7.54475 0.29862 0.36554 0.63499 -0.52441 0.43377
1403638577.2778294086 3.39841 -7.69956 0.31132 0.36596 0.63550 -0.52416 0.43298
1403638577.3778295517 3.42742 -7.85497 0.33214 0.37268 0.63971 -0.51923 0.42695
1403638577.4778294563 3.46082 -8.00833 0.35759 0.37710 0.64216 -0.51597 0.42332
1403638577.5778295994 3.49942 -8.15904 0.37848 0.37416 0.64217 -0.51776 0.42374
1403638577.6778295040 3.54381 -8.30609 0.39356 0.37077 0.64114 -0.51988 0.42567
1403638577.7778294086 3.59170 -8.44790 0.40073 0.36801 0.64069 -0.52140 0.42688
1403638577.8778295517 3.64408 -8.59179 0.40310 0.36767 0.64090 -0.52113 0.42719
1403638577.9778294563 3.69893 -8.72405 0.40181 0.36842 0.64147 -0.51972 0.42741
1403638578.0778295994 3.75821 -8.86700 0.40747 0.36732 0.64071 -0.51966 0.42956
1403638578.1778295040 3.82168 -9.00014 0.42093 0.36261 0.63776 -0.52210 0.43496
1403638578.2778294086 3.88563 -9.13583 0.44089 0.35400 0.63294 -0.52766 0.44231
1403638578.3778295517 3.94899 -9.27309 0.46087 0.35186 0.63063 -0.52931 0.44534
1403638578.4778294563 4.00923 -9.40599 0.47527 0.35193 0.63029 -0.52969 0.44531
1403638578.5778295994 4.06569 -9.53396 0.48532 0.35184 0.62981 -0.53035 0.44529
1403638578.6778295040 4.12216 -9.66381 0.48913 0.35427 0.62970 -0.52918 0.44491
1403638578.7778294086 4.17309 -9.78671 0.49109 0.35956 0.63230 -0.52575 0.44102
1403638578.8778295517 4.22908 -9.91042 0.48640 0.36471 0.63509 -0.52211 0.43709
1403638578.9778294563 4.28104 -10.02857 0.48260 0.36713 0.63650 -0.52001 0.43552
1403638579.0778295994 4.33837 -10.15267 0.48636 0.36758 0.63719 -0.51897 0.43537
1403638579.1778295040 4.39491 -10.26994 0.49605 0.36808 0.63730 -0.51809 0.43583
1403638579.2778294086 4.45876 -10.38537 0.51189 0.36586 0.63633 -0.51918 0.43781
1403638579.3778295517 4.52272 -10.49806 0.52839 0.36008 0.63319 -0.52289 0.44272
1403638579.4778294563 4.58527 -10.61056 0.54405 0.35424 0.62897 -0.52680 0.44877
1403638579.5778295994 4.64996 -10.72402 0.55181 0.35294 0.62646 -0.52411 0.45639
1403638579.6778295040 4.71129 -10.83363 0.55492 0.35503 0.62703 -0.51201 0.46759
1403638579.7778294086 4.77034 -10.93814 0.55302 0.35342 0.63744 -0.49300 0.47509
1403638579.8778295517 4.82644 -11.03546 0.54486 0.34282 0.65738 -0.47175 0.47727
1403638579.9778294563 4.88208 -11.12715 0.53261 0.32574 0.67731 -0.44671 0.48538
1403638580.0778295994 4.93926 -11.21656 0.51806 0.31130 0.69165 -0.41230 0.50471
1403638580.1778295040 5.00001 -11.29975 0.50087 0.29143 0.70569 -0.37546 0.52545
1403638580.2778294086 5.05511 -11.36639 0.47944 0.26517 0.72242 -0.34072 0.54010
1403638580.3778295517 5.10804 -11.42806 0.45231 0.23510 0.73841 -0.31447 0.54826
1403638580.4778294563 5.15849 -11.48731 0.42199 0.20936 0.74981 -0.29800 0.55241
1403638580.5778295994 5.20417 -11.54433 0.39152 0.19224 0.75695 -0.28474 0.55587
1403638580.6778295040 5.24413 -11.59573 0.36288 0.17715 0.76694 -0.27007 0.55451
1403638580.7778294086 5.27872 -11.64555 0.34127 0.16700 0.77700 -0.25508 0.55075
1403638580.8778295517 5.30938 -11.69404 0.32839 0.16252 0.78385 -0.24428 0.54726
1403638580.9778294563 5.33930 -11.73713 0.32934 0.15690 0.78520 -0.24065 0.54858
1403638581.0778295994 5.37188 -11.78232 0.33485 0.15593 0.78610 -0.23871 0.54841
1403638581.1778295040 5.40374 -11.83082 0.34713 0.15867 0.78601 -0.23730 0.54836
1403638581.2778294086 5.43464 -11.87613 0.36158 0.16293 0.78606 -0.23714 0.54711
1403638581.3778295517 5.46890 -11.91890 0.37682 0.16657 0.78476 -0.23845 0.54732
1403638581.4778294563 5.50161 -11.96313 0.39569 0.16958 0.78261 -0.24044 0.54859
1403638581.5778295994 5.53923 -12.00607 0.42105 0.17309 0.78201 -0.24287 0.54728
1403638581.6778295040 5.57384 -12.04531 0.44696 0.17818 0.77792 -0.24286 0.55146
1403638581.7778294086 5.61017 -12.08316 0.46490 0.18044 0.77433 -0.24459 0.55501
1403638581.8778295517 5.64394 -12.11564 0.47516 0.18347 0.77122 -0.24463 0.55831
1403638581.9778294563 5.67366 -12.14085 0.48127 0.18732 0.76365 -0.24295 0.56809
1403638582.0778295994 5.69897 -12.16205 0.48514 0.18611 0.76538 -0.24470 0.56541
1403638582.1778295040 5.71958 -12.17665 0.49626 0.18212 0.77271 -0.24794 0.55523
1403638582.2778294086 5.74102 -12.18904 0.51861 0.18261 0.77570 -0.24799 0.55086
1403638582.3778295517 5.76085 -12.19948 0.54873 0.18524 0.77239 -0.24582 0.55558
1403638582.4778294563 5.78419 -12.20919 0.58720 0.18738 0.77121 -0.24425 0.55719
1403638582.5778295994 5.80430 -12.21463 0.63359 0.18844 0.77062 -0.24320 0.55811
1403638582.6778295040 5.81787 -12.21652 0.68067 0.18829 0.77169 -0.24350 0.55655
1403638582.7778294086 5.83946 -12.21463 0.74128 0.18652 0.77327 -0.24528 0.55417
1403638582.8778295517 5.86034 -12.20808 0.80068 0.18693 0.77461 -0.24583 0.55190
1403638582.9778294563 5.87902 -12.19678 0.85209 0.18576 0.77683 -0.24744 0.54846
1403638583.0778295994 5.89229 -12.18209 0.89223 0.18483 0.77933 -0.24914 0.54444
1403638583.1778295040 5.90380 -12.16413 0.91835 0.18479 0.78091 -0.24987 0.54184
1403638583.2778294086 5.91634 -12.14373 0.93892 0.18353 0.78149 -0.25116 0.54084
1403638583.3778295517 5.92816 -12.12183 0.95282 0.18389 0.78119 -0.25069 0.54136
1403638583.4778294563 5.94856 -12.10217 0.97259 0.18405 0.78189 -0.25078 0.54026
1403638583.5778295994 5.97067 -12.08113 0.99992 0.18418 0.78187 -0.25068 0.54029
1403638583.6778295040 5.99297 -12.05803 1.03391 0.18586 0.78218 -0.24946 0.53984
1403638583.7778294086 6.01837 -12.03507 1.06764 0.18559 0.78187 -0.24947 0.54037
1403638583.8778295517 6.04906 -12.01813 1.11562 0.18614 0.78118 -0.24895 0.54142
1403638583.9778294563 6.07519 -11.99151 1.13959 0.18652 0.78120 -0.24863 0.54140
1403638584.0778295994 6.10339 -11.96155 1.15912 0.18944 0.77777 -0.24642 0.54631
1403638584.1778295040 6.13887 -11.92951 1.18286 0.19350 0.76887 -0.24299 0.55889
1403638584.2778294086 6.16516 -11.89256 1.19129 0.19574 0.75981 -0.24071 0.57134
1403638584.3778295517 6.19785 -11.85009 1.20065 0.19732 0.75706 -0.23947 0.57496
1403638584.4778294563 6.22458 -11.80239 1.20342 0.19809 0.75697 -0.23882 0.57509
1403638584.5778295994 6.24030 -11.74881 1.20306 0.19774 0.75717 -0.23890 0.57491
1403638584.6778295040 6.25152 -11.68733 1.21011 0.19545 0.75897 -0.24023 0.57276
1403638584.7778294086 6.26309 -11.61931 1.22415 0.19179 0.76577 -0.24251 0.56392
1403638584.8778295517 6.26096 -11.54484 1.24187 0.18543 0.77344 -0.24710 0.55349
1403638584.9778294563 6.26591 -11.46541 1.25718 0.18350 0.77701 -0.24908 0.54822
1403638585.0778295994 6.27104 -11.38648 1.26669 0.18309 0.77827 -0.24975 0.54626
1403638585.1778295040 6.27247 -11.30973 1.26959 0.18070 0.77810 -0.25137 0.54655
1403638585.2778294086 6.26971 -11.23213 1.27087 0.18180 0.77623 -0.25063 0.54919
1403638585.3778295517 6.27006 -11.15414 1.26531 0.18241 0.77415 -0.24994 0.55222
1403638585.4778294563 6.26269 -11.07502 1.25912 0.18236 0.77440 -0.25020 0.55178
1403638585.5778295994 6.26425 -10.99390 1.25793 0.18154 0.77623 -0.25037 0.54938
1403638585.6778295040 6.26302 -10.91324 1.26511 0.18152 0.77880 -0.25040 0.54573
1403638585.7778294086 6.26316 -10.83208 1.28204 0.17832 0.78386 -0.25255 0.53851
1403638585.8778295517 6.26291 -10.75488 1.30788 0.17579 0.78773 -0.25447 0.53275
1403638585.9778294563 6.26721 -10.68038 1.34169 0.17397 0.78766 -0.25654 0.53246
1403638586.0778295994 6.27390 -10.60705 1.37626 0.17599 0.78352 -0.25594 0.53817
1403638586.1778295040 6.28527 -10.53167 1.40244 0.17786 0.78072 -0.25545 0.54184
1403638586.2778294086 6.29219 -10.45969 1.42489 0.18016 0.77815 -0.25436 0.54527
1403638586.3778295517 6.30267 -10.38746 1.44219 0.18602 0.77510 -0.25075 0.54931
1403638586.4778294563 6.31177 -10.31645 1.45147 0.19410 0.77347 -0.24583 0.55103
1403638586.5778295994 6.32278 -10.24137 1.45554 0.19633 0.77277 -0.24467 0.55175
1403638586.6778295040 6.33397 -10.16176 1.45226 0.19351 0.77365 -0.24687 0.55053
1403638586.7778294086 6.34591 -10.07831 1.44499 0.18944 0.77329 -0.24959 0.55122
1403638586.8778295517 6.35800 -9.99365 1.43138 0.18727 0.77219 -0.25052 0.55308
1403638586.9778294563 6.36826 -9.90590 1.41357 0.18752 0.77193 -0.25026 0.55347
1403638587.0778295994 6.37768 -9.81902 1.39354 0.18679 0.77171 -0.25080 0.55378
1403638587.1778295040 6.38625 -9.72959 1.37796 0.18634 0.77291 -0.25076 0.55227
1403638587.2778294086 6.39850 -9.63995 1.36823 0.18559 0.77457 -0.25090 0.55013
1403638587.3778295517 6.40534 -9.54926 1.36559 0.18499 0.77617 -0.25127 0.54791
1403638587.4778294563 6.41629 -9.45710 1.36475 0.18318 0.77621 -0.25303 0.54765
1403638587.5778295994 6.42264 -9.36568 1.36504 0.18239 0.77625 -0.25402 0.54740
1403638587.6778295040 6.43283 -9.27622 1.35675 0.18223 0.77578 -0.25455 0.54787
1403638587.7778294086 6.43899 -9.18424 1.34456 0.18219 0.77539 -0.25496 0.54824
1403638587.8778295517 6.44785 -9.09586 1.32864 0.18142 0.77496 -0.25584 0.54869
1403638587.9778294563 6.45517 -9.00579 1.30841 0.18121 0.77456 -0.25634 0.54909
1403638588.0778295994 6.46160 -8.91900 1.28411 0.18239 0.77408 -0.25524 0.54990
1403638588.1778295040 6.46645 -8.82942 1.25438 0.18902 0.77490 -0.25086 0.54852
1403638588.2778294086 6.46889 -8.73869 1.22779 0.19191 0.77569 -0.24849 0.54748
1403638588.3778295517 6.47375 -8.64585 1.20677 0.19256 0.77604 -0.24778 0.54707
1403638588.4778294563 6.48008 -8.54918 1.19540 0.19090 0.77597 -0.24886 0.54726
1403638588.5778295994 6.48552 -8.45289 1.19029 0.18850 0.77524 -0.25049 0.54839
1403638588.6778295040 6.48778 -8.35485 1.19661 0.18622 0.77443 -0.25188 0.54967
1403638588.7778294086 6.49124 -8.25535 1.20801 0.18470 0.77291 -0.25325 0.55169
1403638588.8778295517 6.49478 -8.15826 1.21806 0.18232 0.77230 -0.25562 0.55224
1403638588.9778294563 6.49542 -8.05931 1.21954 0.18261 0.77220 -0.25591 0.55214
1403638589.0778295994 6.49861 -7.96266 1.21357 0.18312 0.77240 -0.25624 0.55155
1403638589.1778295040 6.50063 -7.86202 1.20030 0.18472 0.77216 -0.25554 0.55168
1403638589.2778294086 6.50497 -7.76755 1.18352 0.18448 0.77111 -0.25571 0.55314
1403638589.3778295517 6.50357 -7.66775 1.16540 0.18467 0.77091 -0.25551 0.55345
1403638589.4778294563 6.50524 -7.57298 1.15141 0.18439 0.77173 -0.25618 0.55209
1403638589.5778295994 6.50003 -7.47151 1.14534 0.18372 0.77168 -0.25656 0.55221
1403638589.6778295040 6.50315 -7.38082 1.14548 0.18337 0.77222 -0.25663 0.55154
1403638589.7778294086 6.49873 -7.28197 1.15362 0.18373 0.77375 -0.25702 0.54908
1403638589.8778295517 6.49417 -7.18687 1.16229 0.18382 0.77426 -0.25806 0.54785
1403638589.9778294563 6.48991 -7.08796 1.16162 0.18420 0.77424 -0.25852 0.54753
1403638590.0778295994 6.48005 -6.98774 1.15925 0.18387 0.77417 -0.25936 0.54734
1403638590.1778295040 6.47219 -6.88935 1.15104 0.18450 0.77310 -0.25965 0.54850
1403638590.2778294086 6.46435 -6.79705 1.14097 0.18425 0.77233 -0.26028 0.54938
1403638590.3778295517 6.45636 -6.70149 1.12407 0.18449 0.77262 -0.26073 0.54867
1403638590.4778294563 6.44647 -6.60746 1.10503 0.18462 0.77320 -0.26103 0.54766
1403638590.5778295994 6.43688 -6.51339 1.08685 0.18358 0.77427 -0.26173 0.54618
1403638590.6778295040 6.42722 -6.42227 1.07734 0.18178 0.77597 -0.26280 0.54385
1403638590.7778294086 6.41763 -6.32957 1.07599 0.18104 0.77678 -0.26329 0.54270
1403638590.8778295517 6.40925 -6.24060 1.08108 0.18133 0.77763 -0.26334 0.54135
1403638590.9778294563 6.40076 -6.15028 1.09283 0.18008 0.77822 -0.26426 0.54047
1403638591.0778295994 6.39048 -6.05888 1.10749 0.17879 0.77910 -0.26571 0.53891
1403638591.1778295040 6.38405 -5.97179 1.11627 0.17784 0.78331 -0.26692 0.53250
1403638591.2778294086 6.37841 -5.88560 1.11710 0.17539 0.78916 -0.26918 0.52346
1403638591.3778295517 6.37800 -5.80600 1.11444 0.17208 0.79345 -0.27178 0.51668
1403638591.4778294563 6.38411 -5.73022 1.10827 0.16941 0.79617 -0.27397 0.51221
1403638591.5778295994 6.39582 -5.65988 1.09669 0.16670 0.79890 -0.27630 0.50758
1403638591.6778295040 6.41299 -5.59877 1.08131 0.16540 0.79915 -0.27749 0.50696
1403638591.7778294086 6.43670 -5.54782 1.06615 0.16723 0.79727 -0.27650 0.50984
1403638591.8778295517 6.46794 -5.50949 1.05136 0.16824 0.79494 -0.27566 0.51358
1403638591.9778294563 6.50418 -5.47811 1.04481 0.16904 0.79230 -0.27494 0.51777
1403638592.0778295994 6.54590 -5.45015 1.04620 0.16960 0.78970 -0.27392 0.52208
1403638592.1778295040 6.59158 -5.42774 1.05722 0.16772 0.78685 -0.27209 0.52792
1403638592.2778294086 6.64014 -5.40829 1.07969 0.16285 0.78137 -0.26679 0.54015
1403638592.3778295517 6.68908 -5.39317 1.11212 0.15401 0.77882 -0.25798 0.55060
1403638592.4778294563 6.73671 -5.38094 1.15140 0.14239 0.78140 -0.24419 0.55634
1403638592.5778295994 6.78023 -5.37408 1.19600 0.13469 0.78886 -0.23007 0.55373
1403638592.6778295040 6.81967 -5.37176 1.24620 0.12816 0.79641 -0.21888 0.54900
1403638592.7778294086 6.85844 -5.37309 1.29607 0.12302 0.80352 -0.21137 0.54272
1403638592.8778295517 6.89797 -5.37791 1.34223 0.11895 0.80858 -0.20676 0.53786
1403638592.9778294563 6.94019 -5.38661 1.38360 0.11832 0.81112 -0.20313 0.53555
1403638593.0778295994 6.98640 -5.40242 1.41861 0.11727 0.81189 -0.20183 0.53511
1403638593.1778295040 7.03840 -5.42216 1.45664 0.11750 0.81020 -0.20099 0.53793
1403638593.2778294086 7.09203 -5.44770 1.49710 0.12429 0.80696 -0.19715 0.54268
1403638593.3778295517 7.14899 -5.47454 1.54395 0.13335 0.80360 -0.19204 0.54733
1403638593.4778294563 7.20472 -5.50025 1.58781 0.14157 0.79900 -0.18802 0.55336
1403638593.5778295994 7.26299 -5.52384 1.62599 0.14618 0.79614 -0.18671 0.55671
1403638593.6778295040 7.32155 -5.54327 1.65728 0.14886 0.79492 -0.18637 0.55786
1403638593.7778294086 7.38026 -5.55885 1.68298 0.15020 0.79157 -0.18665 0.56215
1403638593.8778295517 7.43670 -5.57054 1.70839 0.14600 0.78116 -0.18659 0.57764
1403638593.9778294563 7.48958 -5.57582 1.73690 0.13949 0.77779 -0.18345 0.58475
1403638594.0778295994 7.53479 -5.57815 1.76957 0.13124 0.78337 -0.18150 0.57979
1403638594.1778295040 7.57380 -5.57871 1.80746 0.12912 0.78950 -0.17700 0.57332
1403638594.2778294086 7.60830 -5.57749 1.84506 0.12955 0.79194 -0.17225 0.57130
1403638594.3778295517 7.63823 -5.57240 1.87949 0.13205 0.79101 -0.16734 0.57347
1403638594.4778294563 7.66407 -5.56363 1.91750 0.13575 0.78974 -0.16187 0.57592
1403638594.5778295994 7.68729 -5.54948 1.96195 0.13017 0.79001 -0.16378 0.57629
1403638594.6778295040 7.70611 -5.53180 2.01264 0.12446 0.79057 -0.16700 0.57586
1403638594.7778294086 7.72300 -5.51270 2.06080 0.12231 0.79128 -0.16902 0.57476
1403638594.8778295517 7.73461 -5.49114 2.10297 0.12096 0.79132 -0.17068 0.57450
1403638594.9778294563 7.74590 -5.46789 2.13673 0.12203 0.79315 -0.17119 0.57160
1403638595.0778295994 7.75468 -5.44366 2.16323 0.12062 0.79431 -0.17299 0.56973
1403638595.1778295040 7.76148 -5.41968 2.18273 0.12044 0.79479 -0.17422 0.56873
1403638595.2778294086 7.76648 -5.39563 2.19544 0.12096 0.79523 -0.17450 0.56792
1403638595.3778295517 7.76821 -5.36942 2.20201 0.12075 0.79488 -0.17522 0.56822
1403638595.4778294563 7.76823 -5.34529 2.20117 0.12082 0.79521 -0.17545 0.56767
1403638595.5778295994 7.76696 -5.32150 2.19654 0.12086 0.79600 -0.17516 0.56665
1403638595.6778295040 7.76507 -5.29697 2.19673 0.12323 0.79607 -0.17348 0.56656
1403638595.7778294086 7.76312 -5.27070 2.20206 0.12747 0.79707 -0.17053 0.56511
1403638595.8778295517 7.76152 -5.24346 2.20535 0.12871 0.79747 -0.16986 0.56447
1403638595.9778294563 7.75882 -5.21573 2.19492 0.13107 0.79720 -0.16840 0.56475
1403638596.0778295994 7.75674 -5.18588 2.16986 0.13855 0.79790 -0.16355 0.56339
1403638596.1778295040 7.75551 -5.15155 2.14824 0.14978 0.79942 -0.15567 0.56059
1403638596.2778294086 7.75486 -5.10966 2.13289 0.16142 0.80120 -0.14699 0.55714
1403638596.3778295517 7.75469 -5.05925 2.12516 0.17075 0.80137 -0.13945 0.55607
1403638596.4778294563 7.76067 -4.99714 2.12804 0.17630 0.80107 -0.13464 0.55594
1403638596.5778295994 7.76992 -4.92515 2.13931 0.18303 0.80181 -0.12920 0.55399
1403638596.6778295040 7.78637 -4.83588 2.15954 0.19070 0.80210 -0.12322 0.55235
1403638596.7778294086 7.80782 -4.72938 2.18727 0.19466 0.80220 -0.11987 0.55155
1403638596.8778295517 7.83338 -4.60677 2.22233 0.19817 0.80153 -0.11694 0.55191
1403638596.9778294563 7.86565 -4.46638 2.25914 0.20002 0.80024 -0.11604 0.55330
1403638597.0778295994 7.89827 -4.31082 2.29210 0.20275 0.79934 -0.11494 0.55385
1403638597.1778295040 7.93536 -4.14137 2.31973 0.20495 0.79748 -0.11459 0.55578
1403638597.2778294086 7.97515 -3.95390 2.34048 0.20245 0.79474 -0.11756 0.55998
1403638597.3778295517 8.01561 -3.75266 2.35523 0.19763 0.79298 -0.12238 0.56316
1403638597.4778294563 8.05764 -3.53432 2.36781 0.18900 0.78969 -0.12936 0.56915
1403638597.5778295994 8.09975 -3.30462 2.37486 0.17626 0.78503 -0.13883 0.57740
1403638597.6778295040 8.13948 -3.06582 2.37638 0.17184 0.78268 -0.14283 0.58093
1403638597.7778294086 8.17572 -2.82011 2.37138 0.17600 0.78451 -0.13772 0.57844
1403638597.8778295517 8.21058 -2.56692 2.36066 0.18024 0.78721 -0.12640 0.57605
1403638597.9778294563 8.24602 -2.30209 2.34599 0.18144 0.78894 -0.11726 0.57524
1403638598.0778295994 8.28475 -2.02333 2.33569 0.17464 0.78918 -0.11474 0.57752
1403638598.1778295040 8.32370 -1.73191 2.33202 0.15302 0.79067 -0.12392 0.57972
1403638598.2778294086 8.35987 -1.43768 2.33396 0.13554 0.79255 -0.13236 0.57963
1403638598.3778295517 8.39580 -1.14446 2.33430 0.12460 0.79432 -0.13768 0.57842
1403638598.4778294563 8.43163 -0.85327 2.32739 0.12040 0.79660 -0.13950 0.57573
1403638598.5778295994 8.46440 -0.56372 2.31108 0.11560 0.79861 -0.13760 0.57438
1403638598.6778295040 8.49284 -0.28006 2.28994 0.11137 0.80103 -0.12913 0.57383
1403638598.7778294086 8.51809 -0.00517 2.26968 0.10309 0.80336 -0.11836 0.57444
1403638598.8778295517 8.54046 0.26334 2.25610 0.09400 0.80456 -0.10395 0.57709
1403638598.9778294563 8.55891 0.52809 2.24590 0.08417 0.80725 -0.08756 0.57758
1403638599.0778295994 8.57774 0.79418 2.23923 0.07225 0.80887 -0.07090 0.57920
1403638599.1778295040 8.59574 1.05864 2.23814 0.06043 0.81043 -0.05329 0.58026
1403638599.2778294086 8.61058 1.31866 2.24104 0.04964 0.81266 -0.03434 0.57961
1403638599.3778295517 8.62336 1.57514 2.25195 0.03729 0.81612 -0.01711 0.57643
1403638599.4778294563 8.62996 1.83428 2.26916 0.02815 0.81844 -0.00365 0.57389
1403638599.5778295994 8.63579 2.09478 2.28552 0.02254 0.82084 0.00499 0.57070
1403638599.6778295040 8.64336 2.35527 2.29297 0.01901 0.82228 0.00962 0.56869
1403638599.7778294086 8.65255 2.61571 2.29163 0.01788 0.82230 0.01069 0.56867
1403638599.8778295517 8.66317 2.87619 2.28579 0.01596 0.82347 0.00829 0.56707
1403638599.9778294563 8.67511 3.13800 2.27627 0.01218 0.82352 0.00276 0.56715
1403638600.0778295994 8.69213 3.39949 2.26312 0.00579 0.82453 -0.00501 0.56576
1403638600.1778295040 8.71168 3.65276 2.24601 -0.00637 0.82614 -0.01666 0.56319
1403638600.2778294086 8.73334 3.90110 2.22319 -0.01640 0.82812 -0.02727 0.55965
1403638600.3778295517 8.75856 4.13951 2.20002 -0.02409 0.82945 -0.03579 0.55691
1403638600.4778294563 8.78846 4.36142 2.18592 -0.03045 0.83058 -0.04217 0.55446
1403638600.5778295994 8.82372 4.56636 2.18107 -0.02846 0.83115 -0.04278 0.55367
1403638600.6778295040 8.86209 4.75490 2.18290 -0.03131 0.83263 -0.04576 0.55105
1403638600.7778294086 8.90532 4.92966 2.19078 -0.03094 0.83637 -0.04567 0.54539
1403638600.8778295517 8.95754 5.08695 2.20332 -0.01990 0.84024 -0.03697 0.54059
1403638600.9778294563 9.01559 5.23183 2.21224 -0.00302 0.84243 -0.02362 0.53827
1403638601.0778295994 9.07824 5.36716 2.21732 0.00618 0.84288 -0.01564 0.53784
1403638601.1778295040 9.14956 5.50111 2.21868 0.01416 0.84153 -0.00926 0.53995
1403638601.2778294086 9.22958 5.63516 2.21603 0.02374 0.83514 -0.00176 0.54952
1403638601.3778295517 9.31471 5.77030 2.21274 0.02117 0.83010 0.00210 0.55720
1403638601.4778294563 9.40366 5.90913 2.21311 0.00827 0.82576 0.00680 0.56392
1403638601.5778295994 9.49274 6.04863 2.22297 -0.00231 0.82113 0.02113 0.57035
1403638601.6778295040 9.58343 6.18783 2.23825 -0.01327 0.81877 0.04119 0.57249
1403638601.7778294086 9.67157 6.32688 2.26073 -0.02564 0.81618 0.06669 0.57336
1403638601.8778295517 9.75713 6.46718 2.29131 -0.03933 0.81152 0.09579 0.57508
1403638601.9778294563 9.83849 6.60867 2.32242 -0.05406 0.80868 0.11925 0.57349
1403638602.0778295994 9.91676 6.75063 2.34617 -0.06559 0.80727 0.13626 0.57048
1403638602.1778295040 9.98559 6.89292 2.36338 -0.07166 0.80269 0.15210 0.57220
1403638602.2778294086 10.05027 7.03873 2.37658 -0.07929 0.79580 0.16970 0.57586
1403638602.3778295517 10.11564 7.19045 2.38856 -0.10152 0.78490 0.18229 0.58343
1403638602.4778294563 10.17367 7.34442 2.41234 -0.13615 0.76298 0.18892 0.60301
1403638602.5778295994 10.21961 7.49209 2.44404 -0.17111 0.74143 0.19408 0.61914
1403638602.6778295040 10.25404 7.62571 2.48054 -0.19156 0.73140 0.20750 0.62073
1403638602.7778294086 10.26941 7.74225 2.52142 -0.20252 0.72735 0.22714 0.61510
1403638602.8778295517 10.26122 7.83974 2.56754 -0.21389 0.72415 0.24693 0.60736
1403638602.9778294563 10.23895 7.92295 2.61674 -0.23370 0.72451 0.26235 0.59300
1403638603.0778295994 10.20968 7.99301 2.66243 -0.25253 0.71977 0.27706 0.58429
1403638603.1778295040 10.17527 8.04877 2.70110 -0.26468 0.71268 0.29143 0.58061
1403638603.2778294086 10.13275 8.08910 2.72721 -0.26304 0.72024 0.30844 0.56296
1403638603.3778295517 10.08361 8.11618 2.74377 -0.25657 0.73308 0.32277 0.54092
1403638603.4778294563 10.03174 8.13782 2.75718 -0.25343 0.74139 0.33002 0.52650
1403638603.5778295994 9.98187 8.15620 2.76677 -0.25508 0.73906 0.33465 0.52605
1403638603.6778295040 9.93022 8.16988 2.77169 -0.25762 0.73111 0.33758 0.53399
1403638603.7778294086 9.87972 8.17918 2.76868 -0.25149 0.72236 0.34415 0.54453
1403638603.8778295517 9.82481 8.18217 2.75816 -0.24508 0.71456 0.34941 0.55431
1403638603.9778294563 9.76732 8.18532 2.74021 -0.23991 0.70781 0.35220 0.56338
1403638604.0778295994 9.70075 8.18752 2.71679 -0.23371 0.70441 0.35475 0.56863
1403638604.1778295040 9.62309 8.19076 2.69691 -0.23257 0.70381 0.35567 0.56926
1403638604.2778294086 9.52815 8.18602 2.68651 -0.23925 0.70768 0.35210 0.56389
1403638604.3778295517 9.42269 8.17761 2.68169 -0.24483 0.71536 0.34910 0.55358
1403638604.4778294563 9.31190 8.16372 2.68456 -0.24263 0.72331 0.35059 0.54318
1403638604.5778295994 9.19807 8.14593 2.69413 -0.24051 0.72810 0.35173 0.53695
1403638604.6778295040 9.08027 8.12620 2.69931 -0.24302 0.73144 0.35003 0.53237
1403638604.7778294086 8.96234 8.10465 2.69915 -0.24691 0.73355 0.34723 0.52951
1403638604.8778295517 8.84544 8.08205 2.69862 -0.24771 0.73686 0.34641 0.52505
1403638604.9778294563 8.72902 8.05768 2.70179 -0.24508 0.74298 0.34803 0.51651
1403638605.0778295994 8.61168 8.03214 2.71402 -0.24238 0.74953 0.34986 0.50700
1403638605.1778295040 8.50156 8.00919 2.73483 -0.23970 0.75361 0.35173 0.50090
1403638605.2778294086 8.40057 7.99473 2.75551 -0.23569 0.75453 0.35430 0.49961
1403638605.3778295517 8.30483 7.98523 2.76925 -0.22944 0.74991 0.35849 0.50644
1403638605.4778294563 8.20878 7.97808 2.77894 -0.22207 0.73983 0.36406 0.52038
1403638605.5778295994 8.12014 7.97993 2.77879 -0.21641 0.73150 0.36829 0.53144
1403638605.6778295040 8.02826 7.98482 2.77458 -0.21184 0.72575 0.37163 0.53880
1403638605.7778294086 7.92532 7.99321 2.77582 -0.21028 0.72485 0.37279 0.53982
1403638605.8778295517 7.81504 8.00679 2.78740 -0.20747 0.72481 0.37440 0.53985
1403638605.9778294563 7.70160 8.02889 2.80444 -0.20342 0.72410 0.37631 0.54101
1403638606.0778295994 7.57959 8.05515 2.81892 -0.20077 0.72424 0.37701 0.54132
1403638606.1778295040 7.45271 8.08821 2.82733 -0.19730 0.72406 0.37850 0.54180
1403638606.2778294086 7.31702 8.12825 2.82971 -0.19506 0.72530 0.37877 0.54076
1403638606.3778295517 7.17393 8.17444 2.82410 -0.20057 0.73386 0.37378 0.53058
1403638606.4778294563 7.02561 8.22508 2.81302 -0.20869 0.74410 0.36694 0.51780
1403638606.5778295994 6.87815 8.28078 2.79607 -0.21563 0.75270 0.36218 0.50574
1403638606.6778295040 6.73568 8.34134 2.77509 -0.22110 0.75591 0.36421 0.49706
1403638606.7778294086 6.59750 8.40714 2.74903 -0.22591 0.75593 0.37333 0.48802
1403638606.8778295517 6.46534 8.47913 2.72026 -0.23445 0.75243 0.38593 0.47952
1403638606.9778294563 6.33956 8.55923 2.69585 -0.24534 0.74538 0.40139 0.47234
1403638607.0778295994 6.22668 8.64461 2.68152 -0.25928 0.73684 0.41578 0.46580
1403638607.1778295040 6.11831 8.74150 2.67290 -0.27559 0.72727 0.42277 0.46518
1403638607.2778294086 6.01545 8.84495 2.66246 -0.28925 0.71379 0.42717 0.47367
1403638607.3778295517 5.91560 8.94930 2.64435 -0.30197 0.70533 0.42727 0.47830
1403638607.4778294563 5.82236 9.05305 2.61845 -0.30783 0.70222 0.42845 0.47808
1403638607.5778295994 5.73362 9.15296 2.58649 -0.30986 0.70116 0.42982 0.47709
1403638607.6778295040 5.64744 9.24975 2.55346 -0.31158 0.69942 0.42988 0.47848
1403638607.7778294086 5.56505 9.34814 2.51858 -0.31003 0.69792 0.43037 0.48123
1403638607.8778295517 5.48326 9.44281 2.48068 -0.31134 0.70006 0.42833 0.47908
1403638607.9778294563 5.41112 9.53366 2.43571 -0.31361 0.70445 0.42491 0.47418
1403638608.0778295994 5.34389 9.62261 2.38914 -0.31439 0.70316 0.42242 0.47779
1403638608.1778295040 5.28125 9.70628 2.33693 -0.31056 0.70012 0.42291 0.48429
1403638608.2778294086 5.22247 9.78445 2.27817 -0.30924 0.69551 0.42229 0.49226
1403638608.3778295517 5.16581 9.86055 2.21594 -0.30948 0.68970 0.42118 0.50114
1403638608.4778294563 5.10848 9.93153 2.14855 -0.30962 0.68959 0.42080 0.50152
1403638608.5778295994 5.05332 9.99737 2.07584 -0.30782 0.69113 0.42146 0.49995
1403638608.6778295040 4.99726 10.05800 2.00665 -0.31331 0.68836 0.41756 0.50363
1403638608.7778294086 4.94085 10.11388 1.93973 -0.31378 0.68849 0.41728 0.50339
1403638608.8778295517 4.88463 10.16389 1.87696 -0.31256 0.69191 0.41862 0.49833
1403638608.9778294563 4.82876 10.20705 1.82346 -0.31172 0.69600 0.41944 0.49242
1403638609.0778295994 4.77552 10.24750 1.77632 -0.31118 0.69872 0.41994 0.48848
1403638609.1778295040 4.72515 10.28193 1.73757 -0.31315 0.69911 0.41860 0.48780
1403638609.2778294086 4.67730 10.31255 1.69907 -0.32117 0.69916 0.41290 0.48738
1403638609.3778295517 4.63387 10.34206 1.65227 -0.32005 0.69937 0.41341 0.48737
1403638609.4778294563 4.59360 10.36638 1.59998 -0.31642 0.69939 0.41559 0.48787
1403638609.5778295994 4.55630 10.38491 1.54103 -0.31297 0.69936 0.41757 0.48844
1403638609.6778295040 4.52221 10.40270 1.47638 -0.31089 0.69836 0.41904 0.48995
1403638609.7778294086 4.49101 10.41526 1.41151 -0.30968 0.69847 0.41977 0.48993
1403638609.8778295517 4.46121 10.42745 1.35288 -0.31016 0.69867 0.41941 0.48965
1403638609.9778294563 4.43365 10.43458 1.30268 -0.31106 0.69820 0.41859 0.49045
1403638610.0778295994 4.40936 10.43663 1.26109 -0.31441 0.69594 0.41604 0.49369
1403638610.1778295040 4.38739 10.43757 1.22336 -0.31547 0.69285 0.41519 0.49805
1403638610.2778294086 4.36499 10.43356 1.18083 -0.31785 0.69155 0.41320 0.49999
1403638610.3778295517 4.34312 10.42326 1.13109 -0.31869 0.69119 0.41254 0.50051
1403638610.4778294563 4.32149 10.40227 1.07600 -0.31884 0.68956 0.41201 0.50309
1403638610.5778295994 4.30106 10.38106 1.01781 -0.32163 0.68431 0.40987 0.51017
1403638610.6778295040 4.27907 10.35207 0.95832 -0.32605 0.67922 0.40675 0.51663
1403638610.7778294086 4.25448 10.31419 0.90224 -0.32370 0.68456 0.40940 0.50891
1403638610.8778295517 4.23006 10.27094 0.85586 -0.32001 0.69096 0.41328 0.49937
1403638610.9778294563 4.20604 10.22255 0.81378 -0.32071 0.69133 0.41357 0.49816
1403638611.0778295994 4.18364 10.16924 0.77082 -0.32391 0.68846 0.41176 0.50156
1403638611.1778295040 4.16373 10.11179 0.72377 -0.32528 0.68750 0.41194 0.50184
1403638611.2778294086 4.14411 10.04763 0.67620 -0.32477 0.68711 0.41292 0.50189
1403638611.3778295517 4.12401 9.97487 0.63319 -0.31838 0.68473 0.41741 0.50552
1403638611.4778294563 4.10054 9.89781 0.59692 -0.30613 0.68052 0.42535 0.51212
1403638611.5778295994 4.07521 9.82093 0.56805 -0.29730 0.68011 0.43058 0.51348
1403638611.6778295040 4.04234 9.73971 0.54426 -0.29563 0.68254 0.43095 0.51090
1403638611.7778294086 4.00814 9.65953 0.52023 -0.30133 0.68835 0.42661 0.50336
1403638611.8778295517 3.97316 9.57765 0.49054 -0.30658 0.69397 0.42216 0.49618
1403638611.9778294563 3.93891 9.49739 0.45685 -0.30926 0.69737 0.41949 0.49199
1403638612.0778295994 3.90606 9.41677 0.42469 -0.30869 0.69933 0.41919 0.48983
1403638612.1778295040 3.87461 9.33283 0.39795 -0.31013 0.70055 0.41762 0.48851
1403638612.2778294086 3.84769 9.25221 0.38094 -0.31070 0.70054 0.41696 0.48873
1403638612.3778295517 3.82150 9.16632 0.36748 -0.30902 0.70011 0.41754 0.48992
1403638612.4778294563 3.79690 9.07915 0.35043 -0.30833 0.69891 0.41679 0.49270
1403638612.5778295994 3.77292 8.99153 0.32814 -0.30538 0.69674 0.41736 0.49709
1403638612.6778295040 3.74856 8.90427 0.29842 -0.29951 0.69484 0.41980 0.50125
1403638612.7778294086 3.72358 8.81795 0.26215 -0.29660 0.69393 0.41963 0.50438
1403638612.8778295517 3.69598 8.73027 0.22783 -0.29677 0.69278 0.41737 0.50773
1403638612.9778294563 3.66335 8.63938 0.19447 -0.29770 0.69339 0.41530 0.50805
1403638613.0778295994 3.63082 8.55188 0.17248 -0.29833 0.69618 0.41412 0.50481
1403638613.1778295040 3.59554 8.46407 0.15906 -0.29789 0.69862 0.41384 0.50193
1403638613.2778294086 3.55870 8.37477 0.15260 -0.29702 0.69911 0.41403 0.50159
1403638613.3778295517 3.52085 8.28582 0.15245 -0.29626 0.69869 0.41452 0.50223
1403638613.4778294563 3.48229 8.19472 0.15005 -0.29684 0.69817 0.41346 0.50349
1403638613.5778295994 3.44230 8.10511 0.14133 -0.29604 0.69944 0.40911 0.50573
1403638613.6778295040 3.40153 8.01678 0.12722 -0.29989 0.70008 0.40240 0.50795
1403638613.7778294086 3.36053 7.92567 0.10532 -0.30366 0.69876 0.39481 0.51348
1403638613.8778295517 3.31832 7.83037 0.07435 -0.30055 0.70089 0.38668 0.51856
1403638613.9778294563 3.27696 7.73007 0.04023 -0.29283 0.70684 0.37672 0.52221
1403638614.0778295994 3.23494 7.62591 0.00234 -0.28083 0.71480 0.36482 0.52640
1403638614.1778295040 3.19036 7.51775 -0.03525 -0.26611 0.72496 0.35182 0.52900
1403638614.2778294086 3.14250 7.40463 -0.06815 -0.25509 0.73377 0.33825 0.53114
1403638614.3778295517 3.09224 7.29084 -0.09515 -0.24645 0.74039 0.32873 0.53199
1403638614.4778294563 3.04179 7.18086 -0.11178 -0.24300 0.74506 0.31980 0.53251
1403638614.5778295994 2.99246 7.06974 -0.11883 -0.23918 0.74946 0.31148 0.53300
1403638614.6778295040 2.94744 6.96299 -0.11626 -0.23623 0.75456 0.29949 0.53398
1403638614.7778294086 2.90605 6.85455 -0.10025 -0.23452 0.76432 0.28283 0.52992
1403638614.8778295517 2.86501 6.73864 -0.07823 -0.22703 0.77529 0.26512 0.52639
1403638614.9778294563 2.82870 6.61784 -0.05033 -0.21394 0.78433 0.24583 0.52785
1403638615.0778295994 2.79701 6.48935 -0.01803 -0.19583 0.79146 0.22481 0.53357
1403638615.1778295040 2.77171 6.35612 0.01979 -0.17437 0.79459 0.20251 0.54517
1403638615.2778294086 2.75217 6.22186 0.06268 -0.14942 0.79663 0.18103 0.55704
1403638615.3778295517 2.73323 6.08831 0.10194 -0.12820 0.79997 0.15560 0.56515
1403638615.4778294563 2.71501 5.95657 0.13351 -0.10799 0.80274 0.12964 0.57195
1403638615.5778295994 2.69795 5.83011 0.15584 -0.09107 0.80582 0.10535 0.57556
1403638615.6778295040 2.68337 5.70924 0.17111 -0.07815 0.80774 0.08819 0.57765
1403638615.7778294086 2.66750 5.59049 0.19278 -0.07067 0.80895 0.07589 0.57865
1403638615.8778295517 2.64827 5.47275 0.22325 -0.06559 0.81016 0.06421 0.57898
1403638615.9778294563 2.63080 5.35711 0.25071 -0.05855 0.81169 0.05242 0.57878
1403638616.0778295994 2.61246 5.24024 0.27101 -0.04973 0.81223 0.04022 0.57981
1403638616.1778295040 2.59355 5.12353 0.27792 -0.04007 0.81336 0.02620 0.57979
1403638616.2778294086 2.57322 5.00384 0.26912 -0.02958 0.81424 0.00809 0.57971
1403638616.3778295517 2.55104 4.88068 0.24682 -0.01646 0.81483 -0.01115 0.57936
1403638616.4778294563 2.52735 4.75672 0.21741 -0.00597 0.81523 -0.02904 0.57837
1403638616.5778295994 2.50353 4.63557 0.18363 0.00334 0.81680 -0.04158 0.57541
1403638616.6778295040 2.48050 4.51428 0.14546 0.00902 0.82135 -0.05126 0.56804
1403638616.7778294086 2.45885 4.39177 0.10248 0.00581 0.82973 -0.06155 0.55474
1403638616.8778295517 2.44255 4.26708 0.05867 0.00178 0.83539 -0.06835 0.54539
1403638616.9778294563 2.43384 4.13704 0.02295 0.00696 0.83361 -0.06592 0.54836
1403638617.0778295994 2.42894 4.00002 -0.00288 0.01273 0.82999 -0.06093 0.55429
1403638617.1778295040 2.42682 3.85992 -0.02125 0.01886 0.82719 -0.05409 0.55900
1403638617.2778294086 2.42894 3.72460 -0.03213 0.02062 0.82963 -0.04953 0.55573
1403638617.3778295517 2.43697 3.59374 -0.03503 0.02031 0.83373 -0.04679 0.54982
1403638617.4778294563 2.45063 3.46752 -0.02712 0.02011 0.83656 -0.04371 0.54575
1403638617.5778295994 2.47023 3.34070 -0.01117 0.02006 0.83736 -0.04087 0.54476
1403638617.6778295040 2.49876 3.21657 0.01306 0.02128 0.83605 -0.03700 0.54699
1403638617.7778294086 2.53342 3.09543 0.04467 0.02157 0.83450 -0.03433 0.54952
1403638617.8778295517 2.57451 2.97793 0.08444 0.02267 0.83459 -0.03103 0.54954
1403638617.9778294563 2.62135 2.86234 0.12772 0.02074 0.83358 -0.03057 0.55116
1403638618.0778295994 2.67333 2.74891 0.16549 0.02002 0.83324 -0.02927 0.55177
1403638618.1778295040 2.73019 2.63904 0.19665 0.01760 0.83341 -0.02912 0.55160
1403638618.2778294086 2.78881 2.53353 0.22138 0.01801 0.83343 -0.02755 0.55165
1403638618.3778295517 2.85312 2.43167 0.24086 0.01774 0.83271 -0.02642 0.55280
1403638618.4778294563 2.92057 2.33081 0.25913 0.01745 0.83283 -0.02513 0.55268
1403638618.5778295994 2.99218 2.23660 0.27284 0.01856 0.83183 -0.02425 0.55419
1403638618.6778295040 3.06793 2.14205 0.28538 0.02239 0.83166 -0.02733 0.55416
1403638618.7778294086 3.14863 2.05217 0.30137 0.02487 0.83092 -0.03043 0.55501
1403638618.8778295517 3.23282 1.96462 0.32493 0.02781 0.82913 -0.03366 0.55735
1403638618.9778294563 3.31896 1.88142 0.35042 0.03375 0.82491 -0.04249 0.56266
1403638619.0778295994 3.40594 1.80024 0.36972 0.04558 0.82117 -0.05609 0.56609
1403638619.1778295040 3.49271 1.72205 0.38215 0.05908 0.81743 -0.07490 0.56808
1403638619.2778294086 3.57956 1.64701 0.38788 0.07295 0.81328 -0.09893 0.56874
1403638619.3778295517 3.66503 1.57511 0.38452 0.08900 0.80857 -0.12337 0.56840
1403638619.4778294563 3.74813 1.50730 0.37723 0.09947 0.80408 -0.14452 0.56805
1403638619.5778295994 3.83000 1.44221 0.36812 0.10600 0.80022 -0.16024 0.56810
1403638619.6778295040 3.90846 1.38070 0.35494 0.10238 0.79650 -0.17670 0.56910
1403638619.7778294086 3.98313 1.31904 0.33737 0.09892 0.79387 -0.18834 0.56967
1403638619.8778295517 4.05286 1.25590 0.31800 0.09885 0.79159 -0.19492 0.57063
1403638619.9778294563 4.11948 1.19076 0.29631 0.10041 0.79064 -0.19874 0.57035
1403638620.0778295994 4.17688 1.12250 0.27480 0.10278 0.78803 -0.20045 0.57294
1403638620.1778295040 4.23381 1.05115 0.26011 0.10759 0.78497 -0.19941 0.57661
1403638620.2778294086 4.28248 0.97698 0.24988 0.11038 0.78558 -0.19830 0.57564
1403638620.3778295517 4.32750 0.90102 0.24925 0.11314 0.78702 -0.19620 0.57385
1403638620.4778294563 4.36784 0.82403 0.25274 0.11410 0.78824 -0.19405 0.57272
1403638620.5778295994 4.40279 0.74790 0.25807 0.11365 0.78965 -0.19246 0.57140
1403638620.6778295040 4.43562 0.67087 0.25823 0.11066 0.79222 -0.19232 0.56847
1403638620.7778294086 4.46731 0.59061 0.25086 0.10693 0.79567 -0.19263 0.56425
1403638620.8778295517 4.49587 0.51045 0.24107 0.11009 0.79891 -0.18814 0.56055
1403638620.9778294563 4.52378 0.42984 0.22848 0.11461 0.79959 -0.18220 0.56064
1403638621.0778295994 4.55278 0.34621 0.21442 0.11827 0.79812 -0.17705 0.56362
1403638621.1778295040 4.57847 0.26751 0.20535 0.11698 0.79691 -0.17524 0.56616
1403638621.2778294086 4.60778 0.18523 0.20259 0.11729 0.79584 -0.17260 0.56841
1403638621.3778295517 4.63181 0.10940 0.20415 0.11896 0.79675 -0.16960 0.56769
1403638621.4778294563 4.65800 0.03247 0.20150 0.11957 0.79502 -0.16749 0.57060
1403638621.5778295994 4.67997 -0.03651 0.19229 0.11953 0.79287 -0.16540 0.57421
1403638621.6778295040 4.69901 -0.10279 0.17888 0.11913 0.79192 -0.16438 0.57589
1403638621.7778294086 4.71570 -0.16756 0.16209 0.12009 0.79036 -0.16305 0.57821
1403638621.8778295517 4.72815 -0.22595 0.14072 0.12191 0.78693 -0.16118 0.58300
1403638621.9778294563 4.73702 -0.27888 0.11714 0.12229 0.78440 -0.16051 0.58651
1403638622.0778295994 4.74014 -0.32703 0.09078 0.12081 0.78406 -0.16155 0.58699
1403638622.1778295040 4.73907 -0.37306 0.05940 0.11756 0.78501 -0.16346 0.58585
1403638622.2778294086 4.73373 -0.41530 0.03284 0.11469 0.78433 -0.16585 0.58665
1403638622.3778295517 4.72304 -0.45392 0.01454 0.11525 0.78531 -0.16638 0.58508
1403638622.4778294563 4.70416 -0.48790 0.00750 0.11886 0.78619 -0.16477 0.58363
1403638622.5778295994 4.68213 -0.51830 0.00488 0.12223 0.78599 -0.16344 0.58358
1403638622.6778295040 4.65598 -0.54280 0.01304 0.12613 0.78197 -0.16167 0.58862
1403638622.7778294086 4.62525 -0.56610 0.02839 0.12894 0.77077 -0.16019 0.60302
1403638622.8778295517 4.58968 -0.58474 0.04894 0.13065 0.76604 -0.15972 0.60877
1403638622.9778294563 4.54342 -0.59547 0.06669 0.12913 0.76991 -0.16216 0.60354
1403638623.0778295994 4.48712 -0.59857 0.07793 0.12535 0.77640 -0.16572 0.59500
1403638623.1778295040 4.42377 -0.59706 0.08429 0.12019 0.78030 -0.16952 0.58987
1403638623.2778294086 4.35227 -0.59334 0.08640 0.11704 0.78372 -0.17191 0.58527
1403638623.3778295517 4.27897 -0.58848 0.08396 0.11467 0.78629 -0.17368 0.58175
1403638623.4778294563 4.19844 -0.58405 0.07856 0.11527 0.78803 -0.17352 0.57932
1403638623.5778295994 4.11909 -0.57650 0.07360 0.11659 0.78817 -0.17283 0.57907
1403638623.6778295040 4.03266 -0.57156 0.07830 0.11799 0.78869 -0.17229 0.57824
1403638623.7778294086 3.94658 -0.56247 0.08807 0.12019 0.78971 -0.17207 0.57646
1403638623.8778295517 3.85779 -0.55141 0.10414 0.12155 0.79085 -0.17216 0.57458
1403638623.9778294563 3.76802 -0.54102 0.11949 0.12306 0.79201 -0.17265 0.57252
1403638624.0778295994 3.67797 -0.52717 0.13109 0.12138 0.79229 -0.17544 0.57164
1403638624.1778295040 3.59252 -0.51564 0.13774 0.11895 0.79216 -0.17787 0.57157
1403638624.2778294086 3.50084 -0.50139 0.13967 0.11694 0.79180 -0.18054 0.57165
1403638624.3778295517 3.41224 -0.48785 0.13679 0.11657 0.79128 -0.18232 0.57187
1403638624.4778294563 3.33069 -0.47699 0.12791 0.11805 0.79105 -0.18260 0.57181
1403638624.5778295994 3.23740 -0.46459 0.11575 0.11356 0.78263 -0.18734 0.58266
1403638624.6778295040 3.14418 -0.45377 0.09867 0.11534 0.77835 -0.18506 0.58875
1403638624.7778294086 3.05555 -0.44370 0.08170 0.12027 0.78434 -0.17525 0.58278
1403638624.8778295517 2.95480 -0.43040 0.07685 0.12164 0.79050 -0.16712 0.57653
1403638624.9778294563 2.85970 -0.41695 0.07568 0.11451 0.79367 -0.16514 0.57419
1403638625.0778295994 2.75776 -0.40233 0.07888 0.10701 0.79465 -0.16424 0.57454
1403638625.1778295040 2.65541 -0.38790 0.07855 0.10069 0.79553 -0.16447 0.57440
1403638625.2778294086 2.55585 -0.37469 0.07442 0.09878 0.79638 -0.16293 0.57399
1403638625.3778295517 2.45270 -0.36292 0.06887 0.09766 0.79653 -0.16192 0.57427
1403638625.4778294563 2.35074 -0.35060 0.06923 0.09674 0.79598 -0.16155 0.57529
1403638625.5778295994 2.24717 -0.34037 0.07557 0.09739 0.79654 -0.16084 0.57461
1403638625.6778295040 2.14201 -0.33130 0.08940 0.09748 0.79817 -0.16078 0.57234
1403638625.7778294086 2.03154 -0.31696 0.10790 0.09626 0.80270 -0.16192 0.56585
1403638625.8778295517 1.92619 -0.30847 0.11922 0.09640 0.80532 -0.16234 0.56197
1403638625.9778294563 1.81824 -0.30017 0.12577 0.09749 0.80575 -0.16248 0.56113
1403638626.0778295994 1.71916 -0.29599 0.12625 0.09592 0.80700 -0.16429 0.55907
1403638626.1778295040 1.62321 -0.29200 0.12220 0.09618 0.80740 -0.16470 0.55833
1403638626.2778294086 1.53064 -0.29224 0.11355 0.09918 0.80594 -0.16331 0.56032
1403638626.3778295517 1.43426 -0.29142 0.10243 0.10716 0.80412 -0.15805 0.56296
1403638626.4778294563 1.34701 -0.29203 0.08683 0.10962 0.80290 -0.15587 0.56484
1403638626.5778295994 1.25975 -0.29162 0.06980 0.11031 0.80525 -0.15500 0.56158
1403638626.6778295040 1.17491 -0.29115 0.05422 0.10906 0.80715 -0.15545 0.55897
1403638626.7778294086 1.09411 -0.28867 0.04299 0.10639 0.81103 -0.15724 0.55334
1403638626.8778295517 1.02031 -0.28760 0.03967 0.10587 0.81376 -0.15709 0.54947
1403638626.9778294563 0.95152 -0.28650 0.04177 0.10518 0.81467 -0.15723 0.54820
1403638627.0778295994 0.88551 -0.28550 0.04099 0.10451 0.81477 -0.15685 0.54829
1403638627.1778295040 0.82584 -0.28681 0.03489 0.10377 0.81470 -0.15675 0.54856
1403638627.2778294086 0.77174 -0.28838 0.02619 0.10507 0.81473 -0.15541 0.54865
1403638627.3778295517 0.72345 -0.28981 0.01614 0.10712 0.81416 -0.15353 0.54963
1403638627.4778294563 0.67988 -0.29157 0.00355 0.10731 0.81455 -0.15324 0.54909
1403638627.5778295994 0.64103 -0.29336 -0.01058 0.10858 0.81341 -0.15283 0.55066
1403638627.6778295040 0.60897 -0.29643 -0.02620 0.11065 0.81043 -0.15201 0.55484
1403638627.7778294086 0.57767 -0.29680 -0.04368 0.11244 0.80856 -0.15111 0.55745
1403638627.8778295517 0.54912 -0.29509 -0.06194 0.11339 0.80790 -0.15111 0.55822
1403638627.9778294563 0.52189 -0.29118 -0.08105 0.11375 0.80982 -0.15126 0.55531
1403638628.0778295994 0.49377 -0.28909 -0.09403 0.11469 0.81099 -0.15153 0.55334
1403638628.1778295040 0.47151 -0.28386 -0.10793 0.11572 0.81154 -0.15203 0.55217
1403638628.2778294086 0.45523 -0.27659 -0.12090 0.11586 0.81174 -0.15271 0.55166
1403638628.3778295517 0.44501 -0.26886 -0.12936 0.11448 0.81232 -0.15422 0.55067
1403638628.4778294563 0.43956 -0.25819 -0.13732 0.10863 0.80945 -0.15884 0.55477
1403638628.5778295994 0.43678 -0.24954 -0.14008 0.10071 0.80219 -0.16445 0.56507
1403638628.6778295040 0.43454 -0.24201 -0.14129 0.09525 0.79807 -0.16840 0.57065
1403638628.7778294086 0.42892 -0.23724 -0.13754 0.09707 0.79933 -0.16772 0.56879
1403638628.8778295517 0.41902 -0.23381 -0.14602 0.10147 0.79995 -0.16496 0.56796
1403638628.9778294563 0.40980 -0.23144 -0.15719 0.10633 0.80065 -0.16204 0.56692
1403638629.0778295994 0.40050 -0.22868 -0.16663 0.11106 0.80184 -0.15863 0.56530
1403638629.1778295040 0.39171 -0.22657 -0.16934 0.11344 0.80311 -0.15661 0.56357
1403638629.2778294086 0.38121 -0.22114 -0.17358 0.11400 0.80345 -0.15585 0.56320
1403638629.3778295517 0.37434 -0.21533 -0.17376 0.11478 0.80659 -0.15595 0.55850
1403638629.4778294563 0.36852 -0.20746 -0.17487 0.11327 0.81103 -0.15777 0.55183
1403638629.5778295994 0.36740 -0.19950 -0.17452 0.10971 0.81405 -0.16059 0.54727
1403638629.6778295040 0.37276 -0.19325 -0.17139 0.09877 0.81189 -0.16885 0.55006
1403638629.7778294086 0.38039 -0.18943 -0.16783 0.09211 0.80623 -0.17408 0.55786
1403638629.8778295517 0.38808 -0.18898 -0.16833 0.09061 0.79976 -0.17567 0.56684
1403638629.9778294563 0.39432 -0.19225 -0.17698 0.10166 0.79426 -0.16880 0.57473
1403638630.0778295994 0.39662 -0.19558 -0.19590 0.11076 0.79072 -0.16265 0.57968
1403638630.1778295040 0.39667 -0.19774 -0.22465 0.11513 0.79352 -0.15927 0.57594
1403638630.2778294086 0.39385 -0.19903 -0.25950 0.11595 0.79804 -0.15864 0.56966
1403638630.3778295517 0.39555 -0.19648 -0.28522 0.11178 0.81748 -0.15977 0.54194
1403638630.4778294563 0.40845 -0.19634 -0.27391 0.11156 0.79943 -0.15799 0.56878
1403638630.5778295994 0.42045 -0.19630 -0.27454 0.11122 0.79868 -0.15912 0.56957
1403638630.6778295040 0.42998 -0.19665 -0.29583 0.10840 0.81769 -0.15632 0.54332
1403638630.7778294086 0.44121 -0.20271 -0.28916 0.11106 0.82457 -0.15063 0.53391
1403638630.8778295517 0.44329 -0.20382 -0.28944 0.10634 0.82323 -0.15167 0.53663
1403638630.9778294563 0.44468 -0.20470 -0.28862 0.10646 0.82308 -0.15185 0.53680
1403638631.0778295994 0.44450 -0.20485 -0.28794 0.10709 0.82313 -0.15132 0.53674
1403638631.1778295040 0.44466 -0.20492 -0.28755 0.10697 0.82315 -0.15151 0.53668
1403638631.2778294086 0.44448 -0.20477 -0.28728 0.10684 0.82320 -0.15147 0.53664
1403638631.3778295517 0.44451 -0.20470 -0.28717 0.10656 0.82326 -0.15164 0.53656
1403638631.4778294563 0.44475 -0.20470 -0.28717 0.10631 0.82318 -0.15191 0.53665
1403638631.5778295994 0.44487 -0.20470 -0.28741 0.10620 0.82315 -0.15199 0.53669
1403638631.6778295040 0.44504 -0.20476 -0.28747 0.10588 0.82314 -0.15239 0.53666
