1403638523.0778295994 0.04034 0.02349 0.36754 -0.01056 0.81014 -0.01945 0.58582
1403638523.1778295040 0.03363 0.00979 0.39513 -0.04769 0.80473 0.00335 0.59172
1403638523.2778294086 0.03235 0.00384 0.38267 -0.03084 0.80263 -0.00130 0.59567
1403638523.3778295517 0.02967 -0.00099 0.35320 -0.02632 0.79894 -0.00216 0.60083
1403638523.4778294563 0.02633 -0.00761 0.31044 -0.02341 0.80107 0.00118 0.59811
1403638523.5778295994 0.02322 -0.01512 0.26026 -0.01634 0.81008 0.00469 0.58607
1403638523.6778295040 0.01688 -0.02114 0.20998 -0.00976 0.81867 0.00699 0.57414
1403638523.7778294086 0.01153 -0.02667 0.16143 -0.00549 0.82283 0.00901 0.56820
1403638523.8778295517 0.00534 -0.03192 0.11809 -0.00356 0.82334 0.01277 0.56740
1403638523.9778294563 -0.00061 -0.03696 0.08655 0.00303 0.82347 0.02056 0.56698
1403638524.0778295994 -0.00724 -0.04382 0.07456 0.00198 0.82840 0.03445 0.55908
1403638524.1778295040 -0.00785 -0.04215 0.09252 -0.00591 0.83215 0.04504 0.55269
1403638524.2778294086 -0.00900 -0.04206 0.13479 -0.01651 0.83415 0.04907 0.54910
1403638524.3778295517 -0.00678 -0.04129 0.18976 -0.02666 0.83211 0.04783 0.55190
1403638524.4778294563 -0.00147 -0.03997 0.25033 -0.03360 0.82569 0.04603 0.56123
1403638524.5778295994 0.00575 -0.03730 0.31045 -0.03636 0.81678 0.04449 0.57408
1403638524.6778295040 0.01375 -0.03379 0.36475 -0.03220 0.81039 0.03887 0.58372
1403638524.7778294086 0.02028 -0.02889 0.40596 -0.01941 0.80663 0.03362 0.58978
1403638524.8778295517 0.02521 -0.02406 0.43251 -0.01585 0.80547 0.03100 0.59162
1403638524.9778294563 0.02735 -0.02051 0.44288 -0.02259 0.80436 0.03354 0.59277
1403638525.0778295994 0.02846 -0.01883 0.43121 -0.02008 0.80185 0.03688 0.59605
1403638525.1778295040 0.03017 -0.01778 0.39821 -0.01764 0.80070 0.04141 0.59737
1403638525.2778294086 0.02943 -0.01965 0.35254 -0.01796 0.80418 0.04664 0.59228
1403638525.3778295517 0.02834 -0.02048 0.29909 -0.02024 0.81357 0.05135 0.57884
1403638525.4778294563 0.02533 -0.02046 0.24702 -0.02822 0.82616 0.05275 0.56025
1403638525.5778295994 0.02166 -0.02272 0.20120 -0.03367 0.83563 0.05166 0.54582
1403638525.6778295040 0.01972 -0.02547 0.16291 -0.03402 0.83886 0.04825 0.54113
1403638525.7778294086 0.01961 -0.02716 0.13245 -0.03092 0.83762 0.04231 0.54374
1403638525.8778295517 0.01924 -0.03008 0.11055 -0.02385 0.83435 0.03804 0.54941
1403638525.9778294563 0.01510 -0.03833 0.09771 -0.01655 0.83268 0.03764 0.55223
1403638526.0778295994 0.01127 -0.05790 0.09563 -0.01282 0.83445 0.03597 0.54976
1403638526.1778295040 0.00779 -0.08707 0.10287 -0.01134 0.83714 0.02714 0.54620
1403638526.2778294086 0.00259 -0.12297 0.11654 -0.00770 0.83641 0.01799 0.54775
1403638526.3778295517 -0.00535 -0.16348 0.13166 -0.00457 0.83220 0.00879 0.55439
1403638526.4778294563 -0.01641 -0.20848 0.14532 -0.00198 0.82700 -0.00302 0.56219
1403638526.5778295994 -0.02865 -0.25942 0.15531 -0.00034 0.82186 -0.01401 0.56952
1403638526.6778295040 -0.04261 -0.31806 0.16319 0.00417 0.81678 -0.02228 0.57650
1403638526.7778294086 -0.05983 -0.38184 0.16934 0.01290 0.81344 -0.02788 0.58084
1403638526.8778295517 -0.07902 -0.44644 0.17355 0.02118 0.81229 -0.03136 0.58202
1403638526.9778294563 -0.09774 -0.50845 0.17694 0.02484 0.81491 -0.03756 0.57783
1403638527.0778295994 -0.11283 -0.56707 0.18060 0.03084 0.81898 -0.04991 0.57082
1403638527.1778295040 -0.12178 -0.62000 0.18536 0.03541 0.82060 -0.06326 0.56689
1403638527.2778294086 -0.12675 -0.66107 0.19181 0.04499 0.81788 -0.07580 0.56860
1403638527.3778295517 -0.12565 -0.68411 0.19765 0.05857 0.81335 -0.08327 0.57280
1403638527.4778294563 -0.11851 -0.68502 0.20056 0.06684 0.81082 -0.08621 0.57504
1403638527.5778295994 -0.10682 -0.66463 0.20040 0.06811 0.81110 -0.08617 0.57449
1403638527.6778295040 -0.09007 -0.62512 0.19690 0.06411 0.81254 -0.08103 0.57367
1403638527.7778294086 -0.07497 -0.57862 0.19669 0.05822 0.81373 -0.07352 0.57363
1403638527.8778295517 -0.05793 -0.52433 0.19882 0.04331 0.81686 -0.06799 0.57117
1403638527.9778294563 -0.03464 -0.46524 0.20056 0.02974 0.81816 -0.06072 0.57100
1403638528.0778295994 -0.01357 -0.40547 0.20129 0.02132 0.81693 -0.05221 0.57398
1403638528.1778295040 0.00588 -0.34848 0.19770 0.01124 0.81713 -0.04310 0.57473
1403638528.2778294086 0.02888 -0.29822 0.19198 -0.00027 0.81824 -0.03315 0.57392
1403638528.3778295517 0.05894 -0.26001 0.18569 -0.00719 0.81761 -0.02516 0.57517
1403638528.4778294563 0.09331 -0.23218 0.18010 -0.00491 0.81683 -0.02229 0.57643
1403638528.5778295994 0.12972 -0.21091 0.17675 -0.00301 0.81886 -0.02698 0.57335
1403638528.6778295040 0.16607 -0.19579 0.17633 -0.00385 0.82029 -0.03480 0.57087
1403638528.7778294086 0.19744 -0.18578 0.17909 0.00123 0.81965 -0.04002 0.57147
1403638528.8778295517 0.21377 -0.17764 0.18576 -0.00212 0.81889 -0.04790 0.57195
1403638528.9778294563 0.21477 -0.16870 0.19879 -0.00872 0.81874 -0.05468 0.57149
1403638529.0778295994 0.19707 -0.16055 0.21588 -0.00707 0.81958 -0.05624 0.57015
1403638529.1778295040 0.16884 -0.14448 0.22581 0.01046 0.82054 -0.04972 0.56932
1403638529.2778294086 0.13395 -0.12423 0.22446 0.02274 0.82245 -0.04408 0.56668
1403638529.3778295517 0.09598 -0.10217 0.21222 0.02750 0.82751 -0.04003 0.55934
1403638529.4778294563 0.06399 -0.08425 0.19083 0.02650 0.83748 -0.03767 0.54452
1403638529.5778295994 0.03893 -0.07166 0.16543 0.02459 0.84751 -0.03490 0.52906
1403638529.6778295040 0.01881 -0.06818 0.14016 0.02628 0.85099 -0.03209 0.52354
1403638529.7778294086 0.00876 -0.05995 0.11665 0.02578 0.84735 -0.03158 0.52946
1403638529.8778295517 0.00414 -0.05201 0.09521 0.02468 0.84091 -0.03295 0.53960
1403638529.9778294563 0.00084 -0.04550 0.07961 0.02511 0.83827 -0.03382 0.54363
1403638530.0778295994 0.00852 -0.04372 0.06882 0.02610 0.83972 -0.03466 0.54129
1403638530.1778295040 0.02132 -0.04407 0.05926 0.02724 0.84143 -0.03918 0.53825
1403638530.2778294086 0.03640 -0.04572 0.04907 0.02969 0.84097 -0.04540 0.53836
1403638530.3778295517 0.04981 -0.04913 0.03920 0.03249 0.84027 -0.05080 0.53881
1403638530.4778294563 0.06163 -0.05302 0.03176 0.03320 0.83996 -0.05498 0.53884
1403638530.5778295994 0.06935 -0.05738 0.02622 0.03287 0.83997 -0.05856 0.53847
1403638530.6778295040 0.07362 -0.06090 0.02125 0.03436 0.84298 -0.06096 0.53338
1403638530.7778294086 0.07674 -0.06311 0.01579 0.03464 0.84635 -0.06264 0.52780
1403638530.8778295517 0.07883 -0.06449 0.01141 0.03303 0.84704 -0.06221 0.52684
1403638530.9778294563 0.08043 -0.06497 0.00813 0.03202 0.84473 -0.06238 0.53058
1403638531.0778295994 0.08052 -0.06465 0.00616 0.03293 0.84130 -0.06115 0.53609
1403638531.1778295040 0.08046 -0.06292 0.00686 0.03352 0.83920 -0.05898 0.53957
1403638531.2778294086 0.08082 -0.06184 0.00538 0.03630 0.83805 -0.05765 0.54132
1403638531.3778295517 0.08066 -0.06101 0.00508 0.03603 0.83694 -0.05772 0.54305
1403638531.4778294563 0.08046 -0.06138 0.00520 0.03620 0.83594 -0.05813 0.54453
1403638531.5778295994 0.08029 -0.06146 0.00507 0.03681 0.83625 -0.05706 0.54413
1403638531.6778295040 0.08027 -0.06126 0.00496 0.03614 0.83631 -0.05771 0.54401
1403638531.7778294086 0.08035 -0.06134 0.00497 0.03657 0.83624 -0.05783 0.54408
1403638531.8778295517 0.08031 -0.06136 0.00494 0.03673 0.83628 -0.05774 0.54402
1403638531.9778294563 0.08034 -0.06144 0.00493 0.03704 0.83625 -0.05782 0.54403
1403638532.0778295994 0.08033 -0.06147 0.00489 0.03723 0.83623 -0.05773 0.54405
1403638532.1778295040 0.08035 -0.06146 0.00488 0.03722 0.83620 -0.05785 0.54409
1403638532.2778294086 0.08035 -0.06144 0.00488 0.03713 0.83617 -0.05805 0.54412
1403638532.3778295517 0.08035 -0.06143 0.00486 0.03707 0.83614 -0.05810 0.54417
1403638532.4778294563 0.08036 -0.06145 0.00487 0.03705 0.83610 -0.05822 0.54422
1403638532.5778295994 0.08035 -0.06144 0.00485 0.03708 0.83611 -0.05827 0.54419
1403638532.6778295040 0.08038 -0.06148 0.00486 0.03718 0.83607 -0.05829 0.54425
1403638532.7778294086 0.08035 -0.06149 0.00486 0.03728 0.83609 -0.05819 0.54422
1403638532.8778295517 0.08036 -0.06149 0.00486 0.03736 0.83608 -0.05823 0.54423
1403638532.9778294563 0.08036 -0.06151 0.00487 0.03736 0.83605 -0.05824 0.54428
1403638533.0778295994 0.08035 -0.06151 0.00486 0.03738 0.83604 -0.05827 0.54428
1403638533.1778295040 0.08036 -0.06152 0.00486 0.03738 0.83600 -0.05833 0.54434
1403638533.2778294086 0.08035 -0.06152 0.00485 0.03738 0.83597 -0.05837 0.54438
1403638533.3778295517 0.08035 -0.06153 0.00485 0.03745 0.83596 -0.05835 0.54439
1403638533.4778294563 0.08037 -0.06155 0.00486 0.03743 0.83594 -0.05837 0.54442
1403638533.5778295994 0.08035 -0.06153 0.00485 0.03742 0.83593 -0.05840 0.54443
1403638533.6778295040 0.08036 -0.06153 0.00486 0.03741 0.83591 -0.05846 0.54447
1403638533.7778294086 0.08035 -0.06153 0.00485 0.03743 0.83589 -0.05850 0.54449
1403638533.8778295517 0.08037 -0.06150 0.00485 0.03721 0.83592 -0.05823 0.54448
1403638533.9778294563 0.08039 -0.06154 0.00485 0.03734 0.83591 -0.05847 0.54446
1403638534.0778295994 0.08032 -0.06156 0.00484 0.03773 0.83583 -0.05885 0.54452
1403638534.1778295040 0.08035 -0.06158 0.00487 0.03741 0.83586 -0.05869 0.54451
1403638534.2778294086 0.08035 -0.06152 0.00490 0.03717 0.83594 -0.05858 0.54442
1403638534.3778295517 0.08037 -0.06151 0.00490 0.03720 0.83594 -0.05862 0.54442
1403638534.4778294563 0.08038 -0.06156 0.00487 0.03733 0.83595 -0.05889 0.54436
1403638534.5778295994 0.08037 -0.06153 0.00489 0.03713 0.83604 -0.05857 0.54427
1403638534.6778295040 0.08041 -0.06147 0.00491 0.03691 0.83602 -0.05835 0.54433
1403638534.7778294086 0.08039 -0.06150 0.00492 0.03701 0.83601 -0.05826 0.54435
1403638534.8778295517 0.08038 -0.06154 0.00491 0.03731 0.83595 -0.05844 0.54440
1403638534.9778294563 0.08038 -0.06159 0.00492 0.03739 0.83597 -0.05850 0.54436
1403638535.0778295994 0.08038 -0.06158 0.00492 0.03726 0.83602 -0.05849 0.54429
1403638535.1778295040 0.08039 -0.06158 0.00491 0.03718 0.83599 -0.05853 0.54434
1403638535.2778294086 0.08038 -0.06158 0.00491 0.03713 0.83599 -0.05854 0.54435
1403638535.3778295517 0.08038 -0.06156 0.00494 0.03717 0.83597 -0.05852 0.54437
1403638535.4778294563 0.08038 -0.06157 0.00495 0.03723 0.83597 -0.05851 0.54438
1403638535.5778295994 0.08040 -0.06155 0.00495 0.03716 0.83598 -0.05844 0.54437
1403638535.6778295040 0.08040 -0.06154 0.00495 0.03708 0.83596 -0.05847 0.54440
1403638535.7778294086 0.08039 -0.06156 0.00494 0.03713 0.83594 -0.05848 0.54443
1403638535.8778295517 0.08040 -0.06156 0.00495 0.03705 0.83595 -0.05843 0.54443
1403638535.9778294563 0.08038 -0.06155 0.00496 0.03700 0.83598 -0.05842 0.54439
1403638536.0778295994 0.08040 -0.06155 0.00496 0.03696 0.83591 -0.05847 0.54449
1403638536.1778295040 0.08040 -0.06156 0.00497 0.03694 0.83589 -0.05849 0.54451
1403638536.2778294086 0.08041 -0.06156 0.00497 0.03697 0.83590 -0.05844 0.54452
1403638536.3778295517 0.08041 -0.06156 0.00497 0.03698 0.83585 -0.05845 0.54458
1403638536.4778294563 0.08041 -0.06155 0.00497 0.03697 0.83584 -0.05843 0.54460
1403638536.5778295994 0.08041 -0.06156 0.00497 0.03689 0.83585 -0.05843 0.54460
1403638536.6778295040 0.08041 -0.06156 0.00497 0.03688 0.83584 -0.05840 0.54462
1403638536.7778294086 0.08040 -0.06156 0.00497 0.03695 0.83580 -0.05846 0.54466
1403638536.8778295517 0.08040 -0.06156 0.00495 0.03688 0.83575 -0.05856 0.54473
1403638536.9778294563 0.08040 -0.06157 0.00497 0.03684 0.83576 -0.05862 0.54471
1403638537.0778295994 0.08043 -0.06154 0.00499 0.03682 0.83576 -0.05852 0.54473
1403638537.1778295040 0.08043 -0.06153 0.00500 0.03694 0.83571 -0.05849 0.54480
1403638537.2778294086 0.08043 -0.06153 0.00502 0.03704 0.83573 -0.05842 0.54477
1403638537.3778295517 0.08043 -0.06154 0.00501 0.03700 0.83571 -0.05839 0.54480
1403638537.4778294563 0.08044 -0.06153 0.00502 0.03695 0.83570 -0.05838 0.54483
1403638537.5778295994 0.08044 -0.06152 0.00506 0.03700 0.83571 -0.05828 0.54482
1403638537.6778295040 0.08045 -0.06153 0.00509 0.03705 0.83572 -0.05830 0.54479
1403638537.7778294086 0.08045 -0.06153 0.00508 0.03702 0.83569 -0.05833 0.54483
1403638537.8778295517 0.08048 -0.06151 0.00511 0.03705 0.83570 -0.05820 0.54483
1403638537.9778294563 0.08046 -0.06151 0.00512 0.03707 0.83567 -0.05831 0.54487
1403638538.0778295994 0.08046 -0.06151 0.00514 0.03709 0.83565 -0.05835 0.54489
1403638538.1778295040 0.08046 -0.06153 0.00516 0.03713 0.83562 -0.05835 0.54493
1403638538.2778294086 0.08055 -0.06148 0.00517 0.03703 0.83560 -0.05817 0.54499
1403638538.3778295517 0.08050 -0.06151 0.00520 0.03721 0.83555 -0.05818 0.54506
1403638538.4778294563 0.08048 -0.06152 0.00525 0.03722 0.83555 -0.05818 0.54505
1403638538.5778295994 0.08052 -0.06153 0.00529 0.03748 0.83551 -0.05824 0.54509
1403638538.6778295040 0.08051 -0.06152 0.00534 0.03732 0.83535 -0.05835 0.54534
1403638538.7778294086 0.08061 -0.06158 0.00567 0.03714 0.83458 -0.05818 0.54655
1403638538.8778295517 0.08200 -0.06118 0.00609 0.03641 0.83359 -0.05767 0.54816
1403638538.9778294563 0.08539 -0.06103 0.00858 0.03737 0.82888 -0.05710 0.55525
1403638539.0778295994 0.08967 -0.06088 0.01215 0.03907 0.82321 -0.05862 0.56335
1403638539.1778295040 0.09730 -0.06074 0.01990 0.03829 0.81802 -0.05899 0.57088
1403638539.2778294086 0.10609 -0.06070 0.03530 0.03822 0.81433 -0.05827 0.57621
1403638539.3778295517 0.11439 -0.06068 0.05837 0.03785 0.81530 -0.05771 0.57491
1403638539.4778294563 0.12357 -0.06145 0.08758 0.03749 0.81740 -0.05666 0.57206
1403638539.5778295994 0.13391 -0.06296 0.11939 0.03705 0.81841 -0.05523 0.57077
1403638539.6778295040 0.14526 -0.06425 0.14612 0.03547 0.81903 -0.05483 0.57002
1403638539.7778294086 0.15536 -0.06487 0.16208 0.03590 0.82028 -0.05304 0.56837
1403638539.8778295517 0.16787 -0.06468 0.17067 0.03503 0.82285 -0.05247 0.56475
1403638539.9778294563 0.18304 -0.06474 0.17796 0.03329 0.82742 -0.05220 0.55816
1403638540.0778295994 0.20254 -0.06580 0.18489 0.03311 0.83330 -0.05208 0.54936
1403638540.1778295040 0.22717 -0.06704 0.19189 0.03285 0.83725 -0.05185 0.54336
1403638540.2778294086 0.26078 -0.06701 0.20853 0.03352 0.83286 -0.05058 0.55015
1403638540.3778295517 0.29909 -0.06831 0.21518 0.03417 0.82687 -0.04853 0.55925
1403638540.4778294563 0.34143 -0.06869 0.22175 0.03099 0.82462 -0.04254 0.56323
1403638540.5778295994 0.38836 -0.06806 0.22670 0.02379 0.82489 -0.03109 0.56394
1403638540.6778295040 0.43780 -0.06680 0.23183 0.01551 0.82510 -0.01396 0.56460
1403638540.7778294086 0.48920 -0.06338 0.23611 0.00765 0.82431 0.00998 0.56600
1403638540.8778295517 0.54182 -0.05690 0.23932 -0.00259 0.82368 0.03791 0.56578
1403638540.9778294563 0.59476 -0.04565 0.24103 -0.01627 0.82218 0.06413 0.56536
1403638541.0778295994 0.64840 -0.03076 0.24038 -0.03002 0.82006 0.08356 0.56535
1403638541.1778295040 0.70430 -0.01276 0.23478 -0.03968 0.81835 0.09675 0.56512
1403638541.2778294086 0.75963 0.01048 0.22681 -0.04470 0.81761 0.10547 0.56426
1403638541.3778295517 0.81542 0.03861 0.22670 -0.04761 0.81744 0.10904 0.56359
1403638541.4778294563 0.87053 0.07149 0.23295 -0.04865 0.81716 0.10922 0.56387
1403638541.5778295994 0.92415 0.11028 0.24533 -0.04799 0.81556 0.10988 0.56611
1403638541.6778295040 0.98034 0.15684 0.26680 -0.05221 0.81369 0.11298 0.56782
1403638541.7778294086 1.03337 0.20777 0.29265 -0.06252 0.81227 0.11882 0.56761
1403638541.8778295517 1.08300 0.26368 0.32724 -0.07473 0.81076 0.12797 0.56632
1403638541.9778294563 1.12963 0.32107 0.35820 -0.08698 0.80960 0.14263 0.56270
1403638542.0778295994 1.17492 0.38000 0.38268 -0.10149 0.80742 0.16004 0.55871
1403638542.1778295040 1.21722 0.43885 0.40080 -0.11752 0.80349 0.18039 0.55503
1403638542.2778294086 1.26037 0.50032 0.41294 -0.13282 0.79935 0.20399 0.54935
1403638542.3778295517 1.30262 0.56115 0.42137 -0.14688 0.79151 0.22599 0.54851
1403638542.4778294563 1.34239 0.61987 0.42687 -0.15367 0.77782 0.24651 0.55733
1403638542.5778295994 1.38220 0.68024 0.42946 -0.14999 0.76573 0.26496 0.56654
1403638542.6778295040 1.41621 0.74355 0.43359 -0.15063 0.76233 0.27428 0.56651
1403638542.7778294086 1.44389 0.81192 0.44494 -0.15946 0.76649 0.27313 0.55899
1403638542.8778295517 1.46751 0.88618 0.46416 -0.16573 0.77193 0.26975 0.55126
1403638542.9778294563 1.48626 0.96176 0.49055 -0.16955 0.77657 0.26642 0.54517
1403638543.0778295994 1.50141 1.03666 0.51896 -0.17209 0.78020 0.26323 0.54072
1403638543.1778295040 1.51586 1.11206 0.54205 -0.17228 0.78144 0.26076 0.54007
1403638543.2778294086 1.53022 1.18899 0.56104 -0.17239 0.78179 0.25832 0.54069
1403638543.3778295517 1.54481 1.26740 0.57280 -0.17185 0.78290 0.25738 0.53971
1403638543.4778294563 1.56010 1.34781 0.58128 -0.17411 0.78183 0.26179 0.53842
1403638543.5778295994 1.57169 1.42775 0.58915 -0.17945 0.77869 0.27292 0.53569
1403638543.6778295040 1.58479 1.51035 0.59225 -0.18638 0.77293 0.29048 0.53241
1403638543.7778294086 1.59516 1.59212 0.59733 -0.19679 0.76477 0.31183 0.52836
1403638543.8778295517 1.60389 1.66671 0.60817 -0.20880 0.75459 0.33455 0.52448
1403638543.9778294563 1.61608 1.75238 0.62673 -0.22279 0.74607 0.35277 0.51894
1403638544.0778295994 1.62820 1.83773 0.64879 -0.23759 0.74211 0.36399 0.51023
1403638544.1778295040 1.64201 1.92577 0.67067 -0.24787 0.73905 0.37042 0.50513
1403638544.2778294086 1.65724 2.01840 0.68698 -0.25453 0.73650 0.37369 0.50313
1403638544.3778295517 1.67197 2.10656 0.69663 -0.25617 0.73580 0.37629 0.50138
1403638544.4778294563 1.68841 2.19785 0.70446 -0.25535 0.73631 0.37742 0.50020
1403638544.5778295994 1.70650 2.29101 0.71126 -0.25727 0.73363 0.37657 0.50378
1403638544.6778295040 1.72451 2.38759 0.72537 -0.26231 0.72714 0.37581 0.51110
1403638544.7778294086 1.74196 2.47820 0.74150 -0.26371 0.72629 0.37684 0.51084
1403638544.8778295517 1.75838 2.57323 0.75750 -0.26172 0.72951 0.37910 0.50556
1403638544.9778294563 1.77561 2.66290 0.76713 -0.26196 0.73033 0.37985 0.50370
1403638545.0778295994 1.79282 2.75211 0.77092 -0.26355 0.72908 0.37982 0.50470
1403638545.1778295040 1.80745 2.84408 0.77015 -0.26344 0.72863 0.38096 0.50454
1403638545.2778294086 1.82488 2.93156 0.76217 -0.26279 0.72801 0.38262 0.50452
1403638545.3778295517 1.84257 3.01803 0.75000 -0.26465 0.72536 0.38175 0.50802
1403638545.4778294563 1.85569 3.09984 0.73504 -0.26697 0.72520 0.38280 0.50624
1403638545.5778295994 1.87111 3.18582 0.72255 -0.27114 0.72295 0.38941 0.50218
1403638545.6778295040 1.88379 3.26750 0.71740 -0.28006 0.71728 0.40094 0.49630
1403638545.7778294086 1.89654 3.34711 0.71924 -0.28907 0.70937 0.41750 0.48879
1403638545.8778295517 1.90971 3.42756 0.72763 -0.30007 0.69860 0.43697 0.48060
1403638545.9778294563 1.92407 3.51106 0.74275 -0.30990 0.68602 0.45886 0.47199
1403638546.0778295994 1.94007 3.60091 0.76057 -0.31628 0.67401 0.47769 0.46636
1403638546.1778295040 1.95687 3.69110 0.77286 -0.32382 0.66534 0.48987 0.46097
1403638546.2778294086 1.97268 3.78471 0.77817 -0.32874 0.66063 0.49741 0.45616
1403638546.3778295517 1.98767 3.87948 0.77843 -0.33499 0.65911 0.49959 0.45140
1403638546.4778294563 2.00178 3.97548 0.77311 -0.33770 0.65879 0.50085 0.44846
1403638546.5778295994 2.01519 4.07248 0.76781 -0.33873 0.65675 0.50406 0.44707
1403638546.6778295040 2.02723 4.16918 0.76857 -0.34231 0.65190 0.50990 0.44481
1403638546.7778294086 2.03842 4.27177 0.77883 -0.34483 0.64731 0.51560 0.44299
1403638546.8778295517 2.04804 4.37451 0.79759 -0.34563 0.64360 0.52056 0.44197
1403638546.9778294563 2.05678 4.48065 0.81422 -0.34443 0.64028 0.52500 0.44248
1403638547.0778295994 2.06552 4.58799 0.82552 -0.34240 0.63780 0.52828 0.44373
1403638547.1778295040 2.06885 4.69872 0.82689 -0.33959 0.63569 0.53159 0.44497
1403638547.2778294086 2.07030 4.80796 0.82774 -0.33765 0.63430 0.53307 0.44664
1403638547.3778295517 2.06268 4.91617 0.81999 -0.34100 0.63565 0.53093 0.44472
1403638547.4778294563 2.05600 5.02771 0.81408 -0.34557 0.63883 0.52720 0.44106
1403638547.5778295994 2.04682 5.13871 0.80285 -0.34866 0.64227 0.52382 0.43764
1403638547.6778295040 2.03115 5.24286 0.78256 -0.34958 0.64333 0.52237 0.43709
1403638547.7778294086 2.01916 5.35786 0.76255 -0.34746 0.64274 0.52290 0.43901
1403638547.8778295517 2.00057 5.46203 0.73538 -0.34421 0.63975 0.52510 0.44330
1403638547.9778294563 1.98386 5.58090 0.71235 -0.34432 0.63965 0.52542 0.44298
1403638548.0778295994 1.96102 5.68877 0.69465 -0.34720 0.63912 0.52778 0.43867
1403638548.1778295040 1.94073 5.81641 0.68878 -0.35154 0.63536 0.53317 0.43413
1403638548.2778294086 1.91609 5.93680 0.69023 -0.35819 0.62891 0.54164 0.42754
1403638548.3778295517 1.89070 6.05992 0.70082 -0.36589 0.61942 0.55304 0.42023
1403638548.4778294563 1.86546 6.17849 0.71918 -0.37409 0.60973 0.56364 0.41303
1403638548.5778295994 1.84070 6.30026 0.73674 -0.38065 0.60176 0.57151 0.40788
1403638548.6778295040 1.81768 6.41727 0.75057 -0.38557 0.59620 0.57696 0.40372
1403638548.7778294086 1.79399 6.54367 0.76081 -0.38828 0.59234 0.58092 0.40112
1403638548.8778295517 1.76918 6.67211 0.77601 -0.38955 0.59023 0.58356 0.39918
1403638548.9778294563 1.74424 6.79853 0.79846 -0.39094 0.58918 0.58450 0.39798
1403638549.0778295994 1.71771 6.92782 0.82457 -0.39142 0.58892 0.58493 0.39727
1403638549.1778295040 1.69117 7.05627 0.85719 -0.39258 0.58890 0.58395 0.39760
1403638549.2778294086 1.66422 7.18701 0.89526 -0.39326 0.58979 0.58298 0.39703
1403638549.3778295517 1.63701 7.32150 0.93772 -0.39544 0.59136 0.58058 0.39605
1403638549.4778294563 1.61041 7.45497 0.97720 -0.39724 0.59282 0.57846 0.39515
1403638549.5778295994 1.58335 7.59472 1.01176 -0.39851 0.59298 0.57668 0.39624
1403638549.6778295040 1.55871 7.73050 1.04090 -0.39982 0.59249 0.57515 0.39787
1403638549.7778294086 1.53427 7.87225 1.07119 -0.39813 0.59275 0.57562 0.39849
1403638549.8778295517 1.51197 8.00879 1.10671 -0.39713 0.59426 0.57580 0.39699
1403638549.9778294563 1.48685 8.15922 1.15263 -0.39670 0.59522 0.57580 0.39598
1403638550.0778295994 1.46550 8.30300 1.20515 -0.39700 0.59554 0.57557 0.39553
1403638550.1778295040 1.44521 8.45179 1.26501 -0.39775 0.59606 0.57542 0.39420
1403638550.2778294086 1.42735 8.60087 1.33193 -0.39722 0.59563 0.57628 0.39414
1403638550.3778295517 1.41001 8.75191 1.40040 -0.39729 0.59468 0.57666 0.39495
1403638550.4778294563 1.39557 8.90199 1.46351 -0.39996 0.59527 0.57513 0.39360
1403638550.5778295994 1.38330 9.05372 1.51513 -0.40387 0.59597 0.57275 0.39201
1403638550.6778295040 1.37491 9.20215 1.56082 -0.40883 0.59439 0.56936 0.39420
1403638550.7778294086 1.37078 9.34606 1.60214 -0.41187 0.59365 0.56717 0.39530
1403638550.8778295517 1.37111 9.48757 1.63975 -0.41783 0.58993 0.56290 0.40068
1403638550.9778294563 1.37204 9.63329 1.67557 -0.42347 0.58583 0.55838 0.40704
1403638551.0778295994 1.37598 9.76212 1.70530 -0.42717 0.58337 0.55548 0.41066
1403638551.1778295040 1.38213 9.88973 1.73735 -0.43152 0.58386 0.55267 0.40921
1403638551.2778294086 1.39336 10.00616 1.77265 -0.43217 0.58561 0.55156 0.40753
1403638551.3778295517 1.41114 10.12060 1.81659 -0.42743 0.59331 0.54858 0.40539
1403638551.4778294563 1.43447 10.22124 1.85153 -0.42002 0.60590 0.53934 0.40692
1403638551.5778295994 1.46618 10.32512 1.88545 -0.41384 0.62109 0.52314 0.41149
1403638551.6778295040 1.50281 10.42700 1.91309 -0.40698 0.63818 0.50476 0.41510
1403638551.7778294086 1.54902 10.52884 1.93684 -0.39776 0.65244 0.48635 0.42375
1403638551.8778295517 1.60396 10.62558 1.95642 -0.38764 0.66313 0.47084 0.43393
1403638551.9778294563 1.66688 10.71447 1.97903 -0.37577 0.66657 0.46319 0.44714
1403638552.0778295994 1.73540 10.79194 2.00834 -0.36626 0.66812 0.45820 0.45774
1403638552.1778295040 1.80691 10.85913 2.04190 -0.36040 0.67301 0.45513 0.45828
1403638552.2778294086 1.88259 10.92348 2.08183 -0.35626 0.67698 0.45418 0.45662
1403638552.3778295517 1.96144 10.98132 2.12078 -0.35827 0.67802 0.45134 0.45631
1403638552.4778294563 2.04403 11.03387 2.15306 -0.36552 0.67441 0.44582 0.46132
1403638552.5778295994 2.12951 11.07336 2.18124 -0.37109 0.67069 0.44238 0.46558
1403638552.6778295040 2.21866 11.10600 2.20313 -0.37172 0.66837 0.44362 0.46723
1403638552.7778294086 2.31075 11.12845 2.21814 -0.37113 0.66768 0.44589 0.46652
1403638552.8778295517 2.40677 11.14881 2.22793 -0.36900 0.66629 0.44984 0.46641
1403638552.9778294563 2.50505 11.15607 2.23418 -0.36469 0.66389 0.45591 0.46734
1403638553.0778295994 2.60528 11.16426 2.23442 -0.36102 0.66161 0.46132 0.46810
1403638553.1778295040 2.70444 11.16127 2.23308 -0.36647 0.65774 0.46000 0.47062
1403638553.2778294086 2.80544 11.15807 2.23217 -0.37375 0.65203 0.45676 0.47595
1403638553.3778295517 2.90480 11.14000 2.23615 -0.37540 0.64680 0.45761 0.48095
1403638553.4778294563 3.00394 11.11302 2.24547 -0.37193 0.64130 0.46119 0.48754
1403638553.5778295994 3.09976 11.07573 2.26108 -0.36887 0.63699 0.46421 0.49263
1403638553.6778295040 3.19457 11.02701 2.28075 -0.36668 0.63600 0.46657 0.49331
1403638553.7778294086 3.28686 10.96768 2.30913 -0.36485 0.63644 0.46851 0.49226
1403638553.8778295517 3.36969 10.89763 2.34238 -0.36261 0.63822 0.47002 0.49016
1403638553.9778294563 3.45546 10.82631 2.38039 -0.36192 0.64123 0.47051 0.48627
1403638554.0778295994 3.52891 10.74103 2.40900 -0.36037 0.64451 0.47143 0.48218
1403638554.1778295040 3.61142 10.66224 2.43927 -0.35556 0.64733 0.47519 0.47826
1403638554.2778294086 3.68266 10.57014 2.45596 -0.34761 0.65314 0.48104 0.47029
1403638554.3778295517 3.75800 10.48607 2.47465 -0.34171 0.65634 0.48564 0.46541
1403638554.4778294563 3.82786 10.40116 2.48926 -0.33902 0.65775 0.48783 0.46308
1403638554.5778295994 3.89327 10.31690 2.49924 -0.34011 0.65864 0.48751 0.46135
1403638554.6778295040 3.95642 10.22943 2.50726 -0.34600 0.66089 0.48371 0.45775
1403638554.7778294086 4.01943 10.14666 2.52327 -0.35093 0.66157 0.48047 0.45642
1403638554.8778295517 4.08364 10.06146 2.54300 -0.35399 0.66172 0.47850 0.45592
1403638554.9778294563 4.14960 9.97694 2.56383 -0.35654 0.66243 0.47530 0.45624
1403638555.0778295994 4.21689 9.89791 2.57907 -0.35292 0.66568 0.47105 0.45874
1403638555.1778295040 4.28494 9.81081 2.58702 -0.34626 0.67179 0.46441 0.46165
1403638555.2778294086 4.35662 9.73094 2.59340 -0.34014 0.67809 0.45643 0.46494
1403638555.3778295517 4.42883 9.64805 2.59394 -0.33305 0.68135 0.45174 0.46986
1403638555.4778294563 4.50164 9.56313 2.59039 -0.32725 0.68350 0.44868 0.47374
1403638555.5778295994 4.57471 9.47706 2.58518 -0.32490 0.68487 0.44599 0.47591
1403638555.6778295040 4.64811 9.38914 2.58547 -0.32428 0.68661 0.44429 0.47541
1403638555.7778294086 4.71935 9.30053 2.59449 -0.32333 0.68779 0.44444 0.47421
1403638555.8778295517 4.79012 9.21082 2.61183 -0.32266 0.68779 0.44543 0.47374
1403638555.9778294563 4.86248 9.12421 2.63420 -0.32142 0.68649 0.44707 0.47493
1403638556.0778295994 4.93557 9.03935 2.66163 -0.31990 0.68659 0.44842 0.47453
1403638556.1778295040 5.00734 8.96055 2.68349 -0.31898 0.69093 0.44897 0.46828
1403638556.2778294086 5.08131 8.88142 2.70093 -0.31750 0.69419 0.45004 0.46342
1403638556.3778295517 5.15492 8.81172 2.71247 -0.31628 0.69632 0.45082 0.46029
1403638556.4778294563 5.23301 8.73907 2.72401 -0.31387 0.69939 0.45214 0.45598
1403638556.5778295994 5.31004 8.68186 2.73363 -0.31341 0.70236 0.45177 0.45207
1403638556.6778295040 5.39015 8.62987 2.74496 -0.32091 0.70492 0.44568 0.44886
1403638556.7778294086 5.47662 8.57190 2.76616 -0.32754 0.70176 0.44092 0.45370
1403638556.8778295517 5.56530 8.52466 2.79239 -0.33341 0.70028 0.43664 0.45585
1403638556.9778294563 5.66003 8.47823 2.82216 -0.33694 0.69882 0.43405 0.45795
1403638557.0778295994 5.76133 8.43158 2.84573 -0.33569 0.69733 0.43550 0.45977
1403638557.1778295040 5.86698 8.38516 2.86194 -0.33425 0.69569 0.43711 0.46177
1403638557.2778294086 5.97416 8.33896 2.87144 -0.33330 0.69459 0.43822 0.46305
1403638557.3778295517 6.08358 8.29361 2.87600 -0.33088 0.69336 0.44036 0.46459
1403638557.4778294563 6.19480 8.24906 2.88291 -0.32548 0.69032 0.44480 0.46869
1403638557.5778295994 6.30635 8.20420 2.89584 -0.32106 0.68790 0.44797 0.47227
1403638557.6778295040 6.41840 8.16008 2.91380 -0.31860 0.68669 0.44992 0.47384
1403638557.7778294086 6.52869 8.11678 2.93484 -0.31862 0.68637 0.44960 0.47459
1403638557.8778295517 6.63659 8.07338 2.95044 -0.31571 0.68632 0.45100 0.47527
1403638557.9778294563 6.74580 8.02931 2.96116 -0.31294 0.68754 0.45265 0.47379
1403638558.0778295994 6.85390 7.98656 2.96625 -0.31190 0.69127 0.45343 0.46826
1403638558.1778295040 6.96200 7.94613 2.96853 -0.30892 0.69705 0.45497 0.46010
1403638558.2778294086 7.07148 7.91067 2.97631 -0.30531 0.70117 0.45669 0.45451
1403638558.3778295517 7.18245 7.88301 2.99424 -0.30055 0.70249 0.45944 0.45288
1403638558.4778294563 7.29192 7.86225 3.01972 -0.29413 0.70614 0.46309 0.44767
1403638558.5778295994 7.40262 7.85117 3.05240 -0.29531 0.70872 0.46177 0.44416
1403638558.6778295040 7.51515 7.85057 3.09078 -0.30356 0.70951 0.45523 0.44409
1403638558.7778294086 7.63216 7.85700 3.12991 -0.31138 0.70922 0.44910 0.44537
1403638558.8778295517 7.75428 7.86775 3.16008 -0.31404 0.70798 0.44692 0.44768
1403638558.9778294563 7.87926 7.88334 3.18310 -0.31596 0.70320 0.44565 0.45506
1403638559.0778295994 8.00547 7.90212 3.19791 -0.31668 0.69875 0.44544 0.46158
1403638559.1778295040 8.13312 7.92397 3.20589 -0.31707 0.69533 0.44582 0.46608
1403638559.2778294086 8.25920 7.94741 3.20713 -0.31508 0.69248 0.44813 0.46944
1403638559.3778295517 8.38499 7.97126 3.20217 -0.31151 0.69015 0.45137 0.47214
1403638559.4778294563 8.51077 7.99651 3.19395 -0.30948 0.68781 0.45357 0.47478
1403638559.5778295994 8.63155 8.02282 3.18048 -0.30846 0.68563 0.45508 0.47714
1403638559.6778295040 8.74887 8.05154 3.16387 -0.30912 0.68458 0.45524 0.47807
1403638559.7778294086 8.86113 8.08118 3.15054 -0.30947 0.68373 0.45592 0.47842
1403638559.8778295517 8.96918 8.11367 3.14235 -0.31077 0.68451 0.45515 0.47719
1403638559.9778294563 9.07665 8.14757 3.13539 -0.30963 0.68809 0.44924 0.47839
1403638560.0778295994 9.18481 8.18246 3.12279 -0.30426 0.69603 0.43642 0.48219
1403638560.1778295040 9.29163 8.21696 3.10306 -0.29453 0.70584 0.41839 0.48989
1403638560.2778294086 9.39656 8.25190 3.07804 -0.28224 0.71673 0.39725 0.49883
1403638560.3778295517 9.49942 8.28552 3.05116 -0.27106 0.72465 0.37299 0.51214
1403638560.4778294563 9.59822 8.31682 3.02085 -0.25839 0.73277 0.34786 0.52467
1403638560.5778295994 9.69188 8.34323 2.98611 -0.24711 0.74209 0.32099 0.53404
1403638560.6778295040 9.78212 8.36541 2.94755 -0.23744 0.75269 0.29301 0.53965
1403638560.7778294086 9.86871 8.38058 2.91252 -0.23021 0.76156 0.26741 0.54362
1403638560.8778295517 9.95407 8.38821 2.88545 -0.21948 0.76810 0.24458 0.54958
1403638560.9778294563 10.04012 8.38943 2.86613 -0.20726 0.77245 0.22363 0.55710
1403638561.0778295994 10.12341 8.38249 2.85513 -0.19506 0.77506 0.20374 0.56545
1403638561.1778295040 10.20253 8.36669 2.85060 -0.18422 0.77647 0.18607 0.57318
1403638561.2778294086 10.27781 8.34377 2.85258 -0.17744 0.77677 0.17271 0.57906
1403638561.3778295517 10.34696 8.31303 2.85707 -0.16847 0.78137 0.16800 0.57694
1403638561.4778294563 10.41012 8.27518 2.85816 -0.15495 0.78718 0.17166 0.57172
1403638561.5778295994 10.47246 8.23436 2.85343 -0.14543 0.79059 0.17648 0.56804
1403638561.6778295040 10.53235 8.19222 2.84395 -0.14172 0.79221 0.17942 0.56580
1403638561.7778294086 10.58772 8.14852 2.82893 -0.14082 0.79235 0.18172 0.56510
1403638561.8778295517 10.64055 8.10313 2.80722 -0.13832 0.79170 0.18236 0.56642
1403638561.9778294563 10.69013 8.05652 2.78220 -0.13317 0.79269 0.17799 0.56766
1403638562.0778295994 10.73757 8.00892 2.75857 -0.12580 0.79449 0.16927 0.56949
1403638562.1778295040 10.77788 7.95980 2.74246 -0.11815 0.79639 0.15952 0.57128
1403638562.2778294086 10.81745 7.91260 2.73093 -0.11164 0.79746 0.15126 0.57333
1403638562.3778295517 10.85349 7.86491 2.72603 -0.10561 0.79841 0.13934 0.57616
1403638562.4778294563 10.88596 7.81566 2.72543 -0.09768 0.80081 0.12332 0.57788
1403638562.5778295994 10.91624 7.76669 2.73216 -0.08804 0.80323 0.10321 0.58002
1403638562.6778295040 10.94456 7.71602 2.74330 -0.07924 0.80614 0.07903 0.58105
1403638562.7778294086 10.97079 7.66330 2.75571 -0.07036 0.80784 0.05277 0.58281
1403638562.8778295517 10.99285 7.60709 2.76405 -0.05682 0.80913 0.02814 0.58420
1403638562.9778294563 11.01087 7.54742 2.76626 -0.04224 0.80994 0.00546 0.58497
1403638563.0778295994 11.02462 7.48470 2.76331 -0.03314 0.80989 -0.01866 0.58535
1403638563.1778295040 11.03101 7.41796 2.75649 -0.02109 0.80978 -0.03842 0.58510
1403638563.2778294086 11.03362 7.34655 2.74563 -0.00949 0.80670 -0.05224 0.58858
1403638563.3778295517 11.02917 7.27185 2.72994 -0.00277 0.79896 -0.06196 0.59817
1403638563.4778294563 11.01767 7.19408 2.70828 -0.00134 0.79291 -0.06897 0.60542
1403638563.5778295994 11.00026 7.11050 2.68616 0.00430 0.79351 -0.06867 0.60465
1403638563.6778295040 10.97636 7.02268 2.66999 0.00448 0.79706 -0.06873 0.59996
1403638563.7778294086 10.94723 6.92884 2.66075 0.00141 0.79936 -0.06903 0.59688
1403638563.8778295517 10.91283 6.83092 2.66016 -0.00175 0.79902 -0.06808 0.59744
1403638563.9778294563 10.87430 6.72738 2.66541 -0.00536 0.79802 -0.06634 0.59894
1403638564.0778295994 10.82715 6.61925 2.66858 -0.00981 0.79871 -0.06409 0.59821
1403638564.1778295040 10.77441 6.50569 2.66659 -0.01155 0.79869 -0.05938 0.59870
1403638564.2778294086 10.71994 6.38379 2.66198 -0.01086 0.79714 -0.05377 0.60130
1403638564.3778295517 10.65585 6.26124 2.66356 -0.01098 0.79579 -0.04867 0.60352
1403638564.4778294563 10.58834 6.13363 2.67181 -0.01035 0.79459 -0.04433 0.60544
1403638564.5778295994 10.50895 6.00469 2.68463 -0.01307 0.79640 -0.04383 0.60304
1403638564.6778295040 10.42570 5.87402 2.69693 -0.01815 0.79818 -0.04672 0.60033
1403638564.7778294086 10.33244 5.73867 2.70260 -0.02186 0.79880 -0.04978 0.59913
1403638564.8778295517 10.23893 5.59761 2.70189 -0.02403 0.79837 -0.05228 0.59942
1403638564.9778294563 10.13788 5.44677 2.68077 -0.02588 0.79785 -0.05393 0.59988
1403638565.0778295994 10.03354 5.29113 2.64601 -0.02707 0.79826 -0.05471 0.59921
1403638565.1778295040 9.92595 5.13201 2.59621 -0.02747 0.79905 -0.05500 0.59811
1403638565.2778294086 9.81504 4.96775 2.54040 -0.02576 0.80006 -0.05427 0.59691
1403638565.3778295517 9.70115 4.79912 2.48184 -0.02294 0.80110 -0.05307 0.59573
1403638565.4778294563 9.58428 4.62600 2.42279 -0.01990 0.80045 -0.05217 0.59679
1403638565.5778295994 9.46623 4.45105 2.37031 -0.01323 0.79834 -0.04995 0.59998
1403638565.6778295040 9.34293 4.27236 2.32648 -0.00140 0.79805 -0.04398 0.60099
1403638565.7778294086 9.21817 4.09562 2.28862 0.00769 0.80074 -0.03962 0.59764
1403638565.8778295517 9.08532 3.91946 2.25843 0.01498 0.80290 -0.03635 0.59482
1403638565.9778294563 8.94847 3.74587 2.23174 0.01748 0.80469 -0.03693 0.59229
1403638566.0778295994 8.80947 3.57566 2.19889 0.01906 0.80568 -0.03732 0.59087
1403638566.1778295040 8.66883 3.40781 2.15671 0.01701 0.80582 -0.03873 0.59064
1403638566.2778294086 8.52649 3.24289 2.10560 0.01761 0.80541 -0.03787 0.59125
1403638566.3778295517 8.38470 3.08036 2.04571 0.01782 0.80637 -0.03676 0.59000
1403638566.4778294563 8.24363 2.92063 1.97976 0.01442 0.80658 -0.03742 0.58976
1403638566.5778295994 8.10548 2.76719 1.90807 0.01367 0.80971 -0.03558 0.58559
1403638566.6778295040 7.96737 2.61755 1.82895 0.01286 0.81897 -0.03369 0.57270
1403638566.7778294086 7.83480 2.47253 1.74489 0.01211 0.83061 -0.03179 0.55582
1403638566.8778295517 7.71054 2.33115 1.65829 0.01044 0.83860 -0.03046 0.54380
1403638566.9778294563 7.59499 2.19266 1.56996 0.01039 0.84249 -0.02751 0.53790
1403638567.0778295994 7.48689 2.05744 1.48361 0.01005 0.83437 -0.02599 0.55049
1403638567.1778295040 7.38570 1.92352 1.39433 0.01190 0.82201 -0.02384 0.56885
1403638567.2778294086 7.28518 1.79052 1.30028 0.01487 0.81330 -0.02200 0.58123
1403638567.3778295517 7.18353 1.66142 1.20134 0.01770 0.81135 -0.02133 0.58390
1403638567.4778294563 7.07974 1.53605 1.10677 0.01957 0.81212 -0.02216 0.58275
1403638567.5778295994 6.97374 1.41302 1.01811 0.02093 0.81561 -0.02383 0.57773
1403638567.6778295040 6.86560 1.29029 0.93953 0.02430 0.81884 -0.02428 0.57299
1403638567.7778294086 6.76191 1.17479 0.87138 0.02637 0.82209 -0.02480 0.56821
1403638567.8778295517 6.66258 1.06392 0.81216 0.02564 0.82548 -0.02702 0.56320
1403638567.9778294563 6.57327 0.96074 0.76051 0.02567 0.82642 -0.02803 0.56177
1403638568.0778295994 6.48954 0.86250 0.71762 0.02874 0.82625 -0.02627 0.56195
1403638568.1778295040 6.41065 0.77024 0.68458 0.03084 0.82554 -0.02501 0.56295
1403638568.2778294086 6.33372 0.68167 0.65734 0.03188 0.82540 -0.02531 0.56308
1403638568.3778295517 6.26047 0.59675 0.62984 0.03198 0.82587 -0.02568 0.56236
1403638568.4778294563 6.19102 0.51833 0.59518 0.03252 0.82670 -0.02563 0.56112
1403638568.5778295994 6.12499 0.44184 0.55930 0.03345 0.82806 -0.02502 0.55908
1403638568.6778295040 6.06397 0.37205 0.51868 0.03483 0.82981 -0.02366 0.55645
1403638568.7778294086 6.00821 0.30791 0.48374 0.03446 0.83113 -0.02372 0.55450
1403638568.8778295517 5.95719 0.25133 0.45805 0.03250 0.83049 -0.02539 0.55551
1403638568.9778294563 5.91130 0.19756 0.43669 0.03444 0.82992 -0.02371 0.55631
1403638569.0778295994 5.86811 0.14782 0.42623 0.03595 0.82967 -0.02271 0.55663
1403638569.1778295040 5.82936 0.10244 0.41896 0.03657 0.83045 -0.02268 0.55543
1403638569.2778294086 5.79141 0.06154 0.41397 0.03865 0.83165 -0.02168 0.55353
1403638569.3778295517 5.76163 0.02661 0.40242 0.03952 0.83155 -0.02143 0.55363
1403638569.4778294563 5.73520 -0.00597 0.38617 0.04001 0.83010 -0.02101 0.55578
1403638569.5778295994 5.71673 -0.02919 0.36733 0.04071 0.82882 -0.02066 0.55765
1403638569.6778295040 5.70277 -0.04687 0.35398 0.03979 0.82769 -0.02160 0.55936
1403638569.7778294086 5.69188 -0.05904 0.34688 0.04072 0.82685 -0.02097 0.56055
1403638569.8778295517 5.68435 -0.06781 0.34440 0.04169 0.82560 -0.01990 0.56236
1403638569.9778294563 5.68007 -0.06952 0.34768 0.04045 0.82409 -0.02075 0.56463
1403638570.0778295994 5.67950 -0.06523 0.34859 0.03813 0.82351 -0.02228 0.56557
1403638570.1778295040 5.68126 -0.05681 0.34355 0.03319 0.82369 -0.02509 0.56552
1403638570.2778294086 5.68470 -0.04574 0.33256 0.02561 0.82317 -0.02975 0.56643
1403638570.3778295517 5.68987 -0.03328 0.31710 0.01931 0.82292 -0.03709 0.56662
1403638570.4778294563 5.69657 -0.02263 0.29568 0.01507 0.82242 -0.05270 0.56623
1403638570.5778295994 5.70049 -0.01629 0.26884 0.00810 0.81978 -0.07975 0.56704
1403638570.6778295040 5.70407 -0.01744 0.23763 0.00898 0.81458 -0.10902 0.56964
1403638570.7778294086 5.70664 -0.02819 0.20370 0.01629 0.80346 -0.13666 0.57923
1403638570.8778295517 5.70422 -0.04931 0.16775 0.02893 0.79174 -0.16117 0.58850
1403638570.9778294563 5.69488 -0.08074 0.12853 0.04444 0.78352 -0.18256 0.59228
1403638571.0778295994 5.67736 -0.12220 0.08501 0.06136 0.78070 -0.20169 0.58828
1403638571.1778295040 5.65001 -0.17193 0.04378 0.08288 0.78323 -0.21410 0.57779
1403638571.2778294086 5.61613 -0.22968 0.01198 0.10304 0.78443 -0.22049 0.57048
1403638571.3778295517 5.57510 -0.29121 -0.00964 0.11572 0.78369 -0.22589 0.56693
1403638571.4778294563 5.52866 -0.35610 -0.02179 0.12172 0.78080 -0.23065 0.56775
1403638571.5778295994 5.47720 -0.42414 -0.03048 0.12865 0.77833 -0.23485 0.56788
1403638571.6778295040 5.42199 -0.49508 -0.04331 0.13484 0.77795 -0.24418 0.56301
1403638571.7778294086 5.36370 -0.56967 -0.06139 0.14289 0.77731 -0.25752 0.55593
1403638571.8778295517 5.30361 -0.64762 -0.08366 0.15017 0.77424 -0.27512 0.54983
1403638571.9778294563 5.24047 -0.72998 -0.10246 0.15783 0.76811 -0.29497 0.54598
1403638572.0778295994 5.17467 -0.81535 -0.11321 0.16699 0.76110 -0.31409 0.54239
1403638572.1778295040 5.10445 -0.90458 -0.11486 0.18277 0.75419 -0.32917 0.53799
1403638572.2778294086 5.03074 -0.99654 -0.11173 0.19692 0.74981 -0.34567 0.52870
1403638572.3778295517 4.95627 -1.09186 -0.11067 0.21005 0.74487 -0.36390 0.51829
1403638572.4778294563 4.88227 -1.18992 -0.11263 0.22406 0.74081 -0.37692 0.50885
1403638572.5778295994 4.80916 -1.29251 -0.11594 0.23495 0.73695 -0.38548 0.50310
1403638572.6778295040 4.73830 -1.39768 -0.11815 0.24081 0.73511 -0.39083 0.49888
1403638572.7778294086 4.66944 -1.50861 -0.11257 0.24858 0.73648 -0.39053 0.49325
1403638572.8778295517 4.60492 -1.62239 -0.09901 0.25216 0.73889 -0.38978 0.48840
1403638572.9778294563 4.54366 -1.73989 -0.08051 0.25277 0.74100 -0.38873 0.48572
1403638573.0778295994 4.48703 -1.86041 -0.06631 0.25206 0.74303 -0.38747 0.48397
1403638573.1778295040 4.43483 -1.98288 -0.05862 0.25030 0.74460 -0.38625 0.48347
1403638573.2778294086 4.38762 -2.10763 -0.05147 0.24867 0.74598 -0.38423 0.48378
1403638573.3778295517 4.34267 -2.23692 -0.04501 0.24791 0.74671 -0.38331 0.48377
1403638573.4778294563 4.30672 -2.36757 -0.03288 0.25098 0.74683 -0.38342 0.48192
1403638573.5778295994 4.27446 -2.50302 -0.01525 0.25272 0.74670 -0.38371 0.48097
1403638573.6778295040 4.24826 -2.63881 0.01006 0.25565 0.74702 -0.38430 0.47845
1403638573.7778294086 4.22665 -2.77845 0.04042 0.26253 0.74338 -0.38772 0.47764
1403638573.8778295517 4.21203 -2.91875 0.07011 0.27609 0.73309 -0.39331 0.48131
1403638573.9778294563 4.20291 -3.05887 0.09460 0.28776 0.71765 -0.40684 0.48646
1403638574.0778295994 4.19669 -3.19601 0.11196 0.29341 0.69738 -0.42841 0.49401
1403638574.1778295040 4.19148 -3.32754 0.12297 0.29930 0.67520 -0.45245 0.49981
1403638574.2778294086 4.18470 -3.45551 0.12847 0.30862 0.65660 -0.47472 0.49827
1403638574.3778295517 4.16983 -3.57981 0.13023 0.32103 0.64332 -0.49461 0.48831
1403638574.4778294563 4.14789 -3.70223 0.12829 0.33449 0.63176 -0.51257 0.47568
1403638574.5778295994 4.12108 -3.82089 0.12991 0.34490 0.62115 -0.52667 0.46674
1403638574.6778295040 4.09008 -3.93767 0.13980 0.35676 0.61480 -0.53370 0.45815
1403638574.7778294086 4.05803 -4.05355 0.15548 0.36755 0.61468 -0.53616 0.44677
1403638574.8778295517 4.02595 -4.16993 0.17543 0.36885 0.61686 -0.54045 0.43742
1403638574.9778294563 3.99259 -4.28068 0.19043 0.36748 0.61928 -0.54364 0.43117
1403638575.0778295994 3.95913 -4.38841 0.19819 0.35994 0.61793 -0.54896 0.43272
1403638575.1778295040 3.92437 -4.49658 0.20002 0.35406 0.61529 -0.55223 0.43716
1403638575.2778294086 3.88746 -4.60815 0.20042 0.35058 0.61403 -0.55302 0.44072
1403638575.3778295517 3.84681 -4.72005 0.19412 0.34741 0.61743 -0.55293 0.43858
1403638575.4778294563 3.80409 -4.83421 0.18560 0.34560 0.62295 -0.55123 0.43432
1403638575.5778295994 3.75793 -4.95188 0.17540 0.34473 0.62801 -0.54860 0.43105
1403638575.6778295040 3.71048 -5.07480 0.17241 0.34825 0.63438 -0.54322 0.42568
1403638575.7778294086 3.66372 -5.19784 0.17784 0.34929 0.64095 -0.54009 0.41891
1403638575.8778295517 3.61895 -5.32569 0.19277 0.34922 0.64518 -0.53793 0.41524
1403638575.9778294563 3.57828 -5.45632 0.21875 0.34875 0.64552 -0.53713 0.41614
1403638576.0778295994 3.54032 -5.59418 0.25167 0.34941 0.64613 -0.53569 0.41649
1403638576.1778295040 3.50476 -5.74067 0.28961 0.35020 0.64456 -0.53521 0.41886
1403638576.2778294086 3.47321 -5.88953 0.32453 0.35425 0.64510 -0.53262 0.41794
1403638576.3778295517 3.44528 -6.04253 0.35307 0.35882 0.64665 -0.52960 0.41547
1403638576.4778294563 3.42266 -6.19939 0.37614 0.36266 0.64927 -0.52705 0.41128
1403638576.5778295994 3.40670 -6.35900 0.39395 0.36725 0.65335 -0.52411 0.40444
1403638576.6778295040 3.39895 -6.51729 0.40688 0.37046 0.65479 -0.52190 0.40203
1403638576.7778294086 3.39991 -6.67938 0.41544 0.37534 0.65239 -0.51823 0.40613
1403638576.8778295517 3.40783 -6.84196 0.41903 0.37800 0.64738 -0.51648 0.41384
1403638576.9778294563 3.42260 -7.00597 0.41823 0.37592 0.64102 -0.51829 0.42326
1403638577.0778295994 3.44298 -7.16826 0.41688 0.37158 0.63726 -0.52171 0.42855
1403638577.1778295040 3.46711 -7.32904 0.42314 0.36870 0.63448 -0.52384 0.43254
1403638577.2778294086 3.49399 -7.48419 0.43492 0.36909 0.63500 -0.52358 0.43175
1403638577.3778295517 3.52333 -7.64011 0.45563 0.37579 0.63919 -0.51863 0.42573
1403638577.4778294563 3.55668 -7.79352 0.48176 0.38018 0.64163 -0.51535 0.42212
1403638577.5778295994 3.59536 -7.94591 0.50411 0.37724 0.64164 -0.51711 0.42259
1403638577.6778295040 3.63922 -8.09686 0.52071 0.37386 0.64061 -0.51923 0.42455
1403638577.7778294086 3.68655 -8.24543 0.52954 0.37113 0.64015 -0.52076 0.42577
1403638577.8778295517 3.73797 -8.39378 0.53340 0.37080 0.64035 -0.52051 0.42606
1403638577.9778294563 3.79272 -8.53630 0.53353 0.37163 0.64088 -0.51912 0.42624
1403638578.0778295994 3.85230 -8.68357 0.54083 0.37053 0.64013 -0.51906 0.42839
1403638578.1778295040 3.91618 -8.82471 0.55378 0.36594 0.63714 -0.52154 0.43376
1403638578.2778294086 3.98075 -8.96579 0.57284 0.35743 0.63230 -0.52712 0.44112
1403638578.3778295517 4.04485 -9.10853 0.59221 0.35538 0.62995 -0.52878 0.44414
1403638578.4778294563 4.10649 -9.24864 0.60538 0.35556 0.62954 -0.52920 0.44406
1403638578.5778295994 4.16572 -9.38565 0.61397 0.35559 0.62898 -0.52991 0.44400
1403638578.6778295040 4.22385 -9.52571 0.61770 0.35805 0.62885 -0.52875 0.44359
1403638578.7778294086 4.27857 -9.65749 0.61931 0.36342 0.63138 -0.52534 0.43965
1403638578.8778295517 4.33590 -9.79472 0.61582 0.36853 0.63418 -0.52169 0.43570
1403638578.9778294563 4.39530 -9.92259 0.61274 0.37105 0.63552 -0.51962 0.43409
1403638579.0778295994 4.45688 -10.05636 0.61760 0.37150 0.63621 -0.51858 0.43394
1403638579.1778295040 4.51710 -10.17529 0.62993 0.37207 0.63627 -0.51770 0.43442
1403638579.2778294086 4.58459 -10.30368 0.64787 0.36984 0.63532 -0.51878 0.43641
1403638579.3778295517 4.64771 -10.41215 0.66635 0.36415 0.63214 -0.52248 0.44137
1403638579.4778294563 4.71654 -10.53617 0.68340 0.35834 0.62793 -0.52639 0.44744
1403638579.5778295994 4.78068 -10.64524 0.69248 0.35710 0.62541 -0.52370 0.45507
1403638579.6778295040 4.84188 -10.75147 0.69688 0.35921 0.62601 -0.51155 0.46626
1403638579.7778294086 4.90339 -10.85715 0.69599 0.35760 0.63649 -0.49256 0.47370
1403638579.8778295517 4.96221 -10.95479 0.68821 0.34696 0.65652 -0.47134 0.47586
1403638579.9778294563 5.01988 -11.04549 0.67552 0.32982 0.67659 -0.44631 0.48399
1403638580.0778295994 5.08035 -11.13550 0.66159 0.31531 0.69111 -0.41185 0.50331
1403638580.1778295040 5.14507 -11.22219 0.64402 0.29537 0.70536 -0.37502 0.52400
1403638580.2778294086 5.20152 -11.28972 0.62133 0.26899 0.72230 -0.34027 0.53865
1403638580.3778295517 5.25704 -11.35403 0.59276 0.23873 0.73850 -0.31404 0.54682
1403638580.4778294563 5.30666 -11.41405 0.55975 0.21261 0.75010 -0.29763 0.55096
1403638580.5778295994 5.35322 -11.47383 0.52566 0.19508 0.75741 -0.28434 0.55446
1403638580.6778295040 5.39614 -11.53119 0.49191 0.17975 0.76751 -0.26976 0.55303
1403638580.7778294086 5.43630 -11.58862 0.46477 0.16938 0.77765 -0.25479 0.54924
1403638580.8778295517 5.47336 -11.64571 0.44593 0.16460 0.78458 -0.24391 0.54575
1403638580.9778294563 5.51181 -11.70245 0.43894 0.15878 0.78606 -0.24044 0.54689
1403638581.0778295994 5.54778 -11.75473 0.44181 0.15768 0.78705 -0.23865 0.54656
1403638581.1778295040 5.57962 -11.80384 0.45199 0.16028 0.78697 -0.23710 0.54659
1403638581.2778294086 5.60964 -11.84983 0.46372 0.16442 0.78703 -0.23683 0.54539
1403638581.3778295517 5.63742 -11.88658 0.48528 0.16797 0.78574 -0.23807 0.54564
1403638581.4778294563 5.66473 -11.92626 0.50028 0.17070 0.78361 -0.23975 0.54712
1403638581.5778295994 5.68495 -11.94517 0.53746 0.17416 0.78294 -0.24198 0.54600
1403638581.6778295040 5.71181 -11.97610 0.56095 0.17930 0.77882 -0.24194 0.55024
1403638581.7778294086 5.73511 -11.99415 0.58725 0.18184 0.77514 -0.24382 0.55375
1403638581.8778295517 5.76314 -12.01837 0.60141 0.18514 0.77201 -0.24407 0.55691
1403638581.9778294563 5.79257 -12.04576 0.60693 0.18897 0.76449 -0.24239 0.56665
1403638582.0778295994 5.82241 -12.07023 0.61433 0.18802 0.76624 -0.24442 0.56373
1403638582.1778295040 5.84973 -12.09049 0.62847 0.18416 0.77359 -0.24787 0.55336
1403638582.2778294086 5.87333 -12.10484 0.65227 0.18456 0.77660 -0.24787 0.54899
1403638582.3778295517 5.90197 -12.12113 0.68720 0.18715 0.77335 -0.24572 0.55365
1403638582.4778294563 5.92670 -12.12884 0.73080 0.18927 0.77217 -0.24412 0.55528
1403638582.5778295994 5.95125 -12.13216 0.78715 0.19033 0.77157 -0.24305 0.55623
1403638582.6778295040 5.97686 -12.13908 0.84503 0.19003 0.77266 -0.24328 0.55470
1403638582.7778294086 6.00036 -12.13485 0.91881 0.18832 0.77421 -0.24509 0.55232
1403638582.8778295517 6.02304 -12.12687 0.99311 0.18877 0.77552 -0.24565 0.55008
1403638582.9778294563 6.04518 -12.11388 1.06111 0.18763 0.77771 -0.24726 0.54665
1403638583.0778295994 6.06688 -12.09856 1.12135 0.18671 0.78020 -0.24897 0.54263
1403638583.1778295040 6.08973 -12.08183 1.17367 0.18668 0.78178 -0.24970 0.54001
1403638583.2778294086 6.11491 -12.06457 1.21972 0.18543 0.78237 -0.25100 0.53900
1403638583.3778295517 6.14100 -12.04731 1.24559 0.18571 0.78207 -0.25041 0.53960
1403638583.4778294563 6.17183 -12.02609 1.28549 0.18595 0.78275 -0.25056 0.53846
1403638583.5778295994 6.20249 -12.00447 1.32985 0.18608 0.78273 -0.25046 0.53850
1403638583.6778295040 6.23418 -11.98063 1.38189 0.18777 0.78302 -0.24923 0.53805
1403638583.7778294086 6.26800 -11.95463 1.43452 0.18751 0.78271 -0.24925 0.53858
1403638583.8778295517 6.29165 -11.91480 1.43681 0.18802 0.78188 -0.24858 0.53992
1403638583.9778294563 6.33449 -11.88430 1.47411 0.18853 0.78188 -0.24834 0.53985
1403638584.0778295994 6.37086 -11.85076 1.50296 0.19145 0.77846 -0.24613 0.54477
1403638584.1778295040 6.39710 -11.82223 1.49106 0.19531 0.76954 -0.24253 0.55753
1403638584.2778294086 6.43334 -11.78173 1.51436 0.19756 0.76054 -0.24023 0.56995
1403638584.3778295517 6.45190 -11.74123 1.48990 0.19897 0.75779 -0.23885 0.57369
1403638584.4778294563 6.46599 -11.68620 1.47013 0.19964 0.75770 -0.23813 0.57387
1403638584.5778295994 6.48144 -11.62640 1.46836 0.19928 0.75791 -0.23821 0.57369
1403638584.6778295040 6.49130 -11.56070 1.47166 0.19695 0.75971 -0.23953 0.57155
1403638584.7778294086 6.48927 -11.48732 1.46294 0.19321 0.76651 -0.24176 0.56275
1403638584.8778295517 6.49346 -11.40909 1.48198 0.18685 0.77416 -0.24633 0.55235
1403638584.9778294563 6.48949 -11.32640 1.48016 0.18489 0.77770 -0.24823 0.54716
1403638585.0778295994 6.49176 -11.24037 1.47728 0.18453 0.77893 -0.24885 0.54525
1403638585.1778295040 6.49631 -11.16062 1.47783 0.18210 0.77877 -0.25045 0.54556
1403638585.2778294086 6.49443 -11.08018 1.46755 0.18311 0.77690 -0.24961 0.54825
1403638585.3778295517 6.49846 -10.99954 1.45938 0.18365 0.77484 -0.24888 0.55131
1403638585.4778294563 6.49080 -10.92206 1.44976 0.18337 0.77510 -0.24897 0.55100
1403638585.5778295994 6.49634 -10.84001 1.44579 0.18249 0.77694 -0.24911 0.54863
1403638585.6778295040 6.49363 -10.75654 1.45160 0.18232 0.77948 -0.24901 0.54513
1403638585.7778294086 6.50065 -10.67242 1.46453 0.17914 0.78452 -0.25117 0.53792
1403638585.8778295517 6.49812 -10.58989 1.49006 0.17645 0.78835 -0.25292 0.53235
1403638585.9778294563 6.50092 -10.51290 1.52371 0.17448 0.78828 -0.25483 0.53220
1403638586.0778295994 6.50696 -10.43842 1.55923 0.17630 0.78416 -0.25406 0.53802
1403638586.1778295040 6.52411 -10.36282 1.58354 0.17815 0.78137 -0.25357 0.54169
1403638586.2778294086 6.53056 -10.28953 1.60683 0.18030 0.77880 -0.25233 0.54525
1403638586.3778295517 6.54728 -10.21436 1.62101 0.18614 0.77574 -0.24873 0.54929
1403638586.4778294563 6.55031 -10.13589 1.63400 0.19407 0.77405 -0.24369 0.55117
1403638586.5778295994 6.56442 -10.05609 1.63700 0.19629 0.77335 -0.24253 0.55189
1403638586.6778295040 6.56781 -9.96951 1.63715 0.19337 0.77419 -0.24464 0.55081
1403638586.7778294086 6.58217 -9.88556 1.62763 0.18931 0.77385 -0.24738 0.55147
1403638586.8778295517 6.58605 -9.79792 1.61640 0.18706 0.77274 -0.24823 0.55342
1403638586.9778294563 6.59683 -9.70961 1.59689 0.18731 0.77248 -0.24798 0.55379
1403638587.0778295994 6.59862 -9.62059 1.57900 0.18651 0.77227 -0.24848 0.55413
1403638587.1778295040 6.60729 -9.52842 1.56237 0.18609 0.77348 -0.24846 0.55260
1403638587.2778294086 6.61153 -9.43112 1.55632 0.18537 0.77514 -0.24862 0.55044
1403638587.3778295517 6.61739 -9.33709 1.55391 0.18477 0.77674 -0.24899 0.54821
1403638587.4778294563 6.62277 -9.23880 1.55581 0.18298 0.77680 -0.25078 0.54792
1403638587.5778295994 6.62810 -9.14116 1.55565 0.18218 0.77685 -0.25176 0.54766
1403638587.6778295040 6.63689 -9.04646 1.54864 0.18202 0.77643 -0.25230 0.54807
1403638587.7778294086 6.64302 -8.95055 1.53581 0.18198 0.77604 -0.25272 0.54843
1403638587.8778295517 6.65187 -8.85699 1.51948 0.18118 0.77566 -0.25360 0.54884
1403638587.9778294563 6.65728 -8.76046 1.49875 0.18098 0.77526 -0.25410 0.54923
1403638588.0778295994 6.66503 -8.67053 1.47378 0.18208 0.77481 -0.25297 0.55002
1403638588.1778295040 6.66853 -8.57630 1.44413 0.18870 0.77562 -0.24858 0.54865
1403638588.2778294086 6.67354 -8.48572 1.41583 0.19149 0.77643 -0.24615 0.54763
1403638588.3778295517 6.67807 -8.38731 1.39381 0.19214 0.77678 -0.24544 0.54722
1403638588.4778294563 6.68559 -8.29109 1.38075 0.19041 0.77673 -0.24648 0.54743
1403638588.5778295994 6.69038 -8.18811 1.37495 0.18800 0.77601 -0.24811 0.54855
1403638588.6778295040 6.69378 -8.08625 1.37887 0.18564 0.77524 -0.24943 0.54984
1403638588.7778294086 6.69667 -7.98093 1.38783 0.18412 0.77374 -0.25082 0.55183
1403638588.8778295517 6.70023 -7.88242 1.39594 0.18165 0.77319 -0.25313 0.55236
1403638588.9778294563 6.70009 -7.77926 1.39397 0.18193 0.77311 -0.25341 0.55225
1403638589.0778295994 6.70127 -7.68346 1.38828 0.18237 0.77336 -0.25370 0.55162
1403638589.1778295040 6.69978 -7.57616 1.37117 0.18399 0.77312 -0.25301 0.55175
1403638589.2778294086 6.70078 -7.47542 1.35693 0.18370 0.77212 -0.25317 0.55316
1403638589.3778295517 6.69678 -7.36778 1.33554 0.18391 0.77192 -0.25297 0.55346
1403638589.4778294563 6.69575 -7.26600 1.32482 0.18360 0.77279 -0.25362 0.55205
1403638589.5778295994 6.68885 -7.15851 1.31528 0.18293 0.77274 -0.25401 0.55216
1403638589.6778295040 6.68984 -7.06158 1.31983 0.18254 0.77338 -0.25407 0.55137
1403638589.7778294086 6.68290 -6.95706 1.32638 0.18291 0.77492 -0.25446 0.54890
1403638589.8778295517 6.67839 -6.86750 1.34097 0.18289 0.77551 -0.25544 0.54762
1403638589.9778294563 6.67081 -6.76290 1.33989 0.18329 0.77550 -0.25590 0.54729
1403638590.0778295994 6.66407 -6.67375 1.34314 0.18286 0.77550 -0.25668 0.54706
1403638590.1778295040 6.65620 -6.56949 1.33375 0.18350 0.77443 -0.25698 0.54822
1403638590.2778294086 6.65047 -6.48611 1.32788 0.18312 0.77374 -0.25756 0.54906
1403638590.3778295517 6.64163 -6.38479 1.31044 0.18336 0.77403 -0.25801 0.54835
1403638590.4778294563 6.63412 -6.28548 1.29372 0.18343 0.77464 -0.25828 0.54734
1403638590.5778295994 6.62347 -6.18668 1.27523 0.18237 0.77570 -0.25897 0.54586
1403638590.6778295040 6.61480 -6.08517 1.26527 0.18049 0.77742 -0.25998 0.54356
1403638590.7778294086 6.60500 -5.98850 1.26387 0.17972 0.77822 -0.26045 0.54243
1403638590.8778295517 6.59612 -5.89327 1.26897 0.17993 0.77908 -0.26044 0.54114
1403638590.9778294563 6.58723 -5.79719 1.28140 0.17865 0.77965 -0.26134 0.54030
1403638591.0778295994 6.57645 -5.70575 1.29666 0.17725 0.78053 -0.26273 0.53882
1403638591.1778295040 6.56945 -5.61149 1.30680 0.17635 0.78472 -0.26394 0.53240
1403638591.2778294086 6.56135 -5.51537 1.30772 0.17389 0.79055 -0.26615 0.52342
1403638591.3778295517 6.55862 -5.42923 1.30515 0.17057 0.79483 -0.26871 0.51667
1403638591.4778294563 6.56271 -5.35300 1.29795 0.16790 0.79755 -0.27086 0.51222
1403638591.5778295994 6.57311 -5.28435 1.28499 0.16519 0.80027 -0.27316 0.50760
1403638591.6778295040 6.58957 -5.22452 1.26820 0.16385 0.80053 -0.27430 0.50702
1403638591.7778294086 6.61301 -5.17585 1.25168 0.16559 0.79867 -0.27326 0.50994
1403638591.8778295517 6.64431 -5.13742 1.23671 0.16652 0.79638 -0.27240 0.51366
1403638591.9778294563 6.68076 -5.10875 1.22970 0.16720 0.79379 -0.27164 0.51784
1403638592.0778295994 6.72187 -5.08927 1.23127 0.16760 0.79125 -0.27054 0.52216
1403638592.1778295040 6.76727 -5.06916 1.24225 0.16560 0.78842 -0.26868 0.52799
1403638592.2778294086 6.81545 -5.06589 1.26508 0.16049 0.78298 -0.26330 0.54023
1403638592.3778295517 6.86295 -5.05937 1.29705 0.15148 0.78044 -0.25444 0.55066
1403638592.4778294563 6.90889 -5.05010 1.33606 0.13977 0.78296 -0.24062 0.55635
1403638592.5778295994 6.95160 -5.04469 1.38061 0.13203 0.79037 -0.22644 0.55373
1403638592.6778295040 6.99191 -5.04289 1.43078 0.12548 0.79785 -0.21520 0.54898
1403638592.7778294086 7.03110 -5.04565 1.47993 0.12034 0.80494 -0.20766 0.54265
1403638592.8778295517 7.07050 -5.05205 1.52415 0.11624 0.80999 -0.20302 0.53776
1403638592.9778294563 7.11242 -5.06122 1.56341 0.11557 0.81252 -0.19933 0.53547
1403638593.0778295994 7.15846 -5.07670 1.59611 0.11451 0.81328 -0.19802 0.53503
1403638593.1778295040 7.20831 -5.09516 1.63161 0.11462 0.81158 -0.19709 0.53792
1403638593.2778294086 7.26278 -5.11940 1.67099 0.12137 0.80832 -0.19327 0.54271
1403638593.3778295517 7.31885 -5.14481 1.71785 0.13035 0.80494 -0.18813 0.54743
1403638593.4778294563 7.37458 -5.16963 1.76183 0.13854 0.80032 -0.18414 0.55352
1403638593.5778295994 7.43212 -5.19243 1.79940 0.14310 0.79748 -0.18283 0.55689
1403638593.6778295040 7.49115 -5.21173 1.83078 0.14578 0.79626 -0.18251 0.55804
1403638593.7778294086 7.54960 -5.22721 1.85645 0.14707 0.79293 -0.18279 0.56234
1403638593.8778295517 7.60664 -5.23874 1.88135 0.14282 0.78251 -0.18280 0.57781
1403638593.9778294563 7.65877 -5.24381 1.91103 0.13627 0.77912 -0.17966 0.58491
1403638594.0778295994 7.70337 -5.24557 1.94352 0.12799 0.78469 -0.17766 0.57993
1403638594.1778295040 7.74310 -5.24576 1.98120 0.12584 0.79082 -0.17309 0.57342
1403638594.2778294086 7.77945 -5.24445 2.01795 0.12625 0.79326 -0.16833 0.57137
1403638594.3778295517 7.81090 -5.23992 2.05018 0.12874 0.79229 -0.16342 0.57358
1403638594.4778294563 7.83637 -5.23102 2.08710 0.13242 0.79097 -0.15793 0.57611
1403638594.5778295994 7.86057 -5.21784 2.12836 0.12686 0.79124 -0.15985 0.57645
1403638594.6778295040 7.87707 -5.19995 2.17753 0.12119 0.79178 -0.16306 0.57604
1403638594.7778294086 7.89452 -5.18230 2.22136 0.11907 0.79248 -0.16508 0.57493
1403638594.8778295517 7.90221 -5.16085 2.26094 0.11776 0.79248 -0.16673 0.57473
1403638594.9778294563 7.91397 -5.14002 2.29086 0.11890 0.79429 -0.16725 0.57183
1403638595.0778295994 7.92260 -5.11737 2.31515 0.11758 0.79544 -0.16906 0.56997
1403638595.1778295040 7.92946 -5.09442 2.33344 0.11747 0.79589 -0.17029 0.56900
1403638595.2778294086 7.93473 -5.07121 2.34588 0.11805 0.79631 -0.17057 0.56821
1403638595.3778295517 7.93214 -5.04348 2.35602 0.11786 0.79592 -0.17127 0.56859
1403638595.4778294563 7.93379 -5.02068 2.35555 0.11794 0.79625 -0.17148 0.56804
1403638595.5778295994 7.93334 -4.99735 2.35299 0.11800 0.79704 -0.17118 0.56702
1403638595.6778295040 7.93125 -4.97335 2.35502 0.12039 0.79709 -0.16949 0.56695
1403638595.7778294086 7.92853 -4.94727 2.36197 0.12469 0.79807 -0.16655 0.56551
1403638595.8778295517 7.92634 -4.91984 2.36667 0.12601 0.79846 -0.16591 0.56485
1403638595.9778294563 7.92352 -4.89194 2.35751 0.12842 0.79818 -0.16447 0.56512
1403638596.0778295994 7.91761 -4.86051 2.33640 0.13594 0.79890 -0.15964 0.56374
1403638596.1778295040 7.91505 -4.82705 2.31609 0.14721 0.80038 -0.15176 0.56097
1403638596.2778294086 7.91299 -4.78548 2.30225 0.15894 0.80212 -0.14311 0.55755
1403638596.3778295517 7.91118 -4.73370 2.29680 0.16830 0.80228 -0.13559 0.55645
1403638596.4778294563 7.91387 -4.67212 2.30069 0.17383 0.80198 -0.13077 0.55633
1403638596.5778295994 7.92132 -4.59879 2.31320 0.18061 0.80276 -0.12538 0.55429
1403638596.6778295040 7.93327 -4.50984 2.33432 0.18826 0.80304 -0.11939 0.55266
1403638596.7778294086 7.95143 -4.40427 2.36255 0.19221 0.80315 -0.11603 0.55186
1403638596.8778295517 7.97745 -4.28299 2.39735 0.19584 0.80251 -0.11323 0.55209
1403638596.9778294563 8.00456 -4.14392 2.43455 0.19767 0.80123 -0.11232 0.55348
1403638597.0778295994 8.03864 -3.99035 2.46634 0.20049 0.80035 -0.11131 0.55394
1403638597.1778295040 8.07551 -3.82359 2.49254 0.20281 0.79852 -0.11108 0.55579
1403638597.2778294086 8.11587 -3.63741 2.51173 0.20043 0.79580 -0.11418 0.55990
1403638597.3778295517 8.15891 -3.43892 2.52370 0.19566 0.79405 -0.11903 0.56305
1403638597.4778294563 8.20331 -3.22593 2.53391 0.18705 0.79080 -0.12606 0.56899
1403638597.5778295994 8.24695 -2.99981 2.53942 0.17433 0.78618 -0.13559 0.57719
1403638597.6778295040 8.28768 -2.76451 2.54011 0.16992 0.78384 -0.13962 0.58071
1403638597.7778294086 8.32452 -2.52118 2.53547 0.17405 0.78564 -0.13451 0.57826
1403638597.8778295517 8.35874 -2.27002 2.52635 0.17818 0.78828 -0.12313 0.57594
1403638597.9778294563 8.39055 -2.01003 2.51413 0.17922 0.78996 -0.11393 0.57521
1403638598.0778295994 8.42385 -1.73883 2.50632 0.17230 0.79020 -0.11137 0.57749
1403638598.1778295040 8.45523 -1.45621 2.50455 0.15062 0.79175 -0.12051 0.57959
1403638598.2778294086 8.48427 -1.16731 2.50735 0.13313 0.79369 -0.12894 0.57940
1403638598.3778295517 8.51263 -0.87705 2.50824 0.12220 0.79552 -0.13423 0.57810
1403638598.4778294563 8.54047 -0.58781 2.50296 0.11796 0.79785 -0.13600 0.57535
1403638598.5778295994 8.56591 -0.29912 2.48969 0.11302 0.79989 -0.13399 0.57397
1403638598.6778295040 8.58957 -0.01338 2.47092 0.10869 0.80230 -0.12545 0.57338
1403638598.7778294086 8.61141 0.26928 2.45319 0.10029 0.80460 -0.11459 0.57396
1403638598.8778295517 8.63089 0.54905 2.44203 0.09108 0.80576 -0.10013 0.57656
1403638598.9778294563 8.64699 0.82632 2.43418 0.08118 0.80838 -0.08371 0.57699
1403638599.0778295994 8.66213 1.10300 2.43026 0.06915 0.80994 -0.06702 0.57856
1403638599.1778295040 8.67541 1.37728 2.43198 0.05720 0.81141 -0.04936 0.57957
1403638599.2778294086 8.68580 1.64694 2.43792 0.04626 0.81354 -0.03032 0.57887
1403638599.3778295517 8.69448 1.91416 2.45099 0.03382 0.81692 -0.01301 0.57562
1403638599.4778294563 8.70047 2.18038 2.46935 0.02476 0.81918 0.00039 0.57300
1403638599.5778295994 8.70491 2.44621 2.48626 0.01922 0.82155 0.00898 0.56975
1403638599.6778295040 8.70908 2.71192 2.49458 0.01560 0.82303 0.01364 0.56761
1403638599.7778294086 8.71477 2.97644 2.49443 0.01439 0.82314 0.01474 0.56747
1403638599.8778295517 8.72341 3.23859 2.48775 0.01248 0.82441 0.01232 0.56572
1403638599.9778294563 8.73374 3.50158 2.47712 0.00875 0.82456 0.00675 0.56567
1403638600.0778295994 8.74872 3.76102 2.46262 0.00241 0.82565 -0.00105 0.56418
1403638600.1778295040 8.76695 4.01304 2.44433 -0.00964 0.82733 -0.01279 0.56149
1403638600.2778294086 8.78724 4.25937 2.42015 -0.01950 0.82937 -0.02351 0.55786
1403638600.3778295517 8.81149 4.49537 2.39501 -0.02700 0.83073 -0.03215 0.55508
1403638600.4778294563 8.84004 4.71672 2.37721 -0.03318 0.83187 -0.03865 0.55263
1403638600.5778295994 8.87422 4.92224 2.37020 -0.03108 0.83243 -0.03932 0.55186
1403638600.6778295040 8.91198 5.11296 2.37087 -0.03390 0.83392 -0.04232 0.54922
1403638600.7778294086 8.95468 5.29009 2.37856 -0.03360 0.83764 -0.04215 0.54356
1403638600.8778295517 9.00504 5.44993 2.39162 -0.02264 0.84149 -0.03334 0.53877
1403638600.9778294563 9.06097 5.59824 2.40153 -0.00589 0.84365 -0.01986 0.53649
1403638601.0778295994 9.12289 5.73657 2.40650 0.00317 0.84409 -0.01177 0.53607
1403638601.1778295040 9.19249 5.87023 2.40724 0.01101 0.84273 -0.00530 0.53819
1403638601.2778294086 9.26995 6.00404 2.40433 0.02044 0.83635 0.00224 0.54781
1403638601.3778295517 9.35250 6.13912 2.40034 0.01770 0.83132 0.00614 0.55548
1403638601.4778294563 9.43880 6.27858 2.40009 0.00466 0.82695 0.01083 0.56215
1403638601.5778295994 9.52543 6.41765 2.40823 -0.00614 0.82223 0.02520 0.56856
1403638601.6778295040 9.61308 6.55736 2.42145 -0.01732 0.81975 0.04531 0.57067
1403638601.7778294086 9.69913 6.69697 2.44184 -0.02989 0.81700 0.07083 0.57149
1403638601.8778295517 9.78272 6.83672 2.47060 -0.04375 0.81214 0.09991 0.57318
1403638601.9778294563 9.86317 6.98003 2.50053 -0.05856 0.80913 0.12334 0.57155
1403638602.0778295994 9.94140 7.12438 2.52441 -0.07007 0.80759 0.14030 0.56851
1403638602.1778295040 10.01528 7.27045 2.54206 -0.07601 0.80295 0.15600 0.57022
1403638602.2778294086 10.08413 7.41783 2.55521 -0.08365 0.79599 0.17353 0.57383
1403638602.3778295517 10.14876 7.57003 2.56829 -0.10611 0.78501 0.18610 0.58126
1403638602.4778294563 10.20584 7.72317 2.59177 -0.14095 0.76307 0.19256 0.60065
1403638602.5778295994 10.25109 7.86921 2.62292 -0.17610 0.74149 0.19754 0.61657
1403638602.6778295040 10.28308 8.00197 2.65934 -0.19670 0.73132 0.21092 0.61805
1403638602.7778294086 10.29765 8.11832 2.70054 -0.20767 0.72709 0.23053 0.61242
1403638602.8778295517 10.29138 8.21458 2.74607 -0.21886 0.72373 0.25019 0.60474
1403638602.9778294563 10.26923 8.29474 2.79415 -0.23859 0.72389 0.26558 0.59036
1403638603.0778295994 10.23904 8.36245 2.83907 -0.25745 0.71895 0.28026 0.58163
1403638603.1778295040 10.20348 8.41604 2.87715 -0.26964 0.71168 0.29458 0.57795
1403638603.2778294086 10.16118 8.45468 2.90302 -0.26789 0.71909 0.31164 0.56037
1403638603.3778295517 10.11355 8.48099 2.91915 -0.26116 0.73184 0.32597 0.53846
1403638603.4778294563 10.06430 8.50222 2.93105 -0.25774 0.74017 0.33310 0.52418
1403638603.5778295994 10.01660 8.52092 2.94011 -0.25914 0.73790 0.33748 0.52388
1403638603.6778295040 9.96687 8.53613 2.94479 -0.26145 0.72999 0.34011 0.53205
1403638603.7778294086 9.91941 8.54667 2.94148 -0.25529 0.72124 0.34657 0.54270
1403638603.8778295517 9.86367 8.55018 2.93241 -0.24889 0.71338 0.35174 0.55264
1403638603.9778294563 9.80276 8.55325 2.91729 -0.24396 0.70650 0.35464 0.56175
1403638604.0778295994 9.73567 8.55452 2.89566 -0.23789 0.70306 0.35727 0.56698
1403638604.1778295040 9.65692 8.55617 2.87805 -0.23664 0.70249 0.35809 0.56770
1403638604.2778294086 9.56787 8.55020 2.86855 -0.24314 0.70645 0.35441 0.56232
1403638604.3778295517 9.46691 8.54126 2.86509 -0.24869 0.71410 0.35145 0.55199
1403638604.4778294563 9.35967 8.52735 2.86904 -0.24672 0.72193 0.35321 0.54147
1403638604.5778295994 9.24981 8.51093 2.87884 -0.24494 0.72656 0.35468 0.53509
1403638604.6778295040 9.13683 8.49292 2.88399 -0.24775 0.72978 0.35323 0.53035
1403638604.7778294086 9.02261 8.47261 2.88402 -0.25207 0.73175 0.35073 0.52725
1403638604.8778295517 8.91081 8.44992 2.88382 -0.25326 0.73494 0.35025 0.52255
1403638604.9778294563 8.79753 8.42442 2.88679 -0.25098 0.74088 0.35223 0.51384
1403638605.0778295994 8.68420 8.39608 2.89780 -0.24864 0.74722 0.35443 0.50420
1403638605.1778295040 8.57808 8.36966 2.91769 -0.24628 0.75111 0.35665 0.49798
1403638605.2778294086 8.47984 8.35050 2.93888 -0.24249 0.75192 0.35944 0.49660
1403638605.3778295517 8.38380 8.33593 2.95456 -0.23652 0.74721 0.36376 0.50340
1403638605.4778294563 8.29093 8.32751 2.96718 -0.22935 0.73710 0.36929 0.51740
1403638605.5778295994 8.19379 8.32146 2.97039 -0.22398 0.72868 0.37353 0.52851
1403638605.6778295040 8.09573 8.32035 2.96891 -0.21954 0.72289 0.37684 0.53593
1403638605.7778294086 7.99238 8.32448 2.97101 -0.21798 0.72198 0.37796 0.53701
1403638605.8778295517 7.88339 8.33398 2.98526 -0.21519 0.72193 0.37958 0.53706
1403638605.9778294563 7.76965 8.35216 3.00223 -0.21113 0.72123 0.38149 0.53826
1403638606.0778295994 7.64694 8.37354 3.02041 -0.20855 0.72135 0.38224 0.53858
1403638606.1778295040 7.52028 8.40262 3.02755 -0.20510 0.72116 0.38377 0.53905
1403638606.2778294086 7.38521 8.43658 3.03244 -0.20293 0.72240 0.38411 0.53798
1403638606.3778295517 7.24340 8.47843 3.02468 -0.20841 0.73097 0.37931 0.52761
1403638606.4778294563 7.09654 8.52453 3.01260 -0.21648 0.74123 0.37267 0.51461
1403638606.5778295994 6.94823 8.57568 2.99505 -0.22339 0.74982 0.36807 0.50239
1403638606.6778295040 6.80472 8.63361 2.97347 -0.22884 0.75296 0.37021 0.49359
1403638606.7778294086 6.66563 8.69827 2.94752 -0.23367 0.75282 0.37940 0.48447
1403638606.8778295517 6.53076 8.76951 2.91986 -0.24225 0.74912 0.39206 0.47583
1403638606.9778294563 6.39938 8.84939 2.89736 -0.25322 0.74181 0.40751 0.46854
1403638607.0778295994 6.28169 8.93524 2.88520 -0.26730 0.73299 0.42194 0.46178
1403638607.1778295040 6.17144 9.02894 2.88064 -0.28377 0.72325 0.42894 0.46086
1403638607.2778294086 6.06573 9.12760 2.87552 -0.29762 0.70969 0.43325 0.46911
1403638607.3778295517 5.96338 9.22785 2.86183 -0.31039 0.70121 0.43324 0.47356
1403638607.4778294563 5.86613 9.32794 2.83911 -0.31625 0.69809 0.43438 0.47325
1403638607.5778295994 5.77364 9.42505 2.80920 -0.31823 0.69704 0.43572 0.47225
1403638607.6778295040 5.68697 9.51869 2.77674 -0.31990 0.69532 0.43573 0.47364
1403638607.7778294086 5.60601 9.61114 2.74152 -0.31832 0.69388 0.43619 0.47638
1403638607.8778295517 5.52648 9.70201 2.70228 -0.31944 0.69613 0.43411 0.47424
1403638607.9778294563 5.45321 9.78955 2.65855 -0.32161 0.70057 0.43074 0.46928
1403638608.0778295994 5.38589 9.87705 2.61107 -0.32233 0.69936 0.42819 0.47292
1403638608.1778295040 5.32181 9.96112 2.55860 -0.31849 0.69635 0.42858 0.47955
1403638608.2778294086 5.26169 10.03958 2.50111 -0.31724 0.69177 0.42789 0.48757
1403638608.3778295517 5.20448 10.11519 2.43963 -0.31756 0.68600 0.42669 0.49649
1403638608.4778294563 5.14573 10.18604 2.37251 -0.31771 0.68589 0.42631 0.49686
1403638608.5778295994 5.08989 10.25118 2.30051 -0.31594 0.68741 0.42702 0.49529
1403638608.6778295040 5.03229 10.31178 2.23114 -0.32147 0.68467 0.42307 0.49890
1403638608.7778294086 4.97501 10.36551 2.16632 -0.32194 0.68481 0.42279 0.49864
1403638608.8778295517 4.91794 10.41301 2.10576 -0.32065 0.68821 0.42417 0.49359
1403638608.9778294563 4.86157 10.45373 2.05369 -0.31974 0.69230 0.42504 0.48768
1403638609.0778295994 4.80748 10.49170 2.00837 -0.31913 0.69502 0.42557 0.48373
1403638609.1778295040 4.75460 10.52489 1.96973 -0.32105 0.69545 0.42422 0.48302
1403638609.2778294086 4.70472 10.55385 1.93105 -0.32902 0.69557 0.41847 0.48250
1403638609.3778295517 4.65911 10.57956 1.88361 -0.32785 0.69582 0.41895 0.48253
1403638609.4778294563 4.61697 10.60121 1.83107 -0.32418 0.69586 0.42109 0.48309
1403638609.5778295994 4.57835 10.61685 1.77105 -0.32075 0.69583 0.42307 0.48369
1403638609.6778295040 4.54255 10.63478 1.70704 -0.31867 0.69485 0.42453 0.48519
1403638609.7778294086 4.50953 10.64536 1.64167 -0.31748 0.69495 0.42529 0.48516
1403638609.8778295517 4.47938 10.65916 1.58436 -0.31797 0.69517 0.42496 0.48481
1403638609.9778294563 4.45086 10.66469 1.53394 -0.31890 0.69469 0.42415 0.48559
1403638610.0778295994 4.42815 10.66970 1.49452 -0.32233 0.69246 0.42161 0.48872
1403638610.1778295040 4.40534 10.66997 1.45681 -0.32344 0.68941 0.42073 0.49305
1403638610.2778294086 4.38354 10.66545 1.41529 -0.32584 0.68813 0.41872 0.49495
1403638610.3778295517 4.36278 10.65537 1.36673 -0.32672 0.68776 0.41806 0.49544
1403638610.4778294563 4.34528 10.63842 1.31568 -0.32698 0.68611 0.41757 0.49797
1403638610.5778295994 4.32542 10.61809 1.25760 -0.32981 0.68090 0.41534 0.50506
1403638610.6778295040 4.30438 10.58904 1.19921 -0.33428 0.67586 0.41212 0.51150
1403638610.7778294086 4.28053 10.55155 1.14315 -0.33184 0.68116 0.41483 0.50382
1403638610.8778295517 4.25690 10.50843 1.09608 -0.32805 0.68748 0.41880 0.49432
1403638610.9778294563 4.23488 10.46039 1.05641 -0.32871 0.68784 0.41908 0.49315
1403638611.0778295994 4.21388 10.40774 1.01443 -0.33190 0.68499 0.41722 0.49655
1403638611.1778295040 4.19626 10.35075 0.96786 -0.33326 0.68403 0.41738 0.49682
1403638611.2778294086 4.17878 10.28714 0.92054 -0.33273 0.68364 0.41835 0.49691
1403638611.3778295517 4.16106 10.21539 0.87744 -0.32637 0.68122 0.42281 0.50064
1403638611.4778294563 4.13771 10.13838 0.83910 -0.31416 0.67695 0.43069 0.50749
1403638611.5778295994 4.11562 10.06159 0.80991 -0.30533 0.67653 0.43594 0.50896
1403638611.6778295040 4.08242 9.97860 0.78402 -0.30360 0.67893 0.43631 0.50647
1403638611.7778294086 4.04810 9.89580 0.75785 -0.30924 0.68472 0.43203 0.49888
1403638611.8778295517 4.01559 9.81426 0.72820 -0.31445 0.69034 0.42766 0.49159
1403638611.9778294563 3.98109 9.73182 0.69466 -0.31709 0.69374 0.42503 0.48737
1403638612.0778295994 3.94900 9.65101 0.66348 -0.31648 0.69570 0.42474 0.48522
1403638612.1778295040 3.91917 9.56716 0.63650 -0.31790 0.69694 0.42318 0.48387
1403638612.2778294086 3.89266 9.48659 0.62031 -0.31842 0.69697 0.42249 0.48410
1403638612.3778295517 3.86911 9.40315 0.60728 -0.31678 0.69653 0.42308 0.48529
1403638612.4778294563 3.84598 9.31634 0.59094 -0.31616 0.69533 0.42234 0.48805
1403638612.5778295994 3.82509 9.23105 0.56907 -0.31327 0.69316 0.42290 0.49249
1403638612.6778295040 3.80366 9.14537 0.53993 -0.30747 0.69125 0.42533 0.49672
1403638612.7778294086 3.78011 9.05785 0.50393 -0.30461 0.69033 0.42515 0.49990
1403638612.8778295517 3.75563 8.97265 0.47016 -0.30480 0.68922 0.42286 0.50326
1403638612.9778294563 3.72513 8.88086 0.43716 -0.30574 0.68982 0.42078 0.50361
1403638613.0778295994 3.69562 8.79593 0.41545 -0.30632 0.69263 0.41962 0.50035
1403638613.1778295040 3.66280 8.70865 0.40114 -0.30584 0.69506 0.41937 0.49747
1403638613.2778294086 3.62649 8.61439 0.39268 -0.30503 0.69551 0.41957 0.49717
1403638613.3778295517 3.59199 8.52802 0.39194 -0.30428 0.69508 0.42007 0.49781
1403638613.4778294563 3.55443 8.43415 0.38866 -0.30493 0.69454 0.41900 0.49908
1403638613.5778295994 3.51799 8.34759 0.37941 -0.30415 0.69586 0.41466 0.50133
1403638613.6778295040 3.48015 8.26095 0.36444 -0.30801 0.69657 0.40793 0.50351
1403638613.7778294086 3.43984 8.16702 0.34245 -0.31182 0.69530 0.40027 0.50902
1403638613.8778295517 3.40116 8.07457 0.31139 -0.30875 0.69755 0.39216 0.51411
1403638613.9778294563 3.36004 7.97043 0.27666 -0.30106 0.70361 0.38225 0.51786
1403638614.0778295994 3.31891 7.86343 0.23812 -0.28910 0.71172 0.37043 0.52217
1403638614.1778295040 3.27697 7.75695 0.20054 -0.27436 0.72205 0.35751 0.52493
1403638614.2778294086 3.23261 7.64488 0.16739 -0.26333 0.73101 0.34401 0.52720
1403638614.3778295517 3.18559 7.52980 0.13920 -0.25470 0.73773 0.33454 0.52817
1403638614.4778294563 3.13857 7.41975 0.12122 -0.25120 0.74249 0.32561 0.52877
1403638614.5778295994 3.09143 7.30750 0.11161 -0.24726 0.74700 0.31726 0.52933
1403638614.6778295040 3.04733 7.19738 0.11011 -0.24419 0.75227 0.30526 0.53036
1403638614.7778294086 3.00669 7.08760 0.12129 -0.24233 0.76223 0.28869 0.52625
1403638614.8778295517 2.96888 6.97637 0.14203 -0.23472 0.77344 0.27116 0.52266
1403638614.9778294563 2.93886 6.86685 0.17018 -0.22159 0.78275 0.25205 0.52409
1403638615.0778295994 2.91498 6.75248 0.20229 -0.20355 0.79019 0.23130 0.52977
1403638615.1778295040 2.89709 6.63467 0.23925 -0.18218 0.79368 0.20922 0.54139
1403638615.2778294086 2.88361 6.51501 0.27987 -0.15725 0.79608 0.18786 0.55338
1403638615.3778295517 2.87087 6.39658 0.31643 -0.13595 0.79981 0.16252 0.56161
1403638615.4778294563 2.85777 6.27496 0.34660 -0.11573 0.80293 0.13667 0.56853
1403638615.5778295994 2.84327 6.15275 0.36915 -0.09868 0.80630 0.11236 0.57230
1403638615.6778295040 2.82788 6.03059 0.38716 -0.08551 0.80841 0.09507 0.57456
1403638615.7778294086 2.81189 5.91153 0.41092 -0.07786 0.80973 0.08265 0.57571
1403638615.8778295517 2.79345 5.79351 0.44227 -0.07267 0.81099 0.07087 0.57619
1403638615.9778294563 2.77524 5.67556 0.47160 -0.06552 0.81257 0.05900 0.57616
1403638616.0778295994 2.75624 5.55773 0.49390 -0.05666 0.81320 0.04677 0.57734
1403638616.1778295040 2.73667 5.44092 0.50236 -0.04691 0.81441 0.03270 0.57746
1403638616.2778294086 2.71716 5.32367 0.49386 -0.03634 0.81545 0.01456 0.57750
1403638616.3778295517 2.69709 5.20480 0.47099 -0.02315 0.81621 -0.00467 0.57727
1403638616.4778294563 2.67651 5.08549 0.44084 -0.01262 0.81677 -0.02254 0.57639
1403638616.5778295994 2.65537 4.96822 0.40723 -0.00323 0.81847 -0.03505 0.57347
1403638616.6778295040 2.63480 4.85117 0.36994 0.00259 0.82312 -0.04469 0.56610
1403638616.7778294086 2.61568 4.73386 0.32849 -0.00041 0.83156 -0.05494 0.55271
1403638616.8778295517 2.60225 4.61472 0.28687 -0.00430 0.83729 -0.06170 0.54325
1403638616.9778294563 2.59701 4.49268 0.25398 0.00092 0.83554 -0.05933 0.54622
1403638617.0778295994 2.59756 4.36553 0.23147 0.00663 0.83190 -0.05439 0.55222
1403638617.1778295040 2.60098 4.23465 0.21691 0.01272 0.82902 -0.04760 0.55704
1403638617.2778294086 2.60741 4.10254 0.20654 0.01449 0.83137 -0.04303 0.55386
1403638617.3778295517 2.61774 3.96861 0.20069 0.01417 0.83536 -0.04021 0.54804
1403638617.4778294563 2.63405 3.83803 0.20384 0.01388 0.83811 -0.03699 0.54407
1403638617.5778295994 2.65677 3.70871 0.21532 0.01366 0.83882 -0.03401 0.54317
1403638617.6778295040 2.68668 3.58397 0.23577 0.01473 0.83744 -0.03005 0.54550
1403638617.7778294086 2.72448 3.46579 0.26496 0.01495 0.83586 -0.02737 0.54805
1403638617.8778295517 2.76492 3.35127 0.30147 0.01605 0.83588 -0.02407 0.54814
1403638617.9778294563 2.81110 3.24021 0.34201 0.01410 0.83486 -0.02363 0.54977
1403638618.0778295994 2.86233 3.13112 0.37757 0.01337 0.83452 -0.02233 0.55036
1403638618.1778295040 2.91850 3.02529 0.40688 0.01099 0.83470 -0.02222 0.55015
1403638618.2778294086 2.97801 2.92248 0.42963 0.01147 0.83473 -0.02070 0.55015
1403638618.3778295517 3.04160 2.82317 0.44908 0.01124 0.83403 -0.01962 0.55125
1403638618.4778294563 3.10887 2.72620 0.46557 0.01098 0.83418 -0.01835 0.55108
1403638618.5778295994 3.17961 2.63407 0.48029 0.01212 0.83321 -0.01752 0.55255
1403638618.6778295040 3.25459 2.54178 0.49248 0.01597 0.83310 -0.02059 0.55251
1403638618.7778294086 3.33332 2.45590 0.50888 0.01852 0.83243 -0.02374 0.55332
1403638618.8778295517 3.41637 2.37179 0.53161 0.02151 0.83071 -0.02702 0.55563
1403638618.9778294563 3.50122 2.29143 0.55589 0.02750 0.82662 -0.03591 0.56094
1403638619.0778295994 3.58746 2.21227 0.57324 0.03939 0.82306 -0.04953 0.56441
1403638619.1778295040 3.67345 2.13625 0.58283 0.05298 0.81953 -0.06836 0.56648
1403638619.2778294086 3.76054 2.06261 0.58542 0.06695 0.81562 -0.09240 0.56722
1403638619.3778295517 3.84670 1.99190 0.57887 0.08313 0.81116 -0.11685 0.56697
1403638619.4778294563 3.93168 1.92558 0.56836 0.09371 0.80689 -0.13803 0.56666
1403638619.5778295994 4.01730 1.86224 0.55673 0.10025 0.80322 -0.15373 0.56671
1403638619.6778295040 4.10121 1.80119 0.54207 0.09657 0.79968 -0.17017 0.56765
1403638619.7778294086 4.18199 1.73989 0.52483 0.09300 0.79719 -0.18175 0.56816
1403638619.8778295517 4.25861 1.67655 0.50618 0.09272 0.79502 -0.18823 0.56914
1403638619.9778294563 4.33113 1.61099 0.48321 0.09412 0.79414 -0.19194 0.56890
1403638620.0778295994 4.39571 1.54175 0.46396 0.09632 0.79155 -0.19358 0.57158
1403638620.1778295040 4.45791 1.46966 0.44892 0.10099 0.78849 -0.19252 0.57535
1403638620.2778294086 4.50729 1.39643 0.44228 0.10383 0.78901 -0.19143 0.57449
1403638620.3778295517 4.55529 1.32064 0.44231 0.10660 0.79040 -0.18932 0.57276
1403638620.4778294563 4.59180 1.24605 0.44883 0.10778 0.79150 -0.18730 0.57170
1403638620.5778295994 4.63050 1.16822 0.45441 0.10739 0.79285 -0.18574 0.57040
1403638620.6778295040 4.66435 1.09076 0.45471 0.10455 0.79536 -0.18566 0.56745
1403638620.7778294086 4.68871 1.01515 0.44892 0.10113 0.79870 -0.18611 0.56322
1403638620.8778295517 4.71870 0.93425 0.43963 0.10435 0.80188 -0.18161 0.55956
1403638620.9778294563 4.74610 0.85444 0.42706 0.10895 0.80249 -0.17572 0.55970
1403638621.0778295994 4.76752 0.77742 0.41275 0.11276 0.80093 -0.17068 0.56273
1403638621.1778295040 4.79496 0.69795 0.40341 0.11143 0.79971 -0.16888 0.56527
1403638621.2778294086 4.82044 0.62110 0.40019 0.11175 0.79860 -0.16624 0.56754
1403638621.3778295517 4.84574 0.54541 0.40227 0.11343 0.79948 -0.16325 0.56685
1403638621.4778294563 4.87296 0.46872 0.39845 0.11400 0.79773 -0.16113 0.56980
1403638621.5778295994 4.89587 0.39916 0.38981 0.11396 0.79557 -0.15909 0.57339
1403638621.6778295040 4.91522 0.33386 0.37638 0.11359 0.79460 -0.15809 0.57508
1403638621.7778294086 4.93168 0.27134 0.35837 0.11454 0.79302 -0.15679 0.57742
1403638621.8778295517 4.94431 0.21285 0.33761 0.11638 0.78959 -0.15498 0.58222
1403638621.9778294563 4.95270 0.16040 0.31393 0.11680 0.78707 -0.15437 0.58570
1403638622.0778295994 4.95351 0.11765 0.28660 0.11541 0.78671 -0.15545 0.58618
1403638622.1778295040 4.95214 0.07259 0.25579 0.11221 0.78766 -0.15738 0.58500
1403638622.2778294086 4.94558 0.03267 0.22941 0.10940 0.78701 -0.15981 0.58576
1403638622.3778295517 4.93400 -0.00441 0.21071 0.11002 0.78800 -0.16036 0.58416
1403638622.4778294563 4.91464 -0.03498 0.20231 0.11367 0.78885 -0.15873 0.58275
1403638622.5778295994 4.89368 -0.06822 0.19847 0.11709 0.78865 -0.15743 0.58270
1403638622.6778295040 4.86814 -0.09359 0.20512 0.12100 0.78463 -0.15570 0.58777
1403638622.7778294086 4.83675 -0.11704 0.22097 0.12372 0.77346 -0.15432 0.60219
1403638622.8778295517 4.80062 -0.12958 0.24344 0.12542 0.76872 -0.15389 0.60799
1403638622.9778294563 4.75522 -0.13685 0.26310 0.12393 0.77258 -0.15627 0.60277
1403638623.0778295994 4.69997 -0.14080 0.27550 0.12027 0.77906 -0.15981 0.59418
1403638623.1778295040 4.63780 -0.13978 0.28262 0.11521 0.78297 -0.16360 0.58900
1403638623.2778294086 4.56863 -0.13347 0.28508 0.11211 0.78636 -0.16597 0.58440
1403638623.3778295517 4.49706 -0.12992 0.28332 0.10978 0.78894 -0.16772 0.58085
1403638623.4778294563 4.42013 -0.12281 0.27782 0.11042 0.79064 -0.16755 0.57846
1403638623.5778295994 4.34280 -0.11703 0.27393 0.11175 0.79079 -0.16687 0.57821
1403638623.6778295040 4.25886 -0.11236 0.27826 0.11312 0.79127 -0.16630 0.57744
1403638623.7778294086 4.17376 -0.10507 0.28896 0.11533 0.79229 -0.16607 0.57566
1403638623.8778295517 4.08405 -0.09571 0.30497 0.11672 0.79343 -0.16616 0.57379
1403638623.9778294563 3.98997 -0.08628 0.31940 0.11826 0.79457 -0.16663 0.57176
1403638624.0778295994 3.89591 -0.07369 0.32961 0.11660 0.79485 -0.16943 0.57088
1403638624.1778295040 3.80069 -0.06210 0.33488 0.11414 0.79474 -0.17184 0.57082
1403638624.2778294086 3.70291 -0.04785 0.33474 0.11212 0.79439 -0.17450 0.57090
1403638624.3778295517 3.60652 -0.03432 0.33144 0.11172 0.79390 -0.17628 0.57111
1403638624.4778294563 3.51247 -0.02376 0.32560 0.11316 0.79372 -0.17651 0.57101
1403638624.5778295994 3.41194 -0.01053 0.31370 0.10856 0.78538 -0.18133 0.58182
1403638624.6778295040 3.31028 0.00147 0.29923 0.11024 0.78112 -0.17906 0.58791
1403638624.7778294086 3.21172 0.01092 0.28814 0.11508 0.78713 -0.16912 0.58188
1403638624.8778295517 3.10015 0.02598 0.28492 0.11644 0.79321 -0.16092 0.57564
1403638624.9778294563 3.00182 0.03769 0.28771 0.10916 0.79648 -0.15879 0.57315
1403638625.0778295994 2.89744 0.05070 0.29240 0.10153 0.79750 -0.15782 0.57339
1403638625.1778295040 2.78502 0.06772 0.29338 0.09519 0.79838 -0.15807 0.57319
1403638625.2778294086 2.68530 0.07747 0.29017 0.09315 0.79928 -0.15645 0.57271
1403638625.3778295517 2.57359 0.09092 0.28578 0.09202 0.79941 -0.15545 0.57298
1403638625.4778294563 2.47320 0.09725 0.28709 0.09100 0.79892 -0.15506 0.57394
1403638625.5778295994 2.36261 0.10772 0.29438 0.09167 0.79947 -0.15436 0.57326
1403638625.6778295040 2.25466 0.11540 0.30912 0.09178 0.80109 -0.15431 0.57098
1403638625.7778294086 2.15052 0.11929 0.32519 0.09057 0.80564 -0.15537 0.56446
1403638625.8778295517 2.04188 0.12602 0.33681 0.09079 0.80824 -0.15580 0.56057
1403638625.9778294563 1.93829 0.12751 0.34354 0.09186 0.80867 -0.15591 0.55974
1403638626.0778295994 1.83597 0.12979 0.34501 0.09033 0.80993 -0.15772 0.55765
1403638626.1778295040 1.74130 0.12896 0.34069 0.09056 0.81033 -0.15810 0.55693
1403638626.2778294086 1.64580 0.12670 0.33307 0.09354 0.80887 -0.15672 0.55895
1403638626.3778295517 1.54518 0.12414 0.32190 0.10144 0.80700 -0.15141 0.56173
1403638626.4778294563 1.45525 0.12163 0.30765 0.10389 0.80577 -0.14923 0.56362
1403638626.5778295994 1.35925 0.12048 0.29115 0.10455 0.80810 -0.14828 0.56041
1403638626.6778295040 1.27403 0.11952 0.27658 0.10332 0.81000 -0.14871 0.55778
1403638626.7778294086 1.19062 0.12039 0.26567 0.10070 0.81387 -0.15047 0.55212
1403638626.8778295517 1.10958 0.12032 0.26181 0.10015 0.81658 -0.15024 0.54827
1403638626.9778294563 1.03959 0.12009 0.26466 0.09946 0.81748 -0.15035 0.54701
1403638627.0778295994 0.97173 0.11961 0.26636 0.09880 0.81758 -0.14997 0.54710
1403638627.1778295040 0.90961 0.11748 0.26135 0.09803 0.81750 -0.14985 0.54738
1403638627.2778294086 0.85334 0.11479 0.25545 0.09933 0.81753 -0.14851 0.54748
1403638627.3778295517 0.80212 0.11231 0.24667 0.10137 0.81695 -0.14663 0.54847
1403638627.4778294563 0.75600 0.10984 0.23463 0.10157 0.81733 -0.14633 0.54794
1403638627.5778295994 0.71532 0.10762 0.22045 0.10281 0.81619 -0.14591 0.54953
1403638627.6778295040 0.68463 0.10546 0.20195 0.10486 0.81321 -0.14513 0.55374
1403638627.7778294086 0.65454 0.10454 0.18598 0.10663 0.81134 -0.14424 0.55637
1403638627.8778295517 0.62631 0.10546 0.16879 0.10756 0.81068 -0.14425 0.55715
1403638627.9778294563 0.59825 0.10802 0.15158 0.10795 0.81262 -0.14437 0.55421
1403638628.0778295994 0.57774 0.11120 0.13253 0.10890 0.81377 -0.14460 0.55228
1403638628.1778295040 0.55618 0.11622 0.11900 0.10995 0.81433 -0.14511 0.55111
1403638628.2778294086 0.54070 0.12321 0.10634 0.11010 0.81454 -0.14580 0.55059
1403638628.3778295517 0.53194 0.13007 0.09441 0.10872 0.81512 -0.14728 0.54961
1403638628.4778294563 0.52335 0.13961 0.08818 0.10283 0.81231 -0.15194 0.55362
1403638628.5778295994 0.51889 0.14890 0.08550 0.09483 0.80513 -0.15764 0.56385
1403638628.6778295040 0.51447 0.15709 0.08416 0.08933 0.80106 -0.16165 0.56938
1403638628.7778294086 0.52498 0.16658 0.08417 0.09124 0.80231 -0.16099 0.56750
1403638628.8778295517 0.51584 0.17043 0.07549 0.09569 0.80292 -0.15823 0.56668
1403638628.9778294563 0.50621 0.17303 0.06368 0.10058 0.80360 -0.15530 0.56568
1403638629.0778295994 0.49601 0.17634 0.05360 0.10534 0.80476 -0.15188 0.56410
1403638629.1778295040 0.47973 0.17767 0.05103 0.10763 0.80598 -0.14977 0.56248
1403638629.2778294086 0.46734 0.18337 0.04605 0.10821 0.80628 -0.14900 0.56214
1403638629.3778295517 0.46000 0.18925 0.04456 0.10902 0.80936 -0.14902 0.55753
1403638629.4778294563 0.45480 0.19698 0.04351 0.10761 0.81379 -0.15079 0.55085
1403638629.5778295994 0.45772 0.20393 0.04441 0.10404 0.81680 -0.15355 0.54630
1403638629.6778295040 0.46486 0.20960 0.04729 0.09306 0.81470 -0.16184 0.54902
1403638629.7778294086 0.47354 0.21309 0.05115 0.08634 0.80909 -0.16712 0.55677
1403638629.8778295517 0.48102 0.21398 0.05076 0.08475 0.80267 -0.16875 0.56573
1403638629.9778294563 0.48677 0.21124 0.04219 0.09572 0.79715 -0.16190 0.57375
1403638630.0778295994 0.48875 0.20793 0.02352 0.10479 0.79359 -0.15578 0.57876
1403638630.1778295040 0.48837 0.20598 -0.00497 0.10916 0.79636 -0.15235 0.57505
1403638630.2778294086 0.48373 0.20527 -0.03923 0.10997 0.80089 -0.15165 0.56876
1403638630.3778295517 0.48463 0.20826 -0.06505 0.10603 0.82028 -0.15258 0.54095
1403638630.4778294563 0.49632 0.20946 -0.05396 0.10555 0.80228 -0.15099 0.56781
1403638630.5778295994 0.50616 0.21052 -0.05543 0.10517 0.80156 -0.15213 0.56859
1403638630.6778295040 0.51287 0.21145 -0.07776 0.10254 0.82049 -0.14910 0.54226
1403638630.7778294086 0.51311 0.20403 -0.08050 0.10513 0.82733 -0.14327 0.53286
1403638630.8778295517 0.50619 0.20319 -0.08473 0.10034 0.82601 -0.14431 0.53555
1403638630.9778294563 0.50126 0.20342 -0.08757 0.10053 0.82588 -0.14455 0.53565
1403638631.0778295994 0.49392 0.20396 -0.09142 0.10122 0.82594 -0.14408 0.53555
1403638631.1778295040 0.48699 0.20429 -0.09507 0.10114 0.82597 -0.14431 0.53545
1403638631.2778294086 0.47932 0.20456 -0.09829 0.10103 0.82604 -0.14430 0.53538
1403638631.3778295517 0.47181 0.20485 -0.10107 0.10077 0.82611 -0.14449 0.53527
1403638631.4778294563 0.46452 0.20517 -0.10354 0.10053 0.82604 -0.14478 0.53533
1403638631.5778295994 0.45686 0.20542 -0.10594 0.10042 0.82602 -0.14487 0.53536
1403638631.6778295040 0.44956 0.20546 -0.10792 0.10011 0.82602 -0.14528 0.53532
