1403638523.0778295994 0.03958 0.02270 0.36968 -0.01413 0.80970 -0.01733 0.58642
1403638523.1778295040 0.03303 0.00911 0.39556 -0.05004 0.80434 0.00482 0.59203
1403638523.2778294086 0.03250 0.00312 0.38317 -0.03334 0.80284 0.00021 0.59526
1403638523.3778295517 0.02986 -0.00154 0.35351 -0.02826 0.79918 -0.00097 0.60043
1403638523.4778294563 0.02656 -0.00811 0.31057 -0.02557 0.80136 0.00252 0.59763
1403638523.5778295994 0.02352 -0.01554 0.26033 -0.01831 0.81045 0.00595 0.58550
1403638523.6778295040 0.01712 -0.02147 0.21000 -0.01185 0.81899 0.00839 0.57362
1403638523.7778294086 0.01175 -0.02692 0.16143 -0.00760 0.82319 0.01046 0.56761
1403638523.8778295517 0.00551 -0.03211 0.11808 -0.00575 0.82372 0.01428 0.56679
1403638523.9778294563 -0.00049 -0.03720 0.08657 0.00102 0.82388 0.02194 0.56634
1403638524.0778295994 -0.00704 -0.04388 0.07487 0.00275 0.82847 0.03382 0.55901
1403638524.1778295040 -0.00825 -0.04259 0.09234 -0.00124 0.83238 0.04137 0.55265
1403638524.2778294086 -0.00904 -0.04230 0.13432 -0.00800 0.83389 0.04269 0.55021
1403638524.3778295517 -0.00657 -0.04121 0.18947 -0.01738 0.83135 0.04117 0.55395
1403638524.4778294563 -0.00165 -0.03967 0.25033 -0.02379 0.82485 0.03917 0.56350
1403638524.5778295994 0.00518 -0.03691 0.31077 -0.02656 0.81589 0.03788 0.57635
1403638524.6778295040 0.01287 -0.03341 0.36540 -0.02261 0.80946 0.03254 0.58584
1403638524.7778294086 0.01902 -0.02864 0.40696 -0.01007 0.80550 0.02750 0.59187
1403638524.8778295517 0.02325 -0.02404 0.43375 -0.00681 0.80403 0.02510 0.59402
1403638524.9778294563 0.02462 -0.02081 0.44423 -0.01382 0.80266 0.02783 0.59563
1403638525.0778295994 0.02547 -0.01985 0.43271 -0.01181 0.80014 0.03153 0.59887
1403638525.1778295040 0.02699 -0.01962 0.39945 -0.01006 0.79887 0.03651 0.60031
1403638525.2778294086 0.02637 -0.02173 0.35312 -0.01041 0.80172 0.04158 0.59616
1403638525.3778295517 0.02570 -0.02364 0.29946 -0.01336 0.81094 0.04655 0.58313
1403638525.4778294563 0.02341 -0.02443 0.24755 -0.02143 0.82346 0.04781 0.56495
1403638525.5778295994 0.02085 -0.02699 0.20160 -0.02697 0.83261 0.04656 0.55124
1403638525.6778295040 0.01967 -0.03002 0.16330 -0.02750 0.83557 0.04316 0.54699
1403638525.7778294086 0.02057 -0.02949 0.13268 -0.02496 0.83386 0.03754 0.55013
1403638525.8778295517 0.02043 -0.03103 0.11027 -0.01872 0.82985 0.03377 0.55665
1403638525.9778294563 0.01641 -0.03892 0.09747 -0.01193 0.82799 0.03368 0.55960
1403638526.0778295994 0.01209 -0.05835 0.09568 -0.00848 0.83032 0.03223 0.55630
1403638526.1778295040 0.00747 -0.08738 0.10286 -0.00748 0.83377 0.02385 0.55155
1403638526.2778294086 0.00105 -0.12316 0.11670 -0.00365 0.83350 0.01463 0.55232
1403638526.3778295517 -0.00779 -0.16335 0.13201 -0.00004 0.82937 0.00513 0.55867
1403638526.4778294563 -0.01976 -0.20793 0.14584 0.00281 0.82422 -0.00680 0.56623
1403638526.5778295994 -0.03271 -0.25866 0.15590 0.00390 0.81922 -0.01737 0.57320
1403638526.6778295040 -0.04737 -0.31729 0.16378 0.00781 0.81417 -0.02525 0.58002
1403638526.7778294086 -0.06528 -0.38109 0.16987 0.01607 0.81079 -0.03060 0.58432
1403638526.8778295517 -0.08508 -0.44592 0.17399 0.02390 0.80958 -0.03386 0.58554
1403638526.9778294563 -0.10367 -0.50853 0.17710 0.02661 0.81217 -0.03955 0.58147
1403638527.0778295994 -0.11774 -0.56795 0.18026 0.03121 0.81628 -0.05113 0.57455
1403638527.1778295040 -0.12401 -0.62150 0.18402 0.03388 0.81823 -0.06330 0.57040
1403638527.2778294086 -0.12706 -0.66223 0.18979 0.04262 0.81600 -0.07530 0.57154
1403638527.3778295517 -0.12366 -0.68417 0.19468 0.05548 0.81201 -0.08230 0.57514
1403638527.4778294563 -0.11441 -0.68356 0.19637 0.06336 0.80991 -0.08499 0.57690
1403638527.5778295994 -0.10087 -0.66243 0.19492 0.06430 0.81032 -0.08476 0.57625
1403638527.6778295040 -0.08323 -0.62370 0.19084 0.06022 0.81158 -0.07957 0.57566
1403638527.7778294086 -0.06611 -0.57721 0.18978 0.05391 0.81278 -0.07173 0.57561
1403638527.8778295517 -0.04830 -0.52289 0.19146 0.03907 0.81585 -0.06618 0.57314
1403638527.9778294563 -0.02484 -0.46398 0.19290 0.02589 0.81701 -0.05916 0.57300
1403638528.0778295994 -0.00465 -0.40492 0.19376 0.01828 0.81551 -0.05120 0.57619
1403638528.1778295040 0.01280 -0.34960 0.19076 0.00919 0.81545 -0.04271 0.57718
1403638528.2778294086 0.03530 -0.30058 0.18508 -0.00202 0.81646 -0.03287 0.57647
1403638528.3778295517 0.06607 -0.26315 0.17862 -0.00897 0.81581 -0.02483 0.57772
1403638528.4778294563 0.10014 -0.23392 0.17248 -0.00614 0.81526 -0.02244 0.57862
1403638528.5778295994 0.13661 -0.21127 0.16906 -0.00408 0.81740 -0.02729 0.57541
1403638528.6778295040 0.17409 -0.19664 0.16834 -0.00500 0.81875 -0.03503 0.57306
1403638528.7778294086 0.20660 -0.18649 0.17076 0.00009 0.81806 -0.04027 0.57372
1403638528.8778295517 0.22321 -0.17773 0.17728 -0.00325 0.81728 -0.04816 0.57422
1403638528.9778294563 0.22306 -0.16913 0.19133 -0.00964 0.81698 -0.05504 0.57395
1403638529.0778295994 0.20518 -0.16128 0.20809 -0.00811 0.81779 -0.05650 0.57267
1403638529.1778295040 0.17624 -0.14546 0.21765 0.00910 0.81870 -0.04978 0.57199
1403638529.2778294086 0.14066 -0.12534 0.21581 0.02099 0.82056 -0.04387 0.56949
1403638529.3778295517 0.10095 -0.10345 0.20433 0.02535 0.82555 -0.03949 0.56238
1403638529.4778294563 0.06775 -0.08541 0.18328 0.02403 0.83554 -0.03683 0.54767
1403638529.5778295994 0.04189 -0.07246 0.15819 0.02186 0.84563 -0.03380 0.53224
1403638529.6778295040 0.02055 -0.06825 0.13349 0.02316 0.84923 -0.03067 0.52663
1403638529.7778294086 0.00950 -0.05907 0.11038 0.02246 0.84558 -0.03003 0.53254
1403638529.8778295517 0.00416 -0.05073 0.08956 0.02106 0.83917 -0.03124 0.54257
1403638529.9778294563 0.00217 -0.04500 0.07531 0.02066 0.83677 -0.03157 0.54625
1403638530.0778295994 0.01147 -0.04419 0.06642 0.02177 0.83842 -0.03255 0.54362
1403638530.1778295040 0.02455 -0.04446 0.05728 0.02348 0.84019 -0.03750 0.54048
1403638530.2778294086 0.03971 -0.04606 0.04739 0.02584 0.83976 -0.04368 0.54059
1403638530.3778295517 0.05310 -0.04938 0.03786 0.02855 0.83912 -0.04904 0.54098
1403638530.4778294563 0.06487 -0.05321 0.03078 0.02924 0.83885 -0.05322 0.54096
1403638530.5778295994 0.07246 -0.05742 0.02540 0.02868 0.83905 -0.05668 0.54033
1403638530.6778295040 0.07679 -0.06079 0.02027 0.02992 0.84230 -0.05891 0.53494
1403638530.7778294086 0.08004 -0.06286 0.01477 0.02997 0.84564 -0.06042 0.52947
1403638530.8778295517 0.08210 -0.06414 0.01033 0.02813 0.84660 -0.05985 0.52811
1403638530.9778294563 0.08383 -0.06448 0.00703 0.02667 0.84419 -0.05975 0.53204
1403638531.0778295994 0.08397 -0.06414 0.00502 0.02749 0.84078 -0.05852 0.53751
1403638531.1778295040 0.08392 -0.06234 0.00570 0.02771 0.83869 -0.05614 0.54099
1403638531.2778294086 0.08430 -0.06124 0.00423 0.03043 0.83753 -0.05481 0.54279
1403638531.3778295517 0.08419 -0.06041 0.00397 0.03008 0.83622 -0.05484 0.54481
1403638531.4778294563 0.08401 -0.06076 0.00408 0.03009 0.83522 -0.05520 0.54631
1403638531.5778295994 0.08384 -0.06082 0.00394 0.03059 0.83557 -0.05407 0.54586
1403638531.6778295040 0.08381 -0.06061 0.00383 0.02982 0.83568 -0.05467 0.54568
1403638531.7778294086 0.08389 -0.06067 0.00385 0.03010 0.83563 -0.05473 0.54573
1403638531.8778295517 0.08385 -0.06069 0.00383 0.03022 0.83564 -0.05463 0.54571
1403638531.9778294563 0.08388 -0.06075 0.00382 0.03042 0.83564 -0.05467 0.54571
1403638532.0778295994 0.08388 -0.06078 0.00380 0.03057 0.83561 -0.05457 0.54576
1403638532.1778295040 0.08389 -0.06076 0.00379 0.03048 0.83560 -0.05465 0.54576
1403638532.2778294086 0.08390 -0.06073 0.00379 0.03034 0.83560 -0.05483 0.54576
1403638532.3778295517 0.08389 -0.06072 0.00378 0.03023 0.83559 -0.05486 0.54577
1403638532.4778294563 0.08390 -0.06073 0.00379 0.03015 0.83558 -0.05496 0.54578
1403638532.5778295994 0.08389 -0.06072 0.00377 0.03015 0.83559 -0.05500 0.54575
1403638532.6778295040 0.08392 -0.06075 0.00379 0.03019 0.83558 -0.05500 0.54577
1403638532.7778294086 0.08390 -0.06077 0.00379 0.03026 0.83561 -0.05490 0.54574
1403638532.8778295517 0.08390 -0.06076 0.00379 0.03031 0.83561 -0.05492 0.54573
1403638532.9778294563 0.08391 -0.06078 0.00380 0.03026 0.83560 -0.05493 0.54575
1403638533.0778295994 0.08389 -0.06078 0.00379 0.03026 0.83561 -0.05496 0.54574
1403638533.1778295040 0.08390 -0.06078 0.00380 0.03022 0.83559 -0.05501 0.54576
1403638533.2778294086 0.08389 -0.06079 0.00379 0.03020 0.83558 -0.05505 0.54577
1403638533.3778295517 0.08390 -0.06079 0.00379 0.03025 0.83558 -0.05502 0.54576
1403638533.4778294563 0.08391 -0.06081 0.00380 0.03022 0.83559 -0.05504 0.54576
1403638533.5778295994 0.08390 -0.06080 0.00379 0.03019 0.83559 -0.05508 0.54576
1403638533.6778295040 0.08391 -0.06080 0.00379 0.03015 0.83557 -0.05515 0.54577
1403638533.7778294086 0.08390 -0.06080 0.00379 0.03017 0.83556 -0.05519 0.54578
1403638533.8778295517 0.08392 -0.06077 0.00378 0.02993 0.83561 -0.05494 0.54575
1403638533.9778294563 0.08393 -0.06081 0.00379 0.03006 0.83560 -0.05518 0.54573
1403638534.0778295994 0.08388 -0.06084 0.00377 0.03041 0.83553 -0.05560 0.54577
1403638534.1778295040 0.08391 -0.06087 0.00379 0.03010 0.83555 -0.05544 0.54578
1403638534.2778294086 0.08392 -0.06081 0.00381 0.02992 0.83562 -0.05535 0.54569
1403638534.3778295517 0.08393 -0.06080 0.00382 0.02995 0.83561 -0.05539 0.54570
1403638534.4778294563 0.08393 -0.06086 0.00378 0.03003 0.83563 -0.05566 0.54563
1403638534.5778295994 0.08392 -0.06083 0.00379 0.02982 0.83571 -0.05537 0.54556
1403638534.6778295040 0.08395 -0.06078 0.00380 0.02959 0.83571 -0.05518 0.54559
1403638534.7778294086 0.08393 -0.06081 0.00380 0.02972 0.83570 -0.05511 0.54560
1403638534.8778295517 0.08392 -0.06086 0.00379 0.02998 0.83566 -0.05530 0.54563
1403638534.9778294563 0.08391 -0.06091 0.00379 0.03005 0.83569 -0.05538 0.54558
1403638535.0778295994 0.08392 -0.06091 0.00379 0.02995 0.83572 -0.05539 0.54553
1403638535.1778295040 0.08393 -0.06091 0.00378 0.02988 0.83569 -0.05543 0.54558
1403638535.2778294086 0.08392 -0.06091 0.00377 0.02983 0.83569 -0.05543 0.54558
1403638535.3778295517 0.08392 -0.06090 0.00378 0.02985 0.83569 -0.05543 0.54559
1403638535.4778294563 0.08393 -0.06091 0.00379 0.02991 0.83569 -0.05546 0.54557
1403638535.5778295994 0.08394 -0.06090 0.00379 0.02985 0.83571 -0.05540 0.54555
1403638535.6778295040 0.08394 -0.06090 0.00378 0.02979 0.83570 -0.05545 0.54557
1403638535.7778294086 0.08393 -0.06091 0.00378 0.02984 0.83568 -0.05547 0.54560
1403638535.8778295517 0.08394 -0.06092 0.00378 0.02976 0.83569 -0.05543 0.54558
1403638535.9778294563 0.08392 -0.06091 0.00378 0.02970 0.83573 -0.05544 0.54553
1403638536.0778295994 0.08393 -0.06092 0.00378 0.02966 0.83568 -0.05552 0.54560
1403638536.1778295040 0.08394 -0.06094 0.00378 0.02966 0.83567 -0.05556 0.54561
1403638536.2778294086 0.08394 -0.06094 0.00378 0.02970 0.83568 -0.05553 0.54559
1403638536.3778295517 0.08395 -0.06095 0.00378 0.02971 0.83566 -0.05556 0.54562
1403638536.4778294563 0.08394 -0.06095 0.00378 0.02970 0.83566 -0.05556 0.54563
1403638536.5778295994 0.08394 -0.06095 0.00377 0.02962 0.83567 -0.05557 0.54561
1403638536.6778295040 0.08394 -0.06096 0.00377 0.02962 0.83567 -0.05556 0.54561
1403638536.7778294086 0.08392 -0.06096 0.00376 0.02967 0.83564 -0.05563 0.54564
1403638536.8778295517 0.08392 -0.06097 0.00375 0.02961 0.83561 -0.05573 0.54569
1403638536.9778294563 0.08393 -0.06098 0.00376 0.02955 0.83563 -0.05580 0.54565
1403638537.0778295994 0.08395 -0.06096 0.00377 0.02954 0.83563 -0.05572 0.54567
1403638537.1778295040 0.08395 -0.06095 0.00378 0.02964 0.83559 -0.05572 0.54571
1403638537.2778294086 0.08395 -0.06096 0.00380 0.02973 0.83562 -0.05567 0.54567
1403638537.3778295517 0.08394 -0.06097 0.00379 0.02970 0.83562 -0.05567 0.54568
1403638537.4778294563 0.08395 -0.06097 0.00379 0.02966 0.83561 -0.05567 0.54569
1403638537.5778295994 0.08395 -0.06097 0.00381 0.02967 0.83562 -0.05560 0.54568
1403638537.6778295040 0.08396 -0.06098 0.00384 0.02973 0.83562 -0.05562 0.54568
1403638537.7778294086 0.08396 -0.06097 0.00382 0.02970 0.83558 -0.05565 0.54573
1403638537.8778295517 0.08399 -0.06097 0.00386 0.02975 0.83562 -0.05556 0.54568
1403638537.9778294563 0.08398 -0.06097 0.00386 0.02979 0.83557 -0.05568 0.54575
1403638538.0778295994 0.08398 -0.06097 0.00387 0.02977 0.83554 -0.05570 0.54578
1403638538.1778295040 0.08398 -0.06099 0.00389 0.02979 0.83554 -0.05570 0.54579
1403638538.2778294086 0.08405 -0.06096 0.00392 0.02972 0.83556 -0.05558 0.54577
1403638538.3778295517 0.08401 -0.06099 0.00393 0.02989 0.83548 -0.05558 0.54588
1403638538.4778294563 0.08399 -0.06100 0.00397 0.02987 0.83547 -0.05559 0.54590
1403638538.5778295994 0.08403 -0.06101 0.00399 0.03007 0.83542 -0.05565 0.54596
1403638538.6778295040 0.08402 -0.06100 0.00404 0.02987 0.83527 -0.05574 0.54620
1403638538.7778294086 0.08411 -0.06106 0.00438 0.02966 0.83451 -0.05557 0.54739
1403638538.8778295517 0.08550 -0.06064 0.00481 0.02891 0.83352 -0.05503 0.54897
1403638538.9778294563 0.08887 -0.06048 0.00731 0.02962 0.82884 -0.05454 0.55603
1403638539.0778295994 0.09328 -0.06030 0.01088 0.03217 0.82284 -0.05630 0.56456
1403638539.1778295040 0.10117 -0.06019 0.01833 0.03144 0.81781 -0.05657 0.57184
1403638539.2778294086 0.11037 -0.06031 0.03332 0.03185 0.81408 -0.05603 0.57717
1403638539.3778295517 0.11926 -0.06058 0.05571 0.03172 0.81513 -0.05548 0.57574
1403638539.4778294563 0.12926 -0.06183 0.08385 0.03153 0.81735 -0.05442 0.57270
1403638539.5778295994 0.14028 -0.06342 0.11461 0.03094 0.81844 -0.05283 0.57132
1403638539.6778295040 0.15151 -0.06488 0.14071 0.02967 0.81893 -0.05252 0.57072
1403638539.7778294086 0.16294 -0.06613 0.15510 0.03006 0.82018 -0.05071 0.56906
1403638539.8778295517 0.17595 -0.06731 0.16257 0.02921 0.82269 -0.05012 0.56553
1403638539.9778294563 0.19153 -0.06820 0.16876 0.02751 0.82721 -0.04980 0.55900
1403638540.0778295994 0.21195 -0.06933 0.17472 0.02740 0.83303 -0.04958 0.55032
1403638540.1778295040 0.23792 -0.07106 0.18039 0.02715 0.83696 -0.04930 0.54436
1403638540.2778294086 0.26709 -0.06723 0.20814 0.02813 0.83206 -0.04819 0.55187
1403638540.3778295517 0.30893 -0.07037 0.20878 0.02850 0.82623 -0.04607 0.56072
1403638540.4778294563 0.35329 -0.07150 0.21266 0.02529 0.82397 -0.04008 0.56465
1403638540.5778295994 0.40031 -0.07033 0.21926 0.01823 0.82400 -0.02867 0.56557
1403638540.6778295040 0.44984 -0.06870 0.22539 0.01000 0.82403 -0.01151 0.56633
1403638540.7778294086 0.50123 -0.06482 0.23023 0.00227 0.82306 0.01241 0.56781
1403638540.8778295517 0.55357 -0.05788 0.23437 -0.00778 0.82226 0.04029 0.56764
1403638540.9778294563 0.60594 -0.04618 0.23696 -0.02131 0.82061 0.06648 0.56721
1403638541.0778295994 0.65945 -0.03088 0.23706 -0.03495 0.81842 0.08586 0.56709
1403638541.1778295040 0.71688 -0.01249 0.23231 -0.04432 0.81661 0.09891 0.56692
1403638541.2778294086 0.77253 0.01165 0.22505 -0.04922 0.81587 0.10756 0.56601
1403638541.3778295517 0.82832 0.04091 0.22593 -0.05200 0.81564 0.11108 0.56542
1403638541.4778294563 0.88312 0.07504 0.23367 -0.05287 0.81516 0.11125 0.56598
1403638541.5778295994 0.93508 0.11463 0.24751 -0.05227 0.81332 0.11203 0.56853
1403638541.6778295040 0.98889 0.16232 0.27083 -0.05656 0.81125 0.11524 0.57043
1403638541.7778294086 1.03882 0.21352 0.29769 -0.06723 0.80980 0.12134 0.57007
1403638541.8778295517 1.08449 0.26882 0.33354 -0.07949 0.80838 0.13053 0.56848
1403638541.9778294563 1.12648 0.32475 0.36532 -0.09192 0.80738 0.14532 0.56442
1403638542.0778295994 1.16831 0.38268 0.39047 -0.10665 0.80531 0.16292 0.55996
1403638542.1778295040 1.20726 0.43950 0.40856 -0.12267 0.80151 0.18333 0.55581
1403638542.2778294086 1.24933 0.50059 0.42126 -0.13777 0.79740 0.20686 0.54989
1403638542.3778295517 1.29227 0.56031 0.42961 -0.15111 0.78976 0.22840 0.54889
1403638542.4778294563 1.33230 0.61664 0.43432 -0.15704 0.77636 0.24833 0.55761
1403638542.5778295994 1.37274 0.67491 0.43614 -0.15239 0.76459 0.26612 0.56688
1403638542.6778295040 1.40695 0.73527 0.43909 -0.15205 0.76154 0.27484 0.56692
1403638542.7778294086 1.43536 0.80081 0.44936 -0.15994 0.76603 0.27312 0.55948
1403638542.8778295517 1.45991 0.87313 0.46797 -0.16545 0.77171 0.26926 0.55190
1403638542.9778294563 1.47921 0.94655 0.49376 -0.16872 0.77650 0.26558 0.54594
1403638543.0778295994 1.49481 1.01885 0.52161 -0.17083 0.78026 0.26210 0.54159
1403638543.1778295040 1.50961 1.09263 0.54545 -0.17074 0.78157 0.25945 0.54101
1403638543.2778294086 1.52489 1.16860 0.56391 -0.17054 0.78197 0.25679 0.54175
1403638543.3778295517 1.53963 1.24561 0.57629 -0.16993 0.78307 0.25581 0.54082
1403638543.4778294563 1.55438 1.32431 0.58533 -0.17221 0.78198 0.26022 0.53957
1403638543.5778295994 1.56729 1.40395 0.59207 -0.17739 0.77886 0.27125 0.53697
1403638543.6778295040 1.58106 1.48452 0.59414 -0.18421 0.77318 0.28877 0.53374
1403638543.7778294086 1.59224 1.56430 0.59854 -0.19456 0.76510 0.31013 0.52971
1403638543.8778295517 1.60220 1.63589 0.60835 -0.20635 0.75506 0.33276 0.52590
1403638543.9778294563 1.61589 1.72004 0.62601 -0.22014 0.74668 0.35089 0.52047
1403638544.0778295994 1.62968 1.80467 0.64717 -0.23480 0.74282 0.36203 0.51188
1403638544.1778295040 1.64465 1.89273 0.66855 -0.24503 0.73979 0.36844 0.50688
1403638544.2778294086 1.66049 1.98483 0.68463 -0.25175 0.73720 0.37174 0.50494
1403638544.3778295517 1.67519 2.07228 0.69429 -0.25352 0.73641 0.37443 0.50322
1403638544.4778294563 1.69098 2.16337 0.70279 -0.25299 0.73676 0.37571 0.50202
1403638544.5778295994 1.70929 2.25631 0.71042 -0.25505 0.73399 0.37496 0.50557
1403638544.6778295040 1.72605 2.35204 0.72485 -0.26040 0.72732 0.37442 0.51285
1403638544.7778294086 1.74329 2.44244 0.74150 -0.26196 0.72640 0.37555 0.51253
1403638544.8778295517 1.75797 2.53548 0.75736 -0.26034 0.72948 0.37803 0.50712
1403638544.9778294563 1.77466 2.62423 0.76759 -0.26072 0.73025 0.37885 0.50520
1403638545.0778295994 1.79095 2.71089 0.77133 -0.26248 0.72894 0.37894 0.50612
1403638545.1778295040 1.80350 2.79866 0.76958 -0.26269 0.72839 0.38033 0.50576
1403638545.2778294086 1.82015 2.88334 0.76191 -0.26210 0.72775 0.38203 0.50570
1403638545.3778295517 1.83701 2.96638 0.74984 -0.26402 0.72507 0.38121 0.50916
1403638545.4778294563 1.84914 3.04434 0.73424 -0.26642 0.72490 0.38233 0.50731
1403638545.5778295994 1.86419 3.12811 0.72248 -0.27056 0.72268 0.38894 0.50325
1403638545.6778295040 1.87711 3.20798 0.71701 -0.27938 0.71707 0.40045 0.49739
1403638545.7778294086 1.89039 3.28781 0.71874 -0.28827 0.70924 0.41697 0.48991
1403638545.8778295517 1.90446 3.36925 0.72688 -0.29912 0.69856 0.43639 0.48177
1403638545.9778294563 1.92016 3.45508 0.74150 -0.30881 0.68608 0.45824 0.47324
1403638546.0778295994 1.93788 3.54869 0.75850 -0.31507 0.67414 0.47702 0.46768
1403638546.1778295040 1.95628 3.64142 0.76985 -0.32256 0.66550 0.48919 0.46234
1403638546.2778294086 1.97312 3.73650 0.77452 -0.32749 0.66079 0.49674 0.45755
1403638546.3778295517 1.98856 3.83150 0.77453 -0.33381 0.65925 0.49897 0.45276
1403638546.4778294563 2.00263 3.92679 0.76907 -0.33664 0.65885 0.50031 0.44977
1403638546.5778295994 2.01576 4.02313 0.76379 -0.33782 0.65672 0.50361 0.44830
1403638546.6778295040 2.02802 4.11921 0.76401 -0.34147 0.65182 0.50950 0.44601
1403638546.7778294086 2.03817 4.22037 0.77420 -0.34426 0.64708 0.51537 0.44403
1403638546.8778295517 2.04623 4.32100 0.79276 -0.34540 0.64318 0.52055 0.44277
1403638546.9778294563 2.05344 4.42454 0.80871 -0.34451 0.63967 0.52519 0.44307
1403638547.0778295994 2.06165 4.52997 0.81838 -0.34253 0.63715 0.52847 0.44434
1403638547.1778295040 2.06222 4.63483 0.81867 -0.34019 0.63475 0.53205 0.44530
1403638547.2778294086 2.06202 4.74048 0.81780 -0.33838 0.63328 0.53356 0.44695
1403638547.3778295517 2.05107 4.83962 0.81075 -0.34224 0.63434 0.53172 0.44470
1403638547.4778294563 2.04289 4.94758 0.80394 -0.34683 0.63750 0.52802 0.44102
1403638547.5778295994 2.03227 5.05521 0.79226 -0.34995 0.64094 0.52466 0.43757
1403638547.6778295040 2.01565 5.15527 0.77439 -0.35101 0.64192 0.52334 0.43685
1403638547.7778294086 2.00243 5.26866 0.75363 -0.34885 0.64137 0.52382 0.43882
1403638547.8778295517 1.98401 5.37486 0.72801 -0.34555 0.63842 0.52598 0.44313
1403638547.9778294563 1.96639 5.49239 0.70400 -0.34560 0.63836 0.52626 0.44285
1403638548.0778295994 1.94484 5.60737 0.68826 -0.34825 0.63797 0.52850 0.43864
1403638548.1778295040 1.92489 5.72897 0.68321 -0.35256 0.63421 0.53393 0.43405
1403638548.2778294086 1.90297 5.84939 0.68724 -0.35903 0.62787 0.54233 0.42750
1403638548.3778295517 1.87909 5.96971 0.69964 -0.36660 0.61843 0.55368 0.42023
1403638548.4778294563 1.85533 6.08388 0.71984 -0.37469 0.60879 0.56425 0.41303
1403638548.5778295994 1.83236 6.19950 0.73925 -0.38119 0.60085 0.57211 0.40788
1403638548.6778295040 1.81091 6.31392 0.75424 -0.38600 0.59535 0.57754 0.40374
1403638548.7778294086 1.78860 6.44029 0.76437 -0.38860 0.59155 0.58145 0.40122
1403638548.8778295517 1.76438 6.56977 0.77901 -0.38977 0.58949 0.58402 0.39937
1403638548.9778294563 1.73965 6.69727 0.80089 -0.39107 0.58850 0.58490 0.39827
1403638549.0778295994 1.71345 6.82421 0.82761 -0.39154 0.58825 0.58531 0.39758
1403638549.1778295040 1.68658 6.95535 0.85928 -0.39260 0.58829 0.58424 0.39805
1403638549.2778294086 1.65953 7.08480 0.89806 -0.39328 0.58917 0.58326 0.39751
1403638549.3778295517 1.63178 7.22261 0.93987 -0.39539 0.59079 0.58077 0.39667
1403638549.4778294563 1.60523 7.35480 0.97999 -0.39718 0.59225 0.57865 0.39579
1403638549.5778295994 1.57773 7.49805 1.01428 -0.39840 0.59244 0.57678 0.39701
1403638549.6778295040 1.55316 7.63261 1.04416 -0.39970 0.59195 0.57525 0.39864
1403638549.7778294086 1.52876 7.77619 1.07420 -0.39798 0.59224 0.57566 0.39935
1403638549.8778295517 1.50636 7.91141 1.11008 -0.39699 0.59373 0.57585 0.39784
1403638549.9778294563 1.48094 8.06160 1.15604 -0.39661 0.59466 0.57586 0.39681
1403638550.0778295994 1.45930 8.20213 1.20861 -0.39696 0.59496 0.57567 0.39630
1403638550.1778295040 1.43934 8.34717 1.26689 -0.39774 0.59546 0.57555 0.39493
1403638550.2778294086 1.42134 8.49321 1.33327 -0.39720 0.59503 0.57642 0.39486
1403638550.3778295517 1.40508 8.63708 1.39833 -0.39728 0.59407 0.57683 0.39563
1403638550.4778294563 1.39080 8.78356 1.46009 -0.39994 0.59467 0.57529 0.39428
1403638550.5778295994 1.38054 8.92405 1.50607 -0.40383 0.59538 0.57294 0.39266
1403638550.6778295040 1.37400 9.05999 1.54600 -0.40875 0.59383 0.56957 0.39482
1403638550.7778294086 1.37147 9.19126 1.58213 -0.41175 0.59312 0.56738 0.39592
1403638550.8778295517 1.37274 9.32239 1.61557 -0.41767 0.58942 0.56311 0.40130
1403638550.9778294563 1.37380 9.46147 1.64886 -0.42329 0.58533 0.55860 0.40765
1403638551.0778295994 1.37670 9.58705 1.67741 -0.42698 0.58287 0.55571 0.41126
1403638551.1778295040 1.38178 9.71452 1.70918 -0.43132 0.58338 0.55293 0.40976
1403638551.2778294086 1.39177 9.83154 1.74462 -0.43198 0.58512 0.55184 0.40805
1403638551.3778295517 1.40845 9.94250 1.78645 -0.42727 0.59281 0.54887 0.40590
1403638551.4778294563 1.43077 10.04320 1.82366 -0.41994 0.60536 0.53965 0.40740
1403638551.5778295994 1.46125 10.14315 1.85551 -0.41380 0.62053 0.52346 0.41195
1403638551.6778295040 1.49677 10.24651 1.88572 -0.40704 0.63758 0.50513 0.41552
1403638551.7778294086 1.54180 10.34919 1.91059 -0.39791 0.65181 0.48675 0.42412
1403638551.8778295517 1.59528 10.44544 1.93062 -0.38786 0.66248 0.47127 0.43427
1403638551.9778294563 1.65655 10.53319 1.95368 -0.37603 0.66590 0.46364 0.44745
1403638552.0778295994 1.72326 10.60885 1.98336 -0.36653 0.66746 0.45863 0.45806
1403638552.1778295040 1.79256 10.67378 2.01717 -0.36067 0.67235 0.45556 0.45862
1403638552.2778294086 1.86557 10.73470 2.05721 -0.35649 0.67635 0.45458 0.45698
1403638552.3778295517 1.94126 10.78922 2.09628 -0.35847 0.67740 0.45171 0.45671
1403638552.4778294563 2.02124 10.83927 2.12828 -0.36565 0.67382 0.44610 0.46180
1403638552.5778295994 2.10410 10.87755 2.15734 -0.37124 0.67008 0.44263 0.46610
1403638552.6778295040 2.19134 10.90974 2.17988 -0.37187 0.66773 0.44383 0.46782
1403638552.7778294086 2.28199 10.93273 2.19550 -0.37130 0.66702 0.44609 0.46714
1403638552.8778295517 2.37583 10.95202 2.20567 -0.36913 0.66564 0.45003 0.46706
1403638552.9778294563 2.47286 10.95961 2.21272 -0.36480 0.66323 0.45608 0.46802
1403638553.0778295994 2.57090 10.96691 2.21347 -0.36115 0.66094 0.46152 0.46875
1403638553.1778295040 2.66950 10.96604 2.21256 -0.36660 0.65707 0.46023 0.47123
1403638553.2778294086 2.76802 10.96174 2.21207 -0.37391 0.65135 0.45702 0.47652
1403638553.3778295517 2.86663 10.94622 2.21600 -0.37557 0.64612 0.45790 0.48145
1403638553.4778294563 2.96484 10.92118 2.22521 -0.37215 0.64060 0.46152 0.48799
1403638553.5778295994 3.05972 10.88609 2.24083 -0.36918 0.63623 0.46460 0.49301
1403638553.6778295040 3.15341 10.83899 2.26095 -0.36703 0.63519 0.46698 0.49371
1403638553.7778294086 3.24414 10.78105 2.29005 -0.36523 0.63558 0.46891 0.49271
1403638553.8778295517 3.32395 10.71188 2.32472 -0.36301 0.63733 0.47043 0.49064
1403638553.9778294563 3.40766 10.64413 2.36338 -0.36237 0.64026 0.47094 0.48681
1403638554.0778295994 3.48001 10.56121 2.39414 -0.36081 0.64353 0.47186 0.48274
1403638554.1778295040 3.56096 10.48714 2.42316 -0.35599 0.64631 0.47560 0.47892
1403638554.2778294086 3.63117 10.39717 2.44110 -0.34800 0.65215 0.48142 0.47100
1403638554.3778295517 3.70246 10.31789 2.45729 -0.34208 0.65533 0.48601 0.46618
1403638554.4778294563 3.76915 10.23733 2.46983 -0.33940 0.65672 0.48821 0.46388
1403638554.5778295994 3.83183 10.15769 2.47800 -0.34056 0.65756 0.48794 0.46212
1403638554.6778295040 3.89287 10.07543 2.48577 -0.34649 0.65978 0.48417 0.45849
1403638554.7778294086 3.95281 9.99785 2.49892 -0.35155 0.66036 0.48100 0.45714
1403638554.8778295517 4.01566 9.91770 2.51897 -0.35457 0.66053 0.47900 0.45666
1403638554.9778294563 4.08042 9.83700 2.53975 -0.35709 0.66126 0.47577 0.45702
1403638555.0778295994 4.14602 9.75974 2.55220 -0.35356 0.66443 0.47152 0.45955
1403638555.1778295040 4.21243 9.67930 2.56054 -0.34692 0.67057 0.46488 0.46247
1403638555.2778294086 4.28292 9.59882 2.56538 -0.34084 0.67684 0.45684 0.46584
1403638555.3778295517 4.35378 9.51683 2.56515 -0.33377 0.68010 0.45211 0.47080
1403638555.4778294563 4.42471 9.43365 2.56160 -0.32798 0.68225 0.44901 0.47471
1403638555.5778295994 4.49573 9.34896 2.55626 -0.32562 0.68362 0.44628 0.47693
1403638555.6778295040 4.56693 9.26205 2.55634 -0.32497 0.68538 0.44453 0.47648
1403638555.7778294086 4.63630 9.17423 2.56501 -0.32400 0.68657 0.44464 0.47533
1403638555.8778295517 4.70577 9.08795 2.58184 -0.32331 0.68657 0.44560 0.47490
1403638555.9778294563 4.77651 9.00095 2.60297 -0.32205 0.68526 0.44718 0.47616
1403638556.0778295994 4.84828 8.91835 2.62980 -0.32052 0.68537 0.44851 0.47579
1403638556.1778295040 4.91900 8.83903 2.65026 -0.31965 0.68968 0.44906 0.46958
1403638556.2778294086 4.99135 8.76325 2.66718 -0.31822 0.69292 0.45015 0.46472
1403638556.3778295517 5.06404 8.69455 2.67727 -0.31708 0.69500 0.45095 0.46161
1403638556.4778294563 5.14054 8.62527 2.68846 -0.31469 0.69806 0.45227 0.45732
1403638556.5778295994 5.21692 8.56824 2.69679 -0.31434 0.70096 0.45193 0.45344
1403638556.6778295040 5.29689 8.51562 2.70757 -0.32195 0.70344 0.44588 0.45023
1403638556.7778294086 5.38269 8.45976 2.72791 -0.32862 0.70023 0.44112 0.45508
1403638556.8778295517 5.47234 8.41196 2.75348 -0.33463 0.69865 0.43688 0.45722
1403638556.9778294563 5.56841 8.36437 2.78245 -0.33828 0.69710 0.43430 0.45935
1403638557.0778295994 5.67143 8.31614 2.80529 -0.33710 0.69553 0.43574 0.46124
1403638557.1778295040 5.77876 8.26828 2.82083 -0.33570 0.69384 0.43731 0.46331
1403638557.2778294086 5.88710 8.22109 2.82969 -0.33477 0.69270 0.43838 0.46468
1403638557.3778295517 5.99762 8.17530 2.83365 -0.33236 0.69144 0.44049 0.46628
1403638557.4778294563 6.10989 8.13039 2.83999 -0.32696 0.68838 0.44488 0.47044
1403638557.5778295994 6.22224 8.08514 2.85260 -0.32254 0.68595 0.44802 0.47405
1403638557.6778295040 6.33497 8.04093 2.87047 -0.32009 0.68473 0.44995 0.47565
1403638557.7778294086 6.44539 7.99749 2.89167 -0.32013 0.68438 0.44964 0.47642
1403638557.8778295517 6.55308 7.95382 2.90759 -0.31722 0.68434 0.45103 0.47710
1403638557.9778294563 6.66113 7.90973 2.91887 -0.31443 0.68556 0.45266 0.47565
1403638558.0778295994 6.76787 7.86687 2.92475 -0.31337 0.68930 0.45344 0.47016
1403638558.1778295040 6.87507 7.82591 2.92798 -0.31034 0.69512 0.45497 0.46206
1403638558.2778294086 6.98368 7.78974 2.93670 -0.30667 0.69928 0.45666 0.45653
1403638558.3778295517 7.09328 7.76171 2.95525 -0.30187 0.70062 0.45938 0.45494
1403638558.4778294563 7.20191 7.74067 2.98103 -0.29545 0.70430 0.46303 0.44975
1403638558.5778295994 7.31206 7.72934 3.01372 -0.29665 0.70687 0.46174 0.44623
1403638558.6778295040 7.42468 7.72871 3.05181 -0.30495 0.70763 0.45523 0.44613
1403638558.7778294086 7.54126 7.73499 3.09084 -0.31276 0.70733 0.44909 0.44742
1403638558.8778295517 7.66219 7.74630 3.12056 -0.31542 0.70607 0.44689 0.44975
1403638558.9778294563 7.78614 7.76256 3.14314 -0.31735 0.70126 0.44558 0.45715
1403638559.0778295994 7.91129 7.78189 3.15746 -0.31809 0.69677 0.44534 0.46368
1403638559.1778295040 8.03796 7.80438 3.16526 -0.31848 0.69333 0.44569 0.46821
1403638559.2778294086 8.16354 7.82838 3.16653 -0.31650 0.69047 0.44800 0.47158
1403638559.3778295517 8.28980 7.85274 3.16211 -0.31293 0.68814 0.45121 0.47429
1403638559.4778294563 8.41600 7.87848 3.15494 -0.31089 0.68578 0.45338 0.47696
1403638559.5778295994 8.53714 7.90503 3.14247 -0.30987 0.68360 0.45487 0.47934
1403638559.6778295040 8.65509 7.93434 3.12679 -0.31054 0.68253 0.45504 0.48027
1403638559.7778294086 8.76777 7.96510 3.11328 -0.31089 0.68167 0.45571 0.48063
1403638559.8778295517 8.87729 7.99807 3.10625 -0.31220 0.68244 0.45495 0.47940
1403638559.9778294563 8.98533 8.03321 3.09934 -0.31108 0.68602 0.44902 0.48060
1403638560.0778295994 9.09463 8.06838 3.08809 -0.30575 0.69398 0.43616 0.48444
1403638560.1778295040 9.20198 8.10303 3.06934 -0.29609 0.70380 0.41809 0.49213
1403638560.2778294086 9.30791 8.13837 3.04502 -0.28388 0.71472 0.39689 0.50106
1403638560.3778295517 9.41185 8.17228 3.01874 -0.27277 0.72265 0.37258 0.51435
1403638560.4778294563 9.51180 8.20378 2.98885 -0.26018 0.73080 0.34737 0.52685
1403638560.5778295994 9.60639 8.23007 2.95446 -0.24896 0.74016 0.32045 0.53619
1403638560.6778295040 9.69753 8.25210 2.91616 -0.23934 0.75080 0.29244 0.54175
1403638560.7778294086 9.78472 8.26669 2.88136 -0.23213 0.75971 0.26680 0.54569
1403638560.8778295517 9.87107 8.27412 2.85432 -0.22144 0.76629 0.24394 0.55159
1403638560.9778294563 9.95821 8.27541 2.83513 -0.20935 0.77067 0.22303 0.55902
1403638561.0778295994 10.04293 8.26908 2.82406 -0.19736 0.77331 0.20326 0.56722
1403638561.1778295040 10.12331 8.25377 2.81969 -0.18677 0.77475 0.18574 0.57478
1403638561.2778294086 10.20017 8.23123 2.82175 -0.18021 0.77508 0.17253 0.58052
1403638561.3778295517 10.27087 8.20055 2.82645 -0.17140 0.77973 0.16797 0.57830
1403638561.4778294563 10.33620 8.16275 2.82757 -0.15791 0.78562 0.17172 0.57305
1403638561.5778295994 10.40127 8.12198 2.82274 -0.14848 0.78906 0.17665 0.56933
1403638561.6778295040 10.46314 8.07950 2.81325 -0.14471 0.79073 0.17959 0.56705
1403638561.7778294086 10.51892 8.03501 2.79790 -0.14358 0.79094 0.18175 0.56637
1403638561.8778295517 10.57368 7.98862 2.77579 -0.14093 0.79032 0.18228 0.56772
1403638561.9778294563 10.62089 7.94162 2.75016 -0.13546 0.79144 0.17768 0.56895
1403638562.0778295994 10.66929 7.89292 2.72602 -0.12797 0.79328 0.16885 0.57081
1403638562.1778295040 10.70671 7.84389 2.70925 -0.12002 0.79531 0.15887 0.57257
1403638562.2778294086 10.74445 7.79665 2.69724 -0.11329 0.79647 0.15043 0.57461
1403638562.3778295517 10.77928 7.74862 2.69199 -0.10707 0.79748 0.13835 0.57743
1403638562.4778294563 10.81079 7.69881 2.69118 -0.09896 0.79993 0.12215 0.57914
1403638562.5778295994 10.83984 7.64944 2.69788 -0.08913 0.80240 0.10186 0.58124
1403638562.6778295040 10.86676 7.59840 2.70921 -0.08015 0.80535 0.07752 0.58221
1403638562.7778294086 10.89189 7.54525 2.72173 -0.07113 0.80708 0.05113 0.58391
1403638562.8778295517 10.91308 7.48845 2.73023 -0.05749 0.80840 0.02642 0.58522
1403638562.9778294563 10.93014 7.42804 2.73256 -0.04279 0.80925 0.00364 0.58590
1403638563.0778295994 10.94286 7.36450 2.72983 -0.03355 0.80922 -0.02057 0.58619
1403638563.1778295040 10.94776 7.29685 2.72335 -0.02131 0.80913 -0.04045 0.58585
1403638563.2778294086 10.94892 7.22456 2.71264 -0.00954 0.80607 -0.05437 0.58924
1403638563.3778295517 10.94301 7.14906 2.69669 -0.00265 0.79834 -0.06417 0.59877
1403638563.4778294563 10.93064 7.07033 2.67461 -0.00115 0.79231 -0.07119 0.60595
1403638563.5778295994 10.91312 6.98545 2.65198 0.00440 0.79295 -0.07082 0.60514
1403638563.6778295040 10.88955 6.89638 2.63501 0.00440 0.79654 -0.07076 0.60042
1403638563.7778294086 10.86087 6.80122 2.62486 0.00114 0.79885 -0.07092 0.59733
1403638563.8778295517 10.82562 6.70196 2.62360 -0.00209 0.79850 -0.06993 0.59791
1403638563.9778294563 10.78830 6.59751 2.62788 -0.00594 0.79753 -0.06801 0.59940
1403638564.0778295994 10.74026 6.48817 2.63059 -0.01042 0.79821 -0.06573 0.59869
1403638564.1778295040 10.68685 6.37345 2.62803 -0.01220 0.79819 -0.06099 0.59919
1403638564.2778294086 10.63387 6.25177 2.62279 -0.01168 0.79667 -0.05527 0.60177
1403638564.3778295517 10.56888 6.12880 2.62407 -0.01180 0.79532 -0.05016 0.60400
1403638564.4778294563 10.50246 6.00236 2.63201 -0.01128 0.79414 -0.04576 0.60591
1403638564.5778295994 10.42236 5.87344 2.64466 -0.01401 0.79595 -0.04525 0.60351
1403638564.6778295040 10.34040 5.74518 2.65703 -0.01921 0.79774 -0.04807 0.60077
1403638564.7778294086 10.24682 5.60969 2.66278 -0.02295 0.79836 -0.05112 0.59957
1403638564.8778295517 10.15451 5.46947 2.66185 -0.02521 0.79792 -0.05355 0.59985
1403638564.9778294563 10.05323 5.31796 2.64068 -0.02704 0.79739 -0.05522 0.60033
1403638565.0778295994 9.94962 5.16358 2.60530 -0.02826 0.79780 -0.05596 0.59966
1403638565.1778295040 9.84409 5.00832 2.55498 -0.02870 0.79860 -0.05624 0.59854
1403638565.2778294086 9.73629 4.84953 2.49879 -0.02702 0.79962 -0.05550 0.59732
1403638565.3778295517 9.62627 4.68711 2.43996 -0.02422 0.80069 -0.05430 0.59613
1403638565.4778294563 9.51320 4.51969 2.38066 -0.02120 0.80005 -0.05339 0.59718
1403638565.5778295994 9.39895 4.34969 2.32790 -0.01457 0.79795 -0.05115 0.60037
1403638565.6778295040 9.27866 4.17480 2.28372 -0.00276 0.79768 -0.04517 0.60138
1403638565.7778294086 9.15692 4.00107 2.24517 0.00627 0.80038 -0.04077 0.59807
1403638565.8778295517 9.02471 3.82541 2.21353 0.01356 0.80253 -0.03748 0.59528
1403638565.9778294563 8.88827 3.65157 2.18497 0.01605 0.80431 -0.03804 0.59278
1403638566.0778295994 8.74971 3.48091 2.14992 0.01764 0.80527 -0.03843 0.59139
1403638566.1778295040 8.60937 3.31189 2.10490 0.01562 0.80539 -0.03984 0.59119
1403638566.2778294086 8.46766 3.14561 2.05065 0.01623 0.80495 -0.03898 0.59184
1403638566.3778295517 8.32718 2.98225 1.98813 0.01652 0.80589 -0.03791 0.59062
1403638566.4778294563 8.18788 2.82252 1.91971 0.01319 0.80607 -0.03861 0.59041
1403638566.5778295994 8.05255 2.66912 1.84533 0.01243 0.80918 -0.03676 0.58628
1403638566.6778295040 7.91685 2.51926 1.76333 0.01161 0.81842 -0.03484 0.57344
1403638566.7778294086 7.78564 2.37266 1.67615 0.01084 0.83004 -0.03290 0.55662
1403638566.8778295517 7.66231 2.22927 1.58636 0.00916 0.83801 -0.03155 0.54467
1403638566.9778294563 7.54720 2.08824 1.49483 0.00913 0.84188 -0.02860 0.53883
1403638567.0778295994 7.43708 1.94921 1.40511 0.00880 0.83373 -0.02710 0.55144
1403638567.1778295040 7.33401 1.81155 1.31228 0.01071 0.82133 -0.02499 0.56981
1403638567.2778294086 7.23001 1.67473 1.21499 0.01373 0.81262 -0.02319 0.58217
1403638567.3778295517 7.12528 1.54295 1.11372 0.01661 0.81068 -0.02256 0.58482
1403638567.4778294563 7.01986 1.41642 1.01714 0.01851 0.81147 -0.02342 0.58363
1403638567.5778295994 6.91143 1.29238 0.92722 0.01994 0.81500 -0.02515 0.57858
1403638567.6778295040 6.80212 1.16996 0.84911 0.02342 0.81828 -0.02569 0.57377
1403638567.7778294086 6.69854 1.05607 0.78259 0.02554 0.82157 -0.02625 0.56894
1403638567.8778295517 6.59910 0.94757 0.72671 0.02489 0.82500 -0.02852 0.56386
1403638567.9778294563 6.51004 0.84695 0.67841 0.02497 0.82596 -0.02955 0.56240
1403638568.0778295994 6.42657 0.75140 0.63849 0.02808 0.82582 -0.02782 0.56255
1403638568.1778295040 6.34766 0.66103 0.60753 0.03020 0.82511 -0.02657 0.56354
1403638568.2778294086 6.26979 0.57289 0.58083 0.03127 0.82498 -0.02690 0.56365
1403638568.3778295517 6.19504 0.48772 0.55323 0.03142 0.82546 -0.02731 0.56292
1403638568.4778294563 6.12418 0.40895 0.51874 0.03197 0.82628 -0.02727 0.56169
1403638568.5778295994 6.05624 0.33209 0.48229 0.03294 0.82766 -0.02669 0.55963
1403638568.6778295040 5.99376 0.26228 0.44198 0.03432 0.82942 -0.02534 0.55699
1403638568.7778294086 5.93701 0.19830 0.40639 0.03395 0.83076 -0.02540 0.55502
1403638568.8778295517 5.88556 0.14184 0.38005 0.03200 0.83013 -0.02708 0.55600
1403638568.9778294563 5.83830 0.08809 0.35936 0.03395 0.82957 -0.02540 0.55680
1403638569.0778295994 5.79548 0.03907 0.34831 0.03548 0.82935 -0.02442 0.55706
1403638569.1778295040 5.75542 -0.00608 0.34173 0.03609 0.83015 -0.02439 0.55584
1403638569.2778294086 5.71974 -0.04539 0.33605 0.03815 0.83139 -0.02338 0.55388
1403638569.3778295517 5.68970 -0.07986 0.32499 0.03904 0.83129 -0.02314 0.55398
1403638569.4778294563 5.66728 -0.10991 0.30803 0.03951 0.82987 -0.02271 0.55609
1403638569.5778295994 5.64911 -0.13262 0.28937 0.04022 0.82859 -0.02236 0.55796
1403638569.6778295040 5.63619 -0.14942 0.27604 0.03931 0.82745 -0.02330 0.55967
1403638569.7778294086 5.62655 -0.16079 0.26876 0.04026 0.82661 -0.02268 0.56088
1403638569.8778295517 5.62274 -0.16794 0.26501 0.04123 0.82535 -0.02161 0.56270
1403638569.9778294563 5.61899 -0.16994 0.26779 0.04003 0.82381 -0.02248 0.56501
1403638570.0778295994 5.61876 -0.16610 0.26817 0.03775 0.82320 -0.02403 0.56599
1403638570.1778295040 5.62068 -0.15826 0.26261 0.03284 0.82332 -0.02685 0.56598
1403638570.2778294086 5.62407 -0.14773 0.25108 0.02531 0.82276 -0.03152 0.56694
1403638570.3778295517 5.62879 -0.13604 0.23506 0.01902 0.82246 -0.03886 0.56718
1403638570.4778294563 5.63470 -0.12670 0.21255 0.01474 0.82190 -0.05446 0.56684
1403638570.5778295994 5.63866 -0.12142 0.18508 0.00772 0.81918 -0.08148 0.56766
1403638570.6778295040 5.64126 -0.12387 0.15291 0.00850 0.81392 -0.11071 0.57027
1403638570.7778294086 5.64340 -0.13516 0.11839 0.01572 0.80275 -0.13831 0.57984
1403638570.8778295517 5.64090 -0.15645 0.08198 0.02826 0.79099 -0.16279 0.58909
1403638570.9778294563 5.63144 -0.18760 0.04266 0.04373 0.78276 -0.18418 0.59283
1403638571.0778295994 5.61367 -0.22857 -0.00071 0.06066 0.77994 -0.20333 0.58879
1403638571.1778295040 5.58569 -0.27774 -0.04137 0.08227 0.78249 -0.21581 0.57825
1403638571.2778294086 5.55099 -0.33515 -0.07281 0.10260 0.78367 -0.22233 0.57088
1403638571.3778295517 5.50908 -0.39620 -0.09444 0.11546 0.78291 -0.22785 0.56728
1403638571.4778294563 5.46181 -0.46040 -0.10671 0.12163 0.77997 -0.23272 0.56806
1403638571.5778295994 5.40947 -0.52789 -0.11568 0.12870 0.77746 -0.23700 0.56818
1403638571.6778295040 5.35373 -0.59841 -0.12876 0.13492 0.77704 -0.24636 0.56331
1403638571.7778294086 5.29511 -0.67296 -0.14725 0.14294 0.77635 -0.25967 0.55625
1403638571.8778295517 5.23491 -0.75118 -0.17008 0.15012 0.77326 -0.27719 0.55019
1403638571.9778294563 5.17162 -0.83366 -0.18918 0.15772 0.76710 -0.29697 0.54635
1403638572.0778295994 5.10593 -0.91841 -0.19996 0.16684 0.76008 -0.31609 0.54271
1403638572.1778295040 5.03579 -1.00689 -0.20144 0.18263 0.75317 -0.33119 0.53822
1403638572.2778294086 4.96212 -1.09823 -0.19806 0.19676 0.74878 -0.34771 0.52888
1403638572.3778295517 4.88772 -1.19326 -0.19684 0.20983 0.74384 -0.36592 0.51843
1403638572.4778294563 4.81387 -1.29140 -0.19907 0.22376 0.73980 -0.37890 0.50899
1403638572.5778295994 4.74029 -1.39458 -0.20275 0.23463 0.73591 -0.38744 0.50326
1403638572.6778295040 4.66888 -1.50036 -0.20569 0.24049 0.73404 -0.39277 0.49907
1403638572.7778294086 4.59854 -1.61224 -0.20104 0.24834 0.73535 -0.39251 0.49347
1403638572.8778295517 4.53265 -1.72707 -0.18855 0.25197 0.73772 -0.39179 0.48865
1403638572.9778294563 4.46888 -1.84594 -0.17073 0.25273 0.73976 -0.39082 0.48595
1403638573.0778295994 4.41024 -1.96742 -0.15732 0.25215 0.74174 -0.38963 0.48418
1403638573.1778295040 4.35618 -2.09016 -0.15038 0.25055 0.74324 -0.38851 0.48362
1403638573.2778294086 4.30733 -2.21553 -0.14391 0.24901 0.74459 -0.38655 0.48390
1403638573.3778295517 4.26095 -2.34348 -0.13783 0.24843 0.74527 -0.38577 0.48378
1403638573.4778294563 4.22428 -2.47466 -0.12664 0.25149 0.74539 -0.38588 0.48191
1403638573.5778295994 4.19214 -2.60704 -0.10958 0.25336 0.74524 -0.38630 0.48083
1403638573.6778295040 4.16592 -2.73996 -0.08494 0.25638 0.74555 -0.38698 0.47820
1403638573.7778294086 4.14379 -2.87748 -0.05484 0.26333 0.74188 -0.39047 0.47729
1403638573.8778295517 4.12848 -3.01654 -0.02561 0.27695 0.73156 -0.39608 0.48087
1403638573.9778294563 4.11861 -3.15572 -0.00155 0.28866 0.71608 -0.40959 0.48595
1403638574.0778295994 4.11173 -3.29221 0.01534 0.29434 0.69572 -0.43110 0.49344
1403638574.1778295040 4.10693 -3.42321 0.02527 0.30020 0.67349 -0.45505 0.49922
1403638574.2778294086 4.10194 -3.55124 0.02881 0.30939 0.65486 -0.47721 0.49770
1403638574.3778295517 4.08772 -3.67577 0.02948 0.32170 0.64156 -0.49704 0.48771
1403638574.4778294563 4.06572 -3.79873 0.02694 0.33508 0.62997 -0.51495 0.47505
1403638574.5778295994 4.03858 -3.91779 0.02837 0.34544 0.61934 -0.52902 0.46608
1403638574.6778295040 4.00727 -4.03502 0.03815 0.35725 0.61301 -0.53603 0.45746
1403638574.7778294086 3.97402 -4.14942 0.05398 0.36802 0.61288 -0.53849 0.44606
1403638574.8778295517 3.94084 -4.26402 0.07391 0.36934 0.61501 -0.54280 0.43671
1403638574.9778294563 3.90632 -4.37233 0.08879 0.36804 0.61735 -0.54605 0.43041
1403638575.0778295994 3.87184 -4.47848 0.09680 0.36059 0.61592 -0.55140 0.43194
1403638575.1778295040 3.83603 -4.58588 0.09905 0.35479 0.61322 -0.55468 0.43637
1403638575.2778294086 3.79820 -4.69795 0.09945 0.35132 0.61194 -0.55544 0.43999
1403638575.3778295517 3.75642 -4.80926 0.09396 0.34818 0.61531 -0.55537 0.43786
1403638575.4778294563 3.71275 -4.92436 0.08539 0.34637 0.62084 -0.55367 0.43363
1403638575.5778295994 3.66516 -5.04237 0.07592 0.34557 0.62586 -0.55109 0.43033
1403638575.6778295040 3.61617 -5.16563 0.07331 0.34915 0.63220 -0.54576 0.42493
1403638575.7778294086 3.56825 -5.28885 0.07911 0.35018 0.63879 -0.54264 0.41817
1403638575.8778295517 3.52217 -5.41638 0.09429 0.35015 0.64300 -0.54053 0.41446
1403638575.9778294563 3.48024 -5.54617 0.12061 0.34972 0.64331 -0.53977 0.41532
1403638576.0778295994 3.44055 -5.68433 0.15363 0.35044 0.64389 -0.53837 0.41563
1403638576.1778295040 3.40296 -5.83143 0.19153 0.35133 0.64228 -0.53792 0.41796
1403638576.2778294086 3.36981 -5.98060 0.22637 0.35543 0.64279 -0.53535 0.41699
1403638576.3778295517 3.34065 -6.13346 0.25472 0.36006 0.64432 -0.53236 0.41449
1403638576.4778294563 3.31711 -6.28980 0.27758 0.36394 0.64692 -0.52982 0.41028
1403638576.5778295994 3.30052 -6.44893 0.29494 0.36854 0.65100 -0.52688 0.40346
1403638576.6778295040 3.29208 -6.60675 0.30720 0.37175 0.65244 -0.52467 0.40106
1403638576.7778294086 3.29214 -6.76835 0.31512 0.37667 0.65004 -0.52099 0.40514
1403638576.8778295517 3.29875 -6.93085 0.31840 0.37938 0.64501 -0.51922 0.41283
1403638576.9778294563 3.31189 -7.09512 0.31761 0.37739 0.63861 -0.52102 0.42224
1403638577.0778295994 3.33071 -7.25831 0.31662 0.37310 0.63482 -0.52443 0.42753
1403638577.1778295040 3.35330 -7.42030 0.32339 0.37028 0.63201 -0.52655 0.43152
1403638577.2778294086 3.37869 -7.57682 0.33549 0.37068 0.63252 -0.52630 0.43072
1403638577.3778295517 3.40654 -7.73365 0.35638 0.37736 0.63674 -0.52138 0.42465
1403638577.4778294563 3.43855 -7.88780 0.38240 0.38174 0.63920 -0.51812 0.42101
1403638577.5778295994 3.47581 -8.04017 0.40440 0.37880 0.63920 -0.51989 0.42149
1403638577.6778295040 3.51847 -8.19049 0.42061 0.37542 0.63817 -0.52199 0.42346
1403638577.7778294086 3.56478 -8.33737 0.42909 0.37267 0.63771 -0.52351 0.42470
1403638577.8778295517 3.61530 -8.48637 0.43226 0.37233 0.63793 -0.52325 0.42500
1403638577.9778294563 3.66920 -8.62476 0.43169 0.37310 0.63850 -0.52183 0.42521
1403638578.0778295994 3.72769 -8.77235 0.43794 0.37201 0.63775 -0.52177 0.42736
1403638578.1778295040 3.79047 -8.90854 0.45063 0.36735 0.63480 -0.52418 0.43280
1403638578.2778294086 3.85347 -9.04535 0.46952 0.35881 0.62997 -0.52971 0.44023
1403638578.3778295517 3.91614 -9.18427 0.48909 0.35671 0.62765 -0.53134 0.44328
1403638578.4778294563 3.97611 -9.31997 0.50253 0.35681 0.62729 -0.53172 0.44325
1403638578.5778295994 4.03325 -9.45150 0.51155 0.35676 0.62677 -0.53239 0.44322
1403638578.6778295040 4.09019 -9.58778 0.51442 0.35919 0.62666 -0.53121 0.44282
1403638578.7778294086 4.14251 -9.71379 0.51615 0.36447 0.62926 -0.52778 0.43891
1403638578.8778295517 4.19930 -9.84671 0.51165 0.36957 0.63207 -0.52414 0.43495
1403638578.9778294563 4.25387 -9.96686 0.50849 0.37197 0.63348 -0.52202 0.43340
1403638579.0778295994 4.31230 -10.09493 0.51259 0.37241 0.63418 -0.52098 0.43325
1403638579.1778295040 4.36710 -10.20714 0.52437 0.37291 0.63429 -0.52010 0.43372
1403638579.2778294086 4.43191 -10.32915 0.54104 0.37069 0.63333 -0.52117 0.43572
1403638579.3778295517 4.49142 -10.43384 0.55912 0.36494 0.63018 -0.52486 0.44070
1403638579.4778294563 4.55561 -10.55074 0.57574 0.35912 0.62597 -0.52874 0.44680
1403638579.5778295994 4.61708 -10.65862 0.58495 0.35785 0.62349 -0.52602 0.45443
1403638579.6778295040 4.67580 -10.76416 0.58933 0.35997 0.62414 -0.51389 0.46560
1403638579.7778294086 4.73439 -10.86799 0.58833 0.35839 0.63468 -0.49494 0.47305
1403638579.8778295517 4.79008 -10.96454 0.58074 0.34779 0.65476 -0.47382 0.47522
1403638579.9778294563 4.84537 -11.05541 0.56849 0.33073 0.67489 -0.44890 0.48335
1403638580.0778295994 4.90351 -11.14597 0.55510 0.31635 0.68949 -0.41453 0.50269
1403638580.1778295040 4.96672 -11.23399 0.53776 0.29654 0.70382 -0.37776 0.52344
1403638580.2778294086 5.02246 -11.30349 0.51565 0.27027 0.72086 -0.34312 0.53813
1403638580.3778295517 5.07653 -11.36814 0.48766 0.24011 0.73711 -0.31699 0.54638
1403638580.4778294563 5.12552 -11.42927 0.45565 0.21411 0.74874 -0.30065 0.55059
1403638580.5778295994 5.17090 -11.48977 0.42301 0.19672 0.75606 -0.28746 0.55411
1403638580.6778295040 5.21233 -11.54731 0.39103 0.18151 0.76619 -0.27296 0.55271
1403638580.7778294086 5.25058 -11.60437 0.36605 0.17129 0.77635 -0.25813 0.54892
1403638580.8778295517 5.28452 -11.65944 0.34945 0.16668 0.78329 -0.24737 0.54541
1403638580.9778294563 5.31899 -11.71151 0.34661 0.16111 0.78471 -0.24397 0.54659
1403638581.0778295994 5.35094 -11.75754 0.35400 0.16019 0.78563 -0.24218 0.54633
1403638581.1778295040 5.37782 -11.80046 0.36863 0.16283 0.78554 -0.24061 0.54637
1403638581.2778294086 5.40247 -11.83952 0.38589 0.16700 0.78558 -0.24033 0.54517
1403638581.3778295517 5.42812 -11.87235 0.40760 0.17061 0.78425 -0.24153 0.54544
1403638581.4778294563 5.45277 -11.90848 0.42777 0.17343 0.78211 -0.24328 0.54685
1403638581.5778295994 5.48335 -11.94286 0.45526 0.17699 0.78146 -0.24567 0.54557
1403638581.6778295040 5.51226 -11.97672 0.48043 0.18223 0.77733 -0.24572 0.54970
1403638581.7778294086 5.54816 -12.01379 0.49875 0.18499 0.77365 -0.24782 0.55302
1403638581.8778295517 5.58415 -12.04950 0.50942 0.18844 0.77051 -0.24818 0.55608
1403638581.9778294563 5.61397 -12.07788 0.51648 0.19231 0.76299 -0.24646 0.56579
1403638582.0778295994 5.64550 -12.10552 0.52202 0.19133 0.76471 -0.24846 0.56292
1403638582.1778295040 5.67215 -12.12535 0.53510 0.18737 0.77202 -0.25188 0.55267
1403638582.2778294086 5.69593 -12.13930 0.56017 0.18777 0.77502 -0.25191 0.54829
1403638582.3778295517 5.72195 -12.15303 0.59281 0.19039 0.77175 -0.24971 0.55299
1403638582.4778294563 5.74938 -12.16235 0.63923 0.19256 0.77057 -0.24813 0.55459
1403638582.5778295994 5.77528 -12.16702 0.69726 0.19360 0.76998 -0.24704 0.55554
1403638582.6778295040 5.79570 -12.16909 0.75017 0.19334 0.77104 -0.24728 0.55405
1403638582.7778294086 5.82160 -12.16730 0.82561 0.19160 0.77258 -0.24908 0.55169
1403638582.8778295517 5.84634 -12.16062 0.90130 0.19202 0.77389 -0.24964 0.54945
1403638582.9778294563 5.87158 -12.14924 0.97088 0.19087 0.77608 -0.25126 0.54603
1403638583.0778295994 5.89665 -12.13614 1.03242 0.18993 0.77856 -0.25298 0.54201
1403638583.1778295040 5.92277 -12.12164 1.08475 0.18989 0.78014 -0.25373 0.53939
1403638583.2778294086 5.95084 -12.10620 1.13012 0.18863 0.78072 -0.25502 0.53838
1403638583.3778295517 5.96387 -12.07796 1.13413 0.18890 0.78043 -0.25442 0.53900
1403638583.4778294563 5.99766 -12.05864 1.17215 0.18910 0.78111 -0.25455 0.53788
1403638583.5778295994 6.02814 -12.03748 1.21099 0.18923 0.78108 -0.25445 0.53793
1403638583.6778295040 6.05960 -12.01438 1.25705 0.19092 0.78138 -0.25323 0.53747
1403638583.7778294086 6.09304 -11.98928 1.30277 0.19066 0.78106 -0.25324 0.53801
1403638583.8778295517 6.07292 -11.94955 1.25181 0.19106 0.78026 -0.25261 0.53934
1403638583.9778294563 6.11108 -11.92650 1.27757 0.19150 0.78026 -0.25232 0.53930
1403638584.0778295994 6.14358 -11.89862 1.29745 0.19444 0.77685 -0.25008 0.54421
1403638584.1778295040 6.15949 -11.87599 1.28234 0.19846 0.76796 -0.24644 0.55688
1403638584.2778294086 6.19502 -11.83607 1.29956 0.20077 0.75895 -0.24411 0.56929
1403638584.3778295517 6.22219 -11.79152 1.29656 0.20235 0.75622 -0.24279 0.57293
1403638584.4778294563 6.24885 -11.73415 1.29743 0.20312 0.75615 -0.24210 0.57304
1403638584.5778295994 6.26776 -11.67484 1.29647 0.20278 0.75635 -0.24218 0.57286
1403638584.6778295040 6.28256 -11.60810 1.30335 0.20049 0.75814 -0.24353 0.57072
1403638584.7778294086 6.29459 -11.52942 1.31601 0.19681 0.76492 -0.24584 0.56190
1403638584.8778295517 6.29860 -11.45090 1.33271 0.19042 0.77255 -0.25049 0.55151
1403638584.9778294563 6.30568 -11.36277 1.34701 0.18849 0.77610 -0.25246 0.54627
1403638585.0778295994 6.31276 -11.27372 1.35312 0.18809 0.77736 -0.25308 0.54432
1403638585.1778295040 6.31972 -11.19222 1.35278 0.18570 0.77719 -0.25470 0.54463
1403638585.2778294086 6.31891 -11.10889 1.35322 0.18674 0.77532 -0.25387 0.54731
1403638585.3778295517 6.32447 -11.02672 1.34496 0.18735 0.77326 -0.25316 0.55035
1403638585.4778294563 6.31427 -10.94735 1.34222 0.18720 0.77350 -0.25336 0.54996
1403638585.5778295994 6.31982 -10.86312 1.33862 0.18633 0.77534 -0.25354 0.54758
1403638585.6778295040 6.31551 -10.77661 1.34879 0.18625 0.77789 -0.25355 0.54398
1403638585.7778294086 6.32106 -10.69130 1.36264 0.18302 0.78292 -0.25575 0.53679
1403638585.8778295517 6.31677 -10.60811 1.39164 0.18042 0.78676 -0.25766 0.53110
1403638585.9778294563 6.31898 -10.53127 1.42752 0.17857 0.78668 -0.25970 0.53085
1403638586.0778295994 6.32463 -10.45834 1.46461 0.18059 0.78255 -0.25904 0.53656
1403638586.1778295040 6.33991 -10.38085 1.49049 0.18247 0.77976 -0.25853 0.54022
1403638586.2778294086 6.34611 -10.30760 1.51569 0.18477 0.77721 -0.25740 0.54365
1403638586.3778295517 6.36026 -10.23083 1.53224 0.19062 0.77418 -0.25375 0.54765
1403638586.4778294563 6.36570 -10.15412 1.54611 0.19868 0.77257 -0.24880 0.54933
1403638586.5778295994 6.37821 -10.07328 1.55076 0.20091 0.77187 -0.24763 0.55003
1403638586.6778295040 6.38620 -9.99018 1.54990 0.19808 0.77274 -0.24983 0.54884
1403638586.7778294086 6.39917 -9.90439 1.54216 0.19402 0.77238 -0.25256 0.54955
1403638586.8778295517 6.40760 -9.81920 1.52969 0.19186 0.77128 -0.25348 0.55142
1403638586.9778294563 6.41758 -9.72960 1.51133 0.19212 0.77103 -0.25322 0.55181
1403638587.0778295994 6.42503 -9.64300 1.49121 0.19138 0.77082 -0.25376 0.55209
1403638587.1778295040 6.43226 -9.54911 1.47602 0.19093 0.77203 -0.25374 0.55058
1403638587.2778294086 6.44238 -9.45592 1.46695 0.19019 0.77370 -0.25391 0.54840
1403638587.3778295517 6.44774 -9.36026 1.46559 0.18959 0.77530 -0.25429 0.54618
1403638587.4778294563 6.45939 -9.26521 1.46407 0.18779 0.77534 -0.25608 0.54590
1403638587.5778295994 6.46496 -9.16660 1.46470 0.18700 0.77539 -0.25706 0.54565
1403638587.6778295040 6.48013 -9.07513 1.45445 0.18684 0.77494 -0.25759 0.54608
1403638587.7778294086 6.48731 -8.97872 1.44176 0.18680 0.77455 -0.25800 0.54645
1403638587.8778295517 6.50051 -8.88845 1.42334 0.18602 0.77414 -0.25887 0.54689
1403638587.9778294563 6.50708 -8.79211 1.40295 0.18582 0.77374 -0.25937 0.54729
1403638588.0778295994 6.51800 -8.70521 1.37591 0.18698 0.77327 -0.25824 0.54809
1403638588.1778295040 6.52305 -8.61086 1.34576 0.19359 0.77411 -0.25386 0.54666
1403638588.2778294086 6.53028 -8.52187 1.31616 0.19644 0.77490 -0.25146 0.54562
1403638588.3778295517 6.53629 -8.42421 1.29408 0.19709 0.77526 -0.25076 0.54520
1403638588.4778294563 6.54569 -8.32833 1.28034 0.19542 0.77519 -0.25182 0.54542
1403638588.5778295994 6.55230 -8.22665 1.27443 0.19302 0.77445 -0.25345 0.54656
1403638588.6778295040 6.55719 -8.12660 1.27855 0.19072 0.77366 -0.25479 0.54787
1403638588.7778294086 6.56174 -8.02314 1.28838 0.18920 0.77214 -0.25615 0.54990
1403638588.8778295517 6.56661 -7.92617 1.29727 0.18678 0.77155 -0.25848 0.55047
1403638588.9778294563 6.56806 -7.82491 1.29684 0.18707 0.77146 -0.25877 0.55036
1403638589.0778295994 6.57095 -7.72896 1.29129 0.18755 0.77166 -0.25908 0.54977
1403638589.1778295040 6.57214 -7.62336 1.27558 0.18915 0.77142 -0.25837 0.54988
1403638589.2778294086 6.57530 -7.52394 1.26093 0.18889 0.77040 -0.25852 0.55134
1403638589.3778295517 6.57370 -7.41811 1.24130 0.18909 0.77021 -0.25832 0.55163
1403638589.4778294563 6.57527 -7.31818 1.22896 0.18878 0.77104 -0.25897 0.55027
1403638589.5778295994 6.57022 -7.21204 1.22132 0.18811 0.77099 -0.25935 0.55039
1403638589.6778295040 6.57493 -7.11814 1.22319 0.18773 0.77156 -0.25940 0.54969
1403638589.7778294086 6.57107 -7.01528 1.23100 0.18808 0.77309 -0.25980 0.54722
1403638589.8778295517 6.56764 -6.92209 1.24275 0.18813 0.77361 -0.26082 0.54599
1403638589.9778294563 6.56304 -6.81872 1.24260 0.18851 0.77359 -0.26127 0.54567
1403638590.0778295994 6.55569 -6.72126 1.24235 0.18816 0.77353 -0.26210 0.54549
1403638590.1778295040 6.54922 -6.61863 1.23368 0.18880 0.77246 -0.26238 0.54665
1403638590.2778294086 6.54376 -6.52875 1.22478 0.18852 0.77170 -0.26300 0.54752
1403638590.3778295517 6.53705 -6.42982 1.20780 0.18876 0.77198 -0.26345 0.54681
1403638590.4778294563 6.53032 -6.33296 1.18874 0.18887 0.77257 -0.26376 0.54580
1403638590.5778295994 6.52166 -6.23706 1.17040 0.18782 0.77362 -0.26447 0.54432
1403638590.6778295040 6.51352 -6.14115 1.15901 0.18598 0.77532 -0.26554 0.54202
1403638590.7778294086 6.50525 -6.04569 1.15790 0.18524 0.77612 -0.26603 0.54088
1403638590.8778295517 6.49731 -5.95295 1.16166 0.18552 0.77696 -0.26609 0.53955
1403638590.9778294563 6.48980 -5.85806 1.17400 0.18426 0.77754 -0.26701 0.53868
1403638591.0778295994 6.48001 -5.76372 1.18770 0.18296 0.77840 -0.26848 0.53716
1403638591.1778295040 6.47455 -5.67165 1.19730 0.18200 0.78259 -0.26972 0.53074
1403638591.2778294086 6.46862 -5.57804 1.19708 0.17952 0.78840 -0.27203 0.52172
1403638591.3778295517 6.46781 -5.49470 1.19394 0.17620 0.79266 -0.27467 0.51497
1403638591.4778294563 6.47356 -5.41934 1.18654 0.17353 0.79535 -0.27687 0.51053
1403638591.5778295994 6.48537 -5.35051 1.17363 0.17082 0.79805 -0.27923 0.50593
1403638591.6778295040 6.50291 -5.29027 1.15699 0.16952 0.79829 -0.28040 0.50535
1403638591.7778294086 6.52716 -5.24059 1.14067 0.17134 0.79642 -0.27938 0.50824
1403638591.8778295517 6.55916 -5.20376 1.12546 0.17235 0.79411 -0.27851 0.51197
1403638591.9778294563 6.59599 -5.17532 1.11850 0.17314 0.79149 -0.27776 0.51615
1403638592.0778295994 6.63780 -5.15275 1.11996 0.17369 0.78891 -0.27670 0.52047
1403638592.1778295040 6.68340 -5.13348 1.13106 0.17180 0.78610 -0.27484 0.52631
1403638592.2778294086 6.73193 -5.12344 1.15383 0.16694 0.78068 -0.26947 0.53857
1403638592.3778295517 6.78027 -5.11337 1.18609 0.15811 0.77821 -0.26063 0.54906
1403638592.4778294563 6.82740 -5.10318 1.22522 0.14650 0.78087 -0.24686 0.55483
1403638592.5778295994 6.87141 -5.09744 1.26984 0.13879 0.78840 -0.23279 0.55224
1403638592.6778295040 6.91267 -5.09564 1.32019 0.13224 0.79600 -0.22166 0.54751
1403638592.7778294086 6.95264 -5.09810 1.36988 0.12709 0.80315 -0.21423 0.54120
1403638592.8778295517 6.99248 -5.10432 1.41511 0.12298 0.80825 -0.20966 0.53633
1403638592.9778294563 7.03470 -5.11367 1.45549 0.12230 0.81081 -0.20601 0.53404
1403638593.0778295994 7.08116 -5.13002 1.48940 0.12123 0.81158 -0.20470 0.53361
1403638593.1778295040 7.13168 -5.14913 1.52660 0.12137 0.80989 -0.20375 0.53650
1403638593.2778294086 7.18620 -5.17482 1.56720 0.12815 0.80666 -0.19987 0.54123
1403638593.3778295517 7.24226 -5.20129 1.61476 0.13716 0.80333 -0.19467 0.54585
1403638593.4778294563 7.29759 -5.22717 1.65915 0.14537 0.79874 -0.19060 0.55186
1403638593.5778295994 7.35527 -5.25111 1.69758 0.14992 0.79590 -0.18922 0.55522
1403638593.6778295040 7.41401 -5.27134 1.72946 0.15255 0.79467 -0.18882 0.55639
1403638593.7778294086 7.47236 -5.28758 1.75525 0.15384 0.79133 -0.18902 0.56071
1403638593.8778295517 7.52890 -5.29998 1.78053 0.14969 0.78093 -0.18890 0.57624
1403638593.9778294563 7.58033 -5.30516 1.80880 0.14317 0.77759 -0.18570 0.58342
1403638594.0778295994 7.62470 -5.30726 1.84074 0.13486 0.78319 -0.18376 0.57850
1403638594.1778295040 7.66446 -5.30793 1.87836 0.13269 0.78935 -0.17929 0.57200
1403638594.2778294086 7.70046 -5.30693 1.91546 0.13310 0.79182 -0.17455 0.56995
1403638594.3778295517 7.73132 -5.30236 1.94872 0.13560 0.79090 -0.16962 0.57212
1403638594.4778294563 7.75654 -5.29338 1.98569 0.13929 0.78963 -0.16413 0.57458
1403638594.5778295994 7.78063 -5.27990 2.02849 0.13373 0.78990 -0.16604 0.57498
1403638594.6778295040 7.79794 -5.26196 2.07808 0.12804 0.79044 -0.16927 0.57460
1403638594.7778294086 7.81541 -5.24369 2.12398 0.12590 0.79113 -0.17129 0.57352
1403638594.8778295517 7.82469 -5.22207 2.16435 0.12456 0.79114 -0.17294 0.57330
1403638594.9778294563 7.83629 -5.19999 2.19617 0.12563 0.79295 -0.17346 0.57040
1403638595.0778295994 7.84490 -5.17627 2.22180 0.12422 0.79410 -0.17525 0.56856
1403638595.1778295040 7.85173 -5.15255 2.24108 0.12404 0.79456 -0.17646 0.56758
1403638595.2778294086 7.85692 -5.12865 2.25410 0.12456 0.79499 -0.17673 0.56679
1403638595.3778295517 7.85740 -5.10188 2.26256 0.12431 0.79464 -0.17742 0.56711
1403638595.4778294563 7.85825 -5.07826 2.26243 0.12437 0.79498 -0.17764 0.56655
1403638595.5778295994 7.85718 -5.05449 2.25902 0.12439 0.79578 -0.17734 0.56552
1403638595.6778295040 7.85496 -5.03008 2.26011 0.12675 0.79586 -0.17565 0.56541
1403638595.7778294086 7.85256 -5.00368 2.26619 0.13099 0.79687 -0.17270 0.56393
1403638595.8778295517 7.85074 -4.97614 2.27004 0.13225 0.79727 -0.17205 0.56326
1403638595.9778294563 7.84798 -4.94830 2.25987 0.13463 0.79701 -0.17060 0.56352
1403638596.0778295994 7.84472 -4.91864 2.23486 0.14214 0.79775 -0.16577 0.56207
1403638596.1778295040 7.84262 -4.88469 2.21404 0.15337 0.79927 -0.15789 0.55920
1403638596.2778294086 7.84127 -4.84300 2.19952 0.16500 0.80108 -0.14922 0.55568
1403638596.3778295517 7.84111 -4.79287 2.19157 0.17428 0.80128 -0.14165 0.55454
1403638596.4778294563 7.84553 -4.73052 2.19529 0.17979 0.80101 -0.13682 0.55438
1403638596.5778295994 7.85504 -4.65859 2.20615 0.18646 0.80180 -0.13135 0.55236
1403638596.6778295040 7.86984 -4.56887 2.22702 0.19408 0.80211 -0.12534 0.55068
1403638596.7778294086 7.89079 -4.46259 2.25502 0.19799 0.80223 -0.12196 0.54987
1403638596.8778295517 7.91898 -4.34203 2.28876 0.20150 0.80158 -0.11903 0.55018
1403638596.9778294563 7.95024 -4.20218 2.32559 0.20335 0.80030 -0.11812 0.55156
1403638597.0778295994 7.98644 -4.04864 2.35688 0.20609 0.79940 -0.11703 0.55208
1403638597.1778295040 8.02620 -3.88150 2.38280 0.20834 0.79754 -0.11671 0.55399
1403638597.2778294086 8.06948 -3.69558 2.40177 0.20593 0.79479 -0.11972 0.55818
1403638597.3778295517 8.11494 -3.49742 2.41375 0.20117 0.79300 -0.12454 0.56140
1403638597.4778294563 8.16183 -3.28348 2.42415 0.19258 0.78970 -0.13153 0.56744
1403638597.5778295994 8.20838 -3.05686 2.42958 0.17991 0.78502 -0.14101 0.57576
1403638597.6778295040 8.25208 -2.82101 2.42992 0.17551 0.78266 -0.14500 0.57932
1403638597.7778294086 8.29167 -2.57798 2.42448 0.17961 0.78450 -0.13989 0.57683
1403638597.8778295517 8.32879 -2.32782 2.41424 0.18372 0.78723 -0.12853 0.57445
1403638597.9778294563 8.36403 -2.06837 2.40065 0.18477 0.78900 -0.11933 0.57367
1403638598.0778295994 8.40168 -1.79690 2.39138 0.17789 0.78927 -0.11678 0.57600
1403638598.1778295040 8.43841 -1.51278 2.38817 0.15625 0.79077 -0.12595 0.57828
1403638598.2778294086 8.47327 -1.22220 2.38971 0.13877 0.79265 -0.13441 0.57826
1403638598.3778295517 8.50786 -0.93008 2.38926 0.12784 0.79443 -0.13974 0.57708
1403638598.4778294563 8.54239 -0.63934 2.38222 0.12360 0.79672 -0.14155 0.57439
1403638598.5778295994 8.57452 -0.34965 2.36674 0.11870 0.79876 -0.13960 0.57306
1403638598.6778295040 8.60440 -0.06377 2.34588 0.11444 0.80121 -0.13112 0.57251
1403638598.7778294086 8.63214 0.21678 2.32598 0.10614 0.80360 -0.12036 0.57313
1403638598.8778295517 8.65745 0.49229 2.31261 0.09707 0.80487 -0.10597 0.57579
1403638598.9778294563 8.67925 0.76425 2.30248 0.08727 0.80762 -0.08964 0.57628
1403638599.0778295994 8.70059 1.03544 2.29585 0.07538 0.80933 -0.07304 0.57791
1403638599.1778295040 8.72066 1.30316 2.29465 0.06360 0.81096 -0.05549 0.57898
1403638599.2778294086 8.73795 1.56522 2.29747 0.05283 0.81326 -0.03659 0.57833
1403638599.3778295517 8.75341 1.82447 2.30766 0.04051 0.81680 -0.01943 0.57516
1403638599.4778294563 8.76499 2.08464 2.32342 0.03149 0.81920 -0.00611 0.57261
1403638599.5778295994 8.77445 2.34600 2.33800 0.02591 0.82166 0.00247 0.56939
1403638599.6778295040 8.78404 2.60767 2.34413 0.02227 0.82318 0.00712 0.56731
1403638599.7778294086 8.79535 2.86874 2.34165 0.02104 0.82326 0.00824 0.56721
1403638599.8778295517 8.80875 3.12894 2.33372 0.01904 0.82447 0.00587 0.56555
1403638599.9778294563 8.82328 3.39133 2.32209 0.01520 0.82454 0.00038 0.56560
1403638600.0778295994 8.84260 3.65172 2.30668 0.00877 0.82554 -0.00736 0.56423
1403638600.1778295040 8.86479 3.90448 2.28759 -0.00338 0.82710 -0.01906 0.56172
1403638600.2778294086 8.88910 4.15289 2.26288 -0.01335 0.82904 -0.02973 0.55824
1403638600.3778295517 8.91713 4.39181 2.23740 -0.02096 0.83033 -0.03832 0.55556
1403638600.4778294563 8.94935 4.61624 2.22003 -0.02726 0.83142 -0.04476 0.55317
1403638600.5778295994 8.98758 4.82385 2.21398 -0.02525 0.83198 -0.04538 0.55237
1403638600.6778295040 9.02831 5.01493 2.21513 -0.02820 0.83346 -0.04831 0.54974
1403638600.7778294086 9.07315 5.19106 2.22324 -0.02806 0.83720 -0.04809 0.54406
1403638600.8778295517 9.12537 5.34874 2.23656 -0.01723 0.84111 -0.03925 0.53917
1403638600.9778294563 9.18306 5.49456 2.24649 -0.00056 0.84335 -0.02575 0.53674
1403638601.0778295994 9.24605 5.63027 2.25179 0.00847 0.84383 -0.01764 0.53625
1403638601.1778295040 9.31681 5.76240 2.25299 0.01630 0.84252 -0.01114 0.53831
1403638601.2778294086 9.39594 5.89466 2.25030 0.02580 0.83617 -0.00353 0.54785
1403638601.3778295517 9.48015 6.02821 2.24657 0.02313 0.83118 0.00040 0.55553
1403638601.4778294563 9.56851 6.16615 2.24640 0.01017 0.82688 0.00512 0.56227
1403638601.5778295994 9.65723 6.30452 2.25510 -0.00053 0.82230 0.01950 0.56872
1403638601.6778295040 9.74733 6.44305 2.26901 -0.01161 0.82001 0.03959 0.57087
1403638601.7778294086 9.83591 6.58166 2.29021 -0.02408 0.81750 0.06508 0.57173
1403638601.8778295517 9.92206 6.72085 2.31980 -0.03782 0.81292 0.09415 0.57347
1403638601.9778294563 10.00489 6.86263 2.35035 -0.05258 0.81015 0.11757 0.57190
1403638602.0778295994 10.08537 7.00530 2.37444 -0.06408 0.80879 0.13452 0.56891
1403638602.1778295040 10.16005 7.14908 2.39214 -0.07003 0.80429 0.15027 0.57064
1403638602.2778294086 10.22957 7.29486 2.40550 -0.07765 0.79749 0.16785 0.57429
1403638602.3778295517 10.29540 7.44569 2.41826 -0.10005 0.78662 0.18052 0.58192
1403638602.4778294563 10.35408 7.59801 2.44195 -0.13476 0.76476 0.18721 0.60161
1403638602.5778295994 10.40084 7.74370 2.47340 -0.16979 0.74326 0.19239 0.61784
1403638602.6778295040 10.43460 7.87627 2.51002 -0.19039 0.73322 0.20586 0.61949
1403638602.7778294086 10.44981 7.99225 2.55118 -0.20145 0.72914 0.22553 0.61393
1403638602.8778295517 10.44288 8.08827 2.59687 -0.21277 0.72593 0.24525 0.60630
1403638602.9778294563 10.42088 8.16975 2.64516 -0.23261 0.72625 0.26061 0.59206
1403638603.0778295994 10.39130 8.23903 2.69020 -0.25154 0.72147 0.27532 0.58345
1403638603.1778295040 10.35657 8.29461 2.72842 -0.26375 0.71435 0.28969 0.57985
1403638603.2778294086 10.31474 8.33517 2.75444 -0.26214 0.72189 0.30666 0.56224
1403638603.3778295517 10.26672 8.36232 2.77063 -0.25564 0.73472 0.32090 0.54024
1403638603.4778294563 10.21667 8.38419 2.78298 -0.25241 0.74305 0.32801 0.52590
1403638603.5778295994 10.16823 8.40322 2.79211 -0.25396 0.74074 0.33254 0.52557
1403638603.6778295040 10.11759 8.41786 2.79660 -0.25645 0.73274 0.33547 0.53365
1403638603.7778294086 10.06900 8.42795 2.79349 -0.25033 0.72397 0.34210 0.54421
1403638603.8778295517 10.01348 8.43154 2.78367 -0.24399 0.71610 0.34746 0.55402
1403638603.9778294563 9.95409 8.43489 2.76733 -0.23897 0.70928 0.35040 0.56306
1403638604.0778295994 9.88764 8.43699 2.74517 -0.23275 0.70590 0.35297 0.56829
1403638604.1778295040 9.81022 8.44015 2.72641 -0.23149 0.70534 0.35379 0.56898
1403638604.2778294086 9.72014 8.43555 2.71688 -0.23811 0.70925 0.35016 0.56362
1403638604.3778295517 9.61836 8.42799 2.71281 -0.24389 0.71684 0.34727 0.55323
1403638604.4778294563 9.50974 8.41526 2.71651 -0.24207 0.72464 0.34906 0.54263
1403638604.5778295994 9.39789 8.39950 2.72627 -0.24039 0.72927 0.35056 0.53618
1403638604.6778295040 9.28200 8.38182 2.73130 -0.24329 0.73248 0.34913 0.53141
1403638604.7778294086 9.16493 8.36168 2.73111 -0.24758 0.73446 0.34661 0.52833
1403638604.8778295517 9.05013 8.33925 2.73060 -0.24870 0.73768 0.34604 0.52368
1403638604.9778294563 8.93512 8.31473 2.73359 -0.24631 0.74370 0.34786 0.51501
1403638605.0778295994 8.81977 8.28762 2.74518 -0.24385 0.75012 0.34990 0.50539
1403638605.1778295040 8.71133 8.26266 2.76571 -0.24133 0.75412 0.35192 0.49922
1403638605.2778294086 8.61054 8.24529 2.78705 -0.23741 0.75500 0.35457 0.49789
1403638605.3778295517 8.51247 8.23248 2.80244 -0.23132 0.75033 0.35887 0.50468
1403638605.4778294563 8.41705 8.22417 2.81421 -0.22404 0.74025 0.36449 0.51863
1403638605.5778295994 8.32128 8.22145 2.81664 -0.21848 0.73191 0.36875 0.52972
1403638605.6778295040 8.22563 8.22367 2.81423 -0.21388 0.72618 0.37205 0.53712
1403638605.7778294086 8.12406 8.23100 2.81593 -0.21226 0.72530 0.37315 0.53819
1403638605.8778295517 8.01527 8.24236 2.82906 -0.20944 0.72527 0.37476 0.53822
1403638605.9778294563 7.90474 8.26421 2.84555 -0.20533 0.72459 0.37665 0.53939
1403638606.0778295994 7.78287 8.28779 2.86205 -0.20271 0.72473 0.37738 0.53969
1403638606.1778295040 7.66002 8.32081 2.86922 -0.19922 0.72456 0.37889 0.54015
1403638606.2778294086 7.52508 8.35724 2.87308 -0.19703 0.72580 0.37921 0.53907
1403638606.3778295517 7.38607 8.40284 2.86595 -0.20256 0.73435 0.37429 0.52878
1403638606.4778294563 7.23956 8.45221 2.85439 -0.21069 0.74457 0.36751 0.51591
1403638606.5778295994 7.09156 8.50656 2.83712 -0.21766 0.75313 0.36279 0.50379
1403638606.6778295040 6.94772 8.56741 2.81595 -0.22315 0.75630 0.36484 0.49508
1403638606.7778294086 6.80883 8.63475 2.79017 -0.22801 0.75627 0.37398 0.48601
1403638606.8778295517 6.67551 8.70833 2.76226 -0.23663 0.75271 0.38663 0.47745
1403638606.9778294563 6.54741 8.79007 2.73919 -0.24763 0.74556 0.40212 0.47023
1403638607.0778295994 6.43368 8.87714 2.72641 -0.26167 0.73694 0.41653 0.46363
1403638607.1778295040 6.32653 8.97271 2.72066 -0.27809 0.72732 0.42356 0.46290
1403638607.2778294086 6.22341 9.07385 2.71363 -0.29187 0.71381 0.42798 0.47130
1403638607.3778295517 6.12278 9.17681 2.69795 -0.30464 0.70535 0.42807 0.47586
1403638607.4778294563 6.02746 9.27947 2.67349 -0.31052 0.70223 0.42924 0.47560
1403638607.5778295994 5.93720 9.37873 2.64214 -0.31253 0.70118 0.43061 0.47460
1403638607.6778295040 5.85183 9.47426 2.60885 -0.31420 0.69947 0.43065 0.47599
1403638607.7778294086 5.77124 9.56940 2.57310 -0.31263 0.69801 0.43114 0.47872
1403638607.8778295517 5.69051 9.66323 2.53362 -0.31385 0.70021 0.42907 0.47656
1403638607.9778294563 5.61799 9.75352 2.48852 -0.31607 0.70461 0.42566 0.47164
1403638608.0778295994 5.54947 9.84354 2.44092 -0.31682 0.70335 0.42314 0.47527
1403638608.1778295040 5.48508 9.92919 2.38819 -0.31300 0.70031 0.42361 0.48182
1403638608.2778294086 5.42562 10.00912 2.32941 -0.31170 0.69572 0.42298 0.48981
1403638608.3778295517 5.36766 10.08618 2.26758 -0.31198 0.68992 0.42186 0.49871
1403638608.4778294563 5.30904 10.15855 2.19961 -0.31216 0.68981 0.42149 0.49907
1403638608.5778295994 5.25278 10.22452 2.12731 -0.31042 0.69131 0.42220 0.49747
1403638608.6778295040 5.19558 10.28646 2.05707 -0.31594 0.68854 0.41828 0.50113
1403638608.7778294086 5.13815 10.34096 1.99162 -0.31645 0.68866 0.41802 0.50087
1403638608.8778295517 5.08135 10.38938 1.93006 -0.31521 0.69206 0.41936 0.49582
1403638608.9778294563 5.02490 10.43195 1.87691 -0.31434 0.69615 0.42018 0.48991
1403638609.0778295994 4.97123 10.47049 1.83112 -0.31378 0.69886 0.42068 0.48597
1403638609.1778295040 4.91950 10.50381 1.79270 -0.31574 0.69926 0.41934 0.48529
1403638609.2778294086 4.87050 10.53309 1.75431 -0.32374 0.69932 0.41360 0.48485
1403638609.3778295517 4.82530 10.56052 1.70644 -0.32260 0.69954 0.41409 0.48487
1403638609.4778294563 4.78437 10.58253 1.65471 -0.31898 0.69955 0.41625 0.48540
1403638609.5778295994 4.74617 10.59930 1.59493 -0.31555 0.69952 0.41823 0.48598
1403638609.6778295040 4.71149 10.61733 1.53124 -0.31350 0.69851 0.41972 0.48748
1403638609.7778294086 4.67905 10.62905 1.46598 -0.31230 0.69862 0.42046 0.48745
1403638609.8778295517 4.64981 10.64247 1.40871 -0.31282 0.69881 0.42013 0.48713
1403638609.9778294563 4.62163 10.64923 1.35851 -0.31372 0.69834 0.41931 0.48793
1403638610.0778295994 4.59905 10.65344 1.31865 -0.31709 0.69609 0.41675 0.49115
1403638610.1778295040 4.57666 10.65468 1.28102 -0.31816 0.69303 0.41589 0.49551
1403638610.2778294086 4.55465 10.65089 1.23919 -0.32053 0.69174 0.41389 0.49744
1403638610.3778295517 4.53327 10.64139 1.18999 -0.32138 0.69137 0.41322 0.49796
1403638610.4778294563 4.51369 10.62268 1.13670 -0.32155 0.68974 0.41270 0.50054
1403638610.5778295994 4.49350 10.60218 1.07869 -0.32434 0.68451 0.41053 0.50766
1403638610.6778295040 4.47165 10.57300 1.01982 -0.32875 0.67945 0.40736 0.51413
1403638610.7778294086 4.44712 10.53544 0.96387 -0.32638 0.68476 0.41002 0.50642
1403638610.8778295517 4.42290 10.49243 0.91729 -0.32268 0.69112 0.41394 0.49687
1403638610.9778294563 4.39924 10.44333 0.87616 -0.32335 0.69149 0.41423 0.49568
1403638611.0778295994 4.37693 10.38995 0.83347 -0.32655 0.68863 0.41241 0.49907
1403638611.1778295040 4.35807 10.33279 0.78705 -0.32792 0.68767 0.41259 0.49935
1403638611.2778294086 4.33916 10.26888 0.73973 -0.32740 0.68728 0.41357 0.49941
1403638611.3778295517 4.31981 10.19681 0.69668 -0.32102 0.68490 0.41807 0.50307
1403638611.4778294563 4.29524 10.11921 0.65888 -0.30879 0.68068 0.42602 0.50973
1403638611.5778295994 4.27129 10.04228 0.63022 -0.29997 0.68028 0.43129 0.51111
1403638611.6778295040 4.23711 9.95948 0.60503 -0.29829 0.68270 0.43166 0.50855
1403638611.7778294086 4.20186 9.87747 0.57981 -0.30398 0.68848 0.42733 0.50097
1403638611.8778295517 4.16725 9.79556 0.55013 -0.30923 0.69408 0.42290 0.49375
1403638611.9778294563 4.13186 9.71384 0.51681 -0.31190 0.69747 0.42024 0.48954
1403638612.0778295994 4.09852 9.63313 0.48527 -0.31131 0.69943 0.41993 0.48738
1403638612.1778295040 4.06670 9.54871 0.45819 -0.31274 0.70066 0.41836 0.48605
1403638612.2778294086 4.03943 9.46845 0.44188 -0.31328 0.70067 0.41769 0.48626
1403638612.3778295517 4.01383 9.38383 0.42881 -0.31163 0.70023 0.41828 0.48745
1403638612.4778294563 3.98963 9.29682 0.41246 -0.31099 0.69903 0.41757 0.49019
1403638612.5778295994 3.96649 9.21010 0.39060 -0.30807 0.69687 0.41815 0.49459
1403638612.6778295040 3.94299 9.12333 0.36140 -0.30223 0.69497 0.42060 0.49877
1403638612.7778294086 3.91844 9.03594 0.32535 -0.29935 0.69406 0.42045 0.50189
1403638612.8778295517 3.89177 8.94940 0.29158 -0.29952 0.69291 0.41818 0.50526
1403638612.9778294563 3.85981 8.85751 0.25824 -0.30046 0.69352 0.41611 0.50557
1403638613.0778295994 3.82813 8.77111 0.23649 -0.30107 0.69632 0.41494 0.50232
1403638613.1778295040 3.79323 8.68284 0.22249 -0.30061 0.69875 0.41466 0.49943
1403638613.2778294086 3.75559 8.58914 0.21446 -0.29978 0.69923 0.41489 0.49908
1403638613.3778295517 3.71850 8.50076 0.21396 -0.29902 0.69881 0.41538 0.49972
1403638613.4778294563 3.67958 8.40750 0.21112 -0.29962 0.69828 0.41433 0.50096
1403638613.5778295994 3.64047 8.31893 0.20222 -0.29881 0.69958 0.40998 0.50321
1403638613.6778295040 3.60020 8.23090 0.18783 -0.30265 0.70024 0.40326 0.50542
1403638613.7778294086 3.55883 8.13806 0.16627 -0.30641 0.69895 0.39564 0.51094
1403638613.8778295517 3.51718 8.04325 0.13525 -0.30329 0.70112 0.38752 0.51602
1403638613.9778294563 3.47507 7.94080 0.10120 -0.29554 0.70711 0.37759 0.51968
1403638614.0778295994 3.43260 7.83517 0.06332 -0.28352 0.71512 0.36572 0.52389
1403638614.1778295040 3.38864 7.72801 0.02602 -0.26875 0.72533 0.35276 0.52652
1403638614.2778294086 3.34179 7.61530 -0.00676 -0.25769 0.73418 0.33922 0.52869
1403638614.3778295517 3.29207 7.50014 -0.03427 -0.24902 0.74083 0.32972 0.52957
1403638614.4778294563 3.24240 7.38954 -0.05153 -0.24552 0.74552 0.32077 0.53012
1403638614.5778295994 3.19278 7.27660 -0.06014 -0.24161 0.74996 0.31243 0.53063
1403638614.6778295040 3.14699 7.16741 -0.05989 -0.23858 0.75511 0.30044 0.53162
1403638614.7778294086 3.10561 7.05938 -0.04588 -0.23682 0.76492 0.28384 0.52750
1403638614.8778295517 3.06707 6.94921 -0.02287 -0.22933 0.77593 0.26628 0.52386
1403638614.9778294563 3.03474 6.83699 0.00608 -0.21628 0.78502 0.24715 0.52525
1403638615.0778295994 3.00732 6.71763 0.03857 -0.19826 0.79222 0.22633 0.53089
1403638615.1778295040 2.98574 6.59367 0.07621 -0.17688 0.79546 0.20422 0.54245
1403638615.2778294086 2.96902 6.46775 0.11818 -0.15195 0.79760 0.18286 0.55435
1403638615.3778295517 2.95277 6.34251 0.15645 -0.13071 0.80105 0.15753 0.56251
1403638615.4778294563 2.93587 6.21476 0.18832 -0.11047 0.80391 0.13162 0.56938
1403638615.5778295994 2.91790 6.08794 0.21236 -0.09341 0.80705 0.10726 0.57310
1403638615.6778295040 2.89988 5.96306 0.23131 -0.08028 0.80899 0.08996 0.57532
1403638615.7778294086 2.88140 5.84193 0.25551 -0.07268 0.81019 0.07755 0.57645
1403638615.8778295517 2.86074 5.72271 0.28730 -0.06755 0.81135 0.06580 0.57690
1403638615.9778294563 2.84094 5.60457 0.31646 -0.06047 0.81283 0.05396 0.57683
1403638616.0778295994 2.82069 5.48713 0.33811 -0.05166 0.81336 0.04176 0.57796
1403638616.1778295040 2.80142 5.37327 0.34428 -0.04204 0.81447 0.02777 0.57801
1403638616.2778294086 2.78247 5.25919 0.33379 -0.03163 0.81540 0.00975 0.57795
1403638616.3778295517 2.76288 5.14286 0.30951 -0.01860 0.81606 -0.00935 0.57759
1403638616.4778294563 2.74241 5.02531 0.27844 -0.00821 0.81655 -0.02712 0.57659
1403638616.5778295994 2.72098 4.90885 0.24425 0.00106 0.81819 -0.03955 0.57358
1403638616.6778295040 2.70003 4.79185 0.20641 0.00673 0.82281 -0.04914 0.56615
1403638616.7778294086 2.68010 4.67386 0.16451 0.00358 0.83121 -0.05939 0.55276
1403638616.8778295517 2.66561 4.55389 0.12233 -0.00041 0.83691 -0.06615 0.54333
1403638616.9778294563 2.65923 4.43021 0.08870 0.00475 0.83517 -0.06371 0.54626
1403638617.0778295994 2.65743 4.29964 0.06511 0.01049 0.83155 -0.05875 0.55223
1403638617.1778295040 2.65783 4.16383 0.04870 0.01665 0.82871 -0.05196 0.55701
1403638617.2778294086 2.66137 4.02712 0.03666 0.01844 0.83109 -0.04743 0.55381
1403638617.3778295517 2.66988 3.89216 0.03068 0.01815 0.83512 -0.04467 0.54794
1403638617.4778294563 2.68464 3.76352 0.03518 0.01792 0.83791 -0.04154 0.54394
1403638617.5778295994 2.70541 3.63662 0.04832 0.01781 0.83865 -0.03866 0.54301
1403638617.6778295040 2.73369 3.51470 0.07051 0.01898 0.83731 -0.03476 0.54529
1403638617.7778294086 2.76936 3.39743 0.10030 0.01925 0.83575 -0.03209 0.54783
1403638617.8778295517 2.80836 3.28494 0.13865 0.02038 0.83581 -0.02881 0.54788
1403638617.9778294563 2.85320 3.17496 0.18031 0.01846 0.83481 -0.02838 0.54950
1403638618.0778295994 2.90322 3.06592 0.21656 0.01774 0.83448 -0.02709 0.55008
1403638618.1778295040 2.95847 2.95950 0.24647 0.01535 0.83467 -0.02697 0.54988
1403638618.2778294086 3.01676 2.85565 0.26967 0.01579 0.83470 -0.02542 0.54989
1403638618.3778295517 3.07999 2.75505 0.28960 0.01552 0.83400 -0.02431 0.55101
1403638618.4778294563 3.14662 2.65613 0.30683 0.01523 0.83414 -0.02301 0.55086
1403638618.5778295994 3.21716 2.56253 0.32171 0.01633 0.83316 -0.02213 0.55235
1403638618.6778295040 3.29155 2.46910 0.33422 0.02016 0.83301 -0.02520 0.55232
1403638618.7778294086 3.37050 2.38133 0.35073 0.02266 0.83230 -0.02830 0.55314
1403638618.8778295517 3.45351 2.29551 0.37389 0.02561 0.83054 -0.03153 0.55548
1403638618.9778294563 3.53848 2.21364 0.39865 0.03157 0.82637 -0.04036 0.56079
1403638619.0778295994 3.62476 2.13317 0.41670 0.04342 0.82270 -0.05394 0.56424
1403638619.1778295040 3.71091 2.05578 0.42728 0.05697 0.81904 -0.07271 0.56626
1403638619.2778294086 3.79779 1.98121 0.43097 0.07089 0.81497 -0.09670 0.56696
1403638619.3778295517 3.88374 1.90967 0.42571 0.08699 0.81035 -0.12110 0.56666
1403638619.4778294563 3.96819 1.84257 0.41653 0.09749 0.80595 -0.14221 0.56632
1403638619.5778295994 4.05250 1.77850 0.40611 0.10399 0.80218 -0.15788 0.56636
1403638619.6778295040 4.13417 1.71729 0.39234 0.10030 0.79855 -0.17429 0.56734
1403638619.7778294086 4.21191 1.65614 0.37548 0.09675 0.79599 -0.18587 0.56789
1403638619.8778295517 4.28481 1.59341 0.35715 0.09655 0.79377 -0.19238 0.56886
1403638619.9778294563 4.35457 1.52865 0.33556 0.09801 0.79285 -0.19613 0.56860
1403638620.0778295994 4.41327 1.46109 0.31591 0.10036 0.79024 -0.19783 0.57123
1403638620.1778295040 4.47227 1.39004 0.30193 0.10512 0.78717 -0.19679 0.57496
1403638620.2778294086 4.51666 1.31851 0.29399 0.10809 0.78770 -0.19579 0.57402
1403638620.3778295517 4.56172 1.24349 0.29452 0.11091 0.78910 -0.19373 0.57226
1403638620.4778294563 4.59610 1.16943 0.29941 0.11216 0.79023 -0.19176 0.57112
1403638620.5778295994 4.63231 1.09247 0.30528 0.11178 0.79161 -0.19022 0.56980
1403638620.6778295040 4.66423 1.01585 0.30558 0.10893 0.79414 -0.19017 0.56684
1403638620.7778294086 4.69055 0.93875 0.29784 0.10545 0.79754 -0.19062 0.56256
1403638620.8778295517 4.71908 0.85867 0.28849 0.10863 0.80076 -0.18613 0.55887
1403638620.9778294563 4.74575 0.77916 0.27590 0.11317 0.80143 -0.18020 0.55896
1403638621.0778295994 4.77265 0.69762 0.25980 0.11684 0.79996 -0.17506 0.56193
1403638621.1778295040 4.79887 0.61878 0.25044 0.11550 0.79876 -0.17323 0.56447
1403638621.2778294086 4.82787 0.53762 0.24622 0.11574 0.79770 -0.17053 0.56674
1403638621.3778295517 4.85184 0.46235 0.24804 0.11741 0.79860 -0.16754 0.56602
1403638621.4778294563 4.88038 0.38321 0.24380 0.11796 0.79688 -0.16539 0.56896
1403638621.5778295994 4.90219 0.31431 0.23481 0.11791 0.79473 -0.16332 0.57256
1403638621.6778295040 4.92125 0.24861 0.22122 0.11750 0.79379 -0.16229 0.57424
1403638621.7778294086 4.93948 0.18320 0.20315 0.11842 0.79223 -0.16094 0.57658
1403638621.8778295517 4.95150 0.12514 0.18199 0.12024 0.78882 -0.15909 0.58137
1403638621.9778294563 4.95999 0.07260 0.15823 0.12061 0.78631 -0.15842 0.58487
1403638622.0778295994 4.96360 0.02552 0.13091 0.11911 0.78596 -0.15945 0.58536
1403638622.1778295040 4.96236 -0.02029 0.09964 0.11588 0.78692 -0.16137 0.58420
1403638622.2778294086 4.95664 -0.06179 0.07306 0.11301 0.78625 -0.16376 0.58499
1403638622.3778295517 4.94553 -0.09989 0.05454 0.11359 0.78724 -0.16429 0.58341
1403638622.4778294563 4.92775 -0.13418 0.04647 0.11717 0.78811 -0.16264 0.58199
1403638622.5778295994 4.90626 -0.16596 0.04296 0.12056 0.78790 -0.16131 0.58194
1403638622.6778295040 4.88121 -0.19219 0.05021 0.12442 0.78389 -0.15952 0.58701
1403638622.7778294086 4.84975 -0.21451 0.06603 0.12719 0.77273 -0.15806 0.60144
1403638622.8778295517 4.81442 -0.22942 0.08809 0.12883 0.76800 -0.15755 0.60725
1403638622.9778294563 4.76919 -0.23829 0.10722 0.12726 0.77186 -0.15993 0.60205
1403638623.0778295994 4.71365 -0.24184 0.11918 0.12352 0.77833 -0.16348 0.59348
1403638623.1778295040 4.65124 -0.24105 0.12595 0.11839 0.78222 -0.16727 0.58833
1403638623.2778294086 4.58136 -0.23646 0.12858 0.11522 0.78562 -0.16963 0.58374
1403638623.3778295517 4.50909 -0.23195 0.12656 0.11286 0.78819 -0.17140 0.58020
1403638623.4778294563 4.43057 -0.22607 0.12146 0.11345 0.78991 -0.17122 0.57780
1403638623.5778295994 4.35228 -0.21913 0.11717 0.11477 0.79006 -0.17053 0.57754
1403638623.6778295040 4.26633 -0.21436 0.12209 0.11616 0.79056 -0.16998 0.57673
1403638623.7778294086 4.18031 -0.20570 0.13254 0.11837 0.79158 -0.16976 0.57496
1403638623.8778295517 4.09004 -0.19510 0.14872 0.11974 0.79271 -0.16986 0.57308
1403638623.9778294563 3.99592 -0.18529 0.16391 0.12128 0.79385 -0.17034 0.57103
1403638624.0778295994 3.90178 -0.17116 0.17464 0.11962 0.79412 -0.17314 0.57016
1403638624.1778295040 3.80929 -0.15932 0.18088 0.11719 0.79400 -0.17557 0.57009
1403638624.2778294086 3.71178 -0.14392 0.18168 0.11518 0.79364 -0.17825 0.57017
1403638624.3778295517 3.61745 -0.12971 0.17917 0.11480 0.79314 -0.18003 0.57038
1403638624.4778294563 3.53185 -0.11953 0.17291 0.11626 0.79295 -0.18029 0.57027
1403638624.5778295994 3.43312 -0.10578 0.16145 0.11175 0.78459 -0.18507 0.58110
1403638624.6778295040 3.33580 -0.09371 0.14649 0.11348 0.78033 -0.18280 0.58719
1403638624.7778294086 3.25049 -0.08521 0.13285 0.11836 0.78633 -0.17292 0.58118
1403638624.8778295517 3.14308 -0.07037 0.12959 0.11971 0.79245 -0.16477 0.57493
1403638624.9778294563 3.05835 -0.05972 0.12993 0.11251 0.79565 -0.16272 0.57255
1403638625.0778295994 2.96205 -0.04700 0.13402 0.10495 0.79664 -0.16180 0.57286
1403638625.1778295040 2.85518 -0.03103 0.13498 0.09863 0.79752 -0.16206 0.57269
1403638625.2778294086 2.76168 -0.02088 0.13090 0.09668 0.79838 -0.16048 0.57227
1403638625.3778295517 2.65559 -0.00847 0.12636 0.09556 0.79852 -0.15949 0.57254
1403638625.4778294563 2.55760 -0.00003 0.12653 0.09463 0.79798 -0.15913 0.57355
1403638625.5778295994 2.45234 0.00986 0.13353 0.09529 0.79853 -0.15843 0.57286
1403638625.6778295040 2.34713 0.01780 0.14765 0.09541 0.80015 -0.15839 0.57059
1403638625.7778294086 2.23708 0.02738 0.16425 0.09421 0.80467 -0.15950 0.56409
1403638625.8778295517 2.13255 0.03444 0.17588 0.09440 0.80727 -0.15993 0.56020
1403638625.9778294563 2.02086 0.04047 0.18233 0.09547 0.80770 -0.16004 0.55938
1403638626.0778295994 1.92240 0.04325 0.18346 0.09391 0.80895 -0.16185 0.55731
1403638626.1778295040 1.82246 0.04631 0.17908 0.09414 0.80934 -0.16222 0.55659
1403638626.2778294086 1.73044 0.04488 0.17092 0.09711 0.80787 -0.16082 0.55861
1403638626.3778295517 1.62626 0.04554 0.15984 0.10502 0.80604 -0.15549 0.56133
1403638626.4778294563 1.53931 0.04391 0.14489 0.10746 0.80481 -0.15330 0.56323
1403638626.5778295994 1.44178 0.04520 0.12861 0.10810 0.80715 -0.15237 0.56000
1403638626.6778295040 1.35830 0.04516 0.11359 0.10686 0.80905 -0.15281 0.55738
1403638626.7778294086 1.27620 0.04696 0.10240 0.10421 0.81291 -0.15459 0.55174
1403638626.8778295517 1.19397 0.04847 0.09901 0.10364 0.81563 -0.15437 0.54788
1403638626.9778294563 1.12298 0.04950 0.10178 0.10294 0.81654 -0.15449 0.54663
1403638627.0778295994 1.05654 0.04994 0.10228 0.10227 0.81663 -0.15411 0.54672
1403638627.1778295040 0.99445 0.04881 0.09684 0.10151 0.81656 -0.15399 0.54701
1403638627.2778294086 0.93948 0.04691 0.08941 0.10281 0.81658 -0.15265 0.54711
1403638627.3778295517 0.88977 0.04521 0.07963 0.10484 0.81600 -0.15076 0.54810
1403638627.4778294563 0.84502 0.04335 0.06684 0.10503 0.81639 -0.15046 0.54757
1403638627.5778295994 0.80560 0.04160 0.05207 0.10628 0.81524 -0.15004 0.54915
1403638627.6778295040 0.77357 0.03900 0.03567 0.10834 0.81227 -0.14923 0.55336
1403638627.7778294086 0.74280 0.03812 0.01913 0.11011 0.81041 -0.14832 0.55598
1403638627.8778295517 0.71399 0.03926 0.00171 0.11104 0.80975 -0.14832 0.55675
1403638627.9778294563 0.68681 0.04292 -0.01693 0.11141 0.81168 -0.14846 0.55383
1403638628.0778295994 0.66040 0.04536 -0.03289 0.11234 0.81283 -0.14871 0.55188
1403638628.1778295040 0.63787 0.05054 -0.04729 0.11339 0.81338 -0.14920 0.55071
1403638628.2778294086 0.62118 0.05767 -0.06059 0.11353 0.81359 -0.14989 0.55019
1403638628.3778295517 0.61148 0.06498 -0.07068 0.11215 0.81416 -0.15139 0.54922
1403638628.4778294563 0.60438 0.07544 -0.07874 0.10629 0.81132 -0.15603 0.55328
1403638628.5778295994 0.60056 0.08472 -0.08207 0.09836 0.80411 -0.16168 0.56356
1403638628.6778295040 0.59713 0.09289 -0.08399 0.09289 0.80001 -0.16567 0.56913
1403638628.7778294086 0.60161 0.10105 -0.07940 0.09475 0.80127 -0.16502 0.56724
1403638628.8778295517 0.59167 0.10496 -0.08809 0.09917 0.80189 -0.16225 0.56641
1403638628.9778294563 0.58151 0.10736 -0.09958 0.10403 0.80258 -0.15932 0.56539
1403638629.0778295994 0.57139 0.10992 -0.10934 0.10874 0.80376 -0.15589 0.56378
1403638629.1778295040 0.56046 0.11063 -0.10846 0.11105 0.80502 -0.15381 0.56209
1403638629.2778294086 0.54885 0.11659 -0.11315 0.11162 0.80534 -0.15304 0.56173
1403638629.3778295517 0.54447 0.12157 -0.11346 0.11238 0.80845 -0.15308 0.55709
1403638629.4778294563 0.53910 0.12945 -0.11444 0.11092 0.81288 -0.15488 0.55040
1403638629.5778295994 0.54069 0.13651 -0.11361 0.10734 0.81588 -0.15767 0.54585
1403638629.6778295040 0.54716 0.14222 -0.11031 0.09640 0.81375 -0.16596 0.54862
1403638629.7778294086 0.55576 0.14544 -0.10605 0.08972 0.80813 -0.17123 0.55638
1403638629.8778295517 0.56329 0.14605 -0.10630 0.08816 0.80171 -0.17282 0.56535
1403638629.9778294563 0.56933 0.14286 -0.11474 0.09915 0.79621 -0.16594 0.57330
1403638630.0778295994 0.57134 0.13952 -0.13341 0.10821 0.79268 -0.15978 0.57828
1403638630.1778295040 0.57104 0.13762 -0.16194 0.11255 0.79546 -0.15636 0.57456
1403638630.2778294086 0.56621 0.13710 -0.19593 0.11336 0.79999 -0.15570 0.56827
1403638630.3778295517 0.56721 0.14014 -0.22156 0.10928 0.81937 -0.15673 0.54049
1403638630.4778294563 0.57925 0.14125 -0.21031 0.10894 0.80137 -0.15503 0.56736
1403638630.5778295994 0.58944 0.14225 -0.21151 0.10857 0.80064 -0.15617 0.56815
1403638630.6778295040 0.59657 0.14313 -0.23351 0.10582 0.81958 -0.15326 0.54185
1403638630.7778294086 0.59779 0.13440 -0.23197 0.10840 0.82642 -0.14748 0.53247
1403638630.8778295517 0.59399 0.13322 -0.23432 0.10365 0.82509 -0.14852 0.53518
1403638630.9778294563 0.59359 0.13317 -0.23444 0.10386 0.82496 -0.14877 0.53527
1403638631.0778295994 0.58888 0.13342 -0.23542 0.10455 0.82503 -0.14830 0.53516
1403638631.1778295040 0.58493 0.13347 -0.23589 0.10448 0.82507 -0.14854 0.53506
1403638631.2778294086 0.58117 0.13363 -0.23536 0.10438 0.82513 -0.14854 0.53498
1403638631.3778295517 0.57923 0.13355 -0.23342 0.10414 0.82521 -0.14875 0.53485
1403638631.4778294563 0.58299 0.13300 -0.22873 0.10394 0.82516 -0.14907 0.53488
1403638631.5778295994 0.61342 0.13072 -0.22806 0.10390 0.82516 -0.14919 0.53484
1403638631.6778295040 0.61764 0.13052 -0.22653 0.10356 0.82513 -0.14958 0.53485
