1403638523.0778295994 0.02695 0.00456 0.33681 -0.07302 0.80747 0.01787 0.58510
1403638523.1778295040 0.03049 -0.00059 0.35729 -0.07291 0.80721 0.01834 0.58546
1403638523.2778294086 0.02903 -0.00877 0.34416 -0.06384 0.80498 0.01816 0.58958
1403638523.3778295517 0.02863 -0.01401 0.31235 -0.05942 0.80392 0.01726 0.59151
1403638523.4778294563 0.02697 -0.01967 0.27180 -0.05466 0.80750 0.01976 0.58699
1403638523.5778295994 0.02151 -0.02653 0.22329 -0.04766 0.81665 0.02411 0.57465
1403638523.6778295040 0.01545 -0.03187 0.17758 -0.04064 0.82597 0.02694 0.56160
1403638523.7778294086 0.00994 -0.03717 0.13156 -0.03706 0.83053 0.02984 0.55494
1403638523.8778295517 0.00377 -0.04234 0.08858 -0.03388 0.83116 0.03277 0.55403
1403638523.9778294563 -0.00148 -0.04696 0.05572 -0.02479 0.83125 0.03886 0.55399
1403638524.0778295994 -0.00547 -0.05074 0.04202 -0.01787 0.83441 0.04730 0.54882
1403638524.1778295040 -0.00733 -0.04983 0.05729 -0.01815 0.83900 0.05205 0.54134
1403638524.2778294086 -0.00121 -0.04706 0.12085 -0.02402 0.84041 0.05279 0.53884
1403638524.3778295517 0.00186 -0.04758 0.17739 -0.03332 0.83772 0.05105 0.54268
1403638524.4778294563 0.00854 -0.04669 0.23697 -0.04013 0.83124 0.04906 0.55229
1403638524.5778295994 0.01706 -0.04451 0.29539 -0.04317 0.82249 0.04757 0.56514
1403638524.6778295040 0.02618 -0.04156 0.34763 -0.03893 0.81614 0.04189 0.57501
1403638524.7778294086 0.03335 -0.03732 0.38618 -0.02618 0.81239 0.03678 0.58136
1403638524.8778295517 0.03845 -0.03294 0.41010 -0.02221 0.81097 0.03394 0.58368
1403638524.9778294563 0.04032 -0.02984 0.41723 -0.02862 0.80949 0.03615 0.58532
1403638525.0778295994 0.04133 -0.02858 0.40219 -0.02632 0.80686 0.03959 0.58883
1403638525.1778295040 0.04247 -0.02782 0.36693 -0.02400 0.80543 0.04416 0.59056
1403638525.2778294086 0.04113 -0.02926 0.32111 -0.02411 0.80807 0.04914 0.58654
1403638525.3778295517 0.03932 -0.02953 0.26620 -0.02665 0.81696 0.05405 0.57353
1403638525.4778294563 0.03516 -0.02921 0.21241 -0.03512 0.82917 0.05586 0.55509
1403638525.5778295994 0.02781 -0.03132 0.16806 -0.04151 0.83808 0.05544 0.54113
1403638525.6778295040 0.02526 -0.03394 0.12989 -0.04247 0.84106 0.05240 0.53672
1403638525.7778294086 0.02432 -0.03443 0.09901 -0.03951 0.83957 0.04647 0.53982
1403638525.8778295517 0.02467 -0.03653 0.07657 -0.03250 0.83605 0.04214 0.54607
1403638525.9778294563 0.02148 -0.04516 0.06439 -0.02405 0.83475 0.04094 0.54857
1403638526.0778295994 0.01864 -0.06526 0.06674 -0.01962 0.83648 0.03877 0.54627
1403638526.1778295040 0.01643 -0.09381 0.08541 -0.01759 0.83904 0.02957 0.54299
1403638526.2778294086 0.01242 -0.12941 0.10034 -0.01403 0.83814 0.02050 0.54489
1403638526.3778295517 0.00541 -0.16973 0.11568 -0.01163 0.83404 0.01185 0.55146
1403638526.4778294563 -0.00415 -0.21459 0.12856 -0.01029 0.82897 0.00084 0.55919
1403638526.5778295994 -0.01484 -0.26581 0.13737 -0.00891 0.82368 -0.01012 0.56690
1403638526.6778295040 -0.02735 -0.32480 0.14435 -0.00454 0.81856 -0.01842 0.57411
1403638526.7778294086 -0.04238 -0.38937 0.14919 0.00383 0.81548 -0.02380 0.57828
1403638526.8778295517 -0.05911 -0.45389 0.15200 0.01180 0.81474 -0.02698 0.57907
1403638526.9778294563 -0.07657 -0.51530 0.15452 0.01611 0.81780 -0.03336 0.57432
1403638527.0778295994 -0.09142 -0.57274 0.15749 0.02385 0.82226 -0.04649 0.56671
1403638527.1778295040 -0.10289 -0.62419 0.16250 0.03172 0.82399 -0.06166 0.56234
1403638527.2778294086 -0.10949 -0.66392 0.16847 0.04335 0.82104 -0.07540 0.56420
1403638527.3778295517 -0.11067 -0.68638 0.17388 0.05892 0.81590 -0.08415 0.56900
1403638527.4778294563 -0.10693 -0.68787 0.17673 0.06947 0.81224 -0.08864 0.57234
1403638527.5778295994 -0.09850 -0.66861 0.17638 0.07272 0.81151 -0.08997 0.57277
1403638527.6778295040 -0.08538 -0.63125 0.17442 0.07122 0.81200 -0.08656 0.57279
1403638527.7778294086 -0.07065 -0.58405 0.17205 0.06600 0.81340 -0.07952 0.57246
1403638527.8778295517 -0.05511 -0.52921 0.17259 0.05237 0.81655 -0.07494 0.56999
1403638527.9778294563 -0.03601 -0.47100 0.17647 0.04266 0.81743 -0.07044 0.57011
1403638528.0778295994 -0.01654 -0.41259 0.17859 0.03647 0.81620 -0.06346 0.57311
1403638528.1778295040 0.00355 -0.35689 0.17544 0.02741 0.81661 -0.05508 0.57390
1403638528.2778294086 0.02945 -0.30829 0.17097 0.01549 0.81810 -0.04492 0.57311
1403638528.3778295517 0.05951 -0.27155 0.16398 0.00884 0.81776 -0.03714 0.57429
1403638528.4778294563 0.09570 -0.24767 0.15850 0.01081 0.81698 -0.03402 0.57556
1403638528.5778295994 0.13324 -0.23078 0.15463 0.01265 0.81882 -0.03872 0.57260
1403638528.6778295040 0.16643 -0.21754 0.15229 0.01197 0.81995 -0.04664 0.57040
1403638528.7778294086 0.19398 -0.20932 0.15393 0.01748 0.81894 -0.05203 0.57125
1403638528.8778295517 0.20758 -0.20374 0.15970 0.01413 0.81780 -0.05976 0.57222
1403638528.9778294563 0.20955 -0.19623 0.17393 0.00779 0.81749 -0.06670 0.57201
1403638529.0778295994 0.18887 -0.18777 0.18898 0.00937 0.81828 -0.06822 0.57069
1403638529.1778295040 0.15954 -0.17023 0.19810 0.02670 0.81912 -0.06154 0.56968
1403638529.2778294086 0.12482 -0.14761 0.19660 0.03871 0.82098 -0.05575 0.56690
1403638529.3778295517 0.09420 -0.11799 0.18787 0.04315 0.82623 -0.05173 0.55929
1403638529.4778294563 0.06504 -0.09602 0.16764 0.04181 0.83631 -0.04959 0.54440
1403638529.5778295994 0.04150 -0.08111 0.14266 0.03963 0.84650 -0.04710 0.52882
1403638529.6778295040 0.02362 -0.07161 0.11773 0.04105 0.85038 -0.04436 0.52268
1403638529.7778294086 0.01352 -0.06102 0.09428 0.04064 0.84682 -0.04377 0.52851
1403638529.8778295517 0.00944 -0.05187 0.07317 0.03957 0.84042 -0.04487 0.53863
1403638529.9778294563 0.01131 -0.04890 0.05952 0.03940 0.83782 -0.04516 0.54264
1403638530.0778295994 0.02208 -0.05067 0.05359 0.04020 0.83929 -0.04589 0.54026
1403638530.1778295040 0.03568 -0.05243 0.04627 0.04135 0.84092 -0.05046 0.53721
1403638530.2778294086 0.05071 -0.05483 0.03641 0.04372 0.84034 -0.05660 0.53733
1403638530.3778295517 0.06396 -0.05882 0.02656 0.04642 0.83956 -0.06188 0.53773
1403638530.4778294563 0.07575 -0.06306 0.01796 0.04699 0.83916 -0.06597 0.53781
1403638530.5778295994 0.08342 -0.06773 0.01257 0.04636 0.83906 -0.06935 0.53761
1403638530.6778295040 0.08758 -0.07140 0.00778 0.04757 0.84193 -0.07167 0.53268
1403638530.7778294086 0.09064 -0.07372 0.00235 0.04763 0.84528 -0.07333 0.52712
1403638530.8778295517 0.09266 -0.07512 -0.00187 0.04573 0.84591 -0.07273 0.52635
1403638530.9778294563 0.09416 -0.07559 -0.00510 0.04451 0.84370 -0.07267 0.53002
1403638531.0778295994 0.09423 -0.07522 -0.00702 0.04530 0.84028 -0.07123 0.53554
1403638531.1778295040 0.09410 -0.07345 -0.00619 0.04598 0.83816 -0.06904 0.53908
1403638531.2778294086 0.09455 -0.07240 -0.00770 0.04875 0.83697 -0.06765 0.54086
1403638531.3778295517 0.09440 -0.07158 -0.00795 0.04870 0.83574 -0.06779 0.54275
1403638531.4778294563 0.09417 -0.07193 -0.00775 0.04889 0.83466 -0.06816 0.54434
1403638531.5778295994 0.09401 -0.07200 -0.00788 0.04947 0.83498 -0.06706 0.54393
1403638531.6778295040 0.09398 -0.07177 -0.00797 0.04871 0.83505 -0.06766 0.54382
1403638531.7778294086 0.09407 -0.07184 -0.00795 0.04905 0.83496 -0.06770 0.54392
1403638531.8778295517 0.09403 -0.07185 -0.00798 0.04919 0.83500 -0.06758 0.54386
1403638531.9778294563 0.09407 -0.07191 -0.00800 0.04940 0.83498 -0.06759 0.54388
1403638532.0778295994 0.09407 -0.07192 -0.00804 0.04953 0.83497 -0.06745 0.54390
1403638532.1778295040 0.09409 -0.07190 -0.00805 0.04945 0.83494 -0.06751 0.54394
1403638532.2778294086 0.09410 -0.07186 -0.00805 0.04932 0.83492 -0.06768 0.54396
1403638532.3778295517 0.09410 -0.07184 -0.00807 0.04922 0.83490 -0.06769 0.54401
1403638532.4778294563 0.09412 -0.07185 -0.00806 0.04915 0.83487 -0.06777 0.54405
1403638532.5778295994 0.09411 -0.07184 -0.00809 0.04916 0.83488 -0.06780 0.54402
1403638532.6778295040 0.09415 -0.07187 -0.00808 0.04921 0.83485 -0.06778 0.54407
1403638532.7778294086 0.09412 -0.07187 -0.00808 0.04931 0.83487 -0.06768 0.54404
1403638532.8778295517 0.09412 -0.07187 -0.00808 0.04936 0.83486 -0.06769 0.54406
1403638532.9778294563 0.09413 -0.07188 -0.00807 0.04936 0.83483 -0.06768 0.54410
1403638533.0778295994 0.09411 -0.07187 -0.00808 0.04937 0.83483 -0.06770 0.54409
1403638533.1778295040 0.09413 -0.07187 -0.00808 0.04935 0.83479 -0.06774 0.54415
1403638533.2778294086 0.09411 -0.07188 -0.00809 0.04933 0.83477 -0.06776 0.54418
1403638533.3778295517 0.09412 -0.07188 -0.00810 0.04939 0.83477 -0.06773 0.54419
1403638533.4778294563 0.09413 -0.07189 -0.00809 0.04937 0.83475 -0.06774 0.54421
1403638533.5778295994 0.09411 -0.07188 -0.00810 0.04936 0.83475 -0.06776 0.54421
1403638533.6778295040 0.09412 -0.07187 -0.00809 0.04934 0.83473 -0.06782 0.54423
1403638533.7778294086 0.09411 -0.07187 -0.00810 0.04936 0.83472 -0.06784 0.54424
1403638533.8778295517 0.09413 -0.07184 -0.00812 0.04914 0.83477 -0.06758 0.54423
1403638533.9778294563 0.09417 -0.07188 -0.00815 0.04930 0.83476 -0.06782 0.54420
1403638534.0778295994 0.09409 -0.07190 -0.00814 0.04971 0.83469 -0.06821 0.54422
1403638534.1778295040 0.09411 -0.07192 -0.00810 0.04935 0.83473 -0.06802 0.54420
1403638534.2778294086 0.09411 -0.07186 -0.00808 0.04911 0.83483 -0.06791 0.54410
1403638534.3778295517 0.09413 -0.07185 -0.00809 0.04914 0.83483 -0.06795 0.54409
1403638534.4778294563 0.09421 -0.07188 -0.00821 0.04932 0.83484 -0.06824 0.54401
1403638534.5778295994 0.09422 -0.07186 -0.00820 0.04919 0.83494 -0.06795 0.54391
1403638534.6778295040 0.09423 -0.07180 -0.00817 0.04900 0.83495 -0.06775 0.54393
1403638534.7778294086 0.09421 -0.07184 -0.00817 0.04912 0.83495 -0.06767 0.54393
1403638534.8778295517 0.09423 -0.07187 -0.00821 0.04942 0.83490 -0.06785 0.54396
1403638534.9778294563 0.09420 -0.07192 -0.00819 0.04950 0.83493 -0.06790 0.54390
1403638535.0778295994 0.09420 -0.07192 -0.00818 0.04938 0.83500 -0.06790 0.54381
1403638535.1778295040 0.09421 -0.07192 -0.00819 0.04930 0.83497 -0.06795 0.54385
1403638535.2778294086 0.09420 -0.07191 -0.00819 0.04923 0.83497 -0.06794 0.54386
1403638535.3778295517 0.09418 -0.07189 -0.00816 0.04928 0.83498 -0.06791 0.54385
1403638535.4778294563 0.09418 -0.07190 -0.00815 0.04937 0.83499 -0.06793 0.54382
1403638535.5778295994 0.09419 -0.07189 -0.00815 0.04934 0.83501 -0.06787 0.54381
1403638535.6778295040 0.09420 -0.07189 -0.00816 0.04929 0.83499 -0.06792 0.54382
1403638535.7778294086 0.09419 -0.07190 -0.00817 0.04934 0.83498 -0.06792 0.54384
1403638535.8778295517 0.09420 -0.07190 -0.00817 0.04925 0.83500 -0.06787 0.54382
1403638535.9778294563 0.09418 -0.07189 -0.00817 0.04922 0.83505 -0.06787 0.54375
1403638536.0778295994 0.09419 -0.07190 -0.00817 0.04920 0.83501 -0.06793 0.54381
1403638536.1778295040 0.09419 -0.07190 -0.00816 0.04920 0.83500 -0.06796 0.54381
1403638536.2778294086 0.09418 -0.07191 -0.00816 0.04924 0.83501 -0.06791 0.54380
1403638536.3778295517 0.09419 -0.07191 -0.00816 0.04927 0.83498 -0.06794 0.54385
1403638536.4778294563 0.09418 -0.07191 -0.00816 0.04927 0.83497 -0.06791 0.54385
1403638536.5778295994 0.09418 -0.07191 -0.00816 0.04919 0.83499 -0.06792 0.54384
1403638536.6778295040 0.09418 -0.07191 -0.00817 0.04919 0.83500 -0.06790 0.54383
1403638536.7778294086 0.09417 -0.07191 -0.00819 0.04925 0.83497 -0.06795 0.54386
1403638536.8778295517 0.09417 -0.07191 -0.00821 0.04917 0.83492 -0.06804 0.54393
1403638536.9778294563 0.09417 -0.07191 -0.00820 0.04911 0.83496 -0.06808 0.54388
1403638537.0778295994 0.09420 -0.07189 -0.00819 0.04912 0.83497 -0.06800 0.54387
1403638537.1778295040 0.09420 -0.07188 -0.00819 0.04927 0.83492 -0.06797 0.54392
1403638537.2778294086 0.09419 -0.07189 -0.00815 0.04940 0.83495 -0.06791 0.54388
1403638537.3778295517 0.09420 -0.07190 -0.00818 0.04940 0.83494 -0.06790 0.54390
1403638537.4778294563 0.09421 -0.07189 -0.00818 0.04936 0.83493 -0.06790 0.54391
1403638537.5778295994 0.09419 -0.07188 -0.00813 0.04941 0.83498 -0.06779 0.54385
1403638537.6778295040 0.09421 -0.07189 -0.00810 0.04947 0.83500 -0.06781 0.54380
1403638537.7778294086 0.09419 -0.07188 -0.00809 0.04943 0.83497 -0.06784 0.54385
1403638537.8778295517 0.09423 -0.07188 -0.00809 0.04954 0.83498 -0.06775 0.54385
1403638537.9778294563 0.09420 -0.07188 -0.00805 0.04959 0.83495 -0.06787 0.54388
1403638538.0778295994 0.09419 -0.07187 -0.00802 0.04955 0.83494 -0.06787 0.54389
1403638538.1778295040 0.09420 -0.07188 -0.00802 0.04959 0.83492 -0.06785 0.54392
1403638538.2778294086 0.09440 -0.07185 -0.00819 0.04960 0.83489 -0.06773 0.54397
1403638538.3778295517 0.09426 -0.07188 -0.00803 0.04977 0.83485 -0.06772 0.54403
1403638538.4778294563 0.09420 -0.07188 -0.00792 0.04975 0.83487 -0.06769 0.54400
1403638538.5778295994 0.09424 -0.07188 -0.00787 0.04998 0.83485 -0.06771 0.54400
1403638538.6778295040 0.09423 -0.07187 -0.00783 0.04978 0.83468 -0.06779 0.54428
1403638538.7778294086 0.09434 -0.07191 -0.00753 0.04961 0.83392 -0.06757 0.54549
1403638538.8778295517 0.09578 -0.07153 -0.00716 0.04885 0.83293 -0.06701 0.54713
1403638538.9778294563 0.09912 -0.07137 -0.00464 0.04972 0.82825 -0.06620 0.55421
1403638539.0778295994 0.10360 -0.07138 -0.00134 0.05130 0.82261 -0.06757 0.56224
1403638539.1778295040 0.11213 -0.07172 0.00572 0.05056 0.81735 -0.06788 0.56989
1403638539.2778294086 0.12125 -0.07185 0.02080 0.05035 0.81368 -0.06703 0.57523
1403638539.3778295517 0.13005 -0.07191 0.04333 0.04988 0.81463 -0.06649 0.57400
1403638539.4778294563 0.13954 -0.07278 0.07188 0.04944 0.81670 -0.06550 0.57119
1403638539.5778295994 0.14967 -0.07426 0.10300 0.04911 0.81770 -0.06418 0.56995
1403638539.6778295040 0.16045 -0.07564 0.12888 0.04747 0.81833 -0.06379 0.56922
1403638539.7778294086 0.17061 -0.07653 0.14316 0.04788 0.81962 -0.06203 0.56752
1403638539.8778295517 0.18268 -0.07718 0.14997 0.04697 0.82219 -0.06151 0.56392
1403638539.9778294563 0.19719 -0.07829 0.15542 0.04515 0.82678 -0.06134 0.55735
1403638540.0778295994 0.21639 -0.08029 0.16051 0.04487 0.83270 -0.06136 0.54849
1403638540.1778295040 0.24099 -0.08231 0.16461 0.04455 0.83666 -0.06121 0.54247
1403638540.2778294086 0.27309 -0.08302 0.17999 0.04524 0.83248 -0.05985 0.54896
1403638540.3778295517 0.31207 -0.08617 0.18373 0.04606 0.82643 -0.05770 0.55817
1403638540.4778294563 0.35386 -0.08795 0.18818 0.04293 0.82425 -0.05166 0.56223
1403638540.5778295994 0.39985 -0.08796 0.19349 0.03575 0.82470 -0.04022 0.56301
1403638540.6778295040 0.44822 -0.08739 0.19883 0.02747 0.82515 -0.02308 0.56377
1403638540.7778294086 0.49895 -0.08478 0.20361 0.01963 0.82468 0.00089 0.56526
1403638540.8778295517 0.55145 -0.07934 0.20764 0.00934 0.82444 0.02886 0.56513
1403638540.9778294563 0.60474 -0.06932 0.20995 -0.00437 0.82331 0.05513 0.56488
1403638541.0778295994 0.65941 -0.05565 0.20970 -0.01816 0.82144 0.07463 0.56510
1403638541.1778295040 0.71815 -0.03901 0.20480 -0.02798 0.81989 0.08796 0.56504
1403638541.2778294086 0.77622 -0.01722 0.19753 -0.03310 0.81920 0.09677 0.56431
1403638541.3778295517 0.83571 0.00976 0.19749 -0.03611 0.81906 0.10039 0.56371
1403638541.4778294563 0.89364 0.04144 0.20300 -0.03731 0.81886 0.10066 0.56387
1403638541.5778295994 0.94939 0.07858 0.21279 -0.03662 0.81741 0.10128 0.56590
1403638541.6778295040 1.00783 0.12347 0.23361 -0.04083 0.81575 0.10434 0.56744
1403638541.7778294086 1.06356 0.17272 0.25679 -0.05079 0.81451 0.10996 0.56737
1403638541.8778295517 1.11533 0.22697 0.29071 -0.06274 0.81323 0.11893 0.56619
1403638541.9778294563 1.16504 0.28291 0.32043 -0.07453 0.81232 0.13326 0.56287
1403638542.0778295994 1.21407 0.34043 0.34365 -0.08846 0.81043 0.15026 0.55928
1403638542.1778295040 1.26118 0.39840 0.36061 -0.10380 0.80685 0.17015 0.55613
1403638542.2778294086 1.30892 0.45869 0.37109 -0.11857 0.80319 0.19338 0.55085
1403638542.3778295517 1.35362 0.51794 0.37807 -0.13222 0.79571 0.21521 0.55049
1403638542.4778294563 1.39742 0.57670 0.38339 -0.13841 0.78225 0.23570 0.55979
1403638542.5778295994 1.44121 0.63794 0.38525 -0.13458 0.77021 0.25440 0.56917
1403638542.6778295040 1.47968 0.70364 0.38907 -0.13540 0.76668 0.26388 0.56942
1403638542.7778294086 1.51110 0.77473 0.40006 -0.14476 0.77058 0.26288 0.56227
1403638542.8778295517 1.53728 0.85065 0.41840 -0.15191 0.77572 0.25989 0.55466
1403638542.9778294563 1.55911 0.92814 0.44377 -0.15645 0.78010 0.25688 0.54862
1403638543.0778295994 1.57803 1.00584 0.47082 -0.15955 0.78347 0.25395 0.54427
1403638543.1778295040 1.59709 1.08508 0.49076 -0.16001 0.78453 0.25163 0.54368
1403638543.2778294086 1.61325 1.16282 0.50999 -0.16050 0.78468 0.24944 0.54434
1403638543.3778295517 1.63324 1.24438 0.51796 -0.16016 0.78570 0.24861 0.54334
1403638543.4778294563 1.65371 1.32706 0.52313 -0.16266 0.78464 0.25318 0.54202
1403638543.5778295994 1.66489 1.40194 0.53214 -0.16819 0.78160 0.26450 0.53930
1403638543.6778295040 1.67772 1.48172 0.53594 -0.17543 0.77601 0.28234 0.53602
1403638543.7778294086 1.68804 1.56199 0.54119 -0.18588 0.76809 0.30376 0.53218
1403638543.8778295517 1.69885 1.64140 0.55317 -0.19778 0.75814 0.32635 0.52877
1403638543.9778294563 1.71242 1.72792 0.57194 -0.21200 0.74978 0.34471 0.52351
1403638544.0778295994 1.72562 1.81455 0.59461 -0.22710 0.74586 0.35602 0.51514
1403638544.1778295040 1.74061 1.90332 0.61685 -0.23768 0.74275 0.36260 0.51024
1403638544.2778294086 1.75813 1.99715 0.63304 -0.24459 0.74016 0.36605 0.50827
1403638544.3778295517 1.77645 2.08903 0.64234 -0.24626 0.73948 0.36868 0.50656
1403638544.4778294563 1.79640 2.18295 0.64920 -0.24544 0.74001 0.36979 0.50538
1403638544.5778295994 1.82015 2.28076 0.65162 -0.24728 0.73735 0.36897 0.50895
1403638544.6778295040 1.84157 2.37838 0.66602 -0.25230 0.73082 0.36839 0.51627
1403638544.7778294086 1.86498 2.47485 0.67780 -0.25360 0.73003 0.36935 0.51607
1403638544.8778295517 1.88260 2.56882 0.69626 -0.25165 0.73329 0.37153 0.51081
1403638544.9778294563 1.90548 2.66456 0.70148 -0.25181 0.73417 0.37218 0.50899
1403638545.0778295994 1.92907 2.76031 0.70181 -0.25331 0.73295 0.37210 0.51006
1403638545.1778295040 1.94384 2.84602 0.70682 -0.25304 0.73252 0.37309 0.51008
1403638545.2778294086 1.96844 2.94335 0.69430 -0.25229 0.73197 0.37468 0.51008
1403638545.3778295517 1.99267 3.03938 0.67883 -0.25407 0.72930 0.37381 0.51366
1403638545.4778294563 2.00503 3.11842 0.67019 -0.25624 0.72913 0.37465 0.51219
1403638545.5778295994 2.02688 3.21684 0.65308 -0.26045 0.72700 0.38127 0.50820
1403638545.6778295040 2.03950 3.29790 0.65209 -0.26935 0.72149 0.39276 0.50264
1403638545.7778294086 2.05396 3.37958 0.65581 -0.27832 0.71384 0.40932 0.49541
1403638545.8778295517 2.06977 3.46485 0.66555 -0.28938 0.70336 0.42893 0.48740
1403638545.9778294563 2.08595 3.55035 0.68172 -0.29934 0.69110 0.45103 0.47891
1403638546.0778295994 2.10333 3.63722 0.70062 -0.30591 0.67927 0.47011 0.47329
1403638546.1778295040 2.12166 3.72670 0.71412 -0.31371 0.67066 0.48252 0.46794
1403638546.2778294086 2.13999 3.82289 0.72009 -0.31878 0.66600 0.49016 0.46321
1403638546.3778295517 2.15777 3.92039 0.72052 -0.32517 0.66448 0.49237 0.45859
1403638546.4778294563 2.17468 4.01729 0.71532 -0.32798 0.66412 0.49365 0.45573
1403638546.5778295994 2.19123 4.11632 0.70996 -0.32903 0.66211 0.49685 0.45441
1403638546.6778295040 2.20787 4.22154 0.70754 -0.33261 0.65737 0.50275 0.45219
1403638546.7778294086 2.22286 4.32564 0.71851 -0.33506 0.65290 0.50842 0.45052
1403638546.8778295517 2.23676 4.43339 0.73800 -0.33566 0.64937 0.51328 0.44966
1403638546.9778294563 2.25001 4.54578 0.75478 -0.33424 0.64621 0.51761 0.45031
1403638547.0778295994 2.26312 4.66145 0.76287 -0.33221 0.64377 0.52090 0.45151
1403638547.1778295040 2.27177 4.77940 0.76570 -0.32907 0.64186 0.52402 0.45291
1403638547.2778294086 2.27801 4.89929 0.76342 -0.32707 0.64052 0.52549 0.45456
1403638547.3778295517 2.27646 5.02049 0.75830 -0.32998 0.64212 0.52304 0.45302
1403638547.4778294563 2.27462 5.14510 0.74925 -0.33458 0.64528 0.51924 0.44951
1403638547.5778295994 2.27059 5.27148 0.73526 -0.33763 0.64876 0.51573 0.44625
1403638547.6778295040 2.26032 5.39550 0.71584 -0.33798 0.65011 0.51387 0.44616
1403638547.7778294086 2.25408 5.52479 0.69134 -0.33580 0.64954 0.51438 0.44806
1403638547.8778295517 2.23912 5.64683 0.66228 -0.33197 0.64680 0.51624 0.45270
1403638547.9778294563 2.22856 5.78105 0.63528 -0.33208 0.64671 0.51658 0.45237
1403638548.0778295994 2.20904 5.91269 0.61469 -0.33465 0.64644 0.51867 0.44845
1403638548.1778295040 2.19442 6.05974 0.60419 -0.33907 0.64280 0.52415 0.44396
1403638548.2778294086 2.17082 6.19958 0.60237 -0.34565 0.63662 0.53262 0.43767
1403638548.3778295517 2.14751 6.34367 0.60976 -0.35336 0.62741 0.54414 0.43058
1403638548.4778294563 2.12375 6.49091 0.62425 -0.36156 0.61802 0.55486 0.42362
1403638548.5778295994 2.09996 6.63378 0.63866 -0.36816 0.61023 0.56281 0.41871
1403638548.6778295040 2.07640 6.77634 0.64994 -0.37307 0.60483 0.56826 0.41482
1403638548.7778294086 2.05249 6.91356 0.66073 -0.37595 0.60096 0.57225 0.41235
1403638548.8778295517 2.02827 7.05370 0.67728 -0.37737 0.59880 0.57491 0.41050
1403638548.9778294563 2.00381 7.19256 0.70159 -0.37889 0.59768 0.57585 0.40941
1403638549.0778295994 1.97917 7.34192 0.72342 -0.37946 0.59739 0.57628 0.40869
1403638549.1778295040 1.95508 7.46908 0.76065 -0.38089 0.59713 0.57536 0.40905
1403638549.2778294086 1.93043 7.61976 0.79366 -0.38164 0.59797 0.57438 0.40849
1403638549.3778295517 1.90682 7.74581 0.84151 -0.38417 0.59926 0.57201 0.40756
1403638549.4778294563 1.88234 7.89972 0.87584 -0.38604 0.60068 0.56987 0.40670
1403638549.5778295994 1.86042 8.02558 0.91560 -0.38766 0.60054 0.56816 0.40776
1403638549.6778295040 1.83796 8.18142 0.94023 -0.38899 0.60000 0.56666 0.40938
1403638549.7778294086 1.81885 8.30520 0.97563 -0.38763 0.60004 0.56714 0.40993
1403638549.8778295517 1.79936 8.45844 1.00733 -0.38668 0.60155 0.56728 0.40842
1403638549.9778294563 1.78080 8.58949 1.05751 -0.38654 0.60235 0.56725 0.40742
1403638550.0778295994 1.76396 8.74791 1.10544 -0.38684 0.60269 0.56700 0.40699
1403638550.1778295040 1.75119 8.87915 1.17037 -0.38783 0.60307 0.56681 0.40574
1403638550.2778294086 1.73865 9.03796 1.23301 -0.38735 0.60262 0.56769 0.40563
1403638550.3778295517 1.72886 9.16952 1.30562 -0.38759 0.60156 0.56801 0.40653
1403638550.4778294563 1.71933 9.33055 1.36420 -0.39036 0.60210 0.56649 0.40519
1403638550.5778295994 1.71514 9.46007 1.41987 -0.39449 0.60265 0.56404 0.40378
1403638550.6778295040 1.71348 9.59070 1.46914 -0.39955 0.60091 0.56060 0.40619
1403638550.7778294086 1.71464 9.72159 1.51355 -0.40267 0.60005 0.55835 0.40748
1403638550.8778295517 1.71965 9.85960 1.55490 -0.40865 0.59615 0.55411 0.41301
1403638550.9778294563 1.72598 9.99682 1.59174 -0.41433 0.59183 0.54966 0.41946
1403638551.0778295994 1.73400 10.12795 1.62450 -0.41803 0.58926 0.54676 0.42318
1403638551.1778295040 1.74471 10.25324 1.65743 -0.42251 0.58964 0.54395 0.42181
1403638551.2778294086 1.75972 10.37506 1.69561 -0.42323 0.59136 0.54280 0.42016
1403638551.3778295517 1.78143 10.49031 1.73744 -0.41862 0.59901 0.53967 0.41797
1403638551.4778294563 1.80890 10.59742 1.77705 -0.41132 0.61142 0.53016 0.41942
1403638551.5778295994 1.84469 10.70039 1.80916 -0.40527 0.62627 0.51366 0.42390
1403638551.6778295040 1.88619 10.80183 1.83948 -0.39860 0.64298 0.49496 0.42744
1403638551.7778294086 1.93698 10.90151 1.86435 -0.38948 0.65684 0.47626 0.43593
1403638551.8778295517 1.99618 10.99546 1.88463 -0.37941 0.66718 0.46051 0.44594
1403638551.9778294563 2.06283 11.08120 1.90810 -0.36745 0.67039 0.45270 0.45894
1403638552.0778295994 2.13465 11.15596 1.93867 -0.35786 0.67178 0.44759 0.46938
1403638552.1778295040 2.20935 11.22084 1.97346 -0.35208 0.67659 0.44438 0.46988
1403638552.2778294086 2.28663 11.27722 2.01307 -0.34799 0.68055 0.44328 0.46825
1403638552.3778295517 2.36618 11.32718 2.05212 -0.35003 0.68152 0.44036 0.46807
1403638552.4778294563 2.45178 11.37814 2.08305 -0.35721 0.67776 0.43491 0.47317
1403638552.5778295994 2.53928 11.41497 2.11374 -0.36270 0.67395 0.43149 0.47756
1403638552.6778295040 2.62951 11.44283 2.13752 -0.36327 0.67163 0.43271 0.47928
1403638552.7778294086 2.72343 11.46220 2.15496 -0.36266 0.67100 0.43495 0.47860
1403638552.8778295517 2.82306 11.48086 2.16479 -0.36051 0.66969 0.43891 0.47844
1403638552.9778294563 2.92302 11.48498 2.17446 -0.35612 0.66741 0.44495 0.47933
1403638553.0778295994 3.02743 11.49094 2.17475 -0.35242 0.66523 0.45038 0.48003
1403638553.1778295040 3.12892 11.48508 2.17778 -0.35784 0.66130 0.44914 0.48260
1403638553.2778294086 3.23452 11.47952 2.17704 -0.36504 0.65549 0.44602 0.48801
1403638553.3778295517 3.33580 11.45788 2.18459 -0.36659 0.65023 0.44694 0.49301
1403638553.4778294563 3.43552 11.42611 2.19591 -0.36294 0.64478 0.45054 0.49954
1403638553.5778295994 3.53433 11.38506 2.21311 -0.35976 0.64052 0.45358 0.50456
1403638553.6778295040 3.63074 11.33176 2.23349 -0.35751 0.63960 0.45592 0.50520
1403638553.7778294086 3.72095 11.26651 2.26174 -0.35561 0.64015 0.45779 0.50416
1403638553.8778295517 3.80163 11.18980 2.29195 -0.35336 0.64200 0.45922 0.50208
1403638553.9778294563 3.88360 11.11186 2.32998 -0.35258 0.64517 0.45955 0.49826
1403638554.0778295994 3.95493 11.01977 2.35410 -0.35111 0.64849 0.46039 0.49419
1403638554.1778295040 4.03142 10.93496 2.38635 -0.34612 0.65161 0.46391 0.49029
1403638554.2778294086 4.10078 10.83668 2.39951 -0.33833 0.65759 0.46963 0.48224
1403638554.3778295517 4.17283 10.74943 2.42162 -0.33235 0.66106 0.47405 0.47730
1403638554.4778294563 4.23978 10.66122 2.43846 -0.32959 0.66263 0.47611 0.47498
1403638554.5778295994 4.30251 10.57293 2.44990 -0.33060 0.66361 0.47569 0.47333
1403638554.6778295040 4.36401 10.47952 2.45567 -0.33659 0.66578 0.47188 0.46986
1403638554.7778294086 4.42318 10.39292 2.47378 -0.34138 0.66652 0.46853 0.46871
1403638554.8778295517 4.48494 10.30142 2.48966 -0.34447 0.66662 0.46656 0.46827
1403638554.9778294563 4.54798 10.21057 2.50712 -0.34703 0.66727 0.46334 0.46865
1403638555.0778295994 4.61141 10.12901 2.52629 -0.34320 0.67056 0.45886 0.47117
1403638555.1778295040 4.67766 10.03371 2.52925 -0.33659 0.67653 0.45205 0.47399
1403638555.2778294086 4.74517 9.95152 2.53863 -0.33030 0.68277 0.44380 0.47725
1403638555.3778295517 4.81672 9.86300 2.54182 -0.32312 0.68596 0.43897 0.48204
1403638555.4778294563 4.88941 9.77035 2.53933 -0.31730 0.68802 0.43582 0.48581
1403638555.5778295994 4.96287 9.67690 2.53503 -0.31495 0.68932 0.43312 0.48791
1403638555.6778295040 5.03597 9.58321 2.53658 -0.31435 0.69105 0.43143 0.48735
1403638555.7778294086 5.10763 9.48777 2.54725 -0.31340 0.69226 0.43158 0.48610
1403638555.8778295517 5.17730 9.39096 2.56267 -0.31272 0.69230 0.43256 0.48562
1403638555.9778294563 5.24729 9.30178 2.58816 -0.31132 0.69109 0.43422 0.48675
1403638556.0778295994 5.31837 9.21111 2.61288 -0.30976 0.69124 0.43555 0.48635
1403638556.1778295040 5.38832 9.12985 2.63818 -0.30877 0.69576 0.43596 0.48012
1403638556.2778294086 5.46145 9.04282 2.65154 -0.30737 0.69908 0.43694 0.47529
1403638556.3778295517 5.53291 8.97250 2.66685 -0.30594 0.70141 0.43757 0.47218
1403638556.4778294563 5.61062 8.88920 2.67395 -0.30367 0.70451 0.43881 0.46787
1403638556.5778295994 5.68455 8.83363 2.68893 -0.30293 0.70770 0.43824 0.46405
1403638556.6778295040 5.76118 8.78236 2.70363 -0.31021 0.71033 0.43201 0.46105
1403638556.7778294086 5.84600 8.71632 2.72134 -0.31674 0.70704 0.42729 0.46605
1403638556.8778295517 5.92675 8.67309 2.75136 -0.32216 0.70567 0.42286 0.46843
1403638556.9778294563 6.01156 8.63174 2.78367 -0.32525 0.70437 0.42013 0.47071
1403638557.0778295994 6.10229 8.58947 2.80887 -0.32358 0.70310 0.42142 0.47260
1403638557.1778295040 6.19903 8.54541 2.82665 -0.32177 0.70166 0.42292 0.47463
1403638557.2778294086 6.30011 8.49874 2.83853 -0.32055 0.70070 0.42396 0.47594
1403638557.3778295517 6.40926 8.44784 2.84630 -0.31802 0.69956 0.42613 0.47738
1403638557.4778294563 6.52011 8.39753 2.85592 -0.31243 0.69664 0.43058 0.48133
1403638557.5778295994 6.63088 8.34690 2.87140 -0.30783 0.69431 0.43377 0.48479
1403638557.6778295040 6.74082 8.29751 2.89109 -0.30524 0.69319 0.43569 0.48631
1403638557.7778294086 6.84937 8.24828 2.91367 -0.30519 0.69287 0.43536 0.48708
1403638557.8778295517 6.95913 8.19716 2.93120 -0.30231 0.69284 0.43678 0.48765
1403638557.9778294563 7.06484 8.14821 2.94295 -0.29949 0.69415 0.43834 0.48614
1403638558.0778295994 7.16945 8.10080 2.94893 -0.29852 0.69797 0.43900 0.48063
1403638558.1778295040 7.27590 8.05517 2.95237 -0.29572 0.70386 0.44040 0.47241
1403638558.2778294086 7.38387 8.01446 2.96130 -0.29223 0.70807 0.44202 0.46675
1403638558.3778295517 7.49057 7.98283 2.98030 -0.28743 0.70951 0.44467 0.46502
1403638558.4778294563 7.59692 7.95769 3.00676 -0.28106 0.71332 0.44816 0.45970
1403638558.5778295994 7.70325 7.94290 3.04039 -0.28225 0.71594 0.44675 0.45626
1403638558.6778295040 7.81252 7.93832 3.07991 -0.29048 0.71662 0.44022 0.45639
1403638558.7778294086 7.92294 7.94070 3.11704 -0.29822 0.71622 0.43408 0.45791
1403638558.8778295517 8.03682 7.94834 3.14824 -0.30070 0.71498 0.43185 0.46032
1403638558.9778294563 8.15513 7.95912 3.17193 -0.30234 0.71018 0.43063 0.46775
1403638559.0778295994 8.27729 7.97189 3.18750 -0.30284 0.70571 0.43050 0.47427
1403638559.1778295040 8.39916 7.98785 3.19620 -0.30302 0.70233 0.43090 0.47879
1403638559.2778294086 8.52189 8.00501 3.19852 -0.30085 0.69955 0.43325 0.48210
1403638559.3778295517 8.64665 8.02231 3.19493 -0.29716 0.69731 0.43651 0.48467
1403638559.4778294563 8.76718 8.04096 3.18720 -0.29498 0.69504 0.43870 0.48728
1403638559.5778295994 8.88786 8.06023 3.17488 -0.29390 0.69288 0.44027 0.48959
1403638559.6778295040 9.00624 8.08250 3.15971 -0.29453 0.69183 0.44049 0.49050
1403638559.7778294086 9.11804 8.10520 3.14504 -0.29488 0.69098 0.44120 0.49085
1403638559.8778295517 9.23157 8.13208 3.13990 -0.29625 0.69176 0.44047 0.48958
1403638559.9778294563 9.33823 8.15840 3.13133 -0.29514 0.69518 0.43445 0.49078
1403638560.0778295994 9.44985 8.18961 3.12307 -0.28971 0.70286 0.42142 0.49444
1403638560.1778295040 9.55877 8.21860 3.10598 -0.27992 0.71220 0.40311 0.50192
1403638560.2778294086 9.66656 8.24867 3.08308 -0.26753 0.72255 0.38165 0.51058
1403638560.3778295517 9.77352 8.27820 3.05773 -0.25616 0.72983 0.35717 0.52360
1403638560.4778294563 9.87707 8.30609 3.02852 -0.24333 0.73729 0.33180 0.53582
1403638560.5778295994 9.97718 8.32912 2.99421 -0.23202 0.74592 0.30471 0.54491
1403638560.6778295040 10.07435 8.34798 2.95594 -0.22240 0.75582 0.27650 0.55029
1403638560.7778294086 10.16812 8.36028 2.92103 -0.21528 0.76406 0.25076 0.55406
1403638560.8778295517 10.25844 8.36366 2.89323 -0.20457 0.77003 0.22777 0.55976
1403638560.9778294563 10.34811 8.35965 2.87285 -0.19228 0.77384 0.20670 0.56698
1403638561.0778295994 10.43599 8.34745 2.85983 -0.17998 0.77594 0.18671 0.57504
1403638561.1778295040 10.51819 8.32565 2.85299 -0.16900 0.77689 0.16893 0.58253
1403638561.2778294086 10.59552 8.29646 2.85360 -0.16204 0.77685 0.15551 0.58827
1403638561.3778295517 10.66362 8.25816 2.85711 -0.15303 0.78135 0.15057 0.58601
1403638561.4778294563 10.72850 8.21359 2.85717 -0.13955 0.78730 0.15398 0.58050
1403638561.5778295994 10.79059 8.16504 2.85235 -0.12992 0.79086 0.15856 0.57664
1403638561.6778295040 10.84900 8.11456 2.84322 -0.12608 0.79257 0.16133 0.57438
1403638561.7778294086 10.90583 8.06291 2.82920 -0.12510 0.79280 0.16359 0.57363
1403638561.8778295517 10.95906 8.00718 2.80456 -0.12260 0.79216 0.16427 0.57486
1403638561.9778294563 11.01520 7.95216 2.78029 -0.11733 0.79308 0.15981 0.57594
1403638562.0778295994 11.06253 7.89285 2.75325 -0.11003 0.79465 0.15105 0.57759
1403638562.1778295040 11.11034 7.83448 2.73693 -0.10235 0.79633 0.14118 0.57918
1403638562.2778294086 11.15476 7.77724 2.72449 -0.09579 0.79722 0.13283 0.58105
1403638562.3778295517 11.19640 7.71930 2.71816 -0.08967 0.79792 0.12078 0.58370
1403638562.4778294563 11.23409 7.65965 2.71582 -0.08171 0.79997 0.10459 0.58518
1403638562.5778295994 11.26932 7.60025 2.72075 -0.07210 0.80190 0.08436 0.58706
1403638562.6778295040 11.29960 7.54093 2.73095 -0.06335 0.80422 0.06004 0.58788
1403638562.7778294086 11.32634 7.48038 2.74336 -0.05450 0.80526 0.03366 0.58945
1403638562.8778295517 11.34820 7.41587 2.75232 -0.04103 0.80592 0.00893 0.59054
1403638562.9778294563 11.36544 7.34787 2.75604 -0.02660 0.80614 -0.01381 0.59097
1403638563.0778295994 11.37819 7.27657 2.75444 -0.01771 0.80547 -0.03789 0.59116
1403638563.1778295040 11.38440 7.20033 2.74855 -0.00597 0.80487 -0.05755 0.59062
1403638563.2778294086 11.38489 7.11859 2.73847 0.00545 0.80142 -0.07122 0.59382
1403638563.3778295517 11.37845 7.03152 2.72302 0.01209 0.79340 -0.08059 0.60322
1403638563.4778294563 11.36412 6.94033 2.70046 0.01344 0.78715 -0.08732 0.61040
1403638563.5778295994 11.34172 6.84328 2.67601 0.01901 0.78775 -0.08703 0.60952
1403638563.6778295040 11.31135 6.74073 2.65621 0.01911 0.79131 -0.08720 0.60486
1403638563.7778294086 11.27401 6.63131 2.64269 0.01605 0.79361 -0.08758 0.60188
1403638563.8778295517 11.23060 6.51543 2.63792 0.01292 0.79328 -0.08661 0.60253
1403638563.9778294563 11.18055 6.39412 2.63973 0.00950 0.79228 -0.08490 0.60415
1403638564.0778295994 11.12206 6.26792 2.63934 0.00507 0.79302 -0.08263 0.60354
1403638564.1778295040 11.05654 6.13583 2.63367 0.00341 0.79309 -0.07793 0.60409
1403638564.2778294086 10.98522 5.99876 2.62832 0.00446 0.79161 -0.07244 0.60670
1403638564.3778295517 10.90667 5.85552 2.62422 0.00444 0.79035 -0.06730 0.60893
1403638564.4778294563 10.81890 5.71331 2.63261 0.00538 0.78917 -0.06307 0.61091
1403638564.5778295994 10.72215 5.56435 2.63971 0.00265 0.79097 -0.06260 0.60863
1403638564.6778295040 10.61553 5.42878 2.65522 -0.00205 0.79260 -0.06577 0.60618
1403638564.7778294086 10.50262 5.26985 2.65249 -0.00586 0.79313 -0.06878 0.60513
1403638564.8778295517 10.38265 5.12149 2.65708 -0.00765 0.79252 -0.07146 0.60560
1403638564.9778294563 10.25940 4.94626 2.62739 -0.00957 0.79196 -0.07304 0.60611
1403638565.0778295994 10.12719 4.78298 2.59743 -0.01050 0.79227 -0.07400 0.60557
1403638565.1778295040 9.99114 4.61435 2.54865 -0.01068 0.79300 -0.07444 0.60456
1403638565.2778294086 9.85229 4.44033 2.49100 -0.00874 0.79399 -0.07391 0.60336
1403638565.3778295517 9.71181 4.26298 2.42860 -0.00565 0.79506 -0.07296 0.60210
1403638565.4778294563 9.56791 4.07772 2.36272 -0.00233 0.79442 -0.07222 0.60306
1403638565.5778295994 9.42128 3.88791 2.30214 0.00469 0.79232 -0.07015 0.60604
1403638565.6778295040 9.26932 3.69511 2.24924 0.01684 0.79216 -0.06444 0.60667
1403638565.7778294086 9.11392 3.50180 2.20075 0.02610 0.79497 -0.06038 0.60307
1403638565.8778295517 8.94913 3.30735 2.15893 0.03342 0.79721 -0.05727 0.60005
1403638565.9778294563 8.78381 3.12373 2.12305 0.03619 0.79901 -0.05822 0.59740
1403638566.0778295994 8.61467 2.94007 2.08101 0.03793 0.79999 -0.05883 0.59591
1403638566.1778295040 8.44197 2.75584 2.02983 0.03595 0.80011 -0.06031 0.59573
1403638566.2778294086 8.26795 2.57567 1.97082 0.03670 0.79971 -0.05956 0.59629
1403638566.3778295517 8.09316 2.39688 1.90326 0.03700 0.80072 -0.05860 0.59502
1403638566.4778294563 7.91807 2.22057 1.82927 0.03371 0.80093 -0.05936 0.59485
1403638566.5778295994 7.74331 2.04801 1.74894 0.03302 0.80414 -0.05775 0.59071
1403638566.6778295040 7.56907 1.87916 1.66053 0.03205 0.81354 -0.05630 0.57789
1403638566.7778294086 7.39871 1.71379 1.56594 0.03107 0.82534 -0.05496 0.56110
1403638566.8778295517 7.23475 1.55117 1.46714 0.02931 0.83344 -0.05410 0.54918
1403638566.9778294563 7.07606 1.38910 1.36441 0.02934 0.83743 -0.05146 0.54332
1403638567.0778295994 6.93144 1.23733 1.26415 0.02972 0.82929 -0.04994 0.55580
1403638567.1778295040 6.79033 1.08636 1.15991 0.03251 0.81686 -0.04765 0.57395
1403638567.2778294086 6.65898 0.94042 1.05181 0.03620 0.80818 -0.04580 0.58603
1403638567.3778295517 6.52501 0.79871 0.93806 0.03950 0.80627 -0.04537 0.58848
1403638567.4778294563 6.39162 0.66188 0.82800 0.04172 0.80707 -0.04655 0.58714
1403638567.5778295994 6.25822 0.52889 0.72464 0.04326 0.81060 -0.04863 0.58197
1403638567.6778295040 6.12371 0.39781 0.63067 0.04674 0.81389 -0.04943 0.57703
1403638567.7778294086 5.99212 0.27041 0.54571 0.04886 0.81719 -0.05023 0.57210
1403638567.8778295517 5.86771 0.14791 0.46972 0.04814 0.82061 -0.05270 0.56702
1403638567.9778294563 5.75352 0.03003 0.40092 0.04826 0.82159 -0.05384 0.56547
1403638568.0778295994 5.64595 -0.08375 0.34174 0.05148 0.82154 -0.05220 0.56542
1403638568.1778295040 5.54307 -0.19207 0.29326 0.05375 0.82091 -0.05104 0.56623
1403638568.2778294086 5.44429 -0.29372 0.25434 0.05501 0.82082 -0.05151 0.56619
1403638568.3778295517 5.35172 -0.38915 0.21850 0.05533 0.82135 -0.05207 0.56535
1403638568.4778294563 5.25232 -0.48687 0.16715 0.05587 0.82218 -0.05208 0.56409
1403638568.5778295994 5.17635 -0.56762 0.13018 0.05703 0.82366 -0.05173 0.56184
1403638568.6778295040 5.08734 -0.65624 0.07346 0.05835 0.82547 -0.05047 0.55914
1403638568.7778294086 5.02686 -0.71880 0.04227 0.05845 0.82690 -0.05093 0.55698
1403638568.8778295517 4.97210 -0.77240 0.02164 0.05702 0.82629 -0.05285 0.55785
1403638568.9778294563 4.90477 -0.84061 -0.01198 0.05905 0.82578 -0.05118 0.55855
1403638569.0778295994 4.86727 -0.87699 -0.01150 0.06119 0.82566 -0.05055 0.55855
1403638569.1778295040 4.81294 -0.93297 -0.02748 0.06182 0.82647 -0.05060 0.55729
1403638569.2778294086 4.78878 -0.95259 -0.01518 0.06442 0.82779 -0.05002 0.55507
1403638569.3778295517 4.74798 -0.99582 -0.03354 0.06536 0.82772 -0.04980 0.55509
1403638569.4778294563 4.74527 -0.99670 -0.02758 0.06667 0.82640 -0.04978 0.55691
1403638569.5778295994 4.71951 -1.02523 -0.05146 0.06754 0.82514 -0.04942 0.55869
1403638569.6778295040 4.70424 -1.04112 -0.06568 0.06691 0.82401 -0.05043 0.56035
1403638569.7778294086 4.69407 -1.04951 -0.07283 0.06811 0.82321 -0.04990 0.56143
1403638569.8778295517 4.72562 -1.01334 -0.04759 0.06993 0.82211 -0.04924 0.56287
1403638569.9778294563 4.72396 -1.01134 -0.04552 0.06890 0.82058 -0.05007 0.56515
1403638570.0778295994 4.72847 -0.99975 -0.04368 0.06680 0.81997 -0.05167 0.56615
1403638570.1778295040 4.73518 -0.98424 -0.04811 0.06202 0.82007 -0.05456 0.56627
1403638570.2778294086 4.74371 -0.96671 -0.05834 0.05461 0.81944 -0.05923 0.56748
1403638570.3778295517 4.75590 -0.94809 -0.07243 0.04842 0.81896 -0.06659 0.56791
1403638570.4778294563 4.78991 -0.91641 -0.07523 0.04431 0.81798 -0.08229 0.56760
1403638570.5778295994 4.79563 -0.90986 -0.10575 0.03733 0.81429 -0.10916 0.56887
1403638570.6778295040 4.80531 -0.90439 -0.13200 0.03825 0.80792 -0.13824 0.57157
1403638570.7778294086 4.80994 -0.91310 -0.16497 0.04578 0.79564 -0.16536 0.58097
1403638570.8778295517 4.80729 -0.93373 -0.20145 0.05862 0.78284 -0.18933 0.58982
1403638570.9778294563 4.79603 -0.96575 -0.24221 0.07408 0.77367 -0.21033 0.59304
1403638571.0778295994 4.77518 -1.00803 -0.28824 0.09065 0.77001 -0.22933 0.58845
1403638571.1778295040 4.74373 -1.05785 -0.33239 0.11161 0.77194 -0.24192 0.57717
1403638571.2778294086 4.70412 -1.11515 -0.36629 0.13129 0.77278 -0.24838 0.56910
1403638571.3778295517 4.65714 -1.17643 -0.38857 0.14362 0.77184 -0.25366 0.56506
1403638571.4778294563 4.60487 -1.24125 -0.40122 0.14943 0.76880 -0.25818 0.56565
1403638571.5778295994 4.54723 -1.30843 -0.40948 0.15620 0.76619 -0.26220 0.56551
1403638571.6778295040 4.48545 -1.37763 -0.42160 0.16215 0.76545 -0.27153 0.56041
1403638571.7778294086 4.41994 -1.44976 -0.43896 0.16992 0.76426 -0.28495 0.55303
1403638571.8778295517 4.35151 -1.52512 -0.46087 0.17697 0.76045 -0.30255 0.54668
1403638571.9778294563 4.27956 -1.60439 -0.47952 0.18450 0.75347 -0.32228 0.54257
1403638572.0778295994 4.20361 -1.68684 -0.49039 0.19351 0.74562 -0.34121 0.53868
1403638572.1778295040 4.12309 -1.77250 -0.49253 0.20909 0.73799 -0.35613 0.53369
1403638572.2778294086 4.03891 -1.85990 -0.48996 0.22292 0.73282 -0.37262 0.52387
1403638572.3778295517 3.95333 -1.95051 -0.48948 0.23572 0.72702 -0.39084 0.51295
1403638572.4778294563 3.86661 -2.04501 -0.49119 0.24939 0.72233 -0.40385 0.50293
1403638572.5778295994 3.78149 -2.14266 -0.49345 0.26016 0.71802 -0.41244 0.49664
1403638572.6778295040 3.69795 -2.24432 -0.49379 0.26594 0.71593 -0.41786 0.49205
1403638572.7778294086 3.61810 -2.34968 -0.48495 0.27367 0.71726 -0.41784 0.48585
1403638572.8778295517 3.54279 -2.45781 -0.46781 0.27726 0.71966 -0.41742 0.48060
1403638572.9778294563 3.47264 -2.56759 -0.44564 0.27798 0.72179 -0.41670 0.47761
1403638573.0778295994 3.40701 -2.67972 -0.42781 0.27743 0.72385 -0.41578 0.47560
1403638573.1778295040 3.34542 -2.79486 -0.41677 0.27582 0.72546 -0.41484 0.47491
1403638573.2778294086 3.28451 -2.91258 -0.40907 0.27428 0.72694 -0.41297 0.47516
1403638573.3778295517 3.23285 -3.03315 -0.39857 0.27372 0.72770 -0.41233 0.47488
1403638573.4778294563 3.18144 -3.15706 -0.38699 0.27680 0.72777 -0.41252 0.47282
1403638573.5778295994 3.14337 -3.28228 -0.36497 0.27874 0.72757 -0.41306 0.47151
1403638573.6778295040 3.11024 -3.40750 -0.33728 0.28176 0.72779 -0.41387 0.46865
1403638573.7778294086 3.08336 -3.53391 -0.30622 0.28882 0.72389 -0.41733 0.46733
1403638573.8778295517 3.06028 -3.66357 -0.27645 0.30268 0.71322 -0.42258 0.47024
1403638573.9778294563 3.04138 -3.79256 -0.25237 0.31468 0.69707 -0.43548 0.47480
1403638574.0778295994 3.02421 -3.91874 -0.23580 0.32072 0.67574 -0.45613 0.48214
1403638574.1778295040 3.00773 -4.03963 -0.22509 0.32696 0.65239 -0.47917 0.48774
1403638574.2778294086 2.98955 -4.15363 -0.22001 0.33641 0.63256 -0.50067 0.48583
1403638574.3778295517 2.96261 -4.26719 -0.21840 0.34848 0.61820 -0.52005 0.47533
1403638574.4778294563 2.92908 -4.37583 -0.21996 0.36151 0.60562 -0.53760 0.46209
1403638574.5778295994 2.89136 -4.47973 -0.21839 0.37167 0.59418 -0.55131 0.45263
1403638574.6778295040 2.84960 -4.58308 -0.20771 0.38328 0.58734 -0.55815 0.44339
1403638574.7778294086 2.80824 -4.69419 -0.18856 0.39376 0.58699 -0.56078 0.43119
1403638574.8778295517 2.76615 -4.80918 -0.16621 0.39480 0.58896 -0.56534 0.42149
1403638574.9778294563 2.72570 -4.92007 -0.14875 0.39330 0.59124 -0.56883 0.41495
1403638575.0778295994 2.68504 -5.03120 -0.13860 0.38598 0.58969 -0.57427 0.41653
1403638575.1778295040 2.64135 -5.13825 -0.13401 0.38044 0.58690 -0.57759 0.42097
1403638575.2778294086 2.59228 -5.24346 -0.13433 0.37719 0.58562 -0.57840 0.42454
1403638575.3778295517 2.54115 -5.35474 -0.13769 0.37409 0.58895 -0.57872 0.42222
1403638575.4778294563 2.48487 -5.46507 -0.14607 0.37214 0.59455 -0.57742 0.41786
1403638575.5778295994 2.42675 -5.58460 -0.15116 0.37125 0.59966 -0.57532 0.41424
1403638575.6778295040 2.36528 -5.70731 -0.15086 0.37459 0.60620 -0.57047 0.40838
1403638575.7778294086 2.30098 -5.83586 -0.14275 0.37531 0.61288 -0.56787 0.40130
1403638575.8778295517 2.24118 -5.96218 -0.12562 0.37514 0.61715 -0.56610 0.39740
1403638575.9778294563 2.18753 -6.08758 -0.09795 0.37479 0.61747 -0.56545 0.39815
1403638576.0778295994 2.13884 -6.21202 -0.06327 0.37563 0.61804 -0.56419 0.39828
1403638576.1778295040 2.09325 -6.34033 -0.02345 0.37671 0.61638 -0.56376 0.40042
1403638576.2778294086 2.04971 -6.47530 0.01258 0.38086 0.61691 -0.56134 0.39909
1403638576.3778295517 2.01086 -6.61227 0.04215 0.38549 0.61845 -0.55856 0.39614
1403638576.4778294563 1.97673 -6.75174 0.06558 0.38930 0.62104 -0.55628 0.39154
1403638576.5778295994 1.94892 -6.89412 0.08338 0.39373 0.62510 -0.55370 0.38424
1403638576.6778295040 1.92714 -7.04294 0.09668 0.39689 0.62658 -0.55167 0.38148
1403638576.7778294086 1.91213 -7.19819 0.10558 0.40200 0.62436 -0.54792 0.38517
1403638576.8778295517 1.90285 -7.35622 0.10971 0.40502 0.61948 -0.54592 0.39264
1403638576.9778294563 1.90051 -7.51313 0.10907 0.40345 0.61308 -0.54740 0.40212
1403638577.0778295994 1.90372 -7.66709 0.10793 0.39943 0.60919 -0.55064 0.40760
1403638577.1778295040 1.91029 -7.81987 0.11480 0.39679 0.60633 -0.55265 0.41170
1403638577.2778294086 1.91934 -7.97321 0.12768 0.39711 0.60689 -0.55244 0.41085
1403638577.3778295517 1.93106 -8.12544 0.14913 0.40344 0.61131 -0.54773 0.40440
1403638577.4778294563 1.94721 -8.27485 0.17568 0.40761 0.61390 -0.54459 0.40050
1403638577.5778295994 1.96884 -8.42272 0.19841 0.40470 0.61384 -0.54637 0.40111
1403638577.6778295040 1.99545 -8.56594 0.21469 0.40146 0.61272 -0.54844 0.40325
1403638577.7778294086 2.02577 -8.70598 0.22335 0.39883 0.61218 -0.54996 0.40462
1403638577.8778295517 2.05944 -8.84782 0.22541 0.39852 0.61240 -0.54972 0.40491
1403638577.9778294563 2.09752 -8.98424 0.22576 0.39937 0.61299 -0.54834 0.40506
1403638578.0778295994 2.13881 -9.12666 0.23093 0.39836 0.61228 -0.54824 0.40725
1403638578.1778295040 2.18517 -9.26048 0.24379 0.39406 0.60920 -0.55052 0.41294
1403638578.2778294086 2.23225 -9.39750 0.26206 0.38595 0.60417 -0.55582 0.42082
1403638578.3778295517 2.27794 -9.53171 0.27995 0.38405 0.60176 -0.55732 0.42401
1403638578.4778294563 2.32125 -9.66487 0.29147 0.38422 0.60134 -0.55769 0.42397
1403638578.5778295994 2.36259 -9.79507 0.29813 0.38424 0.60074 -0.55834 0.42394
1403638578.6778295040 2.40244 -9.92758 0.29818 0.38669 0.60065 -0.55718 0.42336
1403638578.7778294086 2.43992 -10.05433 0.29836 0.39185 0.60331 -0.55389 0.41915
1403638578.8778295517 2.47860 -10.18372 0.29172 0.39676 0.60625 -0.55039 0.41487
1403638578.9778294563 2.51935 -10.30394 0.28937 0.39920 0.60766 -0.54835 0.41316
1403638579.0778295994 2.56246 -10.43148 0.29126 0.39964 0.60841 -0.54736 0.41294
1403638579.1778295040 2.60994 -10.55470 0.30693 0.40026 0.60851 -0.54650 0.41333
1403638579.2778294086 2.65899 -10.67450 0.32181 0.39815 0.60753 -0.54754 0.41543
1403638579.3778295517 2.71027 -10.78968 0.34258 0.39271 0.60422 -0.55108 0.42072
1403638579.4778294563 2.76037 -10.90651 0.35602 0.38721 0.59990 -0.55475 0.42713
1403638579.5778295994 2.80915 -11.01541 0.36664 0.38630 0.59760 -0.55185 0.43486
1403638579.6778295040 2.85708 -11.12688 0.37224 0.38889 0.59892 -0.53969 0.44587
1403638579.7778294086 2.90371 -11.23298 0.37171 0.38759 0.61045 -0.52124 0.45325
1403638579.8778295517 2.95086 -11.33682 0.36435 0.37704 0.63165 -0.50117 0.45573
1403638579.9778294563 2.99998 -11.43822 0.35190 0.36031 0.65315 -0.47734 0.46446
1403638580.0778295994 3.04917 -11.53418 0.33792 0.34667 0.66966 -0.44368 0.48427
1403638580.1778295040 3.09945 -11.61833 0.31981 0.32771 0.68604 -0.40766 0.50573
1403638580.2778294086 3.14990 -11.69581 0.29690 0.30202 0.70500 -0.37397 0.52144
1403638580.3778295517 3.19787 -11.76638 0.26811 0.27217 0.72274 -0.34881 0.53094
1403638580.4778294563 3.24171 -11.83529 0.23606 0.24628 0.73534 -0.33325 0.53625
1403638580.5778295994 3.28268 -11.90380 0.20282 0.22893 0.74344 -0.32055 0.54049
1403638580.6778295040 3.32101 -11.97023 0.16904 0.21354 0.75436 -0.30675 0.53967
1403638580.7778294086 3.35657 -12.03516 0.14167 0.20297 0.76531 -0.29250 0.53624
1403638580.8778295517 3.38781 -12.09635 0.12202 0.19793 0.77283 -0.28205 0.53292
1403638580.9778294563 3.42072 -12.15851 0.11379 0.19204 0.77456 -0.27865 0.53435
1403638581.0778295994 3.45245 -12.21633 0.11535 0.19074 0.77572 -0.27686 0.53406
1403638581.1778295040 3.48213 -12.27134 0.12125 0.19324 0.77575 -0.27524 0.53396
1403638581.2778294086 3.51027 -12.32430 0.12697 0.19718 0.77585 -0.27486 0.53257
1403638581.3778295517 3.53992 -12.37257 0.14265 0.20047 0.77457 -0.27586 0.53268
1403638581.4778294563 3.56848 -12.42422 0.14726 0.20318 0.77240 -0.27731 0.53405
1403638581.5778295994 3.59643 -12.45835 0.17958 0.20621 0.77172 -0.27926 0.53285
1403638581.6778295040 3.63002 -12.50559 0.19068 0.21150 0.76766 -0.27896 0.53680
1403638581.7778294086 3.64522 -12.50611 0.23167 0.21390 0.76387 -0.28029 0.54055
1403638581.8778295517 3.65051 -12.49604 0.26361 0.21703 0.76065 -0.27995 0.54400
1403638581.9778294563 3.68151 -12.52630 0.26468 0.22143 0.75321 -0.27790 0.55354
1403638582.0778295994 3.69467 -12.53212 0.27670 0.22001 0.75481 -0.27967 0.55104
1403638582.1778295040 3.71221 -12.54359 0.29068 0.21547 0.76191 -0.28330 0.54112
1403638582.2778294086 3.73694 -12.55934 0.31031 0.21573 0.76487 -0.28348 0.53672
1403638582.3778295517 3.75745 -12.57133 0.34474 0.21840 0.76169 -0.28098 0.54146
1403638582.4778294563 3.78388 -12.58413 0.38208 0.22057 0.76060 -0.27929 0.54299
1403638582.5778295994 3.81075 -12.59306 0.43051 0.22166 0.76006 -0.27819 0.54387
1403638582.6778295040 3.82994 -12.59680 0.48706 0.22133 0.76104 -0.27843 0.54250
1403638582.7778294086 3.85987 -12.59819 0.55282 0.21950 0.76253 -0.28035 0.54016
1403638582.8778295517 3.88785 -12.59554 0.61921 0.21985 0.76381 -0.28099 0.53786
1403638582.9778294563 3.91502 -12.58922 0.67899 0.21854 0.76592 -0.28273 0.53448
1403638583.0778295994 3.94116 -12.57958 0.73092 0.21743 0.76832 -0.28458 0.53050
1403638583.1778295040 3.96885 -12.56794 0.77463 0.21728 0.76985 -0.28541 0.52788
1403638583.2778294086 3.99888 -12.55519 0.81198 0.21600 0.77037 -0.28674 0.52693
1403638583.3778295517 4.01555 -12.53794 0.83745 0.21647 0.76998 -0.28621 0.52760
1403638583.4778294563 4.05057 -12.52562 0.86835 0.21657 0.77067 -0.28635 0.52647
1403638583.5778295994 4.08549 -12.51062 0.90383 0.21670 0.77064 -0.28624 0.52651
1403638583.6778295040 4.12141 -12.49287 0.94627 0.21837 0.77098 -0.28502 0.52599
1403638583.7778294086 4.15913 -12.47325 0.98899 0.21813 0.77067 -0.28501 0.52655
1403638583.8778295517 4.16500 -12.43320 1.00839 0.21897 0.76968 -0.28438 0.52799
1403638583.9778294563 4.20744 -12.41262 1.03864 0.21935 0.76973 -0.28405 0.52794
1403638584.0778295994 4.24741 -12.38822 1.06152 0.22246 0.76642 -0.28161 0.53274
1403638584.1778295040 4.26460 -12.35348 1.06536 0.22710 0.75759 -0.27751 0.54541
1403638584.2778294086 4.30885 -12.32305 1.07904 0.22990 0.74875 -0.27469 0.55773
1403638584.3778295517 4.32459 -12.27849 1.06762 0.23165 0.74595 -0.27318 0.56148
1403638584.4778294563 4.33719 -12.22423 1.05248 0.23241 0.74581 -0.27244 0.56172
1403638584.5778295994 4.36147 -12.17103 1.04930 0.23205 0.74599 -0.27255 0.56157
1403638584.6778295040 4.38151 -12.11126 1.05334 0.22966 0.74772 -0.27398 0.55956
1403638584.7778294086 4.38574 -12.03659 1.05433 0.22564 0.75430 -0.27660 0.55101
1403638584.8778295517 4.40099 -11.96585 1.07001 0.21884 0.76170 -0.28165 0.54092
1403638584.9778294563 4.40274 -11.88605 1.07219 0.21671 0.76509 -0.28376 0.53587
1403638585.0778295994 4.40891 -11.80452 1.06910 0.21633 0.76623 -0.28446 0.53401
1403638585.1778295040 4.42415 -11.73156 1.06721 0.21395 0.76600 -0.28607 0.53444
1403638585.2778294086 4.43071 -11.65268 1.05995 0.21516 0.76413 -0.28509 0.53716
1403638585.3778295517 4.44670 -11.57858 1.04964 0.21587 0.76211 -0.28426 0.54018
1403638585.4778294563 4.44796 -11.50068 1.04118 0.21566 0.76226 -0.28434 0.54000
1403638585.5778295994 4.46481 -11.42570 1.03474 0.21469 0.76408 -0.28460 0.53767
1403638585.6778295040 4.46716 -11.34590 1.04131 0.21434 0.76654 -0.28460 0.53430
1403638585.7778294086 4.48611 -11.26984 1.05093 0.21086 0.77146 -0.28707 0.52723
1403638585.8778295517 4.48889 -11.19338 1.07561 0.20792 0.77513 -0.28903 0.52192
1403638585.9778294563 4.49800 -11.11974 1.10770 0.20601 0.77489 -0.29096 0.52197
1403638586.0778295994 4.51051 -11.05169 1.14061 0.20809 0.77077 -0.28990 0.52779
1403638586.1778295040 4.53790 -10.98430 1.16145 0.21014 0.76800 -0.28927 0.53136
1403638586.2778294086 4.55100 -10.91374 1.18160 0.21251 0.76540 -0.28790 0.53490
1403638586.3778295517 4.57796 -10.84733 1.19207 0.21855 0.76250 -0.28413 0.53861
1403638586.4778294563 4.58826 -10.77064 1.20204 0.22669 0.76091 -0.27903 0.54015
1403638586.5778295994 4.61275 -10.70026 1.20162 0.22895 0.76026 -0.27784 0.54074
1403638586.6778295040 4.62156 -10.61515 1.19942 0.22608 0.76089 -0.28003 0.53993
1403638586.7778294086 4.64622 -10.54050 1.18659 0.22204 0.76045 -0.28275 0.54081
1403638586.8778295517 4.65665 -10.45223 1.17422 0.21998 0.75920 -0.28356 0.54297
1403638586.9778294563 4.67859 -10.37106 1.15182 0.22026 0.75896 -0.28330 0.54332
1403638587.0778295994 4.68722 -10.27561 1.13487 0.21959 0.75862 -0.28381 0.54381
1403638587.1778295040 4.70774 -10.18915 1.11534 0.21912 0.75983 -0.28388 0.54227
1403638587.2778294086 4.71836 -10.09036 1.11089 0.21837 0.76140 -0.28415 0.54023
1403638587.3778295517 4.73576 -10.00201 1.10548 0.21767 0.76298 -0.28461 0.53803
1403638587.4778294563 4.74812 -9.90072 1.10938 0.21592 0.76288 -0.28641 0.53792
1403638587.5778295994 4.76573 -9.80871 1.10584 0.21512 0.76290 -0.28741 0.53769
1403638587.6778295040 4.78028 -9.70889 1.10107 0.21501 0.76238 -0.28793 0.53819
1403638587.7778294086 4.79676 -9.61726 1.08591 0.21499 0.76198 -0.28832 0.53855
1403638587.8778295517 4.81289 -9.52031 1.07099 0.21422 0.76150 -0.28919 0.53907
1403638587.9778294563 4.83011 -9.42814 1.04740 0.21407 0.76108 -0.28968 0.53945
1403638588.0778295994 4.84465 -9.33682 1.02390 0.21520 0.76066 -0.28852 0.54022
1403638588.1778295040 4.85915 -9.24682 0.99225 0.22175 0.76166 -0.28418 0.53847
1403638588.2778294086 4.87152 -9.15560 0.96486 0.22446 0.76254 -0.28179 0.53734
1403638588.3778295517 4.88748 -9.06091 0.94029 0.22511 0.76293 -0.28111 0.53688
1403638588.4778294563 4.90436 -8.96380 0.92706 0.22341 0.76281 -0.28216 0.53721
1403638588.5778295994 4.92066 -8.86475 0.91864 0.22106 0.76203 -0.28374 0.53845
1403638588.6778295040 4.93295 -8.76518 0.92231 0.21873 0.76120 -0.28500 0.53991
1403638588.7778294086 4.94804 -8.66138 0.92722 0.21732 0.75965 -0.28630 0.54198
1403638588.8778295517 4.95983 -8.56230 0.93392 0.21484 0.75899 -0.28855 0.54269
1403638588.9778294563 4.97100 -8.45918 0.92768 0.21511 0.75890 -0.28882 0.54257
1403638589.0778295994 4.98033 -8.36152 0.92076 0.21549 0.75911 -0.28910 0.54197
1403638589.1778295040 4.99126 -8.25482 0.89938 0.21714 0.75889 -0.28841 0.54199
1403638589.2778294086 5.00047 -8.15787 0.88486 0.21687 0.75789 -0.28847 0.54346
1403638589.3778295517 5.00877 -8.05033 0.85888 0.21712 0.75770 -0.28828 0.54373
1403638589.4778294563 5.01726 -7.94906 0.84761 0.21673 0.75853 -0.28897 0.54236
1403638589.5778295994 5.02279 -7.84126 0.83302 0.21610 0.75846 -0.28938 0.54249
1403638589.6778295040 5.03444 -7.73609 0.83696 0.21572 0.75907 -0.28951 0.54172
1403638589.7778294086 5.03913 -7.63025 0.83837 0.21598 0.76059 -0.28999 0.53922
1403638589.8778295517 5.04378 -7.53081 0.85243 0.21590 0.76111 -0.29100 0.53797
1403638589.9778294563 5.04740 -7.42552 0.84691 0.21628 0.76107 -0.29146 0.53763
1403638590.0778295994 5.04958 -7.33077 0.85179 0.21582 0.76104 -0.29222 0.53744
1403638590.1778295040 5.05328 -7.22524 0.83766 0.21653 0.75996 -0.29246 0.53856
1403638590.2778294086 5.05530 -7.13589 0.83426 0.21615 0.75925 -0.29297 0.53944
1403638590.3778295517 5.05813 -7.02996 0.81194 0.21639 0.75950 -0.29344 0.53872
1403638590.4778294563 5.05976 -6.94118 0.79845 0.21631 0.76014 -0.29369 0.53772
1403638590.5778295994 5.06085 -6.83671 0.77576 0.21523 0.76116 -0.29446 0.53629
1403638590.6778295040 5.06106 -6.74919 0.76850 0.21311 0.76288 -0.29552 0.53411
1403638590.7778294086 5.06238 -6.65258 0.76282 0.21230 0.76367 -0.29603 0.53302
1403638590.8778295517 5.06113 -6.56702 0.77098 0.21234 0.76454 -0.29601 0.53176
1403638590.9778294563 5.06332 -6.47657 0.78002 0.21100 0.76509 -0.29694 0.53098
1403638591.0778295994 5.05953 -6.38599 0.79829 0.20950 0.76589 -0.29835 0.52964
1403638591.1778295040 5.06294 -6.29811 0.80539 0.20828 0.77002 -0.29981 0.52326
1403638591.2778294086 5.06194 -6.21840 0.80994 0.20531 0.77575 -0.30231 0.51447
1403638591.3778295517 5.06658 -6.14231 0.80805 0.20164 0.77991 -0.30511 0.50792
1403638591.4778294563 5.07780 -6.06635 0.80063 0.19878 0.78251 -0.30744 0.50363
1403638591.5778295994 5.09495 -5.99572 0.78705 0.19589 0.78511 -0.30994 0.49917
1403638591.6778295040 5.11745 -5.93449 0.76949 0.19455 0.78530 -0.31112 0.49866
1403638591.7778294086 5.14581 -5.88181 0.75205 0.19645 0.78347 -0.30998 0.50148
1403638591.8778295517 5.18060 -5.84640 0.73481 0.19750 0.78126 -0.30896 0.50515
1403638591.9778294563 5.21955 -5.82085 0.72547 0.19834 0.77873 -0.30801 0.50929
1403638592.0778295994 5.26092 -5.80663 0.72845 0.19880 0.77628 -0.30668 0.51362
1403638592.1778295040 5.30828 -5.79440 0.73691 0.19704 0.77360 -0.30462 0.51954
1403638592.2778294086 5.35530 -5.79572 0.76226 0.19239 0.76853 -0.29883 0.53203
1403638592.3778295517 5.40241 -5.79340 0.79525 0.18383 0.76651 -0.28978 0.54287
1403638592.4778294563 5.44715 -5.79064 0.83433 0.17235 0.76980 -0.27604 0.54909
1403638592.5778295994 5.48749 -5.79163 0.87859 0.16444 0.77794 -0.26222 0.54682
1403638592.6778295040 5.52476 -5.79571 0.92789 0.15764 0.78601 -0.25136 0.54237
1403638592.7778294086 5.56153 -5.80256 0.97575 0.15221 0.79347 -0.24420 0.53628
1403638592.8778295517 5.59830 -5.81274 1.01792 0.14790 0.79876 -0.23982 0.53160
1403638592.9778294563 5.63648 -5.82570 1.05434 0.14713 0.80146 -0.23622 0.52936
1403638593.0778295994 5.68074 -5.84524 1.08323 0.14606 0.80229 -0.23495 0.52896
1403638593.1778295040 5.72665 -5.86666 1.11661 0.14634 0.80062 -0.23390 0.53187
1403638593.2778294086 5.77879 -5.89463 1.15216 0.15332 0.79751 -0.22990 0.53630
1403638593.3778295517 5.82960 -5.92286 1.19811 0.16254 0.79430 -0.22454 0.54060
1403638593.4778294563 5.88058 -5.95083 1.24035 0.17101 0.78981 -0.22027 0.54629
1403638593.5778295994 5.93338 -5.97692 1.27566 0.17576 0.78697 -0.21880 0.54947
1403638593.6778295040 5.98687 -5.99954 1.30419 0.17850 0.78572 -0.21841 0.55052
1403638593.7778294086 6.04177 -6.01894 1.32857 0.18000 0.78236 -0.21851 0.55477
1403638593.8778295517 6.09758 -6.03505 1.34923 0.17646 0.77200 -0.21792 0.57043
1403638593.9778294563 6.14777 -6.04420 1.38011 0.17025 0.76881 -0.21458 0.57784
1403638594.0778295994 6.19159 -6.04979 1.41365 0.16173 0.77452 -0.21288 0.57327
1403638594.1778295040 6.22912 -6.05286 1.45106 0.15920 0.78088 -0.20862 0.56689
1403638594.2778294086 6.26239 -6.05416 1.48632 0.15943 0.78355 -0.20393 0.56484
1403638594.3778295517 6.29474 -6.05249 1.51423 0.16201 0.78283 -0.19898 0.56687
1403638594.4778294563 6.32063 -6.04675 1.55180 0.16577 0.78177 -0.19340 0.56917
1403638594.5778295994 6.34603 -6.03589 1.58804 0.16021 0.78199 -0.19533 0.56980
1403638594.6778295040 6.36260 -6.02006 1.63722 0.15450 0.78241 -0.19855 0.56968
1403638594.7778294086 6.38241 -6.00466 1.67529 0.15231 0.78304 -0.20062 0.56868
1403638594.8778295517 6.39007 -5.98476 1.71488 0.15099 0.78298 -0.20227 0.56854
1403638594.9778294563 6.40459 -5.96665 1.73960 0.15197 0.78478 -0.20291 0.56556
1403638595.0778295994 6.41740 -5.94718 1.75978 0.15055 0.78588 -0.20479 0.56373
1403638595.1778295040 6.42969 -5.92767 1.77394 0.15038 0.78631 -0.20606 0.56271
1403638595.2778294086 6.44116 -5.90809 1.78208 0.15091 0.78675 -0.20637 0.56184
1403638595.3778295517 6.43720 -5.87941 1.79848 0.15087 0.78630 -0.20710 0.56221
1403638595.4778294563 6.44460 -5.85899 1.79458 0.15095 0.78663 -0.20735 0.56163
1403638595.5778295994 6.45053 -5.83752 1.79113 0.15098 0.78744 -0.20712 0.56058
1403638595.6778295040 6.45437 -5.81484 1.79340 0.15340 0.78756 -0.20546 0.56037
1403638595.7778294086 6.45657 -5.79004 1.80014 0.15765 0.78865 -0.20258 0.55869
1403638595.8778295517 6.46003 -5.76402 1.80365 0.15894 0.78908 -0.20195 0.55794
1403638595.9778294563 6.46378 -5.73736 1.79387 0.16137 0.78887 -0.20050 0.55807
1403638596.0778295994 6.45265 -5.69975 1.78999 0.16883 0.78968 -0.19569 0.55642
1403638596.1778295040 6.45643 -5.66730 1.76742 0.17997 0.79148 -0.18789 0.55306
1403638596.2778294086 6.46168 -5.62615 1.75238 0.19154 0.79358 -0.17934 0.54898
1403638596.3778295517 6.46091 -5.57071 1.75512 0.20085 0.79404 -0.17182 0.54740
1403638596.4778294563 6.47269 -5.51100 1.75514 0.20634 0.79395 -0.16697 0.54698
1403638596.5778295994 6.48494 -5.43676 1.77186 0.21296 0.79495 -0.16157 0.54460
1403638596.6778295040 6.50780 -5.35097 1.78847 0.22047 0.79549 -0.15558 0.54257
1403638596.7778294086 6.53792 -5.24974 1.81296 0.22432 0.79576 -0.15219 0.54155
1403638596.8778295517 6.57137 -5.13253 1.85050 0.22784 0.79527 -0.14926 0.54163
1403638596.9778294563 6.61412 -4.99855 1.88216 0.22969 0.79404 -0.14826 0.54292
1403638597.0778295994 6.65857 -4.85227 1.91468 0.23239 0.79322 -0.14712 0.54329
1403638597.1778295040 6.70967 -4.69044 1.94023 0.23474 0.79139 -0.14674 0.54504
1403638597.2778294086 6.76477 -4.51246 1.95817 0.23243 0.78857 -0.14961 0.54932
1403638597.3778295517 6.82516 -4.31920 1.96928 0.22777 0.78662 -0.15433 0.55275
1403638597.4778294563 6.88969 -4.11102 1.97754 0.21945 0.78307 -0.16118 0.55917
1403638597.5778295994 6.95424 -3.89276 1.98012 0.20707 0.77807 -0.17040 0.56806
1403638597.6778295040 7.01721 -3.66572 1.97777 0.20282 0.77557 -0.17429 0.57182
1403638597.7778294086 7.07806 -3.43064 1.97000 0.20688 0.77757 -0.16931 0.56914
1403638597.8778295517 7.13748 -3.18679 1.95744 0.21098 0.78071 -0.15813 0.56654
1403638597.9778294563 7.19557 -2.93330 1.94149 0.21208 0.78281 -0.14908 0.56569
1403638598.0778295994 7.25616 -2.66838 1.92985 0.20538 0.78318 -0.14658 0.56830
1403638598.1778295040 7.31604 -2.39122 1.92418 0.18393 0.78439 -0.15584 0.57150
1403638598.2778294086 7.37385 -2.10753 1.92298 0.16652 0.78600 -0.16439 0.57223
1403638598.3778295517 7.43085 -1.82339 1.91972 0.15558 0.78763 -0.16978 0.57150
1403638598.4778294563 7.48727 -1.54057 1.91050 0.15125 0.78990 -0.17168 0.56896
1403638598.5778295994 7.54105 -1.25943 1.89317 0.14627 0.79208 -0.16978 0.56779
1403638598.6778295040 7.59295 -0.97984 1.87029 0.14193 0.79493 -0.16137 0.56737
1403638598.7778294086 7.64264 -0.70271 1.84866 0.13356 0.79782 -0.15063 0.56830
1403638598.8778295517 7.68961 -0.42805 1.83370 0.12446 0.79974 -0.13620 0.57129
1403638598.9778294563 7.73246 -0.15691 1.82206 0.11453 0.80323 -0.11989 0.57214
1403638599.0778295994 7.77399 0.11217 1.81494 0.10250 0.80567 -0.10322 0.57422
1403638599.1778295040 7.81349 0.38027 1.81354 0.09053 0.80807 -0.08560 0.57576
1403638599.2778294086 7.85017 0.64680 1.81618 0.07951 0.81117 -0.06665 0.57553
1403638599.3778295517 7.88475 0.91192 1.82627 0.06685 0.81543 -0.04947 0.57285
1403638599.4778294563 7.91699 1.17542 1.84138 0.05763 0.81836 -0.03618 0.57067
1403638599.5778295994 7.94846 1.43775 1.85476 0.05195 0.82114 -0.02772 0.56769
1403638599.6778295040 7.97949 1.69844 1.85970 0.04821 0.82285 -0.02312 0.56574
1403638599.7778294086 8.01229 1.95807 1.85604 0.04695 0.82302 -0.02201 0.56564
1403638599.8778295517 8.04825 2.21546 1.84603 0.04494 0.82419 -0.02449 0.56399
1403638599.9778294563 8.08565 2.47031 1.83190 0.04117 0.82411 -0.03005 0.56413
1403638600.0778295994 8.12799 2.72363 1.81379 0.03477 0.82488 -0.03790 0.56296
1403638600.1778295040 8.17271 2.97137 1.79208 0.02263 0.82606 -0.04974 0.56093
1403638600.2778294086 8.21870 3.21211 1.76487 0.01259 0.82765 -0.06054 0.55783
1403638600.3778295517 8.26797 3.44269 1.73651 0.00496 0.82864 -0.06926 0.55546
1403638600.4778294563 8.32189 3.66866 1.71468 -0.00119 0.82946 -0.07592 0.55339
1403638600.5778295994 8.37820 3.87226 1.70384 0.00090 0.82994 -0.07663 0.55257
1403638600.6778295040 8.43651 4.06145 1.70075 -0.00202 0.83124 -0.07974 0.55015
1403638600.7778294086 8.49822 4.23262 1.70511 -0.00195 0.83493 -0.07980 0.54453
1403638600.8778295517 8.56409 4.38755 1.71507 0.00878 0.83909 -0.07123 0.53925
1403638600.9778294563 8.63481 4.52918 1.72280 0.02532 0.84176 -0.05782 0.53614
1403638601.0778295994 8.71047 4.66105 1.72534 0.03438 0.84248 -0.04977 0.53532
1403638601.1778295040 8.79325 4.78947 1.72370 0.04233 0.84133 -0.04324 0.53712
1403638601.2778294086 8.88363 4.91494 1.71879 0.05216 0.83522 -0.03531 0.54630
1403638601.3778295517 8.97903 5.04204 1.71264 0.04975 0.83033 -0.03110 0.55417
1403638601.4778294563 9.07924 5.17296 1.70991 0.03704 0.82622 -0.02614 0.56152
1403638601.5778295994 9.18157 5.30622 1.71504 0.02665 0.82223 -0.01157 0.56841
1403638601.6778295040 9.28455 5.43888 1.72495 0.01562 0.82076 0.00865 0.57100
1403638601.7778294086 9.38633 5.57249 1.74194 0.00315 0.81929 0.03429 0.57234
1403638601.8778295517 9.48610 5.70727 1.76756 -0.01061 0.81589 0.06361 0.57459
1403638601.9778294563 9.58211 5.84337 1.79427 -0.02543 0.81407 0.08716 0.57362
1403638602.0778295994 9.67620 5.98022 1.81532 -0.03706 0.81339 0.10418 0.57112
1403638602.1778295040 9.76665 6.11892 1.83013 -0.04287 0.80952 0.12009 0.57307
1403638602.2778294086 9.85407 6.26130 1.84029 -0.05027 0.80346 0.13792 0.57697
1403638602.3778295517 9.93628 6.40737 1.85094 -0.07235 0.79323 0.15108 0.58543
1403638602.4778294563 10.01170 6.55587 1.87150 -0.10635 0.77180 0.15880 0.60647
1403638602.5778295994 10.07478 6.69879 1.89977 -0.14079 0.75068 0.16498 0.62404
1403638602.6778295040 10.12151 6.82851 1.93321 -0.16139 0.74127 0.17891 0.62647
1403638602.7778294086 10.14970 6.94319 1.97116 -0.17269 0.73802 0.19873 0.62131
1403638602.8778295517 10.15687 7.04187 2.01345 -0.18408 0.73573 0.21842 0.61410
1403638602.9778294563 10.14692 7.12747 2.05845 -0.20429 0.73680 0.23362 0.60067
1403638603.0778295994 10.12395 7.19614 2.10040 -0.22349 0.73268 0.24845 0.59287
1403638603.1778295040 10.09439 7.25053 2.13506 -0.23592 0.72613 0.26313 0.58978
1403638603.2778294086 10.05433 7.28612 2.15683 -0.23501 0.73431 0.27970 0.57212
1403638603.3778295517 10.00942 7.31070 2.16801 -0.22932 0.74767 0.29326 0.54990
1403638603.4778294563 9.96561 7.33307 2.17506 -0.22657 0.75633 0.29991 0.53542
1403638603.5778295994 9.92541 7.35511 2.18009 -0.22802 0.75431 0.30441 0.53513
1403638603.6778295040 9.88395 7.37407 2.18098 -0.22983 0.74664 0.30735 0.54337
1403638603.7778294086 9.84798 7.39309 2.17198 -0.22313 0.73823 0.31421 0.55363
1403638603.8778295517 9.79862 7.40287 2.16147 -0.21619 0.73062 0.31971 0.56324
1403638603.9778294563 9.74079 7.41206 2.14745 -0.21074 0.72387 0.32284 0.57217
1403638604.0778295994 9.68319 7.42453 2.12235 -0.20451 0.72049 0.32572 0.57705
1403638604.1778295040 9.60440 7.43129 2.10826 -0.20330 0.71984 0.32654 0.57781
1403638604.2778294086 9.52655 7.44030 2.09424 -0.20995 0.72368 0.32256 0.57286
1403638604.3778295517 9.42673 7.43991 2.09417 -0.21585 0.73116 0.31898 0.56309
1403638604.4778294563 9.32241 7.43635 2.10040 -0.21419 0.73903 0.32004 0.55274
1403638604.5778295994 9.21759 7.43253 2.11084 -0.21254 0.74371 0.32101 0.54651
1403638604.6778295040 9.11183 7.42659 2.11714 -0.21545 0.74686 0.31918 0.54214
1403638604.7778294086 9.00763 7.41794 2.11830 -0.21977 0.74870 0.31635 0.53951
1403638604.8778295517 8.90487 7.40794 2.11856 -0.22105 0.75184 0.31545 0.53514
1403638604.9778294563 8.80703 7.39477 2.12249 -0.21902 0.75790 0.31683 0.52652
1403638605.0778295994 8.71199 7.38036 2.13248 -0.21698 0.76440 0.31842 0.51694
1403638605.1778295040 8.62092 7.36701 2.14982 -0.21483 0.76841 0.32017 0.51077
1403638605.2778294086 8.53467 7.35991 2.16818 -0.21104 0.76932 0.32273 0.50936
1403638605.3778295517 8.45218 7.35835 2.18072 -0.20459 0.76480 0.32714 0.51595
1403638605.4778294563 8.37571 7.36530 2.18859 -0.19661 0.75496 0.33315 0.52952
1403638605.5778295994 8.29288 7.37183 2.18882 -0.19048 0.74674 0.33767 0.54045
1403638605.6778295040 8.20644 7.38290 2.18435 -0.18553 0.74107 0.34110 0.54777
1403638605.7778294086 8.11221 7.39919 2.18350 -0.18381 0.74017 0.34210 0.54894
1403638605.8778295517 8.02112 7.42431 2.19283 -0.18104 0.74017 0.34372 0.54884
1403638605.9778294563 7.91614 7.45390 2.20768 -0.17692 0.73947 0.34554 0.54998
1403638606.0778295994 7.81391 7.49258 2.22012 -0.17431 0.73962 0.34624 0.55018
1403638606.1778295040 7.69229 7.53161 2.22561 -0.17088 0.73938 0.34767 0.55067
1403638606.2778294086 7.57633 7.58214 2.22494 -0.16885 0.74059 0.34795 0.54950
1403638606.3778295517 7.43967 7.63173 2.21484 -0.17503 0.74879 0.34265 0.53969
1403638606.4778294563 7.29948 7.68905 2.20027 -0.18387 0.75866 0.33540 0.52739
1403638606.5778295994 7.15992 7.75186 2.18047 -0.19148 0.76697 0.33029 0.51575
1403638606.6778295040 7.02175 7.82212 2.15741 -0.19737 0.77021 0.33211 0.50747
1403638606.7778294086 6.88756 7.89858 2.13039 -0.20258 0.77058 0.34113 0.49880
1403638606.8778295517 6.76139 7.98150 2.10127 -0.21149 0.76760 0.35382 0.49078
1403638606.9778294563 6.64717 8.07183 2.07654 -0.22273 0.76118 0.36957 0.48416
1403638607.0778295994 6.53975 8.17048 2.06167 -0.23697 0.75325 0.38430 0.47830
1403638607.1778295040 6.44289 8.27552 2.05482 -0.25337 0.74397 0.39177 0.47837
1403638607.2778294086 6.35465 8.38319 2.04766 -0.26672 0.73065 0.39684 0.48737
1403638607.3778295517 6.27036 8.49288 2.03167 -0.27917 0.72222 0.39731 0.49256
1403638607.4778294563 6.19038 8.60213 2.00651 -0.28494 0.71919 0.39857 0.49265
1403638607.5778295994 6.11489 8.70801 1.97399 -0.28690 0.71822 0.39992 0.49184
1403638607.6778295040 6.04066 8.81202 1.93841 -0.28837 0.71651 0.39995 0.49345
1403638607.7778294086 5.97022 8.91432 1.90000 -0.28655 0.71507 0.40041 0.49623
1403638607.8778295517 5.89885 9.01593 1.85796 -0.28763 0.71723 0.39810 0.49433
1403638607.9778294563 5.84089 9.11311 1.80977 -0.29007 0.72151 0.39447 0.48956
1403638608.0778295994 5.77772 9.21079 1.76029 -0.29049 0.72014 0.39188 0.49340
1403638608.1778295040 5.71973 9.30426 1.70638 -0.28619 0.71710 0.39233 0.49993
1403638608.2778294086 5.67297 9.39268 1.64521 -0.28445 0.71245 0.39186 0.50788
1403638608.3778295517 5.61805 9.47701 1.58311 -0.28422 0.70654 0.39090 0.51694
1403638608.4778294563 5.57023 9.55814 1.51180 -0.28428 0.70643 0.39047 0.51738
1403638608.5778295994 5.51366 9.63266 1.43850 -0.28252 0.70797 0.39095 0.51587
1403638608.6778295040 5.46616 9.70347 1.36447 -0.28783 0.70502 0.38718 0.51980
1403638608.7778294086 5.40712 9.76417 1.29888 -0.28830 0.70508 0.38679 0.51975
1403638608.8778295517 5.35258 9.81588 1.23805 -0.28734 0.70852 0.38791 0.51475
1403638608.9778294563 5.30138 9.86616 1.18260 -0.28674 0.71268 0.38852 0.50884
1403638609.0778295994 5.24870 9.90672 1.13763 -0.28644 0.71537 0.38887 0.50495
1403638609.1778295040 5.19857 9.94242 1.09941 -0.28847 0.71567 0.38750 0.50442
1403638609.2778294086 5.15098 9.97615 1.05957 -0.29651 0.71545 0.38182 0.50441
1403638609.3778295517 5.10906 10.00947 1.00848 -0.29535 0.71572 0.38227 0.50436
1403638609.4778294563 5.06935 10.03347 0.95574 -0.29171 0.71582 0.38441 0.50472
1403638609.5778295994 5.03294 10.05489 0.89234 -0.28825 0.71587 0.38636 0.50514
1403638609.6778295040 4.99855 10.07456 0.82708 -0.28619 0.71490 0.38792 0.50649
1403638609.7778294086 4.96703 10.09150 0.75744 -0.28500 0.71504 0.38865 0.50640
1403638609.8778295517 4.93840 10.10632 0.69938 -0.28564 0.71518 0.38837 0.50606
1403638609.9778294563 4.91069 10.11784 0.64451 -0.28652 0.71466 0.38758 0.50690
1403638610.0778295994 4.88814 10.12305 0.60515 -0.28989 0.71221 0.38523 0.51021
1403638610.1778295040 4.86552 10.12709 0.56413 -0.29079 0.70906 0.38454 0.51458
1403638610.2778294086 4.84415 10.12561 0.52031 -0.29315 0.70765 0.38264 0.51661
1403638610.3778295517 4.82336 10.11868 0.46977 -0.29404 0.70722 0.38202 0.51715
1403638610.4778294563 4.80525 10.09883 0.42292 -0.29427 0.70545 0.38164 0.51971
1403638610.5778295994 4.78393 10.08165 0.36175 -0.29674 0.70007 0.37973 0.52693
1403638610.6778295040 4.76119 10.05597 0.30132 -0.30089 0.69480 0.37683 0.53359
1403638610.7778294086 4.73416 10.02145 0.24350 -0.29887 0.70028 0.37920 0.52582
1403638610.8778295517 4.70693 9.98114 0.19439 -0.29560 0.70688 0.38276 0.51618
1403638610.9778294563 4.68031 9.92691 0.16187 -0.29640 0.70718 0.38300 0.51513
1403638611.0778295994 4.65461 9.87396 0.12315 -0.29941 0.70419 0.38131 0.51872
1403638611.1778295040 4.63148 9.81889 0.07431 -0.30077 0.70324 0.38152 0.51907
1403638611.2778294086 4.60783 9.75860 0.02479 -0.30022 0.70290 0.38250 0.51913
1403638611.3778295517 4.58318 9.69103 -0.02048 -0.29361 0.70071 0.38704 0.52249
1403638611.4778294563 4.55297 9.61602 -0.05383 -0.28092 0.69682 0.39503 0.52865
1403638611.5778295994 4.52289 9.54066 -0.08536 -0.27201 0.69665 0.40023 0.52962
1403638611.6778295040 4.48244 9.46131 -0.10604 -0.27038 0.69909 0.40039 0.52712
1403638611.7778294086 4.44084 9.38251 -0.12771 -0.27643 0.70469 0.39579 0.51995
1403638611.8778295517 4.39998 9.30487 -0.15939 -0.28207 0.71011 0.39113 0.51303
1403638611.9778294563 4.35735 9.22612 -0.18915 -0.28495 0.71338 0.38831 0.50903
1403638612.0778295994 4.31559 9.14777 -0.22085 -0.28445 0.71532 0.38789 0.50690
1403638612.1778295040 4.27695 9.06822 -0.24924 -0.28594 0.71648 0.38625 0.50566
1403638612.2778294086 4.24160 8.99173 -0.26487 -0.28643 0.71648 0.38554 0.50595
1403638612.3778295517 4.20922 8.91239 -0.27931 -0.28472 0.71606 0.38613 0.50705
1403638612.4778294563 4.17814 8.83136 -0.29410 -0.28393 0.71480 0.38544 0.50978
1403638612.5778295994 4.14819 8.74896 -0.31773 -0.28081 0.71263 0.38610 0.51404
1403638612.6778295040 4.11786 8.66675 -0.34818 -0.27475 0.71082 0.38858 0.51794
1403638612.7778294086 4.08609 8.58417 -0.38323 -0.27171 0.70987 0.38841 0.52096
1403638612.8778295517 4.05216 8.50103 -0.41941 -0.27173 0.70858 0.38618 0.52434
1403638612.9778294563 4.01144 8.41270 -0.45171 -0.27267 0.70905 0.38403 0.52480
1403638613.0778295994 3.97213 8.33015 -0.47563 -0.27345 0.71180 0.38272 0.52163
1403638613.1778295040 3.92989 8.24718 -0.49144 -0.27313 0.71423 0.38230 0.51877
1403638613.2778294086 3.88477 8.16208 -0.49691 -0.27231 0.71469 0.38244 0.51846
1403638613.3778295517 3.84092 8.08019 -0.49966 -0.27153 0.71427 0.38295 0.51907
1403638613.4778294563 3.79442 7.99491 -0.50053 -0.27211 0.71365 0.38191 0.52039
1403638613.5778295994 3.74895 7.91379 -0.51188 -0.27124 0.71471 0.37749 0.52261
1403638613.6778295040 3.70243 7.83349 -0.52875 -0.27503 0.71502 0.37075 0.52502
1403638613.7778294086 3.65327 7.74720 -0.54872 -0.27859 0.71327 0.36321 0.53076
1403638613.8778295517 3.60403 7.65825 -0.58272 -0.27530 0.71500 0.35495 0.53571
1403638613.9778294563 3.55281 7.56244 -0.61616 -0.26749 0.72044 0.34465 0.53911
1403638614.0778295994 3.50242 7.46479 -0.65417 -0.25538 0.72781 0.33228 0.54282
1403638614.1778295040 3.44720 7.35900 -0.69386 -0.24064 0.73732 0.31869 0.54487
1403638614.2778294086 3.38916 7.24887 -0.72903 -0.22963 0.74542 0.30463 0.54664
1403638614.3778295517 3.32991 7.13990 -0.75842 -0.22105 0.75155 0.29473 0.54721
1403638614.4778294563 3.26896 7.03161 -0.77874 -0.21761 0.75575 0.28550 0.54770
1403638614.5778295994 3.20704 6.92050 -0.79114 -0.21372 0.75975 0.27687 0.54814
1403638614.6778295040 3.14844 6.81056 -0.79608 -0.21071 0.76428 0.26455 0.54909
1403638614.7778294086 3.09335 6.70115 -0.78888 -0.20921 0.77330 0.24741 0.54501
1403638614.8778295517 3.04199 6.59220 -0.77106 -0.20189 0.78353 0.22918 0.54111
1403638614.9778294563 2.99806 6.48340 -0.74510 -0.18877 0.79174 0.20943 0.54190
1403638615.0778295994 2.96295 6.37485 -0.71294 -0.17047 0.79799 0.18814 0.54659
1403638615.1778295040 2.93643 6.26786 -0.67387 -0.14843 0.80021 0.16571 0.55694
1403638615.2778294086 2.91288 6.15828 -0.63153 -0.12276 0.80136 0.14400 0.56747
1403638615.3778295517 2.88807 6.04723 -0.59483 -0.10097 0.80359 0.11822 0.57452
1403638615.4778294563 2.86295 5.93536 -0.56478 -0.08033 0.80521 0.09201 0.58028
1403638615.5778295994 2.83514 5.82086 -0.54244 -0.06305 0.80716 0.06735 0.58308
1403638615.6778295040 2.80539 5.70522 -0.52427 -0.04971 0.80828 0.04982 0.58458
1403638615.7778294086 2.77434 5.59081 -0.50144 -0.04193 0.80889 0.03721 0.58529
1403638615.8778295517 2.74115 5.47708 -0.47118 -0.03669 0.80947 0.02529 0.58547
1403638615.9778294563 2.70852 5.36402 -0.44238 -0.02947 0.81040 0.01324 0.58499
1403638616.0778295994 2.67448 5.24843 -0.41952 -0.02052 0.81033 0.00090 0.58561
1403638616.1778295040 2.63888 5.13001 -0.40779 -0.01081 0.81076 -0.01329 0.58513
1403638616.2778294086 2.60110 5.00817 -0.41373 -0.00032 0.81072 -0.03156 0.58458
1403638616.3778295517 2.56163 4.88147 -0.43430 0.01270 0.81032 -0.05088 0.58364
1403638616.4778294563 2.51970 4.75193 -0.46231 0.02299 0.80979 -0.06881 0.58221
1403638616.5778295994 2.47775 4.62193 -0.49407 0.03203 0.81076 -0.08141 0.57880
1403638616.6778295040 2.43664 4.49289 -0.53018 0.03737 0.81490 -0.09136 0.57113
1403638616.7778294086 2.39664 4.36403 -0.57191 0.03359 0.82286 -0.10213 0.55798
1403638616.8778295517 2.36213 4.23482 -0.61502 0.02925 0.82829 -0.10929 0.54876
1403638616.9778294563 2.33589 4.10077 -0.65042 0.03480 0.82668 -0.10695 0.55132
1403638617.0778295994 2.31604 3.96117 -0.67581 0.04091 0.82336 -0.10182 0.55681
1403638617.1778295040 2.30080 3.82062 -0.69206 0.04740 0.82096 -0.09492 0.56104
1403638617.2778294086 2.28958 3.68169 -0.70233 0.04915 0.82372 -0.09061 0.55755
1403638617.3778295517 2.28395 3.54582 -0.70591 0.04883 0.82804 -0.08830 0.55151
1403638617.4778294563 2.28432 3.41416 -0.69988 0.04875 0.83110 -0.08562 0.54733
1403638617.5778295994 2.29210 3.28736 -0.68445 0.04904 0.83208 -0.08315 0.54618
1403638617.6778295040 2.30872 3.16685 -0.65952 0.05086 0.83101 -0.07959 0.54817
1403638617.7778294086 2.32368 3.03872 -0.63032 0.05136 0.82957 -0.07690 0.55069
1403638617.8778295517 2.35655 2.93536 -0.58719 0.05316 0.82987 -0.07412 0.55044
1403638617.9778294563 2.39523 2.83802 -0.54159 0.05198 0.82895 -0.07407 0.55195
1403638618.0778295994 2.43874 2.74870 -0.50417 0.05204 0.82871 -0.07324 0.55241
1403638618.1778295040 2.48252 2.65120 -0.47411 0.05016 0.82893 -0.07347 0.55223
1403638618.2778294086 2.52359 2.54248 -0.45170 0.05073 0.82904 -0.07201 0.55221
1403638618.3778295517 2.57533 2.45286 -0.43178 0.05117 0.82843 -0.07129 0.55318
1403638618.4778294563 2.62345 2.34807 -0.41634 0.05096 0.82864 -0.07004 0.55304
1403638618.5778295994 2.68278 2.26089 -0.40085 0.05266 0.82774 -0.06945 0.55431
1403638618.6778295040 2.73816 2.15869 -0.38999 0.05648 0.82738 -0.07252 0.55406
1403638618.7778294086 2.80574 2.07344 -0.37178 0.05948 0.82652 -0.07590 0.55459
1403638618.8778295517 2.87555 1.98861 -0.34888 0.06285 0.82458 -0.07922 0.55663
1403638618.9778294563 2.94658 1.90269 -0.32435 0.06931 0.81987 -0.08793 0.56150
1403638619.0778295994 3.01813 1.81673 -0.30703 0.08143 0.81533 -0.10138 0.56420
1403638619.1778295040 3.09022 1.73203 -0.29754 0.09512 0.81047 -0.12002 0.56541
1403638619.2778294086 3.16233 1.65149 -0.29570 0.10914 0.80488 -0.14388 0.56530
1403638619.3778295517 3.23400 1.57334 -0.30320 0.12529 0.79868 -0.16812 0.56405
1403638619.4778294563 3.30539 1.49911 -0.31436 0.13588 0.79292 -0.18910 0.56308
1403638619.5778295994 3.37729 1.42780 -0.32656 0.14253 0.78813 -0.20466 0.56272
1403638619.6778295040 3.45091 1.35399 -0.34092 0.13880 0.78358 -0.22077 0.56391
1403638619.7778294086 3.52116 1.28163 -0.35709 0.13532 0.78037 -0.23218 0.56463
1403638619.8778295517 3.58790 1.20730 -0.37445 0.13516 0.77782 -0.23852 0.56554
1403638619.9778294563 3.64620 1.13095 -0.40037 0.13651 0.77671 -0.24214 0.56520
1403638620.0778295994 3.70497 1.05184 -0.41658 0.13903 0.77407 -0.24366 0.56755
1403638620.1778295040 3.75221 0.97004 -0.43468 0.14392 0.77108 -0.24235 0.57096
1403638620.2778294086 3.80030 0.88605 -0.43706 0.14682 0.77177 -0.24135 0.56971
1403638620.3778295517 3.83520 0.80241 -0.43941 0.14950 0.77333 -0.23935 0.56774
1403638620.4778294563 3.87412 0.71491 -0.42975 0.15067 0.77468 -0.23742 0.56639
1403638620.5778295994 3.90052 0.62976 -0.42604 0.15022 0.77619 -0.23596 0.56506
1403638620.6778295040 3.92548 0.54352 -0.42709 0.14724 0.77877 -0.23606 0.56224
1403638620.7778294086 3.95438 0.45458 -0.42870 0.14358 0.78220 -0.23677 0.55811
1403638620.8778295517 3.97339 0.36557 -0.44002 0.14662 0.78571 -0.23254 0.55416
1403638620.9778294563 3.99291 0.27512 -0.45377 0.15126 0.78673 -0.22671 0.55388
1403638621.0778295994 3.99666 0.21608 -0.45697 0.15582 0.78533 -0.22192 0.55653
1403638621.1778295040 4.01123 0.13179 -0.46699 0.15478 0.78424 -0.22009 0.55908
1403638621.2778294086 4.03533 0.04179 -0.46635 0.15530 0.78336 -0.21744 0.56120
1403638621.3778295517 4.04765 -0.03625 -0.46462 0.15706 0.78442 -0.21459 0.56034
1403638621.4778294563 4.06516 -0.11444 -0.46390 0.15799 0.78281 -0.21246 0.56313
1403638621.5778295994 4.07640 -0.18750 -0.47308 0.15833 0.78075 -0.21034 0.56667
1403638621.6778295040 4.08692 -0.25809 -0.48670 0.15815 0.77986 -0.20931 0.56832
1403638621.7778294086 4.09774 -0.32325 -0.50052 0.15939 0.77837 -0.20798 0.57051
1403638621.8778295517 4.10125 -0.38699 -0.52213 0.16167 0.77502 -0.20598 0.57514
1403638621.9778294563 4.10275 -0.44489 -0.54643 0.16241 0.77252 -0.20522 0.57855
1403638622.0778295994 4.10152 -0.49191 -0.57055 0.16115 0.77208 -0.20632 0.57910
1403638622.1778295040 4.09364 -0.54349 -0.60191 0.15805 0.77286 -0.20837 0.57818
1403638622.2778294086 4.08203 -0.58765 -0.62920 0.15536 0.77204 -0.21076 0.57914
1403638622.3778295517 4.06505 -0.62681 -0.64899 0.15597 0.77297 -0.21142 0.57748
1403638622.4778294563 4.04396 -0.64578 -0.65487 0.15942 0.77404 -0.20989 0.57567
1403638622.5778295994 4.01696 -0.67693 -0.66075 0.16291 0.77390 -0.20863 0.57534
1403638622.6778295040 3.98702 -0.68971 -0.64955 0.16738 0.76993 -0.20675 0.58004
1403638622.7778294086 3.95079 -0.70838 -0.63549 0.17112 0.75883 -0.20452 0.59419
1403638622.8778295517 3.91315 -0.71223 -0.60955 0.17340 0.75408 -0.20382 0.59979
1403638622.9778294563 3.86659 -0.71093 -0.58781 0.17172 0.75774 -0.20659 0.59469
1403638623.0778295994 3.81037 -0.70594 -0.57641 0.16757 0.76398 -0.21066 0.58641
1403638623.1778295040 3.74849 -0.69376 -0.56937 0.16229 0.76762 -0.21480 0.58162
1403638623.2778294086 3.68171 -0.66944 -0.56296 0.15909 0.77082 -0.21755 0.57723
1403638623.3778295517 3.61033 -0.65565 -0.56632 0.15658 0.77328 -0.21953 0.57387
1403638623.4778294563 3.53564 -0.63330 -0.56948 0.15721 0.77494 -0.21961 0.57142
1403638623.5778295994 3.45881 -0.61696 -0.57503 0.15858 0.77512 -0.21896 0.57106
1403638623.6778295040 3.37822 -0.59588 -0.56864 0.16000 0.77563 -0.21851 0.57013
1403638623.7778294086 3.29385 -0.57667 -0.55993 0.16213 0.77664 -0.21839 0.56820
1403638623.8778295517 3.20580 -0.55414 -0.54571 0.16344 0.77775 -0.21861 0.56621
1403638623.9778294563 3.11500 -0.52870 -0.52997 0.16494 0.77884 -0.21925 0.56404
1403638624.0778295994 3.02286 -0.50261 -0.52363 0.16325 0.77892 -0.22210 0.56329
1403638624.1778295040 2.92994 -0.47564 -0.51756 0.16084 0.77866 -0.22453 0.56339
1403638624.2778294086 2.83447 -0.44768 -0.52254 0.15885 0.77812 -0.22718 0.56364
1403638624.3778295517 2.73922 -0.42024 -0.52997 0.15851 0.77749 -0.22894 0.56389
1403638624.4778294563 2.64653 -0.39433 -0.53286 0.15999 0.77728 -0.22922 0.56364
1403638624.5778295994 2.54749 -0.36710 -0.54925 0.15614 0.76863 -0.23333 0.57479
1403638624.6778295040 2.44553 -0.34066 -0.56710 0.15822 0.76452 -0.23072 0.58073
1403638624.7778294086 2.34358 -0.31567 -0.57362 0.16269 0.77122 -0.22129 0.57426
1403638624.8778295517 2.23321 -0.28443 -0.58132 0.16368 0.77787 -0.21362 0.56789
1403638624.9778294563 2.13184 -0.25611 -0.57461 0.15630 0.78136 -0.21177 0.56587
1403638625.0778295994 2.02885 -0.22738 -0.56875 0.14869 0.78255 -0.21085 0.56661
1403638625.1778295040 1.91875 -0.19431 -0.57252 0.14238 0.78345 -0.21116 0.56687
1403638625.2778294086 1.81572 -0.16837 -0.57384 0.14030 0.78451 -0.20961 0.56650
1403638625.3778295517 1.70519 -0.13857 -0.58252 0.13922 0.78472 -0.20863 0.56684
1403638625.4778294563 1.60277 -0.11643 -0.57832 0.13824 0.78429 -0.20818 0.56784
1403638625.5778295994 1.49267 -0.08931 -0.57546 0.13889 0.78487 -0.20755 0.56711
1403638625.6778295040 1.38528 -0.06536 -0.56394 0.13888 0.78649 -0.20765 0.56483
1403638625.7778294086 1.27805 -0.04235 -0.54328 0.13727 0.79096 -0.20911 0.55841
1403638625.8778295517 1.17048 -0.01871 -0.53580 0.13729 0.79350 -0.20980 0.55451
1403638625.9778294563 1.06618 -0.00079 -0.52498 0.13830 0.79393 -0.20994 0.55360
1403638626.0778295994 0.96274 0.01750 -0.52713 0.13667 0.79505 -0.21190 0.55164
1403638626.1778295040 0.86217 0.03196 -0.52729 0.13685 0.79543 -0.21231 0.55090
1403638626.2778294086 0.76280 0.04464 -0.53780 0.13999 0.79403 -0.21083 0.55269
1403638626.3778295517 0.66166 0.05670 -0.54616 0.14806 0.79250 -0.20538 0.55484
1403638626.4778294563 0.56648 0.06813 -0.56334 0.15066 0.79140 -0.20313 0.55653
1403638626.5778295994 0.46929 0.08127 -0.57733 0.15108 0.79380 -0.20236 0.55327
1403638626.6778295040 0.37879 0.09348 -0.59485 0.14969 0.79567 -0.20296 0.55074
1403638626.7778294086 0.29125 0.10691 -0.60821 0.14670 0.79943 -0.20504 0.54530
1403638626.8778295517 0.20816 0.11918 -0.60900 0.14591 0.80216 -0.20504 0.54149
1403638626.9778294563 0.13049 0.13071 -0.60463 0.14514 0.80306 -0.20525 0.54028
1403638627.0778295994 0.06232 0.14060 -0.60499 0.14454 0.80318 -0.20493 0.54038
1403638627.1778295040 -0.00170 0.14767 -0.60760 0.14379 0.80315 -0.20482 0.54068
1403638627.2778294086 -0.05907 0.15358 -0.61550 0.14514 0.80326 -0.20352 0.54064
1403638627.3778295517 -0.11129 0.15885 -0.62527 0.14728 0.80281 -0.20164 0.54143
1403638627.4778294563 -0.15792 0.16307 -0.63819 0.14748 0.80322 -0.20141 0.54085
1403638627.5778295994 -0.19907 0.16653 -0.65277 0.14886 0.80211 -0.20094 0.54229
1403638627.6778295040 -0.22424 0.16666 -0.66554 0.15122 0.79924 -0.19998 0.54623
1403638627.7778294086 -0.25856 0.17048 -0.68285 0.15318 0.79743 -0.19895 0.54868
1403638627.8778295517 -0.28816 0.17548 -0.70061 0.15421 0.79678 -0.19894 0.54936
1403638627.9778294563 -0.31571 0.18257 -0.71964 0.15446 0.79869 -0.19927 0.54637
1403638628.0778295994 -0.32931 0.18682 -0.73470 0.15530 0.79985 -0.19965 0.54430
1403638628.1778295040 -0.35341 0.19550 -0.75069 0.15631 0.80035 -0.20022 0.54306
1403638628.2778294086 -0.37025 0.20482 -0.76496 0.15646 0.80052 -0.20095 0.54251
1403638628.3778295517 -0.37195 0.21163 -0.77373 0.15505 0.80103 -0.20253 0.54157
1403638628.4778294563 -0.38116 0.22303 -0.78292 0.14948 0.79792 -0.20695 0.54604
1403638628.5778295994 -0.38451 0.23299 -0.78752 0.14222 0.79040 -0.21203 0.55686
1403638628.6778295040 -0.38821 0.24220 -0.79120 0.13714 0.78609 -0.21569 0.56279
1403638628.7778294086 -0.37465 0.24779 -0.79033 0.13890 0.78738 -0.21516 0.56076
1403638628.8778295517 -0.38612 0.25336 -0.80365 0.14329 0.78814 -0.21247 0.55961
1403638628.9778294563 -0.39578 0.25710 -0.81839 0.14812 0.78899 -0.20962 0.55823
1403638629.0778295994 -0.40683 0.26154 -0.83065 0.15278 0.79036 -0.20631 0.55627
1403638629.1778295040 -0.41231 0.27259 -0.82405 0.15523 0.79169 -0.20447 0.55437
1403638629.2778294086 -0.42713 0.28147 -0.83242 0.15582 0.79203 -0.20374 0.55399
1403638629.3778295517 -0.43204 0.28949 -0.82463 0.15637 0.79515 -0.20411 0.54920
1403638629.4778294563 -0.43481 0.29783 -0.82528 0.15455 0.79947 -0.20629 0.54259
1403638629.5778295994 -0.41810 0.29877 -0.81381 0.15071 0.80238 -0.20932 0.53820
1403638629.6778295040 -0.40255 0.29918 -0.80560 0.13992 0.79980 -0.21740 0.54174
1403638629.7778294086 -0.39217 0.29997 -0.80112 0.13372 0.79388 -0.22219 0.55000
1403638629.8778295517 -0.38424 0.29933 -0.80125 0.13277 0.78736 -0.22327 0.55909
1403638629.9778294563 -0.37961 0.29676 -0.81012 0.14432 0.78226 -0.21600 0.56621
1403638630.0778295994 -0.37862 0.29376 -0.82927 0.15375 0.77909 -0.20961 0.57047
1403638630.1778295040 -0.37930 0.29169 -0.85866 0.15787 0.78208 -0.20644 0.56640
1403638630.2778294086 -0.38322 0.29108 -0.89475 0.15825 0.78665 -0.20612 0.56005
1403638630.3778295517 -0.38173 0.29323 -0.92225 0.15240 0.80594 -0.20869 0.53262
1403638630.4778294563 -0.37005 0.29256 -0.91296 0.15375 0.78813 -0.20555 0.55943
1403638630.5778295994 -0.36016 0.29173 -0.91662 0.15342 0.78734 -0.20662 0.56024
1403638630.6778295040 -0.35345 0.29092 -0.94161 0.14899 0.80645 -0.20520 0.53416
1403638630.7778294086 -0.35452 0.28462 -0.94895 0.15097 0.81368 -0.19998 0.52454
1403638630.8778295517 -0.36203 0.28390 -0.95843 0.14632 0.81234 -0.20086 0.52759
1403638630.9778294563 -0.36806 0.28490 -0.96612 0.14652 0.81218 -0.20107 0.52769
1403638631.0778295994 -0.37544 0.28603 -0.97502 0.14720 0.81228 -0.20060 0.52754
1403638631.1778295040 -0.38250 0.28689 -0.98424 0.14712 0.81229 -0.20084 0.52745
1403638631.2778294086 -0.39031 0.28801 -0.99363 0.14701 0.81236 -0.20083 0.52738
1403638631.3778295517 -0.39814 0.28900 -1.00314 0.14674 0.81241 -0.20103 0.52729
1403638631.4778294563 -0.40573 0.28992 -1.01276 0.14652 0.81233 -0.20131 0.52738
1403638631.5778295994 -0.41361 0.29084 -1.02284 0.14642 0.81230 -0.20140 0.52741
1403638631.6778295040 -0.42118 0.29147 -1.03301 0.14610 0.81227 -0.20181 0.52739
