1403638523.0778295994 0.02695 0.00456 0.33681 -0.07302 0.80747 0.01787 0.58510
1403638523.1778295040 0.02940 -0.00057 0.35195 -0.07280 0.80713 0.01833 0.58558
1403638523.2778294086 0.02746 -0.00842 0.33943 -0.06362 0.80485 0.01814 0.58978
1403638523.3778295517 0.02675 -0.01333 0.30794 -0.05913 0.80377 0.01725 0.59174
1403638523.4778294563 0.02518 -0.01879 0.26843 -0.05439 0.80737 0.01976 0.58721
1403638523.5778295994 0.01975 -0.02559 0.22059 -0.04742 0.81653 0.02411 0.57484
1403638523.6778295040 0.01396 -0.03101 0.17577 -0.04046 0.82588 0.02696 0.56175
1403638523.7778294086 0.00876 -0.03631 0.13021 -0.03690 0.83047 0.02986 0.55504
1403638523.8778295517 0.00265 -0.04150 0.08687 -0.03375 0.83110 0.03279 0.55413
1403638523.9778294563 -0.00222 -0.04660 0.05412 -0.02472 0.83119 0.03889 0.55407
1403638524.0778295994 -0.00617 -0.05068 0.04040 -0.01782 0.83436 0.04735 0.54890
1403638524.1778295040 -0.00790 -0.04981 0.05554 -0.01813 0.83894 0.05211 0.54142
1403638524.2778294086 -0.00120 -0.04688 0.11810 -0.02394 0.84035 0.05282 0.53893
1403638524.3778295517 0.00168 -0.04749 0.17612 -0.03329 0.83767 0.05111 0.54275
1403638524.4778294563 0.00832 -0.04657 0.23572 -0.04012 0.83119 0.04914 0.55236
1403638524.5778295994 0.01681 -0.04436 0.29411 -0.04317 0.82244 0.04766 0.56521
1403638524.6778295040 0.02587 -0.04140 0.34633 -0.03895 0.81609 0.04199 0.57508
1403638524.7778294086 0.03297 -0.03714 0.38489 -0.02620 0.81233 0.03688 0.58144
1403638524.8778295517 0.03800 -0.03272 0.40881 -0.02222 0.81091 0.03404 0.58375
1403638524.9778294563 0.03981 -0.02953 0.41593 -0.02863 0.80943 0.03625 0.58539
1403638525.0778295994 0.04070 -0.02824 0.40089 -0.02632 0.80679 0.03969 0.58891
1403638525.1778295040 0.04175 -0.02745 0.36562 -0.02401 0.80536 0.04426 0.59064
1403638525.2778294086 0.04028 -0.02885 0.31973 -0.02413 0.80800 0.04925 0.58662
1403638525.3778295517 0.03836 -0.02910 0.26479 -0.02666 0.81690 0.05416 0.57361
1403638525.4778294563 0.03410 -0.02874 0.21096 -0.03513 0.82910 0.05597 0.55518
1403638525.5778295994 0.02860 -0.03069 0.16641 -0.04142 0.83810 0.05547 0.54110
1403638525.6778295040 0.02519 -0.03306 0.12812 -0.04236 0.84103 0.05243 0.53677
1403638525.7778294086 0.02444 -0.03386 0.09717 -0.03944 0.83954 0.04651 0.53986
1403638525.8778295517 0.02496 -0.03619 0.07467 -0.03245 0.83602 0.04219 0.54611
1403638525.9778294563 0.02192 -0.04485 0.06250 -0.02401 0.83473 0.04100 0.54861
1403638526.0778295994 0.01895 -0.06501 0.06491 -0.01958 0.83645 0.03884 0.54631
1403638526.1778295040 0.01670 -0.09360 0.08363 -0.01755 0.83901 0.02964 0.54302
1403638526.2778294086 0.01258 -0.12919 0.09859 -0.01387 0.83814 0.02047 0.54489
1403638526.3778295517 0.00551 -0.16939 0.11391 -0.01141 0.83405 0.01177 0.55144
1403638526.4778294563 -0.00406 -0.21411 0.12680 -0.01005 0.82899 0.00075 0.55918
1403638526.5778295994 -0.01479 -0.26522 0.13561 -0.00862 0.82369 -0.01025 0.56688
1403638526.6778295040 -0.02724 -0.32392 0.14261 -0.00437 0.81855 -0.01845 0.57412
1403638526.7778294086 -0.04235 -0.38787 0.14749 0.00402 0.81548 -0.02384 0.57828
1403638526.8778295517 -0.05926 -0.45325 0.15052 0.01190 0.81474 -0.02698 0.57907
1403638526.9778294563 -0.07661 -0.51431 0.15288 0.01620 0.81780 -0.03335 0.57431
1403638527.0778295994 -0.09136 -0.57192 0.15587 0.02394 0.82226 -0.04646 0.56670
1403638527.1778295040 -0.10274 -0.62504 0.16098 0.03179 0.82401 -0.06162 0.56232
1403638527.2778294086 -0.10936 -0.66713 0.16689 0.04340 0.82106 -0.07536 0.56418
1403638527.3778295517 -0.11071 -0.69228 0.17211 0.05899 0.81591 -0.08411 0.56897
1403638527.4778294563 -0.10724 -0.69251 0.17497 0.06949 0.81227 -0.08858 0.57232
1403638527.5778295994 -0.09863 -0.67059 0.17476 0.07271 0.81155 -0.08989 0.57274
1403638527.6778295040 -0.08546 -0.63242 0.17291 0.07120 0.81205 -0.08647 0.57274
1403638527.7778294086 -0.07074 -0.58563 0.17060 0.06598 0.81344 -0.07944 0.57241
1403638527.8778295517 -0.05517 -0.53098 0.17121 0.05236 0.81659 -0.07486 0.56995
1403638527.9778294563 -0.03603 -0.47216 0.17512 0.04266 0.81747 -0.07037 0.57006
1403638528.0778295994 -0.01650 -0.41350 0.17720 0.03647 0.81625 -0.06339 0.57306
1403638528.1778295040 0.00365 -0.35782 0.17417 0.02741 0.81667 -0.05500 0.57382
1403638528.2778294086 0.02979 -0.30890 0.16971 0.01549 0.81817 -0.04486 0.57301
1403638528.3778295517 0.05973 -0.27227 0.16258 0.00876 0.81781 -0.03701 0.57423
1403638528.4778294563 0.09659 -0.24809 0.15713 0.01074 0.81706 -0.03392 0.57545
1403638528.5778295994 0.13472 -0.23007 0.15306 0.01270 0.81891 -0.03870 0.57247
1403638528.6778295040 0.16825 -0.21641 0.15071 0.01204 0.82003 -0.04664 0.57028
1403638528.7778294086 0.19615 -0.20777 0.15229 0.01756 0.81902 -0.05204 0.57113
1403638528.8778295517 0.21008 -0.20188 0.15802 0.01420 0.81787 -0.05977 0.57211
1403638528.9778294563 0.21144 -0.19366 0.17218 0.00782 0.81754 -0.06667 0.57195
1403638529.0778295994 0.19114 -0.18494 0.18730 0.00940 0.81832 -0.06818 0.57063
1403638529.1778295040 0.16191 -0.16701 0.19646 0.02671 0.81916 -0.06149 0.56963
1403638529.2778294086 0.12723 -0.14414 0.19496 0.03870 0.82102 -0.05568 0.56686
1403638529.3778295517 0.09627 -0.11370 0.18618 0.04296 0.82627 -0.05154 0.55926
1403638529.4778294563 0.06659 -0.09329 0.16561 0.04170 0.83633 -0.04943 0.54440
1403638529.5778295994 0.04298 -0.07863 0.14061 0.03949 0.84652 -0.04692 0.52881
1403638529.6778295040 0.02481 -0.07001 0.11567 0.04090 0.85040 -0.04416 0.52268
1403638529.7778294086 0.01465 -0.05986 0.09241 0.04048 0.84685 -0.04357 0.52850
1403638529.8778295517 0.01056 -0.05103 0.07146 0.03941 0.84045 -0.04468 0.53860
1403638529.9778294563 0.01215 -0.04788 0.05792 0.03922 0.83786 -0.04495 0.54261
1403638530.0778295994 0.02268 -0.04958 0.05177 0.04006 0.83932 -0.04571 0.54023
1403638530.1778295040 0.03612 -0.05126 0.04431 0.04122 0.84096 -0.05029 0.53718
1403638530.2778294086 0.05116 -0.05365 0.03444 0.04359 0.84037 -0.05643 0.53730
1403638530.3778295517 0.06443 -0.05765 0.02459 0.04628 0.83960 -0.06171 0.53770
1403638530.4778294563 0.07616 -0.06200 0.01705 0.04671 0.83925 -0.06567 0.53774
1403638530.5778295994 0.08386 -0.06668 0.01146 0.04609 0.83915 -0.06906 0.53753
1403638530.6778295040 0.08808 -0.07035 0.00653 0.04731 0.84202 -0.07137 0.53260
1403638530.7778294086 0.09120 -0.07270 0.00099 0.04738 0.84537 -0.07305 0.52704
1403638530.8778295517 0.09326 -0.07411 -0.00333 0.04548 0.84600 -0.07245 0.52627
1403638530.9778294563 0.09461 -0.07456 -0.00644 0.04426 0.84378 -0.07239 0.52994
1403638531.0778295994 0.09468 -0.07419 -0.00835 0.04505 0.84036 -0.07095 0.53547
1403638531.1778295040 0.09452 -0.07242 -0.00752 0.04574 0.83824 -0.06876 0.53901
1403638531.2778294086 0.09497 -0.07137 -0.00902 0.04852 0.83705 -0.06737 0.54080
1403638531.3778295517 0.09483 -0.07055 -0.00929 0.04846 0.83581 -0.06751 0.54269
1403638531.4778294563 0.09460 -0.07090 -0.00910 0.04866 0.83473 -0.06788 0.54429
1403638531.5778295994 0.09444 -0.07097 -0.00922 0.04924 0.83505 -0.06679 0.54388
1403638531.6778295040 0.09441 -0.07074 -0.00931 0.04849 0.83512 -0.06738 0.54377
1403638531.7778294086 0.09450 -0.07081 -0.00930 0.04883 0.83503 -0.06742 0.54388
1403638531.8778295517 0.09446 -0.07082 -0.00933 0.04897 0.83507 -0.06731 0.54382
1403638531.9778294563 0.09450 -0.07088 -0.00935 0.04919 0.83504 -0.06731 0.54384
1403638532.0778295994 0.09450 -0.07089 -0.00939 0.04932 0.83502 -0.06718 0.54386
1403638532.1778295040 0.09452 -0.07087 -0.00940 0.04925 0.83500 -0.06724 0.54391
1403638532.2778294086 0.09453 -0.07083 -0.00940 0.04911 0.83497 -0.06741 0.54393
1403638532.3778295517 0.09453 -0.07081 -0.00941 0.04902 0.83495 -0.06742 0.54398
1403638532.4778294563 0.09454 -0.07082 -0.00941 0.04895 0.83491 -0.06750 0.54403
1403638532.5778295994 0.09453 -0.07081 -0.00944 0.04896 0.83493 -0.06753 0.54400
1403638532.6778295040 0.09457 -0.07084 -0.00943 0.04902 0.83489 -0.06751 0.54405
1403638532.7778294086 0.09454 -0.07084 -0.00943 0.04911 0.83491 -0.06740 0.54403
1403638532.8778295517 0.09455 -0.07084 -0.00943 0.04917 0.83490 -0.06742 0.54404
1403638532.9778294563 0.09455 -0.07085 -0.00942 0.04917 0.83487 -0.06741 0.54409
1403638533.0778295994 0.09453 -0.07084 -0.00943 0.04918 0.83487 -0.06743 0.54408
1403638533.1778295040 0.09455 -0.07084 -0.00943 0.04916 0.83483 -0.06747 0.54414
1403638533.2778294086 0.09454 -0.07085 -0.00944 0.04915 0.83481 -0.06749 0.54417
1403638533.3778295517 0.09454 -0.07085 -0.00945 0.04921 0.83480 -0.06745 0.54418
1403638533.4778294563 0.09455 -0.07086 -0.00944 0.04918 0.83479 -0.06747 0.54420
1403638533.5778295994 0.09454 -0.07084 -0.00945 0.04918 0.83479 -0.06749 0.54420
1403638533.6778295040 0.09454 -0.07084 -0.00944 0.04916 0.83477 -0.06754 0.54423
1403638533.7778294086 0.09453 -0.07084 -0.00945 0.04918 0.83475 -0.06757 0.54424
1403638533.8778295517 0.09455 -0.07081 -0.00947 0.04897 0.83480 -0.06731 0.54423
1403638533.9778294563 0.09459 -0.07085 -0.00949 0.04912 0.83479 -0.06755 0.54420
1403638534.0778295994 0.09451 -0.07087 -0.00949 0.04953 0.83472 -0.06793 0.54422
1403638534.1778295040 0.09453 -0.07089 -0.00945 0.04918 0.83476 -0.06775 0.54421
1403638534.2778294086 0.09453 -0.07082 -0.00942 0.04893 0.83486 -0.06764 0.54410
1403638534.3778295517 0.09455 -0.07081 -0.00943 0.04897 0.83486 -0.06767 0.54409
1403638534.4778294563 0.09463 -0.07085 -0.00955 0.04914 0.83487 -0.06797 0.54402
1403638534.5778295994 0.09464 -0.07082 -0.00955 0.04901 0.83497 -0.06767 0.54392
1403638534.6778295040 0.09465 -0.07077 -0.00952 0.04883 0.83498 -0.06747 0.54395
1403638534.7778294086 0.09463 -0.07080 -0.00952 0.04895 0.83498 -0.06739 0.54394
1403638534.8778295517 0.09465 -0.07084 -0.00956 0.04925 0.83492 -0.06757 0.54398
1403638534.9778294563 0.09462 -0.07089 -0.00954 0.04933 0.83496 -0.06762 0.54391
1403638535.0778295994 0.09462 -0.07088 -0.00953 0.04921 0.83502 -0.06762 0.54383
1403638535.1778295040 0.09463 -0.07088 -0.00954 0.04914 0.83499 -0.06766 0.54387
1403638535.2778294086 0.09461 -0.07088 -0.00954 0.04907 0.83499 -0.06765 0.54388
1403638535.3778295517 0.09460 -0.07086 -0.00950 0.04911 0.83500 -0.06763 0.54387
1403638535.4778294563 0.09460 -0.07087 -0.00949 0.04921 0.83501 -0.06764 0.54384
1403638535.5778295994 0.09461 -0.07086 -0.00949 0.04917 0.83503 -0.06759 0.54383
1403638535.6778295040 0.09461 -0.07086 -0.00950 0.04913 0.83501 -0.06763 0.54384
1403638535.7778294086 0.09461 -0.07086 -0.00951 0.04918 0.83500 -0.06763 0.54386
1403638535.8778295517 0.09461 -0.07086 -0.00951 0.04909 0.83502 -0.06759 0.54384
1403638535.9778294563 0.09460 -0.07085 -0.00951 0.04905 0.83507 -0.06758 0.54377
1403638536.0778295994 0.09460 -0.07086 -0.00951 0.04904 0.83502 -0.06764 0.54383
1403638536.1778295040 0.09460 -0.07087 -0.00950 0.04903 0.83502 -0.06767 0.54384
1403638536.2778294086 0.09460 -0.07087 -0.00950 0.04908 0.83503 -0.06763 0.54382
1403638536.3778295517 0.09460 -0.07088 -0.00950 0.04910 0.83500 -0.06765 0.54387
1403638536.4778294563 0.09459 -0.07087 -0.00950 0.04911 0.83499 -0.06763 0.54387
1403638536.5778295994 0.09459 -0.07088 -0.00950 0.04903 0.83501 -0.06764 0.54386
1403638536.6778295040 0.09459 -0.07088 -0.00950 0.04903 0.83502 -0.06762 0.54385
1403638536.7778294086 0.09458 -0.07087 -0.00952 0.04909 0.83499 -0.06767 0.54388
1403638536.8778295517 0.09458 -0.07087 -0.00954 0.04900 0.83494 -0.06776 0.54395
1403638536.9778294563 0.09458 -0.07088 -0.00953 0.04894 0.83497 -0.06780 0.54390
1403638537.0778295994 0.09461 -0.07086 -0.00952 0.04896 0.83499 -0.06772 0.54389
1403638537.1778295040 0.09461 -0.07085 -0.00951 0.04911 0.83494 -0.06769 0.54394
1403638537.2778294086 0.09460 -0.07085 -0.00948 0.04924 0.83497 -0.06763 0.54390
1403638537.3778295517 0.09460 -0.07086 -0.00951 0.04924 0.83496 -0.06762 0.54392
1403638537.4778294563 0.09461 -0.07086 -0.00951 0.04920 0.83495 -0.06762 0.54393
1403638537.5778295994 0.09459 -0.07085 -0.00946 0.04925 0.83500 -0.06751 0.54387
1403638537.6778295040 0.09461 -0.07086 -0.00942 0.04931 0.83502 -0.06753 0.54383
1403638537.7778294086 0.09460 -0.07085 -0.00942 0.04927 0.83499 -0.06756 0.54387
1403638537.8778295517 0.09463 -0.07085 -0.00942 0.04938 0.83499 -0.06747 0.54387
1403638537.9778294563 0.09461 -0.07085 -0.00938 0.04943 0.83496 -0.06759 0.54390
1403638538.0778295994 0.09460 -0.07084 -0.00935 0.04939 0.83495 -0.06759 0.54391
1403638538.1778295040 0.09461 -0.07085 -0.00935 0.04943 0.83493 -0.06757 0.54394
1403638538.2778294086 0.09476 -0.07082 -0.00946 0.04944 0.83491 -0.06746 0.54400
1403638538.3778295517 0.09466 -0.07085 -0.00935 0.04961 0.83487 -0.06745 0.54405
1403638538.4778294563 0.09461 -0.07085 -0.00925 0.04959 0.83489 -0.06742 0.54402
1403638538.5778295994 0.09465 -0.07085 -0.00920 0.04982 0.83487 -0.06744 0.54402
1403638538.6778295040 0.09464 -0.07083 -0.00916 0.04962 0.83470 -0.06752 0.54430
1403638538.7778294086 0.09475 -0.07088 -0.00885 0.04945 0.83393 -0.06730 0.54551
1403638538.8778295517 0.09618 -0.07049 -0.00848 0.04869 0.83295 -0.06675 0.54714
1403638538.9778294563 0.09953 -0.07034 -0.00598 0.04956 0.82827 -0.06593 0.55423
1403638539.0778295994 0.10394 -0.07032 -0.00263 0.05114 0.82264 -0.06731 0.56224
1403638539.1778295040 0.11175 -0.07049 0.00480 0.05041 0.81738 -0.06762 0.56989
1403638539.2778294086 0.12074 -0.07062 0.01980 0.05020 0.81372 -0.06677 0.57523
1403638539.3778295517 0.12917 -0.07070 0.04227 0.04974 0.81467 -0.06625 0.57398
1403638539.4778294563 0.13833 -0.07159 0.07069 0.04931 0.81675 -0.06526 0.57117
1403638539.5778295994 0.14830 -0.07304 0.10170 0.04897 0.81774 -0.06394 0.56992
1403638539.6778295040 0.15889 -0.07440 0.12744 0.04734 0.81838 -0.06355 0.56919
1403638539.7778294086 0.16891 -0.07524 0.14178 0.04774 0.81967 -0.06179 0.56749
1403638539.8778295517 0.18095 -0.07575 0.14867 0.04684 0.82224 -0.06127 0.56389
1403638539.9778294563 0.19541 -0.07665 0.15422 0.04503 0.82683 -0.06110 0.55731
1403638540.0778295994 0.21441 -0.07854 0.15946 0.04476 0.83274 -0.06112 0.54846
1403638540.1778295040 0.23888 -0.08049 0.16381 0.04444 0.83670 -0.06096 0.54244
1403638540.2778294086 0.27083 -0.08121 0.17923 0.04512 0.83252 -0.05960 0.54893
1403638540.3778295517 0.30940 -0.08427 0.18328 0.04594 0.82648 -0.05745 0.55814
1403638540.4778294563 0.35157 -0.08612 0.18778 0.04281 0.82430 -0.05140 0.56219
1403638540.5778295994 0.39774 -0.08635 0.19310 0.03562 0.82475 -0.03997 0.56296
1403638540.6778295040 0.44650 -0.08592 0.19843 0.02734 0.82520 -0.02283 0.56372
1403638540.7778294086 0.49699 -0.08323 0.20329 0.01949 0.82471 0.00115 0.56521
1403638540.8778295517 0.54918 -0.07770 0.20742 0.00921 0.82447 0.02911 0.56509
1403638540.9778294563 0.60177 -0.06749 0.20974 -0.00451 0.82332 0.05539 0.56484
1403638541.0778295994 0.65528 -0.05369 0.20955 -0.01830 0.82144 0.07489 0.56506
1403638541.1778295040 0.71125 -0.03709 0.20466 -0.02812 0.81987 0.08822 0.56501
1403638541.2778294086 0.76830 -0.01543 0.19761 -0.03326 0.81919 0.09704 0.56427
1403638541.3778295517 0.82584 0.01112 0.19759 -0.03629 0.81905 0.10067 0.56366
1403638541.4778294563 0.88258 0.04246 0.20311 -0.03751 0.81884 0.10094 0.56382
1403638541.5778295994 0.93811 0.07965 0.21322 -0.03682 0.81740 0.10157 0.56585
1403638541.6778295040 0.99634 0.12442 0.23391 -0.04104 0.81574 0.10464 0.56739
1403638541.7778294086 1.05223 0.17381 0.25743 -0.05100 0.81450 0.11026 0.56731
1403638541.8778295517 1.10457 0.22824 0.29121 -0.06294 0.81322 0.11922 0.56612
1403638541.9778294563 1.15505 0.28453 0.32098 -0.07471 0.81232 0.13353 0.56279
1403638542.0778295994 1.20373 0.34186 0.34424 -0.08865 0.81042 0.15053 0.55920
1403638542.1778295040 1.25114 0.40013 0.36134 -0.10397 0.80683 0.17041 0.55604
1403638542.2778294086 1.29776 0.45978 0.37189 -0.11875 0.80315 0.19364 0.55077
1403638542.3778295517 1.34380 0.52016 0.37913 -0.13238 0.79568 0.21545 0.55041
1403638542.4778294563 1.38914 0.58044 0.38471 -0.13853 0.78223 0.23591 0.55970
1403638542.5778295994 1.43342 0.64225 0.38694 -0.13469 0.77019 0.25460 0.56907
1403638542.6778295040 1.47251 0.70850 0.39107 -0.13549 0.76667 0.26407 0.56932
1403638542.7778294086 1.50399 0.77967 0.40220 -0.14485 0.77057 0.26308 0.56217
1403638542.8778295517 1.52970 0.85507 0.42060 -0.15201 0.77571 0.26008 0.55455
1403638542.9778294563 1.55140 0.93257 0.44604 -0.15655 0.78008 0.25708 0.54852
1403638543.0778295994 1.57022 1.01043 0.47325 -0.15965 0.78345 0.25415 0.54417
1403638543.1778295040 1.58944 1.09022 0.49379 -0.16010 0.78452 0.25182 0.54358
1403638543.2778294086 1.60487 1.16761 0.51290 -0.16061 0.78465 0.24964 0.54425
1403638543.3778295517 1.62497 1.24970 0.52145 -0.16026 0.78568 0.24880 0.54325
1403638543.4778294563 1.64522 1.33253 0.52710 -0.16275 0.78462 0.25337 0.54193
1403638543.5778295994 1.65607 1.40826 0.53572 -0.16828 0.78158 0.26468 0.53922
1403638543.6778295040 1.66864 1.48850 0.53939 -0.17550 0.77599 0.28250 0.53594
1403638543.7778294086 1.67912 1.56983 0.54464 -0.18594 0.76807 0.30391 0.53210
1403638543.8778295517 1.69054 1.65165 0.55687 -0.19781 0.75813 0.32648 0.52869
1403638543.9778294563 1.70380 1.73806 0.57571 -0.21202 0.74977 0.34483 0.52343
1403638544.0778295994 1.71690 1.82510 0.59854 -0.22712 0.74584 0.35614 0.51507
1403638544.1778295040 1.73166 1.91393 0.62090 -0.23770 0.74273 0.36272 0.51018
1403638544.2778294086 1.74888 2.00704 0.63710 -0.24462 0.74013 0.36617 0.50822
1403638544.3778295517 1.76726 2.10010 0.64662 -0.24628 0.73946 0.36879 0.50650
1403638544.4778294563 1.78736 2.19520 0.65369 -0.24544 0.74000 0.36990 0.50531
1403638544.5778295994 1.81118 2.29398 0.65683 -0.24728 0.73734 0.36907 0.50888
1403638544.6778295040 1.83275 2.39242 0.67121 -0.25230 0.73082 0.36849 0.51620
1403638544.7778294086 1.85619 2.48980 0.68377 -0.25359 0.73002 0.36945 0.51601
1403638544.8778295517 1.87355 2.58225 0.70171 -0.25168 0.73327 0.37165 0.51074
1403638544.9778294563 1.89643 2.67868 0.70778 -0.25183 0.73415 0.37230 0.50892
1403638545.0778295994 1.91990 2.77452 0.70880 -0.25334 0.73292 0.37222 0.50999
1403638545.1778295040 1.93396 2.85832 0.71247 -0.25309 0.73249 0.37322 0.51002
1403638545.2778294086 1.95838 2.95565 0.70079 -0.25232 0.73194 0.37480 0.51002
1403638545.3778295517 1.98235 3.05103 0.68580 -0.25411 0.72926 0.37393 0.51360
1403638545.4778294563 1.99431 3.12909 0.67572 -0.25630 0.72909 0.37478 0.51214
1403638545.5778295994 2.01601 3.22667 0.65926 -0.26050 0.72696 0.38139 0.50815
1403638545.6778295040 2.02840 3.30728 0.65734 -0.26941 0.72143 0.39288 0.50260
1403638545.7778294086 2.04289 3.38975 0.66065 -0.27836 0.71379 0.40943 0.49537
1403638545.8778295517 2.05962 3.47926 0.67017 -0.28939 0.70333 0.42903 0.48736
1403638545.9778294563 2.07674 3.56867 0.68615 -0.29932 0.69107 0.45111 0.47888
1403638546.0778295994 2.09445 3.65671 0.70497 -0.30590 0.67924 0.47019 0.47326
1403638546.1778295040 2.11341 3.74831 0.71840 -0.31370 0.67063 0.48261 0.46790
1403638546.2778294086 2.13201 3.84500 0.72433 -0.31878 0.66597 0.49025 0.46317
1403638546.3778295517 2.15003 3.94324 0.72483 -0.32517 0.66444 0.49247 0.45854
1403638546.4778294563 2.16686 4.04035 0.71980 -0.32799 0.66408 0.49375 0.45567
1403638546.5778295994 2.18338 4.13996 0.71458 -0.32904 0.66207 0.49695 0.45435
1403638546.6778295040 2.20017 4.24625 0.71273 -0.33261 0.65734 0.50284 0.45213
1403638546.7778294086 2.21482 4.34998 0.72368 -0.33506 0.65286 0.50852 0.45046
1403638546.8778295517 2.22874 4.45880 0.74316 -0.33565 0.64934 0.51337 0.44961
1403638546.9778294563 2.24214 4.57250 0.76004 -0.33421 0.64619 0.51769 0.45027
1403638547.0778295994 2.25530 4.68927 0.76879 -0.33216 0.64376 0.52098 0.45147
1403638547.1778295040 2.26392 4.80758 0.77149 -0.32901 0.64185 0.52409 0.45288
1403638547.2778294086 2.27003 4.92802 0.76983 -0.32701 0.64051 0.52556 0.45453
1403638547.3778295517 2.26838 5.04943 0.76435 -0.32991 0.64211 0.52311 0.45300
1403638547.4778294563 2.26629 5.17420 0.75587 -0.33450 0.64528 0.51930 0.44949
1403638547.5778295994 2.26209 5.30105 0.74237 -0.33755 0.64876 0.51579 0.44623
1403638547.6778295040 2.25194 5.42690 0.72251 -0.33788 0.65012 0.51394 0.44615
1403638547.7778294086 2.24523 5.55581 0.69876 -0.33571 0.64955 0.51444 0.44804
1403638547.8778295517 2.23038 5.68074 0.66935 -0.33186 0.64682 0.51631 0.45268
1403638547.9778294563 2.21927 5.81440 0.64301 -0.33197 0.64673 0.51664 0.45234
1403638548.0778295994 2.20015 5.95065 0.62183 -0.33449 0.64648 0.51874 0.44842
1403638548.1778295040 2.18516 6.09730 0.61217 -0.33891 0.64285 0.52421 0.44394
1403638548.2778294086 2.16142 6.23937 0.61013 -0.34549 0.63667 0.53269 0.43765
1403638548.3778295517 2.13814 6.38812 0.61753 -0.35316 0.62749 0.54420 0.43056
1403638548.4778294563 2.11444 6.54049 0.63209 -0.36133 0.61812 0.55493 0.42358
1403638548.5778295994 2.08984 6.68474 0.64680 -0.36794 0.61034 0.56288 0.41866
1403638548.6778295040 2.06562 6.83008 0.65812 -0.37285 0.60494 0.56834 0.41476
1403638548.7778294086 2.04087 6.96861 0.66892 -0.37576 0.60105 0.57235 0.41226
1403638548.8778295517 2.01622 7.10896 0.68554 -0.37720 0.59887 0.57503 0.41039
1403638548.9778294563 1.99130 7.24864 0.71008 -0.37874 0.59774 0.57597 0.40929
1403638549.0778295994 1.96610 7.40012 0.73294 -0.37930 0.59746 0.57641 0.40858
1403638549.1778295040 1.94195 7.52513 0.77023 -0.38078 0.59717 0.57550 0.40890
1403638549.2778294086 1.91685 7.67666 0.80463 -0.38153 0.59801 0.57452 0.40835
1403638549.3778295517 1.89300 7.80418 0.85231 -0.38406 0.59930 0.57215 0.40740
1403638549.4778294563 1.86813 7.95930 0.88810 -0.38593 0.60072 0.57002 0.40654
1403638549.5778295994 1.84584 8.08777 0.92765 -0.38755 0.60059 0.56831 0.40759
1403638549.6778295040 1.82299 8.24544 0.95369 -0.38888 0.60004 0.56681 0.40921
1403638549.7778294086 1.80361 8.37232 0.98874 -0.38752 0.60009 0.56730 0.40975
1403638549.8778295517 1.78372 8.52740 1.02191 -0.38657 0.60159 0.56744 0.40824
1403638549.9778294563 1.76465 8.66257 1.07172 -0.38642 0.60240 0.56742 0.40723
1403638550.0778295994 1.74724 8.82300 1.12131 -0.38672 0.60274 0.56716 0.40680
1403638550.1778295040 1.73361 8.95936 1.18622 -0.38770 0.60313 0.56697 0.40554
1403638550.2778294086 1.72058 9.12100 1.25059 -0.38722 0.60269 0.56785 0.40543
1403638550.3778295517 1.70991 9.25829 1.32364 -0.38744 0.60163 0.56818 0.40633
1403638550.4778294563 1.69987 9.42262 1.38402 -0.39021 0.60218 0.56667 0.40498
1403638550.5778295994 1.69490 9.55821 1.44064 -0.39433 0.60274 0.56422 0.40357
1403638550.6778295040 1.69279 9.69371 1.49110 -0.39938 0.60100 0.56079 0.40597
1403638550.7778294086 1.69373 9.82818 1.53657 -0.40251 0.60014 0.55854 0.40725
1403638550.8778295517 1.69866 9.96928 1.57890 -0.40850 0.59623 0.55431 0.41277
1403638550.9778294563 1.70519 10.10756 1.61607 -0.41420 0.59190 0.54986 0.41922
1403638551.0778295994 1.71328 10.24106 1.64965 -0.41792 0.58932 0.54697 0.42293
1403638551.1778295040 1.72415 10.36690 1.68285 -0.42242 0.58969 0.54416 0.42156
1403638551.2778294086 1.73941 10.48980 1.72134 -0.42317 0.59139 0.54302 0.41990
1403638551.3778295517 1.76120 10.60736 1.76450 -0.41856 0.59904 0.53989 0.41770
1403638551.4778294563 1.78912 10.71570 1.80419 -0.41128 0.61143 0.53039 0.41914
1403638551.5778295994 1.82517 10.82082 1.83762 -0.40524 0.62628 0.51390 0.42362
1403638551.6778295040 1.86723 10.92263 1.86773 -0.39860 0.64298 0.49521 0.42715
1403638551.7778294086 1.91856 11.02210 1.89240 -0.38950 0.65683 0.47652 0.43564
1403638551.8778295517 1.97820 11.11563 1.91263 -0.37945 0.66716 0.46078 0.44565
1403638551.9778294563 2.04530 11.20067 1.93601 -0.36751 0.67036 0.45298 0.45865
1403638552.0778295994 2.11757 11.27493 1.96659 -0.35795 0.67174 0.44787 0.46909
1403638552.1778295040 2.19272 11.33944 2.00157 -0.35218 0.67655 0.44467 0.46959
1403638552.2778294086 2.27027 11.39487 2.04127 -0.34812 0.68049 0.44357 0.46797
1403638552.3778295517 2.35016 11.44415 2.08036 -0.35016 0.68147 0.44065 0.46778
1403638552.4778294563 2.43626 11.49573 2.11266 -0.35736 0.67770 0.43520 0.47288
1403638552.5778295994 2.52437 11.53202 2.14307 -0.36287 0.67388 0.43179 0.47726
1403638552.6778295040 2.61522 11.55962 2.16661 -0.36345 0.67155 0.43301 0.47897
1403638552.7778294086 2.70974 11.57886 2.18379 -0.36286 0.67091 0.43526 0.47829
1403638552.8778295517 2.80974 11.59745 2.19443 -0.36072 0.66959 0.43922 0.47814
1403638552.9778294563 2.90981 11.60089 2.20325 -0.35634 0.66730 0.44526 0.47904
1403638553.0778295994 3.01446 11.60662 2.20429 -0.35264 0.66512 0.45068 0.47974
1403638553.1778295040 3.11521 11.59959 2.20583 -0.35805 0.66118 0.44944 0.48234
1403638553.2778294086 3.22081 11.59360 2.20572 -0.36525 0.65536 0.44631 0.48774
1403638553.3778295517 3.32143 11.57136 2.21212 -0.36678 0.65011 0.44722 0.49276
1403638553.4778294563 3.42070 11.53931 2.22291 -0.36312 0.64467 0.45081 0.49931
1403638553.5778295994 3.51946 11.49811 2.23994 -0.35993 0.64040 0.45385 0.50434
1403638553.6778295040 3.61596 11.44470 2.26039 -0.35767 0.63949 0.45620 0.50498
1403638553.7778294086 3.70628 11.37937 2.28890 -0.35576 0.64004 0.45806 0.50394
1403638553.8778295517 3.78753 11.30281 2.32052 -0.35352 0.64189 0.45949 0.50186
1403638553.9778294563 3.87011 11.22489 2.35870 -0.35275 0.64505 0.45983 0.49802
1403638554.0778295994 3.94175 11.13296 2.38452 -0.35127 0.64838 0.46068 0.49396
1403638554.1778295040 4.01951 11.04804 2.41637 -0.34630 0.65148 0.46422 0.49004
1403638554.2778294086 4.08919 10.94985 2.43106 -0.33850 0.65746 0.46994 0.48199
1403638554.3778295517 4.16164 10.86143 2.45213 -0.33253 0.66091 0.47438 0.47705
1403638554.4778294563 4.22918 10.77221 2.46845 -0.32978 0.66247 0.47646 0.47473
1403638554.5778295994 4.29256 10.68312 2.47973 -0.33081 0.66343 0.47606 0.47307
1403638554.6778295040 4.35443 10.58937 2.48651 -0.33680 0.66560 0.47225 0.46959
1403638554.7778294086 4.41400 10.50203 2.50422 -0.34159 0.66634 0.46891 0.46844
1403638554.8778295517 4.47622 10.41027 2.52156 -0.34469 0.66644 0.46695 0.46798
1403638554.9778294563 4.53967 10.31917 2.54044 -0.34724 0.66709 0.46373 0.46836
1403638555.0778295994 4.60350 10.23663 2.55867 -0.34342 0.67038 0.45926 0.47088
1403638555.1778295040 4.67013 10.14120 2.56333 -0.33681 0.67635 0.45246 0.47369
1403638555.2778294086 4.73805 10.05833 2.57191 -0.33052 0.68260 0.44422 0.47695
1403638555.3778295517 4.80999 9.96923 2.57451 -0.32334 0.68579 0.43940 0.48174
1403638555.4778294563 4.88265 9.87663 2.57175 -0.31750 0.68786 0.43624 0.48552
1403638555.5778295994 4.95579 9.78334 2.56729 -0.31513 0.68918 0.43353 0.48763
1403638555.6778295040 5.02857 9.68976 2.56857 -0.31452 0.69091 0.43183 0.48707
1403638555.7778294086 5.10013 9.59419 2.57893 -0.31357 0.69213 0.43198 0.48583
1403638555.8778295517 5.17012 9.49677 2.59535 -0.31289 0.69216 0.43297 0.48534
1403638555.9778294563 5.24047 9.40678 2.62026 -0.31150 0.69095 0.43462 0.48649
1403638556.0778295994 5.31204 9.31550 2.64641 -0.30995 0.69109 0.43596 0.48607
1403638556.1778295040 5.38272 9.23293 2.67110 -0.30897 0.69560 0.43638 0.47985
1403638556.2778294086 5.45610 9.14574 2.68613 -0.30757 0.69892 0.43736 0.47501
1403638556.3778295517 5.52834 9.07389 2.70086 -0.30616 0.70124 0.43800 0.47190
1403638556.4778294563 5.60630 8.99085 2.70964 -0.30387 0.70434 0.43925 0.46758
1403638556.5778295994 5.68133 8.93337 2.72383 -0.30316 0.70752 0.43869 0.46375
1403638556.6778295040 5.75925 8.88064 2.73806 -0.31047 0.71014 0.43247 0.46074
1403638556.7778294086 5.84447 8.81472 2.75743 -0.31699 0.70685 0.42776 0.46572
1403638556.8778295517 5.92719 8.76944 2.78681 -0.32245 0.70548 0.42335 0.46809
1403638556.9778294563 6.01415 8.72653 2.81886 -0.32558 0.70416 0.42064 0.47035
1403638557.0778295994 6.10698 8.68303 2.84420 -0.32393 0.70288 0.42195 0.47222
1403638557.1778295040 6.20578 8.63766 2.86224 -0.32214 0.70143 0.42346 0.47424
1403638557.2778294086 6.30870 8.58986 2.87425 -0.32093 0.70047 0.42452 0.47553
1403638557.3778295517 6.41918 8.53838 2.88196 -0.31841 0.69932 0.42669 0.47697
1403638557.4778294563 6.53116 8.48770 2.89166 -0.31282 0.69641 0.43114 0.48091
1403638557.5778295994 6.64310 8.43678 2.90725 -0.30823 0.69407 0.43433 0.48437
1403638557.6778295040 6.75416 8.38698 2.92728 -0.30564 0.69295 0.43625 0.48589
1403638557.7778294086 6.86396 8.33741 2.95021 -0.30558 0.69265 0.43593 0.48665
1403638557.8778295517 6.97499 8.28590 2.96809 -0.30270 0.69262 0.43735 0.48722
1403638557.9778294563 7.08167 8.23660 2.98017 -0.29987 0.69393 0.43890 0.48570
1403638558.0778295994 7.18713 8.18887 2.98646 -0.29888 0.69776 0.43956 0.48020
1403638558.1778295040 7.29445 8.14287 2.99016 -0.29607 0.70365 0.44096 0.47198
1403638558.2778294086 7.40328 8.10187 2.99932 -0.29257 0.70786 0.44258 0.46632
1403638558.3778295517 7.51092 8.06994 3.01847 -0.28775 0.70931 0.44523 0.46460
1403638558.4778294563 7.61862 8.04436 3.04519 -0.28138 0.71312 0.44873 0.45928
1403638558.5778295994 7.72671 8.02903 3.07920 -0.28258 0.71573 0.44732 0.45583
1403638558.6778295040 7.83804 8.02386 3.11916 -0.29081 0.71641 0.44080 0.45594
1403638558.7778294086 7.95050 8.02558 3.15769 -0.29856 0.71601 0.43467 0.45744
1403638558.8778295517 8.06636 8.03309 3.18918 -0.30104 0.71478 0.43245 0.45984
1403638558.9778294563 8.18654 8.04399 3.21331 -0.30268 0.70998 0.43124 0.46727
1403638559.0778295994 8.31067 8.05688 3.22947 -0.30319 0.70552 0.43111 0.47377
1403638559.1778295040 8.43436 8.07305 3.23870 -0.30337 0.70214 0.43152 0.47829
1403638559.2778294086 8.55856 8.09059 3.24148 -0.30120 0.69937 0.43386 0.48159
1403638559.3778295517 8.68415 8.10836 3.23829 -0.29750 0.69713 0.43712 0.48417
1403638559.4778294563 8.80481 8.12751 3.23078 -0.29530 0.69487 0.43931 0.48680
1403638559.5778295994 8.92511 8.14734 3.21861 -0.29420 0.69272 0.44086 0.48911
1403638559.6778295040 9.04287 8.16992 3.20349 -0.29481 0.69167 0.44106 0.49004
1403638559.7778294086 9.15521 8.19262 3.19003 -0.29516 0.69082 0.44177 0.49039
1403638559.8778295517 9.26701 8.21964 3.18428 -0.29651 0.69161 0.44101 0.48915
1403638559.9778294563 9.37455 8.24618 3.17724 -0.29540 0.69503 0.43501 0.49035
1403638560.0778295994 9.48414 8.27711 3.16789 -0.28995 0.70271 0.42197 0.49404
1403638560.1778295040 9.59161 8.30622 3.15046 -0.28015 0.71206 0.40366 0.50154
1403638560.2778294086 9.69822 8.33635 3.12751 -0.26775 0.72243 0.38219 0.51023
1403638560.3778295517 9.80407 8.36570 3.10225 -0.25638 0.72972 0.35771 0.52328
1403638560.4778294563 9.90630 8.39301 3.07315 -0.24356 0.73719 0.33234 0.53552
1403638560.5778295994 10.00465 8.41555 3.03916 -0.23224 0.74583 0.30523 0.54464
1403638560.6778295040 10.09965 8.43394 3.00126 -0.22261 0.75575 0.27700 0.55005
1403638560.7778294086 10.19106 8.44560 2.96671 -0.21547 0.76400 0.25123 0.55386
1403638560.8778295517 10.27913 8.44841 2.93964 -0.20474 0.76997 0.22822 0.55959
1403638560.9778294563 10.36687 8.44410 2.92018 -0.19243 0.77380 0.20713 0.56683
1403638561.0778295994 10.45306 8.43193 2.90830 -0.18011 0.77591 0.18713 0.57490
1403638561.1778295040 10.53388 8.41028 2.90259 -0.16911 0.77687 0.16935 0.58240
1403638561.2778294086 10.60979 8.38122 2.90413 -0.16214 0.77684 0.15592 0.58814
1403638561.3778295517 10.67711 8.34327 2.90852 -0.15311 0.78135 0.15097 0.58588
1403638561.4778294563 10.74147 8.29919 2.90908 -0.13961 0.78731 0.15438 0.58036
1403638561.5778295994 10.80392 8.25128 2.90426 -0.12997 0.79089 0.15897 0.57648
1403638561.6778295040 10.86316 8.20147 2.89492 -0.12613 0.79262 0.16175 0.57419
1403638561.7778294086 10.92070 8.15035 2.88057 -0.12516 0.79286 0.16401 0.57342
1403638561.8778295517 10.97330 8.09513 2.85743 -0.12266 0.79222 0.16469 0.57465
1403638561.9778294563 11.02940 8.04086 2.83248 -0.11738 0.79315 0.16022 0.57572
1403638562.0778295994 11.07591 7.98223 2.80689 -0.11008 0.79472 0.15146 0.57738
1403638562.1778295040 11.12295 7.92469 2.79020 -0.10239 0.79641 0.14159 0.57896
1403638562.2778294086 11.16686 7.86844 2.77784 -0.09582 0.79731 0.13323 0.58083
1403638562.3778295517 11.20817 7.81162 2.77170 -0.08970 0.79801 0.12118 0.58348
1403638562.4778294563 11.24528 7.75307 2.76980 -0.08172 0.80007 0.10498 0.58496
1403638562.5778295994 11.27980 7.69486 2.77516 -0.07210 0.80201 0.08475 0.58686
1403638562.6778295040 11.30959 7.63650 2.78578 -0.06335 0.80434 0.06043 0.58768
1403638562.7778294086 11.33610 7.57668 2.79848 -0.05451 0.80539 0.03406 0.58925
1403638562.8778295517 11.35779 7.51277 2.80767 -0.04104 0.80605 0.00933 0.59034
1403638562.9778294563 11.37509 7.44486 2.81148 -0.02662 0.80628 -0.01340 0.59078
1403638563.0778295994 11.38795 7.37347 2.81000 -0.01775 0.80563 -0.03746 0.59097
1403638563.1778295040 11.39422 7.29709 2.80427 -0.00605 0.80504 -0.05711 0.59044
1403638563.2778294086 11.39527 7.21518 2.79416 0.00534 0.80161 -0.07075 0.59363
1403638563.3778295517 11.38890 7.12876 2.77865 0.01197 0.79360 -0.08013 0.60302
1403638563.4778294563 11.37424 7.03892 2.75614 0.01334 0.78735 -0.08687 0.61021
1403638563.5778295994 11.35134 6.94373 2.73193 0.01894 0.78795 -0.08661 0.60932
1403638563.6778295040 11.32033 6.84362 2.71256 0.01910 0.79150 -0.08682 0.60467
1403638563.7778294086 11.28275 6.73647 2.69968 0.01607 0.79380 -0.08723 0.60168
1403638563.8778295517 11.23897 6.62229 2.69623 0.01295 0.79347 -0.08627 0.60232
1403638563.9778294563 11.18917 6.50291 2.69840 0.00955 0.79248 -0.08457 0.60393
1403638564.0778295994 11.13047 6.37809 2.69938 0.00511 0.79323 -0.08231 0.60331
1403638564.1778295040 11.06475 6.24757 2.69501 0.00345 0.79330 -0.07761 0.60385
1403638564.2778294086 10.99417 6.11154 2.68918 0.00448 0.79183 -0.07211 0.60645
1403638564.3778295517 10.91526 5.97037 2.68728 0.00447 0.79058 -0.06697 0.60867
1403638564.4778294563 10.82862 5.82843 2.69509 0.00538 0.78941 -0.06272 0.61063
1403638564.5778295994 10.73191 5.68121 2.70473 0.00264 0.79122 -0.06226 0.60835
1403638564.6778295040 10.62729 5.53703 2.71795 -0.00230 0.79288 -0.06527 0.60587
1403638564.7778294086 10.51423 5.38175 2.71892 -0.00604 0.79340 -0.06832 0.60483
1403638564.8778295517 10.39592 5.23105 2.72163 -0.00789 0.79281 -0.07097 0.60527
1403638564.9778294563 10.27305 5.05901 2.69525 -0.00976 0.79226 -0.07260 0.60577
1403638565.0778295994 10.14254 4.89420 2.66251 -0.01072 0.79259 -0.07353 0.60521
1403638565.1778295040 10.00848 4.72495 2.61207 -0.01091 0.79334 -0.07397 0.60418
1403638565.2778294086 9.87155 4.55132 2.55409 -0.00897 0.79433 -0.07345 0.60296
1403638565.3778295517 9.73228 4.37367 2.49188 -0.00589 0.79541 -0.07248 0.60169
1403638565.4778294563 9.58976 4.18919 2.42690 -0.00257 0.79478 -0.07173 0.60264
1403638565.5778295994 9.44483 4.00127 2.36747 0.00447 0.79269 -0.06969 0.60561
1403638565.6778295040 9.29488 3.81087 2.31587 0.01666 0.79253 -0.06401 0.60623
1403638565.7778294086 9.14135 3.62038 2.26892 0.02596 0.79535 -0.05998 0.60262
1403638565.8778295517 8.97996 3.43305 2.22938 0.03347 0.79758 -0.05702 0.59957
1403638565.9778294563 8.81385 3.24720 2.19376 0.03611 0.79937 -0.05784 0.59696
1403638566.0778295994 8.64520 3.06387 2.15283 0.03780 0.80035 -0.05841 0.59548
1403638566.1778295040 8.47447 2.88239 2.10352 0.03587 0.80048 -0.05992 0.59528
1403638566.2778294086 8.30129 2.70340 2.04588 0.03660 0.80008 -0.05915 0.59584
1403638566.3778295517 8.12838 2.52731 1.98002 0.03693 0.80110 -0.05821 0.59455
1403638566.4778294563 7.95588 2.35411 1.90819 0.03368 0.80132 -0.05899 0.59437
1403638566.5778295994 7.78390 2.18499 1.83014 0.03303 0.80453 -0.05741 0.59020
1403638566.6778295040 7.61261 2.01991 1.74438 0.03210 0.81394 -0.05600 0.57735
1403638566.7778294086 7.44618 1.85933 1.65288 0.03117 0.82574 -0.05472 0.56053
1403638566.8778295517 7.28779 1.70317 1.55781 0.02949 0.83385 -0.05393 0.54856
1403638566.9778294563 7.13855 1.55109 1.46022 0.02965 0.83787 -0.05142 0.54263
1403638567.0778295994 6.99934 1.40685 1.36440 0.03013 0.82974 -0.04998 0.55509
1403638567.1778295040 6.86860 1.26624 1.26584 0.03301 0.81736 -0.04777 0.57319
1403638567.2778294086 6.76059 1.14338 1.16981 0.03728 0.80881 -0.04636 0.58505
1403638567.3778295517 6.63745 1.01216 1.06293 0.04061 0.80692 -0.04596 0.58747
1403638567.4778294563 6.51452 0.88535 0.96009 0.04286 0.80772 -0.04716 0.58611
1403638567.5778295994 6.39294 0.76325 0.86503 0.04445 0.81125 -0.04928 0.58092
1403638567.6778295040 6.26923 0.64198 0.77931 0.04793 0.81454 -0.05009 0.57595
1403638567.7778294086 6.14715 0.52372 0.70244 0.05004 0.81783 -0.05087 0.57102
1403638567.8778295517 6.03205 0.41092 0.63457 0.04932 0.82123 -0.05335 0.56595
1403638567.9778294563 5.92604 0.30218 0.57344 0.04944 0.82220 -0.05449 0.56443
1403638568.0778295994 5.82623 0.19757 0.52176 0.05267 0.82213 -0.05283 0.56439
1403638568.1778295040 5.73111 0.09852 0.48060 0.05494 0.82148 -0.05167 0.56523
1403638568.2778294086 5.64074 0.00656 0.44876 0.05617 0.82137 -0.05211 0.56523
1403638568.3778295517 5.55617 -0.07946 0.41918 0.05647 0.82187 -0.05267 0.56441
1403638568.4778294563 5.46844 -0.16568 0.37759 0.05704 0.82272 -0.05269 0.56312
1403638568.5778295994 5.39821 -0.23711 0.34477 0.05824 0.82416 -0.05238 0.56091
1403638568.6778295040 5.32107 -0.31331 0.29815 0.05960 0.82599 -0.05115 0.55819
1403638568.7778294086 5.26300 -0.37070 0.26709 0.05957 0.82736 -0.05153 0.55612
1403638568.8778295517 5.20885 -0.42224 0.24452 0.05798 0.82671 -0.05338 0.55709
1403638568.9778294563 5.15188 -0.47912 0.21954 0.06003 0.82621 -0.05172 0.55776
1403638569.0778295994 5.11218 -0.51788 0.21547 0.06192 0.82605 -0.05095 0.55787
1403638569.1778295040 5.06659 -0.56361 0.20679 0.06257 0.82685 -0.05101 0.55659
1403638569.2778294086 5.03761 -0.58926 0.21114 0.06492 0.82815 -0.05028 0.55446
1403638569.3778295517 5.00397 -0.62347 0.19917 0.06587 0.82808 -0.05007 0.55447
1403638569.4778294563 4.98657 -0.64182 0.19135 0.06672 0.82670 -0.04977 0.55645
1403638569.5778295994 4.96539 -0.66471 0.17178 0.06756 0.82545 -0.04940 0.55824
1403638569.6778295040 4.95300 -0.67808 0.15992 0.06685 0.82431 -0.05036 0.55991
1403638569.7778294086 4.94524 -0.68483 0.15492 0.06797 0.82352 -0.04978 0.56100
1403638569.8778295517 4.95050 -0.67893 0.16040 0.06923 0.82235 -0.04879 0.56264
1403638569.9778294563 4.94754 -0.67824 0.16405 0.06811 0.82083 -0.04956 0.56493
1403638570.0778295994 4.95106 -0.66968 0.16638 0.06591 0.82023 -0.05110 0.56593
1403638570.1778295040 4.95755 -0.65710 0.16269 0.06103 0.82034 -0.05394 0.56605
1403638570.2778294086 4.96579 -0.64253 0.15283 0.05355 0.81972 -0.05856 0.56724
1403638570.3778295517 4.97542 -0.62742 0.13804 0.04729 0.81924 -0.06588 0.56768
1403638570.4778294563 4.98881 -0.61157 0.11999 0.04303 0.81819 -0.08150 0.56751
1403638570.5778295994 4.99312 -0.60545 0.09155 0.03602 0.81453 -0.10838 0.56876
1403638570.6778295040 5.00047 -0.60380 0.06173 0.03691 0.80818 -0.13744 0.57148
1403638570.7778294086 5.00433 -0.61362 0.02812 0.04445 0.79592 -0.16458 0.58090
1403638570.8778295517 5.00126 -0.63452 -0.00810 0.05731 0.78315 -0.18857 0.58977
1403638570.9778294563 4.98974 -0.66614 -0.04803 0.07283 0.77401 -0.20962 0.59301
1403638571.0778295994 4.96894 -0.70766 -0.09269 0.08948 0.77036 -0.22866 0.58843
1403638571.1778295040 4.93740 -0.75667 -0.13537 0.11052 0.77231 -0.24126 0.57717
1403638571.2778294086 4.89792 -0.81301 -0.16835 0.13030 0.77315 -0.24776 0.56910
1403638571.3778295517 4.85052 -0.87319 -0.19080 0.14269 0.77217 -0.25309 0.56510
1403638571.4778294563 4.79782 -0.93664 -0.20298 0.14858 0.76911 -0.25767 0.56569
1403638571.5778295994 4.73967 -1.00273 -0.21103 0.15542 0.76648 -0.26173 0.56555
1403638571.6778295040 4.67753 -1.07122 -0.22296 0.16140 0.76575 -0.27110 0.56043
1403638571.7778294086 4.61176 -1.14293 -0.24007 0.16920 0.76456 -0.28454 0.55304
1403638571.8778295517 4.54301 -1.21818 -0.26166 0.17626 0.76077 -0.30215 0.54668
1403638571.9778294563 4.47069 -1.29740 -0.27985 0.18381 0.75381 -0.32189 0.54256
1403638572.0778295994 4.39447 -1.38021 -0.29033 0.19280 0.74600 -0.34081 0.53867
1403638572.1778295040 4.31351 -1.46614 -0.29173 0.20839 0.73839 -0.35572 0.53368
1403638572.2778294086 4.22919 -1.55366 -0.28824 0.22224 0.73324 -0.37222 0.52385
1403638572.3778295517 4.14338 -1.64451 -0.28670 0.23504 0.72747 -0.39044 0.51292
1403638572.4778294563 4.05619 -1.73970 -0.28784 0.24870 0.72281 -0.40344 0.50292
1403638572.5778295994 3.97084 -1.83766 -0.28957 0.25946 0.71852 -0.41202 0.49663
1403638572.6778295040 3.88639 -1.94007 -0.28982 0.26521 0.71646 -0.41741 0.49206
1403638572.7778294086 3.80563 -2.04610 -0.28117 0.27292 0.71779 -0.41737 0.48590
1403638572.8778295517 3.72877 -2.15577 -0.26426 0.27645 0.72022 -0.41690 0.48069
1403638572.9778294563 3.65687 -2.26760 -0.24230 0.27710 0.72238 -0.41613 0.47773
1403638573.0778295994 3.58944 -2.38244 -0.22473 0.27649 0.72447 -0.41516 0.47575
1403638573.1778295040 3.52569 -2.50063 -0.21374 0.27482 0.72611 -0.41417 0.47509
1403638573.2778294086 3.46333 -2.61976 -0.20441 0.27326 0.72760 -0.41228 0.47534
1403638573.3778295517 3.40979 -2.74368 -0.19414 0.27264 0.72839 -0.41160 0.47508
1403638573.4778294563 3.35718 -2.86891 -0.18021 0.27572 0.72846 -0.41180 0.47302
1403638573.5778295994 3.31696 -2.99812 -0.15850 0.27760 0.72829 -0.41230 0.47174
1403638573.6778295040 3.28250 -3.12696 -0.13054 0.28060 0.72853 -0.41311 0.46887
1403638573.7778294086 3.25556 -3.25602 -0.09888 0.28768 0.72465 -0.41659 0.46752
1403638573.8778295517 3.23155 -3.38964 -0.06810 0.30152 0.71401 -0.42186 0.47044
1403638573.9778294563 3.21171 -3.52241 -0.04259 0.31349 0.69789 -0.43478 0.47501
1403638574.0778295994 3.19399 -3.65189 -0.02430 0.31954 0.67661 -0.45548 0.48232
1403638574.1778295040 3.17677 -3.77649 -0.01187 0.32577 0.65330 -0.47855 0.48791
1403638574.2778294086 3.15721 -3.89518 -0.00467 0.33518 0.63354 -0.50006 0.48602
1403638574.3778295517 3.12903 -4.01300 -0.00091 0.34724 0.61925 -0.51944 0.47554
1403638574.4778294563 3.09392 -4.12773 -0.00045 0.36025 0.60674 -0.53699 0.46231
1403638574.5778295994 3.05529 -4.23713 0.00291 0.37039 0.59536 -0.55070 0.45287
1403638574.6778295040 3.01317 -4.34594 0.01483 0.38199 0.58858 -0.55753 0.44364
1403638574.7778294086 2.97160 -4.45962 0.03311 0.39245 0.58823 -0.56015 0.43151
1403638574.8778295517 2.93008 -4.56999 0.05510 0.39358 0.59012 -0.56471 0.42184
1403638574.9778294563 2.88914 -4.68181 0.07245 0.39208 0.59241 -0.56818 0.41533
1403638575.0778295994 2.84814 -4.79459 0.08121 0.38473 0.59087 -0.57361 0.41693
1403638575.1778295040 2.80446 -4.90415 0.08453 0.37919 0.58807 -0.57693 0.42135
1403638575.2778294086 2.75457 -5.01026 0.08683 0.37594 0.58678 -0.57774 0.42493
1403638575.3778295517 2.70390 -5.12263 0.08189 0.37289 0.59007 -0.57808 0.42259
1403638575.4778294563 2.64739 -5.23364 0.07551 0.37096 0.59566 -0.57677 0.41823
1403638575.5778295994 2.59089 -5.35062 0.06692 0.37013 0.60071 -0.57467 0.41461
1403638575.6778295040 2.53046 -5.47224 0.06527 0.37352 0.60721 -0.56982 0.40876
1403638575.7778294086 2.46491 -5.60435 0.07266 0.37423 0.61390 -0.56720 0.40170
1403638575.8778295517 2.40293 -5.73516 0.09006 0.37402 0.61821 -0.56538 0.39783
1403638575.9778294563 2.34884 -5.86286 0.11743 0.37366 0.61854 -0.56472 0.39860
1403638576.0778295994 2.29846 -5.99202 0.15215 0.37445 0.61914 -0.56343 0.39875
1403638576.1778295040 2.25192 -6.12424 0.19200 0.37552 0.61750 -0.56299 0.40090
1403638576.2778294086 2.20638 -6.26542 0.22829 0.37962 0.61805 -0.56056 0.39958
1403638576.3778295517 2.16574 -6.40829 0.25863 0.38423 0.61961 -0.55778 0.39665
1403638576.4778294563 2.13028 -6.55292 0.28325 0.38802 0.62222 -0.55549 0.39207
1403638576.5778295994 2.10136 -6.69998 0.30253 0.39244 0.62630 -0.55288 0.38479
1403638576.6778295040 2.07845 -6.85421 0.31712 0.39559 0.62779 -0.55086 0.38202
1403638576.7778294086 2.06272 -7.01448 0.32720 0.40069 0.62557 -0.54712 0.38570
1403638576.8778295517 2.05344 -7.17689 0.33203 0.40372 0.62068 -0.54516 0.39315
1403638576.9778294563 2.05200 -7.33652 0.33156 0.40218 0.61426 -0.54668 0.40259
1403638577.0778295994 2.05725 -7.49077 0.32998 0.39822 0.61032 -0.54996 0.40802
1403638577.1778295040 2.06579 -7.64382 0.33636 0.39563 0.60742 -0.55199 0.41209
1403638577.2778294086 2.07591 -7.80021 0.34919 0.39598 0.60796 -0.55181 0.41121
1403638577.3778295517 2.08870 -7.95551 0.37080 0.40236 0.61235 -0.54710 0.40475
1403638577.4778294563 2.10574 -8.10888 0.39785 0.40655 0.61493 -0.54397 0.40084
1403638577.5778295994 2.12811 -8.26128 0.42122 0.40364 0.61487 -0.54577 0.40143
1403638577.6778295040 2.15572 -8.40817 0.43851 0.40041 0.61374 -0.54785 0.40356
1403638577.7778294086 2.18675 -8.55252 0.44800 0.39777 0.61321 -0.54937 0.40492
1403638577.8778295517 2.22108 -8.69740 0.45259 0.39745 0.61343 -0.54912 0.40522
1403638577.9778294563 2.26017 -8.83771 0.45355 0.39829 0.61402 -0.54775 0.40536
1403638578.0778295994 2.30244 -8.98274 0.46157 0.39730 0.61330 -0.54765 0.40755
1403638578.1778295040 2.35015 -9.11824 0.47494 0.39299 0.61022 -0.54995 0.41322
1403638578.2778294086 2.39859 -9.25831 0.49438 0.38487 0.60519 -0.55527 0.42106
1403638578.3778295517 2.44540 -9.39557 0.51352 0.38295 0.60279 -0.55678 0.42424
1403638578.4778294563 2.48996 -9.53219 0.52635 0.38312 0.60238 -0.55716 0.42419
1403638578.5778295994 2.53249 -9.66599 0.53449 0.38313 0.60179 -0.55781 0.42416
1403638578.6778295040 2.57268 -9.80166 0.53844 0.38555 0.60172 -0.55664 0.42360
1403638578.7778294086 2.61132 -9.93184 0.53982 0.39069 0.60439 -0.55333 0.41939
1403638578.8778295517 2.65064 -10.06302 0.53668 0.39560 0.60733 -0.54983 0.41513
1403638578.9778294563 2.69268 -10.18296 0.53353 0.39804 0.60875 -0.54779 0.41342
1403638579.0778295994 2.73657 -10.31156 0.53861 0.39848 0.60949 -0.54680 0.41321
1403638579.1778295040 2.78523 -10.43953 0.55235 0.39906 0.60962 -0.54593 0.41361
1403638579.2778294086 2.83484 -10.56229 0.57068 0.39693 0.60865 -0.54696 0.41572
1403638579.3778295517 2.88894 -10.68475 0.59017 0.39149 0.60536 -0.55053 0.42094
1403638579.4778294563 2.94057 -10.80437 0.60698 0.38600 0.60102 -0.55423 0.42733
1403638579.5778295994 2.99237 -10.91652 0.61642 0.38511 0.59870 -0.55137 0.43501
1403638579.6778295040 3.04386 -11.03359 0.62160 0.38773 0.59999 -0.53925 0.44596
1403638579.7778294086 3.09371 -11.14481 0.62138 0.38644 0.61149 -0.52082 0.45331
1403638579.8778295517 3.14405 -11.25467 0.61451 0.37589 0.63265 -0.50075 0.45575
1403638579.9778294563 3.19660 -11.36476 0.60279 0.35914 0.65410 -0.47693 0.46445
1403638580.0778295994 3.24851 -11.46365 0.58944 0.34550 0.67055 -0.44328 0.48425
1403638580.1778295040 3.29989 -11.54679 0.57236 0.32649 0.68686 -0.40722 0.50577
1403638580.2778294086 3.35146 -11.62521 0.55040 0.30074 0.70576 -0.37347 0.52151
1403638580.3778295517 3.40001 -11.69503 0.52266 0.27084 0.72345 -0.34823 0.53104
1403638580.4778294563 3.44298 -11.75942 0.49060 0.24490 0.73601 -0.33254 0.53640
1403638580.5778295994 3.48230 -11.82232 0.45748 0.22750 0.74409 -0.31970 0.54071
1403638580.6778295040 3.51863 -11.88327 0.42454 0.21204 0.75499 -0.30573 0.53996
1403638580.7778294086 3.55117 -11.94152 0.39846 0.20140 0.76591 -0.29129 0.53663
1403638580.8778295517 3.58027 -11.99831 0.38115 0.19633 0.77341 -0.28073 0.53337
1403638580.9778294563 3.61070 -12.05490 0.37537 0.19044 0.77512 -0.27727 0.53483
1403638581.0778295994 3.64015 -12.10781 0.37888 0.18915 0.77627 -0.27543 0.53458
1403638581.1778295040 3.66953 -12.16085 0.38908 0.19167 0.77629 -0.27384 0.53446
1403638581.2778294086 3.69789 -12.21161 0.40071 0.19565 0.77638 -0.27351 0.53306
1403638581.3778295517 3.72573 -12.25572 0.41796 0.19894 0.77510 -0.27448 0.53319
1403638581.4778294563 3.75393 -12.30066 0.43261 0.20175 0.77290 -0.27603 0.53454
1403638581.5778295994 3.77907 -12.33078 0.46323 0.20478 0.77222 -0.27795 0.53337
1403638581.6778295040 3.80763 -12.36782 0.48467 0.21007 0.76812 -0.27764 0.53738
1403638581.7778294086 3.82487 -12.38120 0.51151 0.21231 0.76442 -0.27886 0.54113
1403638581.8778295517 3.84608 -12.40065 0.52647 0.21539 0.76131 -0.27858 0.54443
1403638581.9778294563 3.87588 -12.43091 0.53049 0.21975 0.75387 -0.27653 0.55400
1403638582.0778295994 3.89598 -12.44636 0.53773 0.21837 0.75549 -0.27832 0.55144
1403638582.1778295040 3.91696 -12.46172 0.55087 0.21389 0.76260 -0.28195 0.54148
1403638582.2778294086 3.94223 -12.47923 0.57312 0.21415 0.76556 -0.28212 0.53708
1403638582.3778295517 3.96526 -12.49272 0.60762 0.21687 0.76238 -0.27966 0.54179
1403638582.4778294563 3.99366 -12.50715 0.64960 0.21905 0.76130 -0.27801 0.54328
1403638582.5778295994 4.02137 -12.51590 0.70316 0.22016 0.76075 -0.27692 0.54415
1403638582.6778295040 4.04401 -12.52127 0.76146 0.21988 0.76174 -0.27719 0.54273
1403638582.7778294086 4.07326 -12.52248 0.83198 0.21804 0.76323 -0.27908 0.54041
1403638582.8778295517 4.10193 -12.52091 0.90345 0.21838 0.76452 -0.27971 0.53812
1403638582.9778294563 4.13028 -12.51487 0.96871 0.21708 0.76664 -0.28145 0.53472
1403638583.0778295994 4.15788 -12.50485 1.02642 0.21600 0.76903 -0.28330 0.53074
1403638583.1778295040 4.18775 -12.49409 1.07641 0.21586 0.77058 -0.28412 0.52810
1403638583.2778294086 4.22009 -12.48358 1.11997 0.21457 0.77110 -0.28545 0.52714
1403638583.3778295517 4.24476 -12.46632 1.14966 0.21512 0.77072 -0.28495 0.52774
1403638583.4778294563 4.28198 -12.45458 1.18709 0.21522 0.77142 -0.28509 0.52661
1403638583.5778295994 4.31988 -12.44126 1.23011 0.21535 0.77140 -0.28498 0.52664
1403638583.6778295040 4.35876 -12.42545 1.28067 0.21701 0.77175 -0.28376 0.52611
1403638583.7778294086 4.40013 -12.40814 1.33186 0.21676 0.77145 -0.28375 0.52666
1403638583.8778295517 4.42295 -12.36111 1.35378 0.21782 0.77046 -0.28322 0.52795
1403638583.9778294563 4.47053 -12.33878 1.39082 0.21824 0.77051 -0.28291 0.52787
1403638584.0778295994 4.51631 -12.31301 1.42135 0.22138 0.76720 -0.28049 0.53266
1403638584.1778295040 4.54523 -12.27141 1.42694 0.22620 0.75835 -0.27647 0.54525
1403638584.2778294086 4.59196 -12.23845 1.44932 0.22896 0.74952 -0.27368 0.55758
1403638584.3778295517 4.61202 -12.18493 1.43617 0.23083 0.74670 -0.27223 0.56129
1403638584.4778294563 4.62180 -12.12261 1.41518 0.23162 0.74652 -0.27150 0.56156
1403638584.5778295994 4.64940 -12.06730 1.41856 0.23124 0.74673 -0.27160 0.56139
1403638584.6778295040 4.67440 -12.00561 1.42940 0.22885 0.74847 -0.27303 0.55935
1403638584.7778294086 4.66484 -11.92516 1.41550 0.22469 0.75504 -0.27557 0.55090
1403638584.8778295517 4.68496 -11.85267 1.44098 0.21790 0.76246 -0.28062 0.54077
1403638584.9778294563 4.66753 -11.76904 1.42507 0.21558 0.76583 -0.28263 0.53586
1403638585.0778295994 4.66194 -11.68512 1.41085 0.21506 0.76697 -0.28328 0.53410
1403638585.1778295040 4.68039 -11.61059 1.41735 0.21267 0.76675 -0.28490 0.53450
1403638585.2778294086 4.66041 -11.53124 1.38419 0.21358 0.76486 -0.28374 0.53745
1403638585.3778295517 4.66980 -11.45612 1.37401 0.21424 0.76284 -0.28286 0.54053
1403638585.4778294563 4.66083 -11.38099 1.35541 0.21388 0.76303 -0.28285 0.54041
1403638585.5778295994 4.67439 -11.30610 1.35229 0.21286 0.76486 -0.28308 0.53809
1403638585.6778295040 4.66962 -11.23184 1.35226 0.21238 0.76738 -0.28295 0.53475
1403638585.7778294086 4.68421 -11.15536 1.36518 0.20887 0.77230 -0.28537 0.52771
1403638585.8778295517 4.68621 -11.08016 1.38702 0.20596 0.77600 -0.28733 0.52235
1403638585.9778294563 4.69679 -11.00518 1.41838 0.20412 0.77575 -0.28933 0.52233
1403638586.0778295994 4.71085 -10.93272 1.45135 0.20631 0.77160 -0.28839 0.52811
1403638586.1778295040 4.73680 -10.86367 1.47604 0.20835 0.76883 -0.28777 0.53168
1403638586.2778294086 4.75200 -10.78596 1.49630 0.21086 0.76618 -0.28652 0.53518
1403638586.3778295517 4.77710 -10.71881 1.51096 0.21688 0.76328 -0.28274 0.53891
1403638586.4778294563 4.78929 -10.63478 1.52012 0.22513 0.76165 -0.27773 0.54044
1403638586.5778295994 4.81210 -10.56339 1.52321 0.22737 0.76100 -0.27651 0.54104
1403638586.6778295040 4.82112 -10.47226 1.51840 0.22457 0.76160 -0.27873 0.54023
1403638586.7778294086 4.84307 -10.39712 1.50865 0.22051 0.76116 -0.28143 0.54111
1403638586.8778295517 4.85314 -10.30597 1.49390 0.21846 0.75991 -0.28225 0.54327
1403638586.9778294563 4.87174 -10.22648 1.47398 0.21867 0.75969 -0.28195 0.54365
1403638587.0778295994 4.88125 -10.13153 1.45406 0.21799 0.75937 -0.28246 0.54411
1403638587.1778295040 4.89855 -10.04695 1.43724 0.21745 0.76060 -0.28248 0.54259
1403638587.2778294086 4.90929 -9.95320 1.42961 0.21663 0.76222 -0.28271 0.54053
1403638587.3778295517 4.92367 -9.86540 1.42707 0.21589 0.76381 -0.28314 0.53835
1403638587.4778294563 4.93644 -9.76922 1.42800 0.21409 0.76376 -0.28491 0.53821
1403638587.5778295994 4.95163 -9.67758 1.42752 0.21326 0.76378 -0.28589 0.53799
1403638587.6778295040 4.96765 -9.58161 1.41994 0.21313 0.76330 -0.28640 0.53845
1403638587.7778294086 4.98210 -9.49257 1.40764 0.21306 0.76291 -0.28677 0.53882
1403638587.8778295517 4.99910 -9.39808 1.39040 0.21229 0.76246 -0.28762 0.53931
1403638587.9778294563 5.01313 -9.30941 1.37010 0.21207 0.76206 -0.28808 0.53972
1403638588.0778295994 5.02795 -9.22210 1.34452 0.21317 0.76166 -0.28689 0.54049
1403638588.1778295040 5.03918 -9.13675 1.31616 0.21965 0.76266 -0.28251 0.53879
1403638588.2778294086 5.05143 -9.04969 1.28744 0.22235 0.76357 -0.28008 0.53766
1403638588.3778295517 5.06438 -8.95915 1.26663 0.22293 0.76397 -0.27937 0.53723
1403638588.4778294563 5.08056 -8.86454 1.25261 0.22122 0.76386 -0.28039 0.53755
1403638588.5778295994 5.09428 -8.76836 1.24778 0.21882 0.76309 -0.28196 0.53881
1403638588.6778295040 5.10620 -8.66972 1.24996 0.21649 0.76226 -0.28321 0.54027
1403638588.7778294086 5.11909 -8.56712 1.25911 0.21506 0.76071 -0.28451 0.54233
1403638588.8778295517 5.13157 -8.46657 1.26427 0.21261 0.76006 -0.28677 0.54302
1403638588.9778294563 5.14112 -8.36654 1.26270 0.21285 0.75998 -0.28704 0.54290
1403638589.0778295994 5.15202 -8.26551 1.25364 0.21327 0.76020 -0.28733 0.54227
1403638589.1778295040 5.16087 -8.16320 1.23777 0.21488 0.75999 -0.28663 0.54229
1403638589.2778294086 5.17037 -8.06762 1.22100 0.21459 0.75902 -0.28668 0.54375
1403638589.3778295517 5.17648 -7.96449 1.20053 0.21479 0.75884 -0.28647 0.54403
1403638589.4778294563 5.18429 -7.86621 1.18709 0.21436 0.75969 -0.28712 0.54266
1403638589.5778295994 5.18758 -7.76214 1.17754 0.21370 0.75963 -0.28751 0.54280
1403638589.6778295040 5.19713 -7.66325 1.17899 0.21323 0.76028 -0.28757 0.54204
1403638589.7778294086 5.20019 -7.56119 1.18521 0.21348 0.76180 -0.28804 0.53955
1403638589.8778295517 5.20490 -7.45832 1.19518 0.21344 0.76232 -0.28905 0.53829
1403638589.9778294563 5.20724 -7.35744 1.19376 0.21379 0.76230 -0.28951 0.53794
1403638590.0778295994 5.20984 -7.25311 1.19271 0.21340 0.76223 -0.29030 0.53777
1403638590.1778295040 5.21164 -7.15362 1.18265 0.21406 0.76116 -0.29052 0.53889
1403638590.2778294086 5.21445 -7.05522 1.17359 0.21375 0.76042 -0.29107 0.53977
1403638590.3778295517 5.21505 -6.95703 1.15555 0.21393 0.76071 -0.29151 0.53906
1403638590.4778294563 5.21587 -6.86724 1.13818 0.21385 0.76134 -0.29175 0.53806
1403638590.5778295994 5.21446 -6.77028 1.11926 0.21271 0.76239 -0.29248 0.53663
1403638590.6778295040 5.21444 -6.68567 1.10956 0.21059 0.76412 -0.29350 0.53444
1403638590.7778294086 5.21396 -6.59247 1.10770 0.20976 0.76491 -0.29401 0.53336
1403638590.8778295517 5.21367 -6.50826 1.11288 0.20982 0.76579 -0.29398 0.53209
1403638590.9778294563 5.21422 -6.41806 1.12487 0.20848 0.76633 -0.29490 0.53132
1403638591.0778295994 5.21260 -6.32169 1.13869 0.20705 0.76712 -0.29634 0.52994
1403638591.1778295040 5.21503 -6.23263 1.14831 0.20586 0.77125 -0.29778 0.52357
1403638591.2778294086 5.21599 -6.14392 1.14802 0.20300 0.77696 -0.30028 0.51474
1403638591.3778295517 5.22121 -6.06396 1.14429 0.19937 0.78112 -0.30307 0.50818
1403638591.4778294563 5.23234 -5.98603 1.13595 0.19654 0.78372 -0.30538 0.50389
1403638591.5778295994 5.24896 -5.91463 1.12193 0.19366 0.78632 -0.30784 0.49943
1403638591.6778295040 5.27067 -5.85331 1.10424 0.19231 0.78651 -0.30900 0.49893
1403638591.7778294086 5.29818 -5.80028 1.08685 0.19419 0.78468 -0.30785 0.50178
1403638591.8778295517 5.33202 -5.76637 1.07152 0.19521 0.78247 -0.30682 0.50546
1403638591.9778294563 5.37007 -5.74150 1.06409 0.19601 0.77994 -0.30587 0.50962
1403638592.0778295994 5.41107 -5.72713 1.06539 0.19647 0.77749 -0.30454 0.51397
1403638592.1778295040 5.45791 -5.71301 1.07579 0.19470 0.77479 -0.30250 0.51989
1403638592.2778294086 5.50560 -5.70664 1.09854 0.19009 0.76966 -0.29677 0.53237
1403638592.3778295517 5.55387 -5.70036 1.13033 0.18155 0.76759 -0.28776 0.54317
1403638592.4778294563 5.59998 -5.69580 1.16890 0.17007 0.77084 -0.27402 0.54936
1403638592.5778295994 5.64211 -5.69541 1.21298 0.16217 0.77894 -0.26018 0.54705
1403638592.6778295040 5.68128 -5.69817 1.26250 0.15538 0.78697 -0.24930 0.54258
1403638592.7778294086 5.72028 -5.70373 1.31113 0.14997 0.79441 -0.24212 0.53647
1403638592.8778295517 5.75916 -5.71330 1.35460 0.14566 0.79968 -0.23774 0.53176
1403638592.9778294563 5.79947 -5.72630 1.39273 0.14487 0.80237 -0.23415 0.52952
1403638593.0778295994 5.84449 -5.74568 1.42460 0.14379 0.80320 -0.23287 0.52912
1403638593.1778295040 5.89236 -5.76823 1.45920 0.14402 0.80154 -0.23183 0.53202
1403638593.2778294086 5.94526 -5.79683 1.49788 0.15096 0.79844 -0.22782 0.53648
1403638593.3778295517 5.99843 -5.82641 1.54438 0.16013 0.79524 -0.22248 0.54079
1403638593.4778294563 6.05171 -5.85542 1.58804 0.16858 0.79076 -0.21823 0.54649
1403638593.5778295994 6.10672 -5.88257 1.62501 0.17331 0.78794 -0.21677 0.54967
1403638593.6778295040 6.16210 -5.90620 1.65497 0.17604 0.78670 -0.21639 0.55072
1403638593.7778294086 6.21896 -5.92660 1.68048 0.17754 0.78335 -0.21651 0.55495
1403638593.8778295517 6.27559 -5.94299 1.70447 0.17395 0.77298 -0.21595 0.57062
1403638593.9778294563 6.32713 -5.95270 1.73491 0.16773 0.76978 -0.21264 0.57801
1403638594.0778295994 6.37243 -5.95864 1.76841 0.15925 0.77547 -0.21093 0.57340
1403638594.1778295040 6.41117 -5.96185 1.80595 0.15678 0.78180 -0.20666 0.56701
1403638594.2778294086 6.44531 -5.96285 1.84154 0.15706 0.78444 -0.20198 0.56497
1403638594.3778295517 6.47800 -5.96096 1.87246 0.15964 0.78370 -0.19703 0.56702
1403638594.4778294563 6.50467 -5.95450 1.90966 0.16344 0.78260 -0.19148 0.56935
1403638594.5778295994 6.53052 -5.94331 1.94925 0.15790 0.78282 -0.19342 0.56996
1403638594.6778295040 6.54782 -5.92658 1.99793 0.15223 0.78323 -0.19666 0.56983
1403638594.7778294086 6.56731 -5.91037 2.03954 0.15006 0.78385 -0.19872 0.56883
1403638594.8778295517 6.57594 -5.88945 2.07846 0.14877 0.78377 -0.20040 0.56870
1403638594.9778294563 6.58968 -5.87022 2.10613 0.14978 0.78556 -0.20103 0.56574
1403638595.0778295994 6.60078 -5.84912 2.12835 0.14838 0.78664 -0.20290 0.56393
1403638595.1778295040 6.61054 -5.82774 2.14454 0.14823 0.78705 -0.20417 0.56294
1403638595.2778294086 6.61873 -5.80603 2.15486 0.14878 0.78745 -0.20448 0.56211
1403638595.3778295517 6.61553 -5.77782 2.16523 0.14871 0.78702 -0.20522 0.56247
1403638595.4778294563 6.62023 -5.75627 2.16318 0.14877 0.78734 -0.20546 0.56191
1403638595.5778295994 6.62305 -5.73375 2.16011 0.14880 0.78814 -0.20521 0.56088
1403638595.6778295040 6.62407 -5.71026 2.16203 0.15120 0.78825 -0.20354 0.56069
1403638595.7778294086 6.62409 -5.68467 2.16877 0.15545 0.78933 -0.20065 0.55904
1403638595.8778295517 6.62498 -5.65774 2.17303 0.15673 0.78976 -0.20002 0.55831
1403638595.9778294563 6.62558 -5.63032 2.16374 0.15914 0.78953 -0.19856 0.55847
1403638596.0778295994 6.62072 -5.59642 2.14766 0.16660 0.79040 -0.19376 0.55674
1403638596.1778295040 6.62265 -5.56367 2.12633 0.17772 0.79219 -0.18596 0.55342
1403638596.2778294086 6.62582 -5.52254 2.11179 0.18928 0.79428 -0.17740 0.54939
1403638596.3778295517 6.62724 -5.46946 2.10878 0.19857 0.79474 -0.16988 0.54782
1403638596.4778294563 6.63723 -5.40921 2.11108 0.20404 0.79465 -0.16501 0.54742
1403638596.5778295994 6.65070 -5.33584 2.12483 0.21068 0.79564 -0.15963 0.54506
1403638596.6778295040 6.67217 -5.24918 2.14389 0.21818 0.79617 -0.15362 0.54306
1403638596.7778294086 6.70102 -5.14655 2.17020 0.22203 0.79643 -0.15024 0.54206
1403638596.8778295517 6.73525 -5.02832 2.20538 0.22557 0.79592 -0.14733 0.54215
1403638596.9778294563 6.77631 -4.89289 2.24005 0.22741 0.79468 -0.14632 0.54346
1403638597.0778295994 6.82151 -4.74449 2.27116 0.23015 0.79385 -0.14521 0.54382
1403638597.1778295040 6.87312 -4.58042 2.29657 0.23252 0.79203 -0.14485 0.54556
1403638597.2778294086 6.92802 -4.40087 2.31435 0.23021 0.78921 -0.14772 0.54984
1403638597.3778295517 6.98795 -4.20624 2.32526 0.22555 0.78727 -0.15245 0.55325
1403638597.4778294563 7.05187 -3.99622 2.33378 0.21722 0.78374 -0.15931 0.55963
1403638597.5778295994 7.11563 -3.77574 2.33693 0.20483 0.77876 -0.16855 0.56848
1403638597.6778295040 7.17747 -3.54652 2.33502 0.20057 0.77627 -0.17245 0.57223
1403638597.7778294086 7.23668 -3.30945 2.32757 0.20462 0.77826 -0.16746 0.56956
1403638597.8778295517 7.29424 -3.06401 2.31562 0.20870 0.78137 -0.15627 0.56699
1403638597.9778294563 7.35017 -2.80946 2.30058 0.20977 0.78345 -0.14720 0.56615
1403638598.0778295994 7.40863 -2.54362 2.28992 0.20302 0.78382 -0.14469 0.56874
1403638598.1778295040 7.46642 -2.26556 2.28521 0.18153 0.78505 -0.15394 0.57188
1403638598.2778294086 7.52239 -1.98091 2.28500 0.16409 0.78669 -0.16248 0.57253
1403638598.3778295517 7.57733 -1.69576 2.28283 0.15313 0.78833 -0.16786 0.57176
1403638598.4778294563 7.63149 -1.41195 2.27455 0.14878 0.79061 -0.16975 0.56920
1403638598.5778295994 7.68279 -1.12998 2.25840 0.14376 0.79278 -0.16784 0.56803
1403638598.6778295040 7.73242 -0.84942 2.23670 0.13940 0.79561 -0.15941 0.56759
1403638598.7778294086 7.77983 -0.57154 2.21613 0.13101 0.79846 -0.14866 0.56851
1403638598.8778295517 7.82455 -0.29620 2.20226 0.12187 0.80034 -0.13422 0.57148
1403638598.9778294563 7.86527 -0.02437 2.19185 0.11192 0.80376 -0.11791 0.57231
1403638599.0778295994 7.90463 0.24516 2.18579 0.09987 0.80614 -0.10125 0.57437
1403638599.1778295040 7.94218 0.51370 2.18554 0.08788 0.80849 -0.08362 0.57588
1403638599.2778294086 7.97689 0.78078 2.18954 0.07685 0.81152 -0.06466 0.57563
1403638599.3778295517 8.00958 1.04656 2.20084 0.06419 0.81572 -0.04747 0.57291
1403638599.4778294563 8.04015 1.31102 2.21735 0.05498 0.81861 -0.03417 0.57069
1403638599.5778295994 8.06963 1.57477 2.23211 0.04932 0.82137 -0.02571 0.56768
1403638599.6778295040 8.09882 1.83743 2.23834 0.04561 0.82307 -0.02112 0.56571
1403638599.7778294086 8.12991 2.09919 2.23620 0.04437 0.82324 -0.02003 0.56561
1403638599.8778295517 8.16432 2.35867 2.22743 0.04240 0.82443 -0.02253 0.56393
1403638599.9778294563 8.20002 2.61504 2.21467 0.03863 0.82437 -0.02809 0.56404
1403638600.0778295994 8.24049 2.86933 2.19799 0.03223 0.82516 -0.03594 0.56283
1403638600.1778295040 8.28333 3.11757 2.17763 0.02008 0.82637 -0.04778 0.56074
1403638600.2778294086 8.32725 3.35792 2.15155 0.01002 0.82799 -0.05857 0.55758
1403638600.3778295517 8.37429 3.58736 2.12438 0.00236 0.82901 -0.06726 0.55517
1403638600.4778294563 8.42394 3.80362 2.10388 -0.00392 0.82985 -0.07384 0.55306
1403638600.5778295994 8.47689 4.00444 2.09374 -0.00186 0.83033 -0.07454 0.55226
1403638600.6778295040 8.53236 4.19081 2.09155 -0.00476 0.83164 -0.07765 0.54984
1403638600.7778294086 8.59214 4.36301 2.09644 -0.00464 0.83531 -0.07773 0.54423
1403638600.8778295517 8.65608 4.52185 2.10638 0.00619 0.83942 -0.06921 0.53902
1403638600.9778294563 8.72561 4.66484 2.11442 0.02280 0.84208 -0.05584 0.53597
1403638601.0778295994 8.80032 4.79880 2.11755 0.03187 0.84278 -0.04780 0.53518
1403638601.1778295040 8.88235 4.92858 2.11665 0.03984 0.84163 -0.04128 0.53699
1403638601.2778294086 8.97225 5.05619 2.11237 0.04965 0.83552 -0.03338 0.54619
1403638601.3778295517 9.06706 5.18497 2.10695 0.04725 0.83064 -0.02920 0.55404
1403638601.4778294563 9.16650 5.31714 2.10537 0.03450 0.82652 -0.02426 0.56133
1403638601.5778295994 9.26768 5.45142 2.11191 0.02406 0.82248 -0.00969 0.56820
1403638601.6778295040 9.36950 5.58449 2.12353 0.01301 0.82095 0.01053 0.57076
1403638601.7778294086 9.46995 5.71850 2.14228 0.00050 0.81940 0.03617 0.57208
1403638601.8778295517 9.56833 5.85390 2.16938 -0.01324 0.81591 0.06547 0.57431
1403638601.9778294563 9.66350 5.99091 2.19769 -0.02810 0.81400 0.08902 0.57332
1403638602.0778295994 9.75691 6.12889 2.22009 -0.03972 0.81326 0.10603 0.57078
1403638602.1778295040 9.84687 6.26896 2.23617 -0.04551 0.80936 0.12190 0.57271
1403638602.2778294086 9.93340 6.41251 2.24759 -0.05289 0.80326 0.13969 0.57660
1403638602.3778295517 10.01494 6.56025 2.25894 -0.07499 0.79297 0.15278 0.58501
1403638602.4778294563 10.08948 6.70985 2.28074 -0.10900 0.77151 0.16038 0.60594
1403638602.5778295994 10.15205 6.85391 2.31023 -0.14346 0.75037 0.16644 0.62343
1403638602.6778295040 10.19865 6.98527 2.34497 -0.16404 0.74090 0.18032 0.62581
1403638602.7778294086 10.22596 7.10093 2.38448 -0.17525 0.73761 0.20008 0.62063
1403638602.8778295517 10.23250 7.20020 2.42834 -0.18660 0.73527 0.21975 0.61341
1403638602.9778294563 10.22092 7.28521 2.47477 -0.20675 0.73628 0.23493 0.59996
1403638603.0778295994 10.19705 7.35459 2.51763 -0.22589 0.73211 0.24972 0.59214
1403638603.1778295040 10.16471 7.40783 2.55337 -0.23823 0.72552 0.26434 0.58906
1403638603.2778294086 10.12447 7.44505 2.57663 -0.23724 0.73368 0.28092 0.57142
1403638603.3778295517 10.07725 7.46862 2.58934 -0.23142 0.74702 0.29448 0.54926
1403638603.4778294563 10.03042 7.48867 2.59741 -0.22861 0.75565 0.30113 0.53483
1403638603.5778295994 9.98725 7.50834 2.60303 -0.23003 0.75361 0.30561 0.53457
1403638603.6778295040 9.94330 7.52478 2.60399 -0.23194 0.74588 0.30860 0.54280
1403638603.7778294086 9.90411 7.54014 2.59762 -0.22533 0.73742 0.31550 0.55308
1403638603.8778295517 9.85361 7.54774 2.58683 -0.21836 0.72984 0.32094 0.56272
1403638603.9778294563 9.79625 7.55576 2.57193 -0.21293 0.72310 0.32408 0.57163
1403638604.0778295994 9.73654 7.56524 2.54942 -0.20675 0.71970 0.32698 0.57651
1403638604.1778295040 9.65997 7.57248 2.53351 -0.20549 0.71911 0.32781 0.57723
1403638604.2778294086 9.58014 7.57808 2.52286 -0.21220 0.72291 0.32389 0.57224
1403638604.3778295517 9.48322 7.57775 2.52153 -0.21808 0.73043 0.32037 0.56238
1403638604.4778294563 9.38144 7.57421 2.52706 -0.21643 0.73832 0.32152 0.55197
1403638604.5778295994 9.27871 7.56955 2.53764 -0.21478 0.74301 0.32255 0.54569
1403638604.6778295040 9.17389 7.56374 2.54330 -0.21766 0.74617 0.32075 0.54127
1403638604.7778294086 9.06936 7.55540 2.54357 -0.22195 0.74803 0.31794 0.53861
1403638604.8778295517 8.96548 7.54584 2.54317 -0.22320 0.75118 0.31708 0.53421
1403638604.9778294563 8.86421 7.53302 2.54637 -0.22115 0.75724 0.31850 0.52558
1403638605.0778295994 8.76598 7.51822 2.55585 -0.21906 0.76374 0.32007 0.51602
1403638605.1778295040 8.67116 7.50494 2.57307 -0.21681 0.76777 0.32178 0.50989
1403638605.2778294086 8.58192 7.49775 2.59185 -0.21298 0.76870 0.32432 0.50849
1403638605.3778295517 8.49679 7.49570 2.60535 -0.20653 0.76419 0.32871 0.51509
1403638605.4778294563 8.41841 7.50130 2.61663 -0.19861 0.75434 0.33470 0.52867
1403638605.5778295994 8.33231 7.50733 2.61754 -0.19248 0.74614 0.33919 0.53961
1403638605.6778295040 8.24313 7.51746 2.61353 -0.18754 0.74047 0.34263 0.54693
1403638605.7778294086 8.14706 7.53267 2.61328 -0.18585 0.73957 0.34365 0.54808
1403638605.8778295517 8.05310 7.55669 2.62577 -0.18308 0.73958 0.34527 0.54799
1403638605.9778294563 7.94601 7.58527 2.64044 -0.17896 0.73888 0.34711 0.54913
1403638606.0778295994 7.84028 7.62293 2.65654 -0.17634 0.73903 0.34781 0.54933
1403638606.1778295040 7.71774 7.66156 2.66151 -0.17291 0.73881 0.34926 0.54979
1403638606.2778294086 7.59849 7.71086 2.66404 -0.17087 0.74002 0.34954 0.54863
1403638606.3778295517 7.45967 7.75930 2.65267 -0.17703 0.74823 0.34426 0.53879
1403638606.4778294563 7.31953 7.81455 2.63771 -0.18589 0.75809 0.33709 0.52642
1403638606.5778295994 7.18122 7.87533 2.61807 -0.19353 0.76640 0.33205 0.51471
1403638606.6778295040 7.04562 7.94301 2.59545 -0.19948 0.76961 0.33396 0.50634
1403638606.7778294086 6.91487 8.01680 2.56879 -0.20476 0.76993 0.34307 0.49758
1403638606.8778295517 6.79231 8.09719 2.54012 -0.21375 0.76688 0.35584 0.48946
1403638606.9778294563 6.67904 8.18599 2.51610 -0.22501 0.76041 0.37159 0.48277
1403638607.0778295994 6.57506 8.28139 2.50250 -0.23932 0.75240 0.38636 0.47681
1403638607.1778295040 6.48047 8.38370 2.49662 -0.25577 0.74307 0.39383 0.47679
1403638607.2778294086 6.39245 8.48991 2.49027 -0.26915 0.72975 0.39883 0.48575
1403638607.3778295517 6.30789 8.59818 2.47520 -0.28160 0.72133 0.39925 0.49090
1403638607.4778294563 6.22650 8.70615 2.45090 -0.28735 0.71831 0.40048 0.49099
1403638607.5778295994 6.14913 8.81077 2.41927 -0.28929 0.71734 0.40181 0.49018
1403638607.6778295040 6.07333 8.91262 2.38453 -0.29076 0.71563 0.40183 0.49180
1403638607.7778294086 6.00142 9.01211 2.34690 -0.28895 0.71417 0.40228 0.49460
1403638607.8778295517 5.92997 9.11039 2.30602 -0.29005 0.71633 0.39999 0.49269
1403638607.9778294563 5.87100 9.20488 2.26093 -0.29247 0.72061 0.39637 0.48792
1403638608.0778295994 5.80927 9.29851 2.21256 -0.29292 0.71924 0.39381 0.49173
1403638608.1778295040 5.75322 9.38752 2.15957 -0.28868 0.71620 0.39427 0.49826
1403638608.2778294086 5.70706 9.47216 2.10157 -0.28700 0.71154 0.39380 0.50622
1403638608.3778295517 5.65528 9.55135 2.04012 -0.28683 0.70563 0.39284 0.51526
1403638608.4778294563 5.60837 9.62853 1.97271 -0.28692 0.70551 0.39242 0.51569
1403638608.5778295994 5.55553 9.69801 1.90094 -0.28516 0.70703 0.39295 0.51418
1403638608.6778295040 5.50848 9.76560 1.83158 -0.29049 0.70410 0.38917 0.51808
1403638608.7778294086 5.45342 9.82221 1.76772 -0.29095 0.70417 0.38881 0.51800
1403638608.8778295517 5.40182 9.87085 1.70895 -0.28996 0.70760 0.38996 0.51298
1403638608.9778294563 5.35222 9.91760 1.65762 -0.28936 0.71175 0.39060 0.50706
1403638609.0778295994 5.30187 9.95685 1.61350 -0.28899 0.71447 0.39095 0.50316
1403638609.1778295040 5.25333 9.99207 1.57598 -0.29098 0.71481 0.38956 0.50261
1403638609.2778294086 5.20707 10.02472 1.53745 -0.29898 0.71464 0.38385 0.50256
1403638609.3778295517 5.16651 10.05574 1.49073 -0.29780 0.71491 0.38432 0.50250
1403638609.4778294563 5.12708 10.08076 1.43781 -0.29409 0.71505 0.38645 0.50287
1403638609.5778295994 5.09195 10.10067 1.37856 -0.29062 0.71511 0.38840 0.50330
1403638609.6778295040 5.05811 10.12150 1.31323 -0.28848 0.71418 0.38993 0.50466
1403638609.7778294086 5.02805 10.13587 1.24850 -0.28730 0.71431 0.39067 0.50458
1403638609.8778295517 5.00013 10.15145 1.19044 -0.28785 0.71449 0.39036 0.50424
1403638609.9778294563 4.97386 10.16078 1.14069 -0.28874 0.71397 0.38957 0.50508
1403638610.0778295994 4.95234 10.16692 1.10110 -0.29206 0.71156 0.38719 0.50839
1403638610.1778295040 4.93084 10.17019 1.06400 -0.29297 0.70843 0.38649 0.51276
1403638610.2778294086 4.90973 10.16845 1.02295 -0.29529 0.70704 0.38457 0.51479
1403638610.3778295517 4.88923 10.16127 0.97514 -0.29613 0.70662 0.38393 0.51535
1403638610.4778294563 4.87025 10.14504 0.92403 -0.29628 0.70491 0.38350 0.51793
1403638610.5778295994 4.84986 10.12746 0.86734 -0.29876 0.69954 0.38158 0.52515
1403638610.6778295040 4.82736 10.10121 0.81031 -0.30290 0.69429 0.37865 0.53182
1403638610.7778294086 4.80091 10.06673 0.75555 -0.30084 0.69977 0.38104 0.52405
1403638610.8778295517 4.77409 10.02701 0.70949 -0.29751 0.70635 0.38461 0.51442
1403638610.9778294563 4.74768 9.98109 0.67035 -0.29819 0.70673 0.38484 0.51333
1403638611.0778295994 4.72201 9.93126 0.62926 -0.30118 0.70378 0.38313 0.51691
1403638611.1778295040 4.69926 9.87762 0.58373 -0.30252 0.70283 0.38335 0.51725
1403638611.2778294086 4.67627 9.81750 0.53771 -0.30198 0.70249 0.38433 0.51732
1403638611.3778295517 4.65221 9.74949 0.49601 -0.29540 0.70028 0.38887 0.52070
1403638611.4778294563 4.62144 9.67687 0.45773 -0.28273 0.69638 0.39686 0.52689
1403638611.5778295994 4.59175 9.60381 0.42922 -0.27381 0.69621 0.40208 0.52788
1403638611.6778295040 4.55096 9.52681 0.40365 -0.27216 0.69866 0.40226 0.52536
1403638611.7778294086 4.50924 9.45007 0.37787 -0.27819 0.70428 0.39767 0.51813
1403638611.8778295517 4.46895 9.37380 0.34838 -0.28381 0.70971 0.39303 0.51116
1403638611.9778294563 4.42723 9.29710 0.31419 -0.28669 0.71300 0.39023 0.50711
1403638612.0778295994 4.38738 9.22090 0.28177 -0.28621 0.71495 0.38984 0.50493
1403638612.1778295040 4.35000 9.14263 0.25553 -0.28771 0.71612 0.38822 0.50367
1403638612.2778294086 4.31612 9.06699 0.23886 -0.28823 0.71610 0.38753 0.50393
1403638612.3778295517 4.28471 8.98833 0.22656 -0.28654 0.71567 0.38814 0.50504
1403638612.4778294563 4.25427 8.90799 0.21070 -0.28577 0.71441 0.38746 0.50777
1403638612.5778295994 4.22547 8.82713 0.18960 -0.28267 0.71224 0.38812 0.51204
1403638612.6778295040 4.19628 8.74617 0.16126 -0.27663 0.71041 0.39061 0.51596
1403638612.7778294086 4.16452 8.66353 0.12476 -0.27360 0.70946 0.39045 0.51900
1403638612.8778295517 4.13224 8.58283 0.09181 -0.27363 0.70819 0.38823 0.52237
1403638612.9778294563 4.09317 8.49752 0.05885 -0.27454 0.70868 0.38609 0.52281
1403638613.0778295994 4.05600 8.41800 0.03794 -0.27531 0.71144 0.38479 0.51961
1403638613.1778295040 4.01543 8.33694 0.02405 -0.27500 0.71386 0.38440 0.51673
1403638613.2778294086 3.97155 8.25280 0.01579 -0.27419 0.71432 0.38456 0.51641
1403638613.3778295517 3.92901 8.17205 0.01514 -0.27343 0.71389 0.38508 0.51702
1403638613.4778294563 3.88247 8.08475 0.01066 -0.27404 0.71326 0.38403 0.51834
1403638613.5778295994 3.83809 8.00396 0.00162 -0.27319 0.71433 0.37963 0.52056
1403638613.6778295040 3.79252 7.92347 -0.01335 -0.27699 0.71465 0.37290 0.52297
1403638613.7778294086 3.74324 7.83575 -0.03672 -0.28058 0.71293 0.36533 0.52871
1403638613.8778295517 3.69653 7.74979 -0.06683 -0.27730 0.71470 0.35711 0.53365
1403638613.9778294563 3.64637 7.65326 -0.10221 -0.26950 0.72016 0.34685 0.53706
1403638614.0778295994 3.59728 7.55669 -0.14027 -0.25740 0.72758 0.33454 0.54080
1403638614.1778295040 3.54481 7.45458 -0.17865 -0.24264 0.73714 0.32101 0.54287
1403638614.2778294086 3.48975 7.34873 -0.21205 -0.23160 0.74531 0.30698 0.54465
1403638614.3778295517 3.43330 7.24365 -0.23983 -0.22299 0.75148 0.29711 0.54523
1403638614.4778294563 3.37554 7.13967 -0.25850 -0.21952 0.75574 0.28789 0.54571
1403638614.5778295994 3.31695 7.03311 -0.26889 -0.21560 0.75978 0.27927 0.54613
1403638614.6778295040 3.26170 6.92825 -0.27124 -0.21254 0.76438 0.26697 0.54707
1403638614.7778294086 3.20983 6.82333 -0.26131 -0.21098 0.77346 0.24985 0.54297
1403638614.8778295517 3.16096 6.71751 -0.24172 -0.20362 0.78375 0.23167 0.53907
1403638614.9778294563 3.11840 6.60988 -0.21537 -0.19049 0.79201 0.21198 0.53991
1403638615.0778295994 3.08219 6.49891 -0.18444 -0.17223 0.79829 0.19072 0.54469
1403638615.1778295040 3.05193 6.38537 -0.14826 -0.15030 0.80052 0.16832 0.55519
1403638615.2778294086 3.02490 6.26829 -0.10826 -0.12478 0.80169 0.14667 0.56587
1403638615.3778295517 2.99822 6.15140 -0.07210 -0.10310 0.80398 0.12097 0.57303
1403638615.4778294563 2.97156 6.03350 -0.04191 -0.08258 0.80565 0.09483 0.57889
1403638615.5778295994 2.94246 5.91359 -0.01919 -0.06540 0.80767 0.07024 0.58178
1403638615.6778295040 2.91187 5.79327 -0.00074 -0.05215 0.80883 0.05275 0.58334
1403638615.7778294086 2.88057 5.67553 0.02341 -0.04442 0.80947 0.04018 0.58409
1403638615.8778295517 2.84720 5.55888 0.05532 -0.03921 0.81010 0.02828 0.58430
1403638615.9778294563 2.81396 5.44295 0.08573 -0.03201 0.81105 0.01626 0.58387
1403638616.0778295994 2.77928 5.32499 0.10991 -0.02308 0.81103 0.00393 0.58454
1403638616.1778295040 2.74318 5.20518 0.12154 -0.01336 0.81150 -0.01025 0.58411
1403638616.2778294086 2.70596 5.08392 0.11567 -0.00281 0.81154 -0.02854 0.58360
1403638616.3778295517 2.66786 4.96012 0.09497 0.01033 0.81121 -0.04791 0.58269
1403638616.4778294563 2.62892 4.83632 0.06599 0.02079 0.81077 -0.06593 0.58127
1403638616.5778295994 2.59003 4.71387 0.03337 0.03004 0.81178 -0.07863 0.57787
1403638616.6778295040 2.55190 4.59240 -0.00344 0.03556 0.81593 -0.08867 0.57020
1403638616.7778294086 2.51439 4.47002 -0.04471 0.03193 0.82390 -0.09949 0.55702
1403638616.8778295517 2.48280 4.34716 -0.08662 0.02770 0.82933 -0.10670 0.54778
1403638616.9778294563 2.46008 4.22046 -0.12051 0.03332 0.82771 -0.10442 0.55034
1403638617.0778295994 2.44339 4.08794 -0.14392 0.03948 0.82438 -0.09934 0.55585
1403638617.1778295040 2.43023 3.95323 -0.15835 0.04596 0.82194 -0.09247 0.56013
1403638617.2778294086 2.42063 3.81871 -0.16734 0.04768 0.82468 -0.08812 0.55666
1403638617.3778295517 2.41629 3.68575 -0.17020 0.04728 0.82899 -0.08575 0.55063
1403638617.4778294563 2.41792 3.55576 -0.16411 0.04711 0.83203 -0.08297 0.54646
1403638617.5778295994 2.42605 3.42859 -0.14928 0.04723 0.83301 -0.08037 0.54534
1403638617.6778295040 2.44247 3.30619 -0.12529 0.04885 0.83194 -0.07667 0.54737
1403638617.7778294086 2.46070 3.18184 -0.09364 0.04935 0.83050 -0.07399 0.54987
1403638617.8778295517 2.49171 3.07086 -0.05362 0.05086 0.83080 -0.07099 0.54968
1403638617.9778294563 2.52838 2.96475 -0.01044 0.04941 0.82987 -0.07074 0.55124
1403638618.0778295994 2.56859 2.85869 0.02669 0.04908 0.82965 -0.06965 0.55174
1403638618.1778295040 2.61381 2.75596 0.05664 0.04707 0.82987 -0.06979 0.55156
1403638618.2778294086 2.65697 2.64710 0.08117 0.04764 0.82998 -0.06832 0.55153
1403638618.3778295517 2.71043 2.55264 0.10053 0.04793 0.82937 -0.06749 0.55253
1403638618.4778294563 2.76128 2.44893 0.11840 0.04775 0.82959 -0.06628 0.55237
1403638618.5778295994 2.82226 2.35729 0.13306 0.04932 0.82868 -0.06560 0.55367
1403638618.6778295040 2.88051 2.25649 0.14671 0.05319 0.82836 -0.06870 0.55342
1403638618.7778294086 2.94947 2.16847 0.16340 0.05607 0.82751 -0.07198 0.55399
1403638618.8778295517 3.02070 2.08174 0.18604 0.05940 0.82559 -0.07527 0.55607
1403638618.9778294563 3.09351 1.99548 0.21057 0.06579 0.82092 -0.08396 0.56099
1403638619.0778295994 3.16700 1.90968 0.22820 0.07792 0.81647 -0.09742 0.56376
1403638619.1778295040 3.24108 1.82534 0.23818 0.09159 0.81171 -0.11605 0.56503
1403638619.2778294086 3.31517 1.74494 0.24081 0.10559 0.80626 -0.13990 0.56500
1403638619.3778295517 3.38864 1.66696 0.23443 0.12173 0.80021 -0.16414 0.56383
1403638619.4778294563 3.46213 1.59222 0.22447 0.13228 0.79459 -0.18509 0.56292
1403638619.5778295994 3.53675 1.51966 0.21346 0.13883 0.78993 -0.20060 0.56258
1403638619.6778295040 3.61003 1.44920 0.19948 0.13521 0.78541 -0.21680 0.56377
1403638619.7778294086 3.68087 1.37891 0.18334 0.13172 0.78225 -0.22823 0.56449
1403638619.8778295517 3.74778 1.30683 0.16580 0.13154 0.77972 -0.23458 0.56543
1403638619.9778294563 3.80778 1.23243 0.14287 0.13291 0.77862 -0.23823 0.56510
1403638620.0778295994 3.86520 1.15591 0.12552 0.13535 0.77597 -0.23974 0.56752
1403638620.1778295040 3.91401 1.07579 0.11040 0.14023 0.77297 -0.23847 0.57096
1403638620.2778294086 3.95917 0.99534 0.10548 0.14305 0.77362 -0.23743 0.56980
1403638620.3778295517 3.99538 0.91285 0.10590 0.14573 0.77517 -0.23541 0.56785
1403638620.4778294563 4.02978 0.83071 0.11398 0.14688 0.77647 -0.23347 0.56659
1403638620.5778295994 4.05722 0.74683 0.12004 0.14643 0.77796 -0.23199 0.56526
1403638620.6778295040 4.08266 0.66244 0.12100 0.14344 0.78053 -0.23207 0.56244
1403638620.7778294086 4.10863 0.57696 0.11617 0.13976 0.78395 -0.23272 0.55833
1403638620.8778295517 4.12825 0.48986 0.10733 0.14281 0.78743 -0.22846 0.55440
1403638620.9778294563 4.14759 0.40241 0.09557 0.14744 0.78841 -0.22262 0.55417
1403638621.0778295994 4.17189 0.31194 0.08153 0.15142 0.78721 -0.21749 0.55684
1403638621.1778295040 4.18891 0.22630 0.07275 0.15030 0.78613 -0.21562 0.55940
1403638621.2778294086 4.21178 0.13807 0.07023 0.15078 0.78522 -0.21295 0.56157
1403638621.3778295517 4.22682 0.05740 0.07302 0.15245 0.78628 -0.21003 0.56072
1403638621.4778294563 4.24379 -0.01931 0.07150 0.15334 0.78464 -0.20789 0.56356
1403638621.5778295994 4.25710 -0.09402 0.06361 0.15356 0.78261 -0.20572 0.56711
1403638621.6778295040 4.26805 -0.16367 0.05101 0.15336 0.78171 -0.20468 0.56878
1403638621.7778294086 4.27745 -0.22655 0.03485 0.15457 0.78019 -0.20333 0.57102
1403638621.8778295517 4.28131 -0.28857 0.01470 0.15673 0.77686 -0.20131 0.57567
1403638621.9778294563 4.28214 -0.34298 -0.00828 0.15745 0.77436 -0.20056 0.57909
1403638622.0778295994 4.27939 -0.38606 -0.03459 0.15621 0.77391 -0.20166 0.57965
1403638622.1778295040 4.27020 -0.43091 -0.06463 0.15301 0.77475 -0.20367 0.57868
1403638622.2778294086 4.25721 -0.46946 -0.09048 0.15032 0.77394 -0.20606 0.57962
1403638622.3778295517 4.23938 -0.50411 -0.10878 0.15095 0.77487 -0.20672 0.57798
1403638622.4778294563 4.21626 -0.52425 -0.11593 0.15470 0.77577 -0.20528 0.57629
1403638622.5778295994 4.18993 -0.55524 -0.11970 0.15819 0.77563 -0.20401 0.57598
1403638622.6778295040 4.16094 -0.56782 -0.11126 0.16260 0.77167 -0.20215 0.58071
1403638622.7778294086 4.12474 -0.58719 -0.09486 0.16622 0.76057 -0.19999 0.59490
1403638622.8778295517 4.08815 -0.59487 -0.07212 0.16838 0.75583 -0.19929 0.60053
1403638622.9778294563 4.04247 -0.59707 -0.05232 0.16668 0.75953 -0.20200 0.59543
1403638623.0778295994 3.98586 -0.59408 -0.03960 0.16255 0.76579 -0.20600 0.58712
1403638623.1778295040 3.92318 -0.58362 -0.03189 0.15727 0.76946 -0.21009 0.58229
1403638623.2778294086 3.85640 -0.56493 -0.02882 0.15403 0.77268 -0.21278 0.57789
1403638623.3778295517 3.78435 -0.55234 -0.03054 0.15152 0.77516 -0.21472 0.57451
1403638623.4778294563 3.70980 -0.53274 -0.03607 0.15213 0.77684 -0.21475 0.57206
1403638623.5778295994 3.63238 -0.51727 -0.03998 0.15347 0.77702 -0.21409 0.57171
1403638623.6778295040 3.55194 -0.49824 -0.03570 0.15487 0.77753 -0.21363 0.57081
1403638623.7778294086 3.46698 -0.48031 -0.02514 0.15699 0.77855 -0.21349 0.56889
1403638623.8778295517 3.37820 -0.45915 -0.00945 0.15830 0.77967 -0.21368 0.56691
1403638623.9778294563 3.28691 -0.43568 0.00436 0.15979 0.78076 -0.21431 0.56475
1403638624.0778295994 3.19408 -0.41122 0.01389 0.15809 0.78089 -0.21713 0.56399
1403638624.1778295040 3.10034 -0.38620 0.01853 0.15568 0.78063 -0.21956 0.56407
1403638624.2778294086 3.00447 -0.35976 0.01735 0.15365 0.78013 -0.22219 0.56429
1403638624.3778295517 2.90936 -0.33386 0.01300 0.15329 0.77953 -0.22394 0.56453
1403638624.4778294563 2.81581 -0.30968 0.00681 0.15476 0.77933 -0.22421 0.56429
1403638624.5778295994 2.71661 -0.28402 -0.00613 0.15080 0.77072 -0.22838 0.57540
1403638624.6778295040 2.61527 -0.25923 -0.02135 0.15283 0.76662 -0.22579 0.58134
1403638624.7778294086 2.51489 -0.23560 -0.03219 0.15733 0.77326 -0.21632 0.57491
1403638624.8778295517 2.40470 -0.20645 -0.03652 0.15832 0.77986 -0.20856 0.56855
1403638624.9778294563 2.30414 -0.18011 -0.03305 0.15092 0.78334 -0.20668 0.56647
1403638625.0778295994 2.20314 -0.15333 -0.02838 0.14331 0.78451 -0.20578 0.56715
1403638625.1778295040 2.09229 -0.12205 -0.02857 0.13696 0.78542 -0.20606 0.56736
1403638625.2778294086 1.99052 -0.09773 -0.03163 0.13490 0.78646 -0.20452 0.56697
1403638625.3778295517 1.87963 -0.06989 -0.03701 0.13377 0.78667 -0.20351 0.56731
1403638625.4778294563 1.77740 -0.04883 -0.03523 0.13281 0.78623 -0.20309 0.56830
1403638625.5778295994 1.66665 -0.02371 -0.02891 0.13342 0.78682 -0.20242 0.56757
1403638625.6778295040 1.55832 -0.00151 -0.01478 0.13339 0.78845 -0.20247 0.56529
1403638625.7778294086 1.44998 0.01925 0.00219 0.13181 0.79292 -0.20388 0.55886
1403638625.8778295517 1.34055 0.04080 0.01307 0.13180 0.79549 -0.20451 0.55498
1403638625.9778294563 1.23412 0.05773 0.02048 0.13282 0.79590 -0.20466 0.55409
1403638626.0778295994 1.12943 0.07396 0.02137 0.13117 0.79706 -0.20656 0.55211
1403638626.1778295040 1.02931 0.08706 0.01781 0.13137 0.79743 -0.20698 0.55137
1403638626.2778294086 0.92952 0.09788 0.00981 0.13446 0.79604 -0.20550 0.55318
1403638626.3778295517 0.82912 0.10847 -0.00095 0.14253 0.79447 -0.20007 0.55540
1403638626.4778294563 0.73439 0.11817 -0.01550 0.14509 0.79338 -0.19781 0.55711
1403638626.5778295994 0.63997 0.12901 -0.03159 0.14555 0.79577 -0.19704 0.55384
1403638626.6778295040 0.55063 0.13945 -0.04652 0.14416 0.79766 -0.19761 0.55129
1403638626.7778294086 0.46481 0.15146 -0.05769 0.14121 0.80143 -0.19965 0.54581
1403638626.8778295517 0.38410 0.16196 -0.06105 0.14043 0.80417 -0.19963 0.54198
1403638626.9778294563 0.30917 0.17168 -0.05781 0.13968 0.80508 -0.19982 0.54075
1403638627.0778295994 0.23847 0.18048 -0.05576 0.13902 0.80520 -0.19945 0.54087
1403638627.1778295040 0.17647 0.18625 -0.05994 0.13829 0.80517 -0.19934 0.54116
1403638627.2778294086 0.11686 0.19113 -0.06523 0.13959 0.80528 -0.19800 0.54114
1403638627.3778295517 0.06374 0.19536 -0.07330 0.14169 0.80482 -0.19610 0.54197
1403638627.4778294563 0.01620 0.19889 -0.08460 0.14187 0.80524 -0.19584 0.54139
1403638627.5778295994 -0.02590 0.20193 -0.09779 0.14323 0.80413 -0.19536 0.54286
1403638627.6778295040 -0.05000 0.20214 -0.11566 0.14558 0.80124 -0.19443 0.54682
1403638627.7778294086 -0.08458 0.20542 -0.13063 0.14750 0.79944 -0.19342 0.54930
1403638627.8778295517 -0.11376 0.20998 -0.14714 0.14852 0.79878 -0.19340 0.54999
1403638627.9778294563 -0.14220 0.21578 -0.16357 0.14873 0.80072 -0.19367 0.54701
1403638628.0778295994 -0.14894 0.21997 -0.18412 0.14963 0.80187 -0.19407 0.54493
1403638628.1778295040 -0.17352 0.22810 -0.19680 0.15061 0.80239 -0.19462 0.54370
1403638628.2778294086 -0.18920 0.23685 -0.20873 0.15075 0.80256 -0.19534 0.54315
1403638628.3778295517 -0.18776 0.24352 -0.22172 0.14935 0.80307 -0.19693 0.54221
1403638628.4778294563 -0.19754 0.25422 -0.22711 0.14371 0.80001 -0.20136 0.54662
1403638628.5778295994 -0.20114 0.26406 -0.22925 0.13635 0.79253 -0.20651 0.55737
1403638628.6778295040 -0.20532 0.27295 -0.22999 0.13120 0.78824 -0.21021 0.56327
1403638628.7778294086 -0.18319 0.28007 -0.23298 0.13311 0.78952 -0.20974 0.56120
1403638628.8778295517 -0.18987 0.28561 -0.24119 0.13753 0.79029 -0.20705 0.56005
1403638628.9778294563 -0.19844 0.28924 -0.25316 0.14236 0.79114 -0.20417 0.55870
1403638629.0778295994 -0.20855 0.29389 -0.26322 0.14703 0.79249 -0.20084 0.55678
1403638629.1778295040 -0.21979 0.29726 -0.26960 0.14924 0.79379 -0.19884 0.55505
1403638629.2778294086 -0.23245 0.30491 -0.27476 0.14983 0.79413 -0.19810 0.55467
1403638629.3778295517 -0.24124 0.31253 -0.27796 0.15041 0.79717 -0.19839 0.55004
1403638629.4778294563 -0.24612 0.32120 -0.27942 0.14863 0.80147 -0.20050 0.54347
1403638629.5778295994 -0.24152 0.32741 -0.27883 0.14481 0.80430 -0.20349 0.53919
1403638629.6778295040 -0.23283 0.33176 -0.27613 0.13403 0.80172 -0.21161 0.54269
1403638629.7778294086 -0.22406 0.33431 -0.27257 0.12781 0.79581 -0.21647 0.55090
1403638629.8778295517 -0.21629 0.33416 -0.27293 0.12680 0.78931 -0.21763 0.55996
1403638629.9778294563 -0.21078 0.33051 -0.28143 0.13826 0.78417 -0.21039 0.56719
1403638630.0778295994 -0.20904 0.32644 -0.29995 0.14764 0.78097 -0.20402 0.57155
1403638630.1778295040 -0.20963 0.32411 -0.32852 0.15177 0.78394 -0.20081 0.56752
1403638630.2778294086 -0.21419 0.32345 -0.36286 0.15216 0.78851 -0.20042 0.56119
1403638630.3778295517 -0.21291 0.32583 -0.38883 0.14651 0.80782 -0.20279 0.53371
1403638630.4778294563 -0.20130 0.32543 -0.37768 0.14767 0.78998 -0.19985 0.56053
1403638630.5778295994 -0.19147 0.32498 -0.37914 0.14733 0.78919 -0.20092 0.56133
1403638630.6778295040 -0.18482 0.32453 -0.40147 0.14309 0.80830 -0.19930 0.53522
1403638630.7778294086 -0.18579 0.31747 -0.40443 0.14507 0.81551 -0.19398 0.52562
1403638630.8778295517 -0.19291 0.31759 -0.40909 0.14045 0.81416 -0.19490 0.52861
1403638630.9778294563 -0.19814 0.31834 -0.41216 0.14064 0.81402 -0.19512 0.52870
1403638631.0778295994 -0.20539 0.31957 -0.41618 0.14131 0.81411 -0.19465 0.52855
1403638631.1778295040 -0.21227 0.32042 -0.42010 0.14122 0.81413 -0.19488 0.52846
1403638631.2778294086 -0.21979 0.32146 -0.42359 0.14110 0.81419 -0.19487 0.52840
1403638631.3778295517 -0.22714 0.32243 -0.42679 0.14083 0.81426 -0.19507 0.52830
1403638631.4778294563 -0.23429 0.32333 -0.42974 0.14060 0.81418 -0.19534 0.52838
1403638631.5778295994 -0.24180 0.32419 -0.43270 0.14049 0.81416 -0.19542 0.52842
1403638631.6778295040 -0.24900 0.32476 -0.43547 0.14016 0.81413 -0.19583 0.52840
