1403638523.0778295994 0.02695 0.00456 0.33682 -0.07302 0.80747 0.01787 0.58510
1403638523.1778295040 0.02941 -0.00057 0.35198 -0.07280 0.80713 0.01833 0.58558
1403638523.2778294086 0.02746 -0.00842 0.33947 -0.06362 0.80485 0.01814 0.58978
1403638523.3778295517 0.02676 -0.01333 0.30801 -0.05913 0.80377 0.01725 0.59174
1403638523.4778294563 0.02532 -0.01878 0.26938 -0.05439 0.80737 0.01976 0.58720
1403638523.5778295994 0.01994 -0.02557 0.22162 -0.04742 0.81655 0.02411 0.57482
1403638523.6778295040 0.01418 -0.03098 0.17673 -0.04046 0.82589 0.02695 0.56173
1403638523.7778294086 0.00901 -0.03629 0.13111 -0.03690 0.83048 0.02985 0.55502
1403638523.8778295517 0.00289 -0.04149 0.08774 -0.03375 0.83111 0.03278 0.55411
1403638523.9778294563 -0.00460 -0.04792 0.05617 -0.02496 0.83121 0.03911 0.55402
1403638524.0778295994 -0.00804 -0.05117 0.04262 -0.01806 0.83434 0.04755 0.54889
1403638524.1778295040 -0.00936 -0.04983 0.05776 -0.01846 0.83892 0.05236 0.54142
1403638524.2778294086 -0.00269 -0.04681 0.12162 -0.02437 0.84032 0.05311 0.53893
1403638524.3778295517 0.00073 -0.04699 0.17760 -0.03381 0.83761 0.05148 0.54278
1403638524.4778294563 0.00741 -0.04616 0.23717 -0.04068 0.83111 0.04953 0.55241
1403638524.5778295994 0.01579 -0.04416 0.29559 -0.04370 0.82235 0.04801 0.56526
1403638524.6778295040 0.02472 -0.04145 0.34783 -0.03954 0.81599 0.04238 0.57515
1403638524.7778294086 0.03170 -0.03716 0.38646 -0.02664 0.81226 0.03717 0.58150
1403638524.8778295517 0.03648 -0.03282 0.41034 -0.02269 0.81082 0.03435 0.58385
1403638524.9778294563 0.03816 -0.02947 0.41756 -0.02906 0.80933 0.03655 0.58549
1403638525.0778295994 0.03890 -0.02827 0.40259 -0.02673 0.80669 0.03997 0.58901
1403638525.1778295040 0.03985 -0.02747 0.36739 -0.02438 0.80527 0.04452 0.59073
1403638525.2778294086 0.03837 -0.02847 0.32151 -0.02442 0.80792 0.04947 0.58670
1403638525.3778295517 0.03642 -0.02872 0.26668 -0.02693 0.81682 0.05438 0.57369
1403638525.4778294563 0.03207 -0.02835 0.21294 -0.03538 0.82903 0.05619 0.55525
1403638525.5778295994 0.02680 -0.03013 0.16839 -0.04162 0.83805 0.05566 0.54116
1403638525.6778295040 0.02358 -0.03254 0.13019 -0.04255 0.84099 0.05262 0.53680
1403638525.7778294086 0.02281 -0.03321 0.09934 -0.03961 0.83950 0.04669 0.53989
1403638525.8778295517 0.02337 -0.03542 0.07709 -0.03262 0.83600 0.04237 0.54612
1403638525.9778294563 0.02053 -0.04417 0.06523 -0.02419 0.83471 0.04118 0.54862
1403638526.0778295994 0.01782 -0.06419 0.06785 -0.01975 0.83644 0.03901 0.54631
1403638526.1778295040 0.01562 -0.09275 0.08578 -0.01772 0.83899 0.02981 0.54304
1403638526.2778294086 0.01163 -0.12839 0.10043 -0.01410 0.83811 0.02068 0.54492
1403638526.3778295517 0.00467 -0.16866 0.11571 -0.01167 0.83402 0.01201 0.55148
1403638526.4778294563 -0.00483 -0.21342 0.12857 -0.01030 0.82896 0.00098 0.55921
1403638526.5778295994 -0.01549 -0.26406 0.13741 -0.00891 0.82367 -0.00998 0.56691
1403638526.6778295040 -0.02794 -0.32293 0.14432 -0.00458 0.81854 -0.01825 0.57414
1403638526.7778294086 -0.04307 -0.38679 0.14925 0.00383 0.81547 -0.02366 0.57831
1403638526.8778295517 -0.05990 -0.45116 0.15228 0.01177 0.81473 -0.02683 0.57910
1403638526.9778294563 -0.07717 -0.51232 0.15460 0.01609 0.81779 -0.03321 0.57433
1403638527.0778295994 -0.09198 -0.57004 0.15761 0.02382 0.82225 -0.04632 0.56673
1403638527.1778295040 -0.10341 -0.62133 0.16272 0.03168 0.82399 -0.06149 0.56237
1403638527.2778294086 -0.11000 -0.66124 0.16877 0.04330 0.82104 -0.07523 0.56423
1403638527.3778295517 -0.11123 -0.68395 0.17429 0.05886 0.81590 -0.08397 0.56903
1403638527.4778294563 -0.10751 -0.68563 0.17732 0.06934 0.81226 -0.08841 0.57236
1403638527.5778295994 -0.09906 -0.66638 0.17701 0.07253 0.81155 -0.08971 0.57279
1403638527.6778295040 -0.08586 -0.62883 0.17509 0.07103 0.81205 -0.08631 0.57279
1403638527.7778294086 -0.07123 -0.58178 0.17300 0.06579 0.81344 -0.07925 0.57246
1403638527.8778295517 -0.05566 -0.52699 0.17385 0.05217 0.81659 -0.07467 0.56998
1403638527.9778294563 -0.03665 -0.46881 0.17767 0.04245 0.81748 -0.07017 0.57009
1403638528.0778295994 -0.01729 -0.41061 0.17968 0.03623 0.81624 -0.06317 0.57310
1403638528.1778295040 0.00287 -0.35532 0.17663 0.02713 0.81667 -0.05476 0.57386
1403638528.2778294086 0.02852 -0.30699 0.17215 0.01518 0.81816 -0.04459 0.57306
1403638528.3778295517 0.05849 -0.27033 0.16524 0.00851 0.81781 -0.03680 0.57424
1403638528.4778294563 0.09510 -0.24646 0.15994 0.01046 0.81706 -0.03368 0.57547
1403638528.5778295994 0.13242 -0.22938 0.15612 0.01230 0.81890 -0.03838 0.57252
1403638528.6778295040 0.16555 -0.21611 0.15409 0.01162 0.82003 -0.04629 0.57032
1403638528.7778294086 0.19307 -0.20789 0.15598 0.01713 0.81902 -0.05168 0.57117
1403638528.8778295517 0.20665 -0.20234 0.16201 0.01377 0.81789 -0.05941 0.57214
1403638528.9778294563 0.20839 -0.19455 0.17603 0.00741 0.81757 -0.06632 0.57195
1403638529.0778295994 0.18779 -0.18619 0.19147 0.00898 0.81836 -0.06783 0.57062
1403638529.1778295040 0.15838 -0.16913 0.20086 0.02628 0.81921 -0.06112 0.56962
1403638529.2778294086 0.12345 -0.14726 0.19964 0.03827 0.82107 -0.05531 0.56685
1403638529.3778295517 0.09266 -0.12109 0.19026 0.04268 0.82632 -0.05124 0.55923
1403638529.4778294563 0.06346 -0.10137 0.16956 0.04144 0.83638 -0.04914 0.54437
1403638529.5778295994 0.03978 -0.08634 0.14526 0.03924 0.84658 -0.04663 0.52876
1403638529.6778295040 0.02274 -0.07476 0.12035 0.04075 0.85045 -0.04395 0.52262
1403638529.7778294086 0.01259 -0.06437 0.09734 0.04033 0.84690 -0.04337 0.52844
1403638529.8778295517 0.00823 -0.05628 0.07661 0.03926 0.84052 -0.04447 0.53853
1403638529.9778294563 0.00915 -0.05189 0.06267 0.03901 0.83792 -0.04472 0.54256
1403638530.0778295994 0.01924 -0.05221 0.05513 0.03980 0.83934 -0.04544 0.54024
1403638530.1778295040 0.03251 -0.05364 0.04713 0.04097 0.84097 -0.05003 0.53720
1403638530.2778294086 0.04752 -0.05598 0.03718 0.04334 0.84039 -0.05616 0.53732
1403638530.3778295517 0.06075 -0.05993 0.02730 0.04605 0.83962 -0.06145 0.53772
1403638530.4778294563 0.07245 -0.06425 0.01975 0.04648 0.83927 -0.06541 0.53776
1403638530.5778295994 0.08018 -0.06893 0.01418 0.04588 0.83917 -0.06881 0.53755
1403638530.6778295040 0.08450 -0.07261 0.00912 0.04711 0.84205 -0.07113 0.53262
1403638530.7778294086 0.08759 -0.07495 0.00359 0.04719 0.84539 -0.07280 0.52705
1403638530.8778295517 0.09008 -0.07643 -0.00127 0.04529 0.84602 -0.07221 0.52629
1403638530.9778294563 0.09114 -0.07683 -0.00407 0.04410 0.84380 -0.07217 0.52995
1403638531.0778295994 0.09123 -0.07646 -0.00601 0.04490 0.84038 -0.07074 0.53548
1403638531.1778295040 0.09103 -0.07467 -0.00513 0.04559 0.83826 -0.06856 0.53902
1403638531.2778294086 0.09148 -0.07362 -0.00664 0.04837 0.83707 -0.06716 0.54080
1403638531.3778295517 0.09136 -0.07281 -0.00692 0.04831 0.83583 -0.06731 0.54270
1403638531.4778294563 0.09116 -0.07318 -0.00676 0.04850 0.83475 -0.06767 0.54429
1403638531.5778295994 0.09100 -0.07324 -0.00688 0.04908 0.83507 -0.06658 0.54389
1403638531.6778295040 0.09097 -0.07302 -0.00698 0.04833 0.83514 -0.06717 0.54378
1403638531.7778294086 0.09106 -0.07308 -0.00697 0.04868 0.83505 -0.06721 0.54388
1403638531.8778295517 0.09101 -0.07310 -0.00699 0.04882 0.83509 -0.06709 0.54382
1403638531.9778294563 0.09105 -0.07315 -0.00700 0.04903 0.83506 -0.06710 0.54385
1403638532.0778295994 0.09105 -0.07317 -0.00703 0.04917 0.83504 -0.06697 0.54388
1403638532.1778295040 0.09107 -0.07314 -0.00705 0.04909 0.83502 -0.06703 0.54392
1403638532.2778294086 0.09108 -0.07311 -0.00705 0.04896 0.83499 -0.06720 0.54395
1403638532.3778295517 0.09108 -0.07309 -0.00706 0.04886 0.83496 -0.06721 0.54400
1403638532.4778294563 0.09109 -0.07309 -0.00706 0.04879 0.83493 -0.06729 0.54404
1403638532.5778295994 0.09108 -0.07308 -0.00708 0.04880 0.83494 -0.06732 0.54402
1403638532.6778295040 0.09112 -0.07311 -0.00707 0.04886 0.83491 -0.06730 0.54407
1403638532.7778294086 0.09109 -0.07312 -0.00708 0.04896 0.83493 -0.06719 0.54405
1403638532.8778295517 0.09109 -0.07311 -0.00707 0.04902 0.83491 -0.06720 0.54406
1403638532.9778294563 0.09110 -0.07312 -0.00706 0.04901 0.83488 -0.06719 0.54411
1403638533.0778295994 0.09108 -0.07312 -0.00707 0.04902 0.83488 -0.06721 0.54410
1403638533.1778295040 0.09110 -0.07312 -0.00708 0.04900 0.83484 -0.06725 0.54417
1403638533.2778294086 0.09109 -0.07312 -0.00709 0.04899 0.83482 -0.06727 0.54419
1403638533.3778295517 0.09109 -0.07312 -0.00709 0.04904 0.83481 -0.06724 0.54421
1403638533.4778294563 0.09110 -0.07314 -0.00708 0.04902 0.83480 -0.06725 0.54423
1403638533.5778295994 0.09108 -0.07312 -0.00709 0.04901 0.83480 -0.06727 0.54423
1403638533.6778295040 0.09109 -0.07312 -0.00709 0.04899 0.83478 -0.06732 0.54426
1403638533.7778294086 0.09108 -0.07312 -0.00709 0.04901 0.83476 -0.06735 0.54427
1403638533.8778295517 0.09109 -0.07308 -0.00711 0.04880 0.83481 -0.06709 0.54426
1403638533.9778294563 0.09112 -0.07313 -0.00712 0.04895 0.83480 -0.06733 0.54423
1403638534.0778295994 0.09104 -0.07314 -0.00712 0.04936 0.83472 -0.06771 0.54426
1403638534.1778295040 0.09106 -0.07316 -0.00708 0.04900 0.83477 -0.06753 0.54424
1403638534.2778294086 0.09106 -0.07309 -0.00705 0.04876 0.83486 -0.06741 0.54414
1403638534.3778295517 0.09108 -0.07308 -0.00706 0.04879 0.83486 -0.06745 0.54413
1403638534.4778294563 0.09112 -0.07313 -0.00713 0.04896 0.83487 -0.06774 0.54406
1403638534.5778295994 0.09115 -0.07310 -0.00713 0.04883 0.83497 -0.06744 0.54396
1403638534.6778295040 0.09116 -0.07305 -0.00711 0.04865 0.83498 -0.06724 0.54399
1403638534.7778294086 0.09115 -0.07309 -0.00710 0.04876 0.83498 -0.06716 0.54399
1403638534.8778295517 0.09115 -0.07313 -0.00712 0.04906 0.83492 -0.06734 0.54403
1403638534.9778294563 0.09113 -0.07317 -0.00711 0.04914 0.83496 -0.06739 0.54396
1403638535.0778295994 0.09112 -0.07317 -0.00710 0.04902 0.83502 -0.06739 0.54388
1403638535.1778295040 0.09113 -0.07317 -0.00711 0.04894 0.83499 -0.06743 0.54393
1403638535.2778294086 0.09112 -0.07316 -0.00711 0.04887 0.83499 -0.06742 0.54393
1403638535.3778295517 0.09111 -0.07314 -0.00708 0.04892 0.83500 -0.06739 0.54392
1403638535.4778294563 0.09111 -0.07315 -0.00707 0.04901 0.83500 -0.06740 0.54390
1403638535.5778295994 0.09112 -0.07314 -0.00707 0.04898 0.83502 -0.06735 0.54388
1403638535.6778295040 0.09112 -0.07314 -0.00708 0.04893 0.83501 -0.06739 0.54390
1403638535.7778294086 0.09111 -0.07315 -0.00709 0.04898 0.83500 -0.06739 0.54391
1403638535.8778295517 0.09112 -0.07315 -0.00708 0.04889 0.83502 -0.06734 0.54390
1403638535.9778294563 0.09110 -0.07314 -0.00707 0.04885 0.83507 -0.06734 0.54382
1403638536.0778295994 0.09111 -0.07314 -0.00708 0.04883 0.83502 -0.06740 0.54389
1403638536.1778295040 0.09111 -0.07315 -0.00707 0.04883 0.83501 -0.06742 0.54390
1403638536.2778294086 0.09110 -0.07315 -0.00707 0.04887 0.83503 -0.06738 0.54388
1403638536.3778295517 0.09111 -0.07316 -0.00707 0.04890 0.83499 -0.06740 0.54393
1403638536.4778294563 0.09110 -0.07315 -0.00707 0.04890 0.83499 -0.06738 0.54393
1403638536.5778295994 0.09110 -0.07316 -0.00707 0.04882 0.83500 -0.06739 0.54392
1403638536.6778295040 0.09109 -0.07316 -0.00707 0.04882 0.83501 -0.06737 0.54391
1403638536.7778294086 0.09108 -0.07315 -0.00709 0.04887 0.83498 -0.06742 0.54394
1403638536.8778295517 0.09108 -0.07316 -0.00710 0.04879 0.83493 -0.06750 0.54401
1403638536.9778294563 0.09108 -0.07316 -0.00709 0.04873 0.83497 -0.06755 0.54396
1403638537.0778295994 0.09110 -0.07314 -0.00707 0.04874 0.83498 -0.06746 0.54396
1403638537.1778295040 0.09110 -0.07313 -0.00707 0.04889 0.83493 -0.06744 0.54401
1403638537.2778294086 0.09110 -0.07314 -0.00704 0.04902 0.83496 -0.06738 0.54396
1403638537.3778295517 0.09110 -0.07315 -0.00706 0.04902 0.83495 -0.06737 0.54398
1403638537.4778294563 0.09111 -0.07314 -0.00706 0.04898 0.83494 -0.06736 0.54400
1403638537.5778295994 0.09110 -0.07313 -0.00702 0.04903 0.83499 -0.06726 0.54394
1403638537.6778295040 0.09112 -0.07314 -0.00698 0.04909 0.83501 -0.06727 0.54389
1403638537.7778294086 0.09111 -0.07313 -0.00699 0.04904 0.83498 -0.06730 0.54394
1403638537.8778295517 0.09114 -0.07313 -0.00697 0.04916 0.83498 -0.06721 0.54394
1403638537.9778294563 0.09112 -0.07313 -0.00695 0.04920 0.83496 -0.06734 0.54396
1403638538.0778295994 0.09112 -0.07312 -0.00692 0.04917 0.83495 -0.06734 0.54398
1403638538.1778295040 0.09112 -0.07313 -0.00692 0.04920 0.83493 -0.06732 0.54401
1403638538.2778294086 0.09121 -0.07311 -0.00694 0.04921 0.83490 -0.06721 0.54407
1403638538.3778295517 0.09116 -0.07313 -0.00690 0.04938 0.83486 -0.06720 0.54411
1403638538.4778294563 0.09114 -0.07313 -0.00683 0.04936 0.83488 -0.06717 0.54408
1403638538.5778295994 0.09118 -0.07313 -0.00679 0.04958 0.83486 -0.06719 0.54409
1403638538.6778295040 0.09117 -0.07312 -0.00675 0.04939 0.83469 -0.06727 0.54436
1403638538.7778294086 0.09127 -0.07317 -0.00642 0.04921 0.83393 -0.06706 0.54557
1403638538.8778295517 0.09270 -0.07278 -0.00603 0.04846 0.83294 -0.06650 0.54721
1403638538.9778294563 0.09609 -0.07264 -0.00354 0.04931 0.82826 -0.06569 0.55429
1403638539.0778295994 0.10020 -0.07254 0.00009 0.05092 0.82264 -0.06708 0.56229
1403638539.1778295040 0.10803 -0.07271 0.00761 0.05019 0.81738 -0.06739 0.56993
1403638539.2778294086 0.11690 -0.07284 0.02286 0.04997 0.81372 -0.06654 0.57527
1403638539.3778295517 0.12531 -0.07295 0.04574 0.04951 0.81467 -0.06601 0.57402
1403638539.4778294563 0.13446 -0.07381 0.07477 0.04908 0.81675 -0.06502 0.57121
1403638539.5778295994 0.14439 -0.07522 0.10651 0.04873 0.81775 -0.06369 0.56997
1403638539.6778295040 0.15518 -0.07657 0.13308 0.04710 0.81838 -0.06329 0.56923
1403638539.7778294086 0.16509 -0.07732 0.14863 0.04750 0.81967 -0.06153 0.56753
1403638539.8778295517 0.17707 -0.07763 0.15684 0.04661 0.82225 -0.06101 0.56393
1403638539.9778294563 0.19239 -0.07774 0.16354 0.04484 0.82684 -0.06084 0.55733
1403638540.0778295994 0.21179 -0.07930 0.16999 0.04456 0.83276 -0.06085 0.54847
1403638540.1778295040 0.23586 -0.08123 0.17637 0.04423 0.83672 -0.06069 0.54246
1403638540.2778294086 0.26888 -0.08142 0.19262 0.04493 0.83255 -0.05934 0.54892
1403638540.3778295517 0.30717 -0.08408 0.19828 0.04575 0.82652 -0.05719 0.55813
1403638540.4778294563 0.34928 -0.08565 0.20434 0.04261 0.82434 -0.05115 0.56216
1403638540.5778295994 0.39587 -0.08618 0.20962 0.03541 0.82481 -0.03971 0.56290
1403638540.6778295040 0.44550 -0.08626 0.21503 0.02710 0.82527 -0.02256 0.56364
1403638540.7778294086 0.49646 -0.08388 0.21985 0.01923 0.82479 0.00142 0.56511
1403638540.8778295517 0.54908 -0.07862 0.22362 0.00892 0.82454 0.02939 0.56498
1403638540.9778294563 0.60205 -0.06848 0.22580 -0.00481 0.82339 0.05567 0.56472
1403638541.0778295994 0.65545 -0.05462 0.22541 -0.01859 0.82150 0.07517 0.56493
1403638541.1778295040 0.71059 -0.03775 0.22010 -0.02840 0.81992 0.08850 0.56488
1403638541.2778294086 0.76752 -0.01599 0.21249 -0.03353 0.81924 0.09731 0.56415
1403638541.3778295517 0.82521 0.01074 0.21227 -0.03655 0.81909 0.10095 0.56352
1403638541.4778294563 0.88135 0.04219 0.21780 -0.03778 0.81888 0.10123 0.56370
1403638541.5778295994 0.93733 0.07977 0.22921 -0.03709 0.81745 0.10185 0.56571
1403638541.6778295040 0.99577 0.12484 0.24953 -0.04130 0.81579 0.10492 0.56724
1403638541.7778294086 1.05265 0.17477 0.27456 -0.05126 0.81455 0.11053 0.56715
1403638541.8778295517 1.10603 0.22989 0.30797 -0.06319 0.81329 0.11947 0.56595
1403638541.9778294563 1.15792 0.28726 0.33799 -0.07494 0.81238 0.13376 0.56261
1403638542.0778295994 1.20722 0.34559 0.36149 -0.08885 0.81048 0.15074 0.55902
1403638542.1778295040 1.25611 0.40529 0.37911 -0.10414 0.80690 0.17059 0.55585
1403638542.2778294086 1.30280 0.46565 0.39017 -0.11892 0.80321 0.19381 0.55059
1403638542.3778295517 1.35057 0.52766 0.39826 -0.13251 0.79575 0.21559 0.55022
1403638542.4778294563 1.39789 0.58990 0.40388 -0.13863 0.78231 0.23604 0.55952
1403638542.5778295994 1.44320 0.65315 0.40711 -0.13479 0.77028 0.25471 0.56888
1403638542.6778295040 1.48338 0.72089 0.41186 -0.13559 0.76676 0.26419 0.56912
1403638542.7778294086 1.51524 0.79297 0.42339 -0.14494 0.77066 0.26319 0.56196
1403638542.8778295517 1.54037 0.86839 0.44191 -0.15212 0.77579 0.26021 0.55435
1403638542.9778294563 1.56179 0.94663 0.46756 -0.15664 0.78016 0.25720 0.54832
1403638543.0778295994 1.58048 1.02552 0.49531 -0.15972 0.78354 0.25425 0.54398
1403638543.1778295040 1.59988 1.10647 0.51794 -0.16018 0.78461 0.25193 0.54338
1403638543.2778294086 1.61457 1.18468 0.53672 -0.16067 0.78474 0.24973 0.54406
1403638543.3778295517 1.63461 1.26779 0.54697 -0.16031 0.78577 0.24888 0.54307
1403638543.4778294563 1.65433 1.35139 0.55391 -0.16280 0.78470 0.25345 0.54176
1403638543.5778295994 1.66501 1.42930 0.56130 -0.16829 0.78168 0.26473 0.53906
1403638543.6778295040 1.67659 1.51027 0.56436 -0.17550 0.77608 0.28252 0.53580
1403638543.7778294086 1.68797 1.59351 0.56940 -0.18594 0.76816 0.30394 0.53196
1403638543.8778295517 1.70031 1.67946 0.58216 -0.19775 0.75825 0.32647 0.52855
1403638543.9778294563 1.71360 1.76781 0.60130 -0.21195 0.74989 0.34482 0.52330
1403638544.0778295994 1.72706 1.85757 0.62453 -0.22703 0.74597 0.35612 0.51494
1403638544.1778295040 1.74183 1.94816 0.64719 -0.23761 0.74286 0.36270 0.51005
1403638544.2778294086 1.75879 2.04195 0.66347 -0.24454 0.74025 0.36616 0.50809
1403638544.3778295517 1.77743 2.13808 0.67345 -0.24617 0.73960 0.36876 0.50637
1403638544.4778294563 1.79792 2.23560 0.68102 -0.24533 0.74015 0.36986 0.50518
1403638544.5778295994 1.82172 2.33563 0.68601 -0.24717 0.73749 0.36905 0.50874
1403638544.6778295040 1.84356 2.43611 0.70022 -0.25220 0.73097 0.36847 0.51605
1403638544.7778294086 1.86702 2.53509 0.71485 -0.25349 0.73018 0.36943 0.51586
1403638544.8778295517 1.88461 2.62778 0.73171 -0.25162 0.73341 0.37165 0.51057
1403638544.9778294563 1.90752 2.72553 0.73985 -0.25178 0.73429 0.37230 0.50874
1403638545.0778295994 1.93064 2.82195 0.74243 -0.25330 0.73305 0.37223 0.50982
1403638545.1778295040 1.94470 2.90509 0.74311 -0.25307 0.73261 0.37324 0.50983
1403638545.2778294086 1.96849 3.00205 0.73325 -0.25231 0.73205 0.37483 0.50984
1403638545.3778295517 1.99167 3.09572 0.71933 -0.25413 0.72935 0.37398 0.51342
1403638545.4778294563 2.00367 3.17119 0.70596 -0.25637 0.72916 0.37485 0.51194
1403638545.5778295994 2.02472 3.26698 0.69105 -0.26058 0.72702 0.38147 0.50796
1403638545.6778295040 2.03694 3.34428 0.68674 -0.26955 0.72147 0.39297 0.50240
1403638545.7778294086 2.05110 3.42411 0.68881 -0.27853 0.71380 0.40952 0.49518
1403638545.8778295517 2.06743 3.51149 0.69755 -0.28958 0.70332 0.42913 0.48717
1403638545.9778294563 2.08433 3.59942 0.71310 -0.29954 0.69104 0.45122 0.47868
1403638546.0778295994 2.10226 3.68849 0.73166 -0.30611 0.67921 0.47029 0.47307
1403638546.1778295040 2.12198 3.78316 0.74484 -0.31389 0.67061 0.48270 0.46771
1403638546.2778294086 2.14063 3.88014 0.75068 -0.31897 0.66594 0.49034 0.46298
1403638546.3778295517 2.15895 3.97980 0.75130 -0.32534 0.66443 0.49255 0.45834
1403638546.4778294563 2.17625 4.07951 0.74649 -0.32813 0.66409 0.49381 0.45548
1403638546.5778295994 2.19303 4.18082 0.74153 -0.32917 0.66209 0.49702 0.45416
1403638546.6778295040 2.20966 4.28665 0.74119 -0.33275 0.65735 0.50292 0.45192
1403638546.7778294086 2.22421 4.39119 0.75197 -0.33519 0.65288 0.50860 0.45025
1403638546.8778295517 2.23820 4.50112 0.77140 -0.33577 0.64937 0.51345 0.44939
1403638546.9778294563 2.25281 4.60340 0.78754 -0.33481 0.64596 0.51803 0.44977
1403638547.0778295994 2.26625 4.72052 0.79792 -0.33277 0.64352 0.52133 0.45095
1403638547.1778295040 2.27391 4.83961 0.80060 -0.32952 0.64168 0.52442 0.45239
1403638547.2778294086 2.28061 4.96050 0.80080 -0.32753 0.64033 0.52589 0.45403
1403638547.3778295517 2.27933 5.08529 0.79473 -0.33043 0.64194 0.52347 0.45245
1403638547.4778294563 2.27808 5.21088 0.78812 -0.33503 0.64511 0.51968 0.44892
1403638547.5778295994 2.27471 5.33715 0.77637 -0.33809 0.64858 0.51619 0.44564
1403638547.6778295040 2.26480 5.45984 0.75583 -0.33848 0.64990 0.51438 0.44550
1403638547.7778294086 2.25880 5.58974 0.73395 -0.33630 0.64933 0.51488 0.44741
1403638547.8778295517 2.24482 5.70818 0.70440 -0.33254 0.64655 0.51682 0.45198
1403638547.9778294563 2.23408 5.84216 0.67984 -0.33265 0.64646 0.51714 0.45167
1403638548.0778295994 2.21357 5.95646 0.65843 -0.33530 0.64612 0.51927 0.44773
1403638548.1778295040 2.19802 6.10342 0.65044 -0.33971 0.64248 0.52473 0.44326
1403638548.2778294086 2.17313 6.23086 0.64807 -0.34633 0.63625 0.53319 0.43698
1403638548.3778295517 2.14792 6.36296 0.65591 -0.35397 0.62707 0.54465 0.42994
1403638548.4778294563 2.12368 6.49420 0.67196 -0.36221 0.61763 0.55536 0.42297
1403638548.5778295994 2.10045 6.63325 0.68722 -0.36882 0.60984 0.56331 0.41804
1403638548.6778295040 2.07792 6.76899 0.69928 -0.37374 0.60443 0.56875 0.41413
1403638548.7778294086 2.05521 6.90701 0.70971 -0.37657 0.60059 0.57273 0.41166
1403638548.8778295517 2.03174 7.04680 0.72581 -0.37794 0.59847 0.57537 0.40981
1403638548.9778294563 2.00814 7.18595 0.74986 -0.37942 0.59738 0.57629 0.40874
1403638549.0778295994 1.98382 7.33448 0.77494 -0.37996 0.59711 0.57672 0.40802
1403638549.1778295040 1.95947 7.46988 0.81096 -0.38128 0.59694 0.57576 0.40840
1403638549.2778294086 1.93497 7.61982 0.84797 -0.38202 0.59779 0.57478 0.40784
1403638549.3778295517 1.91038 7.75745 0.89451 -0.38442 0.59918 0.57239 0.40691
1403638549.4778294563 1.88581 7.91129 0.93293 -0.38629 0.60060 0.57025 0.40605
1403638549.5778295994 1.86204 8.05104 0.97161 -0.38780 0.60055 0.56851 0.40712
1403638549.6778295040 1.83923 8.20810 1.00011 -0.38913 0.60000 0.56701 0.40875
1403638549.7778294086 1.81840 8.34727 1.03429 -0.38767 0.60011 0.56750 0.40930
1403638549.8778295517 1.79828 8.50335 1.06987 -0.38672 0.60162 0.56764 0.40779
1403638549.9778294563 1.77802 8.64907 1.11891 -0.38650 0.60247 0.56761 0.40678
1403638550.0778295994 1.75999 8.81203 1.17138 -0.38679 0.60281 0.56736 0.40635
1403638550.1778295040 1.74490 8.95861 1.23577 -0.38771 0.60325 0.56716 0.40510
1403638550.2778294086 1.73123 9.12412 1.30323 -0.38723 0.60280 0.56805 0.40498
1403638550.3778295517 1.71929 9.27326 1.37681 -0.38740 0.60177 0.56839 0.40586
1403638550.4778294563 1.70832 9.44225 1.44048 -0.39016 0.60232 0.56689 0.40450
1403638550.5778295994 1.70220 9.59044 1.49840 -0.39425 0.60291 0.56446 0.40306
1403638550.6778295040 1.69924 9.73667 1.55060 -0.39929 0.60118 0.56104 0.40544
1403638550.7778294086 1.69970 9.88102 1.59827 -0.40241 0.60033 0.55880 0.40670
1403638550.8778295517 1.70414 10.02980 1.64263 -0.40839 0.59643 0.55459 0.41220
1403638550.9778294563 1.71021 10.17887 1.68282 -0.41409 0.59212 0.55016 0.41862
1403638551.0778295994 1.71862 10.31514 1.71761 -0.41784 0.58953 0.54728 0.42233
1403638551.1778295040 1.72982 10.44555 1.75259 -0.42236 0.58988 0.54448 0.42094
1403638551.2778294086 1.74550 10.56926 1.79168 -0.42315 0.59155 0.54334 0.41927
1403638551.3778295517 1.76751 10.69108 1.83751 -0.41856 0.59919 0.54022 0.41706
1403638551.4778294563 1.79606 10.79705 1.87599 -0.41133 0.61155 0.53073 0.41850
1403638551.5778295994 1.83252 10.90587 1.91192 -0.40530 0.62639 0.51425 0.42297
1403638551.6778295040 1.87523 11.00501 1.94081 -0.39869 0.64308 0.49557 0.42651
1403638551.7778294086 1.92716 11.10320 1.96524 -0.38963 0.65691 0.47690 0.43499
1403638551.8778295517 1.98751 11.19598 1.98552 -0.37961 0.66723 0.46117 0.44499
1403638551.9778294563 2.05548 11.27984 2.00866 -0.36773 0.67042 0.45339 0.45798
1403638552.0778295994 2.12862 11.35239 2.03884 -0.35820 0.67179 0.44829 0.46843
1403638552.1778295040 2.20456 11.41517 2.07363 -0.35246 0.67658 0.44510 0.46893
1403638552.2778294086 2.28379 11.47196 2.11401 -0.34844 0.68050 0.44402 0.46728
1403638552.3778295517 2.36584 11.52293 2.15366 -0.35053 0.68146 0.44115 0.46705
1403638552.4778294563 2.45292 11.57508 2.18794 -0.35775 0.67769 0.43570 0.47215
1403638552.5778295994 2.54235 11.61022 2.21755 -0.36330 0.67385 0.43229 0.47651
1403638552.6778295040 2.63491 11.63802 2.24087 -0.36392 0.67151 0.43354 0.47820
1403638552.7778294086 2.73060 11.65680 2.25764 -0.36336 0.67085 0.43579 0.47751
1403638552.8778295517 2.83106 11.67472 2.26911 -0.36123 0.66951 0.43976 0.47738
1403638552.9778294563 2.93194 11.67729 2.27671 -0.35688 0.66719 0.44581 0.47828
1403638553.0778295994 3.03667 11.68228 2.27849 -0.35318 0.66499 0.45122 0.47900
1403638553.1778295040 3.13700 11.67367 2.27793 -0.35860 0.66104 0.44997 0.48162
1403638553.2778294086 3.24224 11.66670 2.27827 -0.36580 0.65523 0.44683 0.48704
1403638553.3778295517 3.34248 11.64364 2.28307 -0.36732 0.64997 0.44773 0.49209
1403638553.4778294563 3.44202 11.61143 2.29320 -0.36366 0.64452 0.45132 0.49865
1403638553.5778295994 3.53988 11.56968 2.30982 -0.36045 0.64025 0.45434 0.50371
1403638553.6778295040 3.63579 11.51602 2.33023 -0.35817 0.63934 0.45668 0.50438
1403638553.7778294086 3.72724 11.45106 2.35910 -0.35627 0.63988 0.45856 0.50333
1403638553.8778295517 3.81033 11.37531 2.39280 -0.35404 0.64174 0.46001 0.50122
1403638553.9778294563 3.89401 11.29769 2.43107 -0.35327 0.64488 0.46037 0.49738
1403638554.0778295994 3.96698 11.20655 2.45962 -0.35178 0.64822 0.46121 0.49331
1403638554.1778295040 4.04555 11.12110 2.49042 -0.34683 0.65129 0.46479 0.48940
1403638554.2778294086 4.11589 11.02302 2.50697 -0.33901 0.65726 0.47051 0.48135
1403638554.3778295517 4.18794 10.93291 2.52652 -0.33303 0.66069 0.47496 0.47644
1403638554.4778294563 4.25565 10.84225 2.54212 -0.33028 0.66223 0.47705 0.47412
1403638554.5778295994 4.31922 10.75216 2.55314 -0.33131 0.66318 0.47665 0.47247
1403638554.6778295040 4.38162 10.65815 2.56122 -0.33730 0.66536 0.47285 0.46898
1403638554.7778294086 4.44164 10.56968 2.57835 -0.34211 0.66608 0.46952 0.46781
1403638554.8778295517 4.50464 10.47761 2.59761 -0.34520 0.66618 0.46756 0.46735
1403638554.9778294563 4.56885 10.38628 2.61813 -0.34776 0.66684 0.46436 0.46772
1403638555.0778295994 4.63295 10.30221 2.63505 -0.34395 0.67012 0.45990 0.47024
1403638555.1778295040 4.70018 10.20683 2.64199 -0.33733 0.67611 0.45311 0.47305
1403638555.2778294086 4.76853 10.12278 2.64946 -0.33106 0.68236 0.44489 0.47631
1403638555.3778295517 4.83988 10.03389 2.65109 -0.32385 0.68557 0.44005 0.48111
1403638555.4778294563 4.91202 9.94237 2.64783 -0.31798 0.68767 0.43689 0.48490
1403638555.5778295994 4.98476 9.84973 2.64299 -0.31559 0.68899 0.43418 0.48701
1403638555.6778295040 5.05742 9.75608 2.64379 -0.31498 0.69073 0.43248 0.48646
1403638555.7778294086 5.12866 9.66073 2.65366 -0.31403 0.69194 0.43262 0.48523
1403638555.8778295517 5.19890 9.56258 2.67122 -0.31336 0.69197 0.43360 0.48475
1403638555.9778294563 5.26987 9.47143 2.69533 -0.31199 0.69074 0.43527 0.48589
1403638556.0778295994 5.34203 9.37912 2.72304 -0.31045 0.69088 0.43661 0.48547
1403638556.1778295040 5.41300 9.29565 2.74704 -0.30948 0.69537 0.43704 0.47925
1403638556.2778294086 5.48648 9.20797 2.76410 -0.30807 0.69869 0.43802 0.47441
1403638556.3778295517 5.55899 9.13466 2.77810 -0.30667 0.70099 0.43867 0.47130
1403638556.4778294563 5.63703 9.05184 2.78892 -0.30436 0.70410 0.43992 0.46698
1403638556.5778295994 5.71268 8.99248 2.80186 -0.30369 0.70726 0.43938 0.46314
1403638556.6778295040 5.79139 8.93865 2.81543 -0.31101 0.70988 0.43316 0.46013
1403638556.7778294086 5.87696 8.87251 2.83666 -0.31753 0.70661 0.42846 0.46509
1403638556.8778295517 5.96139 8.82543 2.86527 -0.32303 0.70521 0.42407 0.46743
1403638556.9778294563 6.05044 8.78066 2.89711 -0.32619 0.70388 0.42138 0.46967
1403638557.0778295994 6.14535 8.73553 2.92259 -0.32458 0.70259 0.42272 0.47152
1403638557.1778295040 6.24593 8.68897 2.94076 -0.32282 0.70113 0.42424 0.47352
1403638557.2778294086 6.34990 8.64078 2.95259 -0.32163 0.70017 0.42531 0.47480
1403638557.3778295517 6.45963 8.59022 2.95982 -0.31907 0.69904 0.42746 0.47626
1403638557.4778294563 6.57114 8.54018 2.96928 -0.31346 0.69613 0.43190 0.48021
1403638557.5778295994 6.68264 8.48987 2.98465 -0.30886 0.69381 0.43508 0.48367
1403638557.6778295040 6.79365 8.44032 3.00471 -0.30626 0.69269 0.43701 0.48518
1403638557.7778294086 6.90351 8.39119 3.02769 -0.30621 0.69239 0.43669 0.48594
1403638557.8778295517 7.01296 8.34103 3.04543 -0.30328 0.69239 0.43808 0.48652
1403638557.9778294563 7.12049 8.29165 3.05768 -0.30048 0.69368 0.43966 0.48499
1403638558.0778295994 7.22692 8.24375 3.06415 -0.29952 0.69750 0.44034 0.47946
1403638558.1778295040 7.33440 8.19797 3.06789 -0.29669 0.70339 0.44176 0.47124
1403638558.2778294086 7.44337 8.15728 3.07708 -0.29319 0.70759 0.44338 0.46558
1403638558.3778295517 7.55233 8.12504 3.09631 -0.28840 0.70902 0.44606 0.46384
1403638558.4778294563 7.66084 8.09940 3.12321 -0.28203 0.71282 0.44958 0.45851
1403638558.5778295994 7.77030 8.08371 3.15746 -0.28324 0.71542 0.44820 0.45504
1403638558.6778295040 7.88262 8.07831 3.19767 -0.29148 0.71611 0.44168 0.45513
1403638558.7778294086 7.99732 8.07934 3.23765 -0.29927 0.71570 0.43558 0.45660
1403638558.8778295517 8.11587 8.08631 3.26944 -0.30178 0.71446 0.43339 0.45897
1403638558.9778294563 8.23844 8.09713 3.29401 -0.30346 0.70966 0.43219 0.46637
1403638559.0778295994 8.36424 8.11025 3.31064 -0.30399 0.70520 0.43207 0.47285
1403638559.1778295040 8.49032 8.12657 3.32032 -0.30420 0.70181 0.43251 0.47735
1403638559.2778294086 8.61593 8.14455 3.32336 -0.30205 0.69903 0.43486 0.48064
1403638559.3778295517 8.74179 8.16294 3.32023 -0.29835 0.69679 0.43812 0.48323
1403638559.4778294563 8.86383 8.18267 3.31289 -0.29617 0.69452 0.44032 0.48584
1403638559.5778295994 8.98348 8.20330 3.30061 -0.29506 0.69238 0.44186 0.48817
1403638559.6778295040 9.10014 8.22633 3.28539 -0.29565 0.69134 0.44204 0.48911
1403638559.7778294086 9.21273 8.24938 3.27322 -0.29600 0.69050 0.44274 0.48947
1403638559.8778295517 9.32182 8.27687 3.26669 -0.29731 0.69129 0.44197 0.48825
1403638559.9778294563 9.42949 8.30410 3.26089 -0.29619 0.69473 0.43598 0.48944
1403638560.0778295994 9.53722 8.33480 3.25026 -0.29076 0.70241 0.42295 0.49316
1403638560.1778295040 9.64335 8.36416 3.23216 -0.28095 0.71179 0.40465 0.50069
1403638560.2778294086 9.74873 8.39433 3.20880 -0.26856 0.72218 0.38320 0.50940
1403638560.3778295517 9.85311 8.42343 3.18344 -0.25721 0.72950 0.35873 0.52248
1403638560.4778294563 9.95344 8.45031 3.15451 -0.24440 0.73700 0.33336 0.53476
1403638560.5778295994 10.04941 8.47244 3.12093 -0.23308 0.74568 0.30626 0.54391
1403638560.6778295040 10.14173 8.49036 3.08340 -0.22345 0.75564 0.27803 0.54935
1403638560.7778294086 10.23033 8.50147 3.04920 -0.21630 0.76392 0.25224 0.55318
1403638560.8778295517 10.31626 8.50408 3.02285 -0.20556 0.76993 0.22923 0.55894
1403638560.9778294563 10.40228 8.49991 3.00419 -0.19324 0.77379 0.20815 0.56620
1403638561.0778295994 10.48676 8.48814 2.99331 -0.18090 0.77593 0.18814 0.57430
1403638561.1778295040 10.56625 8.46707 2.98864 -0.16989 0.77693 0.17036 0.58180
1403638561.2778294086 10.64090 8.43853 2.99113 -0.16292 0.77693 0.15693 0.58755
1403638561.3778295517 10.70812 8.40150 2.99601 -0.15388 0.78146 0.15200 0.58527
1403638561.4778294563 10.77158 8.35817 2.99690 -0.14036 0.78742 0.15542 0.57976
1403638561.5778295994 10.83379 8.31120 2.99203 -0.13071 0.79099 0.16002 0.57588
1403638561.6778295040 10.89336 8.26249 2.98244 -0.12687 0.79273 0.16280 0.57357
1403638561.7778294086 10.95107 8.21248 2.96777 -0.12590 0.79297 0.16507 0.57280
1403638561.8778295517 11.00225 8.15845 2.94602 -0.12338 0.79234 0.16573 0.57403
1403638561.9778294563 11.05773 8.10564 2.92062 -0.11811 0.79328 0.16127 0.57510
1403638562.0778295994 11.10292 8.04854 2.89642 -0.11078 0.79487 0.15250 0.57677
1403638562.1778295040 11.14867 7.99272 2.87958 -0.10309 0.79657 0.14264 0.57836
1403638562.2778294086 11.19228 7.93644 2.86837 -0.09694 0.79750 0.13464 0.58006
1403638562.3778295517 11.23324 7.88078 2.86264 -0.09083 0.79823 0.12261 0.58271
1403638562.4778294563 11.27069 7.82330 2.86093 -0.08287 0.80033 0.10643 0.58419
1403638562.5778295994 11.30619 7.76571 2.86623 -0.07328 0.80231 0.08624 0.58608
1403638562.6778295040 11.33658 7.70852 2.87688 -0.06454 0.80470 0.06194 0.58691
1403638562.7778294086 11.36510 7.64865 2.88989 -0.05575 0.80583 0.03564 0.58844
1403638562.8778295517 11.38875 7.58428 2.89879 -0.04234 0.80656 0.01099 0.58953
1403638562.9778294563 11.40815 7.51547 2.90231 -0.02801 0.80686 -0.01166 0.58997
1403638563.0778295994 11.42271 7.44370 2.90066 -0.01917 0.80627 -0.03567 0.59015
1403638563.1778295040 11.43050 7.36693 2.89475 -0.00752 0.80574 -0.05527 0.58964
1403638563.2778294086 11.43318 7.28516 2.88450 0.00383 0.80236 -0.06888 0.59284
1403638563.3778295517 11.42835 7.19894 2.86889 0.01041 0.79439 -0.07825 0.60225
1403638563.4778294563 11.41459 7.11067 2.84627 0.01180 0.78816 -0.08504 0.60945
1403638563.5778295994 11.39155 7.01894 2.82214 0.01750 0.78873 -0.08485 0.60860
1403638563.6778295040 11.36010 6.92274 2.80301 0.01777 0.79226 -0.08514 0.60396
1403638563.7778294086 11.32238 6.81940 2.79084 0.01484 0.79453 -0.08561 0.60097
1403638563.8778295517 11.27990 6.70770 2.78833 0.01175 0.79421 -0.08467 0.60161
1403638563.9778294563 11.23043 6.59106 2.79105 0.00837 0.79321 -0.08301 0.60321
1403638564.0778295994 11.17316 6.46871 2.79274 0.00394 0.79395 -0.08075 0.60258
1403638564.1778295040 11.10907 6.34068 2.78913 0.00228 0.79402 -0.07605 0.60312
1403638564.2778294086 11.03945 6.20819 2.78367 0.00335 0.79254 -0.07059 0.60571
1403638564.3778295517 10.96251 6.06984 2.78301 0.00333 0.79128 -0.06546 0.60793
1403638564.4778294563 10.87777 5.92951 2.79086 0.00423 0.79011 -0.06121 0.60988
1403638564.5778295994 10.78383 5.78462 2.80196 0.00149 0.79193 -0.06074 0.60758
1403638564.6778295040 10.68358 5.64974 2.81629 -0.00320 0.79361 -0.06392 0.60505
1403638564.7778294086 10.57385 5.49767 2.81942 -0.00694 0.79415 -0.06697 0.60399
1403638564.8778295517 10.45914 5.34684 2.82074 -0.00883 0.79358 -0.06961 0.60440
1403638564.9778294563 10.33907 5.17857 2.79624 -0.01068 0.79304 -0.07124 0.60490
1403638565.0778295994 10.21213 5.01549 2.76220 -0.01162 0.79339 -0.07220 0.60431
1403638565.1778295040 10.07736 4.83514 2.70996 -0.01215 0.79412 -0.07238 0.60331
1403638565.2778294086 9.93885 4.64978 2.65095 -0.01052 0.79511 -0.07160 0.60213
1403638565.3778295517 9.80099 4.46893 2.58942 -0.00750 0.79619 -0.07058 0.60086
1403638565.4778294563 9.65880 4.28077 2.52554 -0.00425 0.79557 -0.06979 0.60181
1403638565.5778295994 9.51521 4.09024 2.46744 0.00272 0.79349 -0.06770 0.60480
1403638565.6778295040 9.36763 3.89879 2.41752 0.01489 0.79333 -0.06200 0.60544
1403638565.7778294086 9.21498 3.70608 2.37219 0.02414 0.79614 -0.05791 0.60185
1403638565.8778295517 9.05532 3.51790 2.33420 0.03166 0.79836 -0.05493 0.59883
1403638565.9778294563 8.89156 3.33173 2.30012 0.03432 0.80015 -0.05575 0.59622
1403638566.0778295994 8.72576 3.14851 2.26086 0.03605 0.80113 -0.05632 0.59474
1403638566.1778295040 8.55773 2.96718 2.21333 0.03414 0.80126 -0.05785 0.59453
1403638566.2778294086 8.38681 2.78827 2.15734 0.03488 0.80087 -0.05708 0.59509
1403638566.3778295517 8.21655 2.61309 2.09309 0.03524 0.80188 -0.05615 0.59380
1403638566.4778294563 8.04728 2.44057 2.02326 0.03202 0.80211 -0.05695 0.59359
1403638566.5778295994 7.87737 2.27058 1.94700 0.03134 0.80531 -0.05532 0.58944
1403638566.6778295040 7.70917 2.10573 1.86350 0.03044 0.81470 -0.05388 0.57657
1403638566.7778294086 7.54554 1.94508 1.77428 0.02952 0.82648 -0.05254 0.55973
1403638566.8778295517 7.38976 1.78867 1.68151 0.02785 0.83457 -0.05170 0.54776
1403638566.9778294563 7.24281 1.63641 1.58598 0.02799 0.83858 -0.04915 0.54184
1403638567.0778295994 7.10591 1.49150 1.49222 0.02840 0.83044 -0.04770 0.55433
1403638567.1778295040 6.97654 1.35053 1.39560 0.03123 0.81806 -0.04551 0.57248
1403638567.2778294086 6.85442 1.21265 1.29399 0.03497 0.80940 -0.04373 0.58458
1403638567.3778295517 6.73286 1.08110 1.18838 0.03834 0.80751 -0.04336 0.58701
1403638567.4778294563 6.61149 0.95393 1.08706 0.04061 0.80831 -0.04456 0.58566
1403638567.5778295994 6.49271 0.83294 0.99421 0.04225 0.81185 -0.04668 0.58046
1403638567.6778295040 6.37169 0.71262 0.91081 0.04577 0.81514 -0.04748 0.57549
1403638567.7778294086 6.25167 0.59500 0.83607 0.04790 0.81843 -0.04826 0.57057
1403638567.8778295517 6.13949 0.48370 0.77028 0.04724 0.82183 -0.05075 0.56550
1403638567.9778294563 6.03553 0.37552 0.71082 0.04737 0.82279 -0.05189 0.56399
1403638568.0778295994 5.93696 0.27101 0.66057 0.05059 0.82270 -0.05023 0.56398
1403638568.1778295040 5.84194 0.17125 0.62010 0.05283 0.82203 -0.04904 0.56486
1403638568.2778294086 5.75139 0.07862 0.58879 0.05404 0.82191 -0.04948 0.56488
1403638568.3778295517 5.66636 -0.00826 0.55938 0.05431 0.82241 -0.05001 0.56409
1403638568.4778294563 5.58019 -0.09357 0.51969 0.05489 0.82325 -0.05004 0.56280
1403638568.5778295994 5.50803 -0.16696 0.48567 0.05605 0.82468 -0.04970 0.56062
1403638568.6778295040 5.43218 -0.24217 0.44058 0.05743 0.82650 -0.04846 0.55790
1403638568.7778294086 5.37083 -0.30319 0.40750 0.05733 0.82786 -0.04879 0.55586
1403638568.8778295517 5.31406 -0.35839 0.38317 0.05566 0.82720 -0.05060 0.55685
1403638568.9778294563 5.25754 -0.41480 0.35940 0.05772 0.82670 -0.04895 0.55753
1403638569.0778295994 5.21528 -0.45748 0.35349 0.05953 0.82652 -0.04813 0.55768
1403638569.1778295040 5.16963 -0.50316 0.34550 0.06019 0.82733 -0.04818 0.55640
1403638569.2778294086 5.13708 -0.53382 0.34744 0.06248 0.82861 -0.04741 0.55430
1403638569.3778295517 5.10321 -0.56815 0.33598 0.06343 0.82855 -0.04720 0.55431
1403638569.4778294563 5.08252 -0.59138 0.32595 0.06421 0.82716 -0.04687 0.55632
1403638569.5778295994 5.06091 -0.61434 0.30680 0.06506 0.82591 -0.04650 0.55811
1403638569.6778295040 5.04685 -0.62918 0.29469 0.06434 0.82478 -0.04746 0.55978
1403638569.7778294086 5.03710 -0.63762 0.28926 0.06544 0.82398 -0.04687 0.56087
1403638569.8778295517 5.04141 -0.63464 0.29312 0.06667 0.82281 -0.04587 0.56252
1403638569.9778294563 5.03867 -0.63341 0.29692 0.06556 0.82129 -0.04665 0.56480
1403638570.0778295994 5.04128 -0.62547 0.29902 0.06336 0.82070 -0.04820 0.56579
1403638570.1778295040 5.04752 -0.61306 0.29492 0.05850 0.82083 -0.05103 0.56588
1403638570.2778294086 5.05599 -0.59824 0.28448 0.05102 0.82023 -0.05566 0.56703
1403638570.3778295517 5.06628 -0.58265 0.26909 0.04477 0.81978 -0.06299 0.56744
1403638570.4778294563 5.08206 -0.56678 0.25049 0.04047 0.81879 -0.07859 0.56724
1403638570.5778295994 5.08667 -0.55929 0.22243 0.03346 0.81524 -0.10547 0.56846
1403638570.6778295040 5.09666 -0.55647 0.19351 0.03429 0.80901 -0.13453 0.57117
1403638570.7778294086 5.10204 -0.56555 0.16079 0.04175 0.79687 -0.16170 0.58062
1403638570.8778295517 5.09987 -0.58612 0.12523 0.05454 0.78421 -0.18572 0.58953
1403638570.9778294563 5.08929 -0.61761 0.08603 0.06999 0.77517 -0.20677 0.59284
1403638571.0778295994 5.06945 -0.65913 0.04223 0.08662 0.77162 -0.22579 0.58833
1403638571.1778295040 5.03891 -0.70805 0.00049 0.10768 0.77363 -0.23834 0.57714
1403638571.2778294086 5.00021 -0.76445 -0.03195 0.12746 0.77452 -0.24479 0.56916
1403638571.3778295517 4.95324 -0.82454 -0.05411 0.13978 0.77359 -0.25007 0.56523
1403638571.4778294563 4.90090 -0.88809 -0.06583 0.14570 0.77054 -0.25468 0.56585
1403638571.5778295994 4.84295 -0.95443 -0.07359 0.15254 0.76792 -0.25877 0.56574
1403638571.6778295040 4.78114 -1.02350 -0.08537 0.15856 0.76722 -0.26815 0.56065
1403638571.7778294086 4.71568 -1.09600 -0.10240 0.16640 0.76610 -0.28159 0.55328
1403638571.8778295517 4.64695 -1.17230 -0.12390 0.17349 0.76239 -0.29920 0.54693
1403638571.9778294563 4.57479 -1.25270 -0.14200 0.18106 0.75552 -0.31897 0.54282
1403638572.0778295994 4.49847 -1.33703 -0.15237 0.19006 0.74781 -0.33790 0.53896
1403638572.1778295040 4.41773 -1.42440 -0.15351 0.20567 0.74029 -0.35284 0.53402
1403638572.2778294086 4.33427 -1.51298 -0.14960 0.21956 0.73523 -0.36935 0.52423
1403638572.3778295517 4.24950 -1.60486 -0.14766 0.23241 0.72955 -0.38758 0.51334
1403638572.4778294563 4.16269 -1.70172 -0.14882 0.24607 0.72498 -0.40055 0.50340
1403638572.5778295994 4.07831 -1.80070 -0.15049 0.25685 0.72074 -0.40913 0.49716
1403638572.6778295040 3.99411 -1.90473 -0.15093 0.26256 0.71872 -0.41449 0.49264
1403638572.7778294086 3.91420 -2.01190 -0.14247 0.27027 0.72007 -0.41441 0.48654
1403638572.8778295517 3.83771 -2.12339 -0.12589 0.27376 0.72251 -0.41388 0.48138
1403638572.9778294563 3.76608 -2.23715 -0.10423 0.27438 0.72469 -0.41307 0.47845
1403638573.0778295994 3.69883 -2.35413 -0.08693 0.27372 0.72680 -0.41206 0.47650
1403638573.1778295040 3.63460 -2.47492 -0.07611 0.27198 0.72846 -0.41101 0.47586
1403638573.2778294086 3.57289 -2.59583 -0.06642 0.27039 0.72996 -0.40909 0.47613
1403638573.3778295517 3.51914 -2.72260 -0.05647 0.26971 0.73077 -0.40836 0.47589
1403638573.4778294563 3.46752 -2.84965 -0.04192 0.27277 0.73085 -0.40854 0.47386
1403638573.5778295994 3.42697 -2.98223 -0.02065 0.27459 0.73072 -0.40901 0.47262
1403638573.6778295040 3.39310 -3.11399 0.00707 0.27756 0.73099 -0.40978 0.46979
1403638573.7778294086 3.36766 -3.24517 0.03845 0.28463 0.72713 -0.41327 0.46848
1403638573.8778295517 3.34439 -3.38174 0.06920 0.29842 0.71655 -0.41858 0.47148
1403638573.9778294563 3.32556 -3.51722 0.09481 0.31035 0.70053 -0.43156 0.47612
1403638574.0778295994 3.30910 -3.64929 0.11322 0.31636 0.67938 -0.45236 0.48346
1403638574.1778295040 3.29322 -3.77674 0.12580 0.32254 0.65621 -0.47555 0.48908
1403638574.2778294086 3.27572 -3.89746 0.13306 0.33197 0.63658 -0.49715 0.48723
1403638574.3778295517 3.24891 -4.01841 0.13696 0.34406 0.62242 -0.51658 0.47682
1403638574.4778294563 3.21528 -4.13596 0.13741 0.35712 0.61004 -0.53416 0.46366
1403638574.5778295994 3.17842 -4.24782 0.14074 0.36730 0.59876 -0.54791 0.45429
1403638574.6778295040 3.13802 -4.35869 0.15238 0.37892 0.59203 -0.55476 0.44514
1403638574.7778294086 3.09760 -4.47391 0.16987 0.38941 0.59172 -0.55734 0.43312
1403638574.8778295517 3.05797 -4.58399 0.19131 0.39058 0.59364 -0.56188 0.42349
1403638574.9778294563 3.01784 -4.69538 0.20791 0.38905 0.59596 -0.56528 0.41705
1403638575.0778295994 2.97731 -4.80750 0.21602 0.38163 0.59447 -0.57067 0.41869
1403638575.1778295040 2.93460 -4.91616 0.21879 0.37602 0.59171 -0.57396 0.42314
1403638575.2778294086 2.88635 -5.02326 0.22116 0.37273 0.59044 -0.57476 0.42673
1403638575.3778295517 2.83745 -5.13362 0.21546 0.36968 0.59373 -0.57506 0.42441
1403638575.4778294563 2.78270 -5.24484 0.20909 0.36774 0.59932 -0.57369 0.42007
1403638575.5778295994 2.72890 -5.35776 0.19948 0.36694 0.60436 -0.57153 0.41648
1403638575.6778295040 2.67073 -5.47700 0.19724 0.37034 0.61084 -0.56661 0.41069
1403638575.7778294086 2.60625 -5.61002 0.20410 0.37107 0.61753 -0.56393 0.40367
1403638575.8778295517 2.54475 -5.74342 0.22121 0.37083 0.62186 -0.56206 0.39983
1403638575.9778294563 2.49168 -5.87397 0.24827 0.37041 0.62222 -0.56137 0.40063
1403638576.0778295994 2.44179 -6.00704 0.28268 0.37113 0.62286 -0.56005 0.40082
1403638576.1778295040 2.39616 -6.14262 0.32223 0.37213 0.62125 -0.55960 0.40300
1403638576.2778294086 2.35133 -6.28712 0.35822 0.37620 0.62182 -0.55715 0.40173
1403638576.3778295517 2.31146 -6.43332 0.38837 0.38079 0.62339 -0.55436 0.39884
1403638576.4778294563 2.27721 -6.58086 0.41281 0.38458 0.62601 -0.55203 0.39430
1403638576.5778295994 2.24972 -6.73052 0.43186 0.38901 0.63010 -0.54938 0.38707
1403638576.6778295040 2.22783 -6.88787 0.44631 0.39214 0.63160 -0.54733 0.38436
1403638576.7778294086 2.21346 -7.05081 0.45615 0.39719 0.62938 -0.54360 0.38810
1403638576.8778295517 2.20563 -7.21623 0.46082 0.40015 0.62449 -0.54167 0.39558
1403638576.9778294563 2.20618 -7.37836 0.46003 0.39853 0.61808 -0.54324 0.40502
1403638577.0778295994 2.21387 -7.53470 0.45799 0.39453 0.61416 -0.54654 0.41042
1403638577.1778295040 2.22486 -7.68985 0.46398 0.39191 0.61128 -0.54859 0.41448
1403638577.2778294086 2.23701 -7.84942 0.47655 0.39225 0.61183 -0.54840 0.41360
1403638577.3778295517 2.25211 -8.00765 0.49792 0.39866 0.61620 -0.54366 0.40719
1403638577.4778294563 2.27153 -8.16421 0.52480 0.40287 0.61877 -0.54051 0.40332
1403638577.5778295994 2.29638 -8.31963 0.54806 0.39994 0.61873 -0.54231 0.40390
1403638577.6778295040 2.32680 -8.46902 0.56537 0.39667 0.61762 -0.54438 0.40601
1403638577.7778294086 2.36064 -8.61591 0.57484 0.39401 0.61710 -0.54589 0.40736
1403638577.8778295517 2.39752 -8.76368 0.57988 0.39368 0.61733 -0.54564 0.40767
1403638577.9778294563 2.43966 -8.90675 0.58072 0.39450 0.61793 -0.54425 0.40783
1403638578.0778295994 2.48468 -9.05455 0.58937 0.39347 0.61721 -0.54416 0.41001
1403638578.1778295040 2.53583 -9.19150 0.60250 0.38911 0.61416 -0.54647 0.41567
1403638578.2778294086 2.58754 -9.33316 0.62180 0.38093 0.60915 -0.55182 0.42346
1403638578.3778295517 2.63757 -9.47150 0.64084 0.37898 0.60677 -0.55334 0.42664
1403638578.4778294563 2.68528 -9.60965 0.65361 0.37912 0.60637 -0.55371 0.42660
1403638578.5778295994 2.73094 -9.74521 0.66163 0.37911 0.60580 -0.55435 0.42659
1403638578.6778295040 2.77420 -9.88377 0.66621 0.38152 0.60573 -0.55317 0.42606
1403638578.7778294086 2.81609 -10.01589 0.66732 0.38666 0.60841 -0.54983 0.42192
1403638578.8778295517 2.85853 -10.14931 0.66478 0.39158 0.61134 -0.54630 0.41771
1403638578.9778294563 2.90362 -10.27012 0.66089 0.39399 0.61278 -0.54421 0.41607
1403638579.0778295994 2.95036 -10.40166 0.66648 0.39441 0.61353 -0.54320 0.41588
1403638579.1778295040 3.00193 -10.53197 0.67958 0.39494 0.61368 -0.54232 0.41631
1403638579.2778294086 3.05488 -10.65792 0.69887 0.39279 0.61272 -0.54335 0.41841
1403638579.3778295517 3.11257 -10.78338 0.71816 0.38729 0.60945 -0.54695 0.42358
1403638579.4778294563 3.16757 -10.90616 0.73573 0.38174 0.60514 -0.55067 0.42993
1403638579.5778295994 3.22307 -11.01986 0.74483 0.38079 0.60280 -0.54783 0.43762
1403638579.6778295040 3.27810 -11.14044 0.74985 0.38332 0.60401 -0.53572 0.44860
1403638579.7778294086 3.33134 -11.25510 0.74959 0.38197 0.61537 -0.51722 0.45597
1403638579.8778295517 3.38482 -11.36808 0.74262 0.37139 0.63636 -0.49700 0.45837
1403638579.9778294563 3.44013 -11.48059 0.73065 0.35458 0.65761 -0.47302 0.46697
1403638580.0778295994 3.49455 -11.57935 0.71705 0.34080 0.67378 -0.43926 0.48675
1403638580.1778295040 3.54775 -11.65999 0.69985 0.32161 0.68979 -0.40304 0.50824
1403638580.2778294086 3.60120 -11.73795 0.67774 0.29574 0.70840 -0.36912 0.52389
1403638580.3778295517 3.65096 -11.80572 0.64973 0.26574 0.72586 -0.34368 0.53328
1403638580.4778294563 3.69484 -11.86843 0.61731 0.23973 0.73828 -0.32783 0.53852
1403638580.5778295994 3.73452 -11.92879 0.58379 0.22227 0.74624 -0.31487 0.54276
1403638580.6778295040 3.77103 -11.98733 0.55080 0.20680 0.75702 -0.30074 0.54195
1403638580.7778294086 3.80336 -12.04251 0.52485 0.19615 0.76782 -0.28615 0.53861
1403638580.8778295517 3.83226 -12.09673 0.50800 0.19109 0.77524 -0.27548 0.53535
1403638580.9778294563 3.86237 -12.15068 0.50284 0.18517 0.77691 -0.27197 0.53680
1403638581.0778295994 3.89163 -12.20130 0.50686 0.18388 0.77804 -0.27010 0.53655
1403638581.1778295040 3.92134 -12.25397 0.51748 0.18639 0.77806 -0.26851 0.53646
1403638581.2778294086 3.94975 -12.30387 0.52978 0.19037 0.77816 -0.26818 0.53508
1403638581.3778295517 3.97785 -12.34657 0.54701 0.19366 0.77690 -0.26916 0.53524
1403638581.4778294563 4.00582 -12.39023 0.56273 0.19645 0.77471 -0.27073 0.53660
1403638581.5778295994 4.03184 -12.42020 0.59264 0.19948 0.77407 -0.27265 0.53544
1403638581.6778295040 4.05989 -12.45558 0.61498 0.20474 0.76996 -0.27237 0.53949
1403638581.7778294086 4.08041 -12.47262 0.63952 0.20694 0.76630 -0.27365 0.54321
1403638581.8778295517 4.10407 -12.49459 0.65339 0.21000 0.76321 -0.27342 0.54649
1403638581.9778294563 4.13324 -12.52444 0.65800 0.21427 0.75576 -0.27143 0.55610
1403638582.0778295994 4.15437 -12.54052 0.66488 0.21290 0.75741 -0.27321 0.55350
1403638582.1778295040 4.17596 -12.55649 0.67800 0.20848 0.76457 -0.27677 0.54348
1403638582.2778294086 4.20071 -12.57441 0.70092 0.20875 0.76755 -0.27690 0.53909
1403638582.3778295517 4.22441 -12.58848 0.73516 0.21144 0.76436 -0.27449 0.54379
1403638582.4778294563 4.25173 -12.60270 0.77777 0.21361 0.76326 -0.27284 0.54531
1403638582.5778295994 4.27775 -12.61047 0.83195 0.21470 0.76271 -0.27174 0.54620
1403638582.6778295040 4.30152 -12.61744 0.88990 0.21444 0.76372 -0.27202 0.54475
1403638582.7778294086 4.32846 -12.61741 0.96140 0.21261 0.76522 -0.27388 0.54243
1403638582.8778295517 4.35472 -12.61431 1.03363 0.21295 0.76651 -0.27448 0.54016
1403638582.9778294563 4.38100 -12.60792 1.09960 0.21165 0.76865 -0.27618 0.53676
1403638583.0778295994 4.40664 -12.59801 1.15792 0.21056 0.77107 -0.27799 0.53277
1403638583.1778295040 4.43382 -12.58575 1.20841 0.21044 0.77262 -0.27879 0.53015
1403638583.2778294086 4.46379 -12.57338 1.25297 0.20914 0.77316 -0.28010 0.52917
1403638583.3778295517 4.49084 -12.55723 1.28202 0.20970 0.77279 -0.27963 0.52974
1403638583.4778294563 4.52566 -12.54340 1.32017 0.20981 0.77349 -0.27975 0.52861
1403638583.5778295994 4.56149 -12.52830 1.36374 0.20993 0.77347 -0.27964 0.52865
1403638583.6778295040 4.59830 -12.51100 1.41488 0.21159 0.77382 -0.27841 0.52814
1403638583.7778294086 4.63731 -12.49177 1.46663 0.21132 0.77352 -0.27839 0.52869
1403638583.8778295517 4.66822 -12.44746 1.48694 0.21242 0.77257 -0.27791 0.52989
1403638583.9778294563 4.71399 -12.42457 1.52471 0.21282 0.77262 -0.27759 0.52982
1403638584.0778295994 4.75797 -12.39690 1.55539 0.21592 0.76929 -0.27520 0.53463
1403638584.1778295040 4.79280 -12.35728 1.55989 0.22066 0.76044 -0.27131 0.54721
1403638584.2778294086 4.83513 -12.32066 1.58298 0.22334 0.75157 -0.26859 0.55958
1403638584.3778295517 4.85895 -12.26761 1.56896 0.22518 0.74875 -0.26719 0.56327
1403638584.4778294563 4.86824 -12.20418 1.54638 0.22594 0.74859 -0.26646 0.56353
1403638584.5778295994 4.89332 -12.14658 1.55073 0.22555 0.74879 -0.26657 0.56337
1403638584.6778295040 4.91541 -12.08277 1.56140 0.22316 0.75054 -0.26796 0.56132
1403638584.7778294086 4.91008 -12.00204 1.54852 0.21907 0.75716 -0.27046 0.55278
1403638584.8778295517 4.92773 -11.92738 1.57508 0.21235 0.76460 -0.27543 0.54261
1403638584.9778294563 4.91238 -11.84365 1.55904 0.21003 0.76803 -0.27740 0.53764
1403638585.0778295994 4.90615 -11.75870 1.54443 0.20949 0.76920 -0.27802 0.53587
1403638585.1778295040 4.92150 -11.68147 1.55117 0.20710 0.76898 -0.27963 0.53627
1403638585.2778294086 4.90767 -11.60037 1.52179 0.20804 0.76711 -0.27853 0.53915
1403638585.3778295517 4.91730 -11.52232 1.51376 0.20870 0.76507 -0.27769 0.54221
1403638585.4778294563 4.91110 -11.44510 1.49504 0.20839 0.76527 -0.27773 0.54203
1403638585.5778295994 4.92351 -11.36709 1.49277 0.20740 0.76710 -0.27794 0.53971
1403638585.6778295040 4.91820 -11.29160 1.49150 0.20692 0.76964 -0.27779 0.53635
1403638585.7778294086 4.93146 -11.21194 1.50520 0.20348 0.77457 -0.28016 0.52929
1403638585.8778295517 4.93269 -11.13546 1.52656 0.20057 0.77831 -0.28206 0.52388
1403638585.9778294563 4.94305 -11.05730 1.55813 0.19875 0.77808 -0.28408 0.52383
1403638586.0778295994 4.95541 -10.98327 1.59187 0.20083 0.77397 -0.28313 0.52961
1403638586.1778295040 4.97991 -10.91157 1.61736 0.20284 0.77119 -0.28252 0.53321
1403638586.2778294086 4.99398 -10.83160 1.63837 0.20529 0.76855 -0.28127 0.53672
1403638586.3778295517 5.01766 -10.76130 1.65379 0.21128 0.76563 -0.27752 0.54051
1403638586.4778294563 5.02912 -10.67569 1.66370 0.21949 0.76400 -0.27251 0.54210
1403638586.5778295994 5.05054 -10.60119 1.66760 0.22173 0.76333 -0.27130 0.54273
1403638586.6778295040 5.05860 -10.51056 1.66320 0.21889 0.76398 -0.27348 0.54187
1403638586.7778294086 5.07929 -10.43198 1.65422 0.21482 0.76356 -0.27619 0.54272
1403638586.8778295517 5.08891 -10.33942 1.63985 0.21273 0.76234 -0.27700 0.54485
1403638586.9778294563 5.10620 -10.25690 1.62046 0.21294 0.76211 -0.27671 0.54523
1403638587.0778295994 5.11547 -10.15987 1.60059 0.21224 0.76181 -0.27722 0.54567
1403638587.1778295040 5.13145 -10.07220 1.58426 0.21171 0.76303 -0.27722 0.54416
1403638587.2778294086 5.14047 -9.97976 1.57612 0.21083 0.76468 -0.27739 0.54209
1403638587.3778295517 5.15360 -9.88857 1.57424 0.21011 0.76628 -0.27780 0.53991
1403638587.4778294563 5.16558 -9.79127 1.57460 0.20829 0.76625 -0.27956 0.53975
1403638587.5778295994 5.17966 -9.69602 1.57459 0.20747 0.76627 -0.28053 0.53953
1403638587.6778295040 5.19548 -9.59678 1.56650 0.20733 0.76580 -0.28105 0.53998
1403638587.7778294086 5.20899 -9.50389 1.55444 0.20726 0.76541 -0.28142 0.54036
1403638587.8778295517 5.22460 -9.40785 1.53662 0.20645 0.76498 -0.28225 0.54085
1403638587.9778294563 5.23750 -9.31506 1.51642 0.20623 0.76457 -0.28272 0.54127
1403638588.0778295994 5.25022 -9.22758 1.49044 0.20726 0.76418 -0.28149 0.54206
1403638588.1778295040 5.26011 -9.13844 1.46201 0.21375 0.76516 -0.27709 0.54043
1403638588.2778294086 5.27017 -9.05163 1.43312 0.21639 0.76608 -0.27461 0.53935
1403638588.3778295517 5.28173 -8.95711 1.41224 0.21697 0.76647 -0.27388 0.53892
1403638588.4778294563 5.29589 -8.86142 1.39836 0.21520 0.76639 -0.27487 0.53925
1403638588.5778295994 5.30821 -8.76087 1.39355 0.21279 0.76562 -0.27645 0.54048
1403638588.6778295040 5.31823 -8.66184 1.39623 0.21040 0.76482 -0.27766 0.54193
1403638588.7778294086 5.32998 -8.55419 1.40539 0.20896 0.76327 -0.27898 0.54398
1403638588.8778295517 5.34108 -8.45158 1.41109 0.20646 0.76266 -0.28122 0.54464
1403638588.9778294563 5.34948 -8.34613 1.40944 0.20671 0.76258 -0.28150 0.54453
1403638589.0778295994 5.35885 -8.24277 1.40084 0.20710 0.76282 -0.28177 0.54390
1403638589.1778295040 5.36628 -8.13502 1.38479 0.20871 0.76260 -0.28106 0.54395
1403638589.2778294086 5.37323 -8.04067 1.36871 0.20833 0.76165 -0.28108 0.54542
1403638589.3778295517 5.37791 -7.93273 1.34811 0.20853 0.76147 -0.28086 0.54571
1403638589.4778294563 5.38321 -7.83506 1.33528 0.20804 0.76235 -0.28146 0.54435
1403638589.5778295994 5.38504 -7.72621 1.32558 0.20737 0.76229 -0.28185 0.54449
1403638589.6778295040 5.39231 -7.62561 1.32756 0.20687 0.76295 -0.28188 0.54374
1403638589.7778294086 5.39371 -7.51840 1.33370 0.20714 0.76448 -0.28233 0.54126
1403638589.8778295517 5.39721 -7.40978 1.34396 0.20710 0.76500 -0.28334 0.54001
1403638589.9778294563 5.39787 -7.30368 1.34249 0.20745 0.76498 -0.28378 0.53967
1403638590.0778295994 5.39937 -7.19329 1.34206 0.20706 0.76491 -0.28457 0.53949
1403638590.1778295040 5.39959 -7.08836 1.33194 0.20770 0.76385 -0.28481 0.54063
1403638590.2778294086 5.40077 -6.98428 1.32348 0.20737 0.76311 -0.28535 0.54151
1403638590.3778295517 5.39968 -6.87995 1.30526 0.20754 0.76340 -0.28578 0.54081
1403638590.4778294563 5.39725 -6.79220 1.28878 0.20739 0.76408 -0.28596 0.53982
1403638590.5778295994 5.39393 -6.68933 1.26970 0.20625 0.76513 -0.28667 0.53839
1403638590.6778295040 5.39069 -6.60965 1.26077 0.20406 0.76691 -0.28762 0.53618
1403638590.7778294086 5.38831 -6.51168 1.25902 0.20323 0.76770 -0.28811 0.53510
1403638590.8778295517 5.38573 -6.43087 1.26496 0.20323 0.76862 -0.28803 0.53382
1403638590.9778294563 5.38425 -6.33797 1.27736 0.20188 0.76918 -0.28893 0.53304
1403638591.0778295994 5.38144 -6.24095 1.29183 0.20043 0.76999 -0.29034 0.53164
1403638591.1778295040 5.38191 -6.14980 1.30193 0.19927 0.77414 -0.29172 0.52526
1403638591.2778294086 5.38097 -6.06565 1.30281 0.19641 0.77990 -0.29411 0.51640
1403638591.3778295517 5.38441 -5.98805 1.29983 0.19280 0.78411 -0.29681 0.50980
1403638591.4778294563 5.39413 -5.90941 1.29191 0.18997 0.78674 -0.29907 0.50548
1403638591.5778295994 5.40956 -5.83588 1.27823 0.18712 0.78936 -0.30149 0.50099
1403638591.6778295040 5.43026 -5.77193 1.26081 0.18576 0.78957 -0.30264 0.50048
1403638591.7778294086 5.45718 -5.71443 1.24371 0.18763 0.78774 -0.30152 0.50334
1403638591.8778295517 5.49037 -5.67885 1.22864 0.18860 0.78553 -0.30051 0.50703
1403638591.9778294563 5.52794 -5.65308 1.22146 0.18934 0.78300 -0.29958 0.51118
1403638592.0778295994 5.56817 -5.64247 1.22314 0.18969 0.78057 -0.29824 0.51554
1403638592.1778295040 5.61430 -5.62785 1.23407 0.18784 0.77785 -0.29622 0.52145
1403638592.2778294086 5.66197 -5.62349 1.25724 0.18309 0.77268 -0.29055 0.53388
1403638592.3778295517 5.71035 -5.61778 1.28928 0.17442 0.77052 -0.28156 0.54461
1403638592.4778294563 5.75612 -5.61410 1.32801 0.16284 0.77361 -0.26778 0.55073
1403638592.5778295994 5.79778 -5.61454 1.37213 0.15492 0.78156 -0.25383 0.54839
1403638592.6778295040 5.83647 -5.61788 1.42163 0.14814 0.78947 -0.24285 0.54389
1403638592.7778294086 5.87569 -5.62313 1.47029 0.14277 0.79684 -0.23558 0.53775
1403638592.8778295517 5.91499 -5.63227 1.51372 0.13848 0.80206 -0.23113 0.53301
1403638592.9778294563 5.95569 -5.64495 1.55173 0.13771 0.80471 -0.22750 0.53078
1403638593.0778295994 6.00088 -5.66360 1.58376 0.13662 0.80552 -0.22621 0.53038
1403638593.1778295040 6.04983 -5.68552 1.61826 0.13682 0.80385 -0.22519 0.53328
1403638593.2778294086 6.10291 -5.71328 1.65701 0.14371 0.80072 -0.22122 0.53782
1403638593.3778295517 6.15722 -5.74218 1.70337 0.15285 0.79750 -0.21593 0.54222
1403638593.4778294563 6.21140 -5.77049 1.74691 0.16126 0.79300 -0.21175 0.54801
1403638593.5778295994 6.26706 -5.79685 1.78370 0.16596 0.79017 -0.21033 0.55122
1403638593.6778295040 6.32256 -5.81953 1.81316 0.16868 0.78894 -0.20996 0.55230
1403638593.7778294086 6.38001 -5.83915 1.83846 0.17015 0.78559 -0.21013 0.55654
1403638593.8778295517 6.43656 -5.85442 1.86245 0.16643 0.77521 -0.20971 0.57217
1403638593.9778294563 6.48865 -5.86346 1.89266 0.16015 0.77196 -0.20645 0.57949
1403638594.0778295994 6.53464 -5.86892 1.92609 0.15171 0.77763 -0.20468 0.57479
1403638594.1778295040 6.57369 -5.87165 1.96332 0.14930 0.78392 -0.20034 0.56837
1403638594.2778294086 6.60769 -5.87202 1.99847 0.14960 0.78651 -0.19564 0.56635
1403638594.3778295517 6.63997 -5.86955 2.02937 0.15217 0.78572 -0.19070 0.56844
1403638594.4778294563 6.66741 -5.86294 2.06669 0.15596 0.78459 -0.18517 0.57080
1403638594.5778295994 6.69251 -5.85133 2.10623 0.15040 0.78481 -0.18710 0.57136
1403638594.6778295040 6.71039 -5.83456 2.15508 0.14473 0.78525 -0.19034 0.57115
1403638594.7778294086 6.72906 -5.81809 2.19669 0.14256 0.78588 -0.19239 0.57013
1403638594.8778295517 6.73856 -5.79715 2.23602 0.14127 0.78583 -0.19407 0.56996
1403638594.9778294563 6.75135 -5.77775 2.26373 0.14230 0.78763 -0.19466 0.56701
1403638595.0778295994 6.76193 -5.75653 2.28618 0.14090 0.78873 -0.19652 0.56519
1403638595.1778295040 6.77128 -5.73502 2.30265 0.14074 0.78916 -0.19778 0.56419
1403638595.2778294086 6.77911 -5.71321 2.31329 0.14129 0.78957 -0.19808 0.56336
1403638595.3778295517 6.77700 -5.68475 2.32416 0.14122 0.78916 -0.19882 0.56369
1403638595.4778294563 6.78064 -5.66313 2.32228 0.14127 0.78949 -0.19905 0.56315
1403638595.5778295994 6.78299 -5.64046 2.31951 0.14129 0.79029 -0.19878 0.56211
1403638595.6778295040 6.78354 -5.61684 2.32175 0.14369 0.79039 -0.19710 0.56195
1403638595.7778294086 6.78310 -5.59117 2.32880 0.14794 0.79146 -0.19419 0.56035
1403638595.8778295517 6.78348 -5.56415 2.33333 0.14921 0.79189 -0.19355 0.55963
1403638595.9778294563 6.78357 -5.53654 2.32431 0.15162 0.79166 -0.19208 0.55981
1403638596.0778295994 6.78021 -5.50194 2.30839 0.15910 0.79252 -0.18728 0.55814
1403638596.1778295040 6.78092 -5.46916 2.28723 0.17023 0.79426 -0.17944 0.55495
1403638596.2778294086 6.78308 -5.42774 2.27291 0.18181 0.79629 -0.17084 0.55107
1403638596.3778295517 6.78451 -5.37364 2.27009 0.19111 0.79671 -0.16331 0.54959
1403638596.4778294563 6.79290 -5.31308 2.27281 0.19657 0.79659 -0.15844 0.54927
1403638596.5778295994 6.80585 -5.23833 2.28679 0.20323 0.79757 -0.15303 0.54696
1403638596.6778295040 6.82536 -5.15108 2.30635 0.21073 0.79806 -0.14700 0.54506
1403638596.7778294086 6.85201 -5.04781 2.33305 0.21457 0.79830 -0.14360 0.54411
1403638596.8778295517 6.88417 -4.92846 2.36840 0.21811 0.79778 -0.14069 0.54422
1403638596.9778294563 6.92228 -4.79233 2.40366 0.21991 0.79655 -0.13968 0.54556
1403638597.0778295994 6.96424 -4.64371 2.43480 0.22262 0.79573 -0.13855 0.54594
1403638597.1778295040 7.01279 -4.47828 2.46060 0.22497 0.79392 -0.13821 0.54770
1403638597.2778294086 7.06322 -4.29835 2.47887 0.22258 0.79113 -0.14109 0.55196
1403638597.3778295517 7.11873 -4.10292 2.49034 0.21787 0.78924 -0.14583 0.55531
1403638597.4778294563 7.17859 -3.89120 2.49973 0.20948 0.78576 -0.15274 0.56158
1403638597.5778295994 7.23781 -3.66937 2.50393 0.19698 0.78085 -0.16204 0.57028
1403638597.6778295040 7.29512 -3.43845 2.50320 0.19266 0.77839 -0.16595 0.57398
1403638597.7778294086 7.35017 -3.19851 2.49709 0.19671 0.78035 -0.16091 0.57137
1403638597.8778295517 7.40339 -2.94989 2.48635 0.20081 0.78336 -0.14968 0.56888
1403638597.9778294563 7.45459 -2.69261 2.47247 0.20189 0.78534 -0.14058 0.56808
1403638598.0778295994 7.50810 -2.42385 2.46304 0.19511 0.78567 -0.13807 0.57060
1403638598.1778295040 7.56074 -2.14252 2.45961 0.17359 0.78694 -0.14732 0.57349
1403638598.2778294086 7.61137 -1.85452 2.46075 0.15615 0.78862 -0.15583 0.57395
1403638598.3778295517 7.66079 -1.56626 2.45998 0.14518 0.79029 -0.16119 0.57305
1403638598.4778294563 7.70942 -1.27933 2.45314 0.14084 0.79258 -0.16304 0.57044
1403638598.5778295994 7.75491 -0.99473 2.43841 0.13581 0.79473 -0.16108 0.56922
1403638598.6778295040 7.79891 -0.71117 2.41812 0.13145 0.79745 -0.15262 0.56877
1403638598.7778294086 7.84066 -0.43021 2.39904 0.12303 0.80017 -0.14184 0.56962
1403638598.8778295517 7.87960 -0.15176 2.38667 0.11386 0.80188 -0.12738 0.57254
1403638598.9778294563 7.91423 0.12263 2.37780 0.10387 0.80511 -0.11101 0.57331
1403638599.0778295994 7.94722 0.39426 2.37333 0.09176 0.80729 -0.09430 0.57530
1403638599.1778295040 7.97834 0.66495 2.37461 0.07974 0.80942 -0.07663 0.57672
1403638599.2778294086 8.00687 0.93463 2.38003 0.06871 0.81223 -0.05764 0.57641
1403638599.3778295517 8.03347 1.20303 2.39274 0.05609 0.81621 -0.04042 0.57360
1403638599.4778294563 8.05786 1.46992 2.41064 0.04691 0.81894 -0.02709 0.57131
1403638599.5778295994 8.08155 1.73613 2.42687 0.04129 0.82160 -0.01861 0.56826
1403638599.6778295040 8.10491 2.00097 2.43459 0.03760 0.82325 -0.01400 0.56625
1403638599.7778294086 8.13011 2.26537 2.43386 0.03638 0.82341 -0.01292 0.56613
1403638599.8778295517 8.15872 2.52791 2.42644 0.03444 0.82463 -0.01542 0.56441
1403638599.9778294563 8.18818 2.78610 2.41508 0.03066 0.82463 -0.02097 0.56445
1403638600.0778295994 8.22270 3.04316 2.39976 0.02427 0.82550 -0.02881 0.56314
1403638600.1778295040 8.25991 3.29488 2.38072 0.01215 0.82681 -0.04064 0.56088
1403638600.2778294086 8.29812 3.53811 2.35597 0.00212 0.82853 -0.05140 0.55757
1403638600.3778295517 8.33955 3.77040 2.33013 -0.00551 0.82963 -0.06006 0.55504
1403638600.4778294563 8.38444 3.99020 2.31101 -0.01177 0.83055 -0.06662 0.55283
1403638600.5778295994 8.43293 4.19405 2.30238 -0.00970 0.83106 -0.06731 0.55201
1403638600.6778295040 8.48380 4.38234 2.30167 -0.01262 0.83242 -0.07036 0.54952
1403638600.7778294086 8.53918 4.55570 2.30805 -0.01249 0.83611 -0.07035 0.54388
1403638600.8778295517 8.59949 4.71365 2.31979 -0.00171 0.84020 -0.06170 0.53876
1403638600.9778294563 8.66515 4.85757 2.32910 0.01488 0.84277 -0.04825 0.53590
1403638601.0778295994 8.73648 4.99308 2.33335 0.02394 0.84343 -0.04019 0.53520
1403638601.1778295040 8.81541 5.12452 2.33343 0.03186 0.84226 -0.03368 0.53708
1403638601.2778294086 8.90218 5.25414 2.32999 0.04158 0.83610 -0.02587 0.54638
1403638601.3778295517 8.99400 5.38416 2.32533 0.03909 0.83119 -0.02176 0.55419
1403638601.4778294563 9.09010 5.51759 2.32444 0.02627 0.82699 -0.01688 0.56134
1403638601.5778295994 9.16235 5.59894 2.33083 0.01526 0.82265 -0.00196 0.56834
1403638601.6778295040 9.25767 5.72863 2.34300 0.00423 0.82085 0.01821 0.57083
1403638601.7778294086 9.35582 5.86684 2.36237 -0.00821 0.81901 0.04375 0.57205
1403638601.8778295517 9.44807 6.00026 2.38981 -0.02195 0.81516 0.07298 0.57420
1403638601.9778294563 9.53583 6.13388 2.41833 -0.03680 0.81294 0.09652 0.57311
1403638602.0778295994 9.62150 6.26840 2.44082 -0.04838 0.81197 0.11353 0.57050
1403638602.1778295040 9.70350 6.40486 2.45688 -0.05419 0.80789 0.12936 0.57241
1403638602.2778294086 9.78305 6.54594 2.46826 -0.06158 0.80157 0.14706 0.57625
1403638602.3778295517 9.85726 6.69046 2.47964 -0.08377 0.79109 0.16001 0.58443
1403638602.4778294563 9.92429 6.83659 2.50141 -0.11796 0.76947 0.16730 0.60499
1403638602.5778295994 9.97942 6.97683 2.53085 -0.15257 0.74818 0.17307 0.62209
1403638602.6778295040 10.01889 7.10347 2.56550 -0.17318 0.73852 0.18684 0.62425
1403638602.7778294086 10.03925 7.21381 2.60487 -0.18436 0.73499 0.20659 0.61896
1403638602.8778295517 10.04007 7.30840 2.64853 -0.19565 0.73242 0.22625 0.61163
1403638602.9778294563 10.02596 7.39118 2.69496 -0.21564 0.73327 0.24147 0.59792
1403638603.0778295994 10.00083 7.45918 2.73808 -0.23468 0.72894 0.25623 0.58984
1403638603.1778295040 9.96995 7.51405 2.77444 -0.24696 0.72225 0.27078 0.58656
1403638603.2778294086 9.93150 7.55400 2.79849 -0.24578 0.73030 0.28750 0.56886
1403638603.3778295517 9.88761 7.58243 2.81284 -0.23974 0.74358 0.30128 0.54666
1403638603.4778294563 9.84291 7.60654 2.82275 -0.23675 0.75223 0.30804 0.53218
1403638603.5778295994 9.80050 7.62956 2.83024 -0.23804 0.75024 0.31238 0.53188
1403638603.6778295040 9.75659 7.65011 2.83338 -0.23981 0.74265 0.31506 0.54010
1403638603.7778294086 9.71466 7.66456 2.82842 -0.23323 0.73418 0.32180 0.55048
1403638603.8778295517 9.66329 7.67487 2.81861 -0.22622 0.72667 0.32704 0.56020
1403638603.9778294563 9.60463 7.68384 2.80405 -0.22082 0.71998 0.33008 0.56914
1403638604.0778295994 9.54169 7.69117 2.78214 -0.21467 0.71658 0.33294 0.57409
1403638604.1778295040 9.46374 7.69851 2.76599 -0.21338 0.71604 0.33375 0.57478
1403638604.2778294086 9.37981 7.70098 2.75585 -0.22001 0.71987 0.32986 0.56972
1403638604.3778295517 9.28093 7.69987 2.75364 -0.22572 0.72745 0.32639 0.55976
1403638604.4778294563 9.17654 7.69475 2.75842 -0.22390 0.73537 0.32760 0.54935
1403638604.5778295994 9.07029 7.68791 2.76858 -0.22214 0.74008 0.32865 0.54307
1403638604.6778295040 8.96177 7.67997 2.77398 -0.22492 0.74327 0.32687 0.53863
1403638604.7778294086 8.85416 7.66945 2.77426 -0.22914 0.74517 0.32407 0.53591
1403638604.8778295517 8.74524 7.65767 2.77383 -0.23028 0.74834 0.32321 0.53151
1403638604.9778294563 8.64141 7.64216 2.77747 -0.22815 0.75440 0.32473 0.52286
1403638605.0778295994 8.54050 7.62468 2.78784 -0.22599 0.76087 0.32646 0.51325
1403638605.1778295040 8.44108 7.60895 2.80610 -0.22371 0.76488 0.32826 0.50711
1403638605.2778294086 8.34537 7.59963 2.82572 -0.21982 0.76581 0.33079 0.50576
1403638605.3778295517 8.25474 7.59513 2.84007 -0.21343 0.76129 0.33514 0.51242
1403638605.4778294563 8.17067 7.59772 2.85168 -0.20562 0.75142 0.34103 0.52611
1403638605.5778295994 8.08111 7.60164 2.85346 -0.19963 0.74320 0.34548 0.53706
1403638605.6778295040 7.98839 7.60978 2.85049 -0.19478 0.73754 0.34890 0.54439
1403638605.7778294086 7.88776 7.62304 2.85130 -0.19309 0.73665 0.34994 0.54552
1403638605.8778295517 7.78826 7.64400 2.86449 -0.19032 0.73666 0.35157 0.54545
1403638605.9778294563 7.67717 7.67065 2.88028 -0.18621 0.73597 0.35344 0.54658
1403638606.0778295994 7.56561 7.70497 2.89716 -0.18359 0.73612 0.35415 0.54681
1403638606.1778295040 7.43902 7.74206 2.90307 -0.18015 0.73592 0.35562 0.54727
1403638606.2778294086 7.31390 7.78810 2.90617 -0.17809 0.73713 0.35593 0.54612
1403638606.3778295517 7.17547 7.83626 2.89619 -0.18413 0.74541 0.35078 0.53611
1403638606.4778294563 7.03205 7.89167 2.88252 -0.19279 0.75536 0.34370 0.52358
1403638606.5778295994 6.89034 7.95247 2.86371 -0.20026 0.76372 0.33874 0.51175
1403638606.6778295040 6.74858 8.02111 2.84164 -0.20604 0.76692 0.34066 0.50332
1403638606.7778294086 6.61173 8.09599 2.81527 -0.21119 0.76716 0.34975 0.49451
1403638606.8778295517 6.48353 8.17672 2.78691 -0.22008 0.76399 0.36249 0.48629
1403638606.9778294563 6.36555 8.26477 2.76340 -0.23134 0.75732 0.37823 0.47946
1403638607.0778295994 6.25225 8.36181 2.75004 -0.24557 0.74916 0.39287 0.47339
1403638607.1778295040 6.14950 8.46490 2.74452 -0.26201 0.73976 0.40023 0.47321
1403638607.2778294086 6.05668 8.57035 2.73887 -0.27555 0.72637 0.40514 0.48200
1403638607.3778295517 5.96761 8.67778 2.72464 -0.28811 0.71793 0.40550 0.48697
1403638607.4778294563 5.88307 8.78458 2.70130 -0.29394 0.71488 0.40676 0.48693
1403638607.5778295994 5.80303 8.88786 2.67065 -0.29594 0.71388 0.40813 0.48604
1403638607.6778295040 5.72410 8.98938 2.63694 -0.29746 0.71217 0.40816 0.48758
1403638607.7778294086 5.64130 9.09664 2.59962 -0.29555 0.71081 0.40856 0.49038
1403638607.8778295517 5.56810 9.19544 2.55917 -0.29669 0.71299 0.40635 0.48836
1403638607.9778294563 5.50404 9.28956 2.51456 -0.29908 0.71729 0.40280 0.48353
1403638608.0778295994 5.44068 9.38435 2.46617 -0.29961 0.71596 0.40026 0.48727
1403638608.1778295040 5.38365 9.47336 2.41316 -0.29549 0.71293 0.40075 0.49378
1403638608.2778294086 5.33336 9.55670 2.35534 -0.29391 0.70828 0.40025 0.50175
1403638608.3778295517 5.28182 9.63517 2.29363 -0.29389 0.70239 0.39928 0.51074
1403638608.4778294563 5.23135 9.71068 2.22604 -0.29401 0.70226 0.39888 0.51116
1403638608.5778295994 5.17887 9.78023 2.15374 -0.29229 0.70377 0.39949 0.50958
1403638608.6778295040 5.12843 9.84603 2.08409 -0.29767 0.70087 0.39568 0.51343
1403638608.7778294086 5.07494 9.90258 2.02012 -0.29820 0.70095 0.39539 0.51324
1403638608.8778295517 5.02343 9.95090 1.96170 -0.29718 0.70437 0.39663 0.50816
1403638608.9778294563 4.97157 9.99637 1.90971 -0.29654 0.70849 0.39734 0.50222
1403638609.0778295994 4.92038 10.03690 1.86545 -0.29613 0.71122 0.39775 0.49826
1403638609.1778295040 4.87001 10.07365 1.82760 -0.29810 0.71159 0.39639 0.49765
1403638609.2778294086 4.82168 10.10846 1.78798 -0.30607 0.71149 0.39068 0.49746
1403638609.3778295517 4.77945 10.13853 1.74074 -0.30493 0.71175 0.39118 0.49740
1403638609.4778294563 4.73876 10.16501 1.68750 -0.30123 0.71188 0.39333 0.49777
1403638609.5778295994 4.70252 10.18367 1.62776 -0.29780 0.71191 0.39532 0.49822
1403638609.6778295040 4.66678 10.20657 1.56205 -0.29567 0.71099 0.39686 0.49958
1403638609.7778294086 4.63579 10.21938 1.49672 -0.29453 0.71109 0.39763 0.49949
1403638609.8778295517 4.60620 10.23571 1.43879 -0.29508 0.71128 0.39734 0.49912
1403638609.9778294563 4.57927 10.24422 1.38830 -0.29601 0.71076 0.39656 0.49993
1403638610.0778295994 4.55607 10.25086 1.34852 -0.29934 0.70840 0.39416 0.50319
1403638610.1778295040 4.53436 10.25299 1.31090 -0.30033 0.70528 0.39344 0.50753
1403638610.2778294086 4.51280 10.25044 1.26937 -0.30269 0.70390 0.39151 0.50953
1403638610.3778295517 4.49200 10.24242 1.22107 -0.30356 0.70349 0.39088 0.51006
1403638610.4778294563 4.47278 10.22558 1.17110 -0.30374 0.70179 0.39046 0.51261
1403638610.5778295994 4.45280 10.20650 1.11364 -0.30632 0.69646 0.38848 0.51980
1403638610.6778295040 4.43035 10.17902 1.05602 -0.31056 0.69126 0.38549 0.52642
1403638610.7778294086 4.40429 10.14327 1.00063 -0.30843 0.69668 0.38797 0.51864
1403638610.8778295517 4.37796 10.10207 0.95394 -0.30503 0.70319 0.39165 0.50902
1403638610.9778294563 4.35175 10.05578 0.91612 -0.30567 0.70358 0.39189 0.50790
1403638611.0778295994 4.32691 10.00514 0.87639 -0.30869 0.70066 0.39014 0.51144
1403638611.1778295040 4.30519 9.95029 0.83012 -0.31004 0.69971 0.39036 0.51176
1403638611.2778294086 4.28305 9.88915 0.78341 -0.30951 0.69936 0.39134 0.51182
1403638611.3778295517 4.26008 9.82004 0.74108 -0.30299 0.69711 0.39588 0.51528
1403638611.4778294563 4.23111 9.74652 0.70503 -0.29039 0.69316 0.40387 0.52162
1403638611.5778295994 4.20311 9.67128 0.67582 -0.28153 0.69293 0.40912 0.52270
1403638611.6778295040 4.16419 9.59305 0.65299 -0.27982 0.69538 0.40933 0.52019
1403638611.7778294086 4.12370 9.51437 0.62840 -0.28574 0.70104 0.40479 0.51288
1403638611.8778295517 4.08498 9.43668 0.59850 -0.29126 0.70650 0.40021 0.50582
1403638611.9778294563 4.04350 9.35714 0.56434 -0.29408 0.70981 0.39743 0.50173
1403638612.0778295994 4.00301 9.27680 0.53066 -0.29358 0.71175 0.39705 0.49958
1403638612.1778295040 3.96718 9.19704 0.50437 -0.29505 0.71293 0.39545 0.49829
1403638612.2778294086 3.93324 9.11731 0.48751 -0.29557 0.71292 0.39475 0.49855
1403638612.3778295517 3.90337 9.03730 0.47514 -0.29389 0.71249 0.39536 0.49967
1403638612.4778294563 3.87292 8.95280 0.45914 -0.29313 0.71126 0.39468 0.50240
1403638612.5778295994 3.84540 8.87020 0.43768 -0.29007 0.70910 0.39533 0.50670
1403638612.6778295040 3.81736 8.78722 0.40908 -0.28409 0.70727 0.39783 0.51068
1403638612.7778294086 3.78677 8.70243 0.37358 -0.28109 0.70633 0.39768 0.51376
1403638612.8778295517 3.75557 8.61961 0.34003 -0.28115 0.70510 0.39544 0.51713
1403638612.9778294563 3.71700 8.53053 0.30728 -0.28204 0.70562 0.39331 0.51754
1403638613.0778295994 3.68099 8.44872 0.28581 -0.28277 0.70839 0.39205 0.51432
1403638613.1778295040 3.64165 8.36540 0.27169 -0.28243 0.71081 0.39169 0.51143
1403638613.2778294086 3.59986 8.28033 0.26457 -0.28160 0.71128 0.39188 0.51109
1403638613.3778295517 3.55852 8.19724 0.26355 -0.28086 0.71085 0.39240 0.51170
1403638613.4778294563 3.51391 8.10896 0.26053 -0.28148 0.71024 0.39136 0.51300
1403638613.5778295994 3.47088 8.02618 0.25128 -0.28063 0.71137 0.38698 0.51522
1403638613.6778295040 3.42654 7.94357 0.23632 -0.28445 0.71178 0.38026 0.51756
1403638613.7778294086 3.37878 7.85411 0.21413 -0.28809 0.71016 0.37268 0.52325
1403638613.8778295517 3.33325 7.76572 0.18351 -0.28484 0.71204 0.36449 0.52822
1403638613.9778294563 3.28477 7.66748 0.14908 -0.27706 0.71763 0.35433 0.53168
1403638614.0778295994 3.23742 7.56890 0.11162 -0.26496 0.72521 0.34215 0.53554
1403638614.1778295040 3.18555 7.46261 0.07312 -0.25020 0.73493 0.32878 0.53776
1403638614.2778294086 3.13175 7.35385 0.03983 -0.23914 0.74327 0.31488 0.53964
1403638614.3778295517 3.07702 7.24649 0.01240 -0.23052 0.74957 0.30513 0.54028
1403638614.4778294563 3.01992 7.13833 -0.00645 -0.22706 0.75392 0.29600 0.54078
1403638614.5778295994 2.96264 7.02836 -0.01691 -0.22315 0.75805 0.28746 0.54122
1403638614.6778295040 2.90897 6.92017 -0.01935 -0.22010 0.76279 0.27524 0.54217
1403638614.7778294086 2.85884 6.81173 -0.00952 -0.21847 0.77206 0.25827 0.53805
1403638614.8778295517 2.81267 6.70346 0.01034 -0.21104 0.78255 0.24025 0.53419
1403638614.9778294563 2.77219 6.59235 0.03673 -0.19791 0.79103 0.22073 0.53515
1403638615.0778295994 2.73959 6.48010 0.06838 -0.17966 0.79760 0.19962 0.54010
1403638615.1778295040 2.71387 6.36682 0.10550 -0.15779 0.80015 0.17734 0.55083
1403638615.2778294086 2.69101 6.24964 0.14605 -0.13235 0.80162 0.15580 0.56179
1403638615.3778295517 2.66815 6.13212 0.18249 -0.11071 0.80425 0.13021 0.56919
1403638615.4778294563 2.64586 6.01484 0.21271 -0.09019 0.80627 0.10417 0.57527
1403638615.5778295994 2.62090 5.89531 0.23524 -0.07300 0.80860 0.07968 0.57834
1403638615.6778295040 2.59462 5.77580 0.25330 -0.05973 0.80999 0.06226 0.58006
1403638615.7778294086 2.56693 5.65680 0.27733 -0.05202 0.81079 0.04976 0.58090
1403638615.8778295517 2.53791 5.54035 0.30872 -0.04681 0.81155 0.03790 0.58116
1403638615.9778294563 2.50951 5.42490 0.33829 -0.03961 0.81266 0.02593 0.58082
1403638616.0778295994 2.47933 5.30614 0.36184 -0.03072 0.81279 0.01367 0.58159
1403638616.1778295040 2.44781 5.18581 0.37263 -0.02102 0.81342 -0.00044 0.58129
1403638616.2778294086 2.41561 5.06546 0.36595 -0.01046 0.81369 -0.01866 0.58090
1403638616.3778295517 2.38278 4.94383 0.34450 0.00273 0.81361 -0.03798 0.58016
1403638616.4778294563 2.34923 4.82170 0.31522 0.01320 0.81340 -0.05593 0.57887
1403638616.5778295994 2.31565 4.70029 0.28238 0.02244 0.81456 -0.06853 0.57558
1403638616.6778295040 2.28269 4.57949 0.24558 0.02797 0.81882 -0.07842 0.56798
1403638616.7778294086 2.25046 4.45817 0.20428 0.02443 0.82688 -0.08906 0.55474
1403638616.8778295517 2.22439 4.33715 0.16252 0.02025 0.83237 -0.09614 0.54545
1403638616.9778294563 2.20639 4.21077 0.12909 0.02568 0.83072 -0.09376 0.54813
1403638617.0778295994 2.19379 4.07776 0.10592 0.03157 0.82732 -0.08860 0.55380
1403638617.1778295040 2.18421 3.94206 0.09124 0.03778 0.82479 -0.08161 0.55824
1403638617.2778294086 2.17820 3.80604 0.08157 0.03932 0.82743 -0.07707 0.55486
1403638617.3778295517 2.17786 3.67201 0.07783 0.03881 0.83166 -0.07448 0.54889
1403638617.4778294563 2.18401 3.54162 0.08314 0.03849 0.83464 -0.07151 0.54478
1403638617.5778295994 2.19680 3.41450 0.09705 0.03845 0.83556 -0.06875 0.54372
1403638617.6778295040 2.21740 3.29113 0.11979 0.03983 0.83441 -0.06491 0.54586
1403638617.7778294086 2.24265 3.16945 0.15039 0.04024 0.83295 -0.06222 0.54837
1403638617.8778295517 2.27546 3.04942 0.18834 0.04143 0.83318 -0.05900 0.54829
1403638617.9778294563 2.31497 2.93876 0.23024 0.03972 0.83222 -0.05862 0.54991
1403638618.0778295994 2.35827 2.83003 0.26658 0.03919 0.83195 -0.05742 0.55047
1403638618.1778295040 2.40651 2.72594 0.29608 0.03702 0.83215 -0.05745 0.55032
1403638618.2778294086 2.45559 2.61928 0.31977 0.03757 0.83224 -0.05597 0.55030
1403638618.3778295517 2.51124 2.52195 0.33873 0.03761 0.83159 -0.05501 0.55137
1403638618.4778294563 2.56804 2.42115 0.35582 0.03743 0.83179 -0.05379 0.55120
1403638618.5778295994 2.63139 2.32572 0.37027 0.03875 0.83087 -0.05299 0.55259
1403638618.6778295040 2.69556 2.22857 0.38312 0.04265 0.83060 -0.05610 0.55239
1403638618.7778294086 2.76727 2.13709 0.39960 0.04533 0.82980 -0.05927 0.55305
1403638618.8778295517 2.84174 2.05004 0.42178 0.04852 0.82793 -0.06253 0.55522
1403638618.9778294563 2.91889 1.96322 0.44601 0.05476 0.82343 -0.07125 0.56026
1403638619.0778295994 2.99699 1.87770 0.46313 0.06679 0.81923 -0.08472 0.56323
1403638619.1778295040 3.07611 1.79317 0.47278 0.08042 0.81483 -0.10336 0.56471
1403638619.2778294086 3.15500 1.71353 0.47485 0.09441 0.80982 -0.12724 0.56488
1403638619.3778295517 3.23335 1.63640 0.46779 0.11056 0.80422 -0.15151 0.56396
1403638619.4778294563 3.31178 1.56241 0.45711 0.12110 0.79899 -0.17249 0.56321
1403638619.5778295994 3.39144 1.49071 0.44534 0.12761 0.79462 -0.18802 0.56297
1403638619.6778295040 3.46970 1.42130 0.43061 0.12394 0.79039 -0.20427 0.56409
1403638619.7778294086 3.54554 1.35188 0.41362 0.12038 0.78743 -0.21571 0.56475
1403638619.8778295517 3.61752 1.28054 0.39521 0.12012 0.78501 -0.22206 0.56570
1403638619.9778294563 3.68325 1.20753 0.37151 0.12147 0.78399 -0.22570 0.56540
1403638620.0778295994 3.74482 1.13157 0.35307 0.12375 0.78137 -0.22719 0.56791
1403638620.1778295040 3.79959 1.05270 0.33717 0.12854 0.77837 -0.22595 0.57146
1403638620.2778294086 3.84806 0.97217 0.33131 0.13125 0.77901 -0.22482 0.57041
1403638620.3778295517 3.88915 0.89093 0.33074 0.13391 0.78051 -0.22275 0.56855
1403638620.4778294563 3.92569 0.80907 0.33809 0.13493 0.78177 -0.22070 0.56738
1403638620.5778295994 3.95758 0.72649 0.34311 0.13447 0.78322 -0.21918 0.56608
1403638620.6778295040 3.98609 0.64399 0.34313 0.13147 0.78576 -0.21919 0.56325
1403638620.7778294086 4.01168 0.55993 0.33825 0.12773 0.78915 -0.21968 0.55916
1403638620.8778295517 4.03470 0.47482 0.32842 0.13080 0.79254 -0.21534 0.55534
1403638620.9778294563 4.05648 0.39016 0.31569 0.13538 0.79341 -0.20946 0.55525
1403638621.0778295994 4.07907 0.30166 0.30232 0.13918 0.79211 -0.20427 0.55810
1403638621.1778295040 4.09935 0.21790 0.29261 0.13798 0.79098 -0.20240 0.56067
1403638621.2778294086 4.12233 0.13195 0.29044 0.13833 0.79001 -0.19969 0.56291
1403638621.3778295517 4.14146 0.05184 0.29208 0.13998 0.79102 -0.19672 0.56213
1403638621.4778294563 4.15740 -0.01920 0.29138 0.14076 0.78933 -0.19457 0.56505
1403638621.5778295994 4.17457 -0.09356 0.28232 0.14088 0.78726 -0.19243 0.56863
1403638621.6778295040 4.18865 -0.16243 0.26886 0.14060 0.78634 -0.19139 0.57032
1403638621.7778294086 4.19843 -0.22301 0.25293 0.14169 0.78480 -0.19003 0.57263
1403638621.8778295517 4.20574 -0.28453 0.23165 0.14375 0.78145 -0.18806 0.57733
1403638621.9778294563 4.20928 -0.33842 0.20790 0.14437 0.77893 -0.18735 0.58079
1403638622.0778295994 4.20797 -0.38306 0.18134 0.14304 0.77851 -0.18843 0.58135
1403638622.1778295040 4.20171 -0.42781 0.15004 0.13983 0.77938 -0.19041 0.58031
1403638622.2778294086 4.19145 -0.46741 0.12324 0.13709 0.77860 -0.19280 0.58121
1403638622.3778295517 4.17627 -0.50345 0.10406 0.13771 0.77955 -0.19342 0.57959
1403638622.4778294563 4.15342 -0.52603 0.09733 0.14143 0.78043 -0.19191 0.57801
1403638622.5778295994 4.12783 -0.55675 0.09315 0.14489 0.78028 -0.19063 0.57778
1403638622.6778295040 4.09798 -0.56875 0.10277 0.14917 0.77629 -0.18882 0.58263
1403638622.7778294086 4.06384 -0.58903 0.11821 0.15254 0.76518 -0.18692 0.59690
1403638622.8778295517 4.02658 -0.59890 0.14142 0.15456 0.76044 -0.18631 0.60261
1403638622.9778294563 3.98032 -0.60371 0.16144 0.15291 0.76417 -0.18891 0.59747
1403638623.0778295994 3.92444 -0.60308 0.17356 0.14891 0.77049 -0.19276 0.58908
1403638623.1778295040 3.86240 -0.59530 0.18087 0.14368 0.77423 -0.19675 0.58414
1403638623.2778294086 3.79435 -0.57937 0.18455 0.14048 0.77749 -0.19933 0.57969
1403638623.3778295517 3.72266 -0.56967 0.18243 0.13801 0.78000 -0.20120 0.57625
1403638623.4778294563 3.64696 -0.55281 0.17771 0.13861 0.78169 -0.20116 0.57384
1403638623.5778295994 3.56977 -0.54041 0.17354 0.13994 0.78186 -0.20049 0.57352
1403638623.6778295040 3.48992 -0.52324 0.17923 0.14131 0.78239 -0.19999 0.57262
1403638623.7778294086 3.40529 -0.50869 0.18960 0.14344 0.78342 -0.19980 0.57075
1403638623.8778295517 3.31672 -0.49123 0.20525 0.14476 0.78456 -0.19996 0.56880
1403638623.9778294563 3.22478 -0.47212 0.21997 0.14622 0.78568 -0.20051 0.56667
1403638624.0778295994 3.13263 -0.45120 0.22934 0.14452 0.78586 -0.20332 0.56586
1403638624.1778295040 3.03781 -0.43078 0.23445 0.14203 0.78567 -0.20571 0.56589
1403638624.2778294086 2.94290 -0.40799 0.23320 0.14000 0.78522 -0.20835 0.56606
1403638624.3778295517 2.84826 -0.38598 0.22887 0.13961 0.78466 -0.21011 0.56628
1403638624.4778294563 2.75363 -0.36679 0.22308 0.14101 0.78449 -0.21033 0.56609
1403638624.5778295994 2.65562 -0.34505 0.21019 0.13685 0.77597 -0.21471 0.57710
1403638624.6778295040 2.55496 -0.32446 0.19510 0.13876 0.77183 -0.21222 0.58309
1403638624.7778294086 2.45242 -0.30607 0.18488 0.14328 0.77830 -0.20253 0.57681
1403638624.8778295517 2.34364 -0.28152 0.18049 0.14436 0.78475 -0.19461 0.57048
1403638624.9778294563 2.24020 -0.26018 0.18451 0.13692 0.78816 -0.19260 0.56829
1403638625.0778295994 2.13660 -0.23801 0.18965 0.12924 0.78931 -0.19164 0.56883
1403638625.1778295040 2.02693 -0.21176 0.18960 0.12286 0.79021 -0.19189 0.56891
1403638625.2778294086 1.92212 -0.19159 0.18700 0.12076 0.79121 -0.19031 0.56850
1403638625.3778295517 1.81253 -0.16865 0.18173 0.11962 0.79140 -0.18929 0.56881
1403638625.4778294563 1.70845 -0.15199 0.18391 0.11860 0.79094 -0.18886 0.56980
1403638625.5778295994 1.59896 -0.13182 0.19030 0.11922 0.79153 -0.18818 0.56908
1403638625.6778295040 1.49101 -0.11434 0.20445 0.11923 0.79316 -0.18819 0.56680
1403638625.7778294086 1.38013 -0.09773 0.22176 0.11775 0.79765 -0.18948 0.56035
1403638625.8778295517 1.27206 -0.08103 0.23266 0.11781 0.80023 -0.19004 0.55645
1403638625.9778294563 1.16351 -0.06812 0.24035 0.11883 0.80065 -0.19016 0.55559
1403638626.0778295994 1.06024 -0.05644 0.24125 0.11720 0.80184 -0.19203 0.55357
1403638626.1778295040 0.95718 -0.04695 0.23810 0.11740 0.80221 -0.19242 0.55285
1403638626.2778294086 0.85868 -0.04033 0.23015 0.12045 0.80081 -0.19097 0.55473
1403638626.3778295517 0.75812 -0.03390 0.21976 0.12847 0.79917 -0.18557 0.55713
1403638626.4778294563 0.66428 -0.02809 0.20526 0.13099 0.79803 -0.18335 0.55890
1403638626.5778295994 0.56932 -0.02107 0.18953 0.13151 0.80042 -0.18251 0.55563
1403638626.6778295040 0.48077 -0.01434 0.17463 0.13015 0.80231 -0.18303 0.55305
1403638626.7778294086 0.39509 -0.00584 0.16353 0.12729 0.80611 -0.18497 0.54751
1403638626.8778295517 0.31259 0.00142 0.16052 0.12657 0.80885 -0.18486 0.54367
1403638626.9778294563 0.23388 0.00856 0.16394 0.12581 0.80975 -0.18500 0.54245
1403638627.0778295994 0.16439 0.01430 0.16594 0.12515 0.80987 -0.18463 0.54255
1403638627.1778295040 0.09966 0.01766 0.16197 0.12439 0.80982 -0.18451 0.54283
1403638627.2778294086 0.04106 0.02002 0.15660 0.12569 0.80992 -0.18317 0.54285
1403638627.3778295517 -0.01228 0.02214 0.14849 0.12777 0.80943 -0.18127 0.54373
1403638627.4778294563 -0.06020 0.02381 0.13714 0.12795 0.80985 -0.18100 0.54315
1403638627.5778295994 -0.10274 0.02522 0.12389 0.12928 0.80873 -0.18055 0.54465
1403638627.6778295040 -0.13042 0.02411 0.10640 0.13153 0.80583 -0.17968 0.54868
1403638627.7778294086 -0.16457 0.02609 0.09126 0.13341 0.80401 -0.17871 0.55121
1403638627.8778295517 -0.19458 0.02958 0.07469 0.13440 0.80336 -0.17870 0.55192
1403638627.9778294563 -0.22367 0.03445 0.05818 0.13467 0.80531 -0.17892 0.54894
1403638628.0778295994 -0.23369 0.03805 0.03815 0.13560 0.80647 -0.17929 0.54689
1403638628.1778295040 -0.25760 0.04538 0.02523 0.13660 0.80700 -0.17982 0.54567
1403638628.2778294086 -0.27419 0.05364 0.01318 0.13674 0.80719 -0.18053 0.54511
1403638628.3778295517 -0.27475 0.06008 0.00070 0.13536 0.80773 -0.18211 0.54414
1403638628.4778294563 -0.28440 0.07056 -0.00493 0.12963 0.80474 -0.18662 0.54842
1403638628.5778295994 -0.28868 0.08034 -0.00718 0.12208 0.79735 -0.19196 0.55900
1403638628.6778295040 -0.29347 0.08918 -0.00801 0.11682 0.79313 -0.19577 0.56478
1403638628.7778294086 -0.27465 0.09668 -0.01066 0.11876 0.79440 -0.19527 0.56275
1403638628.8778295517 -0.28068 0.10228 -0.01891 0.12319 0.79514 -0.19256 0.56169
1403638628.9778294563 -0.28933 0.10583 -0.03087 0.12805 0.79594 -0.18967 0.56046
1403638629.0778295994 -0.29955 0.11016 -0.04100 0.13274 0.79724 -0.18630 0.55864
1403638629.1778295040 -0.30941 0.11222 -0.04609 0.13495 0.79852 -0.18425 0.55697
1403638629.2778294086 -0.32218 0.11947 -0.05133 0.13554 0.79885 -0.18350 0.55660
1403638629.3778295517 -0.33125 0.12643 -0.05385 0.13619 0.80190 -0.18370 0.55196
1403638629.4778294563 -0.33607 0.13475 -0.05514 0.13453 0.80624 -0.18570 0.54534
1403638629.5778295994 -0.33104 0.14063 -0.05394 0.13079 0.80912 -0.18861 0.54097
1403638629.6778295040 -0.32215 0.14494 -0.05095 0.11994 0.80667 -0.19680 0.54421
1403638629.7778294086 -0.31360 0.14780 -0.04737 0.11358 0.80084 -0.20182 0.55229
1403638629.8778295517 -0.30585 0.14803 -0.04772 0.11239 0.79437 -0.20314 0.56133
1403638629.9778294563 -0.30016 0.14469 -0.05626 0.12370 0.78912 -0.19602 0.56882
1403638630.0778295994 -0.29815 0.14071 -0.07471 0.13298 0.78583 -0.18972 0.57341
1403638630.1778295040 -0.29868 0.13863 -0.10335 0.13719 0.78875 -0.18644 0.56946
1403638630.2778294086 -0.30318 0.13805 -0.13781 0.13769 0.79331 -0.18593 0.56314
1403638630.3778295517 -0.30200 0.14073 -0.16387 0.13254 0.81263 -0.18780 0.53553
1403638630.4778294563 -0.29039 0.14076 -0.15282 0.13319 0.79475 -0.18531 0.56239
1403638630.5778295994 -0.28055 0.14075 -0.15439 0.13283 0.79399 -0.18640 0.56319
1403638630.6778295040 -0.27395 0.14079 -0.17694 0.12905 0.81303 -0.18429 0.53700
1403638630.7778294086 -0.27462 0.13383 -0.18030 0.13122 0.82013 -0.17878 0.52746
1403638630.8778295517 -0.28166 0.13379 -0.18531 0.12654 0.81878 -0.17975 0.53036
1403638630.9778294563 -0.28700 0.13447 -0.18866 0.12673 0.81864 -0.17998 0.53045
1403638631.0778295994 -0.29436 0.13549 -0.19292 0.12741 0.81873 -0.17950 0.53032
1403638631.1778295040 -0.30137 0.13616 -0.19714 0.12732 0.81875 -0.17973 0.53022
1403638631.2778294086 -0.30902 0.13709 -0.20096 0.12720 0.81882 -0.17972 0.53015
1403638631.3778295517 -0.31658 0.13790 -0.20450 0.12693 0.81888 -0.17991 0.53005
1403638631.4778294563 -0.32392 0.13867 -0.20780 0.12670 0.81881 -0.18019 0.53012
1403638631.5778295994 -0.33170 0.13941 -0.21121 0.12658 0.81879 -0.18028 0.53016
1403638631.6778295040 -0.33916 0.13992 -0.21434 0.12626 0.81877 -0.18068 0.53013
