1403638523.0778295994 0.02695 0.00456 0.33684 -0.07302 0.80747 0.01787 0.58510
1403638523.1778295040 0.02941 -0.00057 0.35205 -0.07280 0.80713 0.01833 0.58558
1403638523.2778294086 0.02747 -0.00841 0.33961 -0.06362 0.80485 0.01814 0.58978
1403638523.3778295517 0.02678 -0.01333 0.30823 -0.05913 0.80377 0.01725 0.59174
1403638523.4778294563 0.02534 -0.01878 0.26968 -0.05439 0.80738 0.01976 0.58719
1403638523.5778295994 0.01998 -0.02558 0.22204 -0.04742 0.81655 0.02411 0.57482
1403638523.6778295040 0.01427 -0.03098 0.17724 -0.04046 0.82590 0.02695 0.56172
1403638523.7778294086 0.00909 -0.03632 0.13166 -0.03691 0.83049 0.02985 0.55501
1403638523.8778295517 0.00296 -0.04152 0.08837 -0.03375 0.83112 0.03278 0.55410
1403638523.9778294563 -0.00200 -0.04655 0.05568 -0.02471 0.83122 0.03888 0.55403
1403638524.0778295994 -0.00597 -0.05059 0.04210 -0.01782 0.83438 0.04735 0.54886
1403638524.1778295040 -0.00763 -0.04967 0.05760 -0.01812 0.83897 0.05211 0.54137
1403638524.2778294086 -0.00160 -0.04702 0.12097 -0.02402 0.84037 0.05287 0.53890
1403638524.3778295517 0.00161 -0.04743 0.17717 -0.03335 0.83768 0.05116 0.54274
1403638524.4778294563 0.00827 -0.04650 0.23682 -0.04018 0.83119 0.04918 0.55235
1403638524.5778295994 0.01676 -0.04432 0.29534 -0.04323 0.82244 0.04770 0.56520
1403638524.6778295040 0.02556 -0.04188 0.34780 -0.03947 0.81601 0.04234 0.57513
1403638524.7778294086 0.03265 -0.03751 0.38658 -0.02655 0.81229 0.03712 0.58147
1403638524.8778295517 0.03753 -0.03315 0.41066 -0.02260 0.81085 0.03430 0.58381
1403638524.9778294563 0.03924 -0.02983 0.41813 -0.02899 0.80936 0.03650 0.58546
1403638525.0778295994 0.03999 -0.02860 0.40344 -0.02667 0.80672 0.03993 0.58898
1403638525.1778295040 0.04092 -0.02782 0.36845 -0.02433 0.80530 0.04449 0.59070
1403638525.2778294086 0.03938 -0.02891 0.32268 -0.02439 0.80795 0.04945 0.58666
1403638525.3778295517 0.03743 -0.02919 0.26814 -0.02691 0.81685 0.05436 0.57365
1403638525.4778294563 0.03313 -0.02883 0.21469 -0.03536 0.82906 0.05617 0.55520
1403638525.5778295994 0.02789 -0.03062 0.17006 -0.04161 0.83809 0.05565 0.54109
1403638525.6778295040 0.02474 -0.03302 0.13192 -0.04254 0.84104 0.05260 0.53673
1403638525.7778294086 0.02402 -0.03371 0.10122 -0.03960 0.83956 0.04668 0.53981
1403638525.8778295517 0.02450 -0.03598 0.07915 -0.03260 0.83604 0.04236 0.54605
1403638525.9778294563 0.02139 -0.04463 0.06754 -0.02416 0.83475 0.04117 0.54856
1403638526.0778295994 0.01855 -0.06461 0.07052 -0.01970 0.83648 0.03898 0.54625
1403638526.1778295040 0.01618 -0.09331 0.08625 -0.01769 0.83900 0.02979 0.54302
1403638526.2778294086 0.01212 -0.12901 0.10064 -0.01407 0.83812 0.02066 0.54491
1403638526.3778295517 0.00514 -0.16933 0.11585 -0.01165 0.83403 0.01200 0.55147
1403638526.4778294563 -0.00439 -0.21418 0.12876 -0.01031 0.82897 0.00098 0.55920
1403638526.5778295994 -0.01517 -0.26506 0.13770 -0.00887 0.82369 -0.01003 0.56689
1403638526.6778295040 -0.02761 -0.32367 0.14470 -0.00453 0.81856 -0.01829 0.57412
1403638526.7778294086 -0.04273 -0.38886 0.14973 0.00373 0.81547 -0.02361 0.57831
1403638526.8778295517 -0.05968 -0.45212 0.15292 0.01176 0.81473 -0.02682 0.57909
1403638526.9778294563 -0.07696 -0.51301 0.15547 0.01609 0.81780 -0.03321 0.57431
1403638527.0778295994 -0.09176 -0.57050 0.15870 0.02382 0.82227 -0.04633 0.56670
1403638527.1778295040 -0.10312 -0.62214 0.16407 0.03169 0.82402 -0.06149 0.56232
1403638527.2778294086 -0.10972 -0.66245 0.17043 0.04331 0.82108 -0.07523 0.56417
1403638527.3778295517 -0.11097 -0.68526 0.17621 0.05888 0.81594 -0.08397 0.56897
1403638527.4778294563 -0.10741 -0.68672 0.17946 0.06936 0.81231 -0.08842 0.57230
1403638527.5778295994 -0.09906 -0.66675 0.17953 0.07256 0.81159 -0.08973 0.57271
1403638527.6778295040 -0.08619 -0.62910 0.17778 0.07106 0.81210 -0.08632 0.57271
1403638527.7778294086 -0.07173 -0.58232 0.17639 0.06582 0.81349 -0.07927 0.57238
1403638527.8778295517 -0.05621 -0.52780 0.17804 0.05219 0.81665 -0.07469 0.56989
1403638527.9778294563 -0.03770 -0.46957 0.18173 0.04248 0.81754 -0.07019 0.57000
1403638528.0778295994 -0.01836 -0.41093 0.18360 0.03629 0.81631 -0.06322 0.57299
1403638528.1778295040 0.00177 -0.35530 0.18071 0.02721 0.81674 -0.05483 0.57375
1403638528.2778294086 0.02769 -0.30630 0.17626 0.01529 0.81824 -0.04469 0.57294
1403638528.3778295517 0.05770 -0.26897 0.16958 0.00868 0.81789 -0.03693 0.57412
1403638528.4778294563 0.09419 -0.24479 0.16444 0.01065 0.81715 -0.03383 0.57534
1403638528.5778295994 0.13094 -0.22760 0.16081 0.01251 0.81899 -0.03853 0.57238
1403638528.6778295040 0.16400 -0.21393 0.15953 0.01185 0.82012 -0.04646 0.57018
1403638528.7778294086 0.19160 -0.20537 0.16203 0.01736 0.81911 -0.05186 0.57102
1403638528.8778295517 0.20534 -0.19950 0.16863 0.01401 0.81798 -0.05960 0.57198
1403638528.9778294563 0.20664 -0.19134 0.18248 0.00766 0.81766 -0.06652 0.57180
1403638529.0778295994 0.18619 -0.18225 0.19890 0.00924 0.81845 -0.06804 0.57046
1403638529.1778295040 0.15688 -0.16406 0.20897 0.02656 0.81930 -0.06135 0.56945
1403638529.2778294086 0.12193 -0.14117 0.20833 0.03855 0.82116 -0.05555 0.56668
1403638529.3778295517 0.09045 -0.11124 0.19829 0.04284 0.82641 -0.05141 0.55908
1403638529.4778294563 0.06092 -0.09089 0.17745 0.04157 0.83647 -0.04929 0.54421
1403638529.5778295994 0.03734 -0.07693 0.15238 0.03936 0.84666 -0.04677 0.52862
1403638529.6778295040 0.01998 -0.06873 0.12706 0.04076 0.85053 -0.04400 0.52249
1403638529.7778294086 0.01112 -0.05970 0.10320 0.04030 0.84698 -0.04337 0.52831
1403638529.8778295517 0.00870 -0.05203 0.08126 0.03917 0.84059 -0.04444 0.53843
1403638529.9778294563 0.00981 -0.04966 0.06681 0.03903 0.83798 -0.04475 0.54246
1403638530.0778295994 0.01929 -0.04966 0.05768 0.03982 0.83937 -0.04546 0.54019
1403638530.1778295040 0.03258 -0.05092 0.04884 0.04100 0.84097 -0.05005 0.53720
1403638530.2778294086 0.04750 -0.05321 0.03880 0.04336 0.84039 -0.05618 0.53732
1403638530.3778295517 0.06072 -0.05715 0.02896 0.04607 0.83961 -0.06147 0.53773
1403638530.4778294563 0.07234 -0.06145 0.02149 0.04649 0.83926 -0.06543 0.53777
1403638530.5778295994 0.08002 -0.06608 0.01584 0.04588 0.83916 -0.06882 0.53755
1403638530.6778295040 0.08438 -0.06975 0.01069 0.04709 0.84204 -0.07114 0.53262
1403638530.7778294086 0.08748 -0.07209 0.00515 0.04716 0.84539 -0.07280 0.52705
1403638530.8778295517 0.08964 -0.07353 0.00070 0.04525 0.84603 -0.07221 0.52628
1403638530.9778294563 0.09098 -0.07398 -0.00241 0.04404 0.84380 -0.07215 0.52995
1403638531.0778295994 0.09109 -0.07362 -0.00436 0.04483 0.84038 -0.07072 0.53549
1403638531.1778295040 0.09103 -0.07188 -0.00365 0.04551 0.83826 -0.06853 0.53903
1403638531.2778294086 0.09144 -0.07082 -0.00512 0.04829 0.83706 -0.06713 0.54082
1403638531.3778295517 0.09134 -0.07001 -0.00543 0.04823 0.83583 -0.06727 0.54271
1403638531.4778294563 0.09115 -0.07038 -0.00527 0.04842 0.83475 -0.06764 0.54431
1403638531.5778295994 0.09098 -0.07044 -0.00539 0.04900 0.83507 -0.06655 0.54391
1403638531.6778295040 0.09096 -0.07022 -0.00549 0.04824 0.83513 -0.06713 0.54380
1403638531.7778294086 0.09105 -0.07029 -0.00548 0.04859 0.83504 -0.06717 0.54391
1403638531.8778295517 0.09100 -0.07030 -0.00550 0.04872 0.83508 -0.06706 0.54385
1403638531.9778294563 0.09104 -0.07035 -0.00552 0.04894 0.83505 -0.06706 0.54388
1403638532.0778295994 0.09103 -0.07037 -0.00555 0.04907 0.83503 -0.06693 0.54390
1403638532.1778295040 0.09105 -0.07035 -0.00556 0.04899 0.83501 -0.06699 0.54395
1403638532.2778294086 0.09107 -0.07031 -0.00556 0.04885 0.83498 -0.06716 0.54398
1403638532.3778295517 0.09106 -0.07029 -0.00557 0.04876 0.83495 -0.06717 0.54403
1403638532.4778294563 0.09108 -0.07030 -0.00557 0.04869 0.83492 -0.06725 0.54407
1403638532.5778295994 0.09107 -0.07029 -0.00559 0.04869 0.83493 -0.06728 0.54405
1403638532.6778295040 0.09110 -0.07031 -0.00558 0.04875 0.83490 -0.06725 0.54410
1403638532.7778294086 0.09107 -0.07032 -0.00559 0.04884 0.83492 -0.06714 0.54408
1403638532.8778295517 0.09107 -0.07031 -0.00558 0.04890 0.83490 -0.06716 0.54409
1403638532.9778294563 0.09108 -0.07032 -0.00557 0.04889 0.83487 -0.06715 0.54414
1403638533.0778295994 0.09106 -0.07032 -0.00558 0.04890 0.83488 -0.06717 0.54413
1403638533.1778295040 0.09108 -0.07032 -0.00559 0.04888 0.83483 -0.06721 0.54420
1403638533.2778294086 0.09107 -0.07032 -0.00560 0.04886 0.83481 -0.06723 0.54422
1403638533.3778295517 0.09107 -0.07032 -0.00560 0.04892 0.83480 -0.06719 0.54424
1403638533.4778294563 0.09108 -0.07034 -0.00559 0.04890 0.83479 -0.06720 0.54426
1403638533.5778295994 0.09106 -0.07032 -0.00561 0.04889 0.83479 -0.06722 0.54426
1403638533.6778295040 0.09107 -0.07032 -0.00560 0.04887 0.83477 -0.06728 0.54429
1403638533.7778294086 0.09106 -0.07031 -0.00561 0.04888 0.83476 -0.06730 0.54430
1403638533.8778295517 0.09107 -0.07028 -0.00561 0.04867 0.83480 -0.06704 0.54429
1403638533.9778294563 0.09110 -0.07032 -0.00562 0.04882 0.83479 -0.06728 0.54426
1403638534.0778295994 0.09102 -0.07034 -0.00562 0.04923 0.83472 -0.06766 0.54428
1403638534.1778295040 0.09105 -0.07035 -0.00559 0.04887 0.83476 -0.06747 0.54427
1403638534.2778294086 0.09105 -0.07029 -0.00556 0.04863 0.83486 -0.06736 0.54416
1403638534.3778295517 0.09107 -0.07028 -0.00556 0.04866 0.83486 -0.06740 0.54416
1403638534.4778294563 0.09109 -0.07033 -0.00560 0.04883 0.83487 -0.06768 0.54409
1403638534.5778295994 0.09110 -0.07030 -0.00559 0.04870 0.83496 -0.06739 0.54399
1403638534.6778295040 0.09112 -0.07025 -0.00558 0.04851 0.83497 -0.06719 0.54402
1403638534.7778294086 0.09110 -0.07028 -0.00557 0.04863 0.83497 -0.06710 0.54402
1403638534.8778295517 0.09110 -0.07032 -0.00558 0.04893 0.83491 -0.06728 0.54406
1403638534.9778294563 0.09108 -0.07037 -0.00557 0.04900 0.83495 -0.06733 0.54399
1403638535.0778295994 0.09108 -0.07037 -0.00557 0.04888 0.83501 -0.06733 0.54390
1403638535.1778295040 0.09109 -0.07037 -0.00558 0.04880 0.83498 -0.06737 0.54395
1403638535.2778294086 0.09108 -0.07036 -0.00558 0.04873 0.83499 -0.06736 0.54395
1403638535.3778295517 0.09107 -0.07034 -0.00556 0.04878 0.83499 -0.06733 0.54394
1403638535.4778294563 0.09107 -0.07035 -0.00555 0.04887 0.83500 -0.06734 0.54392
1403638535.5778295994 0.09108 -0.07034 -0.00554 0.04884 0.83502 -0.06729 0.54390
1403638535.6778295040 0.09108 -0.07033 -0.00556 0.04879 0.83501 -0.06733 0.54392
1403638535.7778294086 0.09107 -0.07035 -0.00556 0.04883 0.83499 -0.06733 0.54394
1403638535.8778295517 0.09108 -0.07034 -0.00556 0.04874 0.83501 -0.06728 0.54392
1403638535.9778294563 0.09106 -0.07033 -0.00555 0.04871 0.83506 -0.06727 0.54385
1403638536.0778295994 0.09107 -0.07034 -0.00555 0.04869 0.83502 -0.06734 0.54391
1403638536.1778295040 0.09107 -0.07035 -0.00555 0.04868 0.83501 -0.06736 0.54392
1403638536.2778294086 0.09107 -0.07035 -0.00555 0.04872 0.83503 -0.06732 0.54390
1403638536.3778295517 0.09107 -0.07036 -0.00555 0.04875 0.83499 -0.06734 0.54395
1403638536.4778294563 0.09106 -0.07035 -0.00555 0.04875 0.83499 -0.06732 0.54395
1403638536.5778295994 0.09106 -0.07035 -0.00555 0.04867 0.83501 -0.06732 0.54393
1403638536.6778295040 0.09106 -0.07035 -0.00556 0.04867 0.83501 -0.06730 0.54393
1403638536.7778294086 0.09104 -0.07035 -0.00557 0.04872 0.83498 -0.06735 0.54396
1403638536.8778295517 0.09104 -0.07035 -0.00558 0.04863 0.83494 -0.06744 0.54403
1403638536.9778294563 0.09105 -0.07036 -0.00557 0.04857 0.83497 -0.06748 0.54398
1403638537.0778295994 0.09107 -0.07033 -0.00555 0.04859 0.83498 -0.06739 0.54397
1403638537.1778295040 0.09107 -0.07033 -0.00555 0.04873 0.83494 -0.06737 0.54402
1403638537.2778294086 0.09107 -0.07033 -0.00553 0.04886 0.83497 -0.06731 0.54398
1403638537.3778295517 0.09106 -0.07034 -0.00554 0.04886 0.83496 -0.06730 0.54400
1403638537.4778294563 0.09107 -0.07033 -0.00554 0.04882 0.83495 -0.06729 0.54401
1403638537.5778295994 0.09106 -0.07032 -0.00550 0.04887 0.83499 -0.06719 0.54395
1403638537.6778295040 0.09108 -0.07033 -0.00546 0.04893 0.83502 -0.06720 0.54390
1403638537.7778294086 0.09107 -0.07032 -0.00547 0.04888 0.83499 -0.06723 0.54395
1403638537.8778295517 0.09110 -0.07032 -0.00546 0.04899 0.83499 -0.06714 0.54395
1403638537.9778294563 0.09108 -0.07032 -0.00544 0.04904 0.83497 -0.06726 0.54397
1403638538.0778295994 0.09109 -0.07031 -0.00541 0.04900 0.83496 -0.06726 0.54399
1403638538.1778295040 0.09109 -0.07032 -0.00541 0.04904 0.83494 -0.06724 0.54402
1403638538.2778294086 0.09117 -0.07029 -0.00542 0.04905 0.83491 -0.06713 0.54408
1403638538.3778295517 0.09112 -0.07032 -0.00538 0.04921 0.83487 -0.06712 0.54412
1403638538.4778294563 0.09110 -0.07032 -0.00532 0.04919 0.83489 -0.06709 0.54409
1403638538.5778295994 0.09114 -0.07031 -0.00527 0.04941 0.83488 -0.06711 0.54409
1403638538.6778295040 0.09113 -0.07030 -0.00523 0.04922 0.83470 -0.06719 0.54437
1403638538.7778294086 0.09123 -0.07035 -0.00491 0.04904 0.83394 -0.06698 0.54558
1403638538.8778295517 0.09264 -0.06997 -0.00451 0.04828 0.83296 -0.06642 0.54721
1403638538.9778294563 0.09605 -0.06984 -0.00202 0.04913 0.82827 -0.06561 0.55430
1403638539.0778295994 0.10016 -0.06975 0.00164 0.05074 0.82266 -0.06699 0.56229
1403638539.1778295040 0.10786 -0.06983 0.00937 0.05001 0.81740 -0.06730 0.56993
1403638539.2778294086 0.11663 -0.06994 0.02483 0.04980 0.81374 -0.06646 0.57527
1403638539.3778295517 0.12491 -0.07001 0.04807 0.04934 0.81469 -0.06592 0.57402
1403638539.4778294563 0.13394 -0.07079 0.07756 0.04891 0.81677 -0.06493 0.57121
1403638539.5778295994 0.14394 -0.07220 0.10978 0.04856 0.81777 -0.06360 0.56996
1403638539.6778295040 0.15481 -0.07358 0.13693 0.04693 0.81841 -0.06321 0.56922
1403638539.7778294086 0.16459 -0.07432 0.15330 0.04733 0.81970 -0.06145 0.56752
1403638539.8778295517 0.17615 -0.07475 0.16251 0.04643 0.82227 -0.06092 0.56392
1403638539.9778294563 0.19139 -0.07471 0.17014 0.04466 0.82686 -0.06074 0.55733
1403638540.0778295994 0.21239 -0.07547 0.17658 0.04443 0.83279 -0.06076 0.54845
1403638540.1778295040 0.23681 -0.07710 0.18383 0.04410 0.83675 -0.06061 0.54242
1403638540.2778294086 0.27093 -0.07874 0.19808 0.04472 0.83261 -0.05922 0.54887
1403638540.3778295517 0.30862 -0.08066 0.20620 0.04556 0.82657 -0.05709 0.55808
1403638540.4778294563 0.35075 -0.08187 0.21361 0.04243 0.82439 -0.05105 0.56211
1403638540.5778295994 0.39726 -0.08211 0.21935 0.03523 0.82487 -0.03961 0.56284
1403638540.6778295040 0.44671 -0.08205 0.22511 0.02692 0.82533 -0.02247 0.56356
1403638540.7778294086 0.49785 -0.07981 0.22998 0.01903 0.82485 0.00151 0.56502
1403638540.8778295517 0.55062 -0.07468 0.23347 0.00871 0.82460 0.02948 0.56488
1403638540.9778294563 0.60365 -0.06462 0.23516 -0.00502 0.82345 0.05576 0.56462
1403638541.0778295994 0.65723 -0.05088 0.23455 -0.01881 0.82156 0.07526 0.56482
1403638541.1778295040 0.71236 -0.03394 0.22895 -0.02862 0.81998 0.08859 0.56477
1403638541.2778294086 0.76896 -0.01211 0.22090 -0.03375 0.81929 0.09740 0.56403
1403638541.3778295517 0.82620 0.01469 0.22044 -0.03677 0.81915 0.10104 0.56341
1403638541.4778294563 0.88215 0.04618 0.22590 -0.03799 0.81894 0.10132 0.56358
1403638541.5778295994 0.93825 0.08384 0.23786 -0.03730 0.81751 0.10195 0.56560
1403638541.6778295040 0.99675 0.12898 0.25792 -0.04152 0.81586 0.10501 0.56712
1403638541.7778294086 1.05401 0.17904 0.28358 -0.05147 0.81462 0.11061 0.56702
1403638541.8778295517 1.10778 0.23439 0.31677 -0.06339 0.81335 0.11955 0.56582
1403638541.9778294563 1.15986 0.29196 0.34690 -0.07514 0.81244 0.13383 0.56247
1403638542.0778295994 1.20961 0.35061 0.37050 -0.08904 0.81054 0.15080 0.55888
1403638542.1778295040 1.25868 0.41053 0.38828 -0.10432 0.80695 0.17064 0.55572
1403638542.2778294086 1.30593 0.47136 0.39957 -0.11909 0.80327 0.19384 0.55046
1403638542.3778295517 1.35375 0.53355 0.40787 -0.13268 0.79580 0.21562 0.55009
1403638542.4778294563 1.40114 0.59586 0.41371 -0.13880 0.78236 0.23607 0.55939
1403638542.5778295994 1.44626 0.65913 0.41694 -0.13496 0.77033 0.25474 0.56876
1403638542.6778295040 1.48594 0.72642 0.42180 -0.13578 0.76680 0.26422 0.56900
1403638542.7778294086 1.51749 0.79818 0.43336 -0.14514 0.77070 0.26323 0.56184
1403638542.8778295517 1.54288 0.87409 0.45197 -0.15230 0.77583 0.26024 0.55423
1403638542.9778294563 1.56407 0.95242 0.47766 -0.15681 0.78021 0.25723 0.54820
1403638543.0778295994 1.58242 1.03133 0.50567 -0.15989 0.78358 0.25427 0.54386
1403638543.1778295040 1.60178 1.11218 0.52882 -0.16035 0.78465 0.25195 0.54326
1403638543.2778294086 1.61655 1.19070 0.54743 -0.16083 0.78478 0.24974 0.54394
1403638543.3778295517 1.63628 1.27369 0.55819 -0.16048 0.78581 0.24890 0.54295
1403638543.4778294563 1.65569 1.35724 0.56549 -0.16297 0.78474 0.25347 0.54164
1403638543.5778295994 1.66634 1.43520 0.57241 -0.16846 0.78172 0.26475 0.53893
1403638543.6778295040 1.67783 1.51625 0.57519 -0.17567 0.77611 0.28254 0.53568
1403638543.7778294086 1.68927 1.59949 0.58016 -0.18611 0.76819 0.30396 0.53184
1403638543.8778295517 1.70130 1.68430 0.59277 -0.19795 0.75827 0.32651 0.52843
1403638543.9778294563 1.71475 1.77267 0.61190 -0.21215 0.74990 0.34485 0.52318
1403638544.0778295994 1.72833 1.86232 0.63507 -0.22724 0.74598 0.35616 0.51481
1403638544.1778295040 1.74332 1.95347 0.65777 -0.23781 0.74287 0.36274 0.50992
1403638544.2778294086 1.76046 2.04832 0.67418 -0.24472 0.74027 0.36619 0.50796
1403638544.3778295517 1.77894 2.14439 0.68421 -0.24636 0.73961 0.36879 0.50624
1403638544.4778294563 1.79932 2.24185 0.69187 -0.24552 0.74016 0.36989 0.50504
1403638544.5778295994 1.82294 2.34183 0.69737 -0.24737 0.73750 0.36908 0.50861
1403638544.6778295040 1.84469 2.44244 0.71146 -0.25240 0.73098 0.36850 0.51591
1403638544.7778294086 1.86795 2.54127 0.72663 -0.25370 0.73019 0.36947 0.51571
1403638544.8778295517 1.88587 2.63492 0.74321 -0.25182 0.73343 0.37169 0.51041
1403638544.9778294563 1.90860 2.73248 0.75184 -0.25198 0.73430 0.37235 0.50859
1403638545.0778295994 1.93147 2.82872 0.75477 -0.25351 0.73306 0.37229 0.50966
1403638545.1778295040 1.94596 2.91312 0.75475 -0.25327 0.73263 0.37329 0.50967
1403638545.2778294086 1.96933 3.00938 0.74533 -0.25254 0.73206 0.37489 0.50968
1403638545.3778295517 1.99209 3.10210 0.73167 -0.25437 0.72935 0.37405 0.51325
1403638545.4778294563 2.00416 3.17709 0.71746 -0.25662 0.72916 0.37492 0.51177
1403638545.5778295994 2.02479 3.27177 0.70299 -0.26085 0.72700 0.38156 0.50778
1403638545.6778295040 2.03687 3.34820 0.69808 -0.26983 0.72144 0.39306 0.50221
1403638545.7778294086 2.05084 3.42749 0.69987 -0.27883 0.71376 0.40962 0.49499
1403638545.8778295517 2.06708 3.51517 0.70845 -0.28989 0.70327 0.42922 0.48698
1403638545.9778294563 2.08397 3.60341 0.72389 -0.29985 0.69098 0.45131 0.47849
1403638546.0778295994 2.10192 3.69287 0.74237 -0.30643 0.67914 0.47038 0.47288
1403638546.1778295040 2.12184 3.78858 0.75547 -0.31420 0.67054 0.48279 0.46751
1403638546.2778294086 2.14065 3.88643 0.76126 -0.31928 0.66587 0.49043 0.46277
1403638546.3778295517 2.15916 3.98700 0.76192 -0.32565 0.66436 0.49264 0.45814
1403638546.4778294563 2.17640 4.08699 0.75716 -0.32844 0.66402 0.49391 0.45526
1403638546.5778295994 2.19310 4.18849 0.75227 -0.32948 0.66202 0.49711 0.45394
1403638546.6778295040 2.20957 4.29418 0.75234 -0.33307 0.65727 0.50303 0.45169
1403638546.7778294086 2.22385 4.39856 0.76307 -0.33551 0.65280 0.50870 0.45001
1403638546.8778295517 2.23779 4.50899 0.78250 -0.33608 0.64928 0.51355 0.44916
1403638546.9778294563 2.25132 4.62420 0.79976 -0.33463 0.64615 0.51788 0.44980
1403638547.0778295994 2.26440 4.74176 0.81070 -0.33260 0.64370 0.52119 0.45098
1403638547.1778295040 2.27303 4.86105 0.81320 -0.32945 0.64180 0.52432 0.45237
1403638547.2778294086 2.27907 4.98178 0.81384 -0.32747 0.64045 0.52580 0.45400
1403638547.3778295517 2.27723 5.10289 0.80724 -0.33038 0.64205 0.52338 0.45244
1403638547.4778294563 2.27515 5.22765 0.80099 -0.33499 0.64521 0.51959 0.44890
1403638547.5778295994 2.27097 5.35427 0.78946 -0.33806 0.64867 0.51612 0.44560
1403638547.6778295040 2.26038 5.47765 0.76834 -0.33841 0.65002 0.51430 0.44548
1403638547.7778294086 2.25300 5.60535 0.74683 -0.33625 0.64943 0.51481 0.44737
1403638547.8778295517 2.23775 5.72633 0.71670 -0.33245 0.64668 0.51674 0.45196
1403638547.9778294563 2.22582 5.85795 0.69246 -0.33258 0.64658 0.51707 0.45163
1403638548.0778295994 2.20551 5.98695 0.67053 -0.33515 0.64629 0.51920 0.44767
1403638548.1778295040 2.18967 6.13195 0.66293 -0.33958 0.64264 0.52468 0.44318
1403638548.2778294086 2.16492 6.26771 0.66016 -0.34620 0.63643 0.53317 0.43685
1403638548.3778295517 2.14112 6.41284 0.66771 -0.35390 0.62722 0.54468 0.42974
1403638548.4778294563 2.11711 6.56268 0.68292 -0.36209 0.61782 0.55542 0.42273
1403638548.5778295994 2.09230 6.70216 0.69833 -0.36873 0.61000 0.56338 0.41777
1403638548.6778295040 2.06824 6.84428 0.71005 -0.37367 0.60458 0.56885 0.41384
1403638548.7778294086 2.04411 6.98147 0.72066 -0.37659 0.60068 0.57287 0.41132
1403638548.8778295517 2.01965 7.12307 0.73689 -0.37801 0.59852 0.57555 0.40942
1403638548.9778294563 1.99471 7.26590 0.76116 -0.37952 0.59741 0.57650 0.40831
1403638549.0778295994 1.96921 7.41712 0.78668 -0.38008 0.59712 0.57694 0.40758
1403638549.1778295040 1.94398 7.55134 0.82317 -0.38147 0.59690 0.57603 0.40790
1403638549.2778294086 1.91829 7.70216 0.86081 -0.38224 0.59773 0.57506 0.40733
1403638549.3778295517 1.89303 7.83894 0.90777 -0.38470 0.59908 0.57270 0.40635
1403638549.4778294563 1.86754 7.99369 0.94681 -0.38659 0.60049 0.57057 0.40548
1403638549.5778295994 1.84362 8.13163 0.98578 -0.38816 0.60040 0.56887 0.40649
1403638549.6778295040 1.82012 8.29017 1.01492 -0.38950 0.59985 0.56739 0.40809
1403638549.7778294086 1.79950 8.42627 1.04900 -0.38812 0.59992 0.56791 0.40859
1403638549.8778295517 1.77871 8.58297 1.08523 -0.38718 0.60141 0.56806 0.40707
1403638549.9778294563 1.75841 8.72637 1.13398 -0.38701 0.60223 0.56807 0.40601
1403638550.0778295994 1.73966 8.88852 1.18713 -0.38731 0.60256 0.56782 0.40558
1403638550.1778295040 1.72393 9.03596 1.25155 -0.38825 0.60299 0.56765 0.40428
1403638550.2778294086 1.70962 9.20132 1.31966 -0.38779 0.60252 0.56855 0.40415
1403638550.3778295517 1.69686 9.35179 1.39331 -0.38798 0.60149 0.56891 0.40500
1403638550.4778294563 1.68533 9.52083 1.45767 -0.39075 0.60203 0.56741 0.40363
1403638550.5778295994 1.67835 9.67064 1.51573 -0.39484 0.60261 0.56501 0.40216
1403638550.6778295040 1.67468 9.81839 1.56818 -0.39989 0.60089 0.56160 0.40451
1403638550.7778294086 1.67453 9.96291 1.61576 -0.40302 0.60003 0.55938 0.40574
1403638550.8778295517 1.67857 10.11217 1.66014 -0.40903 0.59613 0.55518 0.41122
1403638550.9778294563 1.68472 10.25604 1.69875 -0.41477 0.59180 0.55076 0.41762
1403638551.0778295994 1.69248 10.39526 1.73422 -0.41852 0.58921 0.54789 0.42129
1403638551.1778295040 1.70327 10.52403 1.76857 -0.42307 0.58955 0.54511 0.41987
1403638551.2778294086 1.71866 10.64927 1.80791 -0.42387 0.59122 0.54399 0.41817
1403638551.3778295517 1.74025 10.77020 1.85372 -0.41928 0.59885 0.54090 0.41595
1403638551.4778294563 1.76872 10.88001 1.89289 -0.41205 0.61122 0.53146 0.41734
1403638551.5778295994 1.80470 10.98823 1.92889 -0.40602 0.62609 0.51502 0.42181
1403638551.6778295040 1.84728 11.08939 1.95787 -0.39941 0.64279 0.49639 0.42531
1403638551.7778294086 1.89904 11.18766 1.98199 -0.39036 0.65666 0.47776 0.43378
1403638551.8778295517 1.95910 11.27988 2.00182 -0.38036 0.66700 0.46208 0.44377
1403638551.9778294563 2.02666 11.36319 2.02450 -0.36849 0.67020 0.45433 0.45676
1403638552.0778295994 2.09939 11.43601 2.05446 -0.35899 0.67158 0.44927 0.46719
1403638552.1778295040 2.17499 11.49947 2.08920 -0.35327 0.67637 0.44612 0.46767
1403638552.2778294086 2.25310 11.55429 2.12882 -0.34924 0.68028 0.44505 0.46602
1403638552.3778295517 2.33396 11.60387 2.16771 -0.35133 0.68124 0.44218 0.46579
1403638552.4778294563 2.42054 11.65649 2.20204 -0.35856 0.67748 0.43674 0.47086
1403638552.5778295994 2.50960 11.69223 2.23131 -0.36413 0.67365 0.43335 0.47519
1403638552.6778295040 2.60132 11.71974 2.25411 -0.36477 0.67131 0.43460 0.47688
1403638552.7778294086 2.69640 11.73865 2.27048 -0.36421 0.67064 0.43687 0.47617
1403638552.8778295517 2.79619 11.75674 2.28174 -0.36209 0.66929 0.44084 0.47603
1403638552.9778294563 2.89584 11.75886 2.28868 -0.35776 0.66695 0.44690 0.47693
1403638553.0778295994 2.99986 11.76411 2.29028 -0.35407 0.66475 0.45232 0.47765
1403638553.1778295040 3.09859 11.75524 2.28906 -0.35948 0.66081 0.45105 0.48026
1403638553.2778294086 3.20298 11.74852 2.28920 -0.36669 0.65502 0.44791 0.48566
1403638553.3778295517 3.30204 11.72578 2.29354 -0.36822 0.64977 0.44880 0.49070
1403638553.4778294563 3.40030 11.69395 2.30330 -0.36457 0.64433 0.45240 0.49726
1403638553.5778295994 3.49827 11.65312 2.31978 -0.36139 0.64005 0.45544 0.50230
1403638553.6778295040 3.59426 11.60016 2.34008 -0.35914 0.63914 0.45780 0.50294
1403638553.7778294086 3.68475 11.53559 2.36878 -0.35724 0.63968 0.45969 0.50187
1403638553.8778295517 3.76698 11.46034 2.40234 -0.35500 0.64153 0.46114 0.49976
1403638553.9778294563 3.85078 11.38341 2.44042 -0.35425 0.64467 0.46153 0.49588
1403638554.0778295994 3.92300 11.29295 2.46887 -0.35276 0.64800 0.46239 0.49179
1403638554.1778295040 4.00292 11.20851 2.49945 -0.34784 0.65104 0.46602 0.48783
1403638554.2778294086 4.07288 11.11120 2.51596 -0.34003 0.65699 0.47177 0.47977
1403638554.3778295517 4.14624 11.02216 2.53535 -0.33409 0.66038 0.47627 0.47481
1403638554.4778294563 4.21488 10.93253 2.55080 -0.33137 0.66189 0.47841 0.47246
1403638554.5778295994 4.27925 10.84338 2.56169 -0.33243 0.66283 0.47805 0.47076
1403638554.6778295040 4.34162 10.75035 2.56972 -0.33842 0.66501 0.47426 0.46723
1403638554.7778294086 4.40215 10.66299 2.58671 -0.34325 0.66573 0.47096 0.46603
1403638554.8778295517 4.46510 10.57210 2.60591 -0.34635 0.66583 0.46902 0.46554
1403638554.9778294563 4.52940 10.48195 2.62637 -0.34892 0.66649 0.46583 0.46588
1403638555.0778295994 4.59427 10.39899 2.64311 -0.34514 0.66977 0.46142 0.46837
1403638555.1778295040 4.66151 10.30505 2.65004 -0.33854 0.67576 0.45469 0.47117
1403638555.2778294086 4.73043 10.22217 2.65732 -0.33229 0.68201 0.44652 0.47441
1403638555.3778295517 4.80277 10.13381 2.65893 -0.32514 0.68521 0.44175 0.47919
1403638555.4778294563 4.87545 10.04297 2.65570 -0.31930 0.68731 0.43863 0.48297
1403638555.5778295994 4.94826 9.95133 2.65082 -0.31693 0.68863 0.43594 0.48507
1403638555.6778295040 5.02072 9.85913 2.65152 -0.31633 0.69037 0.43426 0.48451
1403638555.7778294086 5.09222 9.76475 2.66130 -0.31539 0.69157 0.43442 0.48326
1403638555.8778295517 5.16265 9.66808 2.67879 -0.31473 0.69159 0.43542 0.48276
1403638555.9778294563 5.23372 9.57817 2.70268 -0.31338 0.69035 0.43709 0.48389
1403638556.0778295994 5.30609 9.48743 2.73028 -0.31187 0.69048 0.43845 0.48346
1403638556.1778295040 5.37776 9.40451 2.75401 -0.31091 0.69495 0.43892 0.47722
1403638556.2778294086 5.45136 9.31877 2.77100 -0.30949 0.69826 0.43993 0.47235
1403638556.3778295517 5.52465 9.24600 2.78463 -0.30813 0.70053 0.44061 0.46923
1403638556.4778294563 5.60269 9.16534 2.79542 -0.30582 0.70363 0.44189 0.46488
1403638556.5778295994 5.67928 9.10611 2.80789 -0.30518 0.70676 0.44138 0.46102
1403638556.6778295040 5.75895 9.05216 2.82113 -0.31254 0.70936 0.43519 0.45796
1403638556.7778294086 5.84467 8.98803 2.84225 -0.31908 0.70611 0.43049 0.46289
1403638556.8778295517 5.93014 8.94074 2.87050 -0.32464 0.70471 0.42612 0.46520
1403638556.9778294563 6.02019 8.89594 2.90200 -0.32786 0.70337 0.42345 0.46741
1403638557.0778295994 6.11643 8.85059 2.92718 -0.32631 0.70204 0.42482 0.46924
1403638557.1778295040 6.21846 8.80360 2.94514 -0.32462 0.70056 0.42637 0.47122
1403638557.2778294086 6.32401 8.75476 2.95682 -0.32349 0.69956 0.42746 0.47249
1403638557.3778295517 6.43596 8.70351 2.96400 -0.32101 0.69839 0.42965 0.47392
1403638557.4778294563 6.54925 8.65340 2.97335 -0.31547 0.69546 0.43412 0.47787
1403638557.5778295994 6.66254 8.60319 2.98857 -0.31093 0.69311 0.43732 0.48133
1403638557.6778295040 6.77510 8.55405 3.00846 -0.30837 0.69198 0.43926 0.48284
1403638557.7778294086 6.88647 8.50527 3.03128 -0.30834 0.69167 0.43895 0.48357
1403638557.8778295517 6.99884 8.45476 3.04903 -0.30547 0.69163 0.44039 0.48413
1403638557.9778294563 7.10669 8.40631 3.06093 -0.30265 0.69293 0.44197 0.48261
1403638558.0778295994 7.21325 8.35938 3.06704 -0.30165 0.69674 0.44266 0.47709
1403638558.1778295040 7.32153 8.31420 3.07049 -0.29881 0.70260 0.44410 0.46886
1403638558.2778294086 7.43140 8.27403 3.07942 -0.29530 0.70679 0.44576 0.46319
1403638558.3778295517 7.54044 8.24275 3.09833 -0.29050 0.70820 0.44844 0.46148
1403638558.4778294563 7.65001 8.21769 3.12503 -0.28414 0.71197 0.45199 0.45615
1403638558.5778295994 7.76062 8.20260 3.15912 -0.28535 0.71457 0.45064 0.45266
1403638558.6778295040 7.87486 8.19759 3.19926 -0.29361 0.71526 0.44414 0.45269
1403638558.7778294086 7.98978 8.19982 3.23907 -0.30139 0.71489 0.43803 0.45412
1403638558.8778295517 8.10863 8.20790 3.27059 -0.30392 0.71366 0.43583 0.45648
1403638558.9778294563 8.23144 8.21985 3.29489 -0.30563 0.70888 0.43463 0.46387
1403638559.0778295994 8.35817 8.23394 3.31135 -0.30620 0.70442 0.43451 0.47035
1403638559.1778295040 8.48438 8.25145 3.32072 -0.30644 0.70104 0.43494 0.47484
1403638559.2778294086 8.61063 8.27058 3.32350 -0.30431 0.69825 0.43730 0.47813
1403638559.3778295517 8.73736 8.29009 3.32012 -0.30065 0.69600 0.44057 0.48072
1403638559.4778294563 8.85792 8.31102 3.31205 -0.29846 0.69372 0.44275 0.48336
1403638559.5778295994 8.97756 8.33279 3.29931 -0.29737 0.69158 0.44430 0.48569
1403638559.6778295040 9.09435 8.35694 3.28363 -0.29798 0.69054 0.44448 0.48662
1403638559.7778294086 9.20699 8.38108 3.27116 -0.29833 0.68969 0.44519 0.48696
1403638559.8778295517 9.31647 8.40966 3.26411 -0.29966 0.69048 0.44443 0.48573
1403638559.9778294563 9.42419 8.43802 3.25800 -0.29853 0.69394 0.43846 0.48691
1403638560.0778295994 9.53130 8.46951 3.24670 -0.29310 0.70167 0.42547 0.49064
1403638560.1778295040 9.63674 8.49974 3.22806 -0.28329 0.71113 0.40724 0.49820
1403638560.2778294086 9.74172 8.53082 3.20420 -0.27091 0.72162 0.38586 0.50694
1403638560.3778295517 9.84620 8.56093 3.17835 -0.25959 0.72904 0.36147 0.52005
1403638560.4778294563 9.94691 8.58893 3.14893 -0.24680 0.73666 0.33617 0.53236
1403638560.5778295994 10.04359 8.61234 3.11483 -0.23549 0.74545 0.30915 0.54154
1403638560.6778295040 10.13646 8.63152 3.07676 -0.22585 0.75553 0.28100 0.54700
1403638560.7778294086 10.22552 8.64390 3.04201 -0.21869 0.76392 0.25528 0.55084
1403638560.8778295517 10.31159 8.64776 3.01526 -0.20795 0.77003 0.23232 0.55663
1403638560.9778294563 10.39728 8.64469 2.99634 -0.19564 0.77398 0.21129 0.56395
1403638561.0778295994 10.48171 8.63408 2.98525 -0.18333 0.77621 0.19132 0.57209
1403638561.1778295040 10.56121 8.61427 2.98048 -0.17234 0.77730 0.17358 0.57964
1403638561.2778294086 10.63603 8.58719 2.98279 -0.16539 0.77736 0.16017 0.58541
1403638561.3778295517 10.70217 8.55122 2.98788 -0.15636 0.78189 0.15528 0.58317
1403638561.4778294563 10.76545 8.50928 2.98867 -0.14285 0.78781 0.15876 0.57771
1403638561.5778295994 10.82731 8.46373 2.98372 -0.13323 0.79135 0.16341 0.57386
1403638561.6778295040 10.88652 8.41665 2.97412 -0.12942 0.79306 0.16623 0.57156
1403638561.7778294086 10.94339 8.36836 2.95940 -0.12848 0.79328 0.16852 0.57079
1403638561.8778295517 10.99450 8.31675 2.93762 -0.12599 0.79264 0.16921 0.57203
1403638561.9778294563 11.04907 8.26540 2.91231 -0.12077 0.79359 0.16479 0.57312
1403638562.0778295994 11.09428 8.21093 2.88826 -0.11345 0.79522 0.15606 0.57480
1403638562.1778295040 11.13922 8.15669 2.87166 -0.10582 0.79696 0.14627 0.57643
1403638562.2778294086 11.18138 8.10415 2.85976 -0.09930 0.79790 0.13797 0.57832
1403638562.3778295517 11.22068 8.05126 2.85436 -0.09323 0.79868 0.12599 0.58099
1403638562.4778294563 11.25619 7.99686 2.85304 -0.08529 0.80083 0.10987 0.58252
1403638562.5778295994 11.28917 7.94276 2.85890 -0.07572 0.80288 0.08972 0.58447
1403638562.6778295040 11.31808 7.88829 2.86983 -0.06700 0.80536 0.06549 0.58534
1403638562.7778294086 11.34411 7.83189 2.88259 -0.05822 0.80657 0.03922 0.58696
1403638562.8778295517 11.36583 7.77132 2.89153 -0.04481 0.80740 0.01459 0.58812
1403638562.9778294563 11.38352 7.70674 2.89471 -0.03045 0.80778 -0.00803 0.58864
1403638563.0778295994 11.39690 7.63897 2.89266 -0.02162 0.80730 -0.03202 0.58887
1403638563.1778295040 11.40345 7.56669 2.88647 -0.00995 0.80685 -0.05160 0.58842
1403638563.2778294086 11.40531 7.48948 2.87603 0.00138 0.80354 -0.06519 0.59168
1403638563.3778295517 11.40002 7.40842 2.86047 0.00792 0.79563 -0.07457 0.60113
1403638563.4778294563 11.38660 7.32443 2.83837 0.00921 0.78946 -0.08133 0.60833
1403638563.5778295994 11.36534 7.23550 2.81516 0.01479 0.79006 -0.08102 0.60747
1403638563.6778295040 11.33660 7.14176 2.79737 0.01493 0.79362 -0.08118 0.60279
1403638563.7778294086 11.30187 7.04139 2.78636 0.01190 0.79592 -0.08155 0.59976
1403638563.8778295517 11.26104 6.93503 2.78473 0.00877 0.79560 -0.08061 0.60037
1403638563.9778294563 11.21542 6.82293 2.78844 0.00532 0.79463 -0.07891 0.60192
1403638564.0778295994 11.16066 6.70628 2.79091 0.00086 0.79537 -0.07665 0.60125
1403638564.1778295040 11.09952 6.58400 2.78811 -0.00083 0.79543 -0.07194 0.60176
1403638564.2778294086 11.03545 6.45458 2.78294 0.00008 0.79397 -0.06641 0.60432
1403638564.3778295517 10.96166 6.32273 2.78329 0.00004 0.79269 -0.06129 0.60654
1403638564.4778294563 10.88306 6.18657 2.79121 0.00083 0.79153 -0.05699 0.60846
1403638564.5778295994 10.79261 6.04862 2.80307 -0.00190 0.79335 -0.05652 0.60613
1403638564.6778295040 10.69693 5.90961 2.81568 -0.00691 0.79506 -0.05949 0.60356
1403638564.7778294086 10.59109 5.76449 2.81971 -0.01064 0.79562 -0.06255 0.60247
1403638564.8778295517 10.48326 5.61674 2.82029 -0.01263 0.79510 -0.06514 0.60284
1403638564.9778294563 10.36867 5.45585 2.79701 -0.01448 0.79457 -0.06679 0.60331
1403638565.0778295994 10.24953 5.29514 2.76266 -0.01555 0.79496 -0.06766 0.60268
1403638565.1778295040 10.12691 5.13054 2.71207 -0.01586 0.79574 -0.06804 0.60160
1403638565.2778294086 10.00121 4.96223 2.65486 -0.01402 0.79675 -0.06744 0.60037
1403638565.3778295517 9.87287 4.79006 2.59428 -0.01104 0.79783 -0.06639 0.59912
1403638565.4778294563 9.74137 4.61240 2.53209 -0.00782 0.79720 -0.06560 0.60009
1403638565.5778295994 9.60731 4.43100 2.47583 -0.00091 0.79511 -0.06349 0.60313
1403638565.6778295040 9.46850 4.24737 2.42801 0.01115 0.79492 -0.05770 0.60386
1403638565.7778294086 9.32640 4.06360 2.38542 0.02037 0.79770 -0.05356 0.60033
1403638565.8778295517 9.17664 3.88207 2.35053 0.02776 0.79991 -0.05046 0.59734
1403638565.9778294563 9.02247 3.70273 2.31939 0.03031 0.80171 -0.05118 0.59474
1403638566.0778295994 8.86628 3.52688 2.28276 0.03195 0.80271 -0.05168 0.59327
1403638566.1778295040 8.70843 3.35358 2.23753 0.02996 0.80286 -0.05316 0.59304
1403638566.2778294086 8.54851 3.18308 2.18382 0.03063 0.80247 -0.05236 0.59360
1403638566.3778295517 8.38925 3.01565 2.12176 0.03091 0.80349 -0.05136 0.59229
1403638566.4778294563 8.23081 2.85129 2.05379 0.02760 0.80373 -0.05211 0.59206
1403638566.5778295994 8.07308 2.69093 1.97962 0.02691 0.80693 -0.05045 0.58788
1403638566.6778295040 7.91625 2.53502 1.89802 0.02601 0.81629 -0.04889 0.57499
1403638566.7778294086 7.76454 2.38364 1.81103 0.02515 0.82803 -0.04742 0.55811
1403638566.8778295517 7.62108 2.23626 1.72088 0.02348 0.83610 -0.04647 0.54611
1403638566.9778294563 7.48696 2.09245 1.62851 0.02357 0.84009 -0.04382 0.54017
1403638567.0778295994 7.36246 1.95498 1.53813 0.02376 0.83199 -0.04234 0.55267
1403638567.1778295040 7.24563 1.81993 1.44523 0.02627 0.81964 -0.04011 0.57086
1403638567.2778294086 7.13236 1.68705 1.34774 0.02972 0.81099 -0.03824 0.58305
1403638567.3778295517 7.01915 1.55924 1.24566 0.03285 0.80908 -0.03772 0.58556
1403638567.4778294563 6.90512 1.43503 1.14762 0.03489 0.80988 -0.03873 0.58427
1403638567.5778295994 6.79195 1.31546 1.05695 0.03632 0.81341 -0.04064 0.57913
1403638567.6778295040 6.67678 1.19678 0.97581 0.03967 0.81669 -0.04126 0.57424
1403638567.7778294086 6.56371 1.08188 0.90372 0.04167 0.81996 -0.04189 0.56936
1403638567.8778295517 6.45699 0.97240 0.84055 0.04086 0.82337 -0.04423 0.56430
1403638567.9778294563 6.35978 0.86821 0.78423 0.04089 0.82434 -0.04529 0.56280
1403638568.0778295994 6.26870 0.76843 0.73698 0.04401 0.82425 -0.04355 0.56284
1403638568.1778295040 6.18209 0.67404 0.69982 0.04616 0.82358 -0.04231 0.56373
1403638568.2778294086 6.09906 0.58554 0.67072 0.04726 0.82347 -0.04265 0.56378
1403638568.3778295517 6.02059 0.50182 0.64262 0.04741 0.82397 -0.04308 0.56300
1403638568.4778294563 5.94274 0.42161 0.60585 0.04793 0.82481 -0.04306 0.56172
1403638568.5778295994 5.87436 0.34882 0.57146 0.04892 0.82623 -0.04255 0.55959
1403638568.6778295040 5.80606 0.27770 0.52909 0.05024 0.82804 -0.04123 0.55689
1403638568.7778294086 5.74806 0.21681 0.49539 0.04997 0.82938 -0.04142 0.55490
1403638568.8778295517 5.69474 0.16274 0.47048 0.04815 0.82873 -0.04314 0.55590
1403638568.9778294563 5.64395 0.10882 0.44826 0.05010 0.82822 -0.04143 0.55662
1403638569.0778295994 5.60145 0.06418 0.43998 0.05172 0.82802 -0.04049 0.55684
1403638569.1778295040 5.55966 0.01963 0.43272 0.05230 0.82882 -0.04047 0.55559
1403638569.2778294086 5.52425 -0.01489 0.43107 0.05442 0.83008 -0.03955 0.55357
1403638569.3778295517 5.49282 -0.04878 0.41988 0.05528 0.83000 -0.03928 0.55362
1403638569.4778294563 5.46860 -0.07603 0.40656 0.05587 0.82860 -0.03885 0.55569
1403638569.5778295994 5.44900 -0.09869 0.38782 0.05660 0.82734 -0.03845 0.55751
1403638569.6778295040 5.43555 -0.11428 0.37529 0.05574 0.82622 -0.03937 0.55920
1403638569.7778294086 5.42586 -0.12400 0.36925 0.05671 0.82542 -0.03872 0.56033
1403638569.8778295517 5.42254 -0.12736 0.36958 0.05777 0.82423 -0.03764 0.56205
1403638569.9778294563 5.41918 -0.12783 0.37333 0.05654 0.82272 -0.03840 0.56433
1403638570.0778295994 5.42063 -0.12166 0.37493 0.05422 0.82213 -0.03990 0.56530
1403638570.1778295040 5.42468 -0.11150 0.37046 0.04925 0.82228 -0.04268 0.56534
1403638570.2778294086 5.43033 -0.09904 0.35988 0.04166 0.82171 -0.04728 0.56642
1403638570.3778295517 5.43754 -0.08558 0.34459 0.03532 0.82132 -0.05458 0.56675
1403638570.4778294563 5.44685 -0.07324 0.32398 0.03103 0.82050 -0.07016 0.56647
1403638570.5778295994 5.45138 -0.06683 0.29656 0.02399 0.81726 -0.09708 0.56753
1403638570.6778295040 5.45681 -0.06672 0.26544 0.02485 0.81140 -0.12620 0.57017
1403638570.7778294086 5.46007 -0.07691 0.23138 0.03228 0.79963 -0.15352 0.57963
1403638570.8778295517 5.45736 -0.09773 0.19517 0.04504 0.78732 -0.17770 0.58865
1403638570.9778294563 5.44678 -0.12911 0.15545 0.06054 0.77859 -0.19887 0.59210
1403638571.0778295994 5.42744 -0.17036 0.11127 0.07729 0.77531 -0.21791 0.58774
1403638571.1778295040 5.39779 -0.21943 0.06927 0.09851 0.77753 -0.23038 0.57677
1403638571.2778294086 5.36088 -0.27609 0.03697 0.11842 0.77855 -0.23679 0.56901
1403638571.3778295517 5.31648 -0.33654 0.01512 0.13091 0.77769 -0.24212 0.56519
1403638571.4778294563 5.26685 -0.40010 0.00313 0.13682 0.77472 -0.24675 0.56587
1403638571.5778295994 5.21204 -0.46644 -0.00506 0.14366 0.77218 -0.25084 0.56584
1403638571.6778295040 5.15344 -0.53530 -0.01726 0.14971 0.77161 -0.26017 0.56081
1403638571.7778294086 5.09154 -0.60742 -0.03471 0.15761 0.77067 -0.27355 0.55353
1403638571.8778295517 5.02726 -0.68293 -0.05652 0.16479 0.76719 -0.29116 0.54725
1403638571.9778294563 4.95982 -0.76242 -0.07492 0.17242 0.76059 -0.31096 0.54322
1403638572.0778295994 4.88908 -0.84537 -0.08552 0.18149 0.75312 -0.32995 0.53945
1403638572.1778295040 4.81391 -0.93170 -0.08708 0.19718 0.74582 -0.34491 0.53470
1403638572.2778294086 4.73544 -1.01995 -0.08379 0.21117 0.74100 -0.36140 0.52509
1403638572.3778295517 4.65585 -1.11151 -0.08251 0.22416 0.73558 -0.37963 0.51436
1403638572.4778294563 4.57566 -1.20688 -0.08410 0.23799 0.73117 -0.39263 0.50457
1403638572.5778295994 4.49705 -1.30537 -0.08665 0.24884 0.72706 -0.40120 0.49850
1403638572.6778295040 4.41985 -1.40771 -0.08798 0.25464 0.72510 -0.40657 0.49406
1403638572.7778294086 4.34580 -1.51423 -0.08090 0.26236 0.72646 -0.40641 0.48811
1403638572.8778295517 4.27568 -1.62423 -0.06581 0.26589 0.72889 -0.40580 0.48306
1403638572.9778294563 4.20972 -1.73707 -0.04588 0.26645 0.73107 -0.40486 0.48024
1403638573.0778295994 4.14811 -1.85305 -0.03032 0.26571 0.73317 -0.40373 0.47839
1403638573.1778295040 4.09022 -1.97232 -0.02142 0.26388 0.73483 -0.40255 0.47785
1403638573.2778294086 4.03618 -2.09312 -0.01369 0.26221 0.73631 -0.40057 0.47815
1403638573.3778295517 3.98783 -2.21848 -0.00581 0.26140 0.73714 -0.39971 0.47804
1403638573.4778294563 3.94488 -2.34506 0.00673 0.26445 0.73725 -0.39986 0.47607
1403638573.5778295994 3.90823 -2.47665 0.02579 0.26612 0.73716 -0.40017 0.47502
1403638573.6778295040 3.87727 -2.60841 0.05194 0.26896 0.73749 -0.40078 0.47239
1403638573.7778294086 3.85240 -2.74156 0.08244 0.27583 0.73376 -0.40415 0.47135
1403638573.8778295517 3.83258 -2.87785 0.11225 0.28947 0.72333 -0.40951 0.47466
1403638573.9778294563 3.81778 -3.01334 0.13679 0.30126 0.70756 -0.42267 0.47953
1403638574.0778295994 3.80560 -3.14550 0.15418 0.30710 0.68676 -0.44374 0.48697
1403638574.1778295040 3.79409 -3.27278 0.16555 0.31318 0.66399 -0.46725 0.49267
1403638574.2778294086 3.78075 -3.39433 0.17170 0.32260 0.64474 -0.48911 0.49093
1403638574.3778295517 3.75916 -3.51441 0.17421 0.33483 0.63092 -0.50870 0.48068
1403638574.4778294563 3.73065 -3.63219 0.17317 0.34804 0.61886 -0.52642 0.46772
1403638574.5778295994 3.69799 -3.74558 0.17550 0.35829 0.60785 -0.54029 0.45851
1403638574.6778295040 3.66130 -3.85783 0.18622 0.36999 0.60129 -0.54719 0.44961
1403638574.7778294086 3.62423 -3.97270 0.20317 0.38059 0.60105 -0.54971 0.43783
1403638574.8778295517 3.58751 -4.08504 0.22368 0.38181 0.60307 -0.55415 0.42831
1403638574.9778294563 3.55008 -4.19498 0.23931 0.38029 0.60544 -0.55744 0.42200
1403638575.0778295994 3.51252 -4.30340 0.24736 0.37275 0.60404 -0.56274 0.42370
1403638575.1778295040 3.47331 -4.40967 0.24988 0.36694 0.60138 -0.56596 0.42823
1403638575.2778294086 3.43116 -4.51790 0.25050 0.36356 0.60012 -0.56677 0.43180
1403638575.3778295517 3.38588 -4.62730 0.24481 0.36037 0.60352 -0.56685 0.42963
1403638575.4778294563 3.33747 -4.73845 0.23678 0.35845 0.60909 -0.56534 0.42533
1403638575.5778295994 3.28632 -4.85247 0.22747 0.35750 0.61421 -0.56292 0.42196
1403638575.6778295040 3.23266 -4.97192 0.22518 0.36087 0.62071 -0.55777 0.41640
1403638575.7778294086 3.17720 -5.09866 0.23146 0.36168 0.62737 -0.55488 0.40950
1403638575.8778295517 3.12518 -5.22565 0.24716 0.36150 0.63167 -0.55287 0.40576
1403638575.9778294563 3.07818 -5.35418 0.27339 0.36101 0.63205 -0.55211 0.40664
1403638576.0778295994 3.03465 -5.48573 0.30665 0.36169 0.63269 -0.55073 0.40692
1403638576.1778295040 2.99351 -5.62344 0.34511 0.36257 0.63113 -0.55025 0.40920
1403638576.2778294086 2.95567 -5.76596 0.38031 0.36662 0.63170 -0.54773 0.40809
1403638576.3778295517 2.92115 -5.91282 0.40921 0.37114 0.63330 -0.54481 0.40542
1403638576.4778294563 2.89186 -6.06197 0.43251 0.37490 0.63595 -0.54237 0.40105
1403638576.5778295994 2.86875 -6.21451 0.45051 0.37935 0.64008 -0.53958 0.39402
1403638576.6778295040 2.85255 -6.37192 0.46398 0.38245 0.64160 -0.53743 0.39147
1403638576.7778294086 2.84504 -6.53270 0.47297 0.38740 0.63932 -0.53372 0.39539
1403638576.8778295517 2.84446 -6.69443 0.47684 0.39021 0.63440 -0.53186 0.40298
1403638576.9778294563 2.85112 -6.85486 0.47581 0.38836 0.62803 -0.53353 0.41244
1403638577.0778295994 2.86352 -7.01183 0.47405 0.38417 0.62420 -0.53687 0.41781
1403638577.1778295040 2.87950 -7.16718 0.47996 0.38139 0.62138 -0.53894 0.42187
1403638577.2778294086 2.89816 -7.32217 0.49203 0.38171 0.62194 -0.53869 0.42107
1403638577.3778295517 2.91919 -7.47724 0.51296 0.38818 0.62628 -0.53383 0.41487
1403638577.4778294563 2.94445 -7.62995 0.53932 0.39242 0.62883 -0.53060 0.41115
1403638577.5778295994 2.97498 -7.78183 0.56196 0.38944 0.62883 -0.53235 0.41172
1403638577.6778295040 3.01043 -7.92970 0.57873 0.38609 0.62777 -0.53443 0.41380
1403638577.7778294086 3.04930 -8.07575 0.58754 0.38335 0.62729 -0.53593 0.41512
1403638577.8778295517 3.09258 -8.22178 0.59165 0.38299 0.62752 -0.53566 0.41544
1403638577.9778294563 3.13933 -8.36325 0.59199 0.38377 0.62811 -0.53424 0.41567
1403638578.0778295994 3.19077 -8.50892 0.59987 0.38269 0.62739 -0.53416 0.41785
1403638578.1778295040 3.24595 -8.64761 0.61287 0.37817 0.62438 -0.53651 0.42343
1403638578.2778294086 3.30249 -8.78867 0.63204 0.36980 0.61946 -0.54193 0.43107
1403638578.3778295517 3.35771 -8.92887 0.65111 0.36776 0.61711 -0.54349 0.43421
1403638578.4778294563 3.41082 -9.06742 0.66392 0.36788 0.61673 -0.54386 0.43419
1403638578.5778295994 3.46180 -9.20312 0.67206 0.36785 0.61618 -0.54450 0.43419
1403638578.6778295040 3.51127 -9.34137 0.67607 0.37025 0.61611 -0.54332 0.43373
1403638578.7778294086 3.55820 -9.47282 0.67732 0.37546 0.61874 -0.53993 0.42972
1403638578.8778295517 3.60704 -9.60717 0.67423 0.38046 0.62163 -0.53633 0.42564
1403638578.9778294563 3.65698 -9.73089 0.67080 0.38288 0.62304 -0.53423 0.42405
1403638579.0778295994 3.71002 -9.86287 0.67594 0.38329 0.62379 -0.53319 0.42390
1403638579.1778295040 3.76508 -9.98685 0.68886 0.38379 0.62391 -0.53227 0.42441
1403638579.2778294086 3.82420 -10.11370 0.70774 0.38159 0.62296 -0.53332 0.42647
1403638579.3778295517 3.88450 -10.23075 0.72691 0.37597 0.61974 -0.53693 0.43160
1403638579.4778294563 3.94548 -10.35424 0.74413 0.37029 0.61547 -0.54074 0.43782
1403638579.5778295994 4.00449 -10.46582 0.75355 0.36919 0.61305 -0.53794 0.44551
1403638579.6778295040 4.06261 -10.57920 0.75864 0.37150 0.61400 -0.52580 0.45664
1403638579.7778294086 4.11948 -10.68885 0.75838 0.37000 0.62498 -0.50705 0.46411
1403638579.8778295517 4.17598 -10.79402 0.75125 0.35934 0.64555 -0.48633 0.46649
1403638579.9778294563 4.23320 -10.89524 0.73904 0.34232 0.66628 -0.46181 0.47500
1403638580.0778295994 4.29011 -10.98895 0.72540 0.32817 0.68169 -0.42769 0.49467
1403638580.1778295040 4.34721 -11.07206 0.70822 0.30864 0.69687 -0.39118 0.51585
1403638580.2778294086 4.40164 -11.14400 0.68601 0.28250 0.71468 -0.35682 0.53113
1403638580.3778295517 4.45338 -11.20963 0.65790 0.25236 0.73153 -0.33098 0.54002
1403638580.4778294563 4.49911 -11.27006 0.62532 0.22627 0.74355 -0.31482 0.54481
1403638580.5778295994 4.54117 -11.32947 0.59161 0.20876 0.75120 -0.30168 0.54874
1403638580.6778295040 4.57992 -11.38702 0.55827 0.19334 0.76166 -0.28733 0.54767
1403638580.7778294086 4.61508 -11.44339 0.53183 0.18282 0.77215 -0.27257 0.54412
1403638580.8778295517 4.64689 -11.49900 0.51405 0.17789 0.77935 -0.26182 0.54076
1403638580.9778294563 4.68014 -11.55455 0.50777 0.17201 0.78094 -0.25836 0.54203
1403638581.0778295994 4.71194 -11.60634 0.51091 0.17080 0.78202 -0.25657 0.54170
1403638581.1778295040 4.74146 -11.65681 0.52122 0.17332 0.78201 -0.25498 0.54167
1403638581.2778294086 4.76912 -11.70435 0.53299 0.17733 0.78210 -0.25466 0.54038
1403638581.3778295517 4.79765 -11.74438 0.55100 0.18073 0.78085 -0.25580 0.54053
1403638581.4778294563 4.82361 -11.78625 0.56546 0.18346 0.77869 -0.25739 0.54197
1403638581.5778295994 4.84724 -11.81018 0.59772 0.18664 0.77807 -0.25944 0.54080
1403638581.6778295040 4.87356 -11.84331 0.61955 0.19183 0.77396 -0.25927 0.54494
1403638581.7778294086 4.89440 -11.85687 0.64523 0.19412 0.77032 -0.26079 0.54856
1403638581.8778295517 4.91887 -11.87701 0.65933 0.19718 0.76724 -0.26070 0.55181
1403638581.9778294563 4.94625 -11.90476 0.66408 0.20122 0.75975 -0.25885 0.56150
1403638582.0778295994 4.97138 -11.92496 0.67118 0.19989 0.76150 -0.26065 0.55877
1403638582.1778295040 4.99631 -11.94444 0.68473 0.19559 0.76879 -0.26407 0.54861
1403638582.2778294086 5.01921 -11.96030 0.70772 0.19589 0.77180 -0.26412 0.54424
1403638582.3778295517 5.04672 -11.97797 0.74253 0.19846 0.76861 -0.26180 0.54892
1403638582.4778294563 5.07067 -11.98827 0.78430 0.20059 0.76748 -0.26016 0.55051
1403638582.5778295994 5.09413 -11.99385 0.83854 0.20165 0.76690 -0.25907 0.55143
1403638582.6778295040 5.12032 -12.00337 0.89710 0.20136 0.76797 -0.25932 0.54994
1403638582.7778294086 5.14297 -12.00003 0.96899 0.19955 0.76949 -0.26114 0.54760
1403638582.8778295517 5.16483 -11.99347 1.04149 0.19994 0.77080 -0.26172 0.54535
1403638582.9778294563 5.18616 -11.98265 1.10749 0.19870 0.77296 -0.26336 0.54194
1403638583.0778295994 5.20700 -11.96882 1.16572 0.19768 0.77541 -0.26511 0.53794
1403638583.1778295040 5.22879 -11.95331 1.21610 0.19759 0.77698 -0.26587 0.53533
1403638583.2778294086 5.25295 -11.93714 1.26041 0.19630 0.77754 -0.26716 0.53434
1403638583.3778295517 5.28100 -11.92213 1.28981 0.19679 0.77721 -0.26669 0.53487
1403638583.4778294563 5.31112 -11.90280 1.32779 0.19694 0.77791 -0.26681 0.53374
1403638583.5778295994 5.34180 -11.88338 1.37106 0.19705 0.77789 -0.26669 0.53378
1403638583.6778295040 5.37357 -11.86180 1.42182 0.19872 0.77822 -0.26546 0.53330
1403638583.7778294086 5.40734 -11.83807 1.47314 0.19845 0.77792 -0.26546 0.53384
1403638583.8778295517 5.44314 -11.80297 1.49195 0.19938 0.77705 -0.26501 0.53499
1403638583.9778294563 5.48364 -11.77542 1.52939 0.19979 0.77709 -0.26470 0.53493
1403638584.0778295994 5.52324 -11.74505 1.55984 0.20280 0.77372 -0.26240 0.53979
1403638584.1778295040 5.56126 -11.71483 1.56508 0.20720 0.76485 -0.25874 0.55239
1403638584.2778294086 5.59732 -11.67463 1.58878 0.20966 0.75591 -0.25622 0.56480
1403638584.3778295517 5.62417 -11.63037 1.57697 0.21135 0.75314 -0.25488 0.56846
1403638584.4778294563 5.63827 -11.57331 1.55974 0.21208 0.75302 -0.25417 0.56866
1403638584.5778295994 5.65754 -11.51381 1.56304 0.21170 0.75322 -0.25424 0.56851
1403638584.6778295040 5.67377 -11.44848 1.57332 0.20933 0.75501 -0.25559 0.56641
1403638584.7778294086 5.67226 -11.37418 1.56337 0.20536 0.76174 -0.25795 0.55771
1403638584.8778295517 5.68440 -11.29778 1.58949 0.19879 0.76930 -0.26271 0.54740
1403638584.9778294563 5.67457 -11.21761 1.57939 0.19663 0.77279 -0.26465 0.54230
1403638585.0778295994 5.67143 -11.13513 1.57081 0.19617 0.77399 -0.26529 0.54045
1403638585.1778295040 5.68010 -11.05596 1.57750 0.19375 0.77379 -0.26689 0.54082
1403638585.2778294086 5.66793 -10.97906 1.55090 0.19469 0.77191 -0.26592 0.54363
1403638585.3778295517 5.67498 -10.89963 1.54421 0.19531 0.76987 -0.26515 0.54668
1403638585.4778294563 5.66882 -10.82484 1.52834 0.19500 0.77010 -0.26522 0.54642
1403638585.5778295994 5.67583 -10.74544 1.52646 0.19404 0.77194 -0.26537 0.54409
1403638585.6778295040 5.67492 -10.66920 1.52772 0.19374 0.77450 -0.26526 0.54060
1403638585.7778294086 5.68387 -10.58782 1.54228 0.19040 0.77948 -0.26751 0.53348
1403638585.8778295517 5.68692 -10.50988 1.56467 0.18766 0.78325 -0.26939 0.52795
1403638585.9778294563 5.69600 -10.43263 1.59676 0.18582 0.78308 -0.27139 0.52783
1403638586.0778295994 5.70682 -10.35856 1.63100 0.18783 0.77893 -0.27057 0.53364
1403638586.1778295040 5.72735 -10.28443 1.65706 0.18978 0.77614 -0.27003 0.53728
1403638586.2778294086 5.73840 -10.20766 1.67899 0.19212 0.77352 -0.26881 0.54083
1403638586.3778295517 5.75819 -10.13455 1.69495 0.19805 0.77053 -0.26514 0.54475
1403638586.4778294563 5.76616 -10.05154 1.70604 0.20618 0.76887 -0.26014 0.54650
1403638586.5778295994 5.78349 -9.97392 1.71054 0.20840 0.76818 -0.25895 0.54718
1403638586.6778295040 5.78988 -9.88464 1.70787 0.20554 0.76891 -0.26110 0.54622
1403638586.7778294086 5.80686 -9.80362 1.69957 0.20145 0.76852 -0.26380 0.54699
1403638586.8778295517 5.81405 -9.71476 1.68627 0.19927 0.76735 -0.26463 0.54904
1403638586.9778294563 5.82786 -9.63009 1.66754 0.19947 0.76711 -0.26434 0.54943
1403638587.0778295994 5.83366 -9.53905 1.64801 0.19868 0.76687 -0.26482 0.54983
1403638587.1778295040 5.84577 -9.44963 1.63248 0.19819 0.76809 -0.26480 0.54831
1403638587.2778294086 5.85308 -9.35721 1.62499 0.19737 0.76975 -0.26495 0.54619
1403638587.3778295517 5.86225 -9.26486 1.62381 0.19669 0.77136 -0.26533 0.54399
1403638587.4778294563 5.87111 -9.16993 1.62463 0.19485 0.77138 -0.26708 0.54376
1403638587.5778295994 5.88085 -9.07375 1.62533 0.19403 0.77141 -0.26806 0.54352
1403638587.6778295040 5.89295 -8.97951 1.61778 0.19385 0.77099 -0.26858 0.54393
1403638587.7778294086 5.90275 -8.88573 1.60636 0.19378 0.77061 -0.26897 0.54430
1403638587.8778295517 5.91489 -8.79357 1.58947 0.19293 0.77022 -0.26980 0.54475
1403638587.9778294563 5.92399 -8.69979 1.57002 0.19272 0.76981 -0.27028 0.54516
1403638588.0778295994 5.93451 -8.61329 1.54474 0.19374 0.76942 -0.26908 0.54594
1403638588.1778295040 5.94110 -8.52287 1.51697 0.20029 0.77033 -0.26468 0.54445
1403638588.2778294086 5.94913 -8.43609 1.48846 0.20296 0.77121 -0.26219 0.54341
1403638588.3778295517 5.95714 -8.34071 1.46823 0.20356 0.77159 -0.26147 0.54300
1403638588.4778294563 5.96810 -8.24652 1.45478 0.20179 0.77153 -0.26246 0.54327
1403638588.5778295994 5.97658 -8.14541 1.45062 0.19937 0.77078 -0.26406 0.54445
1403638588.6778295040 5.98357 -8.04613 1.45353 0.19697 0.76999 -0.26531 0.54583
1403638588.7778294086 5.99078 -7.94018 1.46349 0.19549 0.76846 -0.26667 0.54785
1403638588.8778295517 5.99811 -7.84032 1.46978 0.19298 0.76789 -0.26892 0.54845
1403638588.9778294563 6.00219 -7.73696 1.46886 0.19322 0.76781 -0.26919 0.54833
1403638589.0778295994 6.00742 -7.63802 1.46112 0.19360 0.76807 -0.26945 0.54771
1403638589.1778295040 6.01039 -7.53165 1.44568 0.19522 0.76784 -0.26875 0.54779
1403638589.2778294086 6.01516 -7.43404 1.42985 0.19488 0.76687 -0.26884 0.54923
1403638589.3778295517 6.01552 -7.32724 1.40985 0.19509 0.76668 -0.26864 0.54953
1403638589.4778294563 6.01809 -7.22760 1.39747 0.19467 0.76756 -0.26925 0.54814
1403638589.5778295994 6.01560 -7.12030 1.38850 0.19400 0.76750 -0.26964 0.54826
1403638589.6778295040 6.01950 -7.02208 1.39135 0.19353 0.76816 -0.26968 0.54749
1403638589.7778294086 6.01663 -6.91712 1.39825 0.19383 0.76970 -0.27009 0.54501
1403638589.8778295517 6.01516 -6.81936 1.41015 0.19375 0.77028 -0.27104 0.54375
1403638589.9778294563 6.01170 -6.71486 1.40937 0.19412 0.77026 -0.27150 0.54342
1403638590.0778295994 6.00824 -6.61733 1.41055 0.19365 0.77025 -0.27225 0.54322
1403638590.1778295040 6.00466 -6.51350 1.40116 0.19430 0.76919 -0.27252 0.54436
1403638590.2778294086 6.00185 -6.42266 1.39419 0.19389 0.76849 -0.27305 0.54522
1403638590.3778295517 5.99704 -6.32049 1.37680 0.19410 0.76878 -0.27349 0.54451
1403638590.4778294563 5.99348 -6.22816 1.36045 0.19406 0.76943 -0.27372 0.54351
1403638590.5778295994 5.98656 -6.12806 1.34214 0.19295 0.77048 -0.27441 0.54205
1403638590.6778295040 5.98230 -6.03774 1.33294 0.19091 0.77222 -0.27539 0.53980
1403638590.7778294086 5.97637 -5.94150 1.33173 0.19011 0.77302 -0.27586 0.53870
1403638590.8778295517 5.97142 -5.85356 1.33746 0.19019 0.77390 -0.27580 0.53743
1403638590.9778294563 5.96658 -5.75980 1.35019 0.18887 0.77446 -0.27670 0.53663
1403638591.0778295994 5.95922 -5.66547 1.36540 0.18743 0.77531 -0.27808 0.53520
1403638591.1778295040 5.95629 -5.57303 1.37584 0.18639 0.77947 -0.27937 0.52880
1403638591.2778294086 5.95218 -5.48122 1.37694 0.18373 0.78526 -0.28165 0.51989
1403638591.3778295517 5.95284 -5.39865 1.37440 0.18024 0.78949 -0.28427 0.51323
1403638591.4778294563 5.95951 -5.32151 1.36718 0.17747 0.79217 -0.28645 0.50884
1403638591.5778295994 5.97212 -5.25107 1.35419 0.17466 0.79484 -0.28879 0.50430
1403638591.6778295040 5.99047 -5.19021 1.33739 0.17328 0.79508 -0.28991 0.50375
1403638591.7778294086 6.01516 -5.13906 1.32083 0.17505 0.79325 -0.28881 0.50665
1403638591.8778295517 6.04742 -5.10306 1.30603 0.17597 0.79101 -0.28786 0.51037
1403638591.9778294563 6.08437 -5.07667 1.29904 0.17665 0.78846 -0.28701 0.51455
1403638592.0778295994 6.12521 -5.05994 1.30062 0.17700 0.78597 -0.28577 0.51889
1403638592.1778295040 6.17118 -5.04250 1.31150 0.17507 0.78320 -0.28384 0.52477
1403638592.2778294086 6.21859 -5.03786 1.33439 0.17011 0.77788 -0.27830 0.53714
1403638592.3778295517 6.26621 -5.03151 1.36630 0.16126 0.77550 -0.26937 0.54775
1403638592.4778294563 6.31206 -5.02463 1.40515 0.14961 0.77829 -0.25557 0.55369
1403638592.5778295994 6.35426 -5.02181 1.44952 0.14176 0.78595 -0.24149 0.55124
1403638592.6778295040 6.39371 -5.02239 1.49941 0.13507 0.79365 -0.23035 0.54664
1403638592.7778294086 6.43240 -5.02656 1.54832 0.12979 0.80087 -0.22292 0.54043
1403638592.8778295517 6.47111 -5.03455 1.59209 0.12558 0.80600 -0.21835 0.53564
1403638592.9778294563 6.51172 -5.04554 1.63065 0.12485 0.80860 -0.21469 0.53338
1403638593.0778295994 6.55693 -5.06262 1.66277 0.12377 0.80938 -0.21338 0.53297
1403638593.1778295040 6.60532 -5.08300 1.69752 0.12393 0.80770 -0.21242 0.53586
1403638593.2778294086 6.65861 -5.10899 1.73627 0.13075 0.80452 -0.20854 0.54053
1403638593.3778295517 6.71295 -5.13630 1.78259 0.13984 0.80123 -0.20334 0.54509
1403638593.4778294563 6.76713 -5.16291 1.82610 0.14816 0.79668 -0.19928 0.55103
1403638593.5778295994 6.82296 -5.18747 1.86290 0.15281 0.79385 -0.19794 0.55432
1403638593.6778295040 6.87956 -5.20848 1.89301 0.15554 0.79263 -0.19761 0.55542
1403638593.7778294086 6.93666 -5.22582 1.91806 0.15694 0.78929 -0.19787 0.55967
1403638593.8778295517 6.99281 -5.23921 1.94215 0.15298 0.77887 -0.19769 0.57521
1403638593.9778294563 7.04427 -5.24618 1.97193 0.14659 0.77554 -0.19452 0.58241
1403638594.0778295994 7.08887 -5.24970 2.00468 0.13822 0.78116 -0.19263 0.57757
1403638594.1778295040 7.12744 -5.25116 2.04190 0.13590 0.78738 -0.18815 0.57111
1403638594.2778294086 7.16205 -5.25095 2.07765 0.13624 0.78991 -0.18341 0.56907
1403638594.3778295517 7.19331 -5.24763 2.10870 0.13878 0.78904 -0.17850 0.57122
1403638594.4778294563 7.21952 -5.24018 2.14581 0.14254 0.78783 -0.17302 0.57365
1403638594.5778295994 7.24364 -5.22812 2.18557 0.13698 0.78808 -0.17494 0.57408
1403638594.6778295040 7.26076 -5.21130 2.23454 0.13132 0.78856 -0.17818 0.57374
1403638594.7778294086 7.27835 -5.19470 2.27648 0.12918 0.78924 -0.18022 0.57266
1403638594.8778295517 7.28672 -5.17405 2.31578 0.12792 0.78922 -0.18191 0.57244
1403638594.9778294563 7.29894 -5.15441 2.34394 0.12900 0.79104 -0.18248 0.56949
1403638595.0778295994 7.30887 -5.13308 2.36693 0.12766 0.79218 -0.18433 0.56761
1403638595.1778295040 7.31753 -5.11147 2.38403 0.12754 0.79263 -0.18559 0.56659
1403638595.2778294086 7.32488 -5.08960 2.39538 0.12812 0.79306 -0.18590 0.56575
1403638595.3778295517 7.32313 -5.06162 2.40706 0.12807 0.79267 -0.18667 0.56606
1403638595.4778294563 7.32641 -5.03955 2.40571 0.12816 0.79300 -0.18690 0.56550
1403638595.5778295994 7.32821 -5.01670 2.40347 0.12822 0.79380 -0.18663 0.56446
1403638595.6778295040 7.32822 -4.99295 2.40617 0.13064 0.79389 -0.18497 0.56432
1403638595.7778294086 7.32733 -4.96715 2.41365 0.13495 0.79493 -0.18206 0.56279
1403638595.8778295517 7.32706 -4.93995 2.41864 0.13626 0.79535 -0.18143 0.56208
1403638595.9778294563 7.32637 -4.91209 2.41003 0.13868 0.79511 -0.17998 0.56230
1403638596.0778295994 7.32148 -4.87859 2.39397 0.14619 0.79591 -0.17517 0.56078
1403638596.1778295040 7.32112 -4.84511 2.37309 0.15741 0.79755 -0.16731 0.55780
1403638596.2778294086 7.32166 -4.80338 2.35913 0.16908 0.79947 -0.15869 0.55414
1403638596.3778295517 7.32124 -4.75027 2.35646 0.17844 0.79979 -0.15118 0.55285
1403638596.4778294563 7.32705 -4.68911 2.35939 0.18394 0.79960 -0.14634 0.55263
1403638596.5778295994 7.33695 -4.61541 2.37358 0.19065 0.80049 -0.14094 0.55045
1403638596.6778295040 7.35268 -4.52771 2.39330 0.19823 0.80090 -0.13492 0.54869
1403638596.7778294086 7.37529 -4.42405 2.42045 0.20212 0.80110 -0.13154 0.54780
1403638596.8778295517 7.40440 -4.30527 2.45654 0.20569 0.80055 -0.12868 0.54796
1403638596.9778294563 7.43701 -4.16858 2.49192 0.20750 0.79930 -0.12772 0.54932
1403638597.0778295994 7.47507 -4.01943 2.52445 0.21025 0.79847 -0.12664 0.54974
1403638597.1778295040 7.51743 -3.85509 2.55117 0.21257 0.79665 -0.12635 0.55153
1403638597.2778294086 7.56290 -3.67373 2.57071 0.21018 0.79391 -0.12934 0.55571
1403638597.3778295517 7.61228 -3.47771 2.58356 0.20542 0.79207 -0.13413 0.55896
1403638597.4778294563 7.66429 -3.26656 2.59419 0.19690 0.78869 -0.14109 0.56506
1403638597.5778295994 7.71572 -3.04406 2.59973 0.18429 0.78389 -0.15051 0.57350
1403638597.6778295040 7.76482 -2.81275 2.60057 0.17994 0.78148 -0.15450 0.57709
1403638597.7778294086 7.81077 -2.57386 2.59619 0.18407 0.78337 -0.14944 0.57456
1403638597.8778295517 7.85456 -2.32650 2.58724 0.18822 0.78620 -0.13815 0.57217
1403638597.9778294563 7.89649 -2.06956 2.57515 0.18932 0.78804 -0.12902 0.57141
1403638598.0778295994 7.94018 -1.80126 2.56751 0.18251 0.78830 -0.12650 0.57382
1403638598.1778295040 7.98234 -1.52117 2.56596 0.16094 0.78966 -0.13572 0.57630
1403638598.2778294086 8.02211 -1.23478 2.56902 0.14348 0.79143 -0.14420 0.57642
1403638598.3778295517 8.06105 -0.94768 2.57016 0.13255 0.79315 -0.14953 0.57531
1403638598.4778294563 8.09950 -0.66183 2.56531 0.12828 0.79546 -0.15134 0.57262
1403638598.5778295994 8.13552 -0.37723 2.55248 0.12333 0.79755 -0.14939 0.57130
1403638598.6778295040 8.16975 -0.09451 2.53413 0.11900 0.80012 -0.14089 0.57079
1403638598.7778294086 8.20189 0.18548 2.51699 0.11060 0.80263 -0.13008 0.57152
1403638598.8778295517 8.23135 0.46286 2.50651 0.10140 0.80406 -0.11562 0.57432
1403638598.9778294563 8.25699 0.73701 2.49936 0.09145 0.80698 -0.09923 0.57496
1403638599.0778295994 8.28146 1.00948 2.49652 0.07938 0.80884 -0.08253 0.57677
1403638599.1778295040 8.30378 1.28067 2.49941 0.06739 0.81063 -0.06487 0.57803
1403638599.2778294086 8.32296 1.54946 2.50655 0.05637 0.81309 -0.04583 0.57758
1403638599.3778295517 8.34002 1.81654 2.52103 0.04378 0.81676 -0.02852 0.57461
1403638599.4778294563 8.35475 2.08205 2.54063 0.03462 0.81924 -0.01514 0.57220
1403638599.5778295994 8.36872 2.34662 2.55865 0.02904 0.82175 -0.00660 0.56907
1403638599.6778295040 8.38233 2.61040 2.56815 0.02538 0.82333 -0.00197 0.56700
1403638599.7778294086 8.39733 2.87329 2.56916 0.02415 0.82347 -0.00087 0.56684
1403638599.8778295517 8.41547 3.13402 2.56353 0.02222 0.82473 -0.00333 0.56508
1403638599.9778294563 8.43541 3.39282 2.55387 0.01849 0.82482 -0.00892 0.56503
1403638600.0778295994 8.45972 3.64913 2.54034 0.01212 0.82581 -0.01675 0.56357
1403638600.1778295040 8.48691 3.89910 2.52305 0.00002 0.82729 -0.02852 0.56105
1403638600.2778294086 8.51551 4.14196 2.50006 -0.00995 0.82917 -0.03924 0.55753
1403638600.3778295517 8.54776 4.37419 2.47598 -0.01754 0.83041 -0.04788 0.55482
1403638600.4778294563 8.58379 4.59285 2.45876 -0.02377 0.83143 -0.05440 0.55245
1403638600.5778295994 8.62457 4.79577 2.45227 -0.02170 0.83199 -0.05505 0.55162
1403638600.6778295040 8.66841 4.98340 2.45346 -0.02458 0.83343 -0.05806 0.54902
1403638600.7778294086 8.71699 5.15714 2.46149 -0.02436 0.83715 -0.05797 0.54334
1403638600.8778295517 8.77212 5.31489 2.47492 -0.01351 0.84116 -0.04922 0.53837
1403638600.9778294563 8.83244 5.46061 2.48534 0.00316 0.84358 -0.03575 0.53580
1403638601.0778295994 8.89881 5.59734 2.49055 0.01224 0.84415 -0.02768 0.53524
1403638601.1778295040 8.97272 5.72925 2.49146 0.02014 0.84292 -0.02120 0.53725
1403638601.2778294086 9.05437 5.86027 2.48875 0.02973 0.83669 -0.01353 0.54670
1403638601.3778295517 9.14125 5.99169 2.48484 0.02713 0.83172 -0.00955 0.55445
1403638601.4778294563 9.23183 6.12667 2.48472 0.01420 0.82743 -0.00478 0.56137
1403638601.5778295994 9.32345 6.26280 2.49267 0.00357 0.82296 0.00963 0.56801
1403638601.6778295040 9.41542 6.39784 2.50569 -0.00757 0.82082 0.02977 0.57036
1403638601.7778294086 9.50569 6.53302 2.52578 -0.02014 0.81850 0.05534 0.57147
1403638601.8778295517 9.59352 6.66862 2.55414 -0.03397 0.81414 0.08451 0.57349
1403638601.9778294563 9.67770 6.80636 2.58362 -0.04882 0.81150 0.10800 0.57221
1403638602.0778295994 9.75955 6.94514 2.60713 -0.06037 0.81023 0.12498 0.56944
1403638602.1778295040 9.83750 7.08575 2.62428 -0.06621 0.80588 0.14072 0.57129
1403638602.2778294086 9.91136 7.22913 2.63681 -0.07369 0.79926 0.15831 0.57506
1403638602.3778295517 9.98066 7.37665 2.64940 -0.09597 0.78851 0.17104 0.58291
1403638602.4778294563 10.04245 7.52534 2.67238 -0.13042 0.76669 0.17788 0.60294
1403638602.5778295994 10.09233 7.66745 2.70302 -0.16523 0.74523 0.18321 0.61949
1403638602.6778295040 10.12789 7.79587 2.73890 -0.18584 0.73530 0.19678 0.62135
1403638602.7778294086 10.14560 7.90802 2.77953 -0.19692 0.73144 0.21646 0.61592
1403638602.8778295517 10.14342 8.00240 2.82430 -0.20811 0.72852 0.23609 0.60846
1403638602.9778294563 10.12592 8.08318 2.87172 -0.22792 0.72904 0.25137 0.59445
1403638603.0778295994 10.09960 8.15135 2.91610 -0.24683 0.72443 0.26607 0.58607
1403638603.1778295040 10.06766 8.20645 2.95388 -0.25903 0.71750 0.28049 0.58260
1403638603.2778294086 10.02825 8.24653 2.97931 -0.25757 0.72529 0.29740 0.56495
1403638603.3778295517 9.98339 8.27501 2.99521 -0.25118 0.73838 0.31144 0.54287
1403638603.4778294563 9.93693 8.29819 3.00664 -0.24795 0.74693 0.31836 0.52845
1403638603.5778295994 9.89237 8.31999 3.01554 -0.24919 0.74490 0.32262 0.52816
1403638603.6778295040 9.84617 8.33961 3.02020 -0.25101 0.73729 0.32509 0.53639
1403638603.7778294086 9.80104 8.35266 3.01642 -0.24450 0.72880 0.33159 0.54692
1403638603.8778295517 9.74750 8.36160 3.00770 -0.23755 0.72128 0.33663 0.55679
1403638603.9778294563 9.68721 8.36923 2.99347 -0.23220 0.71461 0.33950 0.56583
1403638604.0778295994 9.62048 8.37364 2.97209 -0.22604 0.71123 0.34224 0.57091
1403638604.1778295040 9.54146 8.37924 2.95560 -0.22470 0.71072 0.34301 0.57160
1403638604.2778294086 9.45296 8.37735 2.94617 -0.23119 0.71462 0.33914 0.56644
1403638604.3778295517 9.35219 8.37371 2.94340 -0.23669 0.72229 0.33578 0.55635
1403638604.4778294563 9.24550 8.36507 2.94757 -0.23469 0.73022 0.33713 0.54593
1403638604.5778295994 9.13642 8.35410 2.95733 -0.23282 0.73494 0.33828 0.53966
1403638604.6778295040 9.02461 8.34191 2.96249 -0.23550 0.73817 0.33655 0.53514
1403638604.7778294086 8.91237 8.32838 2.96257 -0.23960 0.74014 0.33377 0.53233
1403638604.8778295517 8.80077 8.31221 2.96233 -0.24069 0.74334 0.33301 0.52785
1403638604.9778294563 8.69083 8.29368 2.96541 -0.23838 0.74939 0.33462 0.51924
1403638605.0778295994 8.58295 8.27321 2.97641 -0.23597 0.75588 0.33639 0.50971
1403638605.1778295040 8.47946 8.25369 2.99579 -0.23357 0.75989 0.33829 0.50357
1403638605.2778294086 8.38165 8.24029 3.01663 -0.22971 0.76079 0.34092 0.50220
1403638605.3778295517 8.28764 8.23173 3.03210 -0.22342 0.75624 0.34524 0.50891
1403638605.4778294563 8.19764 8.22893 3.04417 -0.21582 0.74631 0.35097 0.52274
1403638605.5778295994 8.10398 8.22920 3.04743 -0.20997 0.73808 0.35531 0.53376
1403638605.6778295040 8.00798 8.23368 3.04610 -0.20525 0.73241 0.35870 0.54109
1403638605.7778294086 7.90551 8.24311 3.04836 -0.20360 0.73154 0.35980 0.54216
1403638605.8778295517 7.79977 8.25847 3.06235 -0.20083 0.73152 0.36143 0.54213
1403638605.9778294563 7.68725 8.28183 3.07971 -0.19673 0.73086 0.36335 0.54324
1403638606.0778295994 7.56884 8.31011 3.09770 -0.19410 0.73101 0.36406 0.54351
1403638606.1778295040 7.44259 8.34436 3.10523 -0.19066 0.73085 0.36559 0.54392
1403638606.2778294086 7.31158 8.38502 3.10987 -0.18855 0.73208 0.36592 0.54279
1403638606.3778295517 7.17292 8.43241 3.10205 -0.19435 0.74050 0.36092 0.53256
1403638606.4778294563 7.02942 8.48485 3.08983 -0.20279 0.75057 0.35404 0.51978
1403638606.5778295994 6.88587 8.54255 3.07214 -0.21002 0.75903 0.34923 0.50774
1403638606.6778295040 6.74524 8.60690 3.05065 -0.21571 0.76222 0.35127 0.49910
1403638606.7778294086 6.60959 8.67775 3.02477 -0.22077 0.76231 0.36046 0.49012
1403638606.8778295517 6.48000 8.75493 2.99709 -0.22957 0.75893 0.37319 0.48171
1403638606.9778294563 6.35763 8.84015 2.97443 -0.24070 0.75203 0.38880 0.47471
1403638607.0778295994 6.24428 8.93174 2.96220 -0.25492 0.74359 0.40339 0.46837
1403638607.1778295040 6.13998 9.03024 2.95773 -0.27140 0.73404 0.41062 0.46789
1403638607.2778294086 6.04272 9.13258 2.95292 -0.28504 0.72060 0.41528 0.47648
1403638607.3778295517 5.94896 9.23654 2.93957 -0.29765 0.71217 0.41549 0.48125
1403638607.4778294563 5.85969 9.34003 2.91712 -0.30346 0.70911 0.41668 0.48110
1403638607.5778295994 5.77479 9.44017 2.88740 -0.30543 0.70810 0.41804 0.48015
1403638607.6778295040 5.69339 9.53729 2.85483 -0.30702 0.70640 0.41807 0.48162
1403638607.7778294086 5.61734 9.63274 2.81946 -0.30534 0.70497 0.41855 0.48435
1403638607.8778295517 5.54291 9.72659 2.78021 -0.30646 0.70720 0.41639 0.48226
1403638607.9778294563 5.47555 9.81681 2.73695 -0.30876 0.71154 0.41291 0.47737
1403638608.0778295994 5.41227 9.90687 2.68954 -0.30935 0.71028 0.41037 0.48104
1403638608.1778295040 5.35342 9.99290 2.63726 -0.30531 0.70729 0.41082 0.48760
1403638608.2778294086 5.29923 10.07337 2.58073 -0.30383 0.70269 0.41024 0.49560
1403638608.3778295517 5.24588 10.15062 2.51951 -0.30389 0.69688 0.40917 0.50457
1403638608.4778294563 5.19219 10.22370 2.45326 -0.30400 0.69677 0.40877 0.50497
1403638608.5778295994 5.13889 10.29111 2.38124 -0.30223 0.69831 0.40941 0.50339
1403638608.6778295040 5.08554 10.35415 2.31288 -0.30764 0.69548 0.40553 0.50716
1403638608.7778294086 5.03101 10.40962 2.24839 -0.30811 0.69560 0.40524 0.50694
1403638608.8778295517 4.97752 10.45813 2.18885 -0.30696 0.69903 0.40652 0.50187
1403638608.9778294563 4.92405 10.50099 2.13802 -0.30622 0.70313 0.40730 0.49592
1403638609.0778295994 4.87228 10.54051 2.09296 -0.30573 0.70587 0.40776 0.49195
1403638609.1778295040 4.82204 10.57550 2.05463 -0.30767 0.70627 0.40639 0.49130
1403638609.2778294086 4.77378 10.60668 2.01576 -0.31564 0.70625 0.40065 0.49099
1403638609.3778295517 4.73023 10.63382 1.96959 -0.31448 0.70651 0.40113 0.49097
1403638609.4778294563 4.68908 10.65756 1.91633 -0.31079 0.70661 0.40327 0.49141
1403638609.5778295994 4.65156 10.67486 1.85722 -0.30733 0.70664 0.40525 0.49192
1403638609.6778295040 4.61558 10.69563 1.79136 -0.30521 0.70571 0.40677 0.49331
1403638609.7778294086 4.58320 10.70765 1.72692 -0.30402 0.70583 0.40752 0.49325
1403638609.8778295517 4.55338 10.72359 1.66821 -0.30454 0.70605 0.40723 0.49287
1403638609.9778294563 4.52531 10.73018 1.61874 -0.30544 0.70555 0.40642 0.49369
1403638610.0778295994 4.50298 10.73674 1.57834 -0.30883 0.70324 0.40397 0.49688
1403638610.1778295040 4.48016 10.73794 1.54139 -0.30984 0.70015 0.40318 0.50123
1403638610.2778294086 4.45805 10.73448 1.50021 -0.31219 0.69883 0.40121 0.50320
1403638610.3778295517 4.43683 10.72549 1.45217 -0.31305 0.69844 0.40056 0.50372
1403638610.4778294563 4.41868 10.71003 1.40014 -0.31326 0.69677 0.40011 0.50626
1403638610.5778295994 4.39794 10.69075 1.34335 -0.31590 0.69151 0.39802 0.51343
1403638610.6778295040 4.37557 10.66323 1.28575 -0.32018 0.68638 0.39493 0.52000
1403638610.7778294086 4.34989 10.62727 1.23029 -0.31792 0.69176 0.39749 0.51225
1403638610.8778295517 4.32401 10.58586 1.18349 -0.31435 0.69820 0.40128 0.50266
1403638610.9778294563 4.30007 10.54013 1.14286 -0.31500 0.69858 0.40154 0.50152
1403638611.0778295994 4.27703 10.48918 1.10100 -0.31809 0.69570 0.39974 0.50501
1403638611.1778295040 4.25633 10.43328 1.05525 -0.31943 0.69475 0.39993 0.50532
1403638611.2778294086 4.23573 10.37070 1.00887 -0.31890 0.69437 0.40090 0.50540
1403638611.3778295517 4.21446 10.30030 0.96672 -0.31244 0.69207 0.40542 0.50897
1403638611.4778294563 4.18762 10.22603 0.92770 -0.29999 0.68801 0.41338 0.51552
1403638611.5778295994 4.16114 10.15061 0.89907 -0.29111 0.68772 0.41864 0.51675
1403638611.6778295040 4.12441 10.07115 0.87265 -0.28940 0.69015 0.41891 0.51425
1403638611.7778294086 4.08649 9.99164 0.84638 -0.29522 0.69585 0.41446 0.50681
1403638611.8778295517 4.04969 9.91210 0.81687 -0.30062 0.70136 0.40995 0.49967
1403638611.9778294563 4.01144 9.83251 0.78262 -0.30336 0.70470 0.40723 0.49551
1403638612.0778295994 3.97511 9.75348 0.75034 -0.30281 0.70666 0.40689 0.49333
1403638612.1778295040 3.94126 9.67198 0.72402 -0.30426 0.70786 0.40530 0.49203
1403638612.2778294086 3.91091 9.59368 0.70751 -0.30477 0.70787 0.40461 0.49227
1403638612.3778295517 3.88331 9.51225 0.69519 -0.30311 0.70743 0.40521 0.49342
1403638612.4778294563 3.85661 9.42917 0.67954 -0.30241 0.70621 0.40451 0.49618
1403638612.5778295994 3.83158 9.34563 0.65831 -0.29941 0.70405 0.40512 0.50054
1403638612.6778295040 3.80600 9.26183 0.62979 -0.29349 0.70220 0.40759 0.50463
1403638612.7778294086 3.77810 9.17685 0.59365 -0.29053 0.70127 0.40743 0.50775
1403638612.8778295517 3.74945 9.09339 0.56054 -0.29063 0.70009 0.40517 0.51113
1403638612.9778294563 3.71444 9.00514 0.52765 -0.29154 0.70064 0.40305 0.51153
1403638613.0778295994 3.68093 8.92256 0.50660 -0.29221 0.70342 0.40182 0.50829
1403638613.1778295040 3.64406 8.83811 0.49266 -0.29180 0.70584 0.40150 0.50541
1403638613.2778294086 3.60396 8.75000 0.48441 -0.29098 0.70629 0.40168 0.50510
1403638613.3778295517 3.56541 8.66614 0.48397 -0.29023 0.70587 0.40219 0.50573
1403638613.4778294563 3.52339 8.57606 0.48004 -0.29086 0.70528 0.40112 0.50703
1403638613.5778295994 3.48296 8.49223 0.47122 -0.29003 0.70648 0.39675 0.50927
1403638613.6778295040 3.44114 8.40846 0.45646 -0.29385 0.70700 0.39001 0.51156
1403638613.7778294086 3.39613 8.31773 0.43359 -0.29754 0.70552 0.38238 0.51720
1403638613.8778295517 3.35330 8.22837 0.40337 -0.29434 0.70754 0.37423 0.52221
1403638613.9778294563 3.30761 8.12872 0.36829 -0.28658 0.71331 0.36416 0.52578
1403638614.0778295994 3.26256 8.02806 0.33013 -0.27452 0.72109 0.35212 0.52980
1403638614.1778295040 3.21507 7.92310 0.29190 -0.25975 0.73104 0.33893 0.53220
1403638614.2778294086 3.16510 7.81379 0.25847 -0.24869 0.73961 0.32519 0.53421
1403638614.3778295517 3.11347 7.70452 0.23056 -0.24006 0.74606 0.31555 0.53498
1403638614.4778294563 3.06110 7.59747 0.21215 -0.23655 0.75056 0.30647 0.53551
1403638614.5778295994 3.00819 7.48780 0.20194 -0.23261 0.75484 0.29799 0.53601
1403638614.6778295040 2.95856 7.38004 0.19969 -0.22952 0.75978 0.28584 0.53699
1403638614.7778294086 2.91247 7.27264 0.20972 -0.22777 0.76930 0.26900 0.53286
1403638614.8778295517 2.86951 7.16468 0.22954 -0.22022 0.78006 0.25115 0.52909
1403638614.9778294563 2.83374 7.05658 0.25657 -0.20701 0.78887 0.23176 0.53021
1403638615.0778295994 2.80476 6.94567 0.28823 -0.18878 0.79577 0.21079 0.53542
1403638615.1778295040 2.78209 6.83276 0.32504 -0.16702 0.79870 0.18858 0.54647
1403638615.2778294086 2.76287 6.71660 0.36523 -0.14169 0.80053 0.16711 0.55781
1403638615.3778295517 2.74405 6.60097 0.40127 -0.12008 0.80357 0.14160 0.56551
1403638615.4778294563 2.72512 6.48370 0.43096 -0.09962 0.80600 0.11563 0.57189
1403638615.5778295994 2.70441 6.36520 0.45312 -0.08243 0.80871 0.09121 0.57522
1403638615.6778295040 2.68254 6.24674 0.47089 -0.06917 0.81036 0.07386 0.57712
1403638615.7778294086 2.66021 6.13138 0.49433 -0.06143 0.81135 0.06137 0.57807
1403638615.8778295517 2.63574 6.01707 0.52534 -0.05621 0.81229 0.04954 0.57842
1403638615.9778294563 2.61143 5.90310 0.55454 -0.04902 0.81357 0.03761 0.57818
1403638616.0778295994 2.58607 5.78774 0.57720 -0.04012 0.81388 0.02537 0.57909
1403638616.1778295040 2.55981 5.67163 0.58694 -0.03037 0.81473 0.01129 0.57893
1403638616.2778294086 2.53308 5.55492 0.57962 -0.01977 0.81528 -0.00691 0.57869
1403638616.3778295517 2.50560 5.43575 0.55798 -0.00656 0.81549 -0.02618 0.57814
1403638616.4778294563 2.47747 5.31536 0.52893 0.00392 0.81553 -0.04407 0.57701
1403638616.5778295994 2.44900 5.19581 0.49644 0.01317 0.81687 -0.05660 0.57388
1403638616.6778295040 2.42105 5.07681 0.46005 0.01878 0.82125 -0.06637 0.56638
1403638616.7778294086 2.39445 4.95793 0.41913 0.01541 0.82942 -0.07685 0.55309
1403638616.8778295517 2.37361 4.83860 0.37780 0.01129 0.83497 -0.08379 0.54375
1403638616.9778294563 2.36090 4.71525 0.34502 0.01662 0.83328 -0.08139 0.54658
1403638617.0778295994 2.35431 4.58698 0.32240 0.02238 0.82979 -0.07626 0.55239
1403638617.1778295040 2.35092 4.45623 0.30804 0.02846 0.82713 -0.06928 0.55699
1403638617.2778294086 2.35086 4.32485 0.29832 0.02997 0.82966 -0.06464 0.55370
1403638617.3778295517 2.35512 4.19335 0.29368 0.02939 0.83380 -0.06186 0.54780
1403638617.4778294563 2.36526 4.06470 0.29778 0.02896 0.83668 -0.05871 0.54376
1403638617.5778295994 2.38158 3.93779 0.31010 0.02873 0.83752 -0.05577 0.54279
1403638617.6778295040 2.40525 3.81424 0.33102 0.02987 0.83628 -0.05179 0.54503
1403638617.7778294086 2.43611 3.69507 0.36043 0.03016 0.83477 -0.04906 0.54757
1403638617.8778295517 2.47146 3.57912 0.39662 0.03118 0.83490 -0.04572 0.54761
1403638617.9778294563 2.51229 3.46750 0.43684 0.02923 0.83390 -0.04523 0.54928
1403638618.0778295994 2.55777 3.35801 0.47207 0.02851 0.83360 -0.04391 0.54989
1403638618.1778295040 2.60806 3.25189 0.50091 0.02614 0.83377 -0.04381 0.54975
1403638618.2778294086 2.66142 3.14738 0.52345 0.02662 0.83383 -0.04229 0.54975
1403638618.3778295517 2.71899 3.04762 0.54242 0.02647 0.83315 -0.04122 0.55088
1403638618.4778294563 2.78000 2.94904 0.55849 0.02625 0.83332 -0.03998 0.55072
1403638618.5778295994 2.84535 2.85424 0.57312 0.02744 0.83236 -0.03912 0.55217
1403638618.6778295040 2.91403 2.75982 0.58496 0.03133 0.83216 -0.04222 0.55204
1403638618.7778294086 2.98763 2.67030 0.60154 0.03393 0.83139 -0.04536 0.55279
1403638618.8778295517 3.06481 2.58369 0.62403 0.03703 0.82958 -0.04862 0.55504
1403638618.9778294563 3.14421 2.50005 0.64814 0.04317 0.82524 -0.05741 0.56020
1403638619.0778295994 3.22482 2.41782 0.66515 0.05517 0.82130 -0.07095 0.56338
1403638619.1778295040 3.30578 2.33792 0.67444 0.06880 0.81724 -0.08967 0.56510
1403638619.2778294086 3.38716 2.26130 0.67643 0.08280 0.81268 -0.11362 0.56550
1403638619.3778295517 3.46773 2.18756 0.66917 0.09899 0.80754 -0.13797 0.56485
1403638619.4778294563 3.54803 2.11739 0.65806 0.10956 0.80268 -0.15903 0.56427
1403638619.5778295994 3.62939 2.04997 0.64581 0.11609 0.79859 -0.17464 0.56416
1403638619.6778295040 3.70962 1.98452 0.63065 0.11241 0.79463 -0.19096 0.56520
1403638619.7778294086 3.78733 1.91873 0.61324 0.10882 0.79186 -0.20244 0.56581
1403638619.8778295517 3.86128 1.85089 0.59447 0.10851 0.78955 -0.20882 0.56678
1403638619.9778294563 3.93031 1.78127 0.57056 0.10985 0.78859 -0.21246 0.56650
1403638620.0778295994 3.99336 1.70780 0.55164 0.11201 0.78600 -0.21396 0.56911
1403638620.1778295040 4.05170 1.63214 0.53566 0.11673 0.78298 -0.21278 0.57275
1403638620.2778294086 4.10047 1.55481 0.52965 0.11938 0.78358 -0.21159 0.57182
1403638620.3778295517 4.14481 1.47644 0.52886 0.12206 0.78504 -0.20949 0.57002
1403638620.4778294563 4.18056 1.39860 0.53615 0.12306 0.78623 -0.20739 0.56894
1403638620.5778295994 4.21565 1.31869 0.54080 0.12260 0.78763 -0.20584 0.56765
1403638620.6778295040 4.24656 1.23914 0.54042 0.11963 0.79016 -0.20579 0.56479
1403638620.7778294086 4.26995 1.16067 0.53578 0.11593 0.79351 -0.20620 0.56070
1403638620.8778295517 4.29612 1.07781 0.52586 0.11905 0.79682 -0.20178 0.55695
1403638620.9778294563 4.32041 0.99593 0.51290 0.12361 0.79757 -0.19587 0.55698
1403638621.0778295994 4.33960 0.91598 0.50031 0.12737 0.79614 -0.19070 0.55998
1403638621.1778295040 4.36326 0.83436 0.49057 0.12611 0.79497 -0.18886 0.56254
1403638621.2778294086 4.38536 0.75552 0.48857 0.12644 0.79392 -0.18617 0.56484
1403638621.3778295517 4.40729 0.67820 0.49011 0.12808 0.79488 -0.18318 0.56410
1403638621.4778294563 4.42716 0.60485 0.48819 0.12874 0.79316 -0.18101 0.56706
1403638621.5778295994 4.44723 0.53312 0.47908 0.12879 0.79105 -0.17892 0.57066
1403638621.6778295040 4.46356 0.46667 0.46552 0.12846 0.79010 -0.17789 0.57236
1403638621.7778294086 4.47513 0.40658 0.44893 0.12946 0.78853 -0.17651 0.57472
1403638621.8778295517 4.48548 0.34641 0.42773 0.13143 0.78514 -0.17462 0.57947
1403638621.9778294563 4.49133 0.29340 0.40402 0.13197 0.78261 -0.17395 0.58296
1403638622.0778295994 4.48993 0.25166 0.37752 0.13057 0.78219 -0.17499 0.58353
1403638622.1778295040 4.48673 0.20627 0.34637 0.12736 0.78310 -0.17694 0.58244
1403638622.2778294086 4.47843 0.16674 0.31985 0.12459 0.78236 -0.17934 0.58328
1403638622.3778295517 4.46530 0.13024 0.30088 0.12521 0.78332 -0.17993 0.58168
1403638622.4778294563 4.44332 0.10383 0.29343 0.12885 0.78418 -0.17832 0.58022
1403638622.5778295994 4.42030 0.07156 0.28942 0.13232 0.78401 -0.17704 0.58007
1403638622.6778295040 4.39156 0.05254 0.29753 0.13642 0.78000 -0.17524 0.58505
1403638622.7778294086 4.35925 0.03067 0.31307 0.13954 0.76885 -0.17358 0.59938
1403638622.8778295517 4.32217 0.02016 0.33609 0.14143 0.76409 -0.17304 0.60516
1403638622.9778294563 4.27619 0.01508 0.35609 0.13985 0.76787 -0.17553 0.60001
1403638623.0778295994 4.22106 0.01396 0.36838 0.13599 0.77425 -0.17924 0.59153
1403638623.1778295040 4.15935 0.01885 0.37562 0.13084 0.77805 -0.18314 0.58649
1403638623.2778294086 4.09062 0.03061 0.37879 0.12768 0.78136 -0.18562 0.58200
1403638623.3778295517 4.01968 0.03756 0.37684 0.12527 0.78390 -0.18745 0.57851
1403638623.4778294563 3.94356 0.04971 0.37172 0.12589 0.78558 -0.18734 0.57612
1403638623.5778295994 3.86706 0.05913 0.36771 0.12723 0.78574 -0.18667 0.57583
1403638623.6778295040 3.78490 0.06980 0.37249 0.12860 0.78624 -0.18613 0.57502
1403638623.7778294086 3.70081 0.08109 0.38295 0.13077 0.78727 -0.18593 0.57318
1403638623.8778295517 3.61242 0.09496 0.39858 0.13213 0.78840 -0.18607 0.57126
1403638623.9778294563 3.52007 0.10991 0.41290 0.13365 0.78953 -0.18660 0.56918
1403638624.0778295994 3.42777 0.12704 0.42223 0.13197 0.78975 -0.18941 0.56834
1403638624.1778295040 3.33411 0.14384 0.42698 0.12954 0.78958 -0.19183 0.56832
1403638624.2778294086 3.23860 0.16282 0.42571 0.12751 0.78917 -0.19448 0.56845
1403638624.3778295517 3.14392 0.18109 0.42144 0.12713 0.78863 -0.19626 0.56866
1403638624.4778294563 3.05054 0.19668 0.41560 0.12857 0.78846 -0.19651 0.56850
1403638624.5778295994 2.95202 0.21462 0.40276 0.12423 0.78000 -0.20108 0.57943
1403638624.6778295040 2.85150 0.23142 0.38775 0.12604 0.77581 -0.19869 0.58546
1403638624.7778294086 2.75166 0.24605 0.37762 0.13074 0.78209 -0.18891 0.57927
1403638624.8778295517 2.64220 0.26640 0.37344 0.13193 0.78839 -0.18087 0.57299
1403638624.9778294563 2.54187 0.28379 0.37750 0.12459 0.79174 -0.17883 0.57065
1403638625.0778295994 2.44013 0.30216 0.38272 0.11695 0.79283 -0.17789 0.57105
1403638625.1778295040 2.32999 0.32459 0.38256 0.11060 0.79371 -0.17814 0.57102
1403638625.2778294086 2.22887 0.34002 0.37996 0.10852 0.79468 -0.17655 0.57056
1403638625.3778295517 2.11908 0.35901 0.37470 0.10738 0.79484 -0.17554 0.57086
1403638625.4778294563 2.01751 0.37097 0.37685 0.10636 0.79438 -0.17512 0.57183
1403638625.5778295994 1.90845 0.38704 0.38322 0.10700 0.79494 -0.17443 0.57113
1403638625.6778295040 1.80166 0.40029 0.39727 0.10705 0.79658 -0.17441 0.56885
1403638625.7778294086 1.69512 0.41070 0.41431 0.10566 0.80109 -0.17559 0.56237
1403638625.8778295517 1.58798 0.42319 0.42506 0.10579 0.80368 -0.17610 0.55848
1403638625.9778294563 1.48272 0.43051 0.43264 0.10682 0.80410 -0.17620 0.55764
1403638626.0778295994 1.38086 0.43820 0.43349 0.10524 0.80532 -0.17805 0.55559
1403638626.1778295040 1.28250 0.44271 0.43014 0.10545 0.80571 -0.17844 0.55487
1403638626.2778294086 1.18617 0.44556 0.42218 0.10848 0.80428 -0.17702 0.55681
1403638626.3778295517 1.08645 0.44799 0.41156 0.11644 0.80254 -0.17164 0.55939
1403638626.4778294563 0.99519 0.45023 0.39711 0.11894 0.80136 -0.16945 0.56121
1403638626.5778295994 0.90068 0.45377 0.38121 0.11951 0.80372 -0.16855 0.55798
1403638626.6778295040 0.81452 0.45724 0.36640 0.11821 0.80561 -0.16903 0.55537
1403638626.7778294086 0.73061 0.46246 0.35534 0.11545 0.80945 -0.17090 0.54978
1403638626.8778295517 0.64934 0.46645 0.35225 0.11480 0.81217 -0.17073 0.54595
1403638626.9778294563 0.57543 0.47006 0.35567 0.11408 0.81307 -0.17086 0.54472
1403638627.0778295994 0.50747 0.47316 0.35752 0.11342 0.81317 -0.17049 0.54481
1403638627.1778295040 0.44448 0.47418 0.35335 0.11265 0.81311 -0.17036 0.54510
1403638627.2778294086 0.38772 0.47442 0.34784 0.11395 0.81318 -0.16903 0.54515
1403638627.3778295517 0.33592 0.47462 0.33955 0.11603 0.81265 -0.16714 0.54607
1403638627.4778294563 0.28930 0.47457 0.32802 0.11622 0.81306 -0.16686 0.54552
1403638627.5778295994 0.24804 0.47448 0.31456 0.11752 0.81192 -0.16643 0.54705
1403638627.6778295040 0.21900 0.47333 0.29698 0.11970 0.80900 -0.16561 0.55116
1403638627.7778294086 0.18753 0.47404 0.28179 0.12154 0.80716 -0.16469 0.55372
1403638627.8778295517 0.15894 0.47652 0.26515 0.12253 0.80650 -0.16469 0.55446
1403638627.9778294563 0.13076 0.48046 0.24853 0.12285 0.80844 -0.16487 0.55149
1403638628.0778295994 0.11527 0.48452 0.22909 0.12379 0.80959 -0.16518 0.54950
1403638628.1778295040 0.09318 0.49078 0.21630 0.12482 0.81014 -0.16571 0.54830
1403638628.2778294086 0.07794 0.49858 0.20435 0.12498 0.81034 -0.16642 0.54775
1403638628.3778295517 0.07245 0.50561 0.19199 0.12359 0.81089 -0.16796 0.54678
1403638628.4778294563 0.06352 0.51552 0.18654 0.11780 0.80797 -0.17253 0.55094
1403638628.5778295994 0.05934 0.52502 0.18434 0.11007 0.80066 -0.17803 0.56137
1403638628.6778295040 0.05481 0.53347 0.18344 0.10471 0.79649 -0.18193 0.56704
1403638628.7778294086 0.06890 0.54169 0.18137 0.10664 0.79776 -0.18136 0.56508
1403638628.8778295517 0.05960 0.54593 0.17244 0.11106 0.79844 -0.17862 0.56414
1403638628.9778294563 0.05046 0.54894 0.16060 0.11594 0.79919 -0.17571 0.56301
1403638629.0778295994 0.04025 0.55274 0.15065 0.12068 0.80043 -0.17232 0.56130
1403638629.1778295040 0.02589 0.55540 0.14518 0.12295 0.80167 -0.17025 0.55967
1403638629.2778294086 0.01357 0.56182 0.14019 0.12355 0.80198 -0.16950 0.55932
1403638629.3778295517 0.00438 0.56861 0.13751 0.12430 0.80503 -0.16964 0.55470
1403638629.4778294563 -0.00061 0.57671 0.13630 0.12275 0.80940 -0.17154 0.54806
1403638629.5778295994 0.00293 0.58335 0.13701 0.11909 0.81233 -0.17439 0.54362
1403638629.6778295040 0.01060 0.58849 0.13976 0.10819 0.81002 -0.18263 0.54664
1403638629.7778294086 0.01894 0.59169 0.14334 0.10169 0.80428 -0.18777 0.55457
1403638629.8778295517 0.02648 0.59219 0.14291 0.10035 0.79782 -0.18923 0.56357
1403638629.9778294563 0.03211 0.58916 0.13436 0.11156 0.79245 -0.18225 0.57128
1403638630.0778295994 0.03400 0.58562 0.11574 0.12079 0.78905 -0.17605 0.57603
1403638630.1778295040 0.03355 0.58361 0.08717 0.12507 0.79192 -0.17271 0.57219
1403638630.2778294086 0.02901 0.58302 0.05281 0.12569 0.79647 -0.17211 0.56588
1403638630.3778295517 0.03010 0.58582 0.02683 0.12104 0.81583 -0.17358 0.53819
1403638630.4778294563 0.04171 0.58630 0.03785 0.12124 0.79789 -0.17149 0.56504
1403638630.5778295994 0.05154 0.58673 0.03627 0.12088 0.79714 -0.17260 0.56582
1403638630.6778295040 0.05819 0.58713 0.01379 0.11757 0.81615 -0.17010 0.53957
1403638630.7778294086 0.05782 0.58008 0.01016 0.11990 0.82316 -0.16445 0.53009
1403638630.8778295517 0.05062 0.57976 0.00512 0.11518 0.82182 -0.16545 0.53289
1403638630.9778294563 0.04530 0.58024 0.00174 0.11536 0.82168 -0.16568 0.53299
1403638631.0778295994 0.03788 0.58106 -0.00254 0.11605 0.82176 -0.16520 0.53287
1403638631.1778295040 0.03081 0.58156 -0.00677 0.11596 0.82179 -0.16544 0.53277
1403638631.2778294086 0.02309 0.58229 -0.01061 0.11585 0.82185 -0.16543 0.53270
1403638631.3778295517 0.01546 0.58292 -0.01417 0.11559 0.82192 -0.16562 0.53260
1403638631.4778294563 0.00802 0.58354 -0.01749 0.11536 0.82185 -0.16591 0.53267
1403638631.5778295994 0.00016 0.58411 -0.02093 0.11525 0.82182 -0.16599 0.53270
1403638631.6778295040 -0.00738 0.58447 -0.02412 0.11493 0.82181 -0.16640 0.53267
