1403638523.0778295994 0.01337 0.00338 0.34362 -0.07320 0.80538 0.01830 0.58794
1403638523.1778295040 0.00970 -0.00117 0.36949 -0.07237 0.80437 0.01865 0.58941
1403638523.2778294086 0.00273 -0.00890 0.35934 -0.06301 0.80192 0.01850 0.59381
1403638523.3778295517 -0.00246 -0.01405 0.32338 -0.05838 0.80088 0.01757 0.59572
1403638523.4778294563 -0.00492 -0.02069 0.27059 -0.05380 0.80464 0.02022 0.59097
1403638523.5778295994 -0.01357 -0.02728 0.21478 -0.04660 0.81399 0.02445 0.57850
1403638523.6778295040 -0.01711 -0.03248 0.15918 -0.03920 0.82364 0.02704 0.56511
1403638523.7778294086 -0.02190 -0.03715 0.10683 -0.03506 0.82843 0.02960 0.55821
1403638523.8778295517 -0.02709 -0.04213 0.05982 -0.03138 0.82921 0.03222 0.55713
1403638523.9778294563 -0.02931 -0.04975 0.02684 -0.02208 0.82942 0.03811 0.55688
1403638524.0778295994 -0.02608 -0.05212 0.01514 -0.01447 0.83283 0.04599 0.55142
1403638524.1778295040 -0.01976 -0.05267 0.03400 -0.01441 0.83771 0.05037 0.54360
1403638524.2778294086 -0.00882 -0.04766 0.09850 -0.01947 0.83924 0.05047 0.54107
1403638524.3778295517 -0.00349 -0.04743 0.16133 -0.02859 0.83673 0.04858 0.54470
1403638524.4778294563 0.00260 -0.04617 0.22217 -0.03511 0.83031 0.04644 0.55425
1403638524.5778295994 0.01063 -0.04354 0.28190 -0.03782 0.82165 0.04480 0.56697
1403638524.6778295040 0.01944 -0.04010 0.33570 -0.03343 0.81531 0.03907 0.57674
1403638524.7778294086 0.02642 -0.03534 0.37659 -0.02043 0.81153 0.03381 0.58298
1403638524.8778295517 0.03132 -0.03048 0.40291 -0.01646 0.81006 0.03097 0.58530
1403638524.9778294563 0.03329 -0.02676 0.41268 -0.02288 0.80861 0.03321 0.58696
1403638525.0778295994 0.03418 -0.02518 0.40032 -0.02062 0.80598 0.03668 0.59045
1403638525.1778295040 0.03541 -0.02415 0.36660 -0.01839 0.80459 0.04129 0.59211
1403638525.2778294086 0.03408 -0.02563 0.32034 -0.01864 0.80731 0.04630 0.58801
1403638525.3778295517 0.03252 -0.02644 0.26646 -0.02140 0.81627 0.05121 0.57500
1403638525.4778294563 0.02906 -0.02631 0.21409 -0.03009 0.82854 0.05299 0.55660
1403638525.5778295994 0.02502 -0.02842 0.16827 -0.03656 0.83760 0.05247 0.54252
1403638525.6778295040 0.02280 -0.03105 0.13001 -0.03764 0.84051 0.04947 0.53821
1403638525.7778294086 0.02249 -0.03287 0.09962 -0.03491 0.83892 0.04368 0.54137
1403638525.8778295517 0.02241 -0.03571 0.07786 -0.02808 0.83526 0.03949 0.54772
1403638525.9778294563 0.01817 -0.04409 0.06569 -0.01981 0.83380 0.03840 0.55038
1403638526.0778295994 0.01457 -0.06384 0.06486 -0.01556 0.83535 0.03633 0.54830
1403638526.1778295040 0.01166 -0.09301 0.07293 -0.01387 0.83767 0.02728 0.54532
1403638526.2778294086 0.00706 -0.12893 0.08653 -0.01054 0.83667 0.01833 0.54730
1403638526.3778295517 -0.00037 -0.16952 0.10141 -0.00834 0.83246 0.00980 0.55394
1403638526.4778294563 -0.01042 -0.21472 0.11452 -0.00718 0.82728 -0.00110 0.56174
1403638526.5778295994 -0.02182 -0.26611 0.12393 -0.00596 0.82189 -0.01198 0.56950
1403638526.6778295040 -0.03486 -0.32525 0.13128 -0.00167 0.81666 -0.02022 0.57677
1403638526.7778294086 -0.05072 -0.38951 0.13676 0.00666 0.81350 -0.02559 0.58097
1403638526.8778295517 -0.06838 -0.45475 0.14038 0.01452 0.81269 -0.02874 0.58180
1403638526.9778294563 -0.08642 -0.51643 0.14354 0.01876 0.81569 -0.03514 0.57712
1403638527.0778295994 -0.10208 -0.57455 0.14744 0.02636 0.82007 -0.04828 0.56961
1403638527.1778295040 -0.11427 -0.62731 0.15342 0.03398 0.82172 -0.06339 0.56533
1403638527.2778294086 -0.12185 -0.66838 0.16050 0.04536 0.81866 -0.07707 0.56727
1403638527.3778295517 -0.12389 -0.69182 0.16708 0.06067 0.81343 -0.08572 0.57211
1403638527.4778294563 -0.12094 -0.69402 0.17109 0.07087 0.80975 -0.09003 0.57549
1403638527.5778295994 -0.11268 -0.67472 0.17208 0.07372 0.80906 -0.09111 0.57593
1403638527.6778295040 -0.09853 -0.63438 0.16966 0.07188 0.80962 -0.08746 0.57593
1403638527.7778294086 -0.08400 -0.58862 0.16957 0.06605 0.81112 -0.07996 0.57560
1403638527.8778295517 -0.06812 -0.53466 0.17216 0.05177 0.81440 -0.07484 0.57313
1403638527.9778294563 -0.04840 -0.47527 0.17490 0.04124 0.81541 -0.06970 0.57319
1403638528.0778295994 -0.02736 -0.41579 0.17587 0.03396 0.81432 -0.06190 0.57610
1403638528.1778295040 -0.00628 -0.35984 0.17276 0.02368 0.81489 -0.05262 0.57673
1403638528.2778294086 0.01920 -0.30991 0.16683 0.01065 0.81644 -0.04166 0.57583
1403638528.3778295517 0.05010 -0.27210 0.16050 0.00297 0.81619 -0.03320 0.57683
1403638528.4778294563 0.08670 -0.24587 0.15541 0.00395 0.81554 -0.02949 0.57794
1403638528.5778295994 0.12347 -0.22481 0.15230 0.00496 0.81755 -0.03361 0.57485
1403638528.6778295040 0.15899 -0.21033 0.15209 0.00338 0.81893 -0.04095 0.57243
1403638528.7778294086 0.18968 -0.20038 0.15511 0.00807 0.81818 -0.04586 0.57308
1403638528.8778295517 0.20633 -0.19204 0.16193 0.00406 0.81731 -0.05323 0.57372
1403638528.9778294563 0.21126 -0.17858 0.17432 -0.00262 0.81728 -0.06000 0.57310
1403638529.0778295994 0.19466 -0.16885 0.19117 -0.00148 0.81828 -0.06125 0.57155
1403638529.1778295040 0.16734 -0.15163 0.20102 0.01536 0.81931 -0.05428 0.57057
1403638529.2778294086 0.13294 -0.13057 0.19964 0.02695 0.82131 -0.04819 0.56780
1403638529.3778295517 0.09593 -0.10508 0.18735 0.03102 0.82659 -0.04375 0.56025
1403638529.4778294563 0.06345 -0.08724 0.16601 0.02961 0.83667 -0.04122 0.54534
1403638529.5778295994 0.03785 -0.07506 0.14073 0.02726 0.84687 -0.03826 0.52971
1403638529.6778295040 0.01643 -0.07215 0.11593 0.02818 0.85072 -0.03498 0.52370
1403638529.7778294086 0.00608 -0.06437 0.09270 0.02732 0.84718 -0.03419 0.52950
1403638529.8778295517 0.00101 -0.05663 0.07157 0.02583 0.84080 -0.03523 0.53959
1403638529.9778294563 -0.00358 -0.05014 0.05607 0.02529 0.83813 -0.03533 0.54374
1403638530.0778295994 0.00280 -0.04780 0.04444 0.02586 0.83951 -0.03584 0.54154
1403638530.1778295040 0.01555 -0.04803 0.03456 0.02700 0.84127 -0.04037 0.53843
1403638530.2778294086 0.03059 -0.04970 0.02435 0.02922 0.84084 -0.04643 0.53849
1403638530.3778295517 0.04395 -0.05310 0.01448 0.03175 0.84021 -0.05163 0.53886
1403638530.4778294563 0.05572 -0.05694 0.00703 0.03200 0.83997 -0.05547 0.53885
1403638530.5778295994 0.06346 -0.06123 0.00148 0.03124 0.83996 -0.05877 0.53856
1403638530.6778295040 0.06773 -0.06465 -0.00348 0.03240 0.84293 -0.06093 0.53358
1403638530.7778294086 0.07082 -0.06680 -0.00896 0.03249 0.84636 -0.06246 0.52794
1403638530.8778295517 0.07300 -0.06808 -0.01344 0.03055 0.84702 -0.06182 0.52708
1403638530.9778294563 0.07433 -0.06843 -0.01657 0.02926 0.84482 -0.06181 0.53067
1403638531.0778295994 0.07441 -0.06805 -0.01853 0.03001 0.84141 -0.06049 0.53616
1403638531.1778295040 0.07431 -0.06634 -0.01786 0.03066 0.83930 -0.05837 0.53966
1403638531.2778294086 0.07466 -0.06526 -0.01932 0.03345 0.83815 -0.05704 0.54142
1403638531.3778295517 0.07454 -0.06446 -0.01965 0.03337 0.83697 -0.05723 0.54322
1403638531.4778294563 0.07436 -0.06484 -0.01954 0.03358 0.83596 -0.05766 0.54472
1403638531.5778295994 0.07418 -0.06492 -0.01968 0.03420 0.83632 -0.05659 0.54424
1403638531.6778295040 0.07415 -0.06472 -0.01981 0.03350 0.83644 -0.05722 0.54403
1403638531.7778294086 0.07423 -0.06479 -0.01982 0.03392 0.83639 -0.05732 0.54407
1403638531.8778295517 0.07418 -0.06483 -0.01985 0.03415 0.83647 -0.05727 0.54395
1403638531.9778294563 0.07420 -0.06490 -0.01989 0.03446 0.83647 -0.05735 0.54391
1403638532.0778295994 0.07419 -0.06494 -0.01993 0.03471 0.83648 -0.05729 0.54389
1403638532.1778295040 0.07420 -0.06494 -0.01996 0.03475 0.83647 -0.05744 0.54388
1403638532.2778294086 0.07421 -0.06494 -0.01997 0.03474 0.83647 -0.05769 0.54387
1403638532.3778295517 0.07419 -0.06494 -0.02000 0.03478 0.83645 -0.05779 0.54388
1403638532.4778294563 0.07420 -0.06498 -0.02001 0.03484 0.83642 -0.05797 0.54390
1403638532.5778295994 0.07419 -0.06499 -0.02004 0.03498 0.83644 -0.05809 0.54385
1403638532.6778295040 0.07422 -0.06505 -0.02004 0.03518 0.83640 -0.05817 0.54388
1403638532.7778294086 0.07418 -0.06509 -0.02005 0.03542 0.83642 -0.05815 0.54384
1403638532.8778295517 0.07418 -0.06511 -0.02005 0.03562 0.83640 -0.05826 0.54384
1403638532.9778294563 0.07419 -0.06515 -0.02005 0.03575 0.83637 -0.05835 0.54388
1403638533.0778295994 0.07417 -0.06517 -0.02007 0.03590 0.83636 -0.05846 0.54386
1403638533.1778295040 0.07418 -0.06520 -0.02007 0.03602 0.83631 -0.05860 0.54392
1403638533.2778294086 0.07417 -0.06523 -0.02009 0.03614 0.83628 -0.05871 0.54395
1403638533.3778295517 0.07417 -0.06526 -0.02009 0.03633 0.83626 -0.05876 0.54397
1403638533.4778294563 0.07418 -0.06530 -0.02009 0.03643 0.83623 -0.05886 0.54399
1403638533.5778295994 0.07416 -0.06531 -0.02011 0.03654 0.83622 -0.05896 0.54400
1403638533.6778295040 0.07417 -0.06533 -0.02010 0.03664 0.83618 -0.05909 0.54403
1403638533.7778294086 0.07416 -0.06535 -0.02011 0.03676 0.83615 -0.05919 0.54405
1403638533.8778295517 0.07417 -0.06533 -0.02012 0.03665 0.83618 -0.05899 0.54405
1403638533.9778294563 0.07419 -0.06539 -0.02012 0.03689 0.83616 -0.05929 0.54403
1403638534.0778295994 0.07413 -0.06543 -0.02013 0.03738 0.83608 -0.05972 0.54407
1403638534.1778295040 0.07415 -0.06545 -0.02009 0.03710 0.83610 -0.05958 0.54407
1403638534.2778294086 0.07415 -0.06540 -0.02006 0.03692 0.83617 -0.05951 0.54398
1403638534.3778295517 0.07417 -0.06541 -0.02006 0.03701 0.83616 -0.05958 0.54399
1403638534.4778294563 0.07418 -0.06547 -0.02009 0.03722 0.83616 -0.05989 0.54393
1403638534.5778295994 0.07418 -0.06544 -0.02008 0.03711 0.83625 -0.05962 0.54384
1403638534.6778295040 0.07421 -0.06539 -0.02006 0.03695 0.83624 -0.05944 0.54388
1403638534.7778294086 0.07419 -0.06543 -0.02005 0.03708 0.83623 -0.05936 0.54389
1403638534.8778295517 0.07418 -0.06547 -0.02006 0.03739 0.83618 -0.05954 0.54394
1403638534.9778294563 0.07417 -0.06552 -0.02006 0.03747 0.83621 -0.05960 0.54388
1403638535.0778295994 0.07417 -0.06551 -0.02005 0.03735 0.83626 -0.05959 0.54380
1403638535.1778295040 0.07418 -0.06551 -0.02006 0.03727 0.83622 -0.05962 0.54386
1403638535.2778294086 0.07417 -0.06551 -0.02006 0.03719 0.83622 -0.05961 0.54387
1403638535.3778295517 0.07416 -0.06549 -0.02003 0.03723 0.83622 -0.05958 0.54388
1403638535.4778294563 0.07417 -0.06549 -0.02003 0.03731 0.83622 -0.05959 0.54387
1403638535.5778295994 0.07418 -0.06547 -0.02002 0.03726 0.83622 -0.05952 0.54387
1403638535.6778295040 0.07418 -0.06547 -0.02002 0.03718 0.83620 -0.05954 0.54391
1403638535.7778294086 0.07417 -0.06547 -0.02003 0.03720 0.83618 -0.05952 0.54394
1403638535.8778295517 0.07418 -0.06547 -0.02002 0.03710 0.83620 -0.05946 0.54393
1403638535.9778294563 0.07416 -0.06545 -0.02001 0.03703 0.83624 -0.05943 0.54387
1403638536.0778295994 0.07417 -0.06545 -0.02001 0.03698 0.83619 -0.05947 0.54396
1403638536.1778295040 0.07417 -0.06545 -0.02000 0.03693 0.83617 -0.05947 0.54398
1403638536.2778294086 0.07417 -0.06544 -0.02000 0.03693 0.83617 -0.05939 0.54399
1403638536.3778295517 0.07418 -0.06544 -0.02000 0.03690 0.83613 -0.05938 0.54407
1403638536.4778294563 0.07417 -0.06542 -0.02000 0.03686 0.83611 -0.05932 0.54409
1403638536.5778295994 0.07418 -0.06541 -0.01999 0.03672 0.83612 -0.05930 0.54410
1403638536.6778295040 0.07417 -0.06540 -0.01999 0.03667 0.83611 -0.05924 0.54412
1403638536.7778294086 0.07416 -0.06539 -0.02000 0.03667 0.83608 -0.05925 0.54417
1403638536.8778295517 0.07416 -0.06538 -0.02001 0.03655 0.83602 -0.05931 0.54425
1403638536.9778294563 0.07417 -0.06538 -0.02000 0.03644 0.83605 -0.05932 0.54422
1403638537.0778295994 0.07419 -0.06534 -0.01998 0.03641 0.83606 -0.05920 0.54422
1403638537.1778295040 0.07419 -0.06532 -0.01997 0.03651 0.83601 -0.05915 0.54429
1403638537.2778294086 0.07419 -0.06532 -0.01994 0.03659 0.83604 -0.05905 0.54426
1403638537.3778295517 0.07418 -0.06532 -0.01995 0.03653 0.83602 -0.05901 0.54429
1403638537.4778294563 0.07419 -0.06530 -0.01995 0.03644 0.83601 -0.05896 0.54432
1403638537.5778295994 0.07419 -0.06528 -0.01991 0.03643 0.83605 -0.05881 0.54428
1403638537.6778295040 0.07421 -0.06527 -0.01986 0.03643 0.83607 -0.05879 0.54424
1403638537.7778294086 0.07420 -0.06525 -0.01987 0.03633 0.83604 -0.05878 0.54429
1403638537.8778295517 0.07423 -0.06524 -0.01985 0.03639 0.83605 -0.05866 0.54430
1403638537.9778294563 0.07421 -0.06523 -0.01984 0.03637 0.83602 -0.05874 0.54434
1403638538.0778295994 0.07422 -0.06520 -0.01981 0.03628 0.83601 -0.05871 0.54436
1403638538.1778295040 0.07421 -0.06521 -0.01980 0.03627 0.83599 -0.05866 0.54439
1403638538.2778294086 0.07430 -0.06517 -0.01981 0.03623 0.83597 -0.05852 0.54445
1403638538.3778295517 0.07425 -0.06518 -0.01977 0.03635 0.83593 -0.05847 0.54450
1403638538.4778294563 0.07423 -0.06517 -0.01971 0.03627 0.83595 -0.05841 0.54448
1403638538.5778295994 0.07427 -0.06516 -0.01966 0.03644 0.83594 -0.05839 0.54449
1403638538.6778295040 0.07426 -0.06514 -0.01961 0.03622 0.83576 -0.05845 0.54477
1403638538.7778294086 0.07436 -0.06518 -0.01928 0.03600 0.83500 -0.05824 0.54597
1403638538.8778295517 0.07575 -0.06476 -0.01889 0.03521 0.83401 -0.05770 0.54759
1403638538.9778294563 0.07914 -0.06457 -0.01640 0.03599 0.82930 -0.05698 0.55473
1403638539.0778295994 0.08340 -0.06444 -0.01283 0.03759 0.82372 -0.05852 0.56271
1403638539.1778295040 0.09110 -0.06437 -0.00509 0.03685 0.81847 -0.05896 0.57033
1403638539.2778294086 0.09993 -0.06440 0.01035 0.03665 0.81480 -0.05823 0.57565
1403638539.3778295517 0.10828 -0.06449 0.03354 0.03626 0.81575 -0.05771 0.57437
1403638539.4778294563 0.11744 -0.06537 0.06294 0.03590 0.81782 -0.05669 0.57154
1403638539.5778295994 0.12764 -0.06689 0.09506 0.03555 0.81880 -0.05533 0.57030
1403638539.6778295040 0.13877 -0.06825 0.12210 0.03389 0.81943 -0.05490 0.56954
1403638539.7778294086 0.14875 -0.06890 0.13834 0.03428 0.82069 -0.05309 0.56787
1403638539.8778295517 0.16082 -0.06890 0.14733 0.03339 0.82325 -0.05249 0.56426
1403638539.9778294563 0.17660 -0.06833 0.15472 0.03166 0.82783 -0.05220 0.55764
1403638540.0778295994 0.19633 -0.06926 0.16169 0.03145 0.83375 -0.05205 0.54879
1403638540.1778295040 0.22091 -0.07035 0.16892 0.03114 0.83771 -0.05177 0.54277
1403638540.2778294086 0.25486 -0.07088 0.18367 0.03168 0.83352 -0.05047 0.54926
1403638540.3778295517 0.29289 -0.07192 0.19138 0.03239 0.82745 -0.04846 0.55850
1403638540.4778294563 0.33508 -0.07206 0.19861 0.02918 0.82517 -0.04246 0.56254
1403638540.5778295994 0.38154 -0.07111 0.20405 0.02193 0.82542 -0.03099 0.56324
1403638540.6778295040 0.43070 -0.06959 0.20948 0.01356 0.82558 -0.01381 0.56396
1403638540.7778294086 0.48167 -0.06589 0.21415 0.00561 0.82470 0.01019 0.56546
1403638540.8778295517 0.53377 -0.05910 0.21752 -0.00476 0.82397 0.03820 0.56532
1403638540.9778294563 0.58605 -0.04747 0.21919 -0.01854 0.82235 0.06450 0.56501
1403638541.0778295994 0.63874 -0.03219 0.21859 -0.03237 0.82010 0.08400 0.56510
1403638541.1778295040 0.69283 -0.01373 0.21303 -0.04220 0.81829 0.09731 0.56494
1403638541.2778294086 0.74712 0.00972 0.20511 -0.04734 0.81746 0.10612 0.56414
1403638541.3778295517 0.80146 0.03785 0.20488 -0.05038 0.81727 0.10976 0.56346
1403638541.4778294563 0.85482 0.07048 0.21071 -0.05160 0.81707 0.11003 0.56358
1403638541.5778295994 0.90732 0.10891 0.22284 -0.05094 0.81563 0.11062 0.56561
1403638541.6778295040 0.96241 0.15465 0.24349 -0.05516 0.81390 0.11364 0.56710
1403638541.7778294086 1.01525 0.20500 0.26928 -0.06513 0.81250 0.11925 0.56690
1403638541.8778295517 1.06531 0.26010 0.30319 -0.07706 0.81102 0.12820 0.56557
1403638541.9778294563 1.11346 0.31723 0.33391 -0.08880 0.80984 0.14251 0.56211
1403638542.0778295994 1.15969 0.37552 0.35823 -0.10273 0.80761 0.15952 0.55835
1403638542.1778295040 1.20447 0.43478 0.37652 -0.11810 0.80365 0.17942 0.55499
1403638542.2778294086 1.24792 0.49537 0.38848 -0.13298 0.79954 0.20273 0.54951
1403638542.3778295517 1.29188 0.55700 0.39727 -0.14676 0.79168 0.22454 0.54890
1403638542.4778294563 1.33461 0.61818 0.40379 -0.15318 0.77794 0.24484 0.55803
1403638542.5778295994 1.37529 0.68020 0.40730 -0.14957 0.76574 0.26334 0.56738
1403638542.6778295040 1.41016 0.74563 0.41243 -0.15039 0.76221 0.27277 0.56746
1403638542.7778294086 1.43789 0.81508 0.42424 -0.15955 0.76627 0.27182 0.55990
1403638542.8778295517 1.46017 0.88844 0.44340 -0.16632 0.77165 0.26876 0.55196
1403638542.9778294563 1.47846 0.96366 0.46977 -0.17036 0.77631 0.26559 0.54570
1403638543.0778295994 1.49397 1.03896 0.49814 -0.17293 0.77996 0.26242 0.54119
1403638543.1778295040 1.50876 1.11526 0.52101 -0.17296 0.78128 0.25985 0.54053
1403638543.2778294086 1.52357 1.19164 0.53985 -0.17297 0.78171 0.25736 0.54109
1403638543.3778295517 1.53876 1.27003 0.55098 -0.17222 0.78292 0.25630 0.54007
1403638543.4778294563 1.55463 1.35015 0.55893 -0.17433 0.78194 0.26062 0.53875
1403638543.5778295994 1.56750 1.42925 0.56652 -0.17943 0.77893 0.27163 0.53600
1403638543.6778295040 1.58152 1.51224 0.56987 -0.18625 0.77325 0.28914 0.53272
1403638543.7778294086 1.59306 1.59556 0.57519 -0.19644 0.76516 0.31032 0.52881
1403638543.8778295517 1.60369 1.67729 0.58747 -0.20819 0.75502 0.33278 0.52523
1403638543.9778294563 1.61565 1.76313 0.60640 -0.22226 0.74649 0.35105 0.51972
1403638544.0778295994 1.62744 1.84853 0.62887 -0.23716 0.74250 0.36233 0.51104
1403638544.1778295040 1.64091 1.93479 0.65071 -0.24755 0.73943 0.36885 0.50588
1403638544.2778294086 1.65604 2.02398 0.66654 -0.25428 0.73691 0.37220 0.50376
1403638544.3778295517 1.67132 2.11227 0.67618 -0.25584 0.73628 0.37477 0.50198
1403638544.4778294563 1.68846 2.20294 0.68364 -0.25494 0.73686 0.37585 0.50077
1403638544.5778295994 1.70691 2.29550 0.68958 -0.25679 0.73423 0.37498 0.50435
1403638544.6778295040 1.72571 2.39101 0.70360 -0.26178 0.72777 0.37422 0.51164
1403638544.7778294086 1.74355 2.48153 0.71907 -0.26310 0.72694 0.37519 0.51143
1403638544.8778295517 1.76047 2.57336 0.73501 -0.26111 0.73019 0.37747 0.50611
1403638544.9778294563 1.77797 2.66264 0.74386 -0.26132 0.73102 0.37818 0.50427
1403638545.0778295994 1.79566 2.75181 0.74736 -0.26287 0.72979 0.37813 0.50530
1403638545.1778295040 1.81069 2.83981 0.74701 -0.26269 0.72937 0.37924 0.50517
1403638545.2778294086 1.82845 2.92812 0.73857 -0.26204 0.72875 0.38089 0.50516
1403638545.3778295517 1.84700 3.01687 0.72643 -0.26384 0.72611 0.37999 0.50869
1403638545.4778294563 1.86119 3.10055 0.71269 -0.26605 0.72598 0.38096 0.50699
1403638545.5778295994 1.87729 3.18880 0.69956 -0.27024 0.72374 0.38758 0.50294
1403638545.6778295040 1.89105 3.27321 0.69546 -0.27911 0.71812 0.39908 0.49713
1403638545.7778294086 1.90437 3.35414 0.69783 -0.28812 0.71025 0.41564 0.48967
1403638545.8778295517 1.91825 3.43780 0.70668 -0.29915 0.69951 0.43515 0.48149
1403638545.9778294563 1.93317 3.52286 0.72217 -0.30903 0.68698 0.45710 0.47289
1403638546.0778295994 1.94953 3.61163 0.74038 -0.31548 0.67497 0.47599 0.46725
1403638546.1778295040 1.96689 3.70286 0.75307 -0.32308 0.66630 0.48822 0.46184
1403638546.2778294086 1.98297 3.79571 0.75887 -0.32805 0.66158 0.49580 0.45703
1403638546.3778295517 1.99811 3.88919 0.75943 -0.33435 0.66004 0.49799 0.45228
1403638546.4778294563 2.01225 3.98307 0.75424 -0.33709 0.65970 0.49927 0.44934
1403638546.5778295994 2.02578 4.07855 0.74900 -0.33812 0.65766 0.50248 0.44796
1403638546.6778295040 2.03793 4.17478 0.74934 -0.34171 0.65282 0.50834 0.44570
1403638546.7778294086 2.04923 4.27399 0.75979 -0.34422 0.64825 0.51402 0.44393
1403638546.8778295517 2.05909 4.37513 0.77876 -0.34497 0.64457 0.51896 0.44295
1403638546.9778294563 2.06802 4.47929 0.79561 -0.34375 0.64126 0.52339 0.44349
1403638547.0778295994 2.07654 4.58525 0.80652 -0.34176 0.63877 0.52670 0.44471
1403638547.1778295040 2.08027 4.69254 0.80845 -0.33887 0.63670 0.52996 0.44601
1403638547.2778294086 2.08138 4.79959 0.80909 -0.33698 0.63529 0.53147 0.44765
1403638547.3778295517 2.07439 4.90448 0.80226 -0.34023 0.63669 0.52926 0.44582
1403638547.4778294563 2.06738 5.01363 0.79623 -0.34486 0.63982 0.52555 0.44215
1403638547.5778295994 2.05825 5.12334 0.78510 -0.34795 0.64326 0.52216 0.43874
1403638547.6778295040 2.04361 5.22678 0.76577 -0.34874 0.64438 0.52061 0.43831
1403638547.7778294086 2.03148 5.33914 0.74588 -0.34666 0.64377 0.52117 0.44019
1403638547.8778295517 2.01395 5.44330 0.71938 -0.34330 0.64083 0.52329 0.44457
1403638547.9778294563 1.99746 5.55944 0.69670 -0.34343 0.64072 0.52364 0.44423
1403638548.0778295994 1.97624 5.67421 0.67929 -0.34619 0.64028 0.52591 0.44002
1403638548.1778295040 1.95692 5.80188 0.67352 -0.35055 0.63652 0.53132 0.43549
1403638548.2778294086 1.93403 5.92882 0.67463 -0.35714 0.63014 0.53978 0.42896
1403638548.3778295517 1.90966 6.05690 0.68485 -0.36481 0.62070 0.55118 0.42171
1403638548.4778294563 1.88461 6.18545 0.70232 -0.37295 0.61110 0.56178 0.41458
1403638548.5778295994 1.86018 6.30812 0.71941 -0.37954 0.60313 0.56967 0.40946
1403638548.6778295040 1.83672 6.43112 0.73236 -0.38444 0.59760 0.57512 0.40536
1403638548.7778294086 1.81369 6.55581 0.74258 -0.38722 0.59371 0.57913 0.40272
1403638548.8778295517 1.78956 6.68372 0.75783 -0.38852 0.59157 0.58180 0.40075
1403638548.9778294563 1.76481 6.81157 0.78029 -0.38992 0.59052 0.58275 0.39956
1403638549.0778295994 1.73850 6.94135 0.80598 -0.39042 0.59025 0.58319 0.39883
1403638549.1778295040 1.71285 7.06885 0.83894 -0.39160 0.59021 0.58224 0.39912
1403638549.2778294086 1.68625 7.19921 0.87641 -0.39229 0.59109 0.58127 0.39855
1403638549.3778295517 1.66018 7.33151 0.91913 -0.39451 0.59263 0.57891 0.39752
1403638549.4778294563 1.63392 7.46466 0.95791 -0.39632 0.59408 0.57679 0.39662
1403638549.5778295994 1.60861 7.59983 0.99241 -0.39765 0.59419 0.57505 0.39765
1403638549.6778295040 1.58432 7.73667 1.02087 -0.39895 0.59371 0.57353 0.39927
1403638549.7778294086 1.56232 7.87051 1.05055 -0.39733 0.59393 0.57405 0.39981
1403638549.8778295517 1.54048 8.00706 1.08533 -0.39632 0.59544 0.57422 0.39832
1403638549.9778294563 1.51848 8.14608 1.12981 -0.39597 0.59635 0.57425 0.39725
1403638550.0778295994 1.49815 8.28712 1.18112 -0.39627 0.59668 0.57401 0.39681
1403638550.1778295040 1.47962 8.43032 1.24067 -0.39704 0.59719 0.57387 0.39548
1403638550.2778294086 1.46283 8.57773 1.30661 -0.39650 0.59676 0.57473 0.39542
1403638550.3778295517 1.44679 8.72624 1.37555 -0.39655 0.59581 0.57510 0.39625
1403638550.4778294563 1.43314 8.87583 1.43792 -0.39921 0.59640 0.57356 0.39491
1403638550.5778295994 1.42169 9.02722 1.49099 -0.40311 0.59711 0.57117 0.39336
1403638550.6778295040 1.41391 9.17510 1.53801 -0.40805 0.59553 0.56776 0.39560
1403638550.7778294086 1.41028 9.31720 1.58014 -0.41108 0.59478 0.56556 0.39673
1403638550.8778295517 1.41082 9.45969 1.61936 -0.41700 0.59106 0.56128 0.40215
1403638550.9778294563 1.41336 9.59842 1.65424 -0.42266 0.58692 0.55679 0.40850
1403638551.0778295994 1.41730 9.73098 1.68611 -0.42631 0.58447 0.55387 0.41216
1403638551.1778295040 1.42439 9.85620 1.71854 -0.43066 0.58495 0.55107 0.41072
1403638551.2778294086 1.43621 9.97583 1.75586 -0.43127 0.58673 0.54995 0.40905
1403638551.3778295517 1.45487 10.08662 1.79922 -0.42654 0.59442 0.54695 0.40691
1403638551.4778294563 1.47877 10.19405 1.83642 -0.41906 0.60704 0.53766 0.40843
1403638551.5778295994 1.51108 10.29525 1.87014 -0.41287 0.62219 0.52141 0.41298
1403638551.6778295040 1.54872 10.40037 1.89876 -0.40596 0.63927 0.50297 0.41659
1403638551.7778294086 1.59605 10.50236 1.92290 -0.39670 0.65350 0.48451 0.42521
1403638551.8778295517 1.65193 10.59865 1.94272 -0.38655 0.66416 0.46896 0.43536
1403638551.9778294563 1.71552 10.68709 1.96551 -0.37463 0.66759 0.46130 0.44854
1403638552.0778295994 1.78451 10.76538 1.99532 -0.36507 0.66914 0.45628 0.45911
1403638552.1778295040 1.85659 10.83447 2.02965 -0.35921 0.67402 0.45320 0.45964
1403638552.2778294086 1.93178 10.89600 2.06895 -0.35507 0.67799 0.45222 0.45799
1403638552.3778295517 2.00985 10.95151 2.10724 -0.35709 0.67901 0.44938 0.45769
1403638552.4778294563 2.09275 11.00413 2.14000 -0.36433 0.67537 0.44388 0.46271
1403638552.5778295994 2.17867 11.04489 2.16834 -0.36990 0.67164 0.44046 0.46697
1403638552.6778295040 2.26750 11.07678 2.19002 -0.37054 0.66931 0.44172 0.46862
1403638552.7778294086 2.35964 11.09909 2.20506 -0.36997 0.66863 0.44400 0.46790
1403638552.8778295517 2.45582 11.11893 2.21497 -0.36783 0.66724 0.44795 0.46779
1403638552.9778294563 2.55298 11.12468 2.22081 -0.36353 0.66484 0.45403 0.46872
1403638553.0778295994 2.65346 11.13236 2.22125 -0.35985 0.66258 0.45944 0.46948
1403638553.1778295040 2.75057 11.12763 2.21942 -0.36530 0.65869 0.45813 0.47202
1403638553.2778294086 2.85165 11.12379 2.21857 -0.37256 0.65297 0.45490 0.47738
1403638553.3778295517 2.94932 11.10475 2.22233 -0.37419 0.64773 0.45577 0.48239
1403638553.4778294563 3.04623 11.07658 2.23149 -0.37068 0.64225 0.45935 0.48899
1403638553.5778295994 3.14223 11.03923 2.24728 -0.36761 0.63794 0.46238 0.49406
1403638553.6778295040 3.23620 10.98989 2.26694 -0.36541 0.63698 0.46475 0.49472
1403638553.7778294086 3.32598 10.92938 2.29500 -0.36355 0.63746 0.46668 0.49365
1403638553.8778295517 3.40732 10.85844 2.32774 -0.36130 0.63926 0.46818 0.49154
1403638553.9778294563 3.49207 10.78620 2.36512 -0.36059 0.64232 0.46865 0.48762
1403638554.0778295994 3.56378 10.70009 2.39285 -0.35905 0.64560 0.46956 0.48353
1403638554.1778295040 3.64636 10.62079 2.42255 -0.35423 0.64849 0.47331 0.47953
1403638554.2778294086 3.71625 10.52820 2.43841 -0.34632 0.65432 0.47916 0.47153
1403638554.3778295517 3.79228 10.44417 2.45708 -0.34044 0.65755 0.48377 0.46658
1403638554.4778294563 3.86250 10.35936 2.47170 -0.33777 0.65897 0.48597 0.46421
1403638554.5778295994 3.92815 10.27494 2.48175 -0.33888 0.65987 0.48566 0.46247
1403638554.6778295040 3.99057 10.18700 2.48913 -0.34479 0.66210 0.48186 0.45887
1403638554.7778294086 4.05319 10.10420 2.50551 -0.34968 0.66280 0.47860 0.45757
1403638554.8778295517 4.11629 10.01874 2.52396 -0.35275 0.66293 0.47664 0.45705
1403638554.9778294563 4.18125 9.93396 2.54373 -0.35531 0.66363 0.47346 0.45737
1403638555.0778295994 4.24858 9.85506 2.55988 -0.35165 0.66690 0.46917 0.45986
1403638555.1778295040 4.31569 9.76729 2.56619 -0.34500 0.67299 0.46252 0.46275
1403638555.2778294086 4.38684 9.68806 2.57300 -0.33885 0.67928 0.45452 0.46602
1403638555.3778295517 4.45969 9.60427 2.57420 -0.33177 0.68252 0.44983 0.47091
1403638555.4778294563 4.53272 9.51815 2.57090 -0.32598 0.68464 0.44676 0.47477
1403638555.5778295994 4.60597 9.43120 2.56593 -0.32365 0.68599 0.44408 0.47693
1403638555.6778295040 4.67899 9.34345 2.56642 -0.32304 0.68773 0.44241 0.47640
1403638555.7778294086 4.75065 9.25393 2.57583 -0.32209 0.68891 0.44256 0.47519
1403638555.8778295517 4.82102 9.16390 2.59260 -0.32140 0.68892 0.44355 0.47471
1403638555.9778294563 4.89247 9.07814 2.61567 -0.32012 0.68765 0.44519 0.47588
1403638556.0778295994 4.96472 8.99395 2.64228 -0.31859 0.68776 0.44655 0.47548
1403638556.1778295040 5.03631 8.91513 2.66488 -0.31762 0.69215 0.44707 0.46923
1403638556.2778294086 5.10959 8.83659 2.68102 -0.31614 0.69542 0.44813 0.46436
1403638556.3778295517 5.18283 8.76717 2.69336 -0.31485 0.69760 0.44887 0.46123
1403638556.4778294563 5.26012 8.69444 2.70344 -0.31246 0.70067 0.45019 0.45690
1403638556.5778295994 5.33681 8.63736 2.71436 -0.31191 0.70370 0.44977 0.45302
1403638556.6778295040 5.41656 8.58501 2.72633 -0.31934 0.70629 0.44363 0.44985
1403638556.7778294086 5.50184 8.52773 2.74637 -0.32593 0.70313 0.43888 0.45470
1403638556.8778295517 5.58871 8.48090 2.77326 -0.33168 0.70171 0.43454 0.45691
1403638556.9778294563 5.68069 8.43592 2.80346 -0.33509 0.70032 0.43191 0.45905
1403638557.0778295994 5.77921 8.39046 2.82734 -0.33374 0.69889 0.43332 0.46088
1403638557.1778295040 5.88300 8.34417 2.84393 -0.33222 0.69731 0.43491 0.46287
1403638557.2778294086 5.98910 8.29722 2.85421 -0.33119 0.69625 0.43601 0.46416
1403638557.3778295517 6.09974 8.24974 2.85995 -0.32877 0.69503 0.43818 0.46566
1403638557.4778294563 6.21207 8.20328 2.86795 -0.32334 0.69202 0.44263 0.46971
1403638557.5778295994 6.32442 8.15684 2.88182 -0.31890 0.68962 0.44583 0.47325
1403638557.6778295040 6.43630 8.11167 2.90033 -0.31640 0.68845 0.44777 0.47480
1403638557.7778294086 6.54691 8.06705 2.92182 -0.31641 0.68813 0.44746 0.47554
1403638557.8778295517 6.65693 8.02168 2.93807 -0.31354 0.68807 0.44889 0.47618
1403638557.9778294563 6.76449 7.97724 2.94873 -0.31074 0.68931 0.45052 0.47469
1403638558.0778295994 6.87090 7.93420 2.95364 -0.30970 0.69306 0.45127 0.46916
1403638558.1778295040 6.97847 7.89313 2.95583 -0.30677 0.69884 0.45280 0.46096
1403638558.2778294086 7.08769 7.85692 2.96355 -0.30321 0.70295 0.45453 0.45534
1403638558.3778295517 7.19696 7.82903 2.98134 -0.29844 0.70428 0.45727 0.45368
1403638558.4778294563 7.30602 7.80762 3.00685 -0.29204 0.70794 0.46091 0.44843
1403638558.5778295994 7.41642 7.79586 3.03968 -0.29323 0.71052 0.45959 0.44492
1403638558.6778295040 7.53004 7.79422 3.07845 -0.30150 0.71129 0.45307 0.44485
1403638558.7778294086 7.64544 7.80013 3.11691 -0.30930 0.71100 0.44694 0.44616
1403638558.8778295517 7.76546 7.81057 3.14730 -0.31191 0.70977 0.44475 0.44848
1403638558.9778294563 7.88875 7.82541 3.17048 -0.31378 0.70501 0.44349 0.45587
1403638559.0778295994 8.01480 7.84304 3.18564 -0.31447 0.70057 0.44332 0.46236
1403638559.1778295040 8.14105 7.86384 3.19375 -0.31481 0.69718 0.44371 0.46686
1403638559.2778294086 8.26691 7.88616 3.19533 -0.31278 0.69436 0.44604 0.47020
1403638559.3778295517 8.39283 7.90891 3.19073 -0.30919 0.69205 0.44930 0.47286
1403638559.4778294563 8.51446 7.93281 3.18186 -0.30709 0.68974 0.45148 0.47552
1403638559.5778295994 8.63367 7.95784 3.16822 -0.30605 0.68758 0.45300 0.47787
1403638559.6778295040 8.74941 7.98524 3.15154 -0.30668 0.68654 0.45317 0.47881
1403638559.7778294086 8.86059 8.01349 3.13790 -0.30702 0.68569 0.45385 0.47916
1403638559.8778295517 8.96893 8.04506 3.13001 -0.30833 0.68647 0.45309 0.47791
1403638559.9778294563 9.07523 8.07751 3.12277 -0.30717 0.69004 0.44717 0.47910
1403638560.0778295994 9.18216 8.11140 3.11053 -0.30177 0.69794 0.43433 0.48288
1403638560.1778295040 9.28735 8.14451 3.09104 -0.29200 0.70768 0.41628 0.49054
1403638560.2778294086 9.39176 8.17842 3.06622 -0.27966 0.71850 0.39512 0.49943
1403638560.3778295517 9.49514 8.21142 3.03935 -0.26842 0.72632 0.37088 0.51269
1403638560.4778294563 9.59466 8.24225 3.00897 -0.25570 0.73435 0.34576 0.52517
1403638560.5778295994 9.68982 8.26857 2.97398 -0.24439 0.74356 0.31890 0.53451
1403638560.6778295040 9.78141 8.29066 2.93512 -0.23469 0.75406 0.29091 0.54009
1403638560.7778294086 9.86921 8.30592 2.89974 -0.22746 0.76282 0.26532 0.54403
1403638560.8778295517 9.95439 8.31307 2.87239 -0.21670 0.76927 0.24247 0.54997
1403638560.9778294563 10.03946 8.31351 2.85287 -0.20443 0.77354 0.22153 0.55747
1403638561.0778295994 10.12262 8.30615 2.84153 -0.19218 0.77607 0.20164 0.56579
1403638561.1778295040 10.20104 8.28987 2.83669 -0.18127 0.77742 0.18396 0.57351
1403638561.2778294086 10.27455 8.26623 2.83879 -0.17442 0.77767 0.17059 0.57940
1403638561.3778295517 10.34123 8.23474 2.84343 -0.16540 0.78225 0.16583 0.57727
1403638561.4778294563 10.40314 8.19669 2.84431 -0.15188 0.78806 0.16945 0.57200
1403638561.5778295994 10.46335 8.15540 2.83951 -0.14232 0.79147 0.17422 0.56830
1403638561.6778295040 10.52090 8.11302 2.83006 -0.13858 0.79310 0.17712 0.56605
1403638561.7778294086 10.57502 8.06956 2.81523 -0.13774 0.79324 0.17947 0.56533
1403638561.8778295517 10.62597 8.02420 2.79340 -0.13527 0.79259 0.18014 0.56662
1403638561.9778294563 10.67679 7.97763 2.76852 -0.13020 0.79354 0.17585 0.56782
1403638562.0778295994 10.72317 7.93015 2.74479 -0.12289 0.79530 0.16718 0.56960
1403638562.1778295040 10.76513 7.88092 2.72890 -0.11536 0.79714 0.15752 0.57136
1403638562.2778294086 10.80517 7.83383 2.71760 -0.10896 0.79817 0.14935 0.57337
1403638562.3778295517 10.84202 7.78623 2.71286 -0.10303 0.79907 0.13752 0.57616
1403638562.4778294563 10.87509 7.73716 2.71228 -0.09521 0.80141 0.12158 0.57784
1403638562.5778295994 10.90608 7.68823 2.71892 -0.08570 0.80374 0.10157 0.57995
1403638562.6778295040 10.93422 7.63833 2.73011 -0.07702 0.80657 0.07748 0.58096
1403638562.7778294086 10.96027 7.58637 2.74255 -0.06825 0.80818 0.05131 0.58271
1403638562.8778295517 10.98233 7.53076 2.75083 -0.05482 0.80939 0.02677 0.58409
1403638562.9778294563 11.00028 7.47193 2.75291 -0.04038 0.81013 0.00418 0.58484
1403638563.0778295994 11.01404 7.41030 2.74977 -0.03142 0.81002 -0.01982 0.58522
1403638563.1778295040 11.02093 7.34460 2.74263 -0.01956 0.80986 -0.03945 0.58497
1403638563.2778294086 11.02391 7.27434 2.73159 -0.00813 0.80676 -0.05313 0.58843
1403638563.3778295517 11.02030 7.20036 2.71595 -0.00159 0.79901 -0.06271 0.59804
1403638563.4778294563 11.00979 7.12279 2.69457 -0.00033 0.79295 -0.06959 0.60529
1403638563.5778295994 10.99287 7.03967 2.67280 0.00520 0.79355 -0.06922 0.60453
1403638563.6778295040 10.96925 6.95200 2.65697 0.00533 0.79710 -0.06925 0.59984
1403638563.7778294086 10.94006 6.85870 2.64803 0.00224 0.79939 -0.06954 0.59677
1403638563.8778295517 10.90558 6.76158 2.64745 -0.00091 0.79906 -0.06860 0.59733
1403638563.9778294563 10.86687 6.65815 2.65309 -0.00450 0.79806 -0.06687 0.59884
1403638564.0778295994 10.81974 6.55119 2.65626 -0.00896 0.79876 -0.06461 0.59810
1403638564.1778295040 10.76710 6.43848 2.65430 -0.01071 0.79875 -0.05989 0.59858
1403638564.2778294086 10.71252 6.31742 2.65020 -0.01000 0.79721 -0.05430 0.60117
1403638564.3778295517 10.64842 6.19582 2.65158 -0.01011 0.79586 -0.04919 0.60339
1403638564.4778294563 10.58103 6.06806 2.66002 -0.00949 0.79466 -0.04485 0.60532
1403638564.5778295994 10.50155 5.94023 2.67251 -0.01220 0.79646 -0.04435 0.60293
1403638564.6778295040 10.41850 5.80950 2.68476 -0.01727 0.79823 -0.04725 0.60024
1403638564.7778294086 10.32499 5.67486 2.68973 -0.02097 0.79884 -0.05031 0.59907
1403638564.8778295517 10.23162 5.53430 2.68916 -0.02312 0.79839 -0.05282 0.59937
1403638564.9778294563 10.13030 5.38451 2.66744 -0.02497 0.79788 -0.05448 0.59983
1403638565.0778295994 10.02643 5.23003 2.63296 -0.02617 0.79829 -0.05525 0.59917
1403638565.1778295040 9.91870 5.06997 2.58312 -0.02662 0.79907 -0.05550 0.59808
1403638565.2778294086 9.80717 4.90396 2.52705 -0.02497 0.80005 -0.05472 0.59691
1403638565.3778295517 9.69248 4.73349 2.46810 -0.02219 0.80108 -0.05349 0.59575
1403638565.4778294563 9.57467 4.55846 2.40865 -0.01918 0.80041 -0.05254 0.59683
1403638565.5778295994 9.45477 4.38013 2.35555 -0.01254 0.79828 -0.05028 0.60005
1403638565.6778295040 9.33043 4.20001 2.31123 -0.00071 0.79798 -0.04430 0.60106
1403638565.7778294086 9.20366 4.02036 2.27268 0.00837 0.80066 -0.03993 0.59773
1403638565.8778295517 9.06959 3.84236 2.24184 0.01564 0.80281 -0.03664 0.59491
1403638565.9778294563 8.93148 3.66745 2.21455 0.01812 0.80460 -0.03720 0.59238
1403638566.0778295994 8.79187 3.49698 2.18139 0.01970 0.80559 -0.03760 0.59095
1403638566.1778295040 8.65106 3.32979 2.13928 0.01766 0.80575 -0.03903 0.59070
1403638566.2778294086 8.50856 3.16560 2.08852 0.01825 0.80535 -0.03818 0.59129
1403638566.3778295517 8.36685 3.00427 2.02925 0.01847 0.80633 -0.03710 0.59001
1403638566.4778294563 8.22602 2.84624 1.96398 0.01509 0.80657 -0.03779 0.58974
1403638566.5778295994 8.08650 2.69239 1.89265 0.01436 0.80971 -0.03598 0.58555
1403638566.6778295040 7.94756 2.54297 1.81399 0.01359 0.81899 -0.03413 0.57263
1403638566.7778294086 7.81373 2.39753 1.73032 0.01288 0.83063 -0.03230 0.55573
1403638566.8778295517 7.68779 2.25530 1.64386 0.01125 0.83863 -0.03102 0.54370
1403638566.9778294563 7.57017 2.11539 1.55538 0.01124 0.84253 -0.02811 0.53779
1403638567.0778295994 7.46071 1.97951 1.46897 0.01095 0.83442 -0.02661 0.55038
1403638567.1778295040 7.35867 1.84563 1.37986 0.01285 0.82207 -0.02447 0.56871
1403638567.2778294086 7.25776 1.71286 1.28586 0.01583 0.81338 -0.02261 0.58108
1403638567.3778295517 7.15604 1.58428 1.18691 0.01867 0.81143 -0.02194 0.58374
1403638567.4778294563 7.05212 1.45905 1.09190 0.02053 0.81219 -0.02277 0.58258
1403638567.5778295994 6.94825 1.33843 1.00380 0.02187 0.81570 -0.02444 0.57754
1403638567.6778295040 6.84226 1.21792 0.92527 0.02517 0.81894 -0.02485 0.57279
1403638567.7778294086 6.73882 1.10244 0.85602 0.02718 0.82218 -0.02533 0.56802
1403638567.8778295517 6.63975 0.99154 0.79564 0.02637 0.82556 -0.02752 0.56302
1403638567.9778294563 6.54924 0.88673 0.74230 0.02634 0.82649 -0.02849 0.56161
1403638568.0778295994 6.46431 0.78668 0.69752 0.02936 0.82631 -0.02669 0.56182
1403638568.1778295040 6.38390 0.69211 0.66236 0.03141 0.82557 -0.02539 0.56285
1403638568.2778294086 6.30670 0.60276 0.63418 0.03241 0.82543 -0.02566 0.56300
1403638568.3778295517 6.23375 0.51779 0.60629 0.03247 0.82589 -0.02599 0.56229
1403638568.4778294563 6.16446 0.43907 0.57100 0.03301 0.82672 -0.02594 0.56104
1403638568.5778295994 6.09917 0.36301 0.53522 0.03390 0.82808 -0.02530 0.55901
1403638568.6778295040 6.03837 0.29298 0.49414 0.03526 0.82984 -0.02393 0.55637
1403638568.7778294086 5.98249 0.22856 0.45902 0.03490 0.83115 -0.02399 0.55444
1403638568.8778295517 5.93132 0.17177 0.43310 0.03297 0.83049 -0.02566 0.55546
1403638568.9778294563 5.88598 0.11814 0.41126 0.03490 0.82993 -0.02397 0.55625
1403638569.0778295994 5.84333 0.06915 0.40110 0.03641 0.82968 -0.02297 0.55658
1403638569.1778295040 5.80530 0.02409 0.39358 0.03702 0.83046 -0.02293 0.55538
1403638569.2778294086 5.76764 -0.01590 0.38940 0.03911 0.83165 -0.02193 0.55349
1403638569.3778295517 5.73859 -0.05046 0.37774 0.03997 0.83155 -0.02168 0.55359
1403638569.4778294563 5.71156 -0.08272 0.36231 0.04045 0.83009 -0.02125 0.55575
1403638569.5778295994 5.69351 -0.10584 0.34333 0.04115 0.82881 -0.02090 0.55762
1403638569.6778295040 5.67982 -0.12336 0.32995 0.04023 0.82769 -0.02184 0.55932
1403638569.7778294086 5.66923 -0.13529 0.32295 0.04116 0.82686 -0.02121 0.56050
1403638569.8778295517 5.66100 -0.14352 0.32169 0.04213 0.82560 -0.02013 0.56231
1403638569.9778294563 5.65729 -0.14487 0.32493 0.04087 0.82410 -0.02096 0.56458
1403638570.0778295994 5.65712 -0.14024 0.32584 0.03853 0.82352 -0.02249 0.56552
1403638570.1778295040 5.65910 -0.13160 0.32087 0.03357 0.82370 -0.02529 0.56547
1403638570.2778294086 5.66254 -0.12043 0.31003 0.02597 0.82319 -0.02993 0.56638
1403638570.3778295517 5.66760 -0.10797 0.29472 0.01965 0.82294 -0.03726 0.56656
1403638570.4778294563 5.67345 -0.09718 0.27398 0.01541 0.82245 -0.05287 0.56617
1403638570.5778295994 5.67773 -0.09066 0.24668 0.00843 0.81980 -0.07991 0.56699
1403638570.6778295040 5.68137 -0.09142 0.21574 0.00932 0.81460 -0.10918 0.56958
1403638570.7778294086 5.68416 -0.10190 0.18190 0.01664 0.80348 -0.13682 0.57915
1403638570.8778295517 5.68187 -0.12290 0.14594 0.02930 0.79176 -0.16132 0.58841
1403638570.9778294563 5.67250 -0.15445 0.10653 0.04484 0.78354 -0.18272 0.59217
1403638571.0778295994 5.65497 -0.19613 0.06266 0.06177 0.78073 -0.20184 0.58814
1403638571.1778295040 5.62766 -0.24606 0.02087 0.08330 0.78326 -0.21425 0.57764
1403638571.2778294086 5.59372 -0.30386 -0.01141 0.10343 0.78445 -0.22063 0.57031
1403638571.3778295517 5.55269 -0.36563 -0.03331 0.11607 0.78373 -0.22600 0.56677
1403638571.4778294563 5.50656 -0.43074 -0.04557 0.12201 0.78085 -0.23072 0.56759
1403638571.5778295994 5.45544 -0.49887 -0.05420 0.12889 0.77840 -0.23488 0.56773
1403638571.6778295040 5.40064 -0.56967 -0.06690 0.13508 0.77803 -0.24420 0.56284
1403638571.7778294086 5.34278 -0.64386 -0.08487 0.14313 0.77739 -0.25755 0.55574
1403638571.8778295517 5.28296 -0.72141 -0.10715 0.15045 0.77432 -0.27519 0.54961
1403638571.9778294563 5.22026 -0.80314 -0.12604 0.15817 0.76817 -0.29508 0.54574
1403638572.0778295994 5.15469 -0.88827 -0.13708 0.16735 0.76115 -0.31420 0.54216
1403638572.1778295040 5.08490 -0.97708 -0.13913 0.18314 0.75422 -0.32928 0.53776
1403638572.2778294086 5.01191 -1.06820 -0.13644 0.19734 0.74980 -0.34581 0.52846
1403638572.3778295517 4.93812 -1.16263 -0.13584 0.21054 0.74483 -0.36409 0.51802
1403638572.4778294563 4.86424 -1.26041 -0.13811 0.22459 0.74074 -0.37713 0.50856
1403638572.5778295994 4.79190 -1.36171 -0.14158 0.23554 0.73686 -0.38574 0.50276
1403638572.6778295040 4.72141 -1.46636 -0.14391 0.24142 0.73501 -0.39110 0.49850
1403638572.7778294086 4.65373 -1.57555 -0.13812 0.24923 0.73638 -0.39085 0.49281
1403638572.8778295517 4.59001 -1.68792 -0.12438 0.25283 0.73879 -0.39013 0.48792
1403638572.9778294563 4.53003 -1.80340 -0.10576 0.25342 0.74092 -0.38908 0.48520
1403638573.0778295994 4.47444 -1.92195 -0.09146 0.25269 0.74298 -0.38783 0.48344
1403638573.1778295040 4.42298 -2.04341 -0.08380 0.25085 0.74459 -0.38657 0.48294
1403638573.2778294086 4.37676 -2.16680 -0.07744 0.24918 0.74600 -0.38454 0.48324
1403638573.3778295517 4.33308 -2.29476 -0.07084 0.24831 0.74678 -0.38358 0.48324
1403638573.4778294563 4.29804 -2.42389 -0.05975 0.25139 0.74690 -0.38370 0.48138
1403638573.5778295994 4.26653 -2.55797 -0.04177 0.25304 0.74681 -0.38394 0.48046
1403638573.6778295040 4.24111 -2.69222 -0.01648 0.25592 0.74714 -0.38448 0.47797
1403638573.7778294086 4.22102 -2.82860 0.01335 0.26276 0.74351 -0.38788 0.47717
1403638573.8778295517 4.20692 -2.96733 0.04247 0.27629 0.73323 -0.39344 0.48086
1403638573.9778294563 4.19855 -3.10521 0.06618 0.28795 0.71781 -0.40696 0.48603
1403638574.0778295994 4.19312 -3.23965 0.08271 0.29363 0.69752 -0.42852 0.49357
1403638574.1778295040 4.18813 -3.36941 0.09318 0.29956 0.67533 -0.45256 0.49939
1403638574.2778294086 4.18129 -3.49417 0.09835 0.30898 0.65665 -0.47486 0.49784
1403638574.3778295517 4.16619 -3.61717 0.09985 0.32142 0.64335 -0.49474 0.48788
1403638574.4778294563 4.14372 -3.73829 0.09805 0.33490 0.63176 -0.51270 0.47524
1403638574.5778295994 4.11639 -3.85530 0.09989 0.34534 0.62112 -0.52680 0.46630
1403638574.6778295040 4.08503 -3.97086 0.11015 0.35722 0.61475 -0.53383 0.45771
1403638574.7778294086 4.05253 -4.08606 0.12660 0.36804 0.61461 -0.53630 0.44631
1403638574.8778295517 4.02043 -4.19938 0.14667 0.36941 0.61674 -0.54062 0.43692
1403638574.9778294563 3.98755 -4.30885 0.16186 0.36802 0.61916 -0.54380 0.43067
1403638575.0778295994 3.95456 -4.41619 0.16999 0.36043 0.61785 -0.54910 0.43226
1403638575.1778295040 3.92041 -4.52301 0.17215 0.35451 0.61524 -0.55235 0.43671
1403638575.2778294086 3.88401 -4.63267 0.17223 0.35103 0.61398 -0.55316 0.44025
1403638575.3778295517 3.84399 -4.74262 0.16623 0.34785 0.61739 -0.55308 0.43810
1403638575.4778294563 3.80179 -4.85531 0.15758 0.34603 0.62292 -0.55139 0.43382
1403638575.5778295994 3.75646 -4.97058 0.14775 0.34513 0.62799 -0.54878 0.43052
1403638575.6778295040 3.70956 -5.09190 0.14483 0.34863 0.63436 -0.54343 0.42512
1403638575.7778294086 3.66199 -5.21818 0.15035 0.34962 0.64096 -0.54031 0.41833
1403638575.8778295517 3.61726 -5.34624 0.16522 0.34952 0.64521 -0.53815 0.41465
1403638575.9778294563 3.57692 -5.47661 0.19098 0.34901 0.64557 -0.53734 0.41557
1403638576.0778295994 3.53976 -5.61174 0.22372 0.34966 0.64618 -0.53591 0.41591
1403638576.1778295040 3.50519 -5.75408 0.26145 0.35047 0.64461 -0.53546 0.41825
1403638576.2778294086 3.47426 -5.90008 0.29610 0.35451 0.64515 -0.53288 0.41731
1403638576.3778295517 3.44676 -6.05048 0.32429 0.35906 0.64671 -0.52987 0.41482
1403638576.4778294563 3.42470 -6.20340 0.34688 0.36291 0.64932 -0.52733 0.41061
1403638576.5778295994 3.40905 -6.35942 0.36422 0.36750 0.65340 -0.52440 0.40375
1403638576.6778295040 3.40092 -6.51803 0.37716 0.37066 0.65487 -0.52219 0.40134
1403638576.7778294086 3.40142 -6.68000 0.38587 0.37551 0.65250 -0.51852 0.40543
1403638576.8778295517 3.40894 -6.84265 0.38965 0.37813 0.64752 -0.51677 0.41314
1403638576.9778294563 3.42348 -7.00475 0.38872 0.37604 0.64117 -0.51859 0.42256
1403638577.0778295994 3.44354 -7.16388 0.38710 0.37169 0.63742 -0.52201 0.42784
1403638577.1778295040 3.46730 -7.32118 0.39303 0.36881 0.63465 -0.52414 0.43183
1403638577.2778294086 3.49394 -7.47648 0.40492 0.36916 0.63519 -0.52387 0.43106
1403638577.3778295517 3.52303 -7.63202 0.42563 0.37581 0.63941 -0.51890 0.42504
1403638577.4778294563 3.55626 -7.78493 0.45175 0.38017 0.64187 -0.51561 0.42144
1403638577.5778295994 3.59478 -7.93679 0.47418 0.37719 0.64189 -0.51737 0.42193
1403638577.6778295040 3.63812 -8.08527 0.49075 0.37381 0.64087 -0.51948 0.42391
1403638577.7778294086 3.68490 -8.23164 0.49943 0.37107 0.64040 -0.52101 0.42514
1403638577.8778295517 3.73618 -8.37772 0.50327 0.37074 0.64061 -0.52075 0.42543
1403638577.9778294563 3.79056 -8.51887 0.50353 0.37155 0.64114 -0.51934 0.42565
1403638578.0778295994 3.84997 -8.66426 0.51109 0.37044 0.64039 -0.51929 0.42780
1403638578.1778295040 3.91275 -8.80275 0.52408 0.36584 0.63740 -0.52174 0.43321
1403638578.2778294086 3.97694 -8.94283 0.54322 0.35732 0.63257 -0.52731 0.44061
1403638578.3778295517 4.03994 -9.08266 0.56234 0.35525 0.63022 -0.52895 0.44365
1403638578.4778294563 4.10071 -9.22068 0.57522 0.35542 0.62982 -0.52935 0.44361
1403638578.5778295994 4.15926 -9.35590 0.58349 0.35544 0.62926 -0.53004 0.44358
1403638578.6778295040 4.21659 -9.49406 0.58732 0.35789 0.62913 -0.52888 0.44316
1403638578.7778294086 4.27089 -9.62518 0.58868 0.36325 0.63167 -0.52545 0.43926
1403638578.8778295517 4.32746 -9.75989 0.58541 0.36837 0.63446 -0.52181 0.43530
1403638578.9778294563 4.38451 -9.88364 0.58206 0.37089 0.63579 -0.51971 0.43373
1403638579.0778295994 4.44513 -10.01559 0.58709 0.37133 0.63649 -0.51866 0.43358
1403638579.1778295040 4.50647 -10.13733 0.59988 0.37186 0.63656 -0.51776 0.43409
1403638579.2778294086 4.57302 -10.26412 0.61865 0.36964 0.63561 -0.51885 0.43607
1403638579.3778295517 4.63887 -10.37796 0.63782 0.36394 0.63244 -0.52255 0.44104
1403638579.4778294563 4.70707 -10.50112 0.65506 0.35814 0.62823 -0.52647 0.44710
1403638579.5778295994 4.77180 -10.61072 0.66462 0.35690 0.62570 -0.52376 0.45475
1403638579.6778295040 4.83542 -10.72117 0.66974 0.35899 0.62632 -0.51162 0.46594
1403638579.7778294086 4.89799 -10.82879 0.66947 0.35735 0.63680 -0.49262 0.47340
1403638579.8778295517 4.95968 -10.93119 0.66231 0.34668 0.65684 -0.47139 0.47557
1403638579.9778294563 5.02144 -11.02856 0.65002 0.32948 0.67693 -0.44635 0.48372
1403638580.0778295994 5.08329 -11.12012 0.63635 0.31493 0.69144 -0.41187 0.50308
1403638580.1778295040 5.14550 -11.20232 0.61912 0.29496 0.70568 -0.37502 0.52381
1403638580.2778294086 5.20329 -11.27115 0.59678 0.26853 0.72260 -0.34022 0.53851
1403638580.3778295517 5.25852 -11.33463 0.56845 0.23823 0.73878 -0.31396 0.54670
1403638580.4778294563 5.30733 -11.39296 0.53556 0.21206 0.75037 -0.29749 0.55088
1403638580.5778295994 5.35246 -11.45040 0.50147 0.19450 0.75767 -0.28416 0.55440
1403638580.6778295040 5.39414 -11.50599 0.46778 0.17913 0.76777 -0.26954 0.55299
1403638580.7778294086 5.43228 -11.56090 0.44092 0.16874 0.77789 -0.25453 0.54921
1403638580.8778295517 5.46728 -11.61557 0.42267 0.16394 0.78482 -0.24363 0.54573
1403638580.9778294563 5.50380 -11.67035 0.41591 0.15808 0.78631 -0.24016 0.54685
1403638581.0778295994 5.53848 -11.72138 0.41864 0.15694 0.78733 -0.23839 0.54648
1403638581.1778295040 5.57025 -11.77078 0.42867 0.15951 0.78727 -0.23684 0.54650
1403638581.2778294086 5.59993 -11.81724 0.44008 0.16359 0.78735 -0.23656 0.54530
1403638581.3778295517 5.63025 -11.85620 0.45830 0.16709 0.78610 -0.23781 0.54550
1403638581.4778294563 5.65781 -11.89716 0.47192 0.16980 0.78398 -0.23948 0.54698
1403638581.5778295994 5.68166 -11.91911 0.50517 0.17314 0.78337 -0.24165 0.54586
1403638581.6778295040 5.70914 -11.95153 0.52633 0.17826 0.77926 -0.24161 0.55009
1403638581.7778294086 5.72934 -11.96222 0.55368 0.18061 0.77561 -0.24333 0.55371
1403638581.8778295517 5.75402 -11.98015 0.56871 0.18371 0.77251 -0.24342 0.55697
1403638581.9778294563 5.78232 -12.00648 0.57335 0.18755 0.76498 -0.24176 0.56673
1403638582.0778295994 5.80890 -12.02628 0.58094 0.18637 0.76677 -0.24361 0.56391
1403638582.1778295040 5.83548 -12.04573 0.59482 0.18236 0.77415 -0.24692 0.55360
1403638582.2778294086 5.85899 -12.06069 0.61794 0.18277 0.77717 -0.24691 0.54922
1403638582.3778295517 5.88823 -12.07837 0.65309 0.18526 0.77394 -0.24472 0.55391
1403638582.4778294563 5.91180 -12.08688 0.69482 0.18736 0.77276 -0.24311 0.55555
1403638582.5778295994 5.93459 -12.09073 0.74893 0.18841 0.77216 -0.24204 0.55649
1403638582.6778295040 5.96187 -12.10011 0.80778 0.18814 0.77325 -0.24228 0.55497
1403638582.7778294086 5.98349 -12.09512 0.87984 0.18642 0.77481 -0.24408 0.55258
1403638582.8778295517 6.00424 -12.08698 0.95245 0.18687 0.77612 -0.24464 0.55033
1403638582.9778294563 6.02418 -12.07436 1.01853 0.18574 0.77832 -0.24625 0.54689
1403638583.0778295994 6.04334 -12.05861 1.07682 0.18483 0.78081 -0.24796 0.54286
1403638583.1778295040 6.06316 -12.04100 1.12720 0.18481 0.78239 -0.24869 0.54025
1403638583.2778294086 6.08533 -12.02274 1.17145 0.18356 0.78297 -0.24998 0.53923
1403638583.3778295517 6.11366 -12.00781 1.20096 0.18399 0.78265 -0.24950 0.53977
1403638583.4778294563 6.14187 -11.98616 1.23912 0.18420 0.78335 -0.24963 0.53863
1403638583.5778295994 6.17078 -11.96449 1.28242 0.18434 0.78332 -0.24953 0.53866
1403638583.6778295040 6.20068 -11.94071 1.33325 0.18603 0.78362 -0.24832 0.53821
1403638583.7778294086 6.23244 -11.91494 1.38472 0.18577 0.78332 -0.24833 0.53873
1403638583.8778295517 6.26722 -11.87942 1.40295 0.18659 0.78245 -0.24787 0.53992
1403638583.9778294563 6.30603 -11.84863 1.44056 0.18705 0.78247 -0.24759 0.53986
1403638584.0778295994 6.34123 -11.81511 1.47121 0.18996 0.77904 -0.24538 0.54479
1403638584.1778295040 6.38001 -11.78641 1.47646 0.19402 0.77011 -0.24192 0.55746
1403638584.2778294086 6.41433 -11.74508 1.50084 0.19624 0.76111 -0.23963 0.56990
1403638584.3778295517 6.44172 -11.70228 1.48992 0.19779 0.75834 -0.23833 0.57358
1403638584.4778294563 6.45674 -11.64587 1.47462 0.19851 0.75824 -0.23762 0.57376
1403638584.5778295994 6.47269 -11.58489 1.47795 0.19815 0.75844 -0.23770 0.57359
1403638584.6778295040 6.48527 -11.51823 1.48831 0.19585 0.76025 -0.23903 0.57143
1403638584.7778294086 6.48161 -11.44420 1.47865 0.19207 0.76706 -0.24123 0.56262
1403638584.8778295517 6.48952 -11.36637 1.50462 0.18576 0.77471 -0.24583 0.55216
1403638584.9778294563 6.47774 -11.28661 1.49510 0.18371 0.77827 -0.24770 0.54699
1403638585.0778295994 6.47195 -11.20411 1.48696 0.18328 0.77949 -0.24831 0.54511
1403638585.1778295040 6.47629 -11.12380 1.49375 0.18087 0.77932 -0.24992 0.54542
1403638585.2778294086 6.46437 -11.04715 1.46948 0.18178 0.77744 -0.24904 0.54819
1403638585.3778295517 6.46773 -10.96672 1.46310 0.18235 0.77538 -0.24833 0.55124
1403638585.4778294563 6.45894 -10.89188 1.44759 0.18205 0.77563 -0.24841 0.55095
1403638585.5778295994 6.46201 -10.81138 1.44592 0.18115 0.77747 -0.24853 0.54859
1403638585.6778295040 6.45859 -10.73442 1.44726 0.18095 0.78004 -0.24838 0.54508
1403638585.7778294086 6.46365 -10.65176 1.46207 0.17777 0.78506 -0.25052 0.53788
1403638585.8778295517 6.46362 -10.57284 1.48457 0.17516 0.78888 -0.25232 0.53228
1403638585.9778294563 6.46929 -10.49480 1.51682 0.17331 0.78876 -0.25431 0.53211
1403638586.0778295994 6.47673 -10.41974 1.55138 0.17519 0.78461 -0.25358 0.53796
1403638586.1778295040 6.49370 -10.34401 1.57768 0.17707 0.78180 -0.25312 0.54164
1403638586.2778294086 6.50119 -10.26698 1.59999 0.17929 0.77917 -0.25193 0.54524
1403638586.3778295517 6.51751 -10.19216 1.61619 0.18515 0.77610 -0.24835 0.54928
1403638586.4778294563 6.52157 -10.10917 1.62769 0.19320 0.77434 -0.24336 0.55122
1403638586.5778295994 6.53524 -10.02980 1.63244 0.19543 0.77363 -0.24220 0.55195
1403638586.6778295040 6.53810 -9.94055 1.63024 0.19256 0.77442 -0.24432 0.55092
1403638586.7778294086 6.55142 -9.85785 1.62216 0.18847 0.77408 -0.24704 0.55159
1403638586.8778295517 6.55499 -9.76911 1.60909 0.18623 0.77293 -0.24789 0.55357
1403638586.9778294563 6.56503 -9.68306 1.59051 0.18645 0.77269 -0.24763 0.55396
1403638587.0778295994 6.56701 -9.59273 1.57099 0.18565 0.77246 -0.24811 0.55433
1403638587.1778295040 6.57509 -9.50211 1.55562 0.18521 0.77368 -0.24808 0.55279
1403638587.2778294086 6.57869 -9.40931 1.54809 0.18445 0.77534 -0.24821 0.55065
1403638587.3778295517 6.58371 -9.31596 1.54709 0.18383 0.77695 -0.24856 0.54843
1403638587.4778294563 6.58865 -9.22098 1.54777 0.18201 0.77701 -0.25032 0.54814
1403638587.5778295994 6.59405 -9.12381 1.54863 0.18122 0.77706 -0.25131 0.54788
1403638587.6778295040 6.60223 -9.02972 1.54097 0.18104 0.77665 -0.25185 0.54828
1403638587.7778294086 6.60791 -8.93494 1.52965 0.18099 0.77627 -0.25226 0.54864
1403638587.8778295517 6.61620 -8.84287 1.51268 0.18015 0.77590 -0.25311 0.54906
1403638587.9778294563 6.62119 -8.74810 1.49330 0.17994 0.77550 -0.25362 0.54945
1403638588.0778295994 6.62814 -8.66137 1.46792 0.18097 0.77508 -0.25244 0.55025
1403638588.1778295040 6.63080 -8.57003 1.44018 0.18757 0.77589 -0.24804 0.54890
1403638588.2778294086 6.63524 -8.48306 1.41157 0.19029 0.77672 -0.24555 0.54791
1403638588.3778295517 6.63912 -8.38676 1.39137 0.19092 0.77707 -0.24484 0.54751
1403638588.4778294563 6.64605 -8.29244 1.37791 0.18916 0.77703 -0.24584 0.54773
1403638588.5778295994 6.65015 -8.19039 1.37382 0.18674 0.77630 -0.24747 0.54885
1403638588.6778295040 6.65295 -8.09063 1.37675 0.18433 0.77554 -0.24876 0.55017
1403638588.7778294086 6.65558 -7.98420 1.38681 0.18282 0.77403 -0.25016 0.55215
1403638588.8778295517 6.65873 -7.88423 1.39323 0.18032 0.77350 -0.25244 0.55268
1403638588.9778294563 6.65839 -7.78053 1.39239 0.18059 0.77342 -0.25273 0.55257
1403638589.0778295994 6.65944 -7.68190 1.38482 0.18101 0.77368 -0.25300 0.55195
1403638589.1778295040 6.65781 -7.57513 1.36941 0.18264 0.77343 -0.25233 0.55206
1403638589.2778294086 6.65854 -7.47668 1.35362 0.18231 0.77245 -0.25246 0.55348
1403638589.3778295517 6.65430 -7.36959 1.33364 0.18252 0.77225 -0.25227 0.55378
1403638589.4778294563 6.65270 -7.26951 1.32133 0.18216 0.77314 -0.25288 0.55238
1403638589.5778295994 6.64559 -7.16209 1.31240 0.18150 0.77309 -0.25328 0.55249
1403638589.6778295040 6.64538 -7.06392 1.31537 0.18107 0.77374 -0.25332 0.55170
1403638589.7778294086 6.63804 -6.95888 1.32232 0.18145 0.77528 -0.25371 0.54922
1403638589.8778295517 6.63246 -6.86257 1.33449 0.18140 0.77588 -0.25466 0.54795
1403638589.9778294563 6.62455 -6.75789 1.33375 0.18180 0.77587 -0.25513 0.54762
1403638590.0778295994 6.61699 -6.66210 1.33519 0.18135 0.77587 -0.25589 0.54741
1403638590.1778295040 6.60899 -6.55801 1.32583 0.18199 0.77481 -0.25620 0.54856
1403638590.2778294086 6.60243 -6.46900 1.31907 0.18158 0.77412 -0.25675 0.54940
1403638590.3778295517 6.59329 -6.36685 1.30171 0.18182 0.77442 -0.25720 0.54870
1403638590.4778294563 6.58587 -6.27347 1.28534 0.18183 0.77505 -0.25743 0.54769
1403638590.5778295994 6.57473 -6.17359 1.26705 0.18076 0.77612 -0.25811 0.54620
1403638590.6778295040 6.56656 -6.08152 1.25775 0.17880 0.77787 -0.25907 0.54391
1403638590.7778294086 6.55654 -5.98525 1.25657 0.17803 0.77867 -0.25953 0.54278
1403638590.8778295517 6.54778 -5.89634 1.26227 0.17816 0.77955 -0.25947 0.54151
1403638590.9778294563 6.53890 -5.80220 1.27502 0.17687 0.78013 -0.26036 0.54068
1403638591.0778295994 6.52747 -5.70885 1.29040 0.17545 0.78100 -0.26171 0.53922
1403638591.1778295040 6.52055 -5.61600 1.30088 0.17456 0.78519 -0.26292 0.53280
1403638591.2778294086 6.51240 -5.52348 1.30211 0.17209 0.79102 -0.26508 0.52384
1403638591.3778295517 6.50949 -5.44022 1.29968 0.16876 0.79531 -0.26761 0.51709
1403638591.4778294563 6.51290 -5.36318 1.29257 0.16608 0.79803 -0.26973 0.51265
1403638591.5778295994 6.52258 -5.29275 1.27967 0.16336 0.80076 -0.27201 0.50804
1403638591.6778295040 6.53839 -5.23153 1.26294 0.16200 0.80102 -0.27313 0.50747
1403638591.7778294086 6.56102 -5.18012 1.24645 0.16371 0.79917 -0.27207 0.51040
1403638591.8778295517 6.59186 -5.14251 1.23170 0.16457 0.79690 -0.27119 0.51412
1403638591.9778294563 6.62782 -5.11449 1.22474 0.16518 0.79433 -0.27040 0.51831
1403638592.0778295994 6.66809 -5.09591 1.22635 0.16546 0.79182 -0.26924 0.52265
1403638592.1778295040 6.71336 -5.07636 1.23728 0.16341 0.78899 -0.26738 0.52848
1403638592.2778294086 6.76066 -5.07062 1.26019 0.15820 0.78356 -0.26196 0.54073
1403638592.3778295517 6.80797 -5.06275 1.29212 0.14913 0.78098 -0.25310 0.55115
1403638592.4778294563 6.85353 -5.05393 1.33102 0.13736 0.78346 -0.23924 0.55685
1403638592.5778295994 6.89563 -5.04924 1.37545 0.12957 0.79083 -0.22500 0.55424
1403638592.6778295040 6.93514 -5.04808 1.42542 0.12299 0.79828 -0.21371 0.54950
1403638592.7778294086 6.97393 -5.05071 1.47439 0.11785 0.80534 -0.20612 0.54319
1403638592.8778295517 7.01290 -5.05711 1.51822 0.11374 0.81038 -0.20144 0.53831
1403638592.9778294563 7.05395 -5.06638 1.55688 0.11306 0.81289 -0.19772 0.53603
1403638593.0778295994 7.09979 -5.08153 1.58905 0.11199 0.81365 -0.19641 0.53559
1403638593.1778295040 7.14895 -5.09989 1.62384 0.11209 0.81195 -0.19548 0.53849
1403638593.2778294086 7.20323 -5.12361 1.66262 0.11883 0.80868 -0.19168 0.54330
1403638593.3778295517 7.25864 -5.14866 1.70895 0.12781 0.80529 -0.18656 0.54806
1403638593.4778294563 7.31384 -5.17299 1.75247 0.13601 0.80066 -0.18260 0.55417
1403638593.5778295994 7.37064 -5.19521 1.78928 0.14059 0.79780 -0.18132 0.55755
1403638593.6778295040 7.42821 -5.21385 1.81948 0.14329 0.79658 -0.18103 0.55871
1403638593.7778294086 7.48593 -5.22878 1.84452 0.14461 0.79325 -0.18135 0.56299
1403638593.8778295517 7.54254 -5.23977 1.86865 0.14033 0.78282 -0.18141 0.57844
1403638593.9778294563 7.59422 -5.24458 1.89839 0.13379 0.77942 -0.17831 0.58550
1403638594.0778295994 7.63880 -5.24621 1.93105 0.12553 0.78499 -0.17630 0.58048
1403638594.1778295040 7.67747 -5.24609 1.96830 0.12336 0.79111 -0.17169 0.57397
1403638594.2778294086 7.71227 -5.24449 2.00416 0.12374 0.79355 -0.16691 0.57194
1403638594.3778295517 7.74331 -5.23987 2.03526 0.12624 0.79258 -0.16202 0.57414
1403638594.4778294563 7.76913 -5.23134 2.07236 0.12995 0.79125 -0.15656 0.57665
1403638594.5778295994 7.79271 -5.21828 2.11219 0.12439 0.79153 -0.15849 0.57697
1403638594.6778295040 7.80912 -5.20082 2.16121 0.11875 0.79208 -0.16172 0.57650
1403638594.7778294086 7.82600 -5.18351 2.20322 0.11663 0.79280 -0.16375 0.57538
1403638594.8778295517 7.83351 -5.16257 2.24257 0.11537 0.79281 -0.16544 0.57513
1403638594.9778294563 7.84491 -5.14240 2.27082 0.11653 0.79464 -0.16597 0.57221
1403638595.0778295994 7.85394 -5.12065 2.29390 0.11524 0.79581 -0.16780 0.57030
1403638595.1778295040 7.86168 -5.09866 2.31111 0.11515 0.79629 -0.16906 0.56928
1403638595.2778294086 7.86813 -5.07647 2.32257 0.11576 0.79673 -0.16936 0.56846
1403638595.3778295517 7.86535 -5.04860 2.33439 0.11571 0.79634 -0.17014 0.56878
1403638595.4778294563 7.86770 -5.02635 2.33309 0.11582 0.79667 -0.17038 0.56822
1403638595.5778295994 7.86854 -5.00339 2.33090 0.11591 0.79746 -0.17009 0.56717
1403638595.6778295040 7.86754 -4.97962 2.33362 0.11834 0.79752 -0.16843 0.56709
1403638595.7778294086 7.86558 -4.95385 2.34113 0.12268 0.79849 -0.16551 0.56565
1403638595.8778295517 7.86417 -4.92666 2.34616 0.12402 0.79890 -0.16488 0.56497
1403638595.9778294563 7.86232 -4.89880 2.33759 0.12645 0.79862 -0.16344 0.56524
1403638596.0778295994 7.85598 -4.86561 2.32142 0.13400 0.79933 -0.15862 0.56388
1403638596.1778295040 7.85420 -4.83211 2.30057 0.14529 0.80080 -0.15075 0.56114
1403638596.2778294086 7.85297 -4.79035 2.28665 0.15705 0.80255 -0.14210 0.55773
1403638596.3778295517 7.85038 -4.73731 2.28397 0.16645 0.80270 -0.13459 0.55664
1403638596.4778294563 7.85358 -4.67593 2.28693 0.17197 0.80241 -0.12977 0.55653
1403638596.5778295994 7.86040 -4.60191 2.30110 0.17876 0.80319 -0.12438 0.55449
1403638596.6778295040 7.87241 -4.51362 2.32086 0.18639 0.80348 -0.11837 0.55288
1403638596.7778294086 7.89068 -4.40911 2.34805 0.19032 0.80360 -0.11500 0.55207
1403638596.8778295517 7.91503 -4.28921 2.38416 0.19392 0.80298 -0.11218 0.55229
1403638596.9778294563 7.94188 -4.15131 2.41958 0.19572 0.80171 -0.11126 0.55368
1403638597.0778295994 7.97393 -4.00064 2.45217 0.19850 0.80086 -0.11023 0.55414
1403638597.1778295040 8.00950 -3.83486 2.47893 0.20080 0.79904 -0.10999 0.55598
1403638597.2778294086 8.04762 -3.65161 2.49855 0.19835 0.79635 -0.11305 0.56009
1403638597.3778295517 8.08898 -3.45380 2.51145 0.19354 0.79462 -0.11790 0.56323
1403638597.4778294563 8.13227 -3.24089 2.52216 0.18492 0.79137 -0.12494 0.56915
1403638597.5778295994 8.17458 -3.01644 2.52780 0.17216 0.78676 -0.13447 0.57731
1403638597.6778295040 8.21420 -2.78325 2.52878 0.16776 0.78443 -0.13852 0.58081
1403638597.7778294086 8.25034 -2.54256 2.52454 0.17195 0.78621 -0.13343 0.57836
1403638597.8778295517 8.28394 -2.29350 2.51574 0.17615 0.78881 -0.12209 0.57605
1403638597.9778294563 8.31528 -2.03494 2.50378 0.17727 0.79046 -0.11293 0.57532
1403638598.0778295994 8.34791 -1.76499 2.49628 0.17042 0.79067 -0.11041 0.57759
1403638598.1778295040 8.37852 -1.48340 2.49487 0.14881 0.79221 -0.11960 0.57962
1403638598.2778294086 8.40648 -1.19563 2.49806 0.13136 0.79414 -0.12804 0.57938
1403638598.3778295517 8.43365 -0.90714 2.49934 0.12046 0.79597 -0.13334 0.57804
1403638598.4778294563 8.46037 -0.61990 2.49462 0.11626 0.79831 -0.13511 0.57526
1403638598.5778295994 8.48472 -0.33389 2.48192 0.11135 0.80036 -0.13312 0.57385
1403638598.6778295040 8.50735 -0.04994 2.46371 0.10704 0.80275 -0.12458 0.57324
1403638598.7778294086 8.52800 0.23121 2.44671 0.09863 0.80504 -0.11372 0.57381
1403638598.8778295517 8.54607 0.50968 2.43637 0.08939 0.80617 -0.09924 0.57641
1403638598.9778294563 8.56047 0.78488 2.42934 0.07943 0.80875 -0.08279 0.57685
1403638599.0778295994 8.57374 1.05847 2.42662 0.06733 0.81027 -0.06605 0.57842
1403638599.1778295040 8.58487 1.33062 2.42965 0.05531 0.81170 -0.04835 0.57944
1403638599.2778294086 8.59290 1.60006 2.43693 0.04429 0.81377 -0.02926 0.57876
1403638599.3778295517 8.59889 1.86763 2.45155 0.03176 0.81708 -0.01187 0.57553
1403638599.4778294563 8.60257 2.13358 2.47129 0.02265 0.81929 0.00157 0.57293
1403638599.5778295994 8.60550 2.39853 2.48948 0.01711 0.82162 0.01017 0.56968
1403638599.6778295040 8.60811 2.66275 2.49914 0.01349 0.82310 0.01484 0.56754
1403638599.7778294086 8.61213 2.92612 2.50031 0.01226 0.82323 0.01594 0.56736
1403638599.8778295517 8.61935 3.18741 2.49483 0.01036 0.82453 0.01351 0.56556
1403638599.9778294563 8.62851 3.44716 2.48531 0.00663 0.82473 0.00792 0.56543
1403638600.0778295994 8.64212 3.70447 2.47193 0.00030 0.82588 0.00012 0.56385
1403638600.1778295040 8.65886 3.95545 2.45479 -0.01174 0.82760 -0.01163 0.56108
1403638600.2778294086 8.67734 4.19953 2.43193 -0.02164 0.82970 -0.02231 0.55735
1403638600.3778295517 8.69991 4.43314 2.40798 -0.02916 0.83110 -0.03092 0.55449
1403638600.4778294563 8.72686 4.65317 2.39091 -0.03533 0.83226 -0.03742 0.55199
1403638600.5778295994 8.75928 4.85760 2.38460 -0.03324 0.83284 -0.03807 0.55120
1403638600.6778295040 8.79540 5.04686 2.38597 -0.03606 0.83434 -0.04106 0.54853
1403638600.7778294086 8.83679 5.22242 2.39419 -0.03572 0.83807 -0.04089 0.54286
1403638600.8778295517 8.88552 5.38204 2.40779 -0.02477 0.84190 -0.03206 0.53810
1403638600.9778294563 8.93982 5.53012 2.41832 -0.00804 0.84405 -0.01855 0.53588
1403638601.0778295994 9.00051 5.66932 2.42365 0.00105 0.84447 -0.01048 0.53550
1403638601.1778295040 9.06896 5.80395 2.42464 0.00891 0.84311 -0.00403 0.53766
1403638601.2778294086 9.14517 5.93812 2.42201 0.01832 0.83672 0.00350 0.54731
1403638601.3778295517 9.22662 6.07294 2.41818 0.01557 0.83168 0.00738 0.55499
1403638601.4778294563 9.31158 6.21152 2.41814 0.00250 0.82729 0.01206 0.56165
1403638601.5778295994 9.39743 6.35106 2.42619 -0.00827 0.82252 0.02637 0.56806
1403638601.6778295040 9.48372 6.48969 2.43931 -0.01944 0.81997 0.04646 0.57019
1403638601.7778294086 9.56828 6.62833 2.45950 -0.03203 0.81713 0.07198 0.57104
1403638601.8778295517 9.65038 6.76721 2.48795 -0.04590 0.81217 0.10105 0.57277
1403638601.9778294563 9.72878 6.90831 2.51753 -0.06072 0.80905 0.12448 0.57118
1403638602.0778295994 9.80480 7.05038 2.54114 -0.07222 0.80744 0.14143 0.56818
1403638602.1778295040 9.87678 7.19412 2.55840 -0.07810 0.80276 0.15709 0.56991
1403638602.2778294086 9.94445 7.34029 2.57104 -0.08567 0.79578 0.17454 0.57353
1403638602.3778295517 10.00750 7.49050 2.58375 -0.10811 0.78476 0.18706 0.58092
1403638602.4778294563 10.06298 7.64158 2.60684 -0.14295 0.76280 0.19344 0.60024
1403638602.5778295994 10.10679 7.78558 2.63757 -0.17809 0.74122 0.19832 0.61608
1403638602.6778295040 10.13699 7.91540 2.67356 -0.19872 0.73101 0.21168 0.61752
1403638602.7778294086 10.15008 8.02835 2.71431 -0.20969 0.72675 0.23128 0.61186
1403638602.8778295517 10.14387 8.12262 2.75923 -0.22073 0.72341 0.25086 0.60417
1403638602.9778294563 10.12288 8.20253 2.80680 -0.24028 0.72361 0.26617 0.58976
1403638603.0778295994 10.09379 8.26981 2.85135 -0.25901 0.71870 0.28078 0.58099
1403638603.1778295040 10.05966 8.32386 2.88931 -0.27113 0.71147 0.29505 0.57727
1403638603.2778294086 10.01858 8.36262 2.91493 -0.26931 0.71891 0.31211 0.55967
1403638603.3778295517 9.97247 8.38954 2.93103 -0.26247 0.73171 0.32642 0.53773
1403638603.4778294563 9.92486 8.41104 2.94265 -0.25894 0.74012 0.33351 0.52340
1403638603.5778295994 9.87911 8.43111 2.95172 -0.26017 0.73799 0.33772 0.52309
1403638603.6778295040 9.83172 8.44880 2.95653 -0.26216 0.73032 0.34005 0.53130
1403638603.7778294086 9.78557 8.46005 2.95286 -0.25586 0.72169 0.34636 0.54198
1403638603.8778295517 9.73129 8.46655 2.94419 -0.24915 0.71404 0.35127 0.55198
1403638603.9778294563 9.67049 8.47151 2.92988 -0.24402 0.70728 0.35402 0.56114
1403638604.0778295994 9.60320 8.47313 2.90846 -0.23796 0.70385 0.35669 0.56635
1403638604.1778295040 9.52391 8.47540 2.89182 -0.23666 0.70331 0.35747 0.56706
1403638604.2778294086 9.43497 8.46976 2.88231 -0.24305 0.70729 0.35369 0.56176
1403638604.3778295517 9.33412 8.46181 2.87937 -0.24839 0.71501 0.35053 0.55154
1403638604.4778294563 9.22740 8.44865 2.88341 -0.24622 0.72289 0.35209 0.54114
1403638604.5778295994 9.11827 8.43302 2.89308 -0.24426 0.72757 0.35337 0.53489
1403638604.6778295040 9.00640 8.41598 2.89818 -0.24689 0.73083 0.35175 0.53029
1403638604.7778294086 8.89408 8.39747 2.89821 -0.25097 0.73285 0.34905 0.52736
1403638604.8778295517 8.78266 8.37627 2.89795 -0.25202 0.73605 0.34840 0.52282
1403638604.9778294563 8.67274 8.35281 2.90102 -0.24956 0.74206 0.35018 0.51424
1403638605.0778295994 8.56473 8.32740 2.91207 -0.24700 0.74850 0.35214 0.50472
1403638605.1778295040 8.46138 8.30314 2.93159 -0.24451 0.75245 0.35416 0.49861
1403638605.2778294086 8.36365 8.28528 2.95258 -0.24065 0.75329 0.35685 0.49730
1403638605.3778295517 8.26931 8.27235 2.96819 -0.23455 0.74863 0.36110 0.50413
1403638605.4778294563 8.17845 8.26543 2.98029 -0.22726 0.73858 0.36662 0.51812
1403638605.5778295994 8.08398 8.26134 2.98375 -0.22169 0.73024 0.37081 0.52924
1403638605.6778295040 7.98718 8.26146 2.98260 -0.21715 0.72449 0.37409 0.53667
1403638605.7778294086 7.88385 8.26634 2.98503 -0.21555 0.72359 0.37519 0.53776
1403638605.8778295517 7.77659 8.27696 2.99913 -0.21277 0.72355 0.37682 0.53779
1403638605.9778294563 7.66271 8.29548 3.01666 -0.20870 0.72285 0.37873 0.53898
1403638606.0778295994 7.54209 8.31840 3.03480 -0.20608 0.72299 0.37945 0.53930
1403638606.1778295040 7.41425 8.34740 3.04256 -0.20266 0.72279 0.38099 0.53977
1403638606.2778294086 7.28070 8.38233 3.04737 -0.20051 0.72402 0.38134 0.53868
1403638606.3778295517 7.13994 8.42418 3.03975 -0.20608 0.73256 0.37653 0.52831
1403638606.4778294563 6.99396 8.47074 3.02768 -0.21423 0.74278 0.36987 0.51535
1403638606.5778295994 6.84756 8.52252 3.01007 -0.22120 0.75134 0.36524 0.50314
1403638606.6778295040 6.70401 8.58104 2.98862 -0.22670 0.75449 0.36736 0.49437
1403638606.7778294086 6.56515 8.64631 2.96276 -0.23156 0.75438 0.37655 0.48528
1403638606.8778295517 6.43186 8.71814 2.93513 -0.24018 0.75073 0.38922 0.47668
1403638606.9778294563 6.30513 8.79829 2.91257 -0.25117 0.74349 0.40469 0.46944
1403638607.0778295994 6.18757 8.88504 2.90044 -0.26525 0.73473 0.41910 0.46278
1403638607.1778295040 6.07870 8.97910 2.89607 -0.28172 0.72502 0.42613 0.46194
1403638607.2778294086 5.97648 9.07737 2.89137 -0.29555 0.71148 0.43050 0.47022
1403638607.3778295517 5.87763 9.17738 2.87815 -0.30827 0.70304 0.43053 0.47472
1403638607.4778294563 5.78343 9.27709 2.85586 -0.31409 0.69994 0.43167 0.47444
1403638607.5778295994 5.69381 9.37364 2.82630 -0.31605 0.69891 0.43301 0.47344
1403638607.6778295040 5.60814 9.46725 2.79391 -0.31768 0.69720 0.43301 0.47486
1403638607.7778294086 5.52801 9.55945 2.75871 -0.31608 0.69576 0.43346 0.47762
1403638607.8778295517 5.44967 9.65008 2.71957 -0.31717 0.69803 0.43136 0.47549
1403638607.9778294563 5.37807 9.73739 2.67643 -0.31936 0.70245 0.42797 0.47054
1403638608.0778295994 5.31133 9.82463 2.62908 -0.32003 0.70124 0.42541 0.47419
1403638608.1778295040 5.24893 9.90805 2.57686 -0.31614 0.69824 0.42581 0.48083
1403638608.2778294086 5.19090 9.98611 2.52041 -0.31484 0.69366 0.42513 0.48886
1403638608.3778295517 5.13462 10.06095 2.45921 -0.31511 0.68788 0.42394 0.49780
1403638608.4778294563 5.07760 10.13164 2.39302 -0.31522 0.68778 0.42354 0.49820
1403638608.5778295994 5.02185 10.19662 2.32101 -0.31343 0.68930 0.42423 0.49665
1403638608.6778295040 4.96559 10.25728 2.25270 -0.31892 0.68656 0.42028 0.50029
1403638608.7778294086 4.90915 10.31033 2.18819 -0.31939 0.68669 0.42000 0.50005
1403638608.8778295517 4.85375 10.35662 2.12860 -0.31813 0.69009 0.42136 0.49500
1403638608.9778294563 4.79834 10.39718 2.07776 -0.31725 0.69418 0.42222 0.48908
1403638609.0778295994 4.74507 10.43458 2.03266 -0.31666 0.69691 0.42273 0.48512
1403638609.1778295040 4.69342 10.46753 1.99427 -0.31858 0.69735 0.42137 0.48442
1403638609.2778294086 4.64390 10.49668 1.95539 -0.32653 0.69745 0.41562 0.48393
1403638609.3778295517 4.59906 10.52194 1.90922 -0.32536 0.69771 0.41611 0.48394
1403638609.4778294563 4.55699 10.54396 1.85596 -0.32168 0.69777 0.41825 0.48447
1403638609.5778295994 4.51863 10.55966 1.79686 -0.31822 0.69776 0.42022 0.48506
1403638609.6778295040 4.48191 10.57888 1.73104 -0.31612 0.69681 0.42171 0.48651
1403638609.7778294086 4.44893 10.58950 1.66660 -0.31492 0.69691 0.42246 0.48648
1403638609.8778295517 4.41851 10.60417 1.60792 -0.31542 0.69714 0.42216 0.48609
1403638609.9778294563 4.39006 10.60956 1.55845 -0.31634 0.69667 0.42134 0.48689
1403638610.0778295994 4.36755 10.61518 1.51804 -0.31978 0.69442 0.41883 0.49000
1403638610.1778295040 4.34461 10.61540 1.48108 -0.32087 0.69135 0.41796 0.49434
1403638610.2778294086 4.32262 10.61099 1.43990 -0.32326 0.69008 0.41596 0.49626
1403638610.3778295517 4.30176 10.60110 1.39186 -0.32413 0.68971 0.41530 0.49676
1403638610.4778294563 4.28437 10.58490 1.33980 -0.32438 0.68805 0.41481 0.49929
1403638610.5778295994 4.26440 10.56475 1.28297 -0.32717 0.68284 0.41260 0.50641
1403638610.6778295040 4.24318 10.53630 1.22535 -0.33159 0.67779 0.40940 0.51288
1403638610.7778294086 4.21902 10.49929 1.16986 -0.32916 0.68311 0.41208 0.50518
1403638610.8778295517 4.19490 10.45681 1.12303 -0.32538 0.68947 0.41600 0.49568
1403638610.9778294563 4.17301 10.41010 1.08232 -0.32600 0.68985 0.41627 0.49452
1403638611.0778295994 4.15217 10.35823 1.04040 -0.32916 0.68701 0.41440 0.49794
1403638611.1778295040 4.13383 10.30150 0.99462 -0.33050 0.68605 0.41456 0.49823
1403638611.2778294086 4.11588 10.23810 0.94820 -0.32997 0.68566 0.41553 0.49832
1403638611.3778295517 4.09761 10.16683 0.90601 -0.32358 0.68327 0.42000 0.50204
1403638611.4778294563 4.07399 10.09146 0.86692 -0.31128 0.67905 0.42787 0.50885
1403638611.5778295994 4.05074 10.01494 0.83828 -0.30242 0.67865 0.43311 0.51028
1403638611.6778295040 4.01745 9.93391 0.81181 -0.30066 0.68107 0.43344 0.50781
1403638611.7778294086 3.98296 9.85280 0.78551 -0.30631 0.68687 0.42911 0.50025
1403638611.8778295517 3.94957 9.77174 0.75601 -0.31154 0.69247 0.42471 0.49299
1403638611.9778294563 3.91474 9.69055 0.72175 -0.31420 0.69587 0.42206 0.48878
1403638612.0778295994 3.88179 9.61003 0.68948 -0.31359 0.69784 0.42176 0.48662
1403638612.1778295040 3.85141 9.52712 0.66312 -0.31501 0.69908 0.42019 0.48529
1403638612.2778294086 3.82439 9.44756 0.64660 -0.31552 0.69910 0.41950 0.48552
1403638612.3778295517 3.80025 9.36499 0.63425 -0.31388 0.69866 0.42009 0.48671
1403638612.4778294563 3.77708 9.28079 0.61858 -0.31323 0.69745 0.41935 0.48948
1403638612.5778295994 3.75560 9.19622 0.59733 -0.31032 0.69529 0.41991 0.49391
1403638612.6778295040 3.73357 9.11138 0.56878 -0.30448 0.69339 0.42235 0.49812
1403638612.7778294086 3.70929 9.02523 0.53262 -0.30158 0.69247 0.42216 0.50130
1403638612.8778295517 3.68417 8.94061 0.49950 -0.30175 0.69134 0.41987 0.50468
1403638612.9778294563 3.65292 8.85090 0.46658 -0.30267 0.69194 0.41777 0.50506
1403638613.0778295994 3.62293 8.76697 0.44553 -0.30326 0.69475 0.41659 0.50181
1403638613.1778295040 3.58965 8.68100 0.43159 -0.30279 0.69718 0.41632 0.49894
1403638613.2778294086 3.55330 8.59117 0.42331 -0.30196 0.69763 0.41651 0.49865
1403638613.3778295517 3.51833 8.50575 0.42287 -0.30122 0.69719 0.41700 0.49930
1403638613.4778294563 3.48014 8.41386 0.41892 -0.30187 0.69663 0.41592 0.50059
1403638613.5778295994 3.44329 8.32840 0.41011 -0.30108 0.69793 0.41158 0.50284
1403638613.6778295040 3.40502 8.24291 0.39534 -0.30494 0.69860 0.40484 0.50505
1403638613.7778294086 3.36386 8.15028 0.37246 -0.30874 0.69728 0.39718 0.51061
1403638613.8778295517 3.32483 8.05919 0.34223 -0.30564 0.69949 0.38906 0.51569
1403638613.9778294563 3.28334 7.95760 0.30713 -0.29795 0.70547 0.37912 0.51942
1403638614.0778295994 3.24255 7.85506 0.26895 -0.28597 0.71351 0.36725 0.52369
1403638614.1778295040 3.19953 7.74818 0.23072 -0.27125 0.72375 0.35428 0.52640
1403638614.2778294086 3.15424 7.63685 0.19727 -0.26023 0.73261 0.34072 0.52865
1403638614.3778295517 3.10728 7.52548 0.16936 -0.25162 0.73927 0.33122 0.52959
1403638614.4778294563 3.05951 7.41636 0.15096 -0.24812 0.74397 0.32224 0.53020
1403638614.5778295994 3.01133 7.30459 0.14075 -0.24418 0.74843 0.31385 0.53078
1403638614.6778295040 2.96635 7.19489 0.13851 -0.24111 0.75362 0.30180 0.53183
1403638614.7778294086 2.92490 7.08572 0.14857 -0.23926 0.76350 0.28516 0.52774
1403638614.8778295517 2.88660 6.97611 0.16840 -0.23162 0.77464 0.26754 0.52413
1403638614.9778294563 2.85549 6.86668 0.19543 -0.21844 0.78386 0.24834 0.52553
1403638615.0778295994 2.83126 6.75464 0.22706 -0.20031 0.79121 0.22751 0.53113
1403638615.1778295040 2.81342 6.64081 0.26381 -0.17879 0.79461 0.20537 0.54264
1403638615.2778294086 2.79920 6.52391 0.30395 -0.15369 0.79691 0.18394 0.55451
1403638615.3778295517 2.78539 6.40754 0.33994 -0.13226 0.80049 0.15850 0.56267
1403638615.4778294563 2.77154 6.28953 0.36957 -0.11194 0.80348 0.13260 0.56948
1403638615.5778295994 2.75599 6.17026 0.39166 -0.09482 0.80671 0.10824 0.57317
1403638615.6778295040 2.73932 6.05104 0.40936 -0.08159 0.80873 0.09093 0.57535
1403638615.7778294086 2.72209 5.93491 0.43272 -0.07388 0.80998 0.07847 0.57646
1403638615.8778295517 2.70263 5.81972 0.46364 -0.06867 0.81118 0.06666 0.57692
1403638615.9778294563 2.68336 5.70488 0.49272 -0.06149 0.81270 0.05477 0.57683
1403638616.0778295994 2.66311 5.58865 0.51525 -0.05261 0.81328 0.04254 0.57793
1403638616.1778295040 2.64199 5.47170 0.52483 -0.04286 0.81443 0.02848 0.57798
1403638616.2778294086 2.62050 5.35421 0.51738 -0.03226 0.81536 0.01031 0.57796
1403638616.3778295517 2.59838 5.23430 0.49560 -0.01906 0.81598 -0.00894 0.57769
1403638616.4778294563 2.57563 5.11311 0.46647 -0.00856 0.81641 -0.02682 0.57678
1403638616.5778295994 2.55248 4.99274 0.43391 0.00075 0.81802 -0.03931 0.57385
1403638616.6778295040 2.52985 4.87301 0.39744 0.00650 0.82260 -0.04897 0.56647
1403638616.7778294086 2.50858 4.75345 0.35646 0.00341 0.83099 -0.05926 0.55311
1403638616.8778295517 2.49311 4.63363 0.31509 -0.00053 0.83669 -0.06607 0.54368
1403638616.9778294563 2.48582 4.51006 0.28230 0.00472 0.83494 -0.06369 0.54662
1403638617.0778295994 2.48475 4.38170 0.25964 0.01036 0.83134 -0.05865 0.55257
1403638617.1778295040 2.48692 4.25091 0.24521 0.01636 0.82853 -0.05173 0.55732
1403638617.2778294086 2.49237 4.11951 0.23537 0.01796 0.83094 -0.04706 0.55407
1403638617.3778295517 2.50207 3.98801 0.23055 0.01751 0.83501 -0.04420 0.54818
1403638617.4778294563 2.51758 3.85958 0.23447 0.01717 0.83781 -0.04098 0.54415
1403638617.5778295994 2.53928 3.73322 0.24663 0.01695 0.83858 -0.03802 0.54319
1403638617.6778295040 2.56814 3.61041 0.26739 0.01803 0.83725 -0.03406 0.54547
1403638617.7778294086 2.60433 3.49261 0.29667 0.01826 0.83568 -0.03136 0.54802
1403638617.8778295517 2.64439 3.37781 0.33278 0.01928 0.83573 -0.02801 0.54809
1403638617.9778294563 2.68982 3.26766 0.37296 0.01730 0.83472 -0.02754 0.54972
1403638618.0778295994 2.73989 3.15996 0.40817 0.01656 0.83438 -0.02624 0.55032
1403638618.1778295040 2.79461 3.05582 0.43702 0.01418 0.83455 -0.02612 0.55012
1403638618.2778294086 2.85258 2.95356 0.45947 0.01467 0.83458 -0.02461 0.55014
1403638618.3778295517 2.91432 2.85608 0.47846 0.01448 0.83388 -0.02355 0.55126
1403638618.4778294563 2.97971 2.76007 0.49444 0.01425 0.83402 -0.02230 0.55110
1403638618.5778295994 3.04904 2.66789 0.50910 0.01541 0.83304 -0.02146 0.55257
1403638618.6778295040 3.12196 2.57644 0.52083 0.01929 0.83291 -0.02456 0.55252
1403638618.7778294086 3.19938 2.48990 0.53743 0.02187 0.83222 -0.02771 0.55332
1403638618.8778295517 3.28028 2.40647 0.55992 0.02490 0.83048 -0.03100 0.55563
1403638618.9778294563 3.36333 2.32612 0.58403 0.03093 0.82633 -0.03988 0.56092
1403638619.0778295994 3.44755 2.24727 0.60102 0.04286 0.82269 -0.05350 0.56435
1403638619.1778295040 3.53207 2.17073 0.61029 0.05645 0.81904 -0.07230 0.56635
1403638619.2778294086 3.61684 2.09755 0.61225 0.07045 0.81499 -0.09634 0.56704
1403638619.3778295517 3.70071 2.02721 0.60494 0.08665 0.81038 -0.12079 0.56673
1403638619.4778294563 3.78419 1.96041 0.59380 0.09723 0.80599 -0.14195 0.56638
1403638619.5778295994 3.86863 1.89639 0.58149 0.10376 0.80223 -0.15764 0.56639
1403638619.6778295040 3.95185 1.83432 0.56628 0.10006 0.79862 -0.17405 0.56736
1403638619.7778294086 4.03253 1.77180 0.54879 0.09646 0.79609 -0.18559 0.56788
1403638619.8778295517 4.10952 1.70706 0.52995 0.09614 0.79392 -0.19202 0.56884
1403638619.9778294563 4.18175 1.64037 0.50596 0.09749 0.79303 -0.19569 0.56860
1403638620.0778295994 4.24788 1.56954 0.48694 0.09962 0.79047 -0.19725 0.57125
1403638620.1778295040 4.30971 1.49634 0.47089 0.10427 0.78742 -0.19615 0.57500
1403638620.2778294086 4.36158 1.42106 0.46483 0.10697 0.78799 -0.19497 0.57413
1403638620.3778295517 4.40940 1.34458 0.46397 0.10969 0.78940 -0.19284 0.57239
1403638620.4778294563 4.44811 1.26829 0.47124 0.11074 0.79053 -0.19073 0.57134
1403638620.5778295994 4.48670 1.18990 0.47583 0.11032 0.79190 -0.18916 0.57004
1403638620.6778295040 4.52092 1.11177 0.47538 0.10743 0.79441 -0.18907 0.56712
1403638620.7778294086 4.54695 1.03454 0.47078 0.10385 0.79776 -0.18943 0.56295
1403638620.8778295517 4.57658 0.95290 0.46083 0.10705 0.80097 -0.18494 0.55927
1403638620.9778294563 4.60414 0.87225 0.44783 0.11162 0.80160 -0.17904 0.55940
1403638621.0778295994 4.62590 0.79356 0.43534 0.11535 0.80005 -0.17392 0.56247
1403638621.1778295040 4.65300 0.71308 0.42555 0.11404 0.79883 -0.17211 0.56501
1403638621.2778294086 4.67799 0.63551 0.42358 0.11433 0.79773 -0.16944 0.56731
1403638621.3778295517 4.70317 0.55923 0.42509 0.11600 0.79862 -0.16644 0.56662
1403638621.4778294563 4.72573 0.48704 0.42322 0.11661 0.79685 -0.16432 0.56958
1403638621.5778295994 4.74886 0.41629 0.41406 0.11658 0.79469 -0.16227 0.57318
1403638621.6778295040 4.76792 0.35069 0.40047 0.11623 0.79372 -0.16127 0.57488
1403638621.7778294086 4.78170 0.29133 0.38392 0.11719 0.79213 -0.15994 0.57725
1403638621.8778295517 4.79461 0.23175 0.36269 0.11906 0.78870 -0.15812 0.58205
1403638621.9778294563 4.80267 0.17917 0.33895 0.11953 0.78616 -0.15751 0.58554
1403638622.0778295994 4.80279 0.13750 0.31247 0.11814 0.78576 -0.15857 0.58607
1403638622.1778295040 4.80155 0.09210 0.28129 0.11495 0.78671 -0.16051 0.58491
1403638622.2778294086 4.79494 0.05231 0.25476 0.11216 0.78603 -0.16293 0.58570
1403638622.3778295517 4.78339 0.01534 0.23577 0.11282 0.78700 -0.16349 0.58410
1403638622.4778294563 4.76246 -0.01208 0.22833 0.11650 0.78783 -0.16188 0.58271
1403638622.5778295994 4.74085 -0.04515 0.22432 0.11996 0.78763 -0.16060 0.58263
1403638622.6778295040 4.71288 -0.06542 0.23244 0.12395 0.78358 -0.15888 0.58770
1403638622.7778294086 4.68162 -0.08855 0.24795 0.12677 0.77241 -0.15746 0.60210
1403638622.8778295517 4.64497 -0.10068 0.27097 0.12853 0.76764 -0.15702 0.60791
1403638622.9778294563 4.59923 -0.10771 0.29098 0.12706 0.77147 -0.15943 0.60272
1403638623.0778295994 4.54425 -0.11110 0.30326 0.12339 0.77793 -0.16301 0.59416
1403638623.1778295040 4.48246 -0.10882 0.31049 0.11835 0.78181 -0.16683 0.58901
1403638623.2778294086 4.41326 -0.10003 0.31367 0.11528 0.78516 -0.16924 0.58445
1403638623.3778295517 4.34217 -0.09604 0.31172 0.11294 0.78774 -0.17101 0.58092
1403638623.4778294563 4.26557 -0.08717 0.30663 0.11361 0.78942 -0.17087 0.57854
1403638623.5778295994 4.18883 -0.08096 0.30264 0.11496 0.78957 -0.17019 0.57828
1403638623.6778295040 4.10625 -0.07383 0.30746 0.11634 0.79006 -0.16964 0.57749
1403638623.7778294086 4.02186 -0.06607 0.31793 0.11855 0.79108 -0.16942 0.57571
1403638623.8778295517 3.93305 -0.05594 0.33357 0.11995 0.79222 -0.16953 0.57382
1403638623.9778294563 3.84015 -0.04495 0.34792 0.12151 0.79335 -0.17003 0.57177
1403638624.0778295994 3.74731 -0.03170 0.35726 0.11984 0.79363 -0.17283 0.57090
1403638624.1778295040 3.65307 -0.01893 0.36202 0.11740 0.79351 -0.17525 0.57083
1403638624.2778294086 3.55694 -0.00397 0.36077 0.11537 0.79315 -0.17791 0.57092
1403638624.3778295517 3.46167 0.01029 0.35650 0.11498 0.79265 -0.17970 0.57113
1403638624.4778294563 3.36777 0.02184 0.35067 0.11642 0.79248 -0.17994 0.57101
1403638624.5778295994 3.26870 0.03563 0.33783 0.11185 0.78412 -0.18469 0.58184
1403638624.6778295040 3.16767 0.04818 0.32282 0.11354 0.77987 -0.18238 0.58792
1403638624.7778294086 3.06742 0.05848 0.31270 0.11834 0.78595 -0.17246 0.58184
1403638624.8778295517 2.95733 0.07420 0.30852 0.11967 0.79208 -0.16429 0.57559
1403638624.9778294563 2.85651 0.08718 0.31257 0.11235 0.79538 -0.16217 0.57310
1403638625.0778295994 2.75420 0.10113 0.31779 0.10470 0.79645 -0.16119 0.57335
1403638625.1778295040 2.64338 0.11889 0.31763 0.09834 0.79733 -0.16142 0.57318
1403638625.2778294086 2.54187 0.12992 0.31503 0.09627 0.79826 -0.15980 0.57269
1403638625.3778295517 2.43155 0.14425 0.30977 0.09512 0.79840 -0.15879 0.57297
1403638625.4778294563 2.32973 0.15181 0.31191 0.09407 0.79793 -0.15837 0.57392
1403638625.5778295994 2.22028 0.16326 0.31828 0.09473 0.79848 -0.15767 0.57323
1403638625.6778295040 2.11318 0.17196 0.33233 0.09482 0.80011 -0.15762 0.57096
1403638625.7778294086 2.00637 0.17783 0.34934 0.09358 0.80465 -0.15869 0.56445
1403638625.8778295517 1.89898 0.18577 0.36009 0.09379 0.80724 -0.15915 0.56057
1403638625.9778294563 1.79353 0.18864 0.36765 0.09484 0.80767 -0.15924 0.55975
1403638626.0778295994 1.69164 0.19202 0.36850 0.09330 0.80892 -0.16107 0.55767
1403638626.1778295040 1.59321 0.19238 0.36514 0.09353 0.80932 -0.16145 0.55695
1403638626.2778294086 1.49705 0.19116 0.35718 0.09652 0.80786 -0.16006 0.55895
1403638626.3778295517 1.39735 0.18941 0.34655 0.10443 0.80601 -0.15473 0.56170
1403638626.4778294563 1.30628 0.18780 0.33210 0.10689 0.80478 -0.15256 0.56358
1403638626.5778295994 1.21169 0.18738 0.31619 0.10753 0.80712 -0.15161 0.56037
1403638626.6778295040 1.12565 0.18721 0.30139 0.10629 0.80902 -0.15206 0.55773
1403638626.7778294086 1.04171 0.18890 0.29034 0.10365 0.81289 -0.15384 0.55208
1403638626.8778295517 0.96026 0.18947 0.28725 0.10308 0.81561 -0.15361 0.54824
1403638626.9778294563 0.88624 0.18998 0.29067 0.10239 0.81651 -0.15373 0.54699
1403638627.0778295994 0.81835 0.19022 0.29250 0.10173 0.81661 -0.15336 0.54707
1403638627.1778295040 0.75530 0.18859 0.28831 0.10096 0.81654 -0.15323 0.54734
1403638627.2778294086 0.69871 0.18644 0.28279 0.10226 0.81658 -0.15189 0.54742
1403638627.3778295517 0.64701 0.18447 0.27450 0.10431 0.81601 -0.15002 0.54840
1403638627.4778294563 0.60046 0.18247 0.26296 0.10452 0.81641 -0.14973 0.54784
1403638627.5778295994 0.55927 0.18065 0.24948 0.10578 0.81527 -0.14933 0.54941
1403638627.6778295040 0.53002 0.17826 0.23188 0.10787 0.81232 -0.14855 0.55356
1403638627.7778294086 0.49870 0.17765 0.21668 0.10966 0.81046 -0.14767 0.55616
1403638627.8778295517 0.47006 0.17892 0.20004 0.11062 0.80981 -0.14769 0.55692
1403638627.9778294563 0.44176 0.18171 0.18341 0.11101 0.81175 -0.14783 0.55397
1403638628.0778295994 0.42567 0.18506 0.16401 0.11198 0.81291 -0.14811 0.55200
1403638628.1778295040 0.40348 0.19041 0.15122 0.11304 0.81347 -0.14863 0.55082
1403638628.2778294086 0.38800 0.19757 0.13928 0.11321 0.81368 -0.14933 0.55028
1403638628.3778295517 0.38189 0.20436 0.12694 0.11184 0.81426 -0.15085 0.54928
1403638628.4778294563 0.37267 0.21389 0.12149 0.10596 0.81144 -0.15549 0.55332
1403638628.5778295994 0.36817 0.22322 0.11928 0.09801 0.80424 -0.16114 0.56358
1403638628.6778295040 0.36335 0.23147 0.11839 0.09253 0.80016 -0.16513 0.56913
1403638628.7778294086 0.37649 0.24015 0.11631 0.09449 0.80142 -0.16453 0.56722
1403638628.8778295517 0.36698 0.24399 0.10738 0.09893 0.80203 -0.16178 0.56638
1403638628.9778294563 0.35769 0.24663 0.09553 0.10384 0.80272 -0.15885 0.56535
1403638629.0778295994 0.34735 0.24997 0.08558 0.10861 0.80389 -0.15544 0.56374
1403638629.1778295040 0.33269 0.25201 0.08015 0.11091 0.80509 -0.15334 0.56216
1403638629.2778294086 0.32015 0.25791 0.07516 0.11152 0.80538 -0.15259 0.56182
1403638629.3778295517 0.31062 0.26432 0.07247 0.11237 0.80844 -0.15266 0.55722
1403638629.4778294563 0.30531 0.27220 0.07126 0.11097 0.81285 -0.15447 0.55055
1403638629.5778295994 0.30851 0.27899 0.07195 0.10740 0.81584 -0.15726 0.54603
1403638629.6778295040 0.31592 0.28445 0.07468 0.09644 0.81370 -0.16554 0.54881
1403638629.7778294086 0.32411 0.28801 0.07825 0.08977 0.80806 -0.17080 0.55660
1403638629.8778295517 0.33162 0.28883 0.07783 0.08824 0.80163 -0.17240 0.56558
1403638629.9778294563 0.33737 0.28603 0.06927 0.09928 0.79612 -0.16554 0.57352
1403638630.0778295994 0.33942 0.28258 0.05066 0.10841 0.79259 -0.15942 0.57847
1403638630.1778295040 0.33906 0.28057 0.02209 0.11278 0.79539 -0.15601 0.57472
1403638630.2778294086 0.33455 0.27980 -0.01227 0.11353 0.79992 -0.15532 0.56843
1403638630.3778295517 0.33552 0.28265 -0.03825 0.10946 0.81931 -0.15637 0.54064
1403638630.4778294563 0.34711 0.28362 -0.02722 0.10910 0.80133 -0.15467 0.56749
1403638630.5778295994 0.35691 0.28446 -0.02881 0.10873 0.80061 -0.15580 0.56827
1403638630.6778295040 0.36356 0.28515 -0.05128 0.10597 0.81956 -0.15289 0.54195
1403638630.7778294086 0.36349 0.27808 -0.05486 0.10850 0.82645 -0.14709 0.53252
1403638630.8778295517 0.35633 0.27745 -0.05989 0.10372 0.82513 -0.14812 0.53523
1403638630.9778294563 0.35100 0.27769 -0.06324 0.10391 0.82500 -0.14835 0.53532
1403638631.0778295994 0.34356 0.27821 -0.06757 0.10459 0.82506 -0.14788 0.53522
1403638631.1778295040 0.33648 0.27841 -0.07182 0.10451 0.82510 -0.14811 0.53512
1403638631.2778294086 0.32875 0.27881 -0.07566 0.10441 0.82516 -0.14810 0.53505
1403638631.3778295517 0.32111 0.27911 -0.07922 0.10415 0.82523 -0.14829 0.53494
1403638631.4778294563 0.31368 0.27941 -0.08255 0.10391 0.82517 -0.14858 0.53500
1403638631.5778295994 0.30581 0.27964 -0.08601 0.10381 0.82514 -0.14867 0.53503
1403638631.6778295040 0.29828 0.27967 -0.08919 0.10349 0.82514 -0.14908 0.53499
