1403638523.0778295994 0.03445 0.00346 0.36679 -0.07207 0.80847 0.01513 0.58391
1403638523.1778295040 0.03456 -0.00139 0.39175 -0.07128 0.80747 0.01548 0.58538
1403638523.2778294086 0.03228 -0.00967 0.38445 -0.06200 0.80506 0.01539 0.58974
1403638523.3778295517 0.03153 -0.01503 0.35431 -0.05743 0.80400 0.01450 0.59166
1403638523.4778294563 0.03002 -0.02090 0.31143 -0.05273 0.80770 0.01701 0.58698
1403638523.5778295994 0.02543 -0.02793 0.26139 -0.04576 0.81694 0.02129 0.57450
1403638523.6778295040 0.02041 -0.03345 0.21090 -0.03876 0.82634 0.02408 0.56133
1403638523.7778294086 0.01427 -0.03855 0.16193 -0.03507 0.83089 0.02690 0.55468
1403638523.8778295517 0.00735 -0.04342 0.11772 -0.03176 0.83146 0.02979 0.55388
1403638523.9778294563 0.00009 -0.04742 0.08481 -0.02250 0.83146 0.03583 0.55398
1403638524.0778295994 -0.00368 -0.04983 0.07235 -0.01551 0.83454 0.04420 0.54896
1403638524.1778295040 -0.00434 -0.04850 0.09280 -0.01603 0.83909 0.04908 0.54153
1403638524.2778294086 -0.00319 -0.04865 0.13650 -0.02242 0.84005 0.05028 0.53971
1403638524.3778295517 0.00067 -0.04862 0.19152 -0.03170 0.83728 0.04859 0.54369
1403638524.4778294563 0.00697 -0.04786 0.25207 -0.03854 0.83072 0.04669 0.55339
1403638524.5778295994 0.01523 -0.04573 0.31199 -0.04161 0.82190 0.04529 0.56630
1403638524.6778295040 0.02404 -0.04269 0.36602 -0.03737 0.81547 0.03965 0.57622
1403638524.7778294086 0.03103 -0.03834 0.40674 -0.02469 0.81163 0.03459 0.58262
1403638524.8778295517 0.03576 -0.03347 0.43290 -0.02068 0.81012 0.03173 0.58504
1403638524.9778294563 0.03744 -0.02982 0.44222 -0.02715 0.80857 0.03398 0.58679
1403638525.0778295994 0.03805 -0.02809 0.42980 -0.02487 0.80587 0.03744 0.59039
1403638525.1778295040 0.03895 -0.02683 0.39617 -0.02265 0.80441 0.04206 0.59215
1403638525.2778294086 0.03728 -0.02784 0.35014 -0.02287 0.80707 0.04709 0.58814
1403638525.3778295517 0.03547 -0.02868 0.29629 -0.02571 0.81597 0.05216 0.57516
1403638525.4778294563 0.03213 -0.02890 0.24380 -0.03453 0.82821 0.05419 0.55673
1403638525.5778295994 0.02845 -0.03124 0.19787 -0.04107 0.83726 0.05386 0.54259
1403638525.6778295040 0.02624 -0.03363 0.15941 -0.04212 0.84019 0.05089 0.53826
1403638525.7778294086 0.02613 -0.03471 0.12885 -0.03933 0.83864 0.04508 0.54139
1403638525.8778295517 0.02602 -0.03693 0.10678 -0.03249 0.83502 0.04086 0.54774
1403638525.9778294563 0.02151 -0.04518 0.09437 -0.02415 0.83358 0.03972 0.55044
1403638526.0778295994 0.01796 -0.06492 0.09374 -0.01981 0.83517 0.03760 0.54835
1403638526.1778295040 0.01522 -0.09412 0.10190 -0.01806 0.83754 0.02856 0.54533
1403638526.2778294086 0.01085 -0.13014 0.11532 -0.01466 0.83659 0.01956 0.54728
1403638526.3778295517 0.00371 -0.17082 0.13002 -0.01239 0.83243 0.01095 0.55388
1403638526.4778294563 -0.00605 -0.21602 0.14295 -0.01109 0.82730 -0.00009 0.56165
1403638526.5778295994 -0.01707 -0.26721 0.15207 -0.00978 0.82196 -0.01104 0.56936
1403638526.6778295040 -0.02991 -0.32575 0.15916 -0.00519 0.81676 -0.01953 0.57663
1403638526.7778294086 -0.04538 -0.39019 0.16433 0.00329 0.81365 -0.02503 0.58080
1403638526.8778295517 -0.06244 -0.45484 0.16745 0.01130 0.81291 -0.02827 0.58160
1403638526.9778294563 -0.07989 -0.51601 0.17024 0.01555 0.81598 -0.03463 0.57684
1403638527.0778295994 -0.09501 -0.57393 0.17386 0.02317 0.82044 -0.04772 0.56926
1403638527.1778295040 -0.10666 -0.62561 0.17950 0.03090 0.82216 -0.06288 0.56493
1403638527.2778294086 -0.11370 -0.66566 0.18639 0.04233 0.81919 -0.07657 0.56681
1403638527.3778295517 -0.11522 -0.68865 0.19285 0.05769 0.81403 -0.08524 0.57162
1403638527.4778294563 -0.11170 -0.69073 0.19681 0.06794 0.81041 -0.08959 0.57497
1403638527.5778295994 -0.10301 -0.67157 0.19774 0.07086 0.80975 -0.09071 0.57538
1403638527.6778295040 -0.08912 -0.63252 0.19546 0.06905 0.81031 -0.08708 0.57536
1403638527.7778294086 -0.07420 -0.58654 0.19530 0.06334 0.81177 -0.07966 0.57504
1403638527.8778295517 -0.05822 -0.53251 0.19782 0.04917 0.81498 -0.07463 0.57256
1403638527.9778294563 -0.03881 -0.47388 0.20077 0.03874 0.81594 -0.06957 0.57263
1403638528.0778295994 -0.01821 -0.41485 0.20202 0.03159 0.81478 -0.06189 0.57559
1403638528.1778295040 0.00254 -0.35895 0.19902 0.02144 0.81527 -0.05270 0.57627
1403638528.2778294086 0.02738 -0.30917 0.19319 0.00854 0.81673 -0.04182 0.57544
1403638528.3778295517 0.05822 -0.27149 0.18691 0.00098 0.81641 -0.03343 0.57650
1403638528.4778294563 0.09467 -0.24528 0.18169 0.00210 0.81572 -0.02979 0.57767
1403638528.5778295994 0.13127 -0.22450 0.17846 0.00323 0.81771 -0.03398 0.57462
1403638528.6778295040 0.16672 -0.21019 0.17813 0.00174 0.81904 -0.04134 0.57224
1403638528.7778294086 0.19758 -0.20049 0.18099 0.00652 0.81827 -0.04631 0.57293
1403638528.8778295517 0.21413 -0.19236 0.18767 0.00260 0.81737 -0.05371 0.57360
1403638528.9778294563 0.21909 -0.17938 0.19982 -0.00402 0.81730 -0.06052 0.57301
1403638529.0778295994 0.20229 -0.17002 0.21653 -0.00282 0.81827 -0.06180 0.57150
1403638529.1778295040 0.17485 -0.15308 0.22630 0.01410 0.81929 -0.05487 0.57057
1403638529.2778294086 0.14027 -0.13233 0.22494 0.02576 0.82128 -0.04880 0.56785
1403638529.3778295517 0.10347 -0.10712 0.21251 0.02990 0.82656 -0.04443 0.56029
1403638529.4778294563 0.07081 -0.08945 0.19136 0.02853 0.83665 -0.04193 0.54539
1403638529.5778295994 0.04492 -0.07736 0.16634 0.02621 0.84685 -0.03900 0.52975
1403638529.6778295040 0.02322 -0.07409 0.14186 0.02714 0.85071 -0.03574 0.52372
1403638529.7778294086 0.01259 -0.06585 0.11885 0.02631 0.84719 -0.03499 0.52949
1403638529.8778295517 0.00745 -0.05797 0.09784 0.02480 0.84083 -0.03604 0.53953
1403638529.9778294563 0.00301 -0.05135 0.08252 0.02419 0.83818 -0.03609 0.54366
1403638530.0778295994 0.01016 -0.04929 0.07129 0.02470 0.83960 -0.03656 0.54141
1403638530.1778295040 0.02312 -0.04970 0.06170 0.02571 0.84135 -0.04098 0.53832
1403638530.2778294086 0.03806 -0.05134 0.05156 0.02782 0.84095 -0.04697 0.53835
1403638530.3778295517 0.05135 -0.05469 0.04171 0.03025 0.84035 -0.05209 0.53868
1403638530.4778294563 0.06304 -0.05846 0.03424 0.03041 0.84014 -0.05587 0.53863
1403638530.5778295994 0.07078 -0.06269 0.02865 0.02958 0.84015 -0.05911 0.53831
1403638530.6778295040 0.07512 -0.06608 0.02356 0.03067 0.84315 -0.06123 0.53330
1403638530.7778294086 0.07820 -0.06817 0.01809 0.03064 0.84660 -0.06268 0.52764
1403638530.8778295517 0.08057 -0.06942 0.01336 0.02858 0.84727 -0.06197 0.52676
1403638530.9778294563 0.08174 -0.06973 0.01038 0.02722 0.84510 -0.06192 0.53032
1403638531.0778295994 0.08184 -0.06931 0.00839 0.02785 0.84172 -0.06054 0.53579
1403638531.1778295040 0.08170 -0.06757 0.00911 0.02842 0.83963 -0.05838 0.53926
1403638531.2778294086 0.08205 -0.06646 0.00764 0.03112 0.83851 -0.05699 0.54100
1403638531.3778295517 0.08193 -0.06566 0.00730 0.03105 0.83736 -0.05719 0.54277
1403638531.4778294563 0.08175 -0.06605 0.00740 0.03126 0.83636 -0.05763 0.54425
1403638531.5778295994 0.08156 -0.06613 0.00726 0.03188 0.83672 -0.05655 0.54376
1403638531.6778295040 0.08154 -0.06592 0.00713 0.03118 0.83685 -0.05718 0.54354
1403638531.7778294086 0.08161 -0.06600 0.00712 0.03160 0.83681 -0.05728 0.54357
1403638531.8778295517 0.08154 -0.06603 0.00709 0.03183 0.83690 -0.05723 0.54343
1403638531.9778294563 0.08157 -0.06610 0.00706 0.03214 0.83690 -0.05731 0.54339
1403638532.0778295994 0.08155 -0.06614 0.00701 0.03239 0.83692 -0.05725 0.54335
1403638532.1778295040 0.08156 -0.06613 0.00699 0.03238 0.83691 -0.05736 0.54336
1403638532.2778294086 0.08157 -0.06611 0.00698 0.03230 0.83690 -0.05757 0.54336
1403638532.3778295517 0.08156 -0.06610 0.00696 0.03227 0.83688 -0.05762 0.54339
1403638532.4778294563 0.08157 -0.06612 0.00696 0.03226 0.83685 -0.05775 0.54342
1403638532.5778295994 0.08155 -0.06613 0.00693 0.03234 0.83687 -0.05783 0.54337
1403638532.6778295040 0.08158 -0.06617 0.00693 0.03247 0.83684 -0.05786 0.54341
1403638532.7778294086 0.08154 -0.06619 0.00692 0.03263 0.83686 -0.05780 0.54337
1403638532.8778295517 0.08154 -0.06620 0.00692 0.03277 0.83685 -0.05787 0.54337
1403638532.9778294563 0.08154 -0.06623 0.00692 0.03285 0.83683 -0.05792 0.54340
1403638533.0778295994 0.08152 -0.06624 0.00691 0.03292 0.83683 -0.05798 0.54339
1403638533.1778295040 0.08153 -0.06625 0.00690 0.03299 0.83679 -0.05808 0.54344
1403638533.2778294086 0.08151 -0.06627 0.00689 0.03305 0.83677 -0.05816 0.54346
1403638533.3778295517 0.08151 -0.06628 0.00688 0.03317 0.83675 -0.05817 0.54347
1403638533.4778294563 0.08152 -0.06632 0.00689 0.03323 0.83674 -0.05824 0.54348
1403638533.5778295994 0.08149 -0.06631 0.00687 0.03330 0.83673 -0.05831 0.54348
1403638533.6778295040 0.08150 -0.06633 0.00688 0.03335 0.83670 -0.05841 0.54351
1403638533.7778294086 0.08148 -0.06634 0.00687 0.03344 0.83669 -0.05848 0.54352
1403638533.8778295517 0.08149 -0.06632 0.00686 0.03330 0.83672 -0.05827 0.54351
1403638533.9778294563 0.08151 -0.06637 0.00685 0.03353 0.83670 -0.05856 0.54348
1403638534.0778295994 0.08143 -0.06641 0.00685 0.03402 0.83663 -0.05900 0.54352
1403638534.1778295040 0.08145 -0.06643 0.00688 0.03372 0.83666 -0.05885 0.54350
1403638534.2778294086 0.08146 -0.06638 0.00690 0.03352 0.83674 -0.05876 0.54340
1403638534.3778295517 0.08147 -0.06638 0.00690 0.03362 0.83674 -0.05885 0.54340
1403638534.4778294563 0.08148 -0.06645 0.00687 0.03385 0.83674 -0.05917 0.54334
1403638534.5778295994 0.08149 -0.06644 0.00688 0.03382 0.83682 -0.05895 0.54325
1403638534.6778295040 0.08152 -0.06640 0.00690 0.03371 0.83681 -0.05879 0.54328
1403638534.7778294086 0.08149 -0.06644 0.00689 0.03386 0.83680 -0.05874 0.54329
1403638534.8778295517 0.08149 -0.06649 0.00689 0.03424 0.83674 -0.05896 0.54333
1403638534.9778294563 0.08147 -0.06655 0.00689 0.03438 0.83677 -0.05905 0.54327
1403638535.0778295994 0.08147 -0.06656 0.00690 0.03433 0.83682 -0.05910 0.54320
1403638535.1778295040 0.08149 -0.06657 0.00689 0.03430 0.83678 -0.05916 0.54325
1403638535.2778294086 0.08146 -0.06657 0.00689 0.03427 0.83678 -0.05918 0.54326
1403638535.3778295517 0.08146 -0.06657 0.00692 0.03438 0.83677 -0.05920 0.54326
1403638535.4778294563 0.08147 -0.06659 0.00692 0.03454 0.83677 -0.05925 0.54325
1403638535.5778295994 0.08147 -0.06659 0.00693 0.03457 0.83677 -0.05923 0.54325
1403638535.6778295040 0.08148 -0.06660 0.00692 0.03458 0.83674 -0.05931 0.54328
1403638535.7778294086 0.08146 -0.06662 0.00691 0.03466 0.83672 -0.05934 0.54330
1403638535.8778295517 0.08147 -0.06662 0.00692 0.03462 0.83673 -0.05931 0.54330
1403638535.9778294563 0.08145 -0.06662 0.00693 0.03464 0.83676 -0.05934 0.54324
1403638536.0778295994 0.08147 -0.06664 0.00693 0.03467 0.83670 -0.05944 0.54332
1403638536.1778295040 0.08146 -0.06666 0.00694 0.03472 0.83668 -0.05949 0.54334
1403638536.2778294086 0.08146 -0.06667 0.00693 0.03483 0.83667 -0.05949 0.54335
1403638536.3778295517 0.08147 -0.06669 0.00694 0.03492 0.83661 -0.05955 0.54343
1403638536.4778294563 0.08146 -0.06669 0.00694 0.03496 0.83660 -0.05955 0.54345
1403638536.5778295994 0.08146 -0.06670 0.00694 0.03494 0.83659 -0.05959 0.54346
1403638536.6778295040 0.08146 -0.06671 0.00695 0.03497 0.83658 -0.05959 0.54347
1403638536.7778294086 0.08144 -0.06671 0.00693 0.03505 0.83654 -0.05966 0.54352
1403638536.8778295517 0.08145 -0.06672 0.00692 0.03503 0.83647 -0.05978 0.54361
1403638536.9778294563 0.08145 -0.06674 0.00694 0.03503 0.83648 -0.05985 0.54359
1403638537.0778295994 0.08148 -0.06673 0.00696 0.03510 0.83647 -0.05980 0.54360
1403638537.1778295040 0.08148 -0.06673 0.00697 0.03530 0.83641 -0.05981 0.54368
1403638537.2778294086 0.08148 -0.06674 0.00700 0.03549 0.83642 -0.05978 0.54366
1403638537.3778295517 0.08148 -0.06676 0.00698 0.03553 0.83639 -0.05980 0.54371
1403638537.4778294563 0.08149 -0.06676 0.00699 0.03553 0.83637 -0.05981 0.54373
1403638537.5778295994 0.08148 -0.06676 0.00703 0.03563 0.83639 -0.05973 0.54370
1403638537.6778295040 0.08150 -0.06677 0.00707 0.03573 0.83640 -0.05977 0.54367
1403638537.7778294086 0.08150 -0.06677 0.00707 0.03571 0.83637 -0.05982 0.54373
1403638537.8778295517 0.08153 -0.06678 0.00709 0.03587 0.83635 -0.05976 0.54375
1403638537.9778294563 0.08151 -0.06678 0.00711 0.03594 0.83631 -0.05990 0.54378
1403638538.0778295994 0.08151 -0.06678 0.00713 0.03595 0.83629 -0.05992 0.54382
1403638538.1778295040 0.08152 -0.06680 0.00715 0.03602 0.83626 -0.05992 0.54386
1403638538.2778294086 0.08160 -0.06677 0.00714 0.03607 0.83622 -0.05984 0.54393
1403638538.3778295517 0.08156 -0.06681 0.00717 0.03628 0.83617 -0.05985 0.54399
1403638538.4778294563 0.08152 -0.06681 0.00725 0.03629 0.83618 -0.05985 0.54397
1403638538.5778295994 0.08157 -0.06681 0.00729 0.03656 0.83615 -0.05988 0.54399
1403638538.6778295040 0.08156 -0.06681 0.00734 0.03639 0.83597 -0.05998 0.54427
1403638538.7778294086 0.08167 -0.06687 0.00766 0.03626 0.83519 -0.05983 0.54549
1403638538.8778295517 0.08306 -0.06647 0.00807 0.03552 0.83419 -0.05932 0.54712
1403638538.9778294563 0.08646 -0.06630 0.01055 0.03642 0.82947 -0.05866 0.55427
1403638539.0778295994 0.09072 -0.06621 0.01412 0.03819 0.82387 -0.06027 0.56228
1403638539.1778295040 0.09844 -0.06619 0.02185 0.03759 0.81859 -0.06079 0.56991
1403638539.2778294086 0.10729 -0.06627 0.03728 0.03754 0.81490 -0.06012 0.57526
1403638539.3778295517 0.11565 -0.06641 0.06047 0.03728 0.81582 -0.05968 0.57400
1403638539.4778294563 0.12483 -0.06733 0.08986 0.03704 0.81787 -0.05873 0.57120
1403638539.5778295994 0.13502 -0.06893 0.12195 0.03677 0.81883 -0.05743 0.56997
1403638539.6778295040 0.14615 -0.07034 0.14897 0.03520 0.81944 -0.05704 0.56923
1403638539.7778294086 0.15613 -0.07103 0.16520 0.03566 0.82069 -0.05528 0.56757
1403638539.8778295517 0.16822 -0.07101 0.17417 0.03485 0.82324 -0.05473 0.56398
1403638539.9778294563 0.18391 -0.07058 0.18156 0.03318 0.82780 -0.05448 0.55738
1403638540.0778295994 0.20359 -0.07165 0.18854 0.03299 0.83370 -0.05438 0.54854
1403638540.1778295040 0.22812 -0.07281 0.19575 0.03272 0.83765 -0.05415 0.54253
1403638540.2778294086 0.26204 -0.07361 0.21038 0.03332 0.83346 -0.05286 0.54903
1403638540.3778295517 0.30005 -0.07484 0.21812 0.03411 0.82739 -0.05086 0.55828
1403638540.4778294563 0.34221 -0.07520 0.22533 0.03095 0.82512 -0.04487 0.56232
1403638540.5778295994 0.38870 -0.07452 0.23080 0.02374 0.82540 -0.03343 0.56306
1403638540.6778295040 0.43789 -0.07330 0.23623 0.01539 0.82561 -0.01627 0.56380
1403638540.7778294086 0.48892 -0.06993 0.24086 0.00746 0.82481 0.00772 0.56531
1403638540.8778295517 0.54110 -0.06348 0.24419 -0.00290 0.82417 0.03572 0.56521
1403638540.9778294563 0.59349 -0.05220 0.24581 -0.01667 0.82264 0.06201 0.56493
1403638541.0778295994 0.64632 -0.03728 0.24518 -0.03051 0.82045 0.08151 0.56506
1403638541.1778295040 0.70060 -0.01918 0.23959 -0.04033 0.81868 0.09482 0.56493
1403638541.2778294086 0.75507 0.00393 0.23165 -0.04546 0.81788 0.10363 0.56415
1403638541.3778295517 0.80961 0.03171 0.23138 -0.04849 0.81770 0.10727 0.56348
1403638541.4778294563 0.86326 0.06401 0.23719 -0.04971 0.81751 0.10753 0.56360
1403638541.5778295994 0.91605 0.10211 0.24927 -0.04903 0.81607 0.10812 0.56563
1403638541.6778295040 0.97154 0.14753 0.26989 -0.05322 0.81436 0.11114 0.56713
1403638541.7778294086 1.02473 0.19752 0.29563 -0.06319 0.81297 0.11675 0.56697
1403638541.8778295517 1.07524 0.25233 0.32948 -0.07510 0.81153 0.12568 0.56567
1403638541.9778294563 1.12380 0.30914 0.36015 -0.08684 0.81039 0.13998 0.56226
1403638542.0778295994 1.17057 0.36716 0.38440 -0.10076 0.80823 0.15699 0.55854
1403638542.1778295040 1.21577 0.42611 0.40264 -0.11614 0.80433 0.17689 0.55522
1403638542.2778294086 1.25987 0.48653 0.41455 -0.13101 0.80031 0.20020 0.54979
1403638542.3778295517 1.30420 0.54783 0.42328 -0.14479 0.79252 0.22202 0.54922
1403638542.4778294563 1.34720 0.60860 0.42972 -0.15120 0.77885 0.24238 0.55838
1403638542.5778295994 1.38826 0.67030 0.43315 -0.14757 0.76671 0.26093 0.56771
1403638542.6778295040 1.42348 0.73543 0.43820 -0.14841 0.76320 0.27038 0.56779
1403638542.7778294086 1.45157 0.80467 0.44997 -0.15762 0.76725 0.26943 0.56026
1403638542.8778295517 1.47429 0.87793 0.46909 -0.16444 0.77261 0.26637 0.55234
1403638542.9778294563 1.49297 0.95302 0.49543 -0.16852 0.77724 0.26320 0.54609
1403638543.0778295994 1.50883 1.02815 0.52375 -0.17115 0.78087 0.26005 0.54159
1403638543.1778295040 1.52399 1.10426 0.54658 -0.17120 0.78216 0.25750 0.54093
1403638543.2778294086 1.53913 1.18050 0.56540 -0.17124 0.78258 0.25501 0.54150
1403638543.3778295517 1.55470 1.25871 0.57650 -0.17052 0.78378 0.25397 0.54047
1403638543.4778294563 1.57096 1.33866 0.58442 -0.17265 0.78280 0.25831 0.53916
1403638543.5778295994 1.58418 1.41762 0.59200 -0.17777 0.77982 0.26933 0.53642
1403638543.6778295040 1.59861 1.50049 0.59535 -0.18462 0.77418 0.28686 0.53317
1403638543.7778294086 1.61058 1.58364 0.60068 -0.19483 0.76615 0.30807 0.52929
1403638543.8778295517 1.62159 1.66504 0.61294 -0.20661 0.75607 0.33056 0.52574
1403638543.9778294563 1.63406 1.75082 0.63188 -0.22070 0.74760 0.34886 0.52028
1403638544.0778295994 1.64636 1.83617 0.65436 -0.23563 0.74364 0.36015 0.51164
1403638544.1778295040 1.66033 1.92242 0.67622 -0.24603 0.74058 0.36667 0.50652
1403638544.2778294086 1.67600 2.01164 0.69206 -0.25277 0.73807 0.37002 0.50442
1403638544.3778295517 1.69179 2.09982 0.70167 -0.25432 0.73745 0.37259 0.50265
1403638544.4778294563 1.70944 2.19038 0.70911 -0.25342 0.73804 0.37367 0.50145
1403638544.5778295994 1.72843 2.28277 0.71502 -0.25526 0.73540 0.37280 0.50503
1403638544.6778295040 1.74777 2.37820 0.72901 -0.26022 0.72894 0.37206 0.51234
1403638544.7778294086 1.76614 2.46855 0.74446 -0.26154 0.72811 0.37304 0.51214
1403638544.8778295517 1.78359 2.56049 0.76039 -0.25957 0.73137 0.37530 0.50682
1403638544.9778294563 1.80161 2.64960 0.76922 -0.25978 0.73220 0.37601 0.50499
1403638545.0778295994 1.81981 2.73868 0.77270 -0.26132 0.73097 0.37595 0.50602
1403638545.1778295040 1.83540 2.82698 0.77237 -0.26113 0.73056 0.37705 0.50590
1403638545.2778294086 1.85367 2.91512 0.76392 -0.26048 0.72994 0.37871 0.50588
1403638545.3778295517 1.87275 3.00379 0.75176 -0.26226 0.72730 0.37782 0.50942
1403638545.4778294563 1.88743 3.08757 0.73803 -0.26448 0.72717 0.37878 0.50773
1403638545.5778295994 1.90403 3.17570 0.72488 -0.26867 0.72496 0.38541 0.50370
1403638545.6778295040 1.91832 3.26019 0.72078 -0.27756 0.71937 0.39692 0.49792
1403638545.7778294086 1.93214 3.34112 0.72316 -0.28659 0.71155 0.41351 0.49048
1403638545.8778295517 1.94650 3.42467 0.73201 -0.29765 0.70088 0.43305 0.48233
1403638545.9778294563 1.96193 3.50963 0.74750 -0.30756 0.68840 0.45504 0.47376
1403638546.0778295994 1.97879 3.59830 0.76570 -0.31403 0.67646 0.47397 0.46812
1403638546.1778295040 1.99663 3.68927 0.77837 -0.32165 0.66783 0.48623 0.46274
1403638546.2778294086 2.01323 3.78205 0.78416 -0.32664 0.66313 0.49382 0.45795
1403638546.3778295517 2.02890 3.87545 0.78473 -0.33295 0.66159 0.49602 0.45321
1403638546.4778294563 2.04358 3.96929 0.77953 -0.33570 0.66125 0.49730 0.45028
1403638546.5778295994 2.05767 4.06474 0.77429 -0.33674 0.65922 0.50051 0.44891
1403638546.6778295040 2.07040 4.16091 0.77462 -0.34034 0.65440 0.50638 0.44666
1403638546.7778294086 2.08228 4.26017 0.78508 -0.34285 0.64985 0.51208 0.44490
1403638546.8778295517 2.09270 4.36125 0.80406 -0.34361 0.64618 0.51703 0.44392
1403638546.9778294563 2.10222 4.46537 0.82092 -0.34238 0.64289 0.52147 0.44446
1403638547.0778295994 2.11137 4.57130 0.83183 -0.34038 0.64041 0.52478 0.44567
1403638547.1778295040 2.11567 4.67854 0.83378 -0.33750 0.63834 0.52805 0.44696
1403638547.2778294086 2.11737 4.78549 0.83442 -0.33560 0.63694 0.52957 0.44860
1403638547.3778295517 2.11088 4.89009 0.82761 -0.33887 0.63832 0.52735 0.44679
1403638547.4778294563 2.10446 4.99911 0.82159 -0.34351 0.64144 0.52363 0.44313
1403638547.5778295994 2.09593 5.10874 0.81046 -0.34661 0.64487 0.52023 0.43974
1403638547.6778295040 2.08177 5.21195 0.79117 -0.34741 0.64598 0.51867 0.43931
1403638547.7778294086 2.07026 5.32424 0.77129 -0.34531 0.64537 0.51922 0.44120
1403638547.8778295517 2.05332 5.42860 0.74485 -0.34194 0.64244 0.52135 0.44558
1403638547.9778294563 2.03750 5.54472 0.72217 -0.34208 0.64233 0.52169 0.44524
1403638548.0778295994 2.01707 5.66040 0.70480 -0.34484 0.64190 0.52395 0.44106
1403638548.1778295040 1.99852 5.78806 0.69903 -0.34920 0.63817 0.52938 0.43653
1403638548.2778294086 1.97651 5.91562 0.70017 -0.35581 0.63181 0.53785 0.43003
1403638548.3778295517 1.95298 6.04415 0.71040 -0.36350 0.62241 0.54927 0.42281
1403638548.4778294563 1.92873 6.17364 0.72784 -0.37166 0.61284 0.55989 0.41571
1403638548.5778295994 1.90502 6.29658 0.74494 -0.37826 0.60490 0.56781 0.41062
1403638548.6778295040 1.88223 6.42029 0.75787 -0.38317 0.59939 0.57327 0.40653
1403638548.7778294086 1.85994 6.54490 0.76811 -0.38597 0.59551 0.57729 0.40390
1403638548.8778295517 1.83657 6.67288 0.78337 -0.38728 0.59338 0.57997 0.40193
1403638548.9778294563 1.81254 6.80110 0.80584 -0.38868 0.59233 0.58093 0.40073
1403638549.0778295994 1.78699 6.93109 0.83154 -0.38918 0.59207 0.58137 0.40001
1403638549.1778295040 1.76210 7.05871 0.86451 -0.39036 0.59202 0.58042 0.40030
1403638549.2778294086 1.73626 7.18925 0.90199 -0.39105 0.59290 0.57945 0.39972
1403638549.3778295517 1.71097 7.32173 0.94472 -0.39327 0.59443 0.57708 0.39870
1403638549.4778294563 1.68549 7.45506 0.98350 -0.39508 0.59588 0.57496 0.39781
1403638549.5778295994 1.66099 7.59029 1.01801 -0.39641 0.59599 0.57322 0.39884
1403638549.6778295040 1.63750 7.72738 1.04648 -0.39770 0.59550 0.57170 0.40047
1403638549.7778294086 1.61634 7.86105 1.07613 -0.39609 0.59572 0.57222 0.40100
1403638549.8778295517 1.59531 7.99780 1.11092 -0.39508 0.59724 0.57238 0.39950
1403638549.9778294563 1.57421 8.13644 1.15533 -0.39473 0.59815 0.57241 0.39843
1403638550.0778295994 1.55474 8.27747 1.20662 -0.39503 0.59848 0.57217 0.39799
1403638550.1778295040 1.53711 8.42064 1.26613 -0.39581 0.59898 0.57203 0.39666
1403638550.2778294086 1.52126 8.56793 1.33202 -0.39527 0.59856 0.57289 0.39660
1403638550.3778295517 1.50617 8.71637 1.40092 -0.39532 0.59762 0.57325 0.39744
1403638550.4778294563 1.49348 8.86584 1.46325 -0.39799 0.59820 0.57172 0.39610
1403638550.5778295994 1.48303 9.01713 1.51626 -0.40189 0.59890 0.56932 0.39457
1403638550.6778295040 1.47619 9.16491 1.56322 -0.40682 0.59731 0.56590 0.39682
1403638550.7778294086 1.47345 9.30686 1.60528 -0.40985 0.59656 0.56369 0.39798
1403638550.8778295517 1.47487 9.44942 1.64451 -0.41576 0.59282 0.55942 0.40341
1403638550.9778294563 1.47831 9.58724 1.67910 -0.42141 0.58867 0.55494 0.40979
1403638551.0778295994 1.48304 9.72021 1.71107 -0.42504 0.58622 0.55203 0.41346
1403638551.1778295040 1.49090 9.84509 1.74335 -0.42939 0.58669 0.54922 0.41203
1403638551.2778294086 1.50349 9.96509 1.78078 -0.43000 0.58847 0.54809 0.41036
1403638551.3778295517 1.52286 10.07540 1.82402 -0.42528 0.59616 0.54507 0.40821
1403638551.4778294563 1.54747 10.18366 1.86151 -0.41778 0.60876 0.53575 0.40969
1403638551.5778295994 1.58041 10.28442 1.89513 -0.41158 0.62385 0.51945 0.41423
1403638551.6778295040 1.61876 10.38974 1.92386 -0.40465 0.64088 0.50096 0.41781
1403638551.7778294086 1.66677 10.49160 1.94802 -0.39537 0.65506 0.48246 0.42640
1403638551.8778295517 1.72329 10.58764 1.96786 -0.38518 0.66567 0.46688 0.43652
1403638551.9778294563 1.78746 10.67581 1.99068 -0.37321 0.66907 0.45920 0.44965
1403638552.0778295994 1.85698 10.75390 2.02055 -0.36363 0.67061 0.45418 0.46020
1403638552.1778295040 1.92956 10.82279 2.05494 -0.35775 0.67549 0.45108 0.46071
1403638552.2778294086 2.00510 10.88373 2.09422 -0.35362 0.67945 0.45009 0.45905
1403638552.3778295517 2.08350 10.93866 2.13248 -0.35564 0.68047 0.44723 0.45877
1403638552.4778294563 2.16678 10.99088 2.16527 -0.36287 0.67681 0.44174 0.46381
1403638552.5778295994 2.25308 11.03127 2.19365 -0.36842 0.67307 0.43833 0.46809
1403638552.6778295040 2.34215 11.06258 2.21533 -0.36906 0.67074 0.43959 0.46975
1403638552.7778294086 2.43447 11.08430 2.23037 -0.36849 0.67006 0.44187 0.46902
1403638552.8778295517 2.53080 11.10358 2.24026 -0.36636 0.66869 0.44583 0.46891
1403638552.9778294563 2.62799 11.10862 2.24607 -0.36205 0.66631 0.45190 0.46982
1403638553.0778295994 2.72854 11.11569 2.24650 -0.35837 0.66407 0.45732 0.47057
1403638553.1778295040 2.82553 11.11018 2.24461 -0.36381 0.66017 0.45602 0.47315
1403638553.2778294086 2.92662 11.10574 2.24374 -0.37105 0.65445 0.45281 0.47853
1403638553.3778295517 3.02410 11.08599 2.24748 -0.37266 0.64921 0.45368 0.48355
1403638553.4778294563 3.12076 11.05714 2.25661 -0.36912 0.64374 0.45728 0.49014
1403638553.5778295994 3.21654 11.01918 2.27240 -0.36604 0.63945 0.46033 0.49520
1403638553.6778295040 3.31020 10.96926 2.29206 -0.36383 0.63849 0.46271 0.49584
1403638553.7778294086 3.39953 10.90817 2.32011 -0.36198 0.63898 0.46463 0.49477
1403638553.8778295517 3.48042 10.83673 2.35285 -0.35974 0.64079 0.46613 0.49265
1403638553.9778294563 3.56468 10.76399 2.39022 -0.35904 0.64385 0.46659 0.48871
1403638554.0778295994 3.63583 10.67745 2.41795 -0.35751 0.64714 0.46748 0.48462
1403638554.1778295040 3.71786 10.59770 2.44765 -0.35271 0.65004 0.47124 0.48060
1403638554.2778294086 3.78714 10.50468 2.46351 -0.34482 0.65589 0.47706 0.47257
1403638554.3778295517 3.86255 10.42026 2.48218 -0.33896 0.65914 0.48166 0.46759
1403638554.4778294563 3.93212 10.33509 2.49680 -0.33630 0.66057 0.48386 0.46521
1403638554.5778295994 3.99711 10.25037 2.50686 -0.33740 0.66147 0.48354 0.46347
1403638554.6778295040 4.05898 10.16208 2.51424 -0.34332 0.66369 0.47973 0.45990
1403638554.7778294086 4.12090 10.07908 2.53062 -0.34821 0.66438 0.47648 0.45860
1403638554.8778295517 4.18346 9.99331 2.54908 -0.35129 0.66452 0.47451 0.45810
1403638554.9778294563 4.24784 9.90821 2.56883 -0.35384 0.66521 0.47132 0.45842
1403638555.0778295994 4.31448 9.82911 2.58500 -0.35017 0.66846 0.46703 0.46089
1403638555.1778295040 4.38103 9.74103 2.59132 -0.34351 0.67453 0.46036 0.46376
1403638555.2778294086 4.45148 9.66163 2.59815 -0.33735 0.68080 0.45234 0.46701
1403638555.3778295517 4.52375 9.57745 2.59936 -0.33025 0.68403 0.44764 0.47187
1403638555.4778294563 4.59620 9.49089 2.59610 -0.32445 0.68614 0.44456 0.47572
1403638555.5778295994 4.66888 9.40349 2.59113 -0.32211 0.68748 0.44188 0.47787
1403638555.6778295040 4.74131 9.31527 2.59160 -0.32150 0.68921 0.44020 0.47734
1403638555.7778294086 4.81237 9.22527 2.60099 -0.32055 0.69040 0.44034 0.47613
1403638555.8778295517 4.88214 9.13495 2.61776 -0.31987 0.69042 0.44133 0.47565
1403638555.9778294563 4.95300 9.04873 2.64082 -0.31858 0.68915 0.44298 0.47682
1403638556.0778295994 5.02468 8.96426 2.66742 -0.31705 0.68926 0.44433 0.47641
1403638556.1778295040 5.09571 8.88502 2.69001 -0.31610 0.69365 0.44484 0.47015
1403638556.2778294086 5.16846 8.80626 2.70615 -0.31463 0.69693 0.44589 0.46528
1403638556.3778295517 5.24117 8.73649 2.71849 -0.31335 0.69912 0.44662 0.46214
1403638556.4778294563 5.31800 8.66345 2.72857 -0.31097 0.70219 0.44792 0.45780
1403638556.5778295994 5.39424 8.60592 2.73949 -0.31043 0.70523 0.44749 0.45391
1403638556.6778295040 5.47363 8.55301 2.75148 -0.31787 0.70780 0.44135 0.45076
1403638556.7778294086 5.55854 8.49535 2.77149 -0.32444 0.70463 0.43660 0.45564
1403638556.8778295517 5.64506 8.44799 2.79841 -0.33018 0.70320 0.43227 0.45786
1403638556.9778294563 5.73674 8.40234 2.82862 -0.33359 0.70180 0.42964 0.46001
1403638557.0778295994 5.83507 8.35610 2.85250 -0.33223 0.70037 0.43106 0.46183
1403638557.1778295040 5.93870 8.30899 2.86911 -0.33071 0.69880 0.43266 0.46381
1403638557.2778294086 6.04463 8.26122 2.87943 -0.32969 0.69774 0.43376 0.46510
1403638557.3778295517 6.15513 8.21292 2.88520 -0.32727 0.69653 0.43593 0.46659
1403638557.4778294563 6.26732 8.16565 2.89323 -0.32183 0.69354 0.44040 0.47062
1403638557.5778295994 6.37952 8.11841 2.90714 -0.31737 0.69115 0.44360 0.47414
1403638557.6778295040 6.49124 8.07249 2.92567 -0.31486 0.68998 0.44555 0.47568
1403638557.7778294086 6.60171 8.02712 2.94720 -0.31486 0.68967 0.44524 0.47643
1403638557.8778295517 6.71169 7.98096 2.96349 -0.31199 0.68962 0.44667 0.47705
1403638557.9778294563 6.81905 7.93581 2.97415 -0.30920 0.69086 0.44828 0.47555
1403638558.0778295994 6.92529 7.89205 2.97906 -0.30818 0.69461 0.44902 0.47002
1403638558.1778295040 7.03277 7.85023 2.98127 -0.30527 0.70039 0.45054 0.46181
1403638558.2778294086 7.14196 7.81323 2.98900 -0.30174 0.70450 0.45225 0.45618
1403638558.3778295517 7.25118 7.78458 3.00679 -0.29698 0.70584 0.45499 0.45450
1403638558.4778294563 7.36030 7.76241 3.03232 -0.29060 0.70951 0.45862 0.44923
1403638558.5778295994 7.47085 7.74987 3.06517 -0.29181 0.71208 0.45729 0.44572
1403638558.6778295040 7.58478 7.74742 3.10399 -0.30008 0.71283 0.45077 0.44568
1403638558.7778294086 7.70041 7.75266 3.14245 -0.30787 0.71253 0.44464 0.44701
1403638558.8778295517 7.82065 7.76231 3.17287 -0.31048 0.71129 0.44245 0.44934
1403638558.9778294563 7.94420 7.77634 3.19609 -0.31232 0.70654 0.44121 0.45673
1403638559.0778295994 8.07061 7.79314 3.21130 -0.31299 0.70210 0.44104 0.46323
1403638559.1778295040 8.19720 7.81314 3.21945 -0.31331 0.69871 0.44144 0.46773
1403638559.2778294086 8.32348 7.83467 3.22107 -0.31127 0.69589 0.44379 0.47106
1403638559.3778295517 8.44985 7.85663 3.21651 -0.30767 0.69360 0.44706 0.47370
1403638559.4778294563 8.57166 7.87978 3.20761 -0.30557 0.69130 0.44924 0.47636
1403638559.5778295994 8.69123 7.90409 3.19397 -0.30452 0.68914 0.45077 0.47871
1403638559.6778295040 8.80738 7.93079 3.17728 -0.30514 0.68811 0.45094 0.47964
1403638559.7778294086 8.91903 7.95841 3.16364 -0.30548 0.68726 0.45162 0.47999
1403638559.8778295517 9.02784 7.98936 3.15572 -0.30679 0.68805 0.45086 0.47874
1403638559.9778294563 9.13465 8.02122 3.14847 -0.30563 0.69159 0.44492 0.47993
1403638560.0778295994 9.24195 8.05443 3.13615 -0.30021 0.69946 0.43206 0.48369
1403638560.1778295040 9.34747 8.08689 3.11659 -0.29041 0.70914 0.41398 0.49132
1403638560.2778294086 9.45224 8.12014 3.09170 -0.27803 0.71989 0.39278 0.50018
1403638560.3778295517 9.55605 8.15251 3.06476 -0.26675 0.72763 0.36852 0.51340
1403638560.4778294563 9.65597 8.18273 3.03430 -0.25399 0.73558 0.34337 0.52584
1403638560.5778295994 9.75156 8.20849 2.99924 -0.24264 0.74471 0.31648 0.53514
1403638560.6778295040 9.84355 8.23006 2.96029 -0.23292 0.75511 0.28846 0.54069
1403638560.7778294086 9.93167 8.24480 2.92482 -0.22568 0.76380 0.26284 0.54461
1403638560.8778295517 10.01715 8.25146 2.89738 -0.21490 0.77017 0.23997 0.55052
1403638560.9778294563 10.10246 8.25138 2.87779 -0.20260 0.77437 0.21902 0.55797
1403638561.0778295994 10.18583 8.24347 2.86638 -0.19033 0.77684 0.19912 0.56626
1403638561.1778295040 10.26440 8.22666 2.86149 -0.17940 0.77814 0.18144 0.57394
1403638561.2778294086 10.33790 8.20247 2.86355 -0.17253 0.77834 0.16806 0.57981
1403638561.3778295517 10.40463 8.17053 2.86816 -0.16352 0.78290 0.16328 0.57764
1403638561.4778294563 10.46646 8.13201 2.86904 -0.15003 0.78872 0.16688 0.57233
1403638561.5778295994 10.52648 8.09022 2.86430 -0.14048 0.79215 0.17164 0.56860
1403638561.6778295040 10.58379 8.04736 2.85493 -0.13675 0.79378 0.17454 0.56634
1403638561.7778294086 10.63749 8.00342 2.84019 -0.13591 0.79393 0.17687 0.56562
1403638561.8778295517 10.68839 7.95772 2.81836 -0.13344 0.79328 0.17755 0.56690
1403638561.9778294563 10.73878 7.91070 2.79356 -0.12836 0.79422 0.17324 0.56808
1403638562.0778295994 10.78509 7.86291 2.76984 -0.12104 0.79596 0.16456 0.56984
1403638562.1778295040 10.82653 7.81333 2.75402 -0.11350 0.79776 0.15489 0.57157
1403638562.2778294086 10.86606 7.76593 2.74280 -0.10708 0.79877 0.14671 0.57357
1403638562.3778295517 10.90238 7.71802 2.73812 -0.10114 0.79963 0.13487 0.57634
1403638562.4778294563 10.93496 7.66870 2.73758 -0.09330 0.80192 0.11892 0.57800
1403638562.5778295994 10.96551 7.61955 2.74424 -0.08377 0.80418 0.09890 0.58008
1403638562.6778295040 10.99318 7.56949 2.75547 -0.07508 0.80693 0.07479 0.58106
1403638562.7778294086 11.01880 7.51739 2.76795 -0.06629 0.80845 0.04861 0.58279
1403638562.8778295517 11.04045 7.46164 2.77626 -0.05285 0.80958 0.02406 0.58413
1403638562.9778294563 11.05800 7.40271 2.77838 -0.03840 0.81025 0.00147 0.58483
1403638563.0778295994 11.07132 7.34101 2.77527 -0.02944 0.81005 -0.02254 0.58518
1403638563.1778295040 11.07775 7.27531 2.76817 -0.01757 0.80982 -0.04218 0.58489
1403638563.2778294086 11.08024 7.20508 2.75715 -0.00613 0.80667 -0.05585 0.58832
1403638563.3778295517 11.07609 7.13120 2.74154 0.00045 0.79889 -0.06541 0.59791
1403638563.4778294563 11.06502 7.05378 2.72018 0.00174 0.79281 -0.07228 0.60516
1403638563.5778295994 11.04753 6.97087 2.69844 0.00727 0.79341 -0.07191 0.60438
1403638563.6778295040 11.02332 6.88344 2.68265 0.00737 0.79695 -0.07196 0.59969
1403638563.7778294086 10.99351 6.79044 2.67377 0.00428 0.79925 -0.07226 0.59663
1403638563.8778295517 10.95849 6.69365 2.67324 0.00112 0.79892 -0.07132 0.59719
1403638563.9778294563 10.91908 6.59064 2.67895 -0.00246 0.79793 -0.06960 0.59872
1403638564.0778295994 10.87133 6.48412 2.68219 -0.00692 0.79864 -0.06734 0.59799
1403638564.1778295040 10.81804 6.37190 2.68028 -0.00867 0.79864 -0.06264 0.59848
1403638564.2778294086 10.76262 6.25149 2.67628 -0.00795 0.79713 -0.05705 0.60106
1403638564.3778295517 10.69784 6.13045 2.67773 -0.00805 0.79580 -0.05194 0.60328
1403638564.4778294563 10.62960 6.00346 2.68626 -0.00742 0.79461 -0.04760 0.60520
1403638564.5778295994 10.54943 5.87632 2.69882 -0.01014 0.79642 -0.04711 0.60282
1403638564.6778295040 10.46554 5.74653 2.71117 -0.01522 0.79818 -0.05002 0.60015
1403638564.7778294086 10.37132 5.61267 2.71622 -0.01892 0.79877 -0.05309 0.59898
1403638564.8778295517 10.27707 5.47321 2.71574 -0.02106 0.79832 -0.05561 0.59929
1403638564.9778294563 10.17493 5.32422 2.69410 -0.02291 0.79780 -0.05726 0.59975
1403638565.0778295994 10.07009 5.17087 2.65971 -0.02411 0.79821 -0.05804 0.59909
1403638565.1778295040 9.96135 5.01193 2.61000 -0.02456 0.79899 -0.05830 0.59801
1403638565.2778294086 9.84880 4.84694 2.55402 -0.02291 0.79998 -0.05753 0.59683
1403638565.3778295517 9.73304 4.67743 2.49517 -0.02013 0.80101 -0.05629 0.59565
1403638565.4778294563 9.61412 4.50333 2.43584 -0.01713 0.80035 -0.05535 0.59673
1403638565.5778295994 9.49310 4.32591 2.38288 -0.01048 0.79823 -0.05308 0.59992
1403638565.6778295040 9.36766 4.14675 2.33870 0.00135 0.79795 -0.04709 0.60088
1403638565.7778294086 9.23980 3.96808 2.30030 0.01042 0.80064 -0.04273 0.59752
1403638565.8778295517 9.10467 3.79111 2.26960 0.01767 0.80280 -0.03945 0.59468
1403638565.9778294563 8.96555 3.61726 2.24247 0.02015 0.80459 -0.04003 0.59214
1403638566.0778295994 8.82499 3.44793 2.20946 0.02172 0.80559 -0.04044 0.59070
1403638566.1778295040 8.68329 3.28190 2.16750 0.01968 0.80575 -0.04187 0.59045
1403638566.2778294086 8.53993 3.11892 2.11690 0.02028 0.80535 -0.04104 0.59103
1403638566.3778295517 8.39740 2.95883 2.05782 0.02050 0.80634 -0.03997 0.58974
1403638566.4778294563 8.25580 2.80203 1.99274 0.01712 0.80658 -0.04066 0.58948
1403638566.5778295994 8.11555 2.64942 1.92162 0.01638 0.80973 -0.03888 0.58528
1403638566.6778295040 7.97592 2.50118 1.84317 0.01557 0.81901 -0.03707 0.57237
1403638566.7778294086 7.84147 2.35692 1.75972 0.01480 0.83066 -0.03528 0.55546
1403638566.8778295517 7.71494 2.21577 1.67349 0.01314 0.83867 -0.03405 0.54342
1403638566.9778294563 7.59671 2.07690 1.58524 0.01310 0.84258 -0.03116 0.53751
1403638567.0778295994 7.48662 1.94203 1.49904 0.01286 0.83448 -0.02964 0.55009
1403638567.1778295040 7.38388 1.80921 1.41014 0.01483 0.82214 -0.02747 0.56843
1403638567.2778294086 7.28219 1.67740 1.31629 0.01786 0.81346 -0.02559 0.58078
1403638567.3778295517 7.17965 1.54972 1.21749 0.02071 0.81152 -0.02492 0.58343
1403638567.4778294563 7.07494 1.42536 1.12263 0.02257 0.81228 -0.02576 0.58227
1403638567.5778295994 6.97024 1.30556 1.03469 0.02390 0.81577 -0.02744 0.57723
1403638567.6778295040 6.86355 1.18584 0.95632 0.02718 0.81901 -0.02788 0.57246
1403638567.7778294086 6.75942 1.07113 0.88723 0.02917 0.82225 -0.02837 0.56767
1403638567.8778295517 6.65948 0.96091 0.82695 0.02836 0.82562 -0.03058 0.56268
1403638567.9778294563 6.56805 0.85666 0.77374 0.02832 0.82654 -0.03156 0.56127
1403638568.0778295994 6.48219 0.75716 0.72908 0.03135 0.82637 -0.02976 0.56147
1403638568.1778295040 6.40100 0.66314 0.69404 0.03340 0.82564 -0.02847 0.56249
1403638568.2778294086 6.32314 0.57433 0.66596 0.03440 0.82549 -0.02874 0.56263
1403638568.3778295517 6.24961 0.48986 0.63818 0.03446 0.82596 -0.02908 0.56192
1403638568.4778294563 6.18001 0.41160 0.60296 0.03499 0.82679 -0.02904 0.56067
1403638568.5778295994 6.11417 0.33603 0.56727 0.03587 0.82815 -0.02840 0.55863
1403638568.6778295040 6.05311 0.26642 0.52626 0.03722 0.82992 -0.02705 0.55598
1403638568.7778294086 5.99675 0.20252 0.49127 0.03686 0.83122 -0.02712 0.55406
1403638568.8778295517 5.94516 0.14621 0.46550 0.03492 0.83056 -0.02879 0.55508
1403638568.9778294563 5.89968 0.09287 0.44370 0.03685 0.83001 -0.02711 0.55587
1403638569.0778295994 5.85654 0.04429 0.43366 0.03837 0.82976 -0.02611 0.55619
1403638569.1778295040 5.81841 -0.00058 0.42617 0.03897 0.83054 -0.02608 0.55499
1403638569.2778294086 5.78014 -0.04021 0.42206 0.04105 0.83172 -0.02508 0.55310
1403638569.3778295517 5.75096 -0.07462 0.41040 0.04191 0.83163 -0.02484 0.55320
1403638569.4778294563 5.72340 -0.10658 0.39510 0.04240 0.83017 -0.02440 0.55536
1403638569.5778295994 5.70528 -0.12959 0.37616 0.04310 0.82889 -0.02406 0.55722
1403638569.6778295040 5.69151 -0.14700 0.36284 0.04220 0.82777 -0.02500 0.55893
1403638569.7778294086 5.68089 -0.15882 0.35591 0.04313 0.82694 -0.02438 0.56011
1403638569.8778295517 5.67239 -0.16688 0.35486 0.04411 0.82569 -0.02330 0.56191
1403638569.9778294563 5.66883 -0.16826 0.35817 0.04286 0.82419 -0.02414 0.56418
1403638570.0778295994 5.66878 -0.16366 0.35916 0.04053 0.82361 -0.02567 0.56512
1403638570.1778295040 5.67088 -0.15504 0.35428 0.03557 0.82378 -0.02848 0.56508
1403638570.2778294086 5.67439 -0.14389 0.34354 0.02798 0.82326 -0.03313 0.56601
1403638570.3778295517 5.67954 -0.13146 0.32834 0.02168 0.82298 -0.04048 0.56622
1403638570.4778294563 5.68511 -0.12061 0.30776 0.01745 0.82242 -0.05609 0.56584
1403638570.5778295994 5.68967 -0.11427 0.28052 0.01048 0.81967 -0.08313 0.56667
1403638570.6778295040 5.69307 -0.11499 0.24967 0.01140 0.81436 -0.11239 0.56926
1403638570.7778294086 5.69568 -0.12546 0.21584 0.01878 0.80314 -0.13999 0.57880
1403638570.8778295517 5.69315 -0.14643 0.17987 0.03150 0.79133 -0.16446 0.58802
1403638570.9778294563 5.68348 -0.17790 0.14045 0.04707 0.78302 -0.18582 0.59171
1403638571.0778295994 5.66560 -0.21943 0.09655 0.06401 0.78013 -0.20494 0.58763
1403638571.1778295040 5.63792 -0.26915 0.05471 0.08550 0.78261 -0.21735 0.57704
1403638571.2778294086 5.60354 -0.32671 0.02237 0.10561 0.78377 -0.22374 0.56964
1403638571.3778295517 5.56203 -0.38821 0.00042 0.11824 0.78302 -0.22910 0.56605
1403638571.4778294563 5.51536 -0.45304 -0.01191 0.12419 0.78012 -0.23381 0.56685
1403638571.5778295994 5.46363 -0.52086 -0.02059 0.13106 0.77765 -0.23796 0.56697
1403638571.6778295040 5.40817 -0.59132 -0.03331 0.13722 0.77724 -0.24728 0.56207
1403638571.7778294086 5.34964 -0.66516 -0.05128 0.14524 0.77655 -0.26062 0.55494
1403638571.8778295517 5.28914 -0.74234 -0.07353 0.15253 0.77340 -0.27824 0.54878
1403638571.9778294563 5.22575 -0.82370 -0.09241 0.16023 0.76718 -0.29810 0.54488
1403638572.0778295994 5.15949 -0.90841 -0.10342 0.16939 0.76008 -0.31719 0.54126
1403638572.1778295040 5.08900 -0.99679 -0.10544 0.18517 0.75310 -0.33225 0.53681
1403638572.2778294086 5.01528 -1.08745 -0.10272 0.19934 0.74862 -0.34876 0.52745
1403638572.3778295517 4.94074 -1.18140 -0.10209 0.21251 0.74357 -0.36702 0.51695
1403638572.4778294563 4.86607 -1.27868 -0.10433 0.22652 0.73943 -0.38005 0.50744
1403638572.5778295994 4.79290 -1.37952 -0.10777 0.23744 0.73551 -0.38864 0.50160
1403638572.6778295040 4.72154 -1.48374 -0.11010 0.24331 0.73365 -0.39400 0.49732
1403638572.7778294086 4.65292 -1.59250 -0.10433 0.25110 0.73501 -0.39376 0.49160
1403638572.8778295517 4.58821 -1.70450 -0.09059 0.25467 0.73742 -0.39304 0.48669
1403638572.9778294563 4.52720 -1.81968 -0.07199 0.25524 0.73955 -0.39201 0.48398
1403638573.0778295994 4.47056 -1.93798 -0.05769 0.25449 0.74162 -0.39076 0.48222
1403638573.1778295040 4.41802 -2.05925 -0.05005 0.25264 0.74323 -0.38950 0.48174
1403638573.2778294086 4.37086 -2.18256 -0.04372 0.25096 0.74465 -0.38749 0.48205
1403638573.3778295517 4.32597 -2.31040 -0.03714 0.25008 0.74544 -0.38652 0.48207
1403638573.4778294563 4.28990 -2.43956 -0.02605 0.25314 0.74555 -0.38665 0.48019
1403638573.5778295994 4.25719 -2.57357 -0.00804 0.25479 0.74546 -0.38688 0.47927
1403638573.6778295040 4.23060 -2.70778 0.01726 0.25765 0.74579 -0.38742 0.47678
1403638573.7778294086 4.20938 -2.84413 0.04711 0.26450 0.74215 -0.39080 0.47596
1403638573.8778295517 4.19415 -2.98292 0.07626 0.27804 0.73185 -0.39632 0.47960
1403638573.9778294563 4.18469 -3.12091 0.09999 0.28972 0.71637 -0.40978 0.48472
1403638574.0778295994 4.17822 -3.25547 0.11652 0.29543 0.69601 -0.43126 0.49225
1403638574.1778295040 4.17224 -3.38533 0.12700 0.30139 0.67372 -0.45521 0.49804
1403638574.2778294086 4.16446 -3.51015 0.13216 0.31081 0.65496 -0.47744 0.49646
1403638574.3778295517 4.14841 -3.63330 0.13366 0.32320 0.64158 -0.49727 0.48645
1403638574.4778294563 4.12495 -3.75454 0.13186 0.33663 0.62993 -0.51518 0.47376
1403638574.5778295994 4.09668 -3.87157 0.13369 0.34703 0.61924 -0.52923 0.46479
1403638574.6778295040 4.06437 -3.98714 0.14395 0.35887 0.61285 -0.53623 0.45616
1403638574.7778294086 4.03089 -4.10224 0.16039 0.36963 0.61269 -0.53870 0.44473
1403638574.8778295517 3.99783 -4.21541 0.18044 0.37097 0.61480 -0.54303 0.43534
1403638574.9778294563 3.96401 -4.32480 0.19562 0.36954 0.61722 -0.54622 0.42910
1403638575.0778295994 3.93010 -4.43209 0.20371 0.36195 0.61588 -0.55151 0.43072
1403638575.1778295040 3.89505 -4.53881 0.20582 0.35604 0.61326 -0.55475 0.43520
1403638575.2778294086 3.85769 -4.64843 0.20590 0.35257 0.61199 -0.55556 0.43876
1403638575.3778295517 3.81678 -4.75812 0.19982 0.34937 0.61540 -0.55550 0.43664
1403638575.4778294563 3.77358 -4.87074 0.19114 0.34752 0.62094 -0.55383 0.43236
1403638575.5778295994 3.72734 -4.98570 0.18119 0.34661 0.62601 -0.55124 0.42907
1403638575.6778295040 3.67944 -5.10676 0.17820 0.35008 0.63240 -0.54591 0.42367
1403638575.7778294086 3.63075 -5.23307 0.18364 0.35104 0.63901 -0.54282 0.41688
1403638575.8778295517 3.58490 -5.36116 0.19843 0.35092 0.64326 -0.54067 0.41321
1403638575.9778294563 3.54347 -5.49154 0.22414 0.35041 0.64363 -0.53987 0.41413
1403638576.0778295994 3.50520 -5.62649 0.25683 0.35106 0.64424 -0.53844 0.41447
1403638576.1778295040 3.46954 -5.76854 0.29451 0.35187 0.64267 -0.53798 0.41681
1403638576.2778294086 3.43745 -5.91429 0.32915 0.35592 0.64322 -0.53541 0.41585
1403638576.3778295517 3.40876 -6.06452 0.35734 0.36046 0.64478 -0.53242 0.41334
1403638576.4778294563 3.38549 -6.21726 0.37993 0.36429 0.64740 -0.52990 0.40911
1403638576.5778295994 3.36863 -6.37313 0.39725 0.36886 0.65148 -0.52699 0.40224
1403638576.6778295040 3.35921 -6.53185 0.41018 0.37201 0.65296 -0.52478 0.39982
1403638576.7778294086 3.35842 -6.69393 0.41885 0.37688 0.65060 -0.52111 0.40389
1403638576.8778295517 3.36463 -6.85672 0.42259 0.37953 0.64562 -0.51935 0.41159
1403638576.9778294563 3.37789 -7.01890 0.42158 0.37748 0.63926 -0.52115 0.42102
1403638577.0778295994 3.39675 -7.17797 0.41985 0.37315 0.63549 -0.52456 0.42632
1403638577.1778295040 3.41929 -7.33525 0.42568 0.37029 0.63270 -0.52669 0.43032
1403638577.2778294086 3.44470 -7.49074 0.43748 0.37063 0.63324 -0.52643 0.42954
1403638577.3778295517 3.47254 -7.64642 0.45812 0.37726 0.63747 -0.52148 0.42351
1403638577.4778294563 3.50452 -7.79956 0.48417 0.38161 0.63995 -0.51820 0.41989
1403638577.5778295994 3.54179 -7.95166 0.50653 0.37863 0.63996 -0.51996 0.42040
1403638577.6778295040 3.58389 -8.10028 0.52304 0.37526 0.63891 -0.52208 0.42238
1403638577.7778294086 3.62942 -8.24681 0.53168 0.37253 0.63844 -0.52360 0.42363
1403638577.8778295517 3.67935 -8.39326 0.53549 0.37219 0.63864 -0.52335 0.42393
1403638577.9778294563 3.73251 -8.53456 0.53572 0.37301 0.63916 -0.52195 0.42414
1403638578.0778295994 3.79058 -8.68035 0.54323 0.37191 0.63842 -0.52190 0.42629
1403638578.1778295040 3.85216 -8.81882 0.55617 0.36733 0.63540 -0.52435 0.43173
1403638578.2778294086 3.91512 -8.95903 0.57527 0.35885 0.63054 -0.52990 0.43915
1403638578.3778295517 3.97682 -9.09891 0.59434 0.35679 0.62818 -0.53154 0.44221
1403638578.4778294563 4.03629 -9.23702 0.60716 0.35697 0.62777 -0.53194 0.44217
1403638578.5778295994 4.09357 -9.37233 0.61536 0.35699 0.62720 -0.53263 0.44214
1403638578.6778295040 4.14952 -9.51073 0.61917 0.35944 0.62708 -0.53148 0.44172
1403638578.7778294086 4.20255 -9.64191 0.62050 0.36478 0.62962 -0.52806 0.43779
1403638578.8778295517 4.25768 -9.77695 0.61722 0.36989 0.63242 -0.52443 0.43381
1403638578.9778294563 4.31359 -9.90045 0.61385 0.37242 0.63375 -0.52234 0.43223
1403638579.0778295994 4.37289 -10.03270 0.61889 0.37285 0.63445 -0.52131 0.43208
1403638579.1778295040 4.43328 -10.15470 0.63167 0.37340 0.63452 -0.52041 0.43259
1403638579.2778294086 4.49842 -10.28173 0.65038 0.37118 0.63356 -0.52150 0.43458
1403638579.3778295517 4.56338 -10.39604 0.66944 0.36550 0.63036 -0.52519 0.43957
1403638579.4778294563 4.63026 -10.51937 0.68660 0.35973 0.62613 -0.52910 0.44565
1403638579.5778295994 4.69401 -10.62901 0.69599 0.35853 0.62361 -0.52639 0.45330
1403638579.6778295040 4.75683 -10.73992 0.70098 0.36068 0.62426 -0.51426 0.46449
1403638579.7778294086 4.81851 -10.84790 0.70061 0.35908 0.63482 -0.49530 0.47196
1403638579.8778295517 4.87944 -10.95091 0.69333 0.34841 0.65494 -0.47417 0.47417
1403638579.9778294563 4.94059 -11.04925 0.68098 0.33125 0.67511 -0.44921 0.48239
1403638580.0778295994 5.00151 -11.14102 0.66722 0.31678 0.68976 -0.41479 0.50182
1403638580.1778295040 5.06254 -11.22282 0.64993 0.29690 0.70413 -0.37800 0.52265
1403638580.2778294086 5.11965 -11.29199 0.62758 0.27053 0.72119 -0.34328 0.53746
1403638580.3778295517 5.17414 -11.35576 0.59926 0.24026 0.73746 -0.31710 0.54578
1403638580.4778294563 5.22232 -11.41446 0.56642 0.21412 0.74911 -0.30069 0.55007
1403638580.5778295994 5.26681 -11.47228 0.53239 0.19658 0.75645 -0.28740 0.55366
1403638580.6778295040 5.30784 -11.52828 0.49876 0.18122 0.76660 -0.27284 0.55230
1403638580.7778294086 5.34533 -11.58359 0.47200 0.17083 0.77678 -0.25789 0.54856
1403638580.8778295517 5.37950 -11.63840 0.45382 0.16603 0.78376 -0.24705 0.54509
1403638580.9778294563 5.41518 -11.69335 0.44714 0.16020 0.78525 -0.24361 0.54623
1403638581.0778295994 5.44920 -11.74461 0.44996 0.15909 0.78628 -0.24187 0.54585
1403638581.1778295040 5.47985 -11.79417 0.45995 0.16165 0.78622 -0.24032 0.54587
1403638581.2778294086 5.50835 -11.84080 0.47127 0.16572 0.78630 -0.24004 0.54465
1403638581.3778295517 5.53856 -11.87960 0.48966 0.16928 0.78504 -0.24134 0.54481
1403638581.4778294563 5.56503 -11.92087 0.50313 0.17199 0.78290 -0.24299 0.54629
1403638581.5778295994 5.58888 -11.94243 0.53670 0.17537 0.78227 -0.24520 0.54514
1403638581.6778295040 5.61532 -11.97494 0.55796 0.18050 0.77816 -0.24514 0.54936
1403638581.7778294086 5.63650 -11.98557 0.58501 0.18294 0.77449 -0.24690 0.55294
1403638581.8778295517 5.66163 -12.00366 0.59981 0.18610 0.77139 -0.24700 0.55617
1403638581.9778294563 5.68920 -12.03014 0.60447 0.18998 0.76386 -0.24532 0.56590
1403638582.0778295994 5.71579 -12.05014 0.61187 0.18881 0.76564 -0.24720 0.56307
1403638582.1778295040 5.74233 -12.07002 0.62561 0.18476 0.77301 -0.25055 0.55276
1403638582.2778294086 5.76539 -12.08528 0.64874 0.18515 0.77602 -0.25057 0.54838
1403638582.3778295517 5.79467 -12.10348 0.68373 0.18768 0.77280 -0.24837 0.55305
1403638582.4778294563 5.81777 -12.11233 0.72542 0.18978 0.77163 -0.24677 0.55468
1403638582.5778295994 5.84000 -12.11646 0.77942 0.19083 0.77103 -0.24570 0.55562
1403638582.6778295040 5.86744 -12.12640 0.83804 0.19056 0.77212 -0.24595 0.55410
1403638582.7778294086 5.88845 -12.12150 0.91008 0.18883 0.77366 -0.24777 0.55172
1403638582.8778295517 5.90864 -12.11356 0.98267 0.18928 0.77497 -0.24834 0.54947
1403638582.9778294563 5.92807 -12.10144 1.04867 0.18812 0.77716 -0.24996 0.54604
1403638583.0778295994 5.94675 -12.08605 1.10688 0.18718 0.77964 -0.25168 0.54202
1403638583.1778295040 5.96599 -12.06873 1.15718 0.18715 0.78121 -0.25243 0.53940
1403638583.2778294086 5.98768 -12.05081 1.20132 0.18590 0.78179 -0.25373 0.53839
1403638583.3778295517 6.01602 -12.03606 1.23044 0.18634 0.78147 -0.25326 0.53893
1403638583.4778294563 6.04387 -12.01462 1.26849 0.18656 0.78216 -0.25339 0.53779
1403638583.5778295994 6.07248 -11.99319 1.31172 0.18670 0.78213 -0.25331 0.53782
1403638583.6778295040 6.10193 -11.96970 1.36242 0.18839 0.78243 -0.25210 0.53736
1403638583.7778294086 6.13297 -11.94420 1.41378 0.18814 0.78212 -0.25212 0.53789
1403638583.8778295517 6.16969 -11.90800 1.43111 0.18901 0.78125 -0.25167 0.53906
1403638583.9778294563 6.20739 -11.87772 1.46876 0.18946 0.78127 -0.25139 0.53900
1403638584.0778295994 6.24201 -11.84495 1.49928 0.19240 0.77785 -0.24917 0.54392
1403638584.1778295040 6.28209 -11.81638 1.50372 0.19654 0.76893 -0.24568 0.55656
1403638584.2778294086 6.31643 -11.77540 1.52790 0.19882 0.75994 -0.24336 0.56898
1403638584.3778295517 6.34504 -11.73340 1.51654 0.20039 0.75718 -0.24205 0.57265
1403638584.4778294563 6.36130 -11.67772 1.50118 0.20110 0.75709 -0.24135 0.57282
1403638584.5778295994 6.37708 -11.61714 1.50426 0.20074 0.75728 -0.24144 0.57266
1403638584.6778295040 6.38949 -11.55075 1.51422 0.19843 0.75908 -0.24277 0.57051
1403638584.7778294086 6.38755 -11.47687 1.50472 0.19462 0.76588 -0.24502 0.56171
1403638584.8778295517 6.39527 -11.39933 1.53009 0.18825 0.77350 -0.24966 0.55129
1403638584.9778294563 6.38501 -11.31962 1.52099 0.18617 0.77705 -0.25156 0.54613
1403638585.0778295994 6.38044 -11.23709 1.51319 0.18574 0.77826 -0.25218 0.54426
1403638585.1778295040 6.38433 -11.15715 1.51950 0.18332 0.77808 -0.25379 0.54459
1403638585.2778294086 6.37615 -11.07977 1.49715 0.18430 0.77620 -0.25294 0.54733
1403638585.3778295517 6.37994 -10.99958 1.49087 0.18488 0.77413 -0.25223 0.55038
1403638585.4778294563 6.37298 -10.92409 1.47561 0.18462 0.77438 -0.25233 0.55008
1403638585.5778295994 6.37635 -10.84374 1.47402 0.18371 0.77621 -0.25247 0.54773
1403638585.6778295040 6.37476 -10.76625 1.47536 0.18353 0.77877 -0.25235 0.54420
1403638585.7778294086 6.38021 -10.68380 1.49017 0.18032 0.78378 -0.25452 0.53703
1403638585.8778295517 6.38164 -10.60446 1.51248 0.17770 0.78758 -0.25635 0.53144
1403638585.9778294563 6.38855 -10.52595 1.54456 0.17587 0.78743 -0.25836 0.53129
1403638586.0778295994 6.39681 -10.45090 1.57897 0.17778 0.78327 -0.25762 0.53713
1403638586.1778295040 6.41423 -10.37543 1.60523 0.17968 0.78046 -0.25715 0.54080
1403638586.2778294086 6.42265 -10.29797 1.62742 0.18194 0.77782 -0.25596 0.54440
1403638586.3778295517 6.43935 -10.22343 1.64359 0.18782 0.77476 -0.25237 0.54842
1403638586.4778294563 6.44448 -10.14004 1.65493 0.19589 0.77302 -0.24738 0.55033
1403638586.5778295994 6.45844 -10.06090 1.65962 0.19812 0.77231 -0.24622 0.55106
1403638586.6778295040 6.46290 -9.97173 1.65728 0.19527 0.77308 -0.24836 0.55004
1403638586.7778294086 6.47672 -9.88923 1.64923 0.19119 0.77272 -0.25109 0.55073
1403638586.8778295517 6.48175 -9.80026 1.63609 0.18898 0.77156 -0.25194 0.55272
1403638586.9778294563 6.49237 -9.71432 1.61753 0.18920 0.77131 -0.25168 0.55311
1403638587.0778295994 6.49586 -9.62346 1.59793 0.18841 0.77108 -0.25218 0.55348
1403638587.1778295040 6.50448 -9.53282 1.58262 0.18797 0.77229 -0.25216 0.55195
1403638587.2778294086 6.50943 -9.44052 1.57487 0.18721 0.77396 -0.25231 0.54980
1403638587.3778295517 6.51505 -9.34713 1.57392 0.18658 0.77556 -0.25267 0.54759
1403638587.4778294563 6.52145 -9.25232 1.57440 0.18477 0.77561 -0.25445 0.54730
1403638587.5778295994 6.52749 -9.15514 1.57525 0.18398 0.77565 -0.25544 0.54705
1403638587.6778295040 6.53733 -9.06086 1.56743 0.18382 0.77524 -0.25599 0.54744
1403638587.7778294086 6.54363 -8.96612 1.55613 0.18377 0.77485 -0.25640 0.54780
1403638587.8778295517 6.55361 -8.87389 1.53897 0.18295 0.77448 -0.25727 0.54820
1403638587.9778294563 6.55931 -8.77919 1.51961 0.18275 0.77407 -0.25778 0.54861
1403638588.0778295994 6.56750 -8.69256 1.49414 0.18379 0.77366 -0.25661 0.54939
1403638588.1778295040 6.57076 -8.60127 1.46643 0.19038 0.77449 -0.25222 0.54801
1403638588.2778294086 6.57650 -8.51443 1.43772 0.19310 0.77533 -0.24974 0.54699
1403638588.3778295517 6.58109 -8.41819 1.41755 0.19373 0.77569 -0.24903 0.54659
1403638588.4778294563 6.58928 -8.32374 1.40404 0.19197 0.77564 -0.25005 0.54681
1403638588.5778295994 6.59418 -8.22184 1.39999 0.18956 0.77490 -0.25168 0.54795
1403638588.6778295040 6.59846 -8.12251 1.40291 0.18717 0.77413 -0.25297 0.54926
1403638588.7778294086 6.60199 -8.01609 1.41298 0.18567 0.77262 -0.25438 0.55125
1403638588.8778295517 6.60665 -7.91636 1.41936 0.18319 0.77208 -0.25667 0.55178
1403638588.9778294563 6.60718 -7.81264 1.41851 0.18346 0.77200 -0.25696 0.55166
1403638589.0778295994 6.60965 -7.71386 1.41084 0.18388 0.77226 -0.25725 0.55103
1403638589.1778295040 6.60877 -7.60698 1.39540 0.18551 0.77201 -0.25657 0.55114
1403638589.2778294086 6.61089 -7.50924 1.37969 0.18519 0.77104 -0.25671 0.55255
1403638589.3778295517 6.60759 -7.40209 1.35971 0.18540 0.77083 -0.25653 0.55284
1403638589.4778294563 6.60734 -7.30221 1.34749 0.18504 0.77173 -0.25715 0.55143
1403638589.5778295994 6.60122 -7.19474 1.33855 0.18439 0.77166 -0.25756 0.55154
1403638589.6778295040 6.60219 -7.09637 1.34164 0.18397 0.77232 -0.25761 0.55073
1403638589.7778294086 6.59572 -6.99127 1.34860 0.18434 0.77386 -0.25802 0.54825
1403638589.8778295517 6.59144 -6.89366 1.36071 0.18431 0.77445 -0.25899 0.54697
1403638589.9778294563 6.58450 -6.78905 1.36000 0.18470 0.77444 -0.25946 0.54664
1403638590.0778295994 6.57848 -6.69181 1.36144 0.18428 0.77444 -0.26024 0.54641
1403638590.1778295040 6.57160 -6.58780 1.35211 0.18493 0.77337 -0.26055 0.54755
1403638590.2778294086 6.56635 -6.49744 1.34538 0.18454 0.77268 -0.26112 0.54838
1403638590.3778295517 6.55819 -6.39516 1.32807 0.18478 0.77297 -0.26157 0.54767
1403638590.4778294563 6.55207 -6.30276 1.31186 0.18478 0.77362 -0.26181 0.54665
1403638590.5778295994 6.54189 -6.20264 1.29361 0.18371 0.77468 -0.26250 0.54518
1403638590.6778295040 6.53519 -6.11197 1.28441 0.18174 0.77643 -0.26347 0.54287
1403638590.7778294086 6.52615 -6.01568 1.28327 0.18096 0.77723 -0.26395 0.54176
1403638590.8778295517 6.51874 -5.92770 1.28895 0.18108 0.77811 -0.26389 0.54048
1403638590.9778294563 6.51079 -5.83386 1.30172 0.17978 0.77867 -0.26479 0.53966
1403638591.0778295994 6.50075 -5.73979 1.31690 0.17837 0.77953 -0.26615 0.53821
1403638591.1778295040 6.49481 -5.64727 1.32739 0.17745 0.78372 -0.26739 0.53179
1403638591.2778294086 6.48804 -5.55527 1.32847 0.17494 0.78953 -0.26959 0.52284
1403638591.3778295517 6.48622 -5.47248 1.32594 0.17157 0.79380 -0.27214 0.51612
1403638591.4778294563 6.49058 -5.39512 1.31875 0.16888 0.79650 -0.27429 0.51169
1403638591.5778295994 6.50110 -5.32438 1.30580 0.16615 0.79922 -0.27659 0.50709
1403638591.6778295040 6.51764 -5.26308 1.28905 0.16480 0.79947 -0.27772 0.50652
1403638591.7778294086 6.54085 -5.21139 1.27255 0.16653 0.79761 -0.27666 0.50945
1403638591.8778295517 6.57202 -5.17454 1.25783 0.16741 0.79536 -0.27577 0.51316
1403638591.9778294563 6.60821 -5.14735 1.25091 0.16804 0.79279 -0.27498 0.51734
1403638592.0778295994 6.64868 -5.12969 1.25253 0.16834 0.79029 -0.27380 0.52168
1403638592.1778295040 6.69397 -5.11083 1.26347 0.16632 0.78747 -0.27192 0.52753
1403638592.2778294086 6.74134 -5.10503 1.28639 0.16118 0.78206 -0.26649 0.53980
1403638592.3778295517 6.78878 -5.09733 1.31830 0.15219 0.77954 -0.25761 0.55027
1403638592.4778294563 6.83439 -5.08904 1.35713 0.14046 0.78209 -0.24378 0.55603
1403638592.5778295994 6.87647 -5.08488 1.40150 0.13266 0.78954 -0.22958 0.55347
1403638592.6778295040 6.91589 -5.08423 1.45143 0.12606 0.79705 -0.21833 0.54877
1403638592.7778294086 6.95464 -5.08719 1.50038 0.12088 0.80416 -0.21079 0.54248
1403638592.8778295517 6.99352 -5.09394 1.54419 0.11675 0.80922 -0.20614 0.53762
1403638592.9778294563 7.03434 -5.10362 1.58282 0.11606 0.81175 -0.20244 0.53536
1403638593.0778295994 7.07989 -5.11929 1.61498 0.11500 0.81251 -0.20114 0.53493
1403638593.1778295040 7.12881 -5.13811 1.64977 0.11512 0.81081 -0.20021 0.53782
1403638593.2778294086 7.18268 -5.16245 1.68852 0.12188 0.80757 -0.19639 0.54259
1403638593.3778295517 7.23780 -5.18805 1.73482 0.13091 0.80420 -0.19127 0.54730
1403638593.4778294563 7.29268 -5.21295 1.77828 0.13915 0.79959 -0.18729 0.55337
1403638593.5778295994 7.34917 -5.23579 1.81502 0.14376 0.79674 -0.18600 0.55672
1403638593.6778295040 7.40633 -5.25503 1.84508 0.14647 0.79551 -0.18571 0.55787
1403638593.7778294086 7.46385 -5.27059 1.87004 0.14782 0.79218 -0.18602 0.56214
1403638593.8778295517 7.52011 -5.28221 1.89410 0.14363 0.78174 -0.18603 0.57762
1403638593.9778294563 7.57171 -5.28756 1.92374 0.13715 0.77836 -0.18292 0.58471
1403638594.0778295994 7.61630 -5.28970 1.95636 0.12886 0.78393 -0.18094 0.57974
1403638594.1778295040 7.65485 -5.29000 1.99350 0.12665 0.79009 -0.17638 0.57325
1403638594.2778294086 7.68940 -5.28877 2.02921 0.12702 0.79255 -0.17161 0.57121
1403638594.3778295517 7.72027 -5.28449 2.06023 0.12954 0.79160 -0.16672 0.57340
1403638594.4778294563 7.74626 -5.27626 2.09731 0.13327 0.79030 -0.16127 0.57589
1403638594.5778295994 7.76974 -5.26346 2.13705 0.12771 0.79057 -0.16320 0.57624
1403638594.6778295040 7.78651 -5.24621 2.18603 0.12207 0.79110 -0.16644 0.57581
1403638594.7778294086 7.80334 -5.22910 2.22795 0.11995 0.79180 -0.16848 0.57470
1403638594.8778295517 7.81132 -5.20824 2.26730 0.11871 0.79180 -0.17018 0.57446
1403638594.9778294563 7.82274 -5.18821 2.29547 0.11986 0.79362 -0.17073 0.57153
1403638595.0778295994 7.83198 -5.16655 2.31854 0.11856 0.79478 -0.17258 0.56963
1403638595.1778295040 7.84000 -5.14464 2.33576 0.11848 0.79525 -0.17385 0.56861
1403638595.2778294086 7.84680 -5.12253 2.34723 0.11910 0.79568 -0.17417 0.56778
1403638595.3778295517 7.84490 -5.09459 2.35910 0.11907 0.79529 -0.17496 0.56809
1403638595.4778294563 7.84732 -5.07238 2.35778 0.11918 0.79562 -0.17520 0.56753
1403638595.5778295994 7.84851 -5.04937 2.35559 0.11928 0.79641 -0.17493 0.56649
1403638595.6778295040 7.84788 -5.02555 2.35834 0.12172 0.79647 -0.17328 0.56639
1403638595.7778294086 7.84633 -4.99969 2.36586 0.12607 0.79746 -0.17037 0.56492
1403638595.8778295517 7.84533 -4.97240 2.37090 0.12741 0.79787 -0.16975 0.56423
1403638595.9778294563 7.84391 -4.94446 2.36233 0.12985 0.79760 -0.16833 0.56448
1403638596.0778295994 7.83858 -4.91107 2.34621 0.13741 0.79834 -0.16351 0.56306
1403638596.1778295040 7.83704 -4.87750 2.32533 0.14869 0.79986 -0.15565 0.56026
1403638596.2778294086 7.83630 -4.83569 2.31141 0.16043 0.80165 -0.14702 0.55677
1403638596.3778295517 7.83454 -4.78261 2.30876 0.16983 0.80186 -0.13952 0.55562
1403638596.4778294563 7.83836 -4.72121 2.31170 0.17536 0.80159 -0.13470 0.55547
1403638596.5778295994 7.84626 -4.64733 2.32595 0.18213 0.80242 -0.12932 0.55339
1403638596.6778295040 7.85925 -4.55916 2.34568 0.18975 0.80273 -0.12332 0.55173
1403638596.7778294086 7.87875 -4.45488 2.37284 0.19368 0.80288 -0.11995 0.55089
1403638596.8778295517 7.90464 -4.33549 2.40900 0.19728 0.80229 -0.11713 0.55108
1403638596.9778294563 7.93307 -4.19794 2.44438 0.19910 0.80102 -0.11621 0.55247
1403638597.0778295994 7.96690 -4.04799 2.47696 0.20186 0.80018 -0.11516 0.55291
1403638597.1778295040 8.00447 -3.88267 2.50371 0.20417 0.79836 -0.11491 0.55473
1403638597.2778294086 8.04457 -3.70025 2.52327 0.20173 0.79565 -0.11795 0.55887
1403638597.3778295517 8.08824 -3.50300 2.53615 0.19694 0.79388 -0.12277 0.56204
1403638597.4778294563 8.13413 -3.29054 2.54685 0.18835 0.79059 -0.12980 0.56801
1403638597.5778295994 8.17905 -3.06679 2.55246 0.17564 0.78592 -0.13931 0.57626
1403638597.6778295040 8.22138 -2.83426 2.55340 0.17126 0.78356 -0.14334 0.57979
1403638597.7778294086 8.26033 -2.59420 2.54913 0.17543 0.78537 -0.13827 0.57732
1403638597.8778295517 8.29684 -2.34572 2.54030 0.17962 0.78804 -0.12694 0.57499
1403638597.9778294563 8.33125 -2.08769 2.52833 0.18074 0.78974 -0.11780 0.57425
1403638598.0778295994 8.36713 -1.81827 2.52081 0.17391 0.78996 -0.11528 0.57656
1403638598.1778295040 8.40120 -1.53706 2.51938 0.15232 0.79144 -0.12448 0.57873
1403638598.2778294086 8.43273 -1.24964 2.52255 0.13488 0.79333 -0.13294 0.57859
1403638598.3778295517 8.46348 -0.96151 2.52381 0.12398 0.79513 -0.13826 0.57731
1403638598.4778294563 8.49380 -0.67464 2.51910 0.11976 0.79746 -0.14004 0.57454
1403638598.5778295994 8.52171 -0.38910 2.50642 0.11484 0.79953 -0.13807 0.57315
1403638598.6778295040 8.54797 -0.10546 2.48822 0.11054 0.80198 -0.12955 0.57256
1403638598.7778294086 8.57217 0.17538 2.47124 0.10213 0.80433 -0.11871 0.57317
1403638598.8778295517 8.59369 0.45354 2.46092 0.09291 0.80556 -0.10423 0.57583
1403638598.9778294563 8.61143 0.72831 2.45392 0.08295 0.80825 -0.08780 0.57632
1403638599.0778295994 8.62799 1.00133 2.45126 0.07086 0.80987 -0.07107 0.57796
1403638599.1778295040 8.64239 1.27296 2.45434 0.05884 0.81141 -0.05337 0.57905
1403638599.2778294086 8.65369 1.54207 2.46167 0.04781 0.81360 -0.03430 0.57844
1403638599.3778295517 8.66295 1.80938 2.47635 0.03526 0.81702 -0.01693 0.57528
1403638599.4778294563 8.66988 2.07504 2.49615 0.02613 0.81932 -0.00351 0.57273
1403638599.5778295994 8.67610 2.33977 2.51438 0.02057 0.82171 0.00507 0.56951
1403638599.6778295040 8.68204 2.60378 2.52406 0.01695 0.82322 0.00972 0.56739
1403638599.7778294086 8.68941 2.86702 2.52522 0.01573 0.82335 0.01080 0.56721
1403638599.8778295517 8.70001 3.12826 2.51973 0.01384 0.82464 0.00835 0.56542
1403638599.9778294563 8.71249 3.38763 2.51020 0.01012 0.82481 0.00276 0.56532
1403638600.0778295994 8.72943 3.64469 2.49680 0.00379 0.82591 -0.00507 0.56377
1403638600.1778295040 8.74942 3.89547 2.47966 -0.00826 0.82755 -0.01683 0.56107
1403638600.2778294086 8.77104 4.13921 2.45679 -0.01816 0.82958 -0.02754 0.55741
1403638600.3778295517 8.79662 4.37244 2.43284 -0.02569 0.83094 -0.03617 0.55459
1403638600.4778294563 8.82641 4.59217 2.41578 -0.03187 0.83206 -0.04269 0.55213
1403638600.5778295994 8.86148 4.79626 2.40950 -0.02977 0.83263 -0.04335 0.55132
1403638600.6778295040 8.90003 4.98502 2.41088 -0.03260 0.83412 -0.04635 0.54867
1403638600.7778294086 8.94365 5.15998 2.41911 -0.03229 0.83784 -0.04621 0.54300
1403638600.8778295517 8.99437 5.31893 2.43273 -0.02137 0.84174 -0.03740 0.53817
1403638600.9778294563 9.05050 5.46616 2.44328 -0.00467 0.84397 -0.02391 0.53583
1403638601.0778295994 9.11291 5.60460 2.44862 0.00443 0.84444 -0.01584 0.53540
1403638601.1778295040 9.18303 5.73848 2.44963 0.01230 0.84312 -0.00939 0.53750
1403638601.2778294086 9.26095 5.87176 2.44700 0.02177 0.83679 -0.00182 0.54709
1403638601.3778295517 9.34410 6.00557 2.44318 0.01908 0.83177 0.00208 0.55479
1403638601.4778294563 9.43081 6.14306 2.44314 0.00606 0.82741 0.00678 0.56152
1403638601.5778295994 9.51853 6.28181 2.45119 -0.00465 0.82274 0.02111 0.56800
1403638601.6778295040 9.60661 6.41938 2.46431 -0.01581 0.82032 0.04121 0.57020
1403638601.7778294086 9.69297 6.55704 2.48450 -0.02839 0.81765 0.06674 0.57113
1403638601.8778295517 9.77687 6.69500 2.51295 -0.04225 0.81288 0.09583 0.57294
1403638601.9778294563 9.85702 6.83498 2.54253 -0.05707 0.80991 0.11928 0.57145
1403638602.0778295994 9.93480 6.97594 2.56613 -0.06859 0.80841 0.13624 0.56852
1403638602.1778295040 10.00857 7.11864 2.58337 -0.07446 0.80383 0.15192 0.57029
1403638602.2778294086 10.07819 7.26401 2.59598 -0.08199 0.79696 0.16941 0.57396
1403638602.3778295517 10.14320 7.41341 2.60866 -0.10438 0.78603 0.18199 0.58150
1403638602.4778294563 10.20068 7.56378 2.63172 -0.13909 0.76411 0.18850 0.60104
1403638602.5778295994 10.24642 7.70721 2.66242 -0.17412 0.74257 0.19352 0.61711
1403638602.6778295040 10.27830 7.83656 2.69837 -0.19473 0.73245 0.20693 0.61869
1403638602.7778294086 10.29276 7.94914 2.73907 -0.20573 0.72832 0.22655 0.61311
1403638602.8778295517 10.28773 8.04342 2.78392 -0.21681 0.72511 0.24615 0.60549
1403638602.9778294563 10.26784 8.12375 2.83144 -0.23643 0.72541 0.26144 0.59121
1403638603.0778295994 10.23961 8.19138 2.87594 -0.25522 0.72059 0.27607 0.58257
1403638603.1778295040 10.20626 8.24592 2.91385 -0.26735 0.71346 0.29039 0.57894
1403638603.2778294086 10.16575 8.28525 2.93941 -0.26562 0.72102 0.30738 0.56133
1403638603.3778295517 10.12005 8.31279 2.95545 -0.25891 0.73392 0.32160 0.53935
1403638603.4778294563 10.07282 8.33499 2.96701 -0.25545 0.74238 0.32862 0.52500
1403638603.5778295994 10.02748 8.35583 2.97604 -0.25666 0.74029 0.33283 0.52471
1403638603.6778295040 9.98045 8.37438 2.98082 -0.25856 0.73265 0.33517 0.53295
1403638603.7778294086 9.93457 8.38630 2.97710 -0.25218 0.72407 0.34154 0.54359
1403638603.8778295517 9.88046 8.39381 2.96839 -0.24537 0.71646 0.34647 0.55357
1403638603.9778294563 9.81974 8.39975 2.95407 -0.24015 0.70974 0.34925 0.56269
1403638604.0778295994 9.75256 8.40239 2.93263 -0.23404 0.70633 0.35193 0.56787
1403638604.1778295040 9.67330 8.40581 2.91601 -0.23272 0.70580 0.35270 0.56858
1403638604.2778294086 9.58436 8.40145 2.90651 -0.23915 0.70975 0.34890 0.56332
1403638604.3778295517 9.48345 8.39490 2.90361 -0.24455 0.71745 0.34568 0.55314
1403638604.4778294563 9.37658 8.38319 2.90769 -0.24246 0.72534 0.34719 0.54273
1403638604.5778295994 9.26729 8.36904 2.91741 -0.24055 0.73002 0.34844 0.53646
1403638604.6778295040 9.15521 8.35356 2.92254 -0.24321 0.73327 0.34679 0.53188
1403638604.7778294086 9.04281 8.33660 2.92258 -0.24732 0.73527 0.34408 0.52899
1403638604.8778295517 8.93106 8.31695 2.92233 -0.24839 0.73846 0.34340 0.52445
1403638604.9778294563 8.82116 8.29500 2.92543 -0.24600 0.74448 0.34514 0.51585
1403638605.0778295994 8.71327 8.27113 2.93650 -0.24350 0.75093 0.34706 0.50632
1403638605.1778295040 8.60967 8.24836 2.95598 -0.24105 0.75490 0.34905 0.50019
1403638605.2778294086 8.51148 8.23190 2.97693 -0.23720 0.75576 0.35172 0.49886
1403638605.3778295517 8.41690 8.22035 2.99251 -0.23104 0.75113 0.35599 0.50566
1403638605.4778294563 8.32597 8.21476 3.00460 -0.22365 0.74112 0.36158 0.51960
1403638605.5778295994 8.23157 8.21209 3.00803 -0.21800 0.73281 0.36582 0.53069
1403638605.6778295040 8.13485 8.21361 3.00685 -0.21341 0.72709 0.36915 0.53808
1403638605.7778294086 8.03150 8.21996 3.00926 -0.21180 0.72620 0.37025 0.53917
1403638605.8778295517 7.92446 8.23211 3.02334 -0.20901 0.72616 0.37187 0.53918
1403638605.9778294563 7.81085 8.25220 3.04087 -0.20494 0.72548 0.37379 0.54034
1403638606.0778295994 7.69059 8.27685 3.05899 -0.20232 0.72562 0.37450 0.54064
1403638606.1778295040 7.56308 8.30755 3.06674 -0.19889 0.72543 0.37605 0.54109
1403638606.2778294086 7.43003 8.34436 3.07154 -0.19675 0.72666 0.37638 0.53999
1403638606.3778295517 7.29012 8.38807 3.06389 -0.20239 0.73517 0.37152 0.52966
1403638606.4778294563 7.14477 8.43659 3.05181 -0.21063 0.74534 0.36478 0.51675
1403638606.5778295994 6.99914 8.49034 3.03420 -0.21769 0.75387 0.36010 0.50460
1403638606.6778295040 6.85604 8.55086 3.01276 -0.22324 0.75703 0.36219 0.49588
1403638606.7778294086 6.71776 8.61809 2.98689 -0.22816 0.75699 0.37137 0.48683
1403638606.8778295517 6.58541 8.69176 2.95924 -0.23683 0.75342 0.38405 0.47830
1403638606.9778294563 6.46016 8.77354 2.93666 -0.24787 0.74628 0.39957 0.47113
1403638607.0778295994 6.34350 8.86199 2.92451 -0.26200 0.73763 0.41404 0.46457
1403638607.1778295040 6.23581 8.95756 2.92012 -0.27847 0.72797 0.42113 0.46385
1403638607.2778294086 6.13520 9.05712 2.91543 -0.29225 0.71446 0.42560 0.47223
1403638607.3778295517 6.03794 9.15841 2.90221 -0.30494 0.70601 0.42569 0.47681
1403638607.4778294563 5.94534 9.25934 2.87991 -0.31076 0.70293 0.42685 0.47657
1403638607.5778295994 5.85729 9.35702 2.85035 -0.31273 0.70190 0.42820 0.47558
1403638607.6778295040 5.77290 9.45183 2.81795 -0.31435 0.70020 0.42821 0.47702
1403638607.7778294086 5.69398 9.54518 2.78274 -0.31272 0.69877 0.42867 0.47976
1403638607.8778295517 5.61681 9.63697 2.74358 -0.31381 0.70102 0.42655 0.47764
1403638607.9778294563 5.54640 9.72525 2.70042 -0.31603 0.70542 0.42313 0.47271
1403638608.0778295994 5.48071 9.81353 2.65306 -0.31668 0.70420 0.42058 0.47637
1403638608.1778295040 5.41945 9.89782 2.60083 -0.31274 0.70121 0.42100 0.48297
1403638608.2778294086 5.36251 9.97662 2.54437 -0.31138 0.69662 0.42035 0.49100
1403638608.3778295517 5.30719 10.05226 2.48316 -0.31158 0.69082 0.41920 0.49995
1403638608.4778294563 5.25110 10.12373 2.41695 -0.31169 0.69073 0.41880 0.50035
1403638608.5778295994 5.19606 10.18960 2.34489 -0.30991 0.69225 0.41947 0.49879
1403638608.6778295040 5.14058 10.25104 2.27657 -0.31537 0.68948 0.41554 0.50247
1403638608.7778294086 5.08484 10.30488 2.21204 -0.31584 0.68961 0.41526 0.50224
1403638608.8778295517 5.03016 10.35183 2.15249 -0.31461 0.69302 0.41660 0.49718
1403638608.9778294563 4.97525 10.39317 2.10163 -0.31377 0.69712 0.41743 0.49124
1403638609.0778295994 4.92247 10.43133 2.05650 -0.31321 0.69985 0.41793 0.48728
1403638609.1778295040 4.87135 10.46493 2.01815 -0.31514 0.70028 0.41657 0.48659
1403638609.2778294086 4.82222 10.49477 1.97925 -0.32309 0.70034 0.41082 0.48616
1403638609.3778295517 4.77767 10.52068 1.93306 -0.32192 0.70060 0.41131 0.48616
1403638609.4778294563 4.73591 10.54331 1.87979 -0.31823 0.70068 0.41345 0.48666
1403638609.5778295994 4.69770 10.55956 1.82067 -0.31477 0.70068 0.41542 0.48723
1403638609.6778295040 4.66113 10.57940 1.75475 -0.31267 0.69974 0.41692 0.48866
1403638609.7778294086 4.62824 10.59047 1.69030 -0.31147 0.69985 0.41767 0.48862
1403638609.8778295517 4.59803 10.60555 1.63159 -0.31198 0.70007 0.41737 0.48823
1403638609.9778294563 4.56961 10.61134 1.58212 -0.31289 0.69959 0.41656 0.48904
1403638610.0778295994 4.54721 10.61722 1.54173 -0.31632 0.69732 0.41406 0.49217
1403638610.1778295040 4.52424 10.61775 1.50477 -0.31738 0.69425 0.41322 0.49652
1403638610.2778294086 4.50218 10.61360 1.46360 -0.31976 0.69296 0.41123 0.49845
1403638610.3778295517 4.48115 10.60408 1.41557 -0.32062 0.69258 0.41057 0.49896
1403638610.4778294563 4.46357 10.58798 1.36350 -0.32086 0.69092 0.41009 0.50150
1403638610.5778295994 4.44328 10.56807 1.30667 -0.32359 0.68570 0.40792 0.50864
1403638610.6778295040 4.42161 10.53989 1.24904 -0.32797 0.68062 0.40475 0.51514
1403638610.7778294086 4.39693 10.50313 1.19356 -0.32558 0.68597 0.40738 0.50743
1403638610.8778295517 4.37220 10.46098 1.14672 -0.32187 0.69235 0.41127 0.49790
1403638610.9778294563 4.34962 10.41463 1.10600 -0.32250 0.69273 0.41152 0.49676
1403638611.0778295994 4.32802 10.36305 1.06406 -0.32562 0.68988 0.40967 0.50021
1403638611.1778295040 4.30879 10.30656 1.01827 -0.32696 0.68893 0.40983 0.50051
1403638611.2778294086 4.28988 10.24339 0.97184 -0.32642 0.68855 0.41080 0.50060
1403638611.3778295517 4.27053 10.17235 0.92963 -0.32000 0.68618 0.41528 0.50427
1403638611.4778294563 4.24579 10.09738 0.89057 -0.30764 0.68202 0.42317 0.51101
1403638611.5778295994 4.22136 10.02110 0.86191 -0.29877 0.68166 0.42842 0.51238
1403638611.6778295040 4.18700 9.94066 0.83558 -0.29702 0.68409 0.42872 0.50991
1403638611.7778294086 4.15140 9.86012 0.80938 -0.30272 0.68985 0.42435 0.50239
1403638611.8778295517 4.11679 9.77949 0.77983 -0.30800 0.69543 0.41991 0.49517
1403638611.9778294563 4.08084 9.69881 0.74559 -0.31068 0.69881 0.41723 0.49098
1403638612.0778295994 4.04666 9.61859 0.71317 -0.31009 0.70078 0.41692 0.48881
1403638612.1778295040 4.01503 9.53607 0.68679 -0.31152 0.70200 0.41534 0.48749
1403638612.2778294086 3.98691 9.45682 0.67024 -0.31203 0.70202 0.41464 0.48772
1403638612.3778295517 3.96148 9.37453 0.65786 -0.31038 0.70158 0.41524 0.48890
1403638612.4778294563 3.93715 9.29059 0.64217 -0.30972 0.70037 0.41451 0.49167
1403638612.5778295994 3.91433 9.20620 0.62086 -0.30677 0.69821 0.41508 0.49609
1403638612.6778295040 3.89098 9.12154 0.59227 -0.30091 0.69632 0.41753 0.50027
1403638612.7778294086 3.86553 9.03568 0.55609 -0.29799 0.69540 0.41735 0.50343
1403638612.8778295517 3.83908 8.95123 0.52288 -0.29813 0.69425 0.41506 0.50681
1403638612.9778294563 3.80657 8.86179 0.48989 -0.29905 0.69483 0.41295 0.50720
1403638613.0778295994 3.77527 8.77809 0.46877 -0.29966 0.69763 0.41176 0.50395
1403638613.1778295040 3.74067 8.69246 0.45477 -0.29921 0.70006 0.41147 0.50108
1403638613.2778294086 3.70320 8.60342 0.44652 -0.29838 0.70051 0.41165 0.50080
1403638613.3778295517 3.66683 8.51820 0.44597 -0.29763 0.70008 0.41215 0.50144
1403638613.4778294563 3.62745 8.42692 0.44200 -0.29828 0.69950 0.41108 0.50273
1403638613.5778295994 3.58919 8.34172 0.43311 -0.29747 0.70077 0.40672 0.50499
1403638613.6778295040 3.54953 8.25654 0.41827 -0.30131 0.70139 0.39998 0.50723
1403638613.7778294086 3.50720 8.16452 0.39536 -0.30508 0.70001 0.39233 0.51282
1403638613.8778295517 3.46664 8.07363 0.36502 -0.30194 0.70216 0.38419 0.51788
1403638613.9778294563 3.42392 7.97275 0.32992 -0.29424 0.70807 0.37422 0.52156
1403638614.0778295994 3.38189 7.87113 0.29182 -0.28222 0.71603 0.36229 0.52574
1403638614.1778295040 3.33724 7.76447 0.25349 -0.26748 0.72617 0.34925 0.52835
1403638614.2778294086 3.29028 7.65354 0.21995 -0.25645 0.73493 0.33564 0.53052
1403638614.3778295517 3.24170 7.54285 0.19199 -0.24782 0.74152 0.32608 0.53142
1403638614.4778294563 3.19216 7.43398 0.17343 -0.24432 0.74615 0.31706 0.53201
1403638614.5778295994 3.14222 7.32249 0.16308 -0.24038 0.75055 0.30865 0.53256
1403638614.6778295040 3.09558 7.21308 0.16071 -0.23731 0.75565 0.29657 0.53359
1403638614.7778294086 3.05252 7.10419 0.17065 -0.23550 0.76541 0.27987 0.52949
1403638614.8778295517 3.01273 6.99502 0.19044 -0.22789 0.77643 0.26218 0.52582
1403638614.9778294563 2.98008 6.88577 0.21748 -0.21470 0.78551 0.24292 0.52713
1403638615.0778295994 2.95447 6.77420 0.24923 -0.19655 0.79272 0.22206 0.53259
1403638615.1778295040 2.93531 6.66095 0.28615 -0.17495 0.79597 0.19990 0.54394
1403638615.2778294086 2.91960 6.54435 0.32638 -0.14978 0.79812 0.17847 0.55563
1403638615.3778295517 2.90422 6.42820 0.36243 -0.12829 0.80153 0.15302 0.56363
1403638615.4778294563 2.88881 6.31055 0.39211 -0.10793 0.80433 0.12710 0.57030
1403638615.5778295994 2.87158 6.19151 0.41424 -0.09079 0.80739 0.10273 0.57387
1403638615.6778295040 2.85323 6.07250 0.43195 -0.07756 0.80929 0.08541 0.57596
1403638615.7778294086 2.83435 5.95663 0.45534 -0.06985 0.81046 0.07295 0.57702
1403638615.8778295517 2.81332 5.84175 0.48629 -0.06464 0.81157 0.06115 0.57743
1403638615.9778294563 2.79252 5.72727 0.51539 -0.05746 0.81302 0.04925 0.57729
1403638616.0778295994 2.77069 5.61120 0.53797 -0.04859 0.81351 0.03703 0.57833
1403638616.1778295040 2.74798 5.49427 0.54761 -0.03887 0.81457 0.02298 0.57831
1403638616.2778294086 2.72489 5.37697 0.54017 -0.02827 0.81538 0.00481 0.57822
1403638616.3778295517 2.70116 5.25735 0.51838 -0.01509 0.81587 -0.01444 0.57785
1403638616.4778294563 2.67679 5.13643 0.48923 -0.00462 0.81619 -0.03231 0.57687
1403638616.5778295994 2.65204 5.01623 0.45666 0.00466 0.81771 -0.04479 0.57387
1403638616.6778295040 2.62785 4.89670 0.42018 0.01035 0.82224 -0.05447 0.56644
1403638616.7778294086 2.60500 4.77735 0.37919 0.00715 0.83056 -0.06482 0.55310
1403638616.8778295517 2.58798 4.65785 0.33781 0.00315 0.83621 -0.07166 0.54369
1403638616.9778294563 2.57913 4.53438 0.30500 0.00840 0.83449 -0.06926 0.54659
1403638617.0778295994 2.57633 4.40584 0.28232 0.01407 0.83092 -0.06418 0.55249
1403638617.1778295040 2.57669 4.27484 0.26786 0.02009 0.82816 -0.05724 0.55720
1403638617.2778294086 2.58031 4.14312 0.25798 0.02166 0.83061 -0.05258 0.55394
1403638617.3778295517 2.58822 4.01138 0.25316 0.02116 0.83470 -0.04974 0.54805
1403638617.4778294563 2.60203 3.88273 0.25710 0.02079 0.83752 -0.04654 0.54402
1403638617.5778295994 2.62208 3.75622 0.26929 0.02056 0.83831 -0.04358 0.54306
1403638617.6778295040 2.64933 3.63314 0.29007 0.02165 0.83700 -0.03962 0.54533
1403638617.7778294086 2.68388 3.51485 0.31936 0.02190 0.83546 -0.03691 0.54788
1403638617.8778295517 2.72247 3.39941 0.35545 0.02292 0.83553 -0.03356 0.54794
1403638617.9778294563 2.76650 3.28880 0.39561 0.02095 0.83452 -0.03308 0.54959
1403638618.0778295994 2.81514 3.18063 0.43080 0.02022 0.83419 -0.03177 0.55019
1403638618.1778295040 2.86847 3.07604 0.45960 0.01785 0.83436 -0.03166 0.55001
1403638618.2778294086 2.92499 2.97310 0.48204 0.01834 0.83440 -0.03015 0.55003
1403638618.3778295517 2.98539 2.87510 0.50097 0.01816 0.83371 -0.02909 0.55114
1403638618.4778294563 3.04941 2.77833 0.51694 0.01793 0.83386 -0.02784 0.55098
1403638618.5778295994 3.11755 2.68521 0.53157 0.01909 0.83289 -0.02699 0.55245
1403638618.6778295040 3.18912 2.59294 0.54329 0.02298 0.83274 -0.03009 0.55237
1403638618.7778294086 3.26544 2.50523 0.55989 0.02555 0.83203 -0.03323 0.55314
1403638618.8778295517 3.34517 2.42082 0.58237 0.02860 0.83027 -0.03650 0.55543
1403638618.9778294563 3.42711 2.33935 0.60650 0.03466 0.82607 -0.04535 0.56067
1403638619.0778295994 3.51020 2.25940 0.62351 0.04661 0.82234 -0.05894 0.56402
1403638619.1778295040 3.59369 2.18162 0.63283 0.06021 0.81857 -0.07771 0.56593
1403638619.2778294086 3.67730 2.10743 0.63479 0.07421 0.81437 -0.10172 0.56653
1403638619.3778295517 3.76006 2.03608 0.62747 0.09041 0.80959 -0.12613 0.56611
1403638619.4778294563 3.84256 1.96815 0.61633 0.10098 0.80506 -0.14725 0.56569
1403638619.5778295994 3.92608 1.90295 0.60403 0.10750 0.80120 -0.16291 0.56566
1403638619.6778295040 4.00839 1.83972 0.58882 0.10381 0.79749 -0.17928 0.56666
1403638619.7778294086 4.08818 1.77608 0.57134 0.10020 0.79488 -0.19079 0.56721
1403638619.8778295517 4.16425 1.71030 0.55250 0.09988 0.79266 -0.19720 0.56817
1403638619.9778294563 4.23550 1.64265 0.52851 0.10123 0.79175 -0.20086 0.56792
1403638620.0778295994 4.30062 1.57098 0.50950 0.10337 0.78918 -0.20240 0.57057
1403638620.1778295040 4.36133 1.49699 0.49344 0.10804 0.78614 -0.20127 0.57429
1403638620.2778294086 4.41215 1.42100 0.48736 0.11073 0.78671 -0.20008 0.57340
1403638620.3778295517 4.45878 1.34394 0.48649 0.11344 0.78814 -0.19796 0.57165
1403638620.4778294563 4.49644 1.26712 0.49373 0.11448 0.78928 -0.19586 0.57059
1403638620.5778295994 4.53380 1.18830 0.49830 0.11405 0.79066 -0.19429 0.56930
1403638620.6778295040 4.56680 1.10981 0.49784 0.11113 0.79317 -0.19421 0.56640
1403638620.7778294086 4.59187 1.03211 0.49320 0.10753 0.79652 -0.19459 0.56226
1403638620.8778295517 4.62019 0.95022 0.48323 0.11070 0.79976 -0.19011 0.55856
1403638620.9778294563 4.64648 0.86934 0.47022 0.11527 0.80042 -0.18420 0.55867
1403638621.0778295994 4.66754 0.78992 0.45767 0.11902 0.79890 -0.17907 0.56171
1403638621.1778295040 4.69339 0.70917 0.44788 0.11772 0.79771 -0.17724 0.56426
1403638621.2778294086 4.71747 0.63100 0.44595 0.11803 0.79662 -0.17457 0.56656
1403638621.3778295517 4.74152 0.55443 0.44743 0.11969 0.79753 -0.17156 0.56585
1403638621.4778294563 4.76266 0.48262 0.44576 0.12033 0.79578 -0.16944 0.56881
1403638621.5778295994 4.78477 0.41151 0.43659 0.12032 0.79364 -0.16737 0.57241
1403638621.6778295040 4.80286 0.34571 0.42301 0.11998 0.79267 -0.16635 0.57411
1403638621.7778294086 4.81573 0.28648 0.40658 0.12097 0.79109 -0.16503 0.57647
1403638621.8778295517 4.82771 0.22677 0.38535 0.12287 0.78767 -0.16317 0.58125
1403638621.9778294563 4.83496 0.17419 0.36165 0.12336 0.78514 -0.16253 0.58474
1403638622.0778295994 4.83488 0.13226 0.33524 0.12198 0.78474 -0.16360 0.58527
1403638622.1778295040 4.83299 0.08684 0.30408 0.11879 0.78567 -0.16553 0.58413
1403638622.2778294086 4.82587 0.04702 0.27755 0.11600 0.78497 -0.16794 0.58494
1403638622.3778295517 4.81383 0.01008 0.25859 0.11665 0.78594 -0.16850 0.58335
1403638622.4778294563 4.79285 -0.01719 0.25121 0.12034 0.78678 -0.16691 0.58192
1403638622.5778295994 4.77076 -0.04998 0.24725 0.12379 0.78660 -0.16561 0.58182
1403638622.6778295040 4.74260 -0.06955 0.25552 0.12783 0.78257 -0.16389 0.58685
1403638622.7778294086 4.71100 -0.09224 0.27105 0.13074 0.77140 -0.16238 0.60123
1403638622.8778295517 4.67436 -0.10436 0.29400 0.13255 0.76664 -0.16192 0.60702
1403638622.9778294563 4.62859 -0.11119 0.31393 0.13105 0.77045 -0.16437 0.60184
1403638623.0778295994 4.57355 -0.11394 0.32613 0.12732 0.77689 -0.16797 0.59331
1403638623.1778295040 4.51180 -0.11102 0.33331 0.12224 0.78075 -0.17181 0.58819
1403638623.2778294086 4.44283 -0.10175 0.33645 0.11914 0.78409 -0.17425 0.58365
1403638623.3778295517 4.37178 -0.09695 0.33446 0.11678 0.78666 -0.17602 0.58013
1403638623.4778294563 4.29532 -0.08745 0.32931 0.11743 0.78834 -0.17590 0.57774
1403638623.5778295994 4.21863 -0.08030 0.32530 0.11877 0.78849 -0.17521 0.57747
1403638623.6778295040 4.13630 -0.07216 0.33009 0.12014 0.78899 -0.17467 0.57668
1403638623.7778294086 4.05198 -0.06335 0.34056 0.12234 0.79001 -0.17444 0.57488
1403638623.8778295517 3.96332 -0.05219 0.35621 0.12372 0.79115 -0.17454 0.57298
1403638623.9778294563 3.87063 -0.04027 0.37052 0.12525 0.79228 -0.17505 0.57092
1403638624.0778295994 3.77801 -0.02586 0.37988 0.12358 0.79255 -0.17784 0.57006
1403638624.1778295040 3.68394 -0.01215 0.38464 0.12112 0.79242 -0.18026 0.57001
1403638624.2778294086 3.58811 0.00401 0.38339 0.11909 0.79205 -0.18290 0.57011
1403638624.3778295517 3.49311 0.01940 0.37915 0.11870 0.79154 -0.18467 0.57033
1403638624.4778294563 3.39948 0.03192 0.37342 0.12012 0.79137 -0.18492 0.57019
1403638624.5778295994 3.30070 0.04694 0.36058 0.11562 0.78298 -0.18959 0.58105
1403638624.6778295040 3.19999 0.06063 0.34563 0.11734 0.77876 -0.18725 0.58711
1403638624.7778294086 3.10002 0.07193 0.33563 0.12209 0.78491 -0.17737 0.58099
1403638624.8778295517 2.99038 0.08900 0.33147 0.12338 0.79109 -0.16922 0.57474
1403638624.9778294563 2.88992 0.10304 0.33566 0.11604 0.79441 -0.16712 0.57229
1403638625.0778295994 2.78842 0.11803 0.34098 0.10838 0.79549 -0.16616 0.57257
1403638625.1778295040 2.67811 0.13707 0.34084 0.10202 0.79638 -0.16638 0.57244
1403638625.2778294086 2.57693 0.14919 0.33836 0.09993 0.79732 -0.16476 0.57196
1403638625.3778295517 2.46715 0.16475 0.33314 0.09878 0.79748 -0.16374 0.57224
1403638625.4778294563 2.36574 0.17339 0.33536 0.09773 0.79701 -0.16333 0.57320
1403638625.5778295994 2.25679 0.18606 0.34177 0.09838 0.79757 -0.16261 0.57251
1403638625.6778295040 2.15008 0.19591 0.35585 0.09845 0.79920 -0.16255 0.57023
1403638625.7778294086 2.04304 0.20311 0.37287 0.09717 0.80372 -0.16367 0.56374
1403638625.8778295517 1.93597 0.21234 0.38364 0.09736 0.80632 -0.16413 0.55985
1403638625.9778294563 1.83022 0.21656 0.39115 0.09840 0.80674 -0.16422 0.55903
1403638626.0778295994 1.72867 0.22110 0.39205 0.09684 0.80799 -0.16605 0.55696
1403638626.1778295040 1.62975 0.22269 0.38871 0.09707 0.80837 -0.16643 0.55625
1403638626.2778294086 1.53384 0.22259 0.38082 0.10006 0.80693 -0.16502 0.55823
1403638626.3778295517 1.43412 0.22201 0.37017 0.10799 0.80510 -0.15968 0.56094
1403638626.4778294563 1.34326 0.22146 0.35579 0.11046 0.80390 -0.15749 0.56280
1403638626.5778295994 1.24874 0.22212 0.33989 0.11108 0.80624 -0.15656 0.55958
1403638626.6778295040 1.16289 0.22295 0.32516 0.10981 0.80814 -0.15700 0.55695
1403638626.7778294086 1.07913 0.22555 0.31415 0.10713 0.81201 -0.15880 0.55132
1403638626.8778295517 0.99739 0.22700 0.31106 0.10654 0.81472 -0.15858 0.54748
1403638626.9778294563 0.92273 0.22835 0.31451 0.10583 0.81562 -0.15871 0.54624
1403638627.0778295994 0.85501 0.22936 0.31638 0.10517 0.81572 -0.15833 0.54633
1403638627.1778295040 0.79176 0.22834 0.31227 0.10439 0.81566 -0.15819 0.54661
1403638627.2778294086 0.73531 0.22680 0.30680 0.10569 0.81571 -0.15684 0.54667
1403638627.3778295517 0.68363 0.22531 0.29857 0.10774 0.81516 -0.15495 0.54763
1403638627.4778294563 0.63704 0.22371 0.28709 0.10794 0.81556 -0.15466 0.54708
1403638627.5778295994 0.59576 0.22223 0.27365 0.10921 0.81442 -0.15423 0.54864
1403638627.6778295040 0.56607 0.22014 0.25627 0.11132 0.81148 -0.15345 0.55277
1403638627.7778294086 0.53476 0.21984 0.24110 0.11312 0.80964 -0.15254 0.55536
1403638627.8778295517 0.50606 0.22138 0.22447 0.11409 0.80898 -0.15255 0.55611
1403638627.9778294563 0.47760 0.22432 0.20795 0.11446 0.81093 -0.15269 0.55315
1403638628.0778295994 0.46107 0.22783 0.18865 0.11542 0.81209 -0.15298 0.55117
1403638628.1778295040 0.43913 0.23328 0.17585 0.11646 0.81265 -0.15348 0.54999
1403638628.2778294086 0.42368 0.24044 0.16397 0.11662 0.81286 -0.15418 0.54944
1403638628.3778295517 0.41720 0.24711 0.15166 0.11524 0.81343 -0.15571 0.54845
1403638628.4778294563 0.40810 0.25669 0.14629 0.10939 0.81059 -0.16032 0.55252
1403638628.5778295994 0.40362 0.26596 0.14416 0.10150 0.80336 -0.16592 0.56283
1403638628.6778295040 0.39890 0.27414 0.14333 0.09605 0.79926 -0.16986 0.56842
1403638628.7778294086 0.41116 0.28263 0.14134 0.09801 0.80052 -0.16928 0.56648
1403638628.8778295517 0.40180 0.28647 0.13248 0.10245 0.80116 -0.16652 0.56561
1403638628.9778294563 0.39261 0.28913 0.12076 0.10734 0.80187 -0.16359 0.56455
1403638629.0778295994 0.38243 0.29249 0.11091 0.11210 0.80307 -0.16017 0.56290
1403638629.1778295040 0.36772 0.29489 0.10558 0.11440 0.80427 -0.15809 0.56132
1403638629.2778294086 0.35553 0.30079 0.10067 0.11501 0.80457 -0.15732 0.56098
1403638629.3778295517 0.34570 0.30755 0.09767 0.11583 0.80761 -0.15742 0.55639
1403638629.4778294563 0.34020 0.31556 0.09620 0.11439 0.81201 -0.15924 0.54973
1403638629.5778295994 0.34307 0.32255 0.09654 0.11080 0.81497 -0.16205 0.54524
1403638629.6778295040 0.35031 0.32811 0.09909 0.09986 0.81278 -0.17033 0.54810
1403638629.7778294086 0.35839 0.33169 0.10260 0.09324 0.80711 -0.17556 0.55593
1403638629.8778295517 0.36589 0.33244 0.10215 0.09176 0.80068 -0.17711 0.56491
1403638629.9778294563 0.37163 0.32956 0.09360 0.10285 0.79521 -0.17021 0.57279
1403638630.0778295994 0.37368 0.32606 0.07501 0.11201 0.79172 -0.16406 0.57768
1403638630.1778295040 0.37331 0.32405 0.04645 0.11635 0.79453 -0.16067 0.57390
1403638630.2778294086 0.36895 0.32333 0.01204 0.11706 0.79908 -0.15999 0.56760
1403638630.3778295517 0.37001 0.32621 -0.01393 0.11283 0.81846 -0.16116 0.53984
1403638630.4778294563 0.38170 0.32711 -0.00289 0.11263 0.80049 -0.15933 0.56669
1403638630.5778295994 0.39163 0.32792 -0.00447 0.11225 0.79977 -0.16045 0.56747
1403638630.6778295040 0.39848 0.32865 -0.02694 0.10935 0.81874 -0.15765 0.54116
1403638630.7778294086 0.39876 0.32161 -0.03065 0.11182 0.82567 -0.15188 0.53170
1403638630.8778295517 0.39210 0.32118 -0.03563 0.10705 0.82435 -0.15289 0.53442
1403638630.9778294563 0.38701 0.32162 -0.03891 0.10723 0.82423 -0.15312 0.53452
1403638631.0778295994 0.37995 0.32243 -0.04327 0.10792 0.82430 -0.15263 0.53441
1403638631.1778295040 0.37330 0.32297 -0.04756 0.10784 0.82433 -0.15285 0.53431
1403638631.2778294086 0.36607 0.32374 -0.05140 0.10773 0.82440 -0.15282 0.53423
1403638631.3778295517 0.35892 0.32442 -0.05499 0.10747 0.82448 -0.15300 0.53412
1403638631.4778294563 0.35195 0.32509 -0.05832 0.10723 0.82441 -0.15327 0.53418
1403638631.5778295994 0.34473 0.32581 -0.06177 0.10712 0.82440 -0.15334 0.53421
1403638631.6778295040 0.33782 0.32636 -0.06497 0.10680 0.82439 -0.15374 0.53417
