1403638523.0778295994 0.03446 0.00346 0.36695 -0.07207 0.80847 0.01513 0.58391
1403638523.1778295040 0.03456 -0.00139 0.39178 -0.07128 0.80747 0.01547 0.58538
1403638523.2778294086 0.03228 -0.00966 0.38445 -0.06200 0.80506 0.01539 0.58974
1403638523.3778295517 0.03153 -0.01502 0.35431 -0.05743 0.80400 0.01450 0.59167
1403638523.4778294563 0.03002 -0.02089 0.31143 -0.05273 0.80770 0.01701 0.58698
1403638523.5778295994 0.02543 -0.02792 0.26140 -0.04576 0.81694 0.02129 0.57450
1403638523.6778295040 0.02042 -0.03344 0.21091 -0.03876 0.82634 0.02408 0.56133
1403638523.7778294086 0.01428 -0.03854 0.16194 -0.03507 0.83089 0.02690 0.55468
1403638523.8778295517 0.00736 -0.04340 0.11775 -0.03176 0.83146 0.02979 0.55388
1403638523.9778294563 0.00011 -0.04741 0.08484 -0.02250 0.83146 0.03582 0.55398
1403638524.0778295994 -0.00367 -0.04981 0.07239 -0.01551 0.83454 0.04420 0.54895
1403638524.1778295040 -0.00433 -0.04849 0.09284 -0.01603 0.83909 0.04908 0.54153
1403638524.2778294086 -0.00319 -0.04864 0.13653 -0.02242 0.84005 0.05028 0.53971
1403638524.3778295517 0.00067 -0.04861 0.19154 -0.03171 0.83728 0.04859 0.54369
1403638524.4778294563 0.00697 -0.04785 0.25210 -0.03854 0.83072 0.04669 0.55339
1403638524.5778295994 0.01523 -0.04573 0.31202 -0.04161 0.82190 0.04529 0.56630
1403638524.6778295040 0.02404 -0.04269 0.36606 -0.03737 0.81548 0.03964 0.57622
1403638524.7778294086 0.03103 -0.03834 0.40678 -0.02469 0.81163 0.03459 0.58262
1403638524.8778295517 0.03576 -0.03347 0.43294 -0.02068 0.81012 0.03172 0.58503
1403638524.9778294563 0.03744 -0.02982 0.44225 -0.02715 0.80857 0.03398 0.58679
1403638525.0778295994 0.03806 -0.02809 0.42984 -0.02488 0.80587 0.03744 0.59038
1403638525.1778295040 0.03896 -0.02683 0.39621 -0.02265 0.80441 0.04206 0.59214
1403638525.2778294086 0.03729 -0.02783 0.35019 -0.02288 0.80707 0.04709 0.58813
1403638525.3778295517 0.03548 -0.02866 0.29634 -0.02571 0.81597 0.05215 0.57516
1403638525.4778294563 0.03213 -0.02887 0.24386 -0.03453 0.82821 0.05418 0.55672
1403638525.5778295994 0.02845 -0.03121 0.19794 -0.04107 0.83726 0.05385 0.54259
1403638525.6778295040 0.02625 -0.03360 0.15947 -0.04212 0.84019 0.05088 0.53825
1403638525.7778294086 0.02613 -0.03468 0.12891 -0.03933 0.83864 0.04507 0.54139
1403638525.8778295517 0.02601 -0.03691 0.10685 -0.03249 0.83502 0.04086 0.54774
1403638525.9778294563 0.02150 -0.04516 0.09443 -0.02415 0.83358 0.03971 0.55044
1403638526.0778295994 0.01795 -0.06491 0.09379 -0.01981 0.83517 0.03760 0.54835
1403638526.1778295040 0.01521 -0.09411 0.10194 -0.01806 0.83754 0.02855 0.54533
1403638526.2778294086 0.01085 -0.13014 0.11537 -0.01467 0.83660 0.01955 0.54728
1403638526.3778295517 0.00370 -0.17082 0.13006 -0.01239 0.83243 0.01094 0.55388
1403638526.4778294563 -0.00606 -0.21602 0.14299 -0.01109 0.82730 -0.00010 0.56165
1403638526.5778295994 -0.01709 -0.26719 0.15213 -0.00978 0.82196 -0.01105 0.56936
1403638526.6778295040 -0.02992 -0.32576 0.15921 -0.00519 0.81676 -0.01954 0.57663
1403638526.7778294086 -0.04539 -0.39021 0.16438 0.00329 0.81366 -0.02503 0.58080
1403638526.8778295517 -0.06245 -0.45486 0.16750 0.01130 0.81291 -0.02827 0.58159
1403638526.9778294563 -0.07989 -0.51604 0.17029 0.01555 0.81598 -0.03463 0.57683
1403638527.0778295994 -0.09501 -0.57396 0.17391 0.02316 0.82045 -0.04773 0.56926
1403638527.1778295040 -0.10666 -0.62565 0.17955 0.03089 0.82216 -0.06288 0.56492
1403638527.2778294086 -0.11371 -0.66571 0.18644 0.04232 0.81919 -0.07657 0.56681
1403638527.3778295517 -0.11523 -0.68870 0.19290 0.05768 0.81404 -0.08525 0.57162
1403638527.4778294563 -0.11171 -0.69078 0.19686 0.06793 0.81042 -0.08959 0.57496
1403638527.5778295994 -0.10302 -0.67163 0.19780 0.07085 0.80975 -0.09071 0.57537
1403638527.6778295040 -0.08913 -0.63260 0.19552 0.06904 0.81032 -0.08708 0.57535
1403638527.7778294086 -0.07421 -0.58664 0.19537 0.06333 0.81178 -0.07966 0.57503
1403638527.8778295517 -0.05823 -0.53264 0.19790 0.04917 0.81499 -0.07464 0.57254
1403638527.9778294563 -0.03884 -0.47403 0.20086 0.03873 0.81595 -0.06957 0.57262
1403638528.0778295994 -0.01825 -0.41502 0.20211 0.03159 0.81479 -0.06190 0.57557
1403638528.1778295040 0.00249 -0.35912 0.19912 0.02144 0.81528 -0.05271 0.57626
1403638528.2778294086 0.02734 -0.30933 0.19328 0.00854 0.81674 -0.04184 0.57543
1403638528.3778295517 0.05818 -0.27165 0.18700 0.00099 0.81642 -0.03345 0.57649
1403638528.4778294563 0.09461 -0.24544 0.18179 0.00211 0.81573 -0.02981 0.57766
1403638528.5778295994 0.13121 -0.22464 0.17856 0.00325 0.81771 -0.03400 0.57461
1403638528.6778295040 0.16667 -0.21034 0.17823 0.00176 0.81905 -0.04137 0.57223
1403638528.7778294086 0.19755 -0.20067 0.18109 0.00654 0.81828 -0.04634 0.57291
1403638528.8778295517 0.21412 -0.19255 0.18778 0.00262 0.81737 -0.05374 0.57359
1403638528.9778294563 0.21908 -0.17955 0.19994 -0.00400 0.81731 -0.06055 0.57299
1403638529.0778295994 0.20229 -0.17019 0.21665 -0.00279 0.81828 -0.06183 0.57148
1403638529.1778295040 0.17487 -0.15325 0.22643 0.01413 0.81930 -0.05490 0.57055
1403638529.2778294086 0.14021 -0.13252 0.22505 0.02579 0.82129 -0.04884 0.56783
1403638529.3778295517 0.10348 -0.10725 0.21264 0.02993 0.82657 -0.04447 0.56028
1403638529.4778294563 0.07082 -0.08958 0.19148 0.02856 0.83665 -0.04197 0.54537
1403638529.5778295994 0.04494 -0.07750 0.16645 0.02624 0.84686 -0.03905 0.52974
1403638529.6778295040 0.02329 -0.07423 0.14194 0.02717 0.85072 -0.03579 0.52370
1403638529.7778294086 0.01267 -0.06597 0.11893 0.02634 0.84720 -0.03504 0.52947
1403638529.8778295517 0.00752 -0.05806 0.09791 0.02485 0.84084 -0.03609 0.53951
1403638529.9778294563 0.00307 -0.05144 0.08258 0.02424 0.83819 -0.03615 0.54364
1403638530.0778295994 0.01020 -0.04936 0.07133 0.02475 0.83961 -0.03662 0.54139
1403638530.1778295040 0.02316 -0.04976 0.06174 0.02576 0.84136 -0.04105 0.53829
1403638530.2778294086 0.03811 -0.05141 0.05159 0.02788 0.84096 -0.04704 0.53832
1403638530.3778295517 0.05139 -0.05476 0.04174 0.03031 0.84036 -0.05216 0.53866
1403638530.4778294563 0.06309 -0.05853 0.03427 0.03048 0.84015 -0.05594 0.53861
1403638530.5778295994 0.07082 -0.06277 0.02867 0.02964 0.84016 -0.05919 0.53828
1403638530.6778295040 0.07516 -0.06616 0.02359 0.03073 0.84316 -0.06130 0.53327
1403638530.7778294086 0.07825 -0.06826 0.01811 0.03070 0.84661 -0.06276 0.52761
1403638530.8778295517 0.08061 -0.06951 0.01338 0.02865 0.84728 -0.06205 0.52673
1403638530.9778294563 0.08178 -0.06981 0.01040 0.02728 0.84511 -0.06199 0.53029
1403638531.0778295994 0.08188 -0.06939 0.00841 0.02791 0.84173 -0.06061 0.53576
1403638531.1778295040 0.08174 -0.06766 0.00913 0.02848 0.83964 -0.05845 0.53923
1403638531.2778294086 0.08209 -0.06655 0.00766 0.03118 0.83852 -0.05706 0.54098
1403638531.3778295517 0.08197 -0.06575 0.00732 0.03111 0.83737 -0.05726 0.54274
1403638531.4778294563 0.08179 -0.06614 0.00742 0.03132 0.83637 -0.05770 0.54422
1403638531.5778295994 0.08160 -0.06622 0.00728 0.03194 0.83674 -0.05662 0.54373
1403638531.6778295040 0.08157 -0.06601 0.00715 0.03124 0.83686 -0.05725 0.54351
1403638531.7778294086 0.08165 -0.06609 0.00714 0.03166 0.83682 -0.05735 0.54354
1403638531.8778295517 0.08158 -0.06612 0.00711 0.03189 0.83691 -0.05730 0.54341
1403638531.9778294563 0.08161 -0.06619 0.00707 0.03220 0.83691 -0.05737 0.54337
1403638532.0778295994 0.08159 -0.06623 0.00703 0.03245 0.83693 -0.05732 0.54333
1403638532.1778295040 0.08160 -0.06622 0.00701 0.03244 0.83692 -0.05742 0.54334
1403638532.2778294086 0.08161 -0.06620 0.00700 0.03236 0.83691 -0.05763 0.54334
1403638532.3778295517 0.08160 -0.06619 0.00698 0.03232 0.83689 -0.05769 0.54337
1403638532.4778294563 0.08161 -0.06621 0.00698 0.03231 0.83686 -0.05781 0.54340
1403638532.5778295994 0.08159 -0.06621 0.00695 0.03239 0.83688 -0.05789 0.54335
1403638532.6778295040 0.08162 -0.06625 0.00695 0.03252 0.83685 -0.05792 0.54339
1403638532.7778294086 0.08158 -0.06628 0.00694 0.03268 0.83687 -0.05785 0.54335
1403638532.8778295517 0.08158 -0.06628 0.00694 0.03281 0.83686 -0.05792 0.54336
1403638532.9778294563 0.08158 -0.06631 0.00694 0.03289 0.83683 -0.05797 0.54339
1403638533.0778295994 0.08156 -0.06632 0.00693 0.03296 0.83683 -0.05803 0.54337
1403638533.1778295040 0.08156 -0.06633 0.00692 0.03302 0.83679 -0.05813 0.54343
1403638533.2778294086 0.08155 -0.06635 0.00691 0.03309 0.83677 -0.05820 0.54345
1403638533.3778295517 0.08155 -0.06636 0.00690 0.03321 0.83676 -0.05821 0.54346
1403638533.4778294563 0.08156 -0.06640 0.00690 0.03327 0.83674 -0.05827 0.54348
1403638533.5778295994 0.08153 -0.06639 0.00689 0.03333 0.83673 -0.05834 0.54347
1403638533.6778295040 0.08154 -0.06641 0.00689 0.03338 0.83671 -0.05844 0.54350
1403638533.7778294086 0.08152 -0.06641 0.00689 0.03346 0.83669 -0.05851 0.54352
1403638533.8778295517 0.08153 -0.06640 0.00688 0.03332 0.83672 -0.05830 0.54350
1403638533.9778294563 0.08155 -0.06645 0.00687 0.03355 0.83671 -0.05859 0.54347
1403638534.0778295994 0.08147 -0.06648 0.00687 0.03404 0.83663 -0.05902 0.54351
1403638534.1778295040 0.08149 -0.06651 0.00690 0.03373 0.83667 -0.05886 0.54350
1403638534.2778294086 0.08150 -0.06645 0.00692 0.03353 0.83675 -0.05878 0.54339
1403638534.3778295517 0.08151 -0.06645 0.00692 0.03363 0.83674 -0.05886 0.54339
1403638534.4778294563 0.08152 -0.06652 0.00689 0.03386 0.83675 -0.05918 0.54333
1403638534.5778295994 0.08153 -0.06651 0.00690 0.03382 0.83682 -0.05895 0.54324
1403638534.6778295040 0.08156 -0.06647 0.00692 0.03371 0.83682 -0.05880 0.54327
1403638534.7778294086 0.08153 -0.06651 0.00691 0.03386 0.83681 -0.05874 0.54328
1403638534.8778295517 0.08153 -0.06656 0.00691 0.03423 0.83675 -0.05895 0.54333
1403638534.9778294563 0.08151 -0.06662 0.00691 0.03437 0.83678 -0.05904 0.54327
1403638535.0778295994 0.08150 -0.06663 0.00692 0.03432 0.83683 -0.05908 0.54319
1403638535.1778295040 0.08153 -0.06663 0.00691 0.03428 0.83679 -0.05914 0.54324
1403638535.2778294086 0.08150 -0.06663 0.00691 0.03424 0.83678 -0.05916 0.54325
1403638535.3778295517 0.08150 -0.06663 0.00694 0.03435 0.83678 -0.05917 0.54325
1403638535.4778294563 0.08151 -0.06664 0.00695 0.03450 0.83678 -0.05922 0.54324
1403638535.5778295994 0.08151 -0.06664 0.00695 0.03453 0.83678 -0.05920 0.54324
1403638535.6778295040 0.08152 -0.06665 0.00694 0.03453 0.83675 -0.05927 0.54327
1403638535.7778294086 0.08150 -0.06667 0.00694 0.03462 0.83673 -0.05930 0.54329
1403638535.8778295517 0.08151 -0.06668 0.00694 0.03456 0.83674 -0.05927 0.54329
1403638535.9778294563 0.08148 -0.06668 0.00695 0.03458 0.83678 -0.05929 0.54323
1403638536.0778295994 0.08150 -0.06669 0.00695 0.03462 0.83671 -0.05938 0.54331
1403638536.1778295040 0.08150 -0.06671 0.00696 0.03466 0.83670 -0.05943 0.54333
1403638536.2778294086 0.08150 -0.06672 0.00696 0.03476 0.83669 -0.05942 0.54334
1403638536.3778295517 0.08151 -0.06673 0.00696 0.03484 0.83663 -0.05948 0.54342
1403638536.4778294563 0.08150 -0.06674 0.00697 0.03488 0.83662 -0.05948 0.54343
1403638536.5778295994 0.08150 -0.06675 0.00696 0.03485 0.83661 -0.05951 0.54344
1403638536.6778295040 0.08150 -0.06675 0.00697 0.03488 0.83660 -0.05951 0.54345
1403638536.7778294086 0.08149 -0.06676 0.00696 0.03499 0.83655 -0.05958 0.54351
1403638536.8778295517 0.08149 -0.06677 0.00695 0.03495 0.83649 -0.05970 0.54360
1403638536.9778294563 0.08149 -0.06678 0.00696 0.03495 0.83650 -0.05977 0.54357
1403638537.0778295994 0.08151 -0.06677 0.00699 0.03501 0.83649 -0.05971 0.54359
1403638537.1778295040 0.08152 -0.06677 0.00699 0.03521 0.83643 -0.05972 0.54367
1403638537.2778294086 0.08152 -0.06678 0.00702 0.03539 0.83644 -0.05969 0.54364
1403638537.3778295517 0.08152 -0.06680 0.00701 0.03543 0.83641 -0.05970 0.54369
1403638537.4778294563 0.08153 -0.06680 0.00702 0.03542 0.83640 -0.05971 0.54371
1403638537.5778295994 0.08152 -0.06679 0.00705 0.03552 0.83642 -0.05962 0.54367
1403638537.6778295040 0.08154 -0.06681 0.00710 0.03562 0.83643 -0.05966 0.54364
1403638537.7778294086 0.08153 -0.06680 0.00709 0.03560 0.83640 -0.05971 0.54370
1403638537.8778295517 0.08156 -0.06681 0.00711 0.03575 0.83638 -0.05965 0.54372
1403638537.9778294563 0.08154 -0.06681 0.00713 0.03582 0.83635 -0.05978 0.54375
1403638538.0778295994 0.08155 -0.06681 0.00716 0.03582 0.83633 -0.05980 0.54378
1403638538.1778295040 0.08155 -0.06683 0.00718 0.03588 0.83630 -0.05980 0.54382
1403638538.2778294086 0.08164 -0.06680 0.00716 0.03594 0.83626 -0.05971 0.54389
1403638538.3778295517 0.08159 -0.06683 0.00719 0.03614 0.83621 -0.05972 0.54395
1403638538.4778294563 0.08156 -0.06684 0.00727 0.03615 0.83622 -0.05972 0.54393
1403638538.5778295994 0.08160 -0.06684 0.00731 0.03641 0.83620 -0.05975 0.54394
1403638538.6778295040 0.08159 -0.06683 0.00736 0.03624 0.83602 -0.05985 0.54422
1403638538.7778294086 0.08170 -0.06689 0.00768 0.03611 0.83524 -0.05969 0.54543
1403638538.8778295517 0.08310 -0.06649 0.00809 0.03537 0.83425 -0.05918 0.54706
1403638538.9778294563 0.08649 -0.06632 0.01057 0.03626 0.82953 -0.05851 0.55421
1403638539.0778295994 0.09074 -0.06621 0.01414 0.03801 0.82394 -0.06013 0.56220
1403638539.1778295040 0.09846 -0.06619 0.02187 0.03740 0.81867 -0.06065 0.56983
1403638539.2778294086 0.10731 -0.06627 0.03729 0.03733 0.81498 -0.05998 0.57517
1403638539.3778295517 0.11568 -0.06640 0.06047 0.03706 0.81591 -0.05954 0.57391
1403638539.4778294563 0.12487 -0.06732 0.08985 0.03680 0.81796 -0.05858 0.57109
1403638539.5778295994 0.13508 -0.06893 0.12193 0.03654 0.81893 -0.05728 0.56986
1403638539.6778295040 0.14622 -0.07034 0.14893 0.03496 0.81954 -0.05690 0.56912
1403638539.7778294086 0.15622 -0.07100 0.16515 0.03542 0.82079 -0.05513 0.56746
1403638539.8778295517 0.16836 -0.07091 0.17409 0.03461 0.82334 -0.05457 0.56386
1403638539.9778294563 0.18397 -0.07053 0.18151 0.03293 0.82791 -0.05432 0.55726
1403638540.0778295994 0.20363 -0.07161 0.18848 0.03274 0.83381 -0.05422 0.54841
1403638540.1778295040 0.22814 -0.07271 0.19570 0.03247 0.83776 -0.05398 0.54240
1403638540.2778294086 0.26212 -0.07355 0.21029 0.03307 0.83357 -0.05270 0.54890
1403638540.3778295517 0.30015 -0.07469 0.21800 0.03386 0.82750 -0.05070 0.55814
1403638540.4778294563 0.34233 -0.07499 0.22521 0.03071 0.82523 -0.04471 0.56219
1403638540.5778295994 0.38884 -0.07425 0.23067 0.02349 0.82551 -0.03327 0.56292
1403638540.6778295040 0.43807 -0.07297 0.23610 0.01513 0.82571 -0.01611 0.56365
1403638540.7778294086 0.48912 -0.06953 0.24073 0.00719 0.82490 0.00788 0.56517
1403638540.8778295517 0.54131 -0.06301 0.24407 -0.00317 0.82426 0.03588 0.56507
1403638540.9778294563 0.59368 -0.05167 0.24571 -0.01696 0.82272 0.06218 0.56479
1403638541.0778295994 0.64646 -0.03669 0.24510 -0.03080 0.82052 0.08168 0.56492
1403638541.1778295040 0.70068 -0.01853 0.23954 -0.04063 0.81874 0.09499 0.56479
1403638541.2778294086 0.75519 0.00467 0.23161 -0.04577 0.81794 0.10380 0.56400
1403638541.3778295517 0.80974 0.03253 0.23136 -0.04880 0.81776 0.10744 0.56333
1403638541.4778294563 0.86337 0.06490 0.23717 -0.05001 0.81757 0.10770 0.56345
1403638541.5778295994 0.91612 0.10308 0.24925 -0.04933 0.81614 0.10829 0.56547
1403638541.6778295040 0.97160 0.14859 0.26989 -0.05353 0.81443 0.11131 0.56697
1403638541.7778294086 1.02472 0.19863 0.29562 -0.06350 0.81304 0.11692 0.56680
1403638541.8778295517 1.07521 0.25351 0.32948 -0.07540 0.81159 0.12585 0.56550
1403638541.9778294563 1.12375 0.31038 0.36012 -0.08714 0.81045 0.14014 0.56208
1403638542.0778295994 1.17042 0.36840 0.38436 -0.10106 0.80829 0.15715 0.55836
1403638542.1778295040 1.21557 0.42739 0.40260 -0.11643 0.80438 0.17704 0.55504
1403638542.2778294086 1.25949 0.48776 0.41450 -0.13131 0.80035 0.20035 0.54960
1403638542.3778295517 1.30377 0.54911 0.42325 -0.14509 0.79256 0.22217 0.54904
1403638542.4778294563 1.34679 0.60999 0.42972 -0.15150 0.77888 0.24251 0.55819
1403638542.5778295994 1.38781 0.67177 0.43318 -0.14786 0.76674 0.26105 0.56753
1403638542.6778295040 1.42303 0.73702 0.43828 -0.14870 0.76324 0.27050 0.56761
1403638542.7778294086 1.45109 0.80634 0.45007 -0.15789 0.76728 0.26955 0.56009
1403638542.8778295517 1.47372 0.87962 0.46923 -0.16470 0.77264 0.26649 0.55216
1403638542.9778294563 1.49233 0.95476 0.49560 -0.16879 0.77727 0.26332 0.54591
1403638543.0778295994 1.50812 1.02993 0.52396 -0.17140 0.78091 0.26016 0.54141
1403638543.1778295040 1.52319 1.10607 0.54679 -0.17145 0.78220 0.25761 0.54075
1403638543.2778294086 1.53823 1.18228 0.56563 -0.17148 0.78261 0.25512 0.54132
1403638543.3778295517 1.55372 1.26051 0.57675 -0.17075 0.78382 0.25407 0.54030
1403638543.4778294563 1.56991 1.34048 0.58468 -0.17286 0.78284 0.25840 0.53899
1403638543.5778295994 1.58307 1.41946 0.59231 -0.17797 0.77986 0.26941 0.53625
1403638543.6778295040 1.59756 1.50240 0.59573 -0.18480 0.77423 0.28693 0.53301
1403638543.7778294086 1.60951 1.58558 0.60112 -0.19500 0.76620 0.30812 0.52914
1403638543.8778295517 1.62060 1.66728 0.61348 -0.20675 0.75612 0.33058 0.52560
1403638543.9778294563 1.63302 1.75304 0.63247 -0.22083 0.74765 0.34886 0.52015
1403638544.0778295994 1.64526 1.83840 0.65502 -0.23575 0.74369 0.36013 0.51152
1403638544.1778295040 1.65915 1.92460 0.67692 -0.24615 0.74063 0.36665 0.50640
1403638544.2778294086 1.67469 2.01366 0.69277 -0.25289 0.73812 0.37000 0.50431
1403638544.3778295517 1.69040 2.10194 0.70242 -0.25443 0.73751 0.37256 0.50254
1403638544.4778294563 1.70800 2.19261 0.70988 -0.25352 0.73810 0.37363 0.50134
1403638544.5778295994 1.72692 2.28504 0.71582 -0.25535 0.73546 0.37276 0.50492
1403638544.6778295040 1.74620 2.38058 0.72983 -0.26029 0.72901 0.37201 0.51224
1403638544.7778294086 1.76449 2.47097 0.74530 -0.26161 0.72819 0.37298 0.51205
1403638544.8778295517 1.78188 2.56280 0.76121 -0.25962 0.73145 0.37524 0.50673
1403638544.9778294563 1.79983 2.65196 0.77007 -0.25982 0.73228 0.37594 0.50490
1403638545.0778295994 1.81796 2.74108 0.77357 -0.26136 0.73105 0.37588 0.50594
1403638545.1778295040 1.83349 2.82907 0.77320 -0.26116 0.73064 0.37698 0.50581
1403638545.2778294086 1.85169 2.91731 0.76479 -0.26050 0.73003 0.37863 0.50580
1403638545.3778295517 1.87069 3.00609 0.75267 -0.26228 0.72739 0.37774 0.50934
1403638545.4778294563 1.88538 3.09004 0.73895 -0.26449 0.72727 0.37870 0.50765
1403638545.5778295994 1.90189 3.17827 0.72586 -0.26868 0.72506 0.38533 0.50362
1403638545.6778295040 1.91618 3.26287 0.72179 -0.27757 0.71947 0.39684 0.49783
1403638545.7778294086 1.93000 3.34392 0.72420 -0.28661 0.71165 0.41343 0.49039
1403638545.8778295517 1.94436 3.42778 0.73310 -0.29768 0.70098 0.43298 0.48223
1403638545.9778294563 1.95979 3.51292 0.74861 -0.30760 0.68850 0.45497 0.47365
1403638546.0778295994 1.97662 3.60166 0.76683 -0.31408 0.67656 0.47391 0.46801
1403638546.1778295040 1.99445 3.69280 0.77953 -0.32172 0.66792 0.48617 0.46262
1403638546.2778294086 2.01096 3.78551 0.78534 -0.32671 0.66322 0.49377 0.45782
1403638546.3778295517 2.02651 3.87884 0.78594 -0.33302 0.66168 0.49597 0.45308
1403638546.4778294563 2.04106 3.97260 0.78078 -0.33577 0.66134 0.49725 0.45014
1403638546.5778295994 2.05503 4.06802 0.77559 -0.33682 0.65931 0.50047 0.44877
1403638546.6778295040 2.06763 4.16418 0.77598 -0.34040 0.65449 0.50634 0.44653
1403638546.7778294086 2.07933 4.26329 0.78650 -0.34291 0.64994 0.51203 0.44476
1403638546.8778295517 2.08961 4.36434 0.80553 -0.34367 0.64628 0.51698 0.44379
1403638546.9778294563 2.09897 4.46837 0.82245 -0.34245 0.64298 0.52142 0.44432
1403638547.0778295994 2.10794 4.57421 0.83343 -0.34045 0.64050 0.52474 0.44554
1403638547.1778295040 2.11205 4.68124 0.83545 -0.33757 0.63843 0.52801 0.44683
1403638547.2778294086 2.11355 4.78807 0.83616 -0.33566 0.63703 0.52953 0.44846
1403638547.3778295517 2.10691 4.89252 0.82939 -0.33893 0.63842 0.52731 0.44665
1403638547.4778294563 2.10031 5.00146 0.82344 -0.34356 0.64154 0.52359 0.44299
1403638547.5778295994 2.09159 5.11105 0.81239 -0.34665 0.64498 0.52018 0.43960
1403638547.6778295040 2.07739 5.21440 0.79315 -0.34745 0.64609 0.51863 0.43918
1403638547.7778294086 2.06571 5.32670 0.77337 -0.34535 0.64549 0.51918 0.44106
1403638547.8778295517 2.04882 5.43140 0.74702 -0.34197 0.64256 0.52130 0.44544
1403638547.9778294563 2.03284 5.54755 0.72444 -0.34209 0.64246 0.52164 0.44510
1403638548.0778295994 2.01253 5.66368 0.70716 -0.34485 0.64203 0.52389 0.44092
1403638548.1778295040 1.99386 5.79135 0.70147 -0.34921 0.63830 0.52932 0.43640
1403638548.2778294086 1.97197 5.91920 0.70268 -0.35582 0.63196 0.53778 0.42989
1403638548.3778295517 1.94850 6.04788 0.71296 -0.36351 0.62256 0.54920 0.42267
1403638548.4778294563 1.92427 6.17763 0.73046 -0.37167 0.61299 0.55982 0.41558
1403638548.5778295994 1.90055 6.30065 0.74761 -0.37827 0.60505 0.56772 0.41050
1403638548.6778295040 1.87775 6.42445 0.76057 -0.38318 0.59955 0.57318 0.40642
1403638548.7778294086 1.85543 6.54896 0.77084 -0.38598 0.59567 0.57720 0.40378
1403638548.8778295517 1.83203 6.67689 0.78614 -0.38729 0.59354 0.57988 0.40181
1403638548.9778294563 1.80794 6.80522 0.80864 -0.38869 0.59250 0.58084 0.40062
1403638549.0778295994 1.78231 6.93526 0.83441 -0.38918 0.59224 0.58127 0.39989
1403638549.1778295040 1.75735 7.06294 0.86743 -0.39035 0.59220 0.58033 0.40018
1403638549.2778294086 1.73144 7.19354 0.90498 -0.39104 0.59309 0.57936 0.39960
1403638549.3778295517 1.70605 7.32613 0.94777 -0.39326 0.59462 0.57698 0.39858
1403638549.4778294563 1.68051 7.45956 0.98660 -0.39506 0.59608 0.57485 0.39769
1403638549.5778295994 1.65591 7.59485 1.02117 -0.39639 0.59619 0.57311 0.39871
1403638549.6778295040 1.63234 7.73203 1.04972 -0.39767 0.59571 0.57159 0.40035
1403638549.7778294086 1.61110 7.86563 1.07942 -0.39605 0.59593 0.57211 0.40087
1403638549.8778295517 1.59002 8.00251 1.11427 -0.39504 0.59745 0.57227 0.39937
1403638549.9778294563 1.56890 8.14097 1.15870 -0.39470 0.59837 0.57230 0.39830
1403638550.0778295994 1.54940 8.28210 1.21002 -0.39499 0.59870 0.57205 0.39786
1403638550.1778295040 1.53179 8.42526 1.26957 -0.39577 0.59922 0.57190 0.39653
1403638550.2778294086 1.51590 8.57257 1.33551 -0.39522 0.59880 0.57276 0.39647
1403638550.3778295517 1.50087 8.72102 1.40443 -0.39528 0.59786 0.57312 0.39731
1403638550.4778294563 1.48818 8.87057 1.46680 -0.39794 0.59846 0.57157 0.39598
1403638550.5778295994 1.47785 9.02186 1.51981 -0.40185 0.59916 0.56916 0.39444
1403638550.6778295040 1.47113 9.16964 1.56677 -0.40679 0.59757 0.56573 0.39671
1403638550.7778294086 1.46847 9.31158 1.60883 -0.40982 0.59683 0.56351 0.39786
1403638550.8778295517 1.46995 9.45430 1.64810 -0.41574 0.59309 0.55924 0.40331
1403638550.9778294563 1.47344 9.59186 1.68262 -0.42138 0.58894 0.55475 0.40968
1403638551.0778295994 1.47817 9.72515 1.71465 -0.42501 0.58650 0.55184 0.41335
1403638551.1778295040 1.48604 9.85005 1.74691 -0.42935 0.58698 0.54902 0.41192
1403638551.2778294086 1.49865 9.97036 1.78441 -0.42995 0.58877 0.54789 0.41025
1403638551.3778295517 1.51809 10.08070 1.82763 -0.42523 0.59646 0.54486 0.40809
1403638551.4778294563 1.54273 10.18947 1.86528 -0.41772 0.60907 0.53554 0.40957
1403638551.5778295994 1.57575 10.29037 1.89890 -0.41150 0.62417 0.51924 0.41410
1403638551.6778295040 1.61413 10.39594 1.92771 -0.40456 0.64120 0.50074 0.41767
1403638551.7778294086 1.66219 10.49793 1.95192 -0.39526 0.65537 0.48224 0.42625
1403638551.8778295517 1.71877 10.59409 1.97180 -0.38506 0.66599 0.46666 0.43636
1403638551.9778294563 1.78301 10.68238 1.99468 -0.37310 0.66940 0.45899 0.44949
1403638552.0778295994 1.85262 10.76064 2.02460 -0.36350 0.67093 0.45397 0.46003
1403638552.1778295040 1.92531 10.82969 2.05903 -0.35763 0.67581 0.45086 0.46055
1403638552.2778294086 2.00091 10.89056 2.09827 -0.35349 0.67978 0.44985 0.45889
1403638552.3778295517 2.07939 10.94543 2.13653 -0.35551 0.68080 0.44699 0.45862
1403638552.4778294563 2.16284 10.99788 2.16933 -0.36273 0.67714 0.44148 0.46367
1403638552.5778295994 2.24929 11.03835 2.19773 -0.36829 0.67340 0.43806 0.46796
1403638552.6778295040 2.33845 11.06958 2.21938 -0.36893 0.67108 0.43931 0.46963
1403638552.7778294086 2.43085 11.09122 2.23437 -0.36837 0.67039 0.44158 0.46892
1403638552.8778295517 2.52728 11.11047 2.24421 -0.36624 0.66902 0.44553 0.46880
1403638552.9778294563 2.62440 11.11529 2.24990 -0.36194 0.66664 0.45160 0.46974
1403638553.0778295994 2.72505 11.12247 2.25029 -0.35825 0.66441 0.45701 0.47049
1403638553.1778295040 2.82175 11.11654 2.24824 -0.36368 0.66050 0.45570 0.47309
1403638553.2778294086 2.92290 11.11214 2.24730 -0.37091 0.65479 0.45248 0.47847
1403638553.3778295517 3.02010 11.09203 2.25092 -0.37252 0.64955 0.45335 0.48352
1403638553.4778294563 3.11651 11.06293 2.25999 -0.36897 0.64409 0.45694 0.49012
1403638553.5778295994 3.21208 11.02482 2.27573 -0.36587 0.63980 0.45999 0.49518
1403638553.6778295040 3.30553 10.97485 2.29536 -0.36366 0.63885 0.46236 0.49582
1403638553.7778294086 3.39455 10.91373 2.32339 -0.36180 0.63935 0.46429 0.49474
1403638553.8778295517 3.47545 10.84248 2.35613 -0.35956 0.64116 0.46578 0.49262
1403638553.9778294563 3.55929 10.76975 2.39347 -0.35887 0.64423 0.46624 0.48867
1403638554.0778295994 3.63044 10.68346 2.42123 -0.35733 0.64753 0.46713 0.48457
1403638554.1778295040 3.71188 10.60375 2.45087 -0.35254 0.65043 0.47089 0.48054
1403638554.2778294086 3.78105 10.51096 2.46671 -0.34466 0.65628 0.47670 0.47251
1403638554.3778295517 3.85586 10.42663 2.48531 -0.33880 0.65954 0.48131 0.46751
1403638554.4778294563 3.92494 10.34168 2.49988 -0.33613 0.66098 0.48351 0.46512
1403638554.5778295994 3.98949 10.25724 2.50992 -0.33723 0.66188 0.48319 0.46338
1403638554.6778295040 4.05119 10.16926 2.51728 -0.34315 0.66410 0.47937 0.45980
1403638554.7778294086 4.11255 10.08667 2.53364 -0.34803 0.66481 0.47611 0.45850
1403638554.8778295517 4.17497 10.00133 2.55209 -0.35110 0.66495 0.47414 0.45800
1403638554.9778294563 4.23914 9.91663 2.57183 -0.35365 0.66564 0.47095 0.45832
1403638555.0778295994 4.30517 9.83793 2.58797 -0.34997 0.66890 0.46665 0.46079
1403638555.1778295040 4.37159 9.75038 2.59429 -0.34329 0.67498 0.45998 0.46365
1403638555.2778294086 4.44145 9.67141 2.60113 -0.33712 0.68125 0.45196 0.46689
1403638555.3778295517 4.51342 9.58736 2.60239 -0.33001 0.68448 0.44726 0.47174
1403638555.4778294563 4.58563 9.50087 2.59916 -0.32421 0.68659 0.44418 0.47559
1403638555.5778295994 4.65809 9.41352 2.59419 -0.32186 0.68793 0.44149 0.47775
1403638555.6778295040 4.73026 9.32529 2.59461 -0.32126 0.68966 0.43979 0.47723
1403638555.7778294086 4.80111 9.23520 2.60395 -0.32031 0.69084 0.43993 0.47603
1403638555.8778295517 4.87064 9.14535 2.62068 -0.31962 0.69087 0.44091 0.47555
1403638555.9778294563 4.94121 9.05903 2.64368 -0.31833 0.68960 0.44254 0.47673
1403638556.0778295994 5.01267 8.97500 2.67022 -0.31679 0.68973 0.44390 0.47632
1403638556.1778295040 5.08341 8.89572 2.69276 -0.31585 0.69412 0.44439 0.47007
1403638556.2778294086 5.15594 8.81758 2.70885 -0.31437 0.69740 0.44543 0.46518
1403638556.3778295517 5.22831 8.74787 2.72116 -0.31309 0.69960 0.44616 0.46204
1403638556.4778294563 5.30499 8.67543 2.73121 -0.31071 0.70268 0.44746 0.45769
1403638556.5778295994 5.38094 8.61769 2.74210 -0.31017 0.70571 0.44702 0.45380
1403638556.6778295040 5.46014 8.56444 2.75410 -0.31761 0.70828 0.44087 0.45066
1403638556.7778294086 5.54494 8.50728 2.77404 -0.32417 0.70512 0.43612 0.45554
1403638556.8778295517 5.63133 8.45960 2.80098 -0.32991 0.70369 0.43179 0.45776
1403638556.9778294563 5.72294 8.41351 2.83120 -0.33331 0.70229 0.42915 0.45991
1403638557.0778295994 5.82140 8.36674 2.85509 -0.33197 0.70086 0.43058 0.46173
1403638557.1778295040 5.92521 8.31913 2.87171 -0.33045 0.69928 0.43217 0.46371
1403638557.2778294086 6.03129 8.27092 2.88205 -0.32944 0.69823 0.43327 0.46499
1403638557.3778295517 6.14191 8.22230 2.88787 -0.32701 0.69703 0.43545 0.46648
1403638557.4778294563 6.25425 8.17473 2.89593 -0.32157 0.69404 0.43992 0.47051
1403638557.5778295994 6.36658 8.12722 2.90988 -0.31710 0.69166 0.44312 0.47403
1403638557.6778295040 6.47844 8.08112 2.92843 -0.31460 0.69050 0.44506 0.47556
1403638557.7778294086 6.58907 8.03555 2.94999 -0.31459 0.69018 0.44475 0.47631
1403638557.8778295517 6.69920 7.98922 2.96629 -0.31172 0.69013 0.44618 0.47694
1403638557.9778294563 6.80667 7.94393 2.97694 -0.30893 0.69138 0.44779 0.47544
1403638558.0778295994 6.91299 7.90003 2.98183 -0.30791 0.69513 0.44853 0.46991
1403638558.1778295040 7.02057 7.85803 2.98400 -0.30502 0.70090 0.45004 0.46170
1403638558.2778294086 7.12992 7.82082 2.99171 -0.30149 0.70501 0.45175 0.45606
1403638558.3778295517 7.23931 7.79195 3.00949 -0.29675 0.70634 0.45449 0.45438
1403638558.4778294563 7.34864 7.76956 3.03501 -0.29037 0.71002 0.45811 0.44910
1403638558.5778295994 7.45946 7.75681 3.06786 -0.29159 0.71258 0.45678 0.44559
1403638558.6778295040 7.57370 7.75414 3.10669 -0.29985 0.71333 0.45026 0.44555
1403638558.7778294086 7.68975 7.75938 3.14513 -0.30764 0.71303 0.44412 0.44688
1403638558.8778295517 7.81029 7.76878 3.17559 -0.31025 0.71180 0.44193 0.44921
1403638558.9778294563 7.93417 7.78259 3.19884 -0.31208 0.70704 0.44069 0.45661
1403638559.0778295994 8.06095 7.79920 3.21408 -0.31275 0.70261 0.44053 0.46311
1403638559.1778295040 8.18797 7.81903 3.22227 -0.31307 0.69922 0.44093 0.46761
1403638559.2778294086 8.31471 7.84040 3.22394 -0.31103 0.69641 0.44327 0.47094
1403638559.3778295517 8.44156 7.86222 3.21941 -0.30743 0.69412 0.44654 0.47359
1403638559.4778294563 8.56373 7.88523 3.21049 -0.30532 0.69182 0.44872 0.47624
1403638559.5778295994 8.68368 7.90946 3.19681 -0.30427 0.68967 0.45025 0.47860
1403638559.6778295040 8.80029 7.93610 3.18009 -0.30489 0.68864 0.45041 0.47953
1403638559.7778294086 8.91247 7.96378 3.16643 -0.30523 0.68780 0.45110 0.47987
1403638559.8778295517 9.02168 7.99468 3.15843 -0.30654 0.68859 0.45033 0.47862
1403638559.9778294563 9.12907 8.02664 3.15115 -0.30537 0.69214 0.44439 0.47980
1403638560.0778295994 9.23670 8.05968 3.13867 -0.29995 0.70000 0.43152 0.48356
1403638560.1778295040 9.34252 8.09205 3.11897 -0.29013 0.70967 0.41343 0.49119
1403638560.2778294086 9.44757 8.12518 3.09393 -0.27774 0.72041 0.39223 0.50003
1403638560.3778295517 9.55170 8.15745 3.06685 -0.26644 0.72814 0.36797 0.51325
1403638560.4778294563 9.65192 8.18756 3.03625 -0.25365 0.73607 0.34281 0.52569
1403638560.5778295994 9.74783 8.21326 3.00104 -0.24229 0.74518 0.31591 0.53498
1403638560.6778295040 9.84013 8.23478 2.96194 -0.23256 0.75556 0.28788 0.54052
1403638560.7778294086 9.92852 8.24945 2.92633 -0.22531 0.76423 0.26225 0.54444
1403638560.8778295517 10.01435 8.25608 2.89876 -0.21452 0.77059 0.23937 0.55034
1403638560.9778294563 10.10002 8.25594 2.87904 -0.20222 0.77478 0.21842 0.55778
1403638561.0778295994 10.18369 8.24790 2.86751 -0.18994 0.77724 0.19851 0.56606
1403638561.1778295040 10.26258 8.23094 2.86254 -0.17901 0.77852 0.18083 0.57373
1403638561.2778294086 10.33624 8.20654 2.86455 -0.17214 0.77871 0.16745 0.57960
1403638561.3778295517 10.40335 8.17451 2.86907 -0.16313 0.78327 0.16267 0.57742
1403638561.4778294563 10.46532 8.13581 2.86996 -0.14965 0.78908 0.16627 0.57211
1403638561.5778295994 10.52534 8.09380 2.86532 -0.14012 0.79251 0.17101 0.56837
1403638561.6778295040 10.58259 8.05073 2.85608 -0.13639 0.79414 0.17390 0.56612
1403638561.7778294086 10.63595 8.00657 2.84144 -0.13554 0.79429 0.17622 0.56540
1403638561.8778295517 10.68717 7.96087 2.81961 -0.13308 0.79365 0.17690 0.56668
1403638561.9778294563 10.73703 7.91365 2.79496 -0.12799 0.79459 0.17258 0.56786
1403638562.0778295994 10.78360 7.86589 2.77122 -0.12066 0.79632 0.16389 0.56962
1403638562.1778295040 10.82445 7.81622 2.75554 -0.11310 0.79812 0.15420 0.57135
1403638562.2778294086 10.86348 7.76877 2.74445 -0.10666 0.79912 0.14601 0.57334
1403638562.3778295517 10.89926 7.72080 2.73988 -0.10070 0.79997 0.13415 0.57612
1403638562.4778294563 10.93139 7.67146 2.73939 -0.09284 0.80224 0.11819 0.57777
1403638562.5778295994 10.96161 7.62235 2.74610 -0.08330 0.80449 0.09816 0.57985
1403638562.6778295040 10.98897 7.57232 2.75737 -0.07459 0.80721 0.07404 0.58083
1403638562.7778294086 11.01433 7.52025 2.76989 -0.06579 0.80871 0.04785 0.58256
1403638562.8778295517 11.03581 7.46455 2.77824 -0.05233 0.80981 0.02329 0.58389
1403638562.9778294563 11.05321 7.40569 2.78039 -0.03787 0.81045 0.00069 0.58458
1403638563.0778295994 11.06636 7.34408 2.77731 -0.02890 0.81023 -0.02333 0.58493
1403638563.1778295040 11.07262 7.27850 2.77020 -0.01702 0.80998 -0.04297 0.58464
1403638563.2778294086 11.07495 7.20841 2.75920 -0.00557 0.80681 -0.05665 0.58806
1403638563.3778295517 11.07065 7.13471 2.74359 0.00101 0.79902 -0.06620 0.59765
1403638563.4778294563 11.05943 7.05750 2.72225 0.00231 0.79293 -0.07308 0.60491
1403638563.5778295994 11.04181 6.97483 2.70054 0.00783 0.79352 -0.07272 0.60413
1403638563.6778295040 11.01749 6.88766 2.68482 0.00793 0.79707 -0.07278 0.59944
1403638563.7778294086 10.98757 6.79498 2.67603 0.00483 0.79936 -0.07309 0.59637
1403638563.8778295517 10.95258 6.69852 2.67557 0.00168 0.79903 -0.07217 0.59694
1403638563.9778294563 10.91301 6.59599 2.68142 -0.00190 0.79804 -0.07045 0.59847
1403638564.0778295994 10.86530 6.48988 2.68473 -0.00637 0.79875 -0.06821 0.59775
1403638564.1778295040 10.81203 6.37813 2.68290 -0.00812 0.79876 -0.06352 0.59823
1403638564.2778294086 10.75638 6.25844 2.67904 -0.00738 0.79726 -0.05794 0.60081
1403638564.3778295517 10.69169 6.13787 2.68059 -0.00749 0.79593 -0.05284 0.60303
1403638564.4778294563 10.62328 6.01170 2.68926 -0.00684 0.79476 -0.04851 0.60495
1403638564.5778295994 10.54326 5.88510 2.70191 -0.00957 0.79656 -0.04803 0.60257
1403638564.6778295040 10.45927 5.75624 2.71438 -0.01463 0.79832 -0.05095 0.59989
1403638564.7778294086 10.36523 5.62299 2.71953 -0.01835 0.79891 -0.05403 0.59873
1403638564.8778295517 10.27088 5.48459 2.71917 -0.02046 0.79846 -0.05656 0.59903
1403638564.9778294563 10.16889 5.33622 2.69765 -0.02233 0.79794 -0.05822 0.59950
1403638565.0778295994 10.06397 5.18388 2.66338 -0.02352 0.79835 -0.05901 0.59884
1403638565.1778295040 9.95513 5.02588 2.61384 -0.02396 0.79913 -0.05928 0.59775
1403638565.2778294086 9.84246 4.86159 2.55803 -0.02230 0.80012 -0.05850 0.59657
1403638565.3778295517 9.72657 4.69264 2.49933 -0.01953 0.80116 -0.05727 0.59539
1403638565.4778294563 9.60749 4.51907 2.44020 -0.01653 0.80049 -0.05632 0.59646
1403638565.5778295994 9.48632 4.34213 2.38747 -0.00988 0.79838 -0.05405 0.59965
1403638565.6778295040 9.36075 4.16347 2.34353 0.00194 0.79810 -0.04806 0.60060
1403638565.7778294086 9.23283 3.98536 2.30539 0.01100 0.80080 -0.04370 0.59723
1403638565.8778295517 9.09768 3.80898 2.27492 0.01824 0.80297 -0.04043 0.59437
1403638565.9778294563 8.95860 3.63573 2.24805 0.02071 0.80476 -0.04101 0.59182
1403638566.0778295994 8.81814 3.46707 2.21531 0.02229 0.80576 -0.04143 0.59038
1403638566.1778295040 8.67659 3.30179 2.17360 0.02025 0.80592 -0.04288 0.59013
1403638566.2778294086 8.53343 3.13961 2.12327 0.02086 0.80553 -0.04206 0.59070
1403638566.3778295517 8.39111 2.98036 2.06448 0.02109 0.80652 -0.04100 0.58940
1403638566.4778294563 8.24976 2.82440 1.99972 0.01772 0.80677 -0.04172 0.58913
1403638566.5778295994 8.10982 2.67264 1.92893 0.01698 0.80992 -0.03995 0.58493
1403638566.6778295040 7.97054 2.52521 1.85083 0.01615 0.81921 -0.03817 0.57200
1403638566.7778294086 7.83645 2.38173 1.76773 0.01537 0.83086 -0.03641 0.55508
1403638566.8778295517 7.71030 2.24129 1.68189 0.01369 0.83886 -0.03520 0.54303
1403638566.9778294563 7.59245 2.10312 1.59402 0.01366 0.84278 -0.03233 0.53711
1403638567.0778295994 7.48264 1.96897 1.50817 0.01344 0.83469 -0.03082 0.54969
1403638567.1778295040 7.38003 1.83698 1.41959 0.01545 0.82237 -0.02865 0.56802
1403638567.2778294086 7.27839 1.70584 1.32599 0.01850 0.81369 -0.02677 0.58038
1403638567.3778295517 7.17573 1.57872 1.22742 0.02135 0.81175 -0.02611 0.58303
1403638567.4778294563 7.07093 1.45486 1.13279 0.02321 0.81251 -0.02696 0.58187
1403638567.5778295994 6.96593 1.33544 1.04508 0.02453 0.81600 -0.02865 0.57682
1403638567.6778295040 6.85919 1.21608 0.96696 0.02781 0.81923 -0.02910 0.57205
1403638567.7778294086 6.75500 1.10174 0.89811 0.02979 0.82247 -0.02961 0.56726
1403638567.8778295517 6.65471 0.99179 0.83801 0.02897 0.82583 -0.03182 0.56227
1403638567.9778294563 6.56276 0.88765 0.78499 0.02893 0.82675 -0.03281 0.56087
1403638568.0778295994 6.47628 0.78823 0.74048 0.03196 0.82657 -0.03102 0.56107
1403638568.1778295040 6.39469 0.69435 0.70560 0.03401 0.82584 -0.02973 0.56209
1403638568.2778294086 6.31655 0.60565 0.67765 0.03501 0.82570 -0.03001 0.56223
1403638568.3778295517 6.24286 0.52129 0.65001 0.03506 0.82617 -0.03035 0.56151
1403638568.4778294563 6.17345 0.44319 0.61489 0.03558 0.82700 -0.03032 0.56025
1403638568.5778295994 6.10741 0.36777 0.57930 0.03645 0.82836 -0.02969 0.55821
1403638568.6778295040 6.04660 0.29831 0.53839 0.03780 0.83013 -0.02835 0.55556
1403638568.7778294086 5.99002 0.23470 0.50355 0.03742 0.83143 -0.02842 0.55364
1403638568.8778295517 5.93824 0.17864 0.47798 0.03548 0.83077 -0.03010 0.55467
1403638568.9778294563 5.89301 0.12539 0.45627 0.03741 0.83022 -0.02842 0.55545
1403638569.0778295994 5.84954 0.07704 0.44637 0.03892 0.82996 -0.02742 0.55578
1403638569.1778295040 5.81160 0.03216 0.43890 0.03951 0.83074 -0.02740 0.55458
1403638569.2778294086 5.77277 -0.00725 0.43484 0.04158 0.83192 -0.02640 0.55271
1403638569.3778295517 5.74366 -0.04169 0.42318 0.04244 0.83182 -0.02617 0.55280
1403638569.4778294563 5.71558 -0.07340 0.40803 0.04293 0.83036 -0.02573 0.55498
1403638569.5778295994 5.69753 -0.09640 0.38915 0.04364 0.82909 -0.02539 0.55684
1403638569.6778295040 5.68381 -0.11372 0.37591 0.04274 0.82796 -0.02635 0.55854
1403638569.7778294086 5.67327 -0.12548 0.36907 0.04368 0.82713 -0.02574 0.55972
1403638569.8778295517 5.66439 -0.13336 0.36831 0.04466 0.82589 -0.02466 0.56152
1403638569.9778294563 5.66101 -0.13484 0.37172 0.04341 0.82439 -0.02551 0.56378
1403638570.0778295994 5.66109 -0.13027 0.37282 0.04110 0.82382 -0.02706 0.56472
1403638570.1778295040 5.66329 -0.12168 0.36806 0.03615 0.82398 -0.02989 0.56467
1403638570.2778294086 5.66682 -0.11052 0.35744 0.02858 0.82345 -0.03456 0.56561
1403638570.3778295517 5.67198 -0.09810 0.34238 0.02228 0.82316 -0.04191 0.56582
1403638570.4778294563 5.67711 -0.08709 0.32203 0.01809 0.82258 -0.05754 0.56544
1403638570.5778295994 5.68200 -0.08098 0.29487 0.01113 0.81979 -0.08459 0.56627
1403638570.6778295040 5.68507 -0.08159 0.26412 0.01209 0.81443 -0.11386 0.56885
1403638570.7778294086 5.68746 -0.09200 0.23031 0.01953 0.80317 -0.14145 0.57838
1403638570.8778295517 5.68476 -0.11289 0.19432 0.03230 0.79132 -0.16591 0.58758
1403638570.9778294563 5.67489 -0.14427 0.15487 0.04792 0.78298 -0.18728 0.59125
1403638571.0778295994 5.65681 -0.18569 0.11092 0.06488 0.78004 -0.20639 0.58714
1403638571.1778295040 5.62896 -0.23528 0.06899 0.08637 0.78249 -0.21881 0.57652
1403638571.2778294086 5.59440 -0.29274 0.03655 0.10648 0.78363 -0.22519 0.56910
1403638571.3778295517 5.55266 -0.35414 0.01450 0.11910 0.78286 -0.23056 0.56549
1403638571.4778294563 5.50569 -0.41890 0.00205 0.12505 0.77995 -0.23527 0.56630
1403638571.5778295994 5.45360 -0.48665 -0.00673 0.13191 0.77747 -0.23941 0.56642
1403638571.6778295040 5.39776 -0.55705 -0.01952 0.13805 0.77704 -0.24871 0.56152
1403638571.7778294086 5.33883 -0.63083 -0.03752 0.14605 0.77632 -0.26204 0.55438
1403638571.8778295517 5.27796 -0.70796 -0.05979 0.15332 0.77314 -0.27964 0.54822
1403638571.9778294563 5.21422 -0.78928 -0.07869 0.16101 0.76689 -0.29949 0.54430
1403638572.0778295994 5.14763 -0.87391 -0.08971 0.17017 0.75976 -0.31857 0.54067
1403638572.1778295040 5.07681 -0.96222 -0.09173 0.18594 0.75275 -0.33361 0.53618
1403638572.2778294086 5.00276 -1.05279 -0.08900 0.20009 0.74824 -0.35011 0.52680
1403638572.3778295517 4.92787 -1.14663 -0.08837 0.21325 0.74316 -0.36836 0.51628
1403638572.4778294563 4.85282 -1.24379 -0.09059 0.22725 0.73900 -0.38138 0.50674
1403638572.5778295994 4.77925 -1.34455 -0.09406 0.23816 0.73506 -0.38997 0.50088
1403638572.6778295040 4.70747 -1.44868 -0.09642 0.24402 0.73318 -0.39534 0.49659
1403638572.7778294086 4.63835 -1.55737 -0.09069 0.25179 0.73455 -0.39509 0.49086
1403638572.8778295517 4.57311 -1.66935 -0.07700 0.25535 0.73695 -0.39438 0.48596
1403638572.9778294563 4.51152 -1.78458 -0.05846 0.25591 0.73909 -0.39334 0.48326
1403638573.0778295994 4.45431 -1.90297 -0.04423 0.25514 0.74115 -0.39210 0.48152
1403638573.1778295040 4.40118 -2.02436 -0.03665 0.25327 0.74276 -0.39084 0.48105
1403638573.2778294086 4.35362 -2.14792 -0.03039 0.25158 0.74419 -0.38883 0.48136
1403638573.3778295517 4.30802 -2.27594 -0.02389 0.25068 0.74497 -0.38785 0.48140
1403638573.4778294563 4.27146 -2.40540 -0.01284 0.25373 0.74509 -0.38798 0.47952
1403638573.5778295994 4.23808 -2.53956 0.00515 0.25537 0.74499 -0.38821 0.47861
1403638573.6778295040 4.21087 -2.67393 0.03044 0.25822 0.74532 -0.38875 0.47612
1403638573.7778294086 4.18906 -2.81046 0.06028 0.26507 0.74167 -0.39211 0.47530
1403638573.8778295517 4.17330 -2.94947 0.08943 0.27862 0.73137 -0.39761 0.47893
1403638573.9778294563 4.16335 -3.08770 0.11314 0.29031 0.71588 -0.41104 0.48403
1403638574.0778295994 4.15642 -3.22252 0.12964 0.29603 0.69548 -0.43249 0.49155
1403638574.1778295040 4.15003 -3.35260 0.14010 0.30201 0.67316 -0.45641 0.49733
1403638574.2778294086 4.14185 -3.47765 0.14524 0.31144 0.65436 -0.47861 0.49573
1403638574.3778295517 4.12538 -3.60110 0.14669 0.32381 0.64096 -0.49841 0.48570
1403638574.4778294563 4.10146 -3.72266 0.14485 0.33720 0.62928 -0.51629 0.47301
1403638574.5778295994 4.07274 -3.83994 0.14664 0.34758 0.61857 -0.53032 0.46402
1403638574.6778295040 4.04000 -3.95573 0.15685 0.35939 0.61218 -0.53731 0.45539
1403638574.7778294086 4.00602 -4.07088 0.17325 0.37014 0.61201 -0.53977 0.44395
1403638574.8778295517 3.97247 -4.18415 0.19325 0.37145 0.61411 -0.54410 0.43457
1403638574.9778294563 3.93816 -4.29365 0.20836 0.37000 0.61651 -0.54729 0.42835
1403638575.0778295994 3.90378 -4.40107 0.21639 0.36240 0.61517 -0.55258 0.42999
1403638575.1778295040 3.86827 -4.50789 0.21841 0.35649 0.61253 -0.55581 0.43449
1403638575.2778294086 3.83042 -4.61771 0.21845 0.35302 0.61127 -0.55662 0.43806
1403638575.3778295517 3.78908 -4.72736 0.21226 0.34981 0.61467 -0.55656 0.43596
1403638575.4778294563 3.74536 -4.84017 0.20351 0.34794 0.62021 -0.55491 0.43169
1403638575.5778295994 3.69868 -4.95507 0.19340 0.34702 0.62528 -0.55232 0.42842
1403638575.6778295040 3.65034 -5.07613 0.19027 0.35048 0.63168 -0.54699 0.42302
1403638575.7778294086 3.60115 -5.20254 0.19561 0.35142 0.63829 -0.54391 0.41623
1403638575.8778295517 3.55477 -5.33081 0.21030 0.35129 0.64254 -0.54177 0.41257
1403638575.9778294563 3.51282 -5.46133 0.23592 0.35077 0.64290 -0.54097 0.41351
1403638576.0778295994 3.47404 -5.59636 0.26854 0.35143 0.64352 -0.53955 0.41385
1403638576.1778295040 3.43785 -5.73848 0.30614 0.35225 0.64194 -0.53909 0.41619
1403638576.2778294086 3.40523 -5.88421 0.34075 0.35629 0.64248 -0.53653 0.41522
1403638576.3778295517 3.37600 -6.03445 0.36893 0.36084 0.64404 -0.53355 0.41270
1403638576.4778294563 3.35221 -6.18718 0.39149 0.36467 0.64666 -0.53104 0.40846
1403638576.5778295994 3.33481 -6.34307 0.40877 0.36923 0.65074 -0.52815 0.40157
1403638576.6778295040 3.32485 -6.50182 0.42164 0.37238 0.65221 -0.52595 0.39915
1403638576.7778294086 3.32353 -6.66391 0.43024 0.37726 0.64985 -0.52229 0.40322
1403638576.8778295517 3.32918 -6.82672 0.43388 0.37992 0.64487 -0.52053 0.41091
1403638576.9778294563 3.34189 -6.98889 0.43276 0.37789 0.63850 -0.52233 0.42035
1403638577.0778295994 3.36025 -7.14786 0.43090 0.37358 0.63471 -0.52574 0.42565
1403638577.1778295040 3.38226 -7.30508 0.43660 0.37073 0.63191 -0.52786 0.42966
1403638577.2778294086 3.40714 -7.46049 0.44829 0.37108 0.63245 -0.52761 0.42889
1403638577.3778295517 3.43442 -7.61608 0.46882 0.37770 0.63668 -0.52267 0.42285
1403638577.4778294563 3.46579 -7.76921 0.49477 0.38204 0.63915 -0.51940 0.41923
1403638577.5778295994 3.50247 -7.92127 0.51704 0.37907 0.63915 -0.52117 0.41974
1403638577.6778295040 3.54397 -8.06984 0.53347 0.37571 0.63809 -0.52328 0.42173
1403638577.7778294086 3.58887 -8.21631 0.54205 0.37298 0.63760 -0.52482 0.42299
1403638577.8778295517 3.63805 -8.36286 0.54581 0.37264 0.63780 -0.52457 0.42329
1403638577.9778294563 3.69059 -8.50401 0.54599 0.37347 0.63831 -0.52318 0.42351
1403638578.0778295994 3.74789 -8.64987 0.55341 0.37237 0.63756 -0.52313 0.42566
1403638578.1778295040 3.80889 -8.78806 0.56629 0.36781 0.63453 -0.52559 0.43110
1403638578.2778294086 3.87118 -8.92804 0.58530 0.35935 0.62964 -0.53114 0.43854
1403638578.3778295517 3.93220 -9.06770 0.60428 0.35731 0.62726 -0.53278 0.44160
1403638578.4778294563 3.99096 -9.20562 0.61701 0.35749 0.62685 -0.53319 0.44156
1403638578.5778295994 4.04753 -9.34074 0.62513 0.35752 0.62627 -0.53388 0.44153
1403638578.6778295040 4.10265 -9.47902 0.62886 0.35996 0.62614 -0.53273 0.44110
1403638578.7778294086 4.15497 -9.60996 0.63014 0.36532 0.62868 -0.52933 0.43717
1403638578.8778295517 4.20916 -9.74504 0.62682 0.37041 0.63148 -0.52571 0.43319
1403638578.9778294563 4.26454 -9.86827 0.62344 0.37296 0.63280 -0.52363 0.43159
1403638579.0778295994 4.32304 -10.00041 0.62844 0.37339 0.63350 -0.52261 0.43144
1403638579.1778295040 4.38292 -10.12211 0.64120 0.37396 0.63356 -0.52171 0.43194
1403638579.2778294086 4.44713 -10.24891 0.65980 0.37175 0.63259 -0.52281 0.43395
1403638579.3778295517 4.51152 -10.36299 0.67868 0.36609 0.62937 -0.52649 0.43894
1403638579.4778294563 4.57757 -10.48601 0.69568 0.36034 0.62512 -0.53040 0.44503
1403638579.5778295994 4.64072 -10.59541 0.70483 0.35916 0.62259 -0.52769 0.45269
1403638579.6778295040 4.70304 -10.70613 0.70962 0.36135 0.62326 -0.51556 0.46386
1403638579.7778294086 4.76415 -10.81387 0.70907 0.35977 0.63384 -0.49663 0.47134
1403638579.8778295517 4.82451 -10.91668 0.70163 0.34912 0.65399 -0.47554 0.47358
1403638579.9778294563 4.88511 -11.01497 0.68919 0.33198 0.67420 -0.45062 0.48184
1403638580.0778295994 4.94538 -11.10651 0.67531 0.31755 0.68891 -0.41624 0.50132
1403638580.1778295040 5.00578 -11.18805 0.65793 0.29772 0.70333 -0.37948 0.52219
1403638580.2778294086 5.06239 -11.25714 0.63554 0.27138 0.72044 -0.34480 0.53706
1403638580.3778295517 5.11637 -11.32092 0.60724 0.24115 0.73675 -0.31865 0.54545
1403638580.4778294563 5.16418 -11.37981 0.57445 0.21503 0.74842 -0.30228 0.54978
1403638580.5778295994 5.20831 -11.43788 0.54051 0.19751 0.75578 -0.28903 0.55339
1403638580.6778295040 5.24895 -11.49415 0.50695 0.18216 0.76595 -0.27452 0.55206
1403638580.7778294086 5.28612 -11.54980 0.48029 0.17178 0.77616 -0.25963 0.54833
1403638580.8778295517 5.31974 -11.60468 0.46217 0.16699 0.78315 -0.24882 0.54487
1403638580.9778294563 5.35490 -11.65974 0.45553 0.16119 0.78465 -0.24541 0.54600
1403638581.0778295994 5.38851 -11.71114 0.45838 0.16012 0.78567 -0.24371 0.54561
1403638581.1778295040 5.41811 -11.76051 0.46829 0.16268 0.78561 -0.24217 0.54562
1403638581.2778294086 5.44558 -11.80700 0.47945 0.16675 0.78569 -0.24188 0.54441
1403638581.3778295517 5.47575 -11.84566 0.49793 0.17038 0.78440 -0.24324 0.54454
1403638581.4778294563 5.50116 -11.88695 0.51121 0.17308 0.78226 -0.24488 0.54602
1403638581.5778295994 5.52522 -11.90823 0.54504 0.17653 0.78161 -0.24715 0.54483
1403638581.6778295040 5.55073 -11.94068 0.56632 0.18167 0.77749 -0.24709 0.54905
1403638581.7778294086 5.57319 -11.95182 0.59294 0.18420 0.77380 -0.24890 0.55259
1403638581.8778295517 5.59898 -11.97006 0.60753 0.18743 0.77069 -0.24904 0.55578
1403638581.9778294563 5.62597 -11.99648 0.61213 0.19133 0.76316 -0.24735 0.56550
1403638582.0778295994 5.65297 -12.01683 0.61938 0.19019 0.76494 -0.24926 0.56264
1403638582.1778295040 5.67974 -12.03718 0.63299 0.18614 0.77230 -0.25265 0.55233
1403638582.2778294086 5.70246 -12.05256 0.65609 0.18651 0.77532 -0.25269 0.54795
1403638582.3778295517 5.73199 -12.07130 0.69097 0.18906 0.77211 -0.25050 0.55259
1403638582.4778294563 5.75458 -12.08017 0.73256 0.19117 0.77094 -0.24889 0.55422
1403638582.5778295994 5.77620 -12.08437 0.78634 0.19222 0.77034 -0.24782 0.55517
1403638582.6778295040 5.80388 -12.09470 0.84482 0.19196 0.77142 -0.24808 0.55364
1403638582.7778294086 5.82420 -12.08959 0.91684 0.19023 0.77295 -0.24991 0.55127
1403638582.8778295517 5.84376 -12.08158 0.98936 0.19067 0.77425 -0.25049 0.54903
1403638582.9778294563 5.86259 -12.06954 1.05528 0.18949 0.77643 -0.25213 0.54560
1403638583.0778295994 5.88069 -12.05413 1.11337 0.18855 0.77890 -0.25386 0.54159
1403638583.1778295040 5.89925 -12.03671 1.16356 0.18852 0.78047 -0.25461 0.53898
1403638583.2778294086 5.92038 -12.01870 1.20754 0.18727 0.78104 -0.25592 0.53797
1403638583.3778295517 5.94894 -12.00428 1.23647 0.18771 0.78071 -0.25545 0.53852
1403638583.4778294563 5.97604 -11.98276 1.27432 0.18793 0.78140 -0.25559 0.53738
1403638583.5778295994 6.00414 -11.96113 1.31750 0.18808 0.78137 -0.25551 0.53740
1403638583.6778295040 6.03281 -11.93757 1.36811 0.18978 0.78167 -0.25431 0.53694
1403638583.7778294086 6.06273 -11.91194 1.41942 0.18953 0.78135 -0.25433 0.53747
1403638583.8778295517 6.10148 -11.87535 1.43598 0.19045 0.78047 -0.25390 0.53863
1403638583.9778294563 6.13801 -11.84485 1.47366 0.19090 0.78049 -0.25363 0.53857
1403638584.0778295994 6.17083 -11.81226 1.50428 0.19384 0.77707 -0.25139 0.54349
1403638584.1778295040 6.21360 -11.78483 1.50831 0.19803 0.76817 -0.24789 0.55610
1403638584.2778294086 6.24767 -11.74404 1.53216 0.20036 0.75918 -0.24555 0.56851
1403638584.3778295517 6.27860 -11.70352 1.52089 0.20194 0.75644 -0.24423 0.57216
1403638584.4778294563 6.29671 -11.64863 1.50580 0.20266 0.75636 -0.24354 0.57231
1403638584.5778295994 6.31203 -11.58801 1.50870 0.20230 0.75655 -0.24363 0.57215
1403638584.6778295040 6.32381 -11.52146 1.51817 0.19998 0.75834 -0.24497 0.57002
1403638584.7778294086 6.32389 -11.44792 1.50883 0.19615 0.76513 -0.24726 0.56122
1403638584.8778295517 6.33102 -11.37019 1.53346 0.18976 0.77274 -0.25192 0.55082
1403638584.9778294563 6.32265 -11.29065 1.52480 0.18767 0.77628 -0.25385 0.54565
1403638585.0778295994 6.31927 -11.20811 1.51719 0.18724 0.77748 -0.25448 0.54379
1403638585.1778295040 6.32239 -11.12815 1.52300 0.18482 0.77728 -0.25610 0.54414
1403638585.2778294086 6.31765 -11.05020 1.50235 0.18586 0.77540 -0.25528 0.54684
1403638585.3778295517 6.32145 -10.96995 1.49598 0.18645 0.77333 -0.25457 0.54990
1403638585.4778294563 6.31595 -10.89385 1.48092 0.18621 0.77357 -0.25469 0.54959
1403638585.5778295994 6.31927 -10.81326 1.47936 0.18529 0.77539 -0.25484 0.54726
1403638585.6778295040 6.31936 -10.73497 1.48062 0.18515 0.77794 -0.25476 0.54372
1403638585.7778294086 6.32488 -10.65222 1.49541 0.18192 0.78293 -0.25695 0.53656
1403638585.8778295517 6.32747 -10.57217 1.51744 0.17932 0.78671 -0.25881 0.53099
1403638585.9778294563 6.33521 -10.49311 1.54931 0.17750 0.78655 -0.26083 0.53084
1403638586.0778295994 6.34398 -10.41775 1.58358 0.17944 0.78238 -0.26008 0.53669
1403638586.1778295040 6.36150 -10.34207 1.60978 0.18136 0.77957 -0.25961 0.54036
1403638586.2778294086 6.37050 -10.26428 1.63186 0.18364 0.77692 -0.25843 0.54396
1403638586.3778295517 6.38722 -10.18948 1.64799 0.18953 0.77386 -0.25483 0.54797
1403638586.4778294563 6.39309 -10.10602 1.65916 0.19762 0.77213 -0.24984 0.54986
1403638586.5778295994 6.40700 -10.02652 1.66383 0.19985 0.77140 -0.24869 0.55059
1403638586.6778295040 6.41292 -9.93763 1.66140 0.19701 0.77217 -0.25083 0.54957
1403638586.7778294086 6.42690 -9.85477 1.65340 0.19294 0.77179 -0.25357 0.55028
1403638586.8778295517 6.43315 -9.76590 1.64012 0.19075 0.77063 -0.25443 0.55228
1403638586.9778294563 6.44399 -9.67955 1.62158 0.19098 0.77038 -0.25418 0.55267
1403638587.0778295994 6.44867 -9.58879 1.60177 0.19021 0.77014 -0.25468 0.55303
1403638587.1778295040 6.45742 -9.49764 1.58651 0.18976 0.77134 -0.25468 0.55151
1403638587.2778294086 6.46349 -9.40582 1.57845 0.18900 0.77302 -0.25484 0.54935
1403638587.3778295517 6.46928 -9.31191 1.57757 0.18836 0.77461 -0.25521 0.54715
1403638587.4778294563 6.47687 -9.21747 1.57775 0.18656 0.77466 -0.25700 0.54685
1403638587.5778295994 6.48312 -9.11982 1.57857 0.18577 0.77469 -0.25800 0.54661
1403638587.6778295040 6.49430 -9.02573 1.57052 0.18563 0.77428 -0.25855 0.54697
1403638587.7778294086 6.50073 -8.93049 1.55926 0.18559 0.77389 -0.25897 0.54734
1403638587.8778295517 6.51221 -8.83852 1.54184 0.18478 0.77352 -0.25985 0.54772
1403638587.9778294563 6.51828 -8.74339 1.52244 0.18459 0.77311 -0.26036 0.54813
1403638588.0778295994 6.52741 -8.65701 1.49685 0.18564 0.77271 -0.25920 0.54889
1403638588.1778295040 6.53086 -8.56521 1.46915 0.19222 0.77354 -0.25481 0.54750
1403638588.2778294086 6.53759 -8.47864 1.44029 0.19494 0.77441 -0.25234 0.54645
1403638588.3778295517 6.54252 -8.38198 1.42009 0.19558 0.77476 -0.25164 0.54605
1403638588.4778294563 6.55157 -8.28763 1.40651 0.19382 0.77472 -0.25266 0.54627
1403638588.5778295994 6.55686 -8.18533 1.40247 0.19142 0.77397 -0.25430 0.54742
1403638588.6778295040 6.56225 -8.08638 1.40540 0.18902 0.77321 -0.25559 0.54872
1403638588.7778294086 6.56625 -7.97956 1.41544 0.18755 0.77168 -0.25700 0.55072
1403638588.8778295517 6.57202 -7.88017 1.42186 0.18506 0.77115 -0.25929 0.55123
1403638588.9778294563 6.57305 -7.77603 1.42094 0.18533 0.77106 -0.25959 0.55111
1403638589.0778295994 6.57654 -7.67737 1.41327 0.18575 0.77134 -0.25988 0.55045
1403638589.1778295040 6.57593 -7.56995 1.39777 0.18739 0.77108 -0.25921 0.55057
1403638589.2778294086 6.57915 -7.47259 1.38214 0.18707 0.77013 -0.25935 0.55195
1403638589.3778295517 6.57633 -7.36499 1.36212 0.18729 0.76992 -0.25917 0.55225
1403638589.4778294563 6.57713 -7.26523 1.35000 0.18693 0.77082 -0.25981 0.55081
1403638589.5778295994 6.57158 -7.15728 1.34103 0.18629 0.77075 -0.26022 0.55093
1403638589.6778295040 6.57340 -7.05893 1.34429 0.18586 0.77143 -0.26028 0.55010
1403638589.7778294086 6.56745 -6.95340 1.35124 0.18622 0.77296 -0.26070 0.54762
1403638589.8778295517 6.56425 -6.85546 1.36347 0.18620 0.77356 -0.26168 0.54631
1403638589.9778294563 6.55779 -6.75044 1.36273 0.18659 0.77354 -0.26215 0.54598
1403638590.0778295994 6.55286 -6.65274 1.36429 0.18618 0.77355 -0.26294 0.54573
1403638590.1778295040 6.54667 -6.54832 1.35495 0.18684 0.77248 -0.26325 0.54687
1403638590.2778294086 6.54231 -6.45763 1.34836 0.18647 0.77180 -0.26382 0.54768
1403638590.3778295517 6.53475 -6.35489 1.33104 0.18670 0.77209 -0.26428 0.54697
1403638590.4778294563 6.52943 -6.26300 1.31499 0.18670 0.77274 -0.26451 0.54594
1403638590.5778295994 6.51982 -6.16244 1.29673 0.18562 0.77380 -0.26521 0.54447
1403638590.6778295040 6.51396 -6.07235 1.28763 0.18363 0.77556 -0.26618 0.54216
1403638590.7778294086 6.50553 -5.97567 1.28646 0.18285 0.77635 -0.26667 0.54105
1403638590.8778295517 6.49894 -5.88812 1.29215 0.18297 0.77723 -0.26661 0.53977
1403638590.9778294563 6.49155 -5.79399 1.30488 0.18167 0.77779 -0.26751 0.53896
1403638591.0778295994 6.48239 -5.69965 1.31997 0.18026 0.77865 -0.26889 0.53751
1403638591.1778295040 6.47705 -5.60691 1.33046 0.17932 0.78282 -0.27014 0.53110
1403638591.2778294086 6.47114 -5.51509 1.33147 0.17678 0.78862 -0.27236 0.52215
1403638591.3778295517 6.47000 -5.43247 1.32890 0.17340 0.79289 -0.27493 0.51544
1403638591.4778294563 6.47498 -5.35496 1.32165 0.17070 0.79558 -0.27709 0.51102
1403638591.5778295994 6.48605 -5.28410 1.30867 0.16797 0.79827 -0.27941 0.50643
1403638591.6778295040 6.50305 -5.22277 1.29189 0.16662 0.79852 -0.28054 0.50587
1403638591.7778294086 6.52667 -5.17100 1.27537 0.16837 0.79667 -0.27948 0.50878
1403638591.8778295517 6.55809 -5.13453 1.26069 0.16925 0.79442 -0.27858 0.51249
1403638591.9778294563 6.59445 -5.10791 1.25382 0.16989 0.79186 -0.27778 0.51666
1403638592.0778295994 6.63507 -5.09112 1.25544 0.17018 0.78937 -0.27658 0.52100
1403638592.1778295040 6.68040 -5.07267 1.26642 0.16818 0.78656 -0.27470 0.52686
1403638592.2778294086 6.72782 -5.06739 1.28933 0.16308 0.78118 -0.26924 0.53915
1403638592.3778295517 6.77533 -5.06008 1.32123 0.15411 0.77868 -0.26036 0.54965
1403638592.4778294563 6.82097 -5.05219 1.36003 0.14241 0.78129 -0.24653 0.55546
1403638592.5778295994 6.86304 -5.04838 1.40437 0.13460 0.78878 -0.23236 0.55292
1403638592.6778295040 6.90242 -5.04806 1.45427 0.12798 0.79633 -0.22114 0.54824
1403638592.7778294086 6.94115 -5.05127 1.50320 0.12279 0.80346 -0.21362 0.54197
1403638592.8778295517 6.97997 -5.05827 1.54699 0.11865 0.80854 -0.20900 0.53713
1403638592.9778294563 7.02064 -5.06822 1.58557 0.11796 0.81108 -0.20531 0.53487
1403638593.0778295994 7.06603 -5.08415 1.61770 0.11689 0.81184 -0.20401 0.53444
1403638593.1778295040 7.11480 -5.10325 1.65244 0.11703 0.81014 -0.20308 0.53733
1403638593.2778294086 7.16845 -5.12791 1.69116 0.12382 0.80691 -0.19926 0.54208
1403638593.3778295517 7.22336 -5.15381 1.73738 0.13287 0.80356 -0.19412 0.54676
1403638593.4778294563 7.27803 -5.17901 1.78075 0.14114 0.79896 -0.19014 0.55280
1403638593.5778295994 7.33433 -5.20217 1.81739 0.14577 0.79611 -0.18885 0.55614
1403638593.6778295040 7.39127 -5.22174 1.84731 0.14849 0.79488 -0.18855 0.55728
1403638593.7778294086 7.44865 -5.23764 1.87216 0.14986 0.79154 -0.18886 0.56155
1403638593.8778295517 7.50473 -5.24956 1.89615 0.14573 0.78111 -0.18883 0.57704
1403638593.9778294563 7.55628 -5.25524 1.92569 0.13927 0.77773 -0.18571 0.58416
1403638594.0778295994 7.60087 -5.25767 1.95824 0.13097 0.78332 -0.18376 0.57922
1403638594.1778295040 7.63939 -5.25823 1.99532 0.12873 0.78949 -0.17921 0.57273
1403638594.2778294086 7.67386 -5.25724 2.03096 0.12909 0.79197 -0.17445 0.57070
1403638594.3778295517 7.70468 -5.25308 2.06192 0.13162 0.79103 -0.16957 0.57288
1403638594.4778294563 7.73077 -5.24507 2.09896 0.13536 0.78975 -0.16411 0.57536
1403638594.5778295994 7.75427 -5.23234 2.13864 0.12981 0.79001 -0.16605 0.57573
1403638594.6778295040 7.77128 -5.21525 2.18762 0.12417 0.79053 -0.16929 0.57532
1403638594.7778294086 7.78815 -5.19817 2.22947 0.12205 0.79121 -0.17134 0.57422
1403638594.8778295517 7.79644 -5.17740 2.26881 0.12082 0.79120 -0.17304 0.57399
1403638594.9778294563 7.80792 -5.15735 2.29694 0.12196 0.79302 -0.17361 0.57106
1403638595.0778295994 7.81736 -5.13566 2.32002 0.12067 0.79417 -0.17546 0.56916
1403638595.1778295040 7.82561 -5.11370 2.33726 0.12060 0.79463 -0.17674 0.56814
1403638595.2778294086 7.83271 -5.09154 2.34876 0.12123 0.79506 -0.17706 0.56730
1403638595.3778295517 7.83139 -5.06367 2.36064 0.12121 0.79467 -0.17785 0.56761
1403638595.4778294563 7.83394 -5.04136 2.35931 0.12133 0.79499 -0.17810 0.56705
1403638595.5778295994 7.83536 -5.01824 2.35712 0.12143 0.79578 -0.17784 0.56601
1403638595.6778295040 7.83498 -4.99430 2.35986 0.12388 0.79584 -0.17620 0.56590
1403638595.7778294086 7.83372 -4.96834 2.36738 0.12824 0.79685 -0.17329 0.56441
1403638595.8778295517 7.83303 -4.94094 2.37242 0.12959 0.79726 -0.17268 0.56371
1403638595.9778294563 7.83190 -4.91290 2.36383 0.13204 0.79699 -0.17125 0.56395
1403638596.0778295994 7.82711 -4.87955 2.34770 0.13959 0.79775 -0.16645 0.56250
1403638596.1778295040 7.82578 -4.84583 2.32682 0.15087 0.79930 -0.15859 0.55965
1403638596.2778294086 7.82537 -4.80390 2.31288 0.16260 0.80113 -0.14997 0.55612
1403638596.3778295517 7.82403 -4.75094 2.31027 0.17198 0.80137 -0.14247 0.55492
1403638596.4778294563 7.82831 -4.68939 2.31323 0.17751 0.80112 -0.13765 0.55475
1403638596.5778295994 7.83682 -4.61569 2.32757 0.18426 0.80197 -0.13227 0.55263
1403638596.6778295040 7.85045 -4.52740 2.34729 0.19188 0.80231 -0.12627 0.55094
1403638596.7778294086 7.87078 -4.42309 2.37446 0.19581 0.80247 -0.12291 0.55009
1403638596.8778295517 7.89761 -4.30407 2.41074 0.19940 0.80190 -0.12008 0.55026
1403638596.9778294563 7.92710 -4.16652 2.44609 0.20122 0.80063 -0.11916 0.55163
1403638597.0778295994 7.96198 -4.01700 2.47871 0.20397 0.79980 -0.11811 0.55206
1403638597.1778295040 8.00075 -3.85194 2.50546 0.20629 0.79798 -0.11785 0.55388
1403638597.2778294086 8.04200 -3.66993 2.52497 0.20385 0.79525 -0.12087 0.55804
1403638597.3778295517 8.08707 -3.47294 2.53782 0.19907 0.79346 -0.12569 0.56124
1403638597.4778294563 8.13454 -3.26069 2.54848 0.19051 0.79014 -0.13271 0.56724
1403638597.5778295994 8.18107 -3.03721 2.55405 0.17783 0.78544 -0.14220 0.57554
1403638597.6778295040 8.22507 -2.80492 2.55493 0.17346 0.78306 -0.14623 0.57909
1403638597.7778294086 8.26577 -2.56504 2.55061 0.17763 0.78488 -0.14117 0.57661
1403638597.8778295517 8.30409 -2.31669 2.54171 0.18182 0.78758 -0.12986 0.57427
1403638597.9778294563 8.34039 -2.05877 2.52966 0.18294 0.78932 -0.12072 0.57353
1403638598.0778295994 8.37828 -1.78942 2.52207 0.17612 0.78955 -0.11821 0.57587
1403638598.1778295040 8.41450 -1.50820 2.52056 0.15454 0.79099 -0.12741 0.57811
1403638598.2778294086 8.44826 -1.22071 2.52364 0.13710 0.79285 -0.13588 0.57803
1403638598.3778295517 8.48127 -0.93251 2.52484 0.12621 0.79464 -0.14121 0.57679
1403638598.4778294563 8.51385 -0.64553 2.52008 0.12199 0.79697 -0.14300 0.57403
1403638598.5778295994 8.54400 -0.35992 2.50738 0.11707 0.79905 -0.14103 0.57264
1403638598.6778295040 8.57253 -0.07612 2.48915 0.11276 0.80154 -0.13252 0.57206
1403638598.7778294086 8.59894 0.20489 2.47214 0.10437 0.80395 -0.12169 0.57268
1403638598.8778295517 8.62260 0.48321 2.46179 0.09516 0.80523 -0.10722 0.57537
1403638598.9778294563 8.64238 0.75809 2.45476 0.08520 0.80799 -0.09079 0.57590
1403638599.0778295994 8.66095 1.03116 2.45209 0.07310 0.80968 -0.07407 0.57757
1403638599.1778295040 8.67736 1.30284 2.45518 0.06108 0.81129 -0.05637 0.57870
1403638599.2778294086 8.69066 1.57208 2.46253 0.05004 0.81356 -0.03730 0.57812
1403638599.3778295517 8.70192 1.83954 2.47725 0.03746 0.81705 -0.01995 0.57500
1403638599.4778294563 8.71084 2.10534 2.49709 0.02831 0.81940 -0.00653 0.57248
1403638599.5778295994 8.71904 2.37025 2.51534 0.02275 0.82182 0.00204 0.56928
1403638599.6778295040 8.72699 2.63450 2.52502 0.01912 0.82335 0.00669 0.56717
1403638599.7778294086 8.73641 2.89804 2.52616 0.01791 0.82349 0.00777 0.56700
1403638599.8778295517 8.74906 3.15963 2.52065 0.01602 0.82477 0.00531 0.56521
1403638599.9778294563 8.76357 3.41923 2.51108 0.01231 0.82492 -0.00030 0.56512
1403638600.0778295994 8.78256 3.67660 2.49765 0.00599 0.82599 -0.00813 0.56360
1403638600.1778295040 8.80452 3.92769 2.48046 -0.00605 0.82759 -0.01991 0.56094
1403638600.2778294086 8.82807 4.17169 2.45755 -0.01596 0.82958 -0.03063 0.55731
1403638600.3778295517 8.85547 4.40512 2.43355 -0.02349 0.83091 -0.03927 0.55453
1403638600.4778294563 8.88697 4.62502 2.41645 -0.02967 0.83200 -0.04579 0.55209
1403638600.5778295994 8.92362 4.82924 2.41012 -0.02758 0.83258 -0.04646 0.55127
1403638600.6778295040 8.96360 5.01804 2.41149 -0.03042 0.83405 -0.04946 0.54862
1403638600.7778294086 9.00855 5.19295 2.41971 -0.03013 0.83778 -0.04934 0.54294
1403638600.8778295517 9.06044 5.35167 2.43336 -0.01924 0.84171 -0.04053 0.53807
1403638600.9778294563 9.11765 5.49853 2.44395 -0.00256 0.84399 -0.02703 0.53567
1403638601.0778295994 9.18104 5.63653 2.44931 0.00651 0.84449 -0.01896 0.53520
1403638601.1778295040 9.25215 5.77000 2.45035 0.01438 0.84320 -0.01249 0.53727
1403638601.2778294086 9.33111 5.90287 2.44776 0.02389 0.83690 -0.00490 0.54682
1403638601.3778295517 9.41530 6.03623 2.44395 0.02122 0.83190 -0.00098 0.55452
1403638601.4778294563 9.50313 6.17330 2.44393 0.00824 0.82756 0.00374 0.56130
1403638601.5778295994 9.59206 6.31179 2.45198 -0.00245 0.82295 0.01808 0.56782
1403638601.6778295040 9.68133 6.44900 2.46511 -0.01360 0.82061 0.03818 0.57004
1403638601.7778294086 9.76894 6.58637 2.48532 -0.02618 0.81805 0.06371 0.57101
1403638601.8778295517 9.85410 6.72406 2.51379 -0.04003 0.81338 0.09283 0.57288
1403638601.9778294563 9.93551 6.86372 2.54337 -0.05487 0.81051 0.11628 0.57143
1403638602.0778295994 10.01457 7.00440 2.56699 -0.06639 0.80907 0.13324 0.56854
1403638602.1778295040 10.08965 7.14683 2.58422 -0.07226 0.80456 0.14894 0.57033
1403638602.2778294086 10.16064 7.29208 2.59682 -0.07976 0.79776 0.16646 0.57403
1403638602.3778295517 10.22703 7.44138 2.60946 -0.10211 0.78688 0.17906 0.58166
1403638602.4778294563 10.28593 7.59174 2.63249 -0.13674 0.76500 0.18565 0.60134
1403638602.5778295994 10.33305 7.73526 2.66317 -0.17170 0.74349 0.19074 0.61755
1403638602.6778295040 10.36617 7.86477 2.69909 -0.19230 0.73343 0.20419 0.61920
1403638602.7778294086 10.38163 7.97757 2.73976 -0.20331 0.72937 0.22382 0.61367
1403638602.8778295517 10.37737 8.07216 2.78456 -0.21441 0.72623 0.24343 0.60610
1403638602.9778294563 10.35813 8.15291 2.83202 -0.23407 0.72658 0.25871 0.59191
1403638603.0778295994 10.33029 8.22071 2.87646 -0.25289 0.72182 0.27335 0.58335
1403638603.1778295040 10.29721 8.27541 2.91428 -0.26502 0.71474 0.28769 0.57978
1403638603.2778294086 10.25691 8.31494 2.93975 -0.26336 0.72236 0.30465 0.56216
1403638603.3778295517 10.21134 8.34273 2.95567 -0.25672 0.73531 0.31882 0.54016
1403638603.4778294563 10.16426 8.36528 2.96712 -0.25330 0.74379 0.32580 0.52581
1403638603.5778295994 10.11910 8.38645 2.97605 -0.25450 0.74172 0.33001 0.52553
1403638603.6778295040 10.07222 8.40532 2.98068 -0.25636 0.73409 0.33238 0.53378
1403638603.7778294086 10.02658 8.41775 2.97687 -0.24992 0.72553 0.33878 0.54440
1403638603.8778295517 9.97250 8.42560 2.96808 -0.24306 0.71794 0.34375 0.55436
1403638603.9778294563 9.91178 8.43198 2.95372 -0.23780 0.71123 0.34655 0.56347
1403638604.0778295994 9.84472 8.43530 2.93225 -0.23166 0.70783 0.34924 0.56863
1403638604.1778295040 9.76541 8.43925 2.91570 -0.23033 0.70731 0.35002 0.56934
1403638604.2778294086 9.67653 8.43572 2.90618 -0.23678 0.71124 0.34620 0.56411
1403638604.3778295517 9.57553 8.42984 2.90340 -0.24224 0.71892 0.34296 0.55394
1403638604.4778294563 9.46854 8.41885 2.90761 -0.24021 0.72680 0.34445 0.54352
1403638604.5778295994 9.35917 8.40553 2.91742 -0.23833 0.73148 0.34569 0.53724
1403638604.6778295040 9.24700 8.39093 2.92263 -0.24102 0.73472 0.34403 0.53267
1403638604.7778294086 9.13460 8.37484 2.92272 -0.24514 0.73670 0.34131 0.52979
1403638604.8778295517 9.02272 8.35609 2.92255 -0.24623 0.73989 0.34063 0.52527
1403638604.9778294563 8.91289 8.33495 2.92569 -0.24388 0.74591 0.34235 0.51665
1403638605.0778295994 8.80510 8.31197 2.93678 -0.24143 0.75236 0.34425 0.50710
1403638605.1778295040 8.70141 8.29006 2.95626 -0.23900 0.75633 0.34622 0.50097
1403638605.2778294086 8.60305 8.27442 2.97719 -0.23515 0.75720 0.34888 0.49964
1403638605.3778295517 8.50839 8.26366 2.99276 -0.22898 0.75258 0.35318 0.50641
1403638605.4778294563 8.41745 8.25894 3.00485 -0.22152 0.74259 0.35880 0.52033
1403638605.5778295994 8.32312 8.25706 3.00827 -0.21583 0.73430 0.36309 0.53139
1403638605.6778295040 8.22651 8.25938 3.00709 -0.21121 0.72859 0.36644 0.53877
1403638605.7778294086 8.12320 8.26655 3.00951 -0.20960 0.72770 0.36754 0.53984
1403638605.8778295517 8.01630 8.27966 3.02358 -0.20681 0.72767 0.36917 0.53985
1403638605.9778294563 7.90285 8.30057 3.04113 -0.20275 0.72699 0.37110 0.54099
1403638606.0778295994 7.78275 8.32629 3.05924 -0.20011 0.72713 0.37181 0.54129
1403638606.1778295040 7.65532 8.35782 3.06702 -0.19670 0.72694 0.37336 0.54172
1403638606.2778294086 7.52249 8.39578 3.07180 -0.19455 0.72817 0.37370 0.54061
1403638606.3778295517 7.38284 8.44042 3.06417 -0.20024 0.73666 0.36880 0.53031
1403638606.4778294563 7.23764 8.48998 3.05211 -0.20853 0.74680 0.36203 0.51744
1403638606.5778295994 7.09223 8.54480 3.03452 -0.21563 0.75531 0.35731 0.50531
1403638606.6778295040 6.94917 8.60644 3.01311 -0.22121 0.75847 0.35938 0.49662
1403638606.7778294086 6.81101 8.67478 2.98723 -0.22616 0.75846 0.36856 0.48759
1403638606.8778295517 6.67900 8.74949 2.95955 -0.23487 0.75495 0.38125 0.47910
1403638606.9778294563 6.55440 8.83222 2.93694 -0.24594 0.74786 0.39679 0.47198
1403638607.0778295994 6.43813 8.92166 2.92475 -0.26010 0.73927 0.41129 0.46548
1403638607.1778295040 6.33099 9.01810 2.92034 -0.27657 0.72964 0.41842 0.46482
1403638607.2778294086 6.23115 9.11841 2.91563 -0.29032 0.71614 0.42294 0.47326
1403638607.3778295517 6.13463 9.22049 2.90239 -0.30300 0.70770 0.42307 0.47788
1403638607.4778294563 6.04278 9.32215 2.88006 -0.30883 0.70462 0.42424 0.47766
1403638607.5778295994 5.95550 9.42054 2.85048 -0.31080 0.70360 0.42560 0.47668
1403638607.6778295040 5.87172 9.51611 2.81804 -0.31240 0.70189 0.42562 0.47812
1403638607.7778294086 5.79340 9.61020 2.78278 -0.31076 0.70047 0.42610 0.48085
1403638607.8778295517 5.71680 9.70272 2.74357 -0.31186 0.70271 0.42397 0.47874
1403638607.9778294563 5.64694 9.79161 2.70038 -0.31410 0.70710 0.42053 0.47382
1403638608.0778295994 5.58182 9.88048 2.65296 -0.31473 0.70587 0.41799 0.47748
1403638608.1778295040 5.52118 9.96524 2.60069 -0.31077 0.70287 0.41843 0.48406
1403638608.2778294086 5.46476 10.04451 2.54419 -0.30937 0.69827 0.41780 0.49209
1403638608.3778295517 5.41002 10.12050 2.48294 -0.30955 0.69247 0.41668 0.50104
1403638608.4778294563 5.35438 10.19241 2.41669 -0.30965 0.69237 0.41628 0.50144
1403638608.5778295994 5.29978 10.25863 2.34458 -0.30788 0.69389 0.41695 0.49988
1403638608.6778295040 5.24465 10.32054 2.27622 -0.31332 0.69111 0.41304 0.50358
1403638608.7778294086 5.18939 10.37470 2.21168 -0.31380 0.69123 0.41276 0.50335
1403638608.8778295517 5.13513 10.42190 2.15216 -0.31259 0.69465 0.41409 0.49828
1403638608.9778294563 5.08043 10.46373 2.10127 -0.31178 0.69875 0.41491 0.49234
1403638609.0778295994 5.02799 10.50213 2.05613 -0.31124 0.70147 0.41541 0.48837
1403638609.1778295040 4.97720 10.53594 2.01779 -0.31318 0.70188 0.41405 0.48769
1403638609.2778294086 4.92830 10.56612 1.97886 -0.32114 0.70193 0.40831 0.48729
1403638609.3778295517 4.88384 10.59248 1.93266 -0.31997 0.70219 0.40880 0.48728
1403638609.4778294563 4.84232 10.61543 1.87941 -0.31628 0.70227 0.41094 0.48776
1403638609.5778295994 4.80416 10.63196 1.82031 -0.31282 0.70228 0.41293 0.48831
1403638609.6778295040 4.76779 10.65199 1.75441 -0.31071 0.70134 0.41443 0.48973
1403638609.7778294086 4.73493 10.66325 1.68996 -0.30952 0.70145 0.41519 0.48968
1403638609.8778295517 4.70493 10.67840 1.63132 -0.31004 0.70166 0.41490 0.48929
1403638609.9778294563 4.67650 10.68447 1.58186 -0.31095 0.70117 0.41409 0.49010
1403638610.0778295994 4.65427 10.69038 1.54153 -0.31438 0.69889 0.41161 0.49324
1403638610.1778295040 4.63128 10.69109 1.50460 -0.31543 0.69582 0.41079 0.49759
1403638610.2778294086 4.60920 10.68709 1.46348 -0.31780 0.69451 0.40881 0.49953
1403638610.3778295517 4.58813 10.67772 1.41551 -0.31866 0.69413 0.40816 0.50004
1403638610.4778294563 4.57057 10.66156 1.36348 -0.31891 0.69246 0.40768 0.50258
1403638610.5778295994 4.55012 10.64173 1.30667 -0.32162 0.68723 0.40553 0.50973
1403638610.6778295040 4.52824 10.61363 1.24912 -0.32597 0.68214 0.40238 0.51626
1403638610.7778294086 4.50328 10.57707 1.19371 -0.32361 0.68749 0.40500 0.50853
1403638610.8778295517 4.47825 10.53507 1.14695 -0.31993 0.69389 0.40886 0.49899
1403638610.9778294563 4.45541 10.48871 1.10624 -0.32056 0.69427 0.40911 0.49786
1403638611.0778295994 4.43340 10.43729 1.06429 -0.32368 0.69141 0.40726 0.50133
1403638611.1778295040 4.41368 10.38097 1.01857 -0.32501 0.69046 0.40744 0.50163
1403638611.2778294086 4.39422 10.31802 0.97215 -0.32446 0.69007 0.40840 0.50173
1403638611.3778295517 4.37429 10.24713 0.92999 -0.31802 0.68772 0.41290 0.50538
1403638611.4778294563 4.34897 10.17236 0.89099 -0.30563 0.68359 0.42079 0.51208
1403638611.5778295994 4.32391 10.09621 0.86240 -0.29675 0.68324 0.42605 0.51342
1403638611.6778295040 4.28904 10.01606 0.83622 -0.29501 0.68567 0.42633 0.51094
1403638611.7778294086 4.25287 9.93582 0.81012 -0.30073 0.69143 0.42193 0.50345
1403638611.8778295517 4.21761 9.85546 0.78059 -0.30604 0.69699 0.41748 0.49625
1403638611.9778294563 4.18112 9.77506 0.74637 -0.30874 0.70036 0.41478 0.49206
1403638612.0778295994 4.14634 9.69502 0.71388 -0.30817 0.70233 0.41446 0.48989
1403638612.1778295040 4.11402 9.61277 0.68749 -0.30959 0.70354 0.41288 0.48858
1403638612.2778294086 4.08541 9.53369 0.67094 -0.31012 0.70356 0.41219 0.48880
1403638612.3778295517 4.05925 9.45162 0.65855 -0.30846 0.70312 0.41279 0.48999
1403638612.4778294563 4.03443 9.36775 0.64285 -0.30780 0.70189 0.41207 0.49275
1403638612.5778295994 4.01085 9.28349 0.62152 -0.30484 0.69973 0.41265 0.49716
1403638612.6778295040 3.98680 9.19896 0.59290 -0.29895 0.69785 0.41511 0.50132
1403638612.7778294086 3.96090 9.11318 0.55672 -0.29604 0.69692 0.41494 0.50447
1403638612.8778295517 3.93370 9.02884 0.52348 -0.29616 0.69576 0.41266 0.50785
1403638612.9778294563 3.90069 8.93945 0.49046 -0.29709 0.69633 0.41056 0.50824
1403638613.0778295994 3.86868 8.85592 0.46932 -0.29772 0.69911 0.40936 0.50500
1403638613.1778295040 3.83339 8.77046 0.45529 -0.29728 0.70154 0.40906 0.50213
1403638613.2778294086 3.79549 8.68166 0.44702 -0.29646 0.70198 0.40925 0.50184
1403638613.3778295517 3.75832 8.59654 0.44639 -0.29571 0.70155 0.40975 0.50248
1403638613.4778294563 3.71852 8.50542 0.44237 -0.29637 0.70096 0.40868 0.50378
1403638613.5778295994 3.67946 8.42033 0.43341 -0.29555 0.70221 0.40432 0.50604
1403638613.6778295040 3.63904 8.33525 0.41851 -0.29939 0.70280 0.39758 0.50830
1403638613.7778294086 3.59634 8.24340 0.39559 -0.30315 0.70139 0.38995 0.51390
1403638613.8778295517 3.55494 8.15259 0.36519 -0.30000 0.70350 0.38181 0.51895
1403638613.9778294563 3.51182 8.05193 0.33007 -0.29228 0.70937 0.37182 0.52260
1403638614.0778295994 3.46930 7.95072 0.29205 -0.28026 0.71728 0.35987 0.52673
1403638614.1778295040 3.42390 7.84418 0.25370 -0.26552 0.72738 0.34681 0.52929
1403638614.2778294086 3.37617 7.73342 0.22011 -0.25448 0.73609 0.33317 0.53143
1403638614.3778295517 3.32678 7.62297 0.19208 -0.24585 0.74263 0.32359 0.53230
1403638614.4778294563 3.27635 7.51416 0.17342 -0.24234 0.74723 0.31456 0.53288
1403638614.5778295994 3.22557 7.40276 0.16299 -0.23841 0.75159 0.30614 0.53342
1403638614.6778295040 3.17813 7.29346 0.16056 -0.23534 0.75665 0.29406 0.53444
1403638614.7778294086 3.13429 7.18467 0.17043 -0.23356 0.76634 0.27734 0.53033
1403638614.8778295517 3.09380 7.07571 0.19022 -0.22598 0.77729 0.25962 0.52664
1403638614.9778294563 3.06045 6.96656 0.21728 -0.21280 0.78631 0.24035 0.52789
1403638615.0778295994 3.03429 6.85531 0.24915 -0.19463 0.79344 0.21948 0.53329
1403638615.1778295040 3.01462 6.74250 0.28622 -0.17300 0.79661 0.19733 0.54455
1403638615.2778294086 2.99831 6.62618 0.32652 -0.14781 0.79869 0.17591 0.55615
1403638615.3778295517 2.98224 6.51028 0.36262 -0.12630 0.80202 0.15047 0.56407
1403638615.4778294563 2.96613 6.39293 0.39232 -0.10592 0.80474 0.12456 0.57067
1403638615.5778295994 2.94813 6.27411 0.41445 -0.08878 0.80771 0.10019 0.57418
1403638615.6778295040 2.92899 6.15530 0.43216 -0.07556 0.80955 0.08288 0.57623
1403638615.7778294086 2.90936 6.03968 0.45556 -0.06786 0.81068 0.07043 0.57726
1403638615.8778295517 2.88763 5.92509 0.48653 -0.06266 0.81176 0.05864 0.57765
1403638615.9778294563 2.86617 5.81089 0.51564 -0.05550 0.81317 0.04675 0.57748
1403638616.0778295994 2.84367 5.69496 0.53825 -0.04664 0.81362 0.03455 0.57849
1403638616.1778295040 2.82030 5.57807 0.54793 -0.03694 0.81463 0.02051 0.57843
1403638616.2778294086 2.79653 5.46093 0.54051 -0.02637 0.81539 0.00236 0.57830
1403638616.3778295517 2.77214 5.34147 0.51874 -0.01320 0.81583 -0.01687 0.57789
1403638616.4778294563 2.74711 5.22063 0.48961 -0.00276 0.81609 -0.03472 0.57687
1403638616.5778295994 2.72172 5.10042 0.45708 0.00647 0.81758 -0.04719 0.57384
1403638616.6778295040 2.69693 4.98090 0.42063 0.01211 0.82209 -0.05686 0.56639
1403638616.7778294086 2.67346 4.86159 0.37967 0.00885 0.83039 -0.06722 0.55305
1403638616.8778295517 2.65585 4.74224 0.33832 0.00481 0.83603 -0.07406 0.54365
1403638616.9778294563 2.64640 4.61883 0.30554 0.01005 0.83432 -0.07165 0.54652
1403638617.0778295994 2.64290 4.49027 0.28288 0.01572 0.83077 -0.06654 0.55240
1403638617.1778295040 2.64251 4.35922 0.26844 0.02173 0.82803 -0.05959 0.55709
1403638617.2778294086 2.64534 4.22742 0.25858 0.02328 0.83049 -0.05492 0.55382
1403638617.3778295517 2.65251 4.09561 0.25378 0.02275 0.83459 -0.05209 0.54793
1403638617.4778294563 2.66559 3.96690 0.25773 0.02234 0.83743 -0.04888 0.54390
1403638617.5778295994 2.68493 3.84032 0.26993 0.02210 0.83822 -0.04592 0.54294
1403638617.6778295040 2.71148 3.71712 0.29069 0.02319 0.83693 -0.04194 0.54521
1403638617.7778294086 2.74529 3.59867 0.31998 0.02343 0.83539 -0.03923 0.54776
1403638617.8778295517 2.78327 3.48292 0.35600 0.02444 0.83547 -0.03586 0.54782
1403638617.9778294563 2.82670 3.37210 0.39610 0.02247 0.83446 -0.03538 0.54947
1403638618.0778295994 2.87474 3.26370 0.43122 0.02173 0.83413 -0.03406 0.55008
1403638618.1778295040 2.92748 3.15891 0.45996 0.01936 0.83431 -0.03395 0.54991
1403638618.2778294086 2.98334 3.05574 0.48238 0.01985 0.83435 -0.03243 0.54992
1403638618.3778295517 3.04318 2.95749 0.50125 0.01966 0.83366 -0.03136 0.55103
1403638618.4778294563 3.10656 2.86046 0.51720 0.01943 0.83382 -0.03011 0.55087
1403638618.5778295994 3.17420 2.76690 0.53180 0.02059 0.83286 -0.02925 0.55233
1403638618.6778295040 3.24515 2.67432 0.54351 0.02448 0.83270 -0.03234 0.55223
1403638618.7778294086 3.32102 2.58606 0.56012 0.02704 0.83199 -0.03547 0.55300
1403638618.8778295517 3.40022 2.50120 0.58263 0.03009 0.83022 -0.03873 0.55527
1403638618.9778294563 3.48165 2.41921 0.60681 0.03616 0.82601 -0.04756 0.56048
1403638619.0778295994 3.56422 2.33878 0.62386 0.04811 0.82224 -0.06113 0.56380
1403638619.1778295040 3.64720 2.26045 0.63325 0.06172 0.81843 -0.07989 0.56567
1403638619.2778294086 3.73024 2.18583 0.63524 0.07572 0.81416 -0.10387 0.56623
1403638619.3778295517 3.81246 2.11404 0.62795 0.09191 0.80932 -0.12826 0.56577
1403638619.4778294563 3.89447 2.04561 0.61682 0.10247 0.80474 -0.14936 0.56532
1403638619.5778295994 3.97750 1.97989 0.60452 0.10899 0.80084 -0.16499 0.56529
1403638619.6778295040 4.05934 1.91616 0.58932 0.10528 0.79709 -0.18134 0.56629
1403638619.7778294086 4.13865 1.85206 0.57185 0.10167 0.79445 -0.19283 0.56686
1403638619.8778295517 4.21425 1.78585 0.55302 0.10134 0.79222 -0.19922 0.56783
1403638619.9778294563 4.28501 1.71783 0.52904 0.10269 0.79130 -0.20287 0.56758
1403638620.0778295994 4.34960 1.64583 0.51005 0.10481 0.78872 -0.20439 0.57023
1403638620.1778295040 4.40972 1.57153 0.49398 0.10949 0.78569 -0.20324 0.57394
1403638620.2778294086 4.45992 1.49525 0.48792 0.11216 0.78626 -0.20204 0.57305
1403638620.3778295517 4.50589 1.41799 0.48703 0.11486 0.78769 -0.19991 0.57130
1403638620.4778294563 4.54292 1.34098 0.49427 0.11589 0.78884 -0.19780 0.57024
1403638620.5778295994 4.57960 1.26203 0.49883 0.11544 0.79022 -0.19623 0.56896
1403638620.6778295040 4.61191 1.18347 0.49836 0.11252 0.79274 -0.19614 0.56607
1403638620.7778294086 4.63639 1.10561 0.49370 0.10890 0.79608 -0.19652 0.56194
1403638620.8778295517 4.66402 1.02368 0.48371 0.11206 0.79933 -0.19204 0.55825
1403638620.9778294563 4.68966 0.94278 0.47070 0.11662 0.80001 -0.18612 0.55834
1403638621.0778295994 4.71036 0.86300 0.45813 0.12038 0.79851 -0.18098 0.56138
1403638621.1778295040 4.73559 0.78216 0.44836 0.11908 0.79731 -0.17914 0.56393
1403638621.2778294086 4.75932 0.70367 0.44651 0.11939 0.79624 -0.17646 0.56622
1403638621.3778295517 4.78279 0.62700 0.44798 0.12104 0.79716 -0.17344 0.56552
1403638621.4778294563 4.80341 0.55529 0.44645 0.12170 0.79542 -0.17133 0.56846
1403638621.5778295994 4.82501 0.48405 0.43729 0.12169 0.79328 -0.16924 0.57206
1403638621.6778295040 4.84263 0.41815 0.42372 0.12134 0.79232 -0.16821 0.57377
1403638621.7778294086 4.85524 0.35894 0.40739 0.12236 0.79074 -0.16689 0.57611
1403638621.8778295517 4.86674 0.29917 0.38615 0.12426 0.78733 -0.16501 0.58089
1403638621.9778294563 4.87362 0.24655 0.36251 0.12475 0.78480 -0.16436 0.58439
1403638622.0778295994 4.87369 0.20441 0.33620 0.12340 0.78440 -0.16545 0.58490
1403638622.1778295040 4.87151 0.15889 0.30506 0.12020 0.78533 -0.16736 0.58378
1403638622.2778294086 4.86420 0.11893 0.27856 0.11741 0.78463 -0.16975 0.58459
1403638622.3778295517 4.85194 0.08187 0.25964 0.11805 0.78561 -0.17030 0.58300
1403638622.4778294563 4.83123 0.05455 0.25231 0.12176 0.78645 -0.16874 0.58155
1403638622.5778295994 4.80894 0.02175 0.24839 0.12521 0.78627 -0.16743 0.58144
1403638622.6778295040 4.78087 0.00234 0.25673 0.12928 0.78225 -0.16570 0.58645
1403638622.7778294086 4.74913 -0.02023 0.27230 0.13221 0.77109 -0.16416 0.60083
1403638622.8778295517 4.71251 -0.03250 0.29522 0.13404 0.76633 -0.16369 0.60661
1403638622.9778294563 4.66674 -0.03936 0.31510 0.13254 0.77014 -0.16616 0.60142
1403638623.0778295994 4.61167 -0.04197 0.32724 0.12878 0.77657 -0.16977 0.59290
1403638623.1778295040 4.54995 -0.03897 0.33439 0.12368 0.78042 -0.17360 0.58780
1403638623.2778294086 4.48110 -0.02978 0.33749 0.12057 0.78376 -0.17606 0.58326
1403638623.3778295517 4.41007 -0.02482 0.33549 0.11820 0.78633 -0.17781 0.57975
1403638623.4778294563 4.33363 -0.01528 0.33028 0.11883 0.78800 -0.17771 0.57736
1403638623.5778295994 4.25698 -0.00787 0.32626 0.12016 0.78816 -0.17700 0.57709
1403638623.6778295040 4.17473 0.00049 0.33098 0.12152 0.78866 -0.17647 0.57629
1403638623.7778294086 4.09049 0.00958 0.34147 0.12371 0.78969 -0.17623 0.57448
1403638623.8778295517 4.00188 0.02098 0.35716 0.12508 0.79083 -0.17632 0.57258
1403638623.9778294563 3.90928 0.03307 0.37142 0.12659 0.79196 -0.17684 0.57052
1403638624.0778295994 3.81682 0.04778 0.38084 0.12491 0.79223 -0.17961 0.56966
1403638624.1778295040 3.72284 0.06165 0.38561 0.12244 0.79209 -0.18203 0.56962
1403638624.2778294086 3.62722 0.07810 0.38440 0.12040 0.79172 -0.18465 0.56972
1403638624.3778295517 3.53240 0.09372 0.38023 0.12001 0.79122 -0.18641 0.56994
1403638624.4778294563 3.43896 0.10654 0.37462 0.12143 0.79105 -0.18666 0.56978
1403638624.5778295994 3.34039 0.12185 0.36180 0.11694 0.78266 -0.19130 0.58066
1403638624.6778295040 3.23992 0.13575 0.34693 0.11866 0.77845 -0.18893 0.58672
1403638624.7778294086 3.14015 0.14735 0.33709 0.12340 0.78462 -0.17907 0.58058
1403638624.8778295517 3.03085 0.16476 0.33299 0.12467 0.79083 -0.17092 0.57432
1403638624.9778294563 2.93067 0.17914 0.33736 0.11732 0.79416 -0.16884 0.57187
1403638625.0778295994 2.82963 0.19447 0.34280 0.10966 0.79525 -0.16788 0.57217
1403638625.1778295040 2.71971 0.21377 0.34274 0.10329 0.79614 -0.16809 0.57205
1403638625.2778294086 2.61885 0.22620 0.34040 0.10120 0.79709 -0.16648 0.57157
1403638625.3778295517 2.50949 0.24200 0.33525 0.10004 0.79725 -0.16544 0.57185
1403638625.4778294563 2.40847 0.25094 0.33757 0.09900 0.79678 -0.16504 0.57280
1403638625.5778295994 2.29993 0.26386 0.34405 0.09963 0.79735 -0.16431 0.57211
1403638625.6778295040 2.19349 0.27394 0.35816 0.09969 0.79899 -0.16424 0.56983
1403638625.7778294086 2.08642 0.28162 0.37522 0.09840 0.80350 -0.16537 0.56334
1403638625.8778295517 1.97974 0.29110 0.38603 0.09857 0.80610 -0.16581 0.55946
1403638625.9778294563 1.87382 0.29577 0.39348 0.09961 0.80651 -0.16592 0.55865
1403638626.0778295994 1.77265 0.30055 0.39446 0.09804 0.80776 -0.16773 0.55658
1403638626.1778295040 1.67349 0.30257 0.39114 0.09827 0.80814 -0.16812 0.55587
1403638626.2778294086 1.57794 0.30272 0.38336 0.10126 0.80671 -0.16669 0.55784
1403638626.3778295517 1.47810 0.30251 0.37269 0.10919 0.80489 -0.16134 0.56054
1403638626.4778294563 1.38759 0.30220 0.35841 0.11166 0.80369 -0.15914 0.56239
1403638626.5778295994 1.29288 0.30322 0.34252 0.11227 0.80602 -0.15822 0.55918
1403638626.6778295040 1.20730 0.30430 0.32790 0.11099 0.80793 -0.15865 0.55655
1403638626.7778294086 1.12374 0.30706 0.31694 0.10830 0.81180 -0.16043 0.55092
1403638626.8778295517 1.04158 0.30875 0.31384 0.10768 0.81450 -0.16023 0.54710
1403638626.9778294563 0.96648 0.31033 0.31733 0.10697 0.81540 -0.16036 0.54586
1403638627.0778295994 0.89898 0.31150 0.31927 0.10630 0.81551 -0.15996 0.54595
1403638627.1778295040 0.83550 0.31060 0.31524 0.10552 0.81545 -0.15983 0.54623
1403638627.2778294086 0.77925 0.30913 0.30984 0.10681 0.81551 -0.15847 0.54629
1403638627.3778295517 0.72760 0.30765 0.30169 0.10886 0.81496 -0.15656 0.54724
1403638627.4778294563 0.68097 0.30604 0.29028 0.10905 0.81537 -0.15625 0.54669
1403638627.5778295994 0.63957 0.30452 0.27693 0.11031 0.81424 -0.15581 0.54824
1403638627.6778295040 0.60911 0.30269 0.25975 0.11244 0.81130 -0.15504 0.55237
1403638627.7778294086 0.57792 0.30240 0.24464 0.11424 0.80946 -0.15411 0.55495
1403638627.8778295517 0.54906 0.30394 0.22807 0.11521 0.80881 -0.15410 0.55570
1403638627.9778294563 0.52035 0.30666 0.21174 0.11556 0.81077 -0.15423 0.55274
1403638628.0778295994 0.50311 0.31038 0.19246 0.11652 0.81192 -0.15455 0.55076
1403638628.1778295040 0.48143 0.31567 0.17969 0.11756 0.81248 -0.15503 0.54957
1403638628.2778294086 0.46609 0.32264 0.16786 0.11771 0.81270 -0.15571 0.54902
1403638628.3778295517 0.45890 0.32928 0.15558 0.11632 0.81327 -0.15725 0.54803
1403638628.4778294563 0.44992 0.33873 0.15033 0.11048 0.81042 -0.16184 0.55211
1403638628.5778295994 0.44540 0.34784 0.14830 0.10260 0.80319 -0.16742 0.56243
1403638628.6778295040 0.44071 0.35584 0.14756 0.09717 0.79909 -0.17135 0.56802
1403638628.7778294086 0.45241 0.36472 0.14575 0.09916 0.80035 -0.17080 0.56607
1403638628.8778295517 0.44322 0.36846 0.13702 0.10359 0.80100 -0.16802 0.56519
1403638628.9778294563 0.43412 0.37107 0.12545 0.10848 0.80172 -0.16508 0.56411
1403638629.0778295994 0.42415 0.37448 0.11570 0.11324 0.80292 -0.16165 0.56246
1403638629.1778295040 0.40895 0.37729 0.11029 0.11555 0.80411 -0.15958 0.56088
1403638629.2778294086 0.39709 0.38307 0.10546 0.11615 0.80442 -0.15880 0.56054
1403638629.3778295517 0.38678 0.39027 0.10204 0.11697 0.80744 -0.15891 0.55597
1403638629.4778294563 0.38110 0.39834 0.10031 0.11551 0.81183 -0.16072 0.54932
1403638629.5778295994 0.38352 0.40562 0.10021 0.11191 0.81478 -0.16356 0.54485
1403638629.6778295040 0.39049 0.41141 0.10253 0.10099 0.81257 -0.17183 0.54773
1403638629.7778294086 0.39843 0.41510 0.10593 0.09439 0.80689 -0.17706 0.55558
1403638629.8778295517 0.40589 0.41586 0.10545 0.09293 0.80045 -0.17860 0.56458
1403638629.9778294563 0.41163 0.41296 0.09689 0.10403 0.79500 -0.17168 0.57244
1403638630.0778295994 0.41369 0.40944 0.07832 0.11321 0.79152 -0.16552 0.57731
1403638630.1778295040 0.41331 0.40742 0.04977 0.11753 0.79434 -0.16213 0.57352
1403638630.2778294086 0.40911 0.40671 0.01533 0.11822 0.79890 -0.16144 0.56721
1403638630.3778295517 0.41023 0.40962 -0.01064 0.11394 0.81827 -0.16264 0.53944
1403638630.4778294563 0.42201 0.41052 0.00040 0.11378 0.80032 -0.16078 0.56630
1403638630.5778295994 0.43206 0.41134 -0.00118 0.11341 0.79960 -0.16189 0.56707
1403638630.6778295040 0.43905 0.41211 -0.02364 0.11045 0.81857 -0.15912 0.54077
1403638630.7778294086 0.43972 0.40520 -0.02741 0.11290 0.82551 -0.15336 0.53129
1403638630.8778295517 0.43306 0.40465 -0.03236 0.10812 0.82420 -0.15435 0.53402
1403638630.9778294563 0.42814 0.40518 -0.03559 0.10830 0.82408 -0.15456 0.53411
1403638631.0778295994 0.42137 0.40611 -0.03995 0.10899 0.82416 -0.15406 0.53399
1403638631.1778295040 0.41504 0.40682 -0.04426 0.10890 0.82420 -0.15427 0.53389
1403638631.2778294086 0.40815 0.40774 -0.04810 0.10879 0.82427 -0.15423 0.53381
1403638631.3778295517 0.40139 0.40860 -0.05168 0.10853 0.82435 -0.15440 0.53370
1403638631.4778294563 0.39487 0.40947 -0.05498 0.10829 0.82429 -0.15466 0.53376
1403638631.5778295994 0.38811 0.41039 -0.05835 0.10818 0.82428 -0.15472 0.53378
1403638631.6778295040 0.38170 0.41116 -0.06156 0.10786 0.82428 -0.15510 0.53374
