1403638523.0778295994 0.03446 0.00347 0.36699 -0.07207 0.80847 0.01513 0.58391
1403638523.1778295040 0.03456 -0.00137 0.39179 -0.07128 0.80747 0.01547 0.58538
1403638523.2778294086 0.03228 -0.00964 0.38446 -0.06199 0.80506 0.01539 0.58974
1403638523.3778295517 0.03154 -0.01500 0.35432 -0.05743 0.80400 0.01449 0.59167
1403638523.4778294563 0.03003 -0.02086 0.31145 -0.05273 0.80770 0.01701 0.58698
1403638523.5778295994 0.02545 -0.02789 0.26142 -0.04575 0.81694 0.02129 0.57450
1403638523.6778295040 0.02045 -0.03338 0.21095 -0.03876 0.82634 0.02407 0.56132
1403638523.7778294086 0.01432 -0.03848 0.16199 -0.03506 0.83089 0.02689 0.55468
1403638523.8778295517 0.00741 -0.04333 0.11783 -0.03176 0.83146 0.02978 0.55387
1403638523.9778294563 0.00015 -0.04734 0.08495 -0.02250 0.83146 0.03581 0.55397
1403638524.0778295994 -0.00365 -0.04977 0.07252 -0.01551 0.83454 0.04419 0.54895
1403638524.1778295040 -0.00433 -0.04846 0.09297 -0.01603 0.83910 0.04908 0.54152
1403638524.2778294086 -0.00320 -0.04862 0.13663 -0.02243 0.84006 0.05027 0.53970
1403638524.3778295517 0.00066 -0.04860 0.19165 -0.03172 0.83729 0.04859 0.54368
1403638524.4778294563 0.00696 -0.04784 0.25220 -0.03855 0.83072 0.04668 0.55338
1403638524.5778295994 0.01522 -0.04573 0.31213 -0.04162 0.82191 0.04528 0.56629
1403638524.6778295040 0.02404 -0.04269 0.36617 -0.03738 0.81548 0.03963 0.57622
1403638524.7778294086 0.03104 -0.03833 0.40690 -0.02471 0.81164 0.03458 0.58261
1403638524.8778295517 0.03578 -0.03347 0.43306 -0.02069 0.81013 0.03171 0.58502
1403638524.9778294563 0.03746 -0.02982 0.44237 -0.02717 0.80857 0.03397 0.58678
1403638525.0778295994 0.03809 -0.02809 0.42996 -0.02489 0.80588 0.03742 0.59037
1403638525.1778295040 0.03900 -0.02682 0.39635 -0.02266 0.80442 0.04205 0.59213
1403638525.2778294086 0.03734 -0.02780 0.35036 -0.02289 0.80708 0.04707 0.58812
1403638525.3778295517 0.03553 -0.02859 0.29653 -0.02571 0.81598 0.05213 0.57515
1403638525.4778294563 0.03215 -0.02875 0.24406 -0.03452 0.82822 0.05415 0.55672
1403638525.5778295994 0.02846 -0.03109 0.19816 -0.04107 0.83727 0.05382 0.54258
1403638525.6778295040 0.02626 -0.03346 0.15970 -0.04212 0.84020 0.05086 0.53825
1403638525.7778294086 0.02612 -0.03456 0.12915 -0.03933 0.83865 0.04505 0.54138
1403638525.8778295517 0.02600 -0.03682 0.10709 -0.03249 0.83502 0.04083 0.54773
1403638525.9778294563 0.02147 -0.04510 0.09464 -0.02416 0.83358 0.03969 0.55043
1403638526.0778295994 0.01792 -0.06486 0.09397 -0.01982 0.83518 0.03758 0.54834
1403638526.1778295040 0.01519 -0.09409 0.10211 -0.01807 0.83755 0.02853 0.54532
1403638526.2778294086 0.01082 -0.13013 0.11553 -0.01467 0.83660 0.01953 0.54727
1403638526.3778295517 0.00367 -0.17082 0.13022 -0.01240 0.83244 0.01092 0.55387
1403638526.4778294563 -0.00610 -0.21603 0.14316 -0.01110 0.82731 -0.00012 0.56164
1403638526.5778295994 -0.01715 -0.26713 0.15232 -0.00975 0.82196 -0.01110 0.56935
1403638526.6778295040 -0.02996 -0.32581 0.15940 -0.00519 0.81677 -0.01956 0.57661
1403638526.7778294086 -0.04541 -0.39028 0.16456 0.00327 0.81367 -0.02504 0.58078
1403638526.8778295517 -0.06247 -0.45495 0.16767 0.01128 0.81292 -0.02828 0.58157
1403638526.9778294563 -0.07991 -0.51614 0.17046 0.01552 0.81599 -0.03464 0.57681
1403638527.0778295994 -0.09502 -0.57408 0.17408 0.02313 0.82046 -0.04773 0.56923
1403638527.1778295040 -0.10667 -0.62579 0.17972 0.03086 0.82218 -0.06289 0.56490
1403638527.2778294086 -0.11372 -0.66587 0.18661 0.04229 0.81921 -0.07658 0.56678
1403638527.3778295517 -0.11525 -0.68888 0.19308 0.05765 0.81406 -0.08525 0.57159
1403638527.4778294563 -0.11174 -0.69098 0.19705 0.06790 0.81044 -0.08960 0.57493
1403638527.5778295994 -0.10306 -0.67187 0.19801 0.07082 0.80978 -0.09072 0.57533
1403638527.6778295040 -0.08916 -0.63288 0.19575 0.06902 0.81035 -0.08709 0.57531
1403638527.7778294086 -0.07425 -0.58701 0.19562 0.06330 0.81181 -0.07968 0.57499
1403638527.8778295517 -0.05830 -0.53310 0.19818 0.04914 0.81502 -0.07466 0.57250
1403638527.9778294563 -0.03893 -0.47460 0.20118 0.03871 0.81598 -0.06960 0.57257
1403638528.0778295994 -0.01839 -0.41564 0.20246 0.03157 0.81482 -0.06193 0.57553
1403638528.1778295040 0.00232 -0.35976 0.19948 0.02144 0.81531 -0.05276 0.57622
1403638528.2778294086 0.02719 -0.30992 0.19359 0.00856 0.81676 -0.04189 0.57539
1403638528.3778295517 0.05805 -0.27224 0.18732 0.00101 0.81645 -0.03352 0.57644
1403638528.4778294563 0.09442 -0.24600 0.18214 0.00215 0.81576 -0.02988 0.57761
1403638528.5778295994 0.13100 -0.22515 0.17893 0.00331 0.81775 -0.03408 0.57456
1403638528.6778295040 0.16647 -0.21089 0.17860 0.00183 0.81908 -0.04146 0.57217
1403638528.7778294086 0.19747 -0.20134 0.18146 0.00661 0.81832 -0.04643 0.57285
1403638528.8778295517 0.21407 -0.19324 0.18816 0.00270 0.81741 -0.05385 0.57353
1403638528.9778294563 0.21908 -0.18014 0.20034 -0.00391 0.81735 -0.06066 0.57293
1403638529.0778295994 0.20232 -0.17080 0.21707 -0.00270 0.81831 -0.06195 0.57142
1403638529.1778295040 0.17493 -0.15388 0.22687 0.01423 0.81934 -0.05503 0.57049
1403638529.2778294086 0.14027 -0.13314 0.22549 0.02589 0.82133 -0.04897 0.56776
1403638529.3778295517 0.10354 -0.10773 0.21307 0.03003 0.82660 -0.04461 0.56021
1403638529.4778294563 0.07088 -0.09006 0.19189 0.02867 0.83669 -0.04212 0.54531
1403638529.5778295994 0.04501 -0.07801 0.16681 0.02635 0.84689 -0.03919 0.52967
1403638529.6778295040 0.02353 -0.07473 0.14222 0.02729 0.85075 -0.03595 0.52363
1403638529.7778294086 0.01295 -0.06638 0.11920 0.02648 0.84723 -0.03522 0.52940
1403638529.8778295517 0.00777 -0.05841 0.09817 0.02500 0.84087 -0.03628 0.53944
1403638529.9778294563 0.00329 -0.05173 0.08278 0.02440 0.83822 -0.03636 0.54357
1403638530.0778295994 0.01037 -0.04961 0.07148 0.02493 0.83964 -0.03684 0.54132
1403638530.1778295040 0.02332 -0.05000 0.06186 0.02595 0.84140 -0.04128 0.53821
1403638530.2778294086 0.03827 -0.05166 0.05170 0.02808 0.84100 -0.04728 0.53824
1403638530.3778295517 0.05156 -0.05503 0.04183 0.03052 0.84040 -0.05241 0.53857
1403638530.4778294563 0.06326 -0.05882 0.03435 0.03069 0.84018 -0.05620 0.53852
1403638530.5778295994 0.07099 -0.06307 0.02875 0.02986 0.84019 -0.05944 0.53820
1403638530.6778295040 0.07533 -0.06646 0.02366 0.03095 0.84319 -0.06156 0.53318
1403638530.7778294086 0.07841 -0.06856 0.01818 0.03092 0.84664 -0.06302 0.52752
1403638530.8778295517 0.08076 -0.06982 0.01346 0.02887 0.84731 -0.06231 0.52664
1403638530.9778294563 0.08194 -0.07012 0.01047 0.02750 0.84514 -0.06226 0.53020
1403638531.0778295994 0.08203 -0.06971 0.00848 0.02813 0.84176 -0.06087 0.53567
1403638531.1778295040 0.08189 -0.06797 0.00920 0.02870 0.83968 -0.05871 0.53913
1403638531.2778294086 0.08224 -0.06686 0.00773 0.03140 0.83856 -0.05732 0.54088
1403638531.3778295517 0.08212 -0.06606 0.00739 0.03133 0.83741 -0.05752 0.54264
1403638531.4778294563 0.08194 -0.06645 0.00749 0.03155 0.83641 -0.05795 0.54412
1403638531.5778295994 0.08176 -0.06653 0.00734 0.03217 0.83678 -0.05687 0.54363
1403638531.6778295040 0.08173 -0.06632 0.00722 0.03146 0.83690 -0.05750 0.54341
1403638531.7778294086 0.08180 -0.06640 0.00721 0.03188 0.83686 -0.05759 0.54345
1403638531.8778295517 0.08174 -0.06643 0.00717 0.03211 0.83694 -0.05753 0.54331
1403638531.9778294563 0.08176 -0.06650 0.00714 0.03242 0.83694 -0.05760 0.54328
1403638532.0778295994 0.08174 -0.06653 0.00709 0.03265 0.83696 -0.05754 0.54325
1403638532.1778295040 0.08176 -0.06653 0.00707 0.03264 0.83695 -0.05764 0.54326
1403638532.2778294086 0.08176 -0.06651 0.00706 0.03256 0.83693 -0.05785 0.54327
1403638532.3778295517 0.08175 -0.06650 0.00704 0.03252 0.83691 -0.05790 0.54330
1403638532.4778294563 0.08176 -0.06651 0.00704 0.03251 0.83688 -0.05802 0.54333
1403638532.5778295994 0.08174 -0.06652 0.00701 0.03258 0.83690 -0.05809 0.54329
1403638532.6778295040 0.08177 -0.06656 0.00701 0.03270 0.83687 -0.05811 0.54333
1403638532.7778294086 0.08174 -0.06657 0.00700 0.03284 0.83689 -0.05804 0.54330
1403638532.8778295517 0.08173 -0.06658 0.00700 0.03297 0.83687 -0.05810 0.54330
1403638532.9778294563 0.08173 -0.06660 0.00700 0.03304 0.83685 -0.05814 0.54334
1403638533.0778295994 0.08171 -0.06661 0.00699 0.03311 0.83685 -0.05819 0.54332
1403638533.1778295040 0.08172 -0.06663 0.00698 0.03316 0.83680 -0.05828 0.54338
1403638533.2778294086 0.08170 -0.06664 0.00697 0.03320 0.83678 -0.05834 0.54340
1403638533.3778295517 0.08170 -0.06665 0.00696 0.03332 0.83677 -0.05834 0.54342
1403638533.4778294563 0.08171 -0.06668 0.00696 0.03337 0.83675 -0.05840 0.54344
1403638533.5778295994 0.08168 -0.06667 0.00695 0.03342 0.83675 -0.05846 0.54344
1403638533.6778295040 0.08169 -0.06668 0.00695 0.03347 0.83672 -0.05855 0.54346
1403638533.7778294086 0.08168 -0.06669 0.00695 0.03355 0.83670 -0.05862 0.54348
1403638533.8778295517 0.08168 -0.06667 0.00694 0.03340 0.83673 -0.05839 0.54346
1403638533.9778294563 0.08170 -0.06672 0.00693 0.03362 0.83672 -0.05867 0.54344
1403638534.0778295994 0.08163 -0.06675 0.00693 0.03409 0.83665 -0.05908 0.54347
1403638534.1778295040 0.08165 -0.06677 0.00696 0.03378 0.83669 -0.05893 0.54346
1403638534.2778294086 0.08165 -0.06671 0.00699 0.03358 0.83677 -0.05884 0.54335
1403638534.3778295517 0.08166 -0.06672 0.00699 0.03367 0.83676 -0.05891 0.54334
1403638534.4778294563 0.08168 -0.06678 0.00696 0.03388 0.83677 -0.05922 0.54328
1403638534.5778295994 0.08168 -0.06676 0.00697 0.03384 0.83685 -0.05898 0.54319
1403638534.6778295040 0.08171 -0.06672 0.00698 0.03371 0.83684 -0.05882 0.54323
1403638534.7778294086 0.08168 -0.06675 0.00698 0.03387 0.83684 -0.05875 0.54324
1403638534.8778295517 0.08168 -0.06680 0.00698 0.03423 0.83678 -0.05896 0.54328
1403638534.9778294563 0.08167 -0.06686 0.00698 0.03436 0.83681 -0.05903 0.54322
1403638535.0778295994 0.08166 -0.06686 0.00699 0.03429 0.83686 -0.05906 0.54314
1403638535.1778295040 0.08168 -0.06687 0.00698 0.03425 0.83683 -0.05912 0.54319
1403638535.2778294086 0.08164 -0.06686 0.00698 0.03419 0.83682 -0.05911 0.54320
1403638535.3778295517 0.08165 -0.06685 0.00701 0.03429 0.83682 -0.05913 0.54319
1403638535.4778294563 0.08166 -0.06687 0.00702 0.03443 0.83682 -0.05916 0.54318
1403638535.5778295994 0.08167 -0.06686 0.00702 0.03445 0.83682 -0.05913 0.54318
1403638535.6778295040 0.08167 -0.06687 0.00701 0.03444 0.83680 -0.05920 0.54321
1403638535.7778294086 0.08165 -0.06689 0.00701 0.03453 0.83678 -0.05922 0.54324
1403638535.8778295517 0.08165 -0.06689 0.00702 0.03445 0.83679 -0.05918 0.54322
1403638535.9778294563 0.08164 -0.06688 0.00703 0.03447 0.83683 -0.05919 0.54316
1403638536.0778295994 0.08166 -0.06690 0.00703 0.03449 0.83677 -0.05926 0.54324
1403638536.1778295040 0.08166 -0.06691 0.00704 0.03452 0.83676 -0.05930 0.54326
1403638536.2778294086 0.08166 -0.06692 0.00704 0.03460 0.83675 -0.05927 0.54326
1403638536.3778295517 0.08166 -0.06693 0.00704 0.03467 0.83670 -0.05932 0.54334
1403638536.4778294563 0.08165 -0.06692 0.00704 0.03470 0.83668 -0.05932 0.54336
1403638536.5778295994 0.08165 -0.06693 0.00704 0.03465 0.83669 -0.05934 0.54336
1403638536.6778295040 0.08165 -0.06694 0.00704 0.03468 0.83668 -0.05932 0.54337
1403638536.7778294086 0.08163 -0.06693 0.00703 0.03476 0.83664 -0.05938 0.54342
1403638536.8778295517 0.08164 -0.06694 0.00702 0.03471 0.83658 -0.05948 0.54350
1403638536.9778294563 0.08164 -0.06695 0.00704 0.03469 0.83660 -0.05954 0.54346
1403638537.0778295994 0.08166 -0.06693 0.00706 0.03474 0.83660 -0.05947 0.54347
1403638537.1778295040 0.08167 -0.06693 0.00707 0.03492 0.83654 -0.05946 0.54354
1403638537.2778294086 0.08167 -0.06693 0.00710 0.03508 0.83656 -0.05941 0.54351
1403638537.3778295517 0.08166 -0.06695 0.00708 0.03510 0.83654 -0.05941 0.54355
1403638537.4778294563 0.08167 -0.06695 0.00709 0.03509 0.83652 -0.05942 0.54357
1403638537.5778295994 0.08167 -0.06694 0.00713 0.03517 0.83655 -0.05932 0.54353
1403638537.6778295040 0.08168 -0.06695 0.00717 0.03526 0.83657 -0.05936 0.54349
1403638537.7778294086 0.08168 -0.06694 0.00716 0.03523 0.83654 -0.05940 0.54354
1403638537.8778295517 0.08171 -0.06694 0.00718 0.03538 0.83652 -0.05933 0.54356
1403638537.9778294563 0.08169 -0.06695 0.00720 0.03544 0.83649 -0.05946 0.54359
1403638538.0778295994 0.08169 -0.06694 0.00723 0.03543 0.83648 -0.05948 0.54361
1403638538.1778295040 0.08169 -0.06696 0.00724 0.03549 0.83645 -0.05948 0.54365
1403638538.2778294086 0.08178 -0.06693 0.00722 0.03553 0.83641 -0.05938 0.54372
1403638538.3778295517 0.08173 -0.06696 0.00726 0.03573 0.83637 -0.05938 0.54377
1403638538.4778294563 0.08171 -0.06696 0.00733 0.03573 0.83639 -0.05937 0.54374
1403638538.5778295994 0.08174 -0.06696 0.00738 0.03599 0.83637 -0.05940 0.54375
1403638538.6778295040 0.08174 -0.06695 0.00742 0.03581 0.83619 -0.05949 0.54402
1403638538.7778294086 0.08184 -0.06701 0.00775 0.03566 0.83543 -0.05933 0.54522
1403638538.8778295517 0.08325 -0.06660 0.00815 0.03493 0.83443 -0.05883 0.54685
1403638538.9778294563 0.08663 -0.06642 0.01063 0.03578 0.82973 -0.05814 0.55397
1403638539.0778295994 0.09084 -0.06628 0.01422 0.03746 0.82416 -0.05974 0.56195
1403638539.1778295040 0.09856 -0.06625 0.02193 0.03681 0.81891 -0.06026 0.56956
1403638539.2778294086 0.10743 -0.06631 0.03733 0.03668 0.81524 -0.05959 0.57488
1403638539.3778295517 0.11583 -0.06644 0.06048 0.03636 0.81619 -0.05912 0.57360
1403638539.4778294563 0.12506 -0.06736 0.08984 0.03606 0.81825 -0.05816 0.57077
1403638539.5778295994 0.13532 -0.06900 0.12188 0.03577 0.81923 -0.05685 0.56952
1403638539.6778295040 0.14651 -0.07041 0.14885 0.03417 0.81985 -0.05646 0.56877
1403638539.7778294086 0.15656 -0.07102 0.16502 0.03462 0.82111 -0.05468 0.56710
1403638539.8778295517 0.16885 -0.07079 0.17389 0.03380 0.82366 -0.05411 0.56349
1403638539.9778294563 0.18425 -0.07052 0.18135 0.03211 0.82823 -0.05384 0.55688
1403638540.0778295994 0.20388 -0.07161 0.18833 0.03192 0.83413 -0.05373 0.54802
1403638540.1778295040 0.22839 -0.07259 0.19553 0.03165 0.83808 -0.05348 0.54200
1403638540.2778294086 0.26247 -0.07344 0.21009 0.03223 0.83390 -0.05220 0.54850
1403638540.3778295517 0.30058 -0.07440 0.21774 0.03302 0.82783 -0.05020 0.55774
1403638540.4778294563 0.34285 -0.07454 0.22489 0.02986 0.82556 -0.04421 0.56179
1403638540.5778295994 0.38943 -0.07362 0.23037 0.02263 0.82584 -0.03277 0.56250
1403638540.6778295040 0.43875 -0.07218 0.23585 0.01425 0.82603 -0.01561 0.56324
1403638540.7778294086 0.48982 -0.06854 0.24053 0.00629 0.82519 0.00838 0.56476
1403638540.8778295517 0.54203 -0.06184 0.24396 -0.00410 0.82452 0.03638 0.56465
1403638540.9778294563 0.59434 -0.05030 0.24568 -0.01791 0.82294 0.06268 0.56438
1403638541.0778295994 0.64701 -0.03514 0.24516 -0.03178 0.82071 0.08218 0.56450
1403638541.1778295040 0.70105 -0.01678 0.23971 -0.04164 0.81892 0.09550 0.56437
1403638541.2778294086 0.75563 0.00666 0.23186 -0.04677 0.81812 0.10430 0.56358
1403638541.3778295517 0.81023 0.03476 0.23165 -0.04980 0.81794 0.10794 0.56289
1403638541.4778294563 0.86378 0.06733 0.23752 -0.05101 0.81775 0.10820 0.56301
1403638541.5778295994 0.91642 0.10570 0.24961 -0.05033 0.81632 0.10880 0.56503
1403638541.6778295040 0.97183 0.15147 0.27032 -0.05450 0.81461 0.11180 0.56651
1403638541.7778294086 1.02468 0.20161 0.29606 -0.06448 0.81322 0.11741 0.56634
1403638541.8778295517 1.07505 0.25669 0.32995 -0.07637 0.81176 0.12633 0.56503
1403638541.9778294563 1.12346 0.31368 0.36057 -0.08809 0.81060 0.14061 0.56160
1403638542.0778295994 1.16978 0.37169 0.38479 -0.10201 0.80841 0.15760 0.55787
1403638542.1778295040 1.21473 0.43075 0.40306 -0.11738 0.80449 0.17748 0.55455
1403638542.2778294086 1.25810 0.49099 0.41495 -0.13226 0.80042 0.20077 0.54911
1403638542.3778295517 1.30224 0.55245 0.42376 -0.14602 0.79261 0.22257 0.54855
1403638542.4778294563 1.34531 0.61363 0.43037 -0.15241 0.77893 0.24287 0.55771
1403638542.5778295994 1.38624 0.67565 0.43394 -0.14876 0.76679 0.26139 0.56708
1403638542.6778295040 1.42148 0.74123 0.43918 -0.14956 0.76329 0.27081 0.56717
1403638542.7778294086 1.44946 0.81078 0.45110 -0.15872 0.76733 0.26983 0.55964
1403638542.8778295517 1.47185 0.88410 0.47036 -0.16550 0.77270 0.26677 0.55171
1403638542.9778294563 1.49022 0.95934 0.49688 -0.16957 0.77733 0.26359 0.54545
1403638543.0778295994 1.50583 1.03464 0.52536 -0.17216 0.78097 0.26043 0.54095
1403638543.1778295040 1.52069 1.11085 0.54826 -0.17217 0.78227 0.25786 0.54030
1403638543.2778294086 1.53546 1.18698 0.56717 -0.17217 0.78269 0.25535 0.54088
1403638543.3778295517 1.55077 1.26529 0.57838 -0.17139 0.78391 0.25428 0.53987
1403638543.4778294563 1.56677 1.34534 0.58641 -0.17346 0.78294 0.25859 0.53857
1403638543.5778295994 1.57986 1.42442 0.59417 -0.17853 0.77996 0.26955 0.53585
1403638543.6778295040 1.59450 1.50757 0.59780 -0.18532 0.77434 0.28702 0.53262
1403638543.7778294086 1.60645 1.59083 0.60338 -0.19547 0.76631 0.30816 0.52877
1403638543.8778295517 1.61778 1.67339 0.61600 -0.20715 0.75625 0.33055 0.52528
1403638543.9778294563 1.63009 1.75912 0.63516 -0.22120 0.74778 0.34878 0.51986
1403638544.0778295994 1.64220 1.84455 0.65788 -0.23610 0.74382 0.36003 0.51124
1403638544.1778295040 1.65588 1.93064 0.67990 -0.24648 0.74076 0.36653 0.50613
1403638544.2778294086 1.67110 2.01925 0.69580 -0.25322 0.73825 0.36987 0.50404
1403638544.3778295517 1.68662 2.10783 0.70558 -0.25474 0.73765 0.37241 0.50228
1403638544.4778294563 1.70407 2.19877 0.71314 -0.25379 0.73826 0.37347 0.50109
1403638544.5778295994 1.72280 2.29130 0.71919 -0.25559 0.73563 0.37258 0.50468
1403638544.6778295040 1.74195 2.38712 0.73327 -0.26050 0.72920 0.37180 0.51202
1403638544.7778294086 1.76003 2.47763 0.74887 -0.26179 0.72839 0.37276 0.51182
1403638544.8778295517 1.77728 2.56911 0.76474 -0.25979 0.73166 0.37501 0.50651
1403638544.9778294563 1.79509 2.65839 0.77368 -0.25996 0.73250 0.37569 0.50469
1403638545.0778295994 1.81306 2.74760 0.77728 -0.26148 0.73128 0.37562 0.50574
1403638545.1778295040 1.82842 2.83470 0.77676 -0.26127 0.73088 0.37672 0.50561
1403638545.2778294086 1.84649 2.92320 0.76848 -0.26059 0.73028 0.37836 0.50560
1403638545.3778295517 1.86532 3.01226 0.75650 -0.26235 0.72765 0.37746 0.50914
1403638545.4778294563 1.88008 3.09653 0.74281 -0.26454 0.72754 0.37842 0.50745
1403638545.5778295994 1.89637 3.18509 0.72990 -0.26872 0.72533 0.38503 0.50343
1403638545.6778295040 1.91078 3.26992 0.72589 -0.27761 0.71975 0.39655 0.49764
1403638545.7778294086 1.92468 3.35125 0.72838 -0.28666 0.71193 0.41314 0.49019
1403638545.8778295517 1.93917 3.43594 0.73741 -0.29775 0.70126 0.43270 0.48203
1403638545.9778294563 1.95474 3.52167 0.75296 -0.30770 0.68879 0.45470 0.47344
1403638546.0778295994 1.97156 3.61044 0.77123 -0.31420 0.67684 0.47365 0.46778
1403638546.1778295040 1.98946 3.70198 0.78398 -0.32185 0.66821 0.48592 0.46239
1403638546.2778294086 2.00581 3.79446 0.78984 -0.32685 0.66350 0.49352 0.45758
1403638546.3778295517 2.02111 3.88758 0.79053 -0.33317 0.66196 0.49573 0.45283
1403638546.4778294563 2.03541 3.98108 0.78548 -0.33592 0.66162 0.49701 0.44989
1403638546.5778295994 2.04915 4.07638 0.78041 -0.33696 0.65960 0.50022 0.44852
1403638546.6778295040 2.06150 4.17248 0.78095 -0.34053 0.65479 0.50608 0.44628
1403638546.7778294086 2.07284 4.27110 0.79161 -0.34304 0.65024 0.51177 0.44453
1403638546.8778295517 2.08284 4.37207 0.81076 -0.34379 0.64658 0.51672 0.44356
1403638546.9778294563 2.09191 4.47584 0.82784 -0.34257 0.64328 0.52116 0.44409
1403638547.0778295994 2.10049 4.58138 0.83900 -0.34057 0.64081 0.52448 0.44530
1403638547.1778295040 2.10423 4.68781 0.84116 -0.33769 0.63874 0.52776 0.44659
1403638547.2778294086 2.10533 4.79432 0.84204 -0.33578 0.63735 0.52928 0.44822
1403638547.3778295517 2.09847 4.89843 0.83538 -0.33904 0.63874 0.52706 0.44640
1403638547.4778294563 2.09150 5.00711 0.82960 -0.34366 0.64187 0.52333 0.44275
1403638547.5778295994 2.08242 5.11662 0.81875 -0.34672 0.64532 0.51992 0.43935
1403638547.6778295040 2.06827 5.22040 0.79962 -0.34751 0.64644 0.51835 0.43893
1403638547.7778294086 2.05627 5.33269 0.78007 -0.34539 0.64586 0.51891 0.44081
1403638547.8778295517 2.03960 5.43826 0.75392 -0.34200 0.64294 0.52102 0.44519
1403638547.9778294563 2.02334 5.55440 0.73156 -0.34210 0.64285 0.52136 0.44485
1403638548.0778295994 2.00341 5.67178 0.71449 -0.34485 0.64244 0.52360 0.44067
1403638548.1778295040 1.98457 5.79939 0.70896 -0.34920 0.63873 0.52902 0.43615
1403638548.2778294086 1.96306 5.92790 0.71033 -0.35582 0.63239 0.53747 0.42965
1403638548.3778295517 1.93983 6.05692 0.72072 -0.36352 0.62299 0.54889 0.42244
1403638548.4778294563 1.91575 6.18739 0.73831 -0.37167 0.61344 0.55949 0.41537
1403638548.5778295994 1.89210 6.31054 0.75555 -0.37828 0.60551 0.56738 0.41029
1403638548.6778295040 1.86930 6.43462 0.76854 -0.38319 0.60001 0.57284 0.40622
1403638548.7778294086 1.84700 6.55881 0.77889 -0.38599 0.59613 0.57686 0.40358
1403638548.8778295517 1.82363 6.68654 0.79427 -0.38731 0.59401 0.57954 0.40160
1403638548.9778294563 1.79949 6.81513 0.81685 -0.38870 0.59298 0.58049 0.40041
1403638549.0778295994 1.77380 6.94521 0.84278 -0.38917 0.59273 0.58091 0.39969
1403638549.1778295040 1.74880 7.07295 0.87592 -0.39034 0.59271 0.57996 0.39997
1403638549.2778294086 1.72285 7.20362 0.91361 -0.39102 0.59360 0.57899 0.39939
1403638549.3778295517 1.69737 7.33644 0.95653 -0.39322 0.59515 0.57660 0.39837
1403638549.4778294563 1.67181 7.47001 0.99550 -0.39501 0.59663 0.57447 0.39748
1403638549.5778295994 1.64710 7.60537 1.03020 -0.39633 0.59675 0.57272 0.39850
1403638549.6778295040 1.62350 7.74271 1.05892 -0.39759 0.59629 0.57119 0.40013
1403638549.7778294086 1.60220 7.87600 1.08871 -0.39598 0.59652 0.57170 0.40065
1403638549.8778295517 1.58116 8.01310 1.12369 -0.39495 0.59806 0.57186 0.39915
1403638549.9778294563 1.56010 8.15098 1.16814 -0.39461 0.59898 0.57188 0.39807
1403638550.0778295994 1.54070 8.29219 1.21951 -0.39489 0.59933 0.57163 0.39763
1403638550.1778295040 1.52323 8.43530 1.27907 -0.39568 0.59985 0.57147 0.39629
1403638550.2778294086 1.50743 8.58245 1.34509 -0.39512 0.59945 0.57231 0.39624
1403638550.3778295517 1.49265 8.73086 1.41400 -0.39519 0.59852 0.57266 0.39707
1403638550.4778294563 1.48012 8.88041 1.47642 -0.39784 0.59913 0.57110 0.39574
1403638550.5778295994 1.47015 9.03162 1.52936 -0.40177 0.59984 0.56866 0.39421
1403638550.6778295040 1.46373 9.17937 1.57625 -0.40672 0.59826 0.56521 0.39648
1403638550.7778294086 1.46132 9.32132 1.61823 -0.40976 0.59753 0.56296 0.39765
1403638550.8778295517 1.46299 9.46448 1.65757 -0.41568 0.59381 0.55867 0.40310
1403638550.9778294563 1.46663 9.60127 1.69180 -0.42132 0.58967 0.55417 0.40948
1403638551.0778295994 1.47145 9.73540 1.72402 -0.42492 0.58725 0.55125 0.41316
1403638551.1778295040 1.47940 9.86042 1.75623 -0.42925 0.58775 0.54842 0.41174
1403638551.2778294086 1.49218 9.98159 1.79394 -0.42983 0.58956 0.54728 0.41006
1403638551.3778295517 1.51190 10.09183 1.83709 -0.42510 0.59726 0.54424 0.40789
1403638551.4778294563 1.53671 10.20203 1.87520 -0.41755 0.60988 0.53491 0.40935
1403638551.5778295994 1.57000 10.30312 1.90882 -0.41131 0.62499 0.51859 0.41386
1403638551.6778295040 1.60855 10.40948 1.93788 -0.40433 0.64202 0.50008 0.41743
1403638551.7778294086 1.65685 10.51187 1.96219 -0.39499 0.65620 0.48158 0.42599
1403638551.8778295517 1.71369 10.60832 1.98217 -0.38476 0.66682 0.46599 0.43608
1403638551.9778294563 1.77822 10.69694 2.00517 -0.37277 0.67023 0.45831 0.44920
1403638552.0778295994 1.84814 10.77567 2.03521 -0.36316 0.67178 0.45329 0.45974
1403638552.1778295040 1.92119 10.84516 2.06974 -0.35728 0.67666 0.45017 0.46026
1403638552.2778294086 1.99702 10.90586 2.10890 -0.35315 0.68062 0.44913 0.45861
1403638552.3778295517 2.07578 10.96057 2.14712 -0.35517 0.68164 0.44624 0.45836
1403638552.4778294563 2.15971 11.01350 2.17997 -0.36239 0.67799 0.44072 0.46342
1403638552.5778295994 2.24665 11.05418 2.20840 -0.36796 0.67425 0.43728 0.46774
1403638552.6778295040 2.33614 11.08522 2.22998 -0.36861 0.67191 0.43851 0.46944
1403638552.7778294086 2.42881 11.10658 2.24486 -0.36807 0.67122 0.44076 0.46875
1403638552.8778295517 2.52560 11.12583 2.25459 -0.36595 0.66985 0.44470 0.46865
1403638552.9778294563 2.62266 11.13000 2.26000 -0.36165 0.66746 0.45075 0.46961
1403638553.0778295994 2.72367 11.13735 2.26031 -0.35796 0.66525 0.45614 0.47036
1403638553.1778295040 2.81983 11.13039 2.25783 -0.36338 0.66133 0.45481 0.47303
1403638553.2778294086 2.92124 11.12600 2.25672 -0.37060 0.65562 0.45158 0.47843
1403638553.3778295517 3.01794 11.10504 2.26007 -0.37219 0.65038 0.45243 0.48352
1403638553.4778294563 3.11392 11.07529 2.26894 -0.36861 0.64492 0.45601 0.49016
1403638553.5778295994 3.20920 11.03674 2.28458 -0.36548 0.64065 0.45906 0.49523
1403638553.6778295040 3.30232 10.98647 2.30414 -0.36325 0.63972 0.46144 0.49587
1403638553.7778294086 3.39078 10.92508 2.33212 -0.36137 0.64024 0.46336 0.49478
1403638553.8778295517 3.47170 10.85400 2.36481 -0.35914 0.64206 0.46484 0.49265
1403638553.9778294563 3.55473 10.78107 2.40208 -0.35843 0.64514 0.46529 0.48870
1403638554.0778295994 3.62586 10.69506 2.42985 -0.35690 0.64844 0.46617 0.48459
1403638554.1778295040 3.70615 10.61514 2.45935 -0.35210 0.65136 0.46992 0.48055
1403638554.2778294086 3.77510 10.52254 2.47514 -0.34424 0.65722 0.47573 0.47249
1403638554.3778295517 3.84879 10.43815 2.49359 -0.33837 0.66049 0.48032 0.46749
1403638554.4778294563 3.91700 10.35336 2.50808 -0.33569 0.66194 0.48252 0.46510
1403638554.5778295994 3.98075 10.26918 2.51806 -0.33677 0.66286 0.48219 0.46335
1403638554.6778295040 4.04216 10.18153 2.52535 -0.34269 0.66508 0.47836 0.45978
1403638554.7778294086 4.10245 10.09945 2.54170 -0.34753 0.66581 0.47508 0.45849
1403638554.8778295517 4.16459 10.01464 2.56009 -0.35060 0.66596 0.47310 0.45799
1403638554.9778294563 4.22837 9.93037 2.57976 -0.35314 0.66666 0.46989 0.45831
1403638555.0778295994 4.29326 9.85209 2.59585 -0.34942 0.66994 0.46558 0.46079
1403638555.1778295040 4.35943 9.76519 2.60214 -0.34273 0.67601 0.45890 0.46363
1403638555.2778294086 4.42823 9.68668 2.60902 -0.33651 0.68230 0.45086 0.46686
1403638555.3778295517 4.49973 9.60249 2.61033 -0.32939 0.68552 0.44615 0.47171
1403638555.4778294563 4.57154 9.51580 2.60712 -0.32358 0.68763 0.44306 0.47556
1403638555.5778295994 4.64358 9.42827 2.60207 -0.32123 0.68896 0.44036 0.47772
1403638555.6778295040 4.71525 9.33983 2.60234 -0.32063 0.69068 0.43864 0.47723
1403638555.7778294086 4.78572 9.24931 2.61154 -0.31969 0.69186 0.43876 0.47605
1403638555.8778295517 4.85484 9.15989 2.62817 -0.31899 0.69190 0.43973 0.47556
1403638555.9778294563 4.92488 9.07321 2.65100 -0.31770 0.69063 0.44135 0.47677
1403638556.0778295994 4.99599 8.98957 2.67742 -0.31616 0.69077 0.44269 0.47635
1403638556.1778295040 5.06632 8.90994 2.69984 -0.31522 0.69515 0.44317 0.47011
1403638556.2778294086 5.13847 8.83243 2.71583 -0.31374 0.69845 0.44420 0.46521
1403638556.3778295517 5.21036 8.76259 2.72806 -0.31245 0.70066 0.44491 0.46207
1403638556.4778294563 5.28680 8.69072 2.73801 -0.31007 0.70375 0.44620 0.45771
1403638556.5778295994 5.36237 8.63239 2.74883 -0.30953 0.70678 0.44575 0.45383
1403638556.6778295040 5.44138 8.57846 2.76083 -0.31698 0.70934 0.43959 0.45070
1403638556.7778294086 5.52604 8.52172 2.78062 -0.32352 0.70619 0.43483 0.45558
1403638556.8778295517 5.61222 8.47344 2.80756 -0.32925 0.70475 0.43049 0.45782
1403638556.9778294563 5.70362 8.42670 2.83773 -0.33265 0.70335 0.42785 0.45999
1403638557.0778295994 5.80218 8.37909 2.86157 -0.33131 0.70192 0.42927 0.46181
1403638557.1778295040 5.90616 8.33067 2.87817 -0.32981 0.70035 0.43087 0.46378
1403638557.2778294086 6.01241 8.28169 2.88851 -0.32880 0.69929 0.43197 0.46506
1403638557.3778295517 6.12333 8.23231 2.89436 -0.32638 0.69809 0.43415 0.46654
1403638557.4778294563 6.23601 8.18405 2.90245 -0.32093 0.69512 0.43862 0.47056
1403638557.5778295994 6.34866 8.13589 2.91642 -0.31645 0.69275 0.44183 0.47408
1403638557.6778295040 6.46078 8.08928 2.93496 -0.31394 0.69159 0.44378 0.47561
1403638557.7778294086 6.57174 8.04317 2.95650 -0.31393 0.69127 0.44347 0.47636
1403638557.8778295517 6.68241 7.99622 2.97280 -0.31107 0.69122 0.44490 0.47698
1403638557.9778294563 6.78991 7.95055 2.98335 -0.30828 0.69246 0.44651 0.47548
1403638558.0778295994 6.89622 7.90626 2.98812 -0.30728 0.69621 0.44724 0.46995
1403638558.1778295040 7.00395 7.86379 2.99018 -0.30441 0.70198 0.44874 0.46173
1403638558.2778294086 7.11355 7.82605 2.99780 -0.30091 0.70607 0.45045 0.45608
1403638558.3778295517 7.22306 7.79671 3.01546 -0.29618 0.70741 0.45319 0.45439
1403638558.4778294563 7.33271 7.77383 3.04090 -0.28983 0.71108 0.45681 0.44910
1403638558.5778295994 7.44393 7.76057 3.07370 -0.29105 0.71364 0.45548 0.44559
1403638558.6778295040 7.55880 7.75735 3.11251 -0.29932 0.71438 0.44895 0.44555
1403638558.7778294086 7.67535 7.76231 3.15087 -0.30710 0.71407 0.44280 0.44690
1403638558.8778295517 7.79618 7.77125 3.18129 -0.30970 0.71284 0.44061 0.44923
1403638558.9778294563 7.92040 7.78460 3.20450 -0.31152 0.70809 0.43936 0.45664
1403638559.0778295994 8.04770 7.80074 3.21972 -0.31218 0.70366 0.43920 0.46315
1403638559.1778295040 8.17514 7.82015 3.22786 -0.31249 0.70028 0.43960 0.46766
1403638559.2778294086 8.30245 7.84111 3.22950 -0.31045 0.69748 0.44196 0.47098
1403638559.3778295517 8.42991 7.86254 3.22491 -0.30685 0.69519 0.44523 0.47363
1403638559.4778294563 8.55212 7.88517 3.21582 -0.30473 0.69290 0.44741 0.47629
1403638559.5778295994 8.67243 7.90905 3.20201 -0.30367 0.69075 0.44893 0.47865
1403638559.6778295040 8.78956 7.93535 3.18517 -0.30429 0.68972 0.44910 0.47958
1403638559.7778294086 8.90240 7.96274 3.17141 -0.30463 0.68890 0.44978 0.47992
1403638559.8778295517 9.01219 7.99335 3.16323 -0.30595 0.68968 0.44901 0.47867
1403638559.9778294563 9.12029 8.02507 3.15584 -0.30478 0.69323 0.44306 0.47984
1403638560.0778295994 9.22820 8.05773 3.14313 -0.29933 0.70107 0.43018 0.48359
1403638560.1778295040 9.33422 8.08975 3.12323 -0.28949 0.71071 0.41207 0.49120
1403638560.2778294086 9.43960 8.12252 3.09799 -0.27706 0.72142 0.39085 0.50002
1403638560.3778295517 9.54419 8.15445 3.07070 -0.26573 0.72911 0.36659 0.51322
1403638560.4778294563 9.64485 8.18427 3.03990 -0.25292 0.73700 0.34142 0.52564
1403638560.5778295994 9.74127 8.20974 3.00446 -0.24153 0.74607 0.31451 0.53491
1403638560.6778295040 9.83409 8.23104 2.96512 -0.23180 0.75641 0.28647 0.54042
1403638560.7778294086 9.92290 8.24547 2.92927 -0.22453 0.76503 0.26082 0.54433
1403638560.8778295517 10.00913 8.25185 2.90149 -0.21373 0.77135 0.23794 0.55020
1403638560.9778294563 10.09517 8.25140 2.88156 -0.20142 0.77551 0.21698 0.55762
1403638561.0778295994 10.17927 8.24299 2.86984 -0.18913 0.77793 0.19708 0.56588
1403638561.1778295040 10.25853 8.22564 2.86469 -0.17820 0.77918 0.17941 0.57353
1403638561.2778294086 10.33237 8.20078 2.86659 -0.17133 0.77935 0.16603 0.57939
1403638561.3778295517 10.39981 8.16841 2.87097 -0.16235 0.78390 0.16124 0.57719
1403638561.4778294563 10.46206 8.12937 2.87174 -0.14890 0.78971 0.16484 0.57186
1403638561.5778295994 10.52210 8.08694 2.86709 -0.13938 0.79314 0.16958 0.56811
1403638561.6778295040 10.57921 8.04343 2.85786 -0.13567 0.79477 0.17247 0.56586
1403638561.7778294086 10.63211 7.99888 2.84325 -0.13482 0.79491 0.17477 0.56515
1403638561.8778295517 10.68361 7.95298 2.82133 -0.13236 0.79427 0.17544 0.56642
1403638561.9778294563 10.73278 7.90539 2.79671 -0.12725 0.79521 0.17110 0.56761
1403638562.0778295994 10.77952 7.85747 2.77286 -0.11992 0.79692 0.16240 0.56935
1403638562.1778295040 10.81952 7.80757 2.75725 -0.11233 0.79871 0.15269 0.57108
1403638562.2778294086 10.85781 7.75997 2.74628 -0.10586 0.79970 0.14446 0.57307
1403638562.3778295517 10.89289 7.71179 2.74181 -0.09986 0.80053 0.13259 0.57585
1403638562.4778294563 10.92446 7.66233 2.74137 -0.09198 0.80277 0.11660 0.57749
1403638562.5778295994 10.95425 7.61313 2.74809 -0.08241 0.80498 0.09656 0.57956
1403638562.6778295040 10.98118 7.56309 2.75936 -0.07368 0.80765 0.07242 0.58053
1403638562.7778294086 11.00620 7.51098 2.77187 -0.06485 0.80910 0.04622 0.58225
1403638562.8778295517 11.02745 7.45522 2.78018 -0.05138 0.81016 0.02166 0.58356
1403638562.9778294563 11.04463 7.39633 2.78228 -0.03690 0.81075 -0.00095 0.58423
1403638563.0778295994 11.05751 7.33477 2.77913 -0.02792 0.81047 -0.02498 0.58457
1403638563.1778295040 11.06351 7.26932 2.77192 -0.01603 0.81018 -0.04464 0.58427
1403638563.2778294086 11.06552 7.19945 2.76080 -0.00456 0.80697 -0.05833 0.58768
1403638563.3778295517 11.06086 7.12604 2.74508 0.00205 0.79915 -0.06788 0.59728
1403638563.4778294563 11.04930 7.04920 2.72364 0.00336 0.79304 -0.07477 0.60455
1403638563.5778295994 11.03134 6.96695 2.70187 0.00888 0.79363 -0.07442 0.60377
1403638563.6778295040 11.00670 6.88019 2.68615 0.00897 0.79717 -0.07450 0.59908
1403638563.7778294086 10.97645 6.78802 2.67740 0.00585 0.79945 -0.07482 0.59602
1403638563.8778295517 10.94133 6.69201 2.67694 0.00270 0.79912 -0.07391 0.59660
1403638563.9778294563 10.90138 6.59010 2.68288 -0.00087 0.79813 -0.07221 0.59814
1403638564.0778295994 10.85351 6.48456 2.68618 -0.00535 0.79885 -0.06998 0.59743
1403638564.1778295040 10.80007 6.37341 2.68434 -0.00710 0.79886 -0.06530 0.59792
1403638564.2778294086 10.74400 6.25467 2.68058 -0.00635 0.79737 -0.05974 0.60050
1403638564.3778295517 10.67915 6.13479 2.68212 -0.00647 0.79606 -0.05464 0.60272
1403638564.4778294563 10.61040 6.00962 2.69087 -0.00580 0.79489 -0.05032 0.60464
1403638564.5778295994 10.53027 5.88378 2.70348 -0.00854 0.79669 -0.04986 0.60227
1403638564.6778295040 10.44606 5.75612 2.71601 -0.01359 0.79844 -0.05278 0.59960
1403638564.7778294086 10.35191 5.62370 2.72110 -0.01733 0.79902 -0.05587 0.59845
1403638564.8778295517 10.25736 5.48665 2.72079 -0.01942 0.79857 -0.05840 0.59875
1403638564.9778294563 10.15520 5.33917 2.69926 -0.02129 0.79804 -0.06008 0.59922
1403638565.0778295994 10.05008 5.18823 2.66507 -0.02247 0.79845 -0.06088 0.59856
1403638565.1778295040 9.94093 5.03151 2.61569 -0.02290 0.79923 -0.06115 0.59747
1403638565.2778294086 9.82792 4.86825 2.56002 -0.02125 0.80022 -0.06037 0.59628
1403638565.3778295517 9.71164 4.70029 2.50144 -0.01848 0.80126 -0.05914 0.59510
1403638565.4778294563 9.59213 4.52766 2.44249 -0.01548 0.80060 -0.05819 0.59617
1403638565.5778295994 9.47044 4.35140 2.38994 -0.00884 0.79849 -0.05591 0.59935
1403638565.6778295040 9.34449 4.17365 2.34619 0.00297 0.79823 -0.04991 0.60028
1403638565.7778294086 9.21611 3.99635 2.30826 0.01201 0.80094 -0.04556 0.59689
1403638565.8778295517 9.08055 3.82081 2.27796 0.01924 0.80311 -0.04229 0.59402
1403638565.9778294563 8.94107 3.64836 2.25128 0.02171 0.80490 -0.04288 0.59146
1403638566.0778295994 8.80031 3.48066 2.21873 0.02328 0.80590 -0.04332 0.59001
1403638566.1778295040 8.65855 3.31640 2.17724 0.02125 0.80606 -0.04478 0.58975
1403638566.2778294086 8.51521 3.15531 2.12713 0.02187 0.80568 -0.04397 0.59031
1403638566.3778295517 8.37278 2.99721 2.06862 0.02210 0.80669 -0.04294 0.58900
1403638566.4778294563 8.23141 2.84248 2.00417 0.01874 0.80694 -0.04367 0.58872
1403638566.5778295994 8.09143 2.69180 1.93372 0.01801 0.81011 -0.04193 0.58450
1403638566.6778295040 7.95223 2.54551 1.85596 0.01715 0.81940 -0.04019 0.57156
1403638566.7778294086 7.81824 2.40308 1.77324 0.01634 0.83105 -0.03847 0.55462
1403638566.8778295517 7.69221 2.26360 1.68780 0.01463 0.83906 -0.03729 0.54256
1403638566.9778294563 7.57444 2.12629 1.60030 0.01458 0.84299 -0.03444 0.53662
1403638567.0778295994 7.46460 1.99299 1.51477 0.01439 0.83491 -0.03293 0.54921
1403638567.1778295040 7.36188 1.86202 1.42648 0.01645 0.82261 -0.03075 0.56754
1403638567.2778294086 7.25995 1.73162 1.33307 0.01953 0.81394 -0.02887 0.57990
1403638567.3778295517 7.15689 1.60521 1.23468 0.02239 0.81200 -0.02821 0.58255
1403638567.4778294563 7.05171 1.48202 1.14022 0.02424 0.81275 -0.02906 0.58138
1403638567.5778295994 6.94645 1.36340 1.05279 0.02556 0.81623 -0.03078 0.57634
1403638567.6778295040 6.83972 1.24492 0.97503 0.02882 0.81947 -0.03123 0.57155
1403638567.7778294086 6.73528 1.13122 0.90641 0.03079 0.82270 -0.03175 0.56675
1403638567.8778295517 6.63463 1.02192 0.84655 0.02995 0.82606 -0.03398 0.56176
1403638567.9778294563 6.54202 0.91802 0.79373 0.02990 0.82697 -0.03496 0.56036
1403638568.0778295994 6.45475 0.81874 0.74935 0.03290 0.82679 -0.03316 0.56057
1403638568.1778295040 6.37254 0.72489 0.71455 0.03494 0.82606 -0.03186 0.56159
1403638568.2778294086 6.29400 0.63626 0.68671 0.03591 0.82592 -0.03212 0.56172
1403638568.3778295517 6.22003 0.55190 0.65919 0.03593 0.82640 -0.03246 0.56100
1403638568.4778294563 6.15066 0.47399 0.62415 0.03645 0.82723 -0.03244 0.55974
1403638568.5778295994 6.08432 0.39861 0.58863 0.03727 0.82860 -0.03179 0.55770
1403638568.6778295040 6.02359 0.32935 0.54781 0.03860 0.83037 -0.03045 0.55504
1403638568.7778294086 5.96659 0.26581 0.51303 0.03819 0.83166 -0.03051 0.55313
1403638568.8778295517 5.91445 0.20989 0.48754 0.03623 0.83099 -0.03219 0.55418
1403638568.9778294563 5.86933 0.15668 0.46592 0.03815 0.83044 -0.03051 0.55495
1403638569.0778295994 5.82551 0.10865 0.45611 0.03964 0.83018 -0.02950 0.55531
1403638569.1778295040 5.78761 0.06368 0.44865 0.04021 0.83095 -0.02949 0.55411
1403638569.2778294086 5.74822 0.02459 0.44457 0.04226 0.83211 -0.02848 0.55226
1403638569.3778295517 5.71908 -0.00993 0.43291 0.04311 0.83202 -0.02825 0.55235
1403638569.4778294563 5.69058 -0.04126 0.41786 0.04359 0.83054 -0.02781 0.55455
1403638569.5778295994 5.67254 -0.06427 0.39906 0.04430 0.82927 -0.02747 0.55641
1403638569.6778295040 5.65890 -0.08147 0.38594 0.04341 0.82814 -0.02844 0.55811
1403638569.7778294086 5.64847 -0.09310 0.37923 0.04436 0.82732 -0.02783 0.55929
1403638569.8778295517 5.63953 -0.10055 0.37880 0.04535 0.82608 -0.02677 0.56108
1403638569.9778294563 5.63634 -0.10220 0.38236 0.04410 0.82459 -0.02763 0.56334
1403638570.0778295994 5.63660 -0.09768 0.38361 0.04180 0.82401 -0.02919 0.56427
1403638570.1778295040 5.63896 -0.08910 0.37897 0.03686 0.82418 -0.03203 0.56423
1403638570.2778294086 5.64261 -0.07791 0.36852 0.02931 0.82364 -0.03672 0.56517
1403638570.3778295517 5.64786 -0.06548 0.35360 0.02304 0.82333 -0.04410 0.56538
1403638570.4778294563 5.65270 -0.05408 0.33342 0.01891 0.82271 -0.05976 0.56500
1403638570.5778295994 5.65787 -0.04838 0.30640 0.01195 0.81986 -0.08681 0.56582
1403638570.6778295040 5.66064 -0.04861 0.27575 0.01299 0.81443 -0.11610 0.56838
1403638570.7778294086 5.66278 -0.05874 0.24192 0.02052 0.80310 -0.14370 0.57790
1403638570.8778295517 5.65981 -0.07938 0.20586 0.03339 0.79118 -0.16816 0.58706
1403638570.9778294563 5.64960 -0.11052 0.16633 0.04908 0.78278 -0.18953 0.59070
1403638571.0778295994 5.63119 -0.15163 0.12225 0.06609 0.77978 -0.20865 0.58655
1403638571.1778295040 5.60302 -0.20089 0.08014 0.08760 0.78218 -0.22108 0.57589
1403638571.2778294086 5.56807 -0.25807 0.04748 0.10770 0.78330 -0.22746 0.56842
1403638571.3778295517 5.52588 -0.31923 0.02525 0.12033 0.78250 -0.23283 0.56480
1403638571.4778294563 5.47841 -0.38380 0.01258 0.12628 0.77956 -0.23753 0.56561
1403638571.5778295994 5.42577 -0.45136 0.00359 0.13314 0.77706 -0.24165 0.56574
1403638571.6778295040 5.36937 -0.52158 -0.00935 0.13925 0.77659 -0.25093 0.56084
1403638571.7778294086 5.30992 -0.59519 -0.02748 0.14722 0.77584 -0.26424 0.55369
1403638571.8778295517 5.24851 -0.67221 -0.04988 0.15445 0.77262 -0.28182 0.54752
1403638571.9778294563 5.18428 -0.75339 -0.06891 0.16211 0.76632 -0.30164 0.54359
1403638572.0778295994 5.11717 -0.83787 -0.08004 0.17126 0.75914 -0.32069 0.53993
1403638572.1778295040 5.04588 -0.92599 -0.08214 0.18702 0.75210 -0.33572 0.53540
1403638572.2778294086 4.97140 -1.01627 -0.07949 0.20116 0.74755 -0.35220 0.52598
1403638572.3778295517 4.89606 -1.10983 -0.07894 0.21429 0.74242 -0.37044 0.51542
1403638572.4778294563 4.82044 -1.20683 -0.08127 0.22826 0.73823 -0.38344 0.50585
1403638572.5778295994 4.74635 -1.30735 -0.08483 0.23916 0.73428 -0.39202 0.49997
1403638572.6778295040 4.67391 -1.41140 -0.08734 0.24500 0.73238 -0.39738 0.49566
1403638572.7778294086 4.60413 -1.51990 -0.08176 0.25275 0.73374 -0.39713 0.48992
1403638572.8778295517 4.53811 -1.63188 -0.06824 0.25628 0.73615 -0.39642 0.48503
1403638572.9778294563 4.47565 -1.74720 -0.04989 0.25681 0.73829 -0.39538 0.48235
1403638573.0778295994 4.41754 -1.86575 -0.03584 0.25601 0.74035 -0.39412 0.48063
1403638573.1778295040 4.36342 -1.98747 -0.02846 0.25412 0.74196 -0.39285 0.48019
1403638573.2778294086 4.31509 -2.11132 -0.02240 0.25240 0.74339 -0.39084 0.48053
1403638573.3778295517 4.26842 -2.23969 -0.01610 0.25148 0.74418 -0.38984 0.48059
1403638573.4778294563 4.23106 -2.36945 -0.00520 0.25451 0.74430 -0.38998 0.47871
1403638573.5778295994 4.19676 -2.50377 0.01267 0.25614 0.74420 -0.39020 0.47782
1403638573.6778295040 4.16875 -2.63817 0.03783 0.25900 0.74452 -0.39072 0.47533
1403638573.7778294086 4.14627 -2.77452 0.06755 0.26584 0.74086 -0.39408 0.47450
1403638573.8778295517 4.12977 -2.91371 0.09659 0.27941 0.73055 -0.39955 0.47810
1403638573.9778294563 4.11912 -3.05205 0.12017 0.29112 0.71503 -0.41294 0.48318
1403638574.0778295994 4.11154 -3.18696 0.13652 0.29687 0.69459 -0.43434 0.49068
1403638574.1778295040 4.10455 -3.31712 0.14683 0.30288 0.67221 -0.45821 0.49643
1403638574.2778294086 4.09586 -3.44202 0.15179 0.31233 0.65335 -0.48037 0.49480
1403638574.3778295517 4.07872 -3.56573 0.15305 0.32467 0.63991 -0.50013 0.48475
1403638574.4778294563 4.05406 -3.68753 0.15105 0.33801 0.62820 -0.51796 0.47204
1403638574.5778295994 4.02467 -3.80484 0.15268 0.34836 0.61746 -0.53195 0.46305
1403638574.6778295040 3.99127 -3.92063 0.16271 0.36015 0.61105 -0.53892 0.45441
1403638574.7778294086 3.95663 -4.03576 0.17897 0.37086 0.61087 -0.54137 0.44295
1403638574.8778295517 3.92246 -4.14875 0.19880 0.37215 0.61296 -0.54571 0.43358
1403638574.9778294563 3.88754 -4.25818 0.21376 0.37068 0.61535 -0.54890 0.42738
1403638575.0778295994 3.85252 -4.36570 0.22166 0.36308 0.61398 -0.55418 0.42905
1403638575.1778295040 3.81642 -4.47244 0.22353 0.35717 0.61134 -0.55740 0.43359
1403638575.2778294086 3.77789 -4.58232 0.22342 0.35370 0.61007 -0.55820 0.43718
1403638575.3778295517 3.73602 -4.69167 0.21708 0.35049 0.61346 -0.55814 0.43509
1403638575.4778294563 3.69159 -4.80458 0.20818 0.34860 0.61900 -0.55649 0.43085
1403638575.5778295994 3.64439 -4.91920 0.19788 0.34766 0.62407 -0.55392 0.42760
1403638575.6778295040 3.59544 -5.04010 0.19460 0.35111 0.63047 -0.54861 0.42220
1403638575.7778294086 3.54535 -5.16725 0.19985 0.35202 0.63709 -0.54555 0.41542
1403638575.8778295517 3.49818 -5.29579 0.21442 0.35187 0.64135 -0.54342 0.41178
1403638575.9778294563 3.45545 -5.42653 0.23992 0.35135 0.64170 -0.54262 0.41272
1403638576.0778295994 3.41595 -5.56142 0.27246 0.35202 0.64231 -0.54120 0.41306
1403638576.1778295040 3.37907 -5.70321 0.30996 0.35284 0.64073 -0.54075 0.41540
1403638576.2778294086 3.34569 -5.84882 0.34450 0.35690 0.64127 -0.53820 0.41442
1403638576.3778295517 3.31569 -5.99893 0.37262 0.36145 0.64283 -0.53523 0.41189
1403638576.4778294563 3.29119 -6.15134 0.39510 0.36528 0.64544 -0.53274 0.40763
1403638576.5778295994 3.27308 -6.30694 0.41227 0.36984 0.64952 -0.52986 0.40073
1403638576.6778295040 3.26227 -6.46589 0.42505 0.37299 0.65099 -0.52768 0.39830
1403638576.7778294086 3.26014 -6.62808 0.43351 0.37788 0.64863 -0.52402 0.40236
1403638576.8778295517 3.26494 -6.79102 0.43701 0.38057 0.64365 -0.52225 0.41005
1403638576.9778294563 3.27686 -6.95300 0.43570 0.37857 0.63725 -0.52404 0.41949
1403638577.0778295994 3.29449 -7.11154 0.43362 0.37428 0.63344 -0.52745 0.42481
1403638577.1778295040 3.31574 -7.26838 0.43915 0.37145 0.63062 -0.52958 0.42882
1403638577.2778294086 3.33978 -7.42390 0.45071 0.37180 0.63115 -0.52932 0.42806
1403638577.3778295517 3.36622 -7.57950 0.47112 0.37842 0.63539 -0.52440 0.42200
1403638577.4778294563 3.39674 -7.73271 0.49697 0.38276 0.63786 -0.52115 0.41837
1403638577.5778295994 3.43255 -7.88483 0.51913 0.37979 0.63784 -0.52292 0.41889
1403638577.6778295040 3.47319 -8.03315 0.53543 0.37645 0.63677 -0.52504 0.42089
1403638577.7778294086 3.51720 -8.17936 0.54390 0.37373 0.63626 -0.52657 0.42215
1403638577.8778295517 3.56540 -8.32585 0.54754 0.37340 0.63645 -0.52633 0.42246
1403638577.9778294563 3.61709 -8.46667 0.54759 0.37424 0.63696 -0.52495 0.42268
1403638578.0778295994 3.67338 -8.61246 0.55486 0.37315 0.63619 -0.52491 0.42484
1403638578.1778295040 3.73351 -8.75003 0.56756 0.36862 0.63314 -0.52736 0.43029
1403638578.2778294086 3.79488 -8.88966 0.58640 0.36019 0.62821 -0.53291 0.43775
1403638578.3778295517 3.85489 -9.02877 0.60520 0.35816 0.62582 -0.53455 0.44081
1403638578.4778294563 3.91264 -9.16625 0.61775 0.35835 0.62540 -0.53496 0.44077
1403638578.5778295994 3.96822 -9.30094 0.62568 0.35840 0.62480 -0.53566 0.44073
1403638578.6778295040 4.02225 -9.43882 0.62925 0.36085 0.62466 -0.53451 0.44031
1403638578.7778294086 4.07360 -9.56933 0.63035 0.36621 0.62720 -0.53112 0.43636
1403638578.8778295517 4.12666 -9.70400 0.62688 0.37130 0.63001 -0.52751 0.43238
1403638578.9778294563 4.18112 -9.82654 0.62333 0.37387 0.63132 -0.52545 0.43076
1403638579.0778295994 4.23852 -9.95816 0.62815 0.37431 0.63201 -0.52443 0.43061
1403638579.1778295040 4.29771 -10.07986 0.64076 0.37490 0.63206 -0.52355 0.43110
1403638579.2778294086 4.36070 -10.20598 0.65914 0.37270 0.63108 -0.52463 0.43312
1403638579.3778295517 4.42447 -10.32029 0.67767 0.36708 0.62784 -0.52832 0.43812
1403638579.4778294563 4.48931 -10.44264 0.69445 0.36134 0.62357 -0.53221 0.44423
1403638579.5778295994 4.55164 -10.55182 0.70327 0.36021 0.62103 -0.52949 0.45189
1403638579.6778295040 4.61329 -10.66275 0.70777 0.36245 0.62172 -0.51738 0.46305
1403638579.7778294086 4.67359 -10.77045 0.70699 0.36091 0.63234 -0.49848 0.47053
1403638579.8778295517 4.73326 -10.87351 0.69941 0.35028 0.65254 -0.47744 0.47281
1403638579.9778294563 4.79337 -10.97248 0.68692 0.33317 0.67282 -0.45259 0.48112
1403638580.0778295994 4.85287 -11.06394 0.67292 0.31879 0.68760 -0.41825 0.50064
1403638580.1778295040 4.91230 -11.14487 0.65540 0.29904 0.70211 -0.38153 0.52159
1403638580.2778294086 4.96844 -11.21420 0.63293 0.27276 0.71930 -0.34690 0.53654
1403638580.3778295517 5.02189 -11.27805 0.60458 0.24256 0.73567 -0.32081 0.54501
1403638580.4778294563 5.06929 -11.33723 0.57185 0.21647 0.74738 -0.30449 0.54940
1403638580.5778295994 5.11302 -11.39570 0.53800 0.19898 0.75477 -0.29129 0.55306
1403638580.6778295040 5.15329 -11.45242 0.50451 0.18365 0.76498 -0.27684 0.55176
1403638580.7778294086 5.19011 -11.50848 0.47795 0.17329 0.77522 -0.26200 0.54805
1403638580.8778295517 5.22304 -11.56330 0.45989 0.16851 0.78224 -0.25124 0.54459
1403638580.9778294563 5.25749 -11.61824 0.45337 0.16275 0.78374 -0.24787 0.54573
1403638581.0778295994 5.29046 -11.66940 0.45634 0.16173 0.78476 -0.24622 0.54532
1403638581.1778295040 5.31887 -11.71807 0.46613 0.16429 0.78470 -0.24467 0.54534
1403638581.2778294086 5.34518 -11.76398 0.47713 0.16836 0.78477 -0.24439 0.54412
1403638581.3778295517 5.37497 -11.80219 0.49567 0.17206 0.78347 -0.24579 0.54421
1403638581.4778294563 5.39926 -11.84288 0.50875 0.17477 0.78131 -0.24743 0.54570
1403638581.5778295994 5.42357 -11.86409 0.54264 0.17829 0.78064 -0.24975 0.54446
1403638581.6778295040 5.44840 -11.89615 0.56369 0.18346 0.77651 -0.24968 0.54867
1403638581.7778294086 5.47200 -11.90860 0.58966 0.18605 0.77281 -0.25153 0.55216
1403638581.8778295517 5.49847 -11.92797 0.60387 0.18932 0.76971 -0.25169 0.55530
1403638581.9778294563 5.52488 -11.95410 0.60824 0.19327 0.76218 -0.24998 0.56501
1403638582.0778295994 5.55225 -11.97531 0.61538 0.19213 0.76396 -0.25193 0.56213
1403638582.1778295040 5.57935 -11.99654 0.62891 0.18805 0.77132 -0.25537 0.55180
1403638582.2778294086 5.60185 -12.01210 0.65194 0.18841 0.77434 -0.25542 0.54742
1403638582.3778295517 5.63186 -12.03199 0.68681 0.19098 0.77115 -0.25323 0.55203
1403638582.4778294563 5.65388 -12.04066 0.72831 0.19310 0.76997 -0.25161 0.55366
1403638582.5778295994 5.67466 -12.04458 0.78178 0.19415 0.76937 -0.25054 0.55462
1403638582.6778295040 5.70290 -12.05591 0.84030 0.19389 0.77046 -0.25081 0.55308
1403638582.7778294086 5.72241 -12.05029 0.91222 0.19216 0.77197 -0.25265 0.55072
1403638582.8778295517 5.74128 -12.04191 0.98462 0.19260 0.77327 -0.25324 0.54849
1403638582.9778294563 5.75950 -12.02944 1.05042 0.19142 0.77543 -0.25488 0.54507
1403638583.0778295994 5.77696 -12.01346 1.10836 0.19048 0.77789 -0.25662 0.54107
1403638583.1778295040 5.79487 -11.99540 1.15833 0.19044 0.77945 -0.25738 0.53847
1403638583.2778294086 5.81540 -11.97674 1.20209 0.18920 0.78000 -0.25870 0.53747
1403638583.3778295517 5.84458 -11.96330 1.23112 0.18964 0.77969 -0.25821 0.53800
1403638583.4778294563 5.87071 -11.94121 1.26888 0.18987 0.78037 -0.25836 0.53687
1403638583.5778295994 5.89794 -11.91911 1.31190 0.19002 0.78033 -0.25828 0.53691
1403638583.6778295040 5.92560 -11.89503 1.36247 0.19173 0.78063 -0.25708 0.53644
1403638583.7778294086 5.95423 -11.86890 1.41380 0.19148 0.78031 -0.25710 0.53699
1403638583.8778295517 5.99630 -11.83424 1.43063 0.19243 0.77945 -0.25667 0.53810
1403638583.9778294563 6.03199 -11.80296 1.46851 0.19289 0.77946 -0.25640 0.53804
1403638584.0778295994 6.06298 -11.77062 1.49983 0.19583 0.77605 -0.25415 0.54296
1403638584.1778295040 6.10973 -11.74594 1.50431 0.20007 0.76719 -0.25063 0.55550
1403638584.2778294086 6.14287 -11.70482 1.52759 0.20244 0.75821 -0.24824 0.56791
1403638584.3778295517 6.17721 -11.66675 1.51688 0.20402 0.75551 -0.24690 0.57151
1403638584.4778294563 6.19733 -11.61273 1.50214 0.20472 0.75544 -0.24622 0.57164
1403638584.5778295994 6.21224 -11.55150 1.50505 0.20437 0.75562 -0.24631 0.57150
1403638584.6778295040 6.22311 -11.48416 1.51408 0.20205 0.75739 -0.24765 0.56939
1403638584.7778294086 6.22605 -11.41104 1.50512 0.19819 0.76419 -0.24998 0.56057
1403638584.8778295517 6.23242 -11.33241 1.52881 0.19177 0.77178 -0.25466 0.55021
1403638584.9778294563 6.22653 -11.25313 1.52025 0.18966 0.77531 -0.25662 0.54503
1403638585.0778295994 6.22504 -11.17043 1.51265 0.18923 0.77651 -0.25728 0.54317
1403638585.1778295040 6.22755 -11.08983 1.51802 0.18681 0.77629 -0.25888 0.54355
1403638585.2778294086 6.22684 -11.01110 1.49899 0.18791 0.77442 -0.25812 0.54621
1403638585.3778295517 6.23084 -10.93025 1.49256 0.18851 0.77235 -0.25739 0.54926
1403638585.4778294563 6.22687 -10.85327 1.47750 0.18830 0.77257 -0.25754 0.54896
1403638585.5778295994 6.23032 -10.77173 1.47593 0.18738 0.77438 -0.25769 0.54664
1403638585.6778295040 6.23214 -10.69232 1.47688 0.18728 0.77691 -0.25766 0.54309
1403638585.7778294086 6.23789 -10.60857 1.49162 0.18403 0.78189 -0.25986 0.53596
1403638585.8778295517 6.24157 -10.52752 1.51324 0.18143 0.78564 -0.26176 0.53040
1403638585.9778294563 6.25011 -10.44760 1.54487 0.17962 0.78546 -0.26380 0.53028
1403638586.0778295994 6.25937 -10.37172 1.57900 0.18158 0.78128 -0.26304 0.53613
1403638586.1778295040 6.27709 -10.29530 1.60517 0.18351 0.77846 -0.26255 0.53980
1403638586.2778294086 6.28667 -10.21712 1.62716 0.18581 0.77581 -0.26136 0.54341
1403638586.3778295517 6.30349 -10.14153 1.64327 0.19172 0.77276 -0.25775 0.54741
1403638586.4778294563 6.31022 -10.05841 1.65434 0.19981 0.77103 -0.25276 0.54927
1403638586.5778295994 6.32428 -9.97803 1.65905 0.20205 0.77030 -0.25160 0.55000
1403638586.6778295040 6.33187 -9.88961 1.65654 0.19923 0.77106 -0.25377 0.54898
1403638586.7778294086 6.34614 -9.80569 1.64864 0.19517 0.77067 -0.25650 0.54972
1403638586.8778295517 6.35375 -9.71711 1.63519 0.19299 0.76951 -0.25736 0.55171
1403638586.9778294563 6.36488 -9.62974 1.61668 0.19322 0.76925 -0.25711 0.55210
1403638587.0778295994 6.37090 -9.53928 1.59659 0.19245 0.76901 -0.25762 0.55246
1403638587.1778295040 6.37985 -9.44698 1.58139 0.19201 0.77021 -0.25762 0.55095
1403638587.2778294086 6.38715 -9.35607 1.57291 0.19122 0.77190 -0.25779 0.54877
1403638587.3778295517 6.39320 -9.26096 1.57213 0.19059 0.77348 -0.25817 0.54658
1403638587.4778294563 6.40214 -9.16707 1.57198 0.18878 0.77355 -0.25996 0.54626
1403638587.5778295994 6.40873 -9.06831 1.57277 0.18800 0.77356 -0.26096 0.54604
1403638587.6778295040 6.42138 -8.97439 1.56454 0.18786 0.77318 -0.26153 0.54636
1403638587.7778294086 6.42805 -8.87806 1.55328 0.18783 0.77277 -0.26194 0.54674
1403638587.8778295517 6.44081 -8.78603 1.53582 0.18702 0.77243 -0.26282 0.54709
1403638587.9778294563 6.44737 -8.68989 1.51636 0.18683 0.77200 -0.26334 0.54750
1403638588.0778295994 6.45761 -8.60375 1.49068 0.18787 0.77163 -0.26217 0.54823
1403638588.1778295040 6.46125 -8.51092 1.46294 0.19446 0.77247 -0.25779 0.54682
1403638588.2778294086 6.46910 -8.42470 1.43394 0.19716 0.77337 -0.25532 0.54574
1403638588.3778295517 6.47448 -8.32712 1.41365 0.19780 0.77372 -0.25462 0.54535
1403638588.4778294563 6.48449 -8.23284 1.40007 0.19603 0.77369 -0.25563 0.54555
1403638588.5778295994 6.49034 -8.12955 1.39602 0.19363 0.77294 -0.25727 0.54671
1403638588.6778295040 6.49690 -8.03087 1.39911 0.19123 0.77220 -0.25855 0.54799
1403638588.7778294086 6.50155 -7.92299 1.40914 0.18976 0.77067 -0.25995 0.54999
1403638588.8778295517 6.50852 -7.82365 1.41584 0.18726 0.77016 -0.26224 0.55047
1403638588.9778294563 6.51023 -7.71848 1.41488 0.18754 0.77007 -0.26254 0.55036
1403638589.0778295994 6.51482 -7.61961 1.40747 0.18794 0.77037 -0.26283 0.54966
1403638589.1778295040 6.51477 -7.51103 1.39191 0.18958 0.77012 -0.26215 0.54978
1403638589.2778294086 6.51908 -7.41399 1.37664 0.18924 0.76919 -0.26228 0.55113
1403638589.3778295517 6.51701 -7.30538 1.35658 0.18947 0.76898 -0.26210 0.55142
1403638589.4778294563 6.51891 -7.20577 1.34476 0.18909 0.76991 -0.26274 0.54995
1403638589.5778295994 6.51418 -7.09678 1.33575 0.18845 0.76985 -0.26315 0.55007
1403638589.6778295040 6.51692 -6.99843 1.33942 0.18800 0.77055 -0.26320 0.54921
1403638589.7778294086 6.51185 -6.89197 1.34641 0.18836 0.77209 -0.26362 0.54672
1403638589.8778295517 6.50965 -6.79341 1.35904 0.18832 0.77272 -0.26459 0.54538
1403638589.9778294563 6.50410 -6.68759 1.35835 0.18871 0.77270 -0.26506 0.54504
1403638590.0778295994 6.49988 -6.58917 1.36023 0.18830 0.77272 -0.26584 0.54477
1403638590.1778295040 6.49458 -6.48401 1.35094 0.18896 0.77165 -0.26614 0.54591
1403638590.2778294086 6.49063 -6.39292 1.34465 0.18857 0.77099 -0.26669 0.54671
1403638590.3778295517 6.48396 -6.28941 1.32728 0.18881 0.77127 -0.26715 0.54600
1403638590.4778294563 6.47899 -6.19858 1.31157 0.18876 0.77195 -0.26736 0.54496
1403638590.5778295994 6.47016 -6.09736 1.29327 0.18767 0.77300 -0.26806 0.54350
1403638590.6778295040 6.46453 -6.00857 1.28444 0.18564 0.77477 -0.26902 0.54120
1403638590.7778294086 6.45690 -5.91125 1.28325 0.18485 0.77556 -0.26950 0.54009
1403638590.8778295517 6.45061 -5.82425 1.28912 0.18494 0.77645 -0.26943 0.53882
1403638590.9778294563 6.44404 -5.72957 1.30181 0.18365 0.77701 -0.27033 0.53801
1403638591.0778295994 6.43527 -5.63454 1.31698 0.18223 0.77785 -0.27170 0.53658
1403638591.1778295040 6.43080 -5.54133 1.32753 0.18127 0.78202 -0.27297 0.53017
1403638591.2778294086 6.42542 -5.44968 1.32867 0.17871 0.78780 -0.27521 0.52124
1403638591.3778295517 6.42478 -5.36718 1.32620 0.17529 0.79205 -0.27779 0.51454
1403638591.4778294563 6.43030 -5.28924 1.31895 0.17259 0.79473 -0.27997 0.51013
1403638591.5778295994 6.44185 -5.21789 1.30597 0.16985 0.79742 -0.28229 0.50556
1403638591.6778295040 6.45926 -5.15619 1.28916 0.16849 0.79765 -0.28342 0.50501
1403638591.7778294086 6.48326 -5.10389 1.27263 0.17026 0.79580 -0.28236 0.50792
1403638591.8778295517 6.51503 -5.06760 1.25804 0.17115 0.79357 -0.28144 0.51161
1403638591.9778294563 6.55164 -5.04146 1.25128 0.17177 0.79103 -0.28060 0.51578
1403638592.0778295994 6.59230 -5.02594 1.25294 0.17205 0.78855 -0.27938 0.52012
1403638592.1778295040 6.63785 -5.00799 1.26399 0.17005 0.78576 -0.27747 0.52599
1403638592.2778294086 6.68521 -5.00358 1.28694 0.16496 0.78041 -0.27198 0.53831
1403638592.3778295517 6.73276 -4.99684 1.31884 0.15601 0.77795 -0.26309 0.54886
1403638592.4778294563 6.77847 -4.98955 1.35763 0.14432 0.78060 -0.24927 0.55471
1403638592.5778295994 6.82057 -4.98628 1.40199 0.13650 0.78814 -0.23512 0.55220
1403638592.6778295040 6.85993 -4.98645 1.45188 0.12985 0.79573 -0.22392 0.54755
1403638592.7778294086 6.89869 -4.99001 1.50081 0.12464 0.80288 -0.21643 0.54130
1403638592.8778295517 6.93748 -4.99738 1.54457 0.12049 0.80797 -0.21181 0.53647
1403638592.9778294563 6.97809 -5.00768 1.58309 0.11979 0.81052 -0.20813 0.53422
1403638593.0778295994 7.02351 -5.02390 1.61522 0.11872 0.81129 -0.20682 0.53380
1403638593.1778295040 7.07220 -5.04331 1.64991 0.11888 0.80959 -0.20589 0.53669
1403638593.2778294086 7.12584 -5.06830 1.68863 0.12568 0.80638 -0.20205 0.54142
1403638593.3778295517 7.18057 -5.09445 1.73478 0.13476 0.80304 -0.19691 0.54608
1403638593.4778294563 7.23508 -5.11990 1.77809 0.14306 0.79844 -0.19291 0.55210
1403638593.5778295994 7.29126 -5.14335 1.81467 0.14771 0.79559 -0.19161 0.55543
1403638593.6778295040 7.34804 -5.16322 1.84447 0.15044 0.79436 -0.19131 0.55655
1403638593.7778294086 7.40538 -5.17946 1.86927 0.15182 0.79102 -0.19161 0.56082
1403638593.8778295517 7.46150 -5.19165 1.89321 0.14776 0.78059 -0.19155 0.57633
1403638593.9778294563 7.51308 -5.19770 1.92269 0.14132 0.77723 -0.18842 0.58348
1403638594.0778295994 7.55778 -5.20048 1.95525 0.13299 0.78282 -0.18648 0.57857
1403638594.1778295040 7.59637 -5.20133 1.99233 0.13072 0.78900 -0.18195 0.57209
1403638594.2778294086 7.63080 -5.20057 2.02792 0.13106 0.79149 -0.17718 0.57006
1403638594.3778295517 7.66176 -5.19651 2.05883 0.13360 0.79058 -0.17229 0.57224
1403638594.4778294563 7.68791 -5.18871 2.09586 0.13734 0.78931 -0.16681 0.57472
1403638594.5778295994 7.71162 -5.17602 2.13552 0.13180 0.78956 -0.16876 0.57511
1403638594.6778295040 7.72875 -5.15909 2.18448 0.12616 0.79006 -0.17199 0.57472
1403638594.7778294086 7.74583 -5.14198 2.22631 0.12405 0.79074 -0.17405 0.57363
1403638594.8778295517 7.75421 -5.12128 2.26562 0.12281 0.79071 -0.17574 0.57342
1403638594.9778294563 7.76589 -5.10113 2.29373 0.12396 0.79253 -0.17632 0.57048
1403638595.0778295994 7.77562 -5.07936 2.31681 0.12267 0.79367 -0.17818 0.56859
1403638595.1778295040 7.78417 -5.05730 2.33405 0.12261 0.79412 -0.17946 0.56756
1403638595.2778294086 7.79158 -5.03502 2.34557 0.12325 0.79455 -0.17978 0.56672
1403638595.3778295517 7.79049 -5.00722 2.35740 0.12324 0.79415 -0.18057 0.56704
1403638595.4778294563 7.79326 -4.98474 2.35604 0.12337 0.79447 -0.18082 0.56648
1403638595.5778295994 7.79493 -4.96152 2.35383 0.12347 0.79526 -0.18055 0.56543
1403638595.6778295040 7.79477 -4.93739 2.35653 0.12594 0.79533 -0.17891 0.56532
1403638595.7778294086 7.79377 -4.91130 2.36403 0.13029 0.79634 -0.17600 0.56382
1403638595.8778295517 7.79340 -4.88379 2.36904 0.13165 0.79676 -0.17538 0.56311
1403638595.9778294563 7.79254 -4.85564 2.36041 0.13410 0.79650 -0.17395 0.56333
1403638596.0778295994 7.78789 -4.82240 2.34432 0.14163 0.79728 -0.16915 0.56185
1403638596.1778295040 7.78689 -4.78850 2.32344 0.15290 0.79886 -0.16129 0.55896
1403638596.2778294086 7.78685 -4.74643 2.30946 0.16462 0.80072 -0.15266 0.55538
1403638596.3778295517 7.78568 -4.69371 2.30694 0.17397 0.80099 -0.14517 0.55415
1403638596.4778294563 7.79058 -4.63191 2.30997 0.17950 0.80076 -0.14034 0.55396
1403638596.5778295994 7.79954 -4.55848 2.32448 0.18621 0.80164 -0.13497 0.55180
1403638596.6778295040 7.81395 -4.46993 2.34423 0.19384 0.80200 -0.12897 0.55008
1403638596.7778294086 7.83522 -4.36549 2.37148 0.19777 0.80217 -0.12561 0.54921
1403638596.8778295517 7.86276 -4.24690 2.40797 0.20132 0.80163 -0.12278 0.54936
1403638596.9778294563 7.89348 -4.10921 2.44331 0.20316 0.80036 -0.12185 0.55072
1403638597.0778295994 7.92914 -3.96015 2.47602 0.20588 0.79954 -0.12080 0.55115
1403638597.1778295040 7.96886 -3.79532 2.50276 0.20819 0.79771 -0.12054 0.55297
1403638597.2778294086 8.01100 -3.61373 2.52219 0.20575 0.79497 -0.12355 0.55716
1403638597.3778295517 8.05724 -3.41695 2.53500 0.20099 0.79316 -0.12835 0.56039
1403638597.4778294563 8.10614 -3.20479 2.54566 0.19245 0.78981 -0.13537 0.56643
1403638597.5778295994 8.15413 -2.98151 2.55122 0.17979 0.78507 -0.14484 0.57478
1403638597.6778295040 8.19967 -2.74936 2.55207 0.17543 0.78267 -0.14887 0.57835
1403638597.7778294086 8.24199 -2.50952 2.54770 0.17960 0.78450 -0.14381 0.57587
1403638597.8778295517 8.28198 -2.26116 2.53874 0.18378 0.78723 -0.13252 0.57352
1403638597.9778294563 8.32003 -2.00321 2.52663 0.18489 0.78899 -0.12338 0.57278
1403638598.0778295994 8.35979 -1.73379 2.51897 0.17809 0.78923 -0.12088 0.57514
1403638598.1778295040 8.39804 -1.45237 2.51741 0.15653 0.79065 -0.13009 0.57745
1403638598.2778294086 8.43393 -1.16461 2.52044 0.13910 0.79248 -0.13857 0.57743
1403638598.3778295517 8.46908 -0.87611 2.52160 0.12821 0.79425 -0.14390 0.57621
1403638598.4778294563 8.50383 -0.58880 2.51684 0.12400 0.79659 -0.14570 0.57345
1403638598.5778295994 8.53612 -0.30291 2.50418 0.11908 0.79869 -0.14373 0.57206
1403638598.6778295040 8.56681 -0.01870 2.48599 0.11478 0.80122 -0.13523 0.57147
1403638598.7778294086 8.59526 0.26270 2.46903 0.10639 0.80368 -0.12441 0.57211
1403638598.8778295517 8.62089 0.54137 2.45870 0.09719 0.80502 -0.10993 0.57482
1403638598.9778294563 8.64255 0.81651 2.45170 0.08722 0.80783 -0.09351 0.57537
1403638599.0778295994 8.66294 1.08976 2.44909 0.07512 0.80959 -0.07679 0.57708
1403638599.1778295040 8.68119 1.36162 2.45228 0.06308 0.81128 -0.05909 0.57824
1403638599.2778294086 8.69635 1.63113 2.45976 0.05203 0.81362 -0.04001 0.57768
1403638599.3778295517 8.70949 1.89891 2.47464 0.03943 0.81718 -0.02267 0.57459
1403638599.4778294563 8.72026 2.16502 2.49465 0.03025 0.81958 -0.00925 0.57209
1403638599.5778295994 8.73022 2.43027 2.51304 0.02466 0.82203 -0.00068 0.56890
1403638599.6778295040 8.73998 2.69489 2.52281 0.02102 0.82358 0.00397 0.56680
1403638599.7778294086 8.75127 2.95891 2.52403 0.01982 0.82372 0.00505 0.56663
1403638599.8778295517 8.76582 3.22107 2.51857 0.01794 0.82500 0.00258 0.56485
1403638599.9778294563 8.78218 3.48108 2.50906 0.01425 0.82512 -0.00302 0.56477
1403638600.0778295994 8.80309 3.73900 2.49567 0.00795 0.82617 -0.01086 0.56326
1403638600.1778295040 8.82688 3.99068 2.47850 -0.00409 0.82773 -0.02265 0.56065
1403638600.2778294086 8.85221 4.23519 2.45562 -0.01400 0.82969 -0.03338 0.55705
1403638600.3778295517 8.88131 4.46907 2.43165 -0.02153 0.83098 -0.04203 0.55429
1403638600.4778294563 8.91435 4.68936 2.41456 -0.02772 0.83206 -0.04855 0.55187
1403638600.5778295994 8.95237 4.89395 2.40821 -0.02563 0.83263 -0.04921 0.55104
1403638600.6778295040 8.99361 5.08308 2.40960 -0.02849 0.83410 -0.05222 0.54840
1403638600.7778294086 9.03969 5.25824 2.41785 -0.02823 0.83782 -0.05210 0.54272
1403638600.8778295517 9.09253 5.41705 2.43159 -0.01738 0.84178 -0.04329 0.53780
1403638600.9778294563 9.15065 5.56368 2.44231 -0.00074 0.84411 -0.02978 0.53534
1403638601.0778295994 9.21484 5.70133 2.44777 0.00831 0.84464 -0.02168 0.53484
1403638601.1778295040 9.28680 5.83455 2.44893 0.01616 0.84337 -0.01519 0.53688
1403638601.2778294086 9.36668 5.96722 2.44648 0.02569 0.83710 -0.00757 0.54639
1403638601.3778295517 9.45177 6.10041 2.44277 0.02304 0.83212 -0.00362 0.55410
1403638601.4778294563 9.54065 6.23734 2.44285 0.01008 0.82781 0.00110 0.56091
1403638601.5778295994 9.63078 6.37594 2.45100 -0.00057 0.82326 0.01545 0.56745
1403638601.6778295040 9.72127 6.51316 2.46422 -0.01172 0.82100 0.03556 0.56971
1403638601.7778294086 9.81018 6.65058 2.48452 -0.02429 0.81852 0.06109 0.57071
1403638601.8778295517 9.89669 6.78829 2.51308 -0.03816 0.81396 0.09022 0.57261
1403638601.9778294563 9.97945 6.92789 2.54276 -0.05300 0.81117 0.11368 0.57121
1403638602.0778295994 10.05987 7.06854 2.56647 -0.06454 0.80978 0.13065 0.56834
1403638602.1778295040 10.13633 7.21098 2.58377 -0.07039 0.80532 0.14637 0.57015
1403638602.2778294086 10.20879 7.35638 2.59641 -0.07788 0.79858 0.16391 0.57388
1403638602.3778295517 10.27662 7.50587 2.60906 -0.10020 0.78775 0.17654 0.58158
1403638602.4778294563 10.33703 7.65651 2.63211 -0.13475 0.76591 0.18319 0.60138
1403638602.5778295994 10.38563 7.80041 2.66280 -0.16963 0.74443 0.18834 0.61772
1403638602.6778295040 10.42001 7.93035 2.69874 -0.19022 0.73442 0.20182 0.61945
1403638602.7778294086 10.43647 8.04353 2.73940 -0.20124 0.73042 0.22146 0.61396
1403638602.8778295517 10.43294 8.13853 2.78415 -0.21234 0.72734 0.24107 0.60645
1403638602.9778294563 10.41425 8.21973 2.83155 -0.23203 0.72773 0.25634 0.59234
1403638603.0778295994 10.38655 8.28751 2.87588 -0.25086 0.72300 0.27100 0.58386
1403638603.1778295040 10.35352 8.34211 2.91358 -0.26300 0.71596 0.28536 0.58034
1403638603.2778294086 10.31326 8.38163 2.93892 -0.26137 0.72362 0.30230 0.56273
1403638603.3778295517 10.26771 8.40949 2.95467 -0.25479 0.73660 0.31642 0.54072
1403638603.4778294563 10.22070 8.43228 2.96596 -0.25140 0.74510 0.32336 0.52637
1403638603.5778295994 10.17564 8.45368 2.97477 -0.25259 0.74303 0.32759 0.52610
1403638603.6778295040 10.12884 8.47275 2.97920 -0.25441 0.73541 0.32999 0.53437
1403638603.7778294086 10.08347 8.48566 2.97528 -0.24792 0.72688 0.33643 0.54497
1403638603.8778295517 10.02930 8.49369 2.96636 -0.24103 0.71930 0.34143 0.55492
1403638603.9778294563 9.96848 8.50035 2.95200 -0.23574 0.71259 0.34426 0.56403
1403638604.0778295994 9.90153 8.50432 2.93052 -0.22956 0.70920 0.34697 0.56917
1403638604.1778295040 9.82207 8.50860 2.91412 -0.22824 0.70868 0.34776 0.56987
1403638604.2778294086 9.73322 8.50583 2.90460 -0.23470 0.71258 0.34395 0.56466
1403638604.3778295517 9.63206 8.50036 2.90203 -0.24023 0.72023 0.34070 0.55451
1403638604.4778294563 9.52488 8.48984 2.90646 -0.23827 0.72810 0.34219 0.54407
1403638604.5778295994 9.41540 8.47716 2.91643 -0.23644 0.73277 0.34343 0.53778
1403638604.6778295040 9.30311 8.46328 2.92176 -0.23916 0.73599 0.34176 0.53321
1403638604.7778294086 9.19069 8.44786 2.92196 -0.24330 0.73796 0.33905 0.53034
1403638604.8778295517 9.07863 8.42979 2.92188 -0.24441 0.74114 0.33836 0.52582
1403638604.9778294563 8.96893 8.40922 2.92517 -0.24212 0.74716 0.34009 0.51718
1403638605.0778295994 8.86130 8.38693 2.93633 -0.23971 0.75360 0.34197 0.50762
1403638605.1778295040 8.75751 8.36567 2.95583 -0.23731 0.75757 0.34393 0.50149
1403638605.2778294086 8.65888 8.35066 2.97678 -0.23347 0.75843 0.34659 0.50014
1403638605.3778295517 8.56410 8.34048 2.99240 -0.22729 0.75383 0.35091 0.50690
1403638605.4778294563 8.47305 8.33652 3.00454 -0.21977 0.74386 0.35657 0.52080
1403638605.5778295994 8.37877 8.33520 3.00803 -0.21407 0.73557 0.36090 0.53184
1403638605.6778295040 8.28224 8.33810 3.00694 -0.20944 0.72987 0.36428 0.53919
1403638605.7778294086 8.17888 8.34585 3.00945 -0.20783 0.72897 0.36540 0.54026
1403638605.8778295517 8.07202 8.35976 3.02357 -0.20503 0.72895 0.36704 0.54026
1403638605.9778294563 7.95860 8.38117 3.04126 -0.20099 0.72826 0.36899 0.54138
1403638606.0778295994 7.83853 8.40780 3.05941 -0.19835 0.72840 0.36971 0.54167
1403638606.1778295040 7.71097 8.43979 3.06733 -0.19495 0.72821 0.37127 0.54209
1403638606.2778294086 7.57821 8.47873 3.07215 -0.19280 0.72944 0.37161 0.54097
1403638606.3778295517 7.43867 8.52394 3.06466 -0.19854 0.73790 0.36670 0.53067
1403638606.4778294563 7.29342 8.57423 3.05270 -0.20687 0.74802 0.35990 0.51783
1403638606.5778295994 7.14804 8.62983 3.03520 -0.21401 0.75650 0.35516 0.50573
1403638606.6778295040 7.00474 8.69235 3.01384 -0.21962 0.75966 0.35722 0.49706
1403638606.7778294086 6.86646 8.76159 2.98796 -0.22460 0.75968 0.36639 0.48806
1403638606.8778295517 6.73461 8.83714 2.96027 -0.23334 0.75619 0.37909 0.47960
1403638606.9778294563 6.61052 8.92055 2.93763 -0.24445 0.74915 0.39465 0.47251
1403638607.0778295994 6.49437 9.01080 2.92543 -0.25863 0.74059 0.40917 0.46606
1403638607.1778295040 6.38755 9.10794 2.92101 -0.27513 0.73098 0.41633 0.46545
1403638607.2778294086 6.28832 9.20880 2.91631 -0.28887 0.71750 0.42090 0.47392
1403638607.3778295517 6.19235 9.31150 2.90309 -0.30154 0.70905 0.42106 0.47858
1403638607.4778294563 6.10111 9.41375 2.88078 -0.30737 0.70597 0.42225 0.47836
1403638607.5778295994 6.01443 9.51272 2.85120 -0.30934 0.70495 0.42362 0.47738
1403638607.6778295040 5.93109 9.60897 2.81875 -0.31094 0.70325 0.42366 0.47882
1403638607.7778294086 5.85317 9.70373 2.78347 -0.30928 0.70183 0.42414 0.48154
1403638607.8778295517 5.77700 9.79693 2.74422 -0.31038 0.70407 0.42202 0.47942
1403638607.9778294563 5.70752 9.88632 2.70100 -0.31263 0.70844 0.41858 0.47451
1403638608.0778295994 5.64285 9.97572 2.65353 -0.31325 0.70720 0.41604 0.47817
1403638608.1778295040 5.58279 10.06084 2.60120 -0.30928 0.70420 0.41650 0.48473
1403638608.2778294086 5.52677 10.14049 2.54469 -0.30787 0.69960 0.41589 0.49276
1403638608.3778295517 5.47258 10.21665 2.48336 -0.30803 0.69379 0.41481 0.50170
1403638608.4778294563 5.41733 10.28888 2.41707 -0.30814 0.69368 0.41442 0.50211
1403638608.5778295994 5.36314 10.35531 2.34487 -0.30638 0.69520 0.41508 0.50054
1403638608.6778295040 5.30826 10.41760 2.27649 -0.31180 0.69240 0.41119 0.50426
1403638608.7778294086 5.25348 10.47196 2.21193 -0.31229 0.69252 0.41092 0.50402
1403638608.8778295517 5.19970 10.51921 2.15243 -0.31112 0.69592 0.41226 0.49894
1403638608.9778294563 5.14520 10.56144 2.10150 -0.31032 0.70002 0.41307 0.49299
1403638609.0778295994 5.09311 10.59987 2.05635 -0.30982 0.70273 0.41357 0.48901
1403638609.1778295040 5.04273 10.63370 2.01803 -0.31178 0.70313 0.41223 0.48833
1403638609.2778294086 4.99403 10.66411 1.97907 -0.31975 0.70316 0.40648 0.48795
1403638609.3778295517 4.94971 10.69088 1.93286 -0.31858 0.70342 0.40699 0.48793
1403638609.4778294563 4.90839 10.71409 1.87966 -0.31489 0.70350 0.40914 0.48840
1403638609.5778295994 4.87036 10.73084 1.82054 -0.31143 0.70351 0.41114 0.48893
1403638609.6778295040 4.83415 10.75100 1.75467 -0.30933 0.70257 0.41265 0.49034
1403638609.7778294086 4.80143 10.76238 1.69021 -0.30815 0.70267 0.41343 0.49028
1403638609.8778295517 4.77165 10.77750 1.63163 -0.30869 0.70288 0.41314 0.48988
1403638609.9778294563 4.74332 10.78378 1.58216 -0.30959 0.70238 0.41235 0.49069
1403638610.0778295994 4.72126 10.78964 1.54188 -0.31305 0.70009 0.40988 0.49384
1403638610.1778295040 4.69837 10.79046 1.50497 -0.31409 0.69701 0.40908 0.49818
1403638610.2778294086 4.67637 10.78658 1.46389 -0.31647 0.69569 0.40711 0.50012
1403638610.3778295517 4.65536 10.77728 1.41594 -0.31733 0.69531 0.40647 0.50063
1403638610.4778294563 4.63780 10.76098 1.36386 -0.31760 0.69362 0.40599 0.50318
1403638610.5778295994 4.61731 10.74121 1.30707 -0.32028 0.68838 0.40386 0.51034
1403638610.6778295040 4.59534 10.71313 1.24955 -0.32462 0.68328 0.40073 0.51688
1403638610.7778294086 4.57026 10.67666 1.19421 -0.32227 0.68863 0.40335 0.50915
1403638610.8778295517 4.54509 10.63472 1.14750 -0.31861 0.69504 0.40720 0.49960
1403638610.9778294563 4.52204 10.58829 1.10678 -0.31926 0.69541 0.40744 0.49847
1403638611.0778295994 4.49971 10.53694 1.06479 -0.32236 0.69254 0.40559 0.50196
1403638611.1778295040 4.47973 10.48070 1.01910 -0.32369 0.69159 0.40577 0.50227
1403638611.2778294086 4.45994 10.41783 0.97268 -0.32314 0.69120 0.40675 0.50237
1403638611.3778295517 4.43966 10.34698 0.93053 -0.31670 0.68886 0.41125 0.50601
1403638611.4778294563 4.41375 10.27235 0.89161 -0.30427 0.68475 0.41914 0.51270
1403638611.5778295994 4.38831 10.19629 0.86305 -0.29539 0.68441 0.42441 0.51401
1403638611.6778295040 4.35302 10.11638 0.83707 -0.29364 0.68684 0.42468 0.51154
1403638611.7778294086 4.31635 10.03640 0.81109 -0.29937 0.69259 0.42025 0.50406
1403638611.8778295517 4.28073 9.95619 0.78156 -0.30471 0.69813 0.41579 0.49687
1403638611.9778294563 4.24379 9.87600 0.74739 -0.30741 0.70151 0.41308 0.49269
1403638612.0778295994 4.20852 9.79601 0.71480 -0.30685 0.70347 0.41276 0.49052
1403638612.1778295040 4.17578 9.71390 0.68842 -0.30829 0.70468 0.41118 0.48921
1403638612.2778294086 4.14693 9.63487 0.67188 -0.30883 0.70469 0.41049 0.48942
1403638612.3778295517 4.12028 9.55287 0.65946 -0.30716 0.70424 0.41109 0.49061
1403638612.4778294563 4.09523 9.46891 0.64370 -0.30652 0.70301 0.41039 0.49336
1403638612.5778295994 4.07116 9.38462 0.62230 -0.30355 0.70084 0.41098 0.49777
1403638612.6778295040 4.04663 9.30007 0.59363 -0.29766 0.69896 0.41344 0.50192
1403638612.7778294086 4.02055 9.21422 0.55742 -0.29475 0.69802 0.41329 0.50505
1403638612.8778295517 3.99284 9.12982 0.52412 -0.29487 0.69685 0.41102 0.50845
1403638612.9778294563 3.95969 9.04030 0.49101 -0.29583 0.69739 0.40893 0.50883
1403638613.0778295994 3.92725 8.95674 0.46983 -0.29647 0.70018 0.40773 0.50559
1403638613.1778295040 3.89152 8.87127 0.45575 -0.29604 0.70259 0.40743 0.50272
1403638613.2778294086 3.85354 8.78263 0.44748 -0.29524 0.70303 0.40763 0.50242
1403638613.3778295517 3.81582 8.69739 0.44674 -0.29449 0.70259 0.40813 0.50307
1403638613.4778294563 3.77599 8.60633 0.44273 -0.29517 0.70199 0.40708 0.50436
1403638613.5778295994 3.73641 8.52115 0.43368 -0.29435 0.70322 0.40272 0.50662
1403638613.6778295040 3.69553 8.43598 0.41870 -0.29818 0.70378 0.39599 0.50889
1403638613.7778294086 3.65287 8.34424 0.39581 -0.30195 0.70235 0.38838 0.51449
1403638613.8778295517 3.61095 8.25331 0.36531 -0.29879 0.70443 0.38024 0.51954
1403638613.9778294563 3.56787 8.15284 0.33026 -0.29108 0.71027 0.37026 0.52316
1403638614.0778295994 3.52528 8.05206 0.29241 -0.27905 0.71815 0.35831 0.52726
1403638614.1778295040 3.47949 7.94550 0.25407 -0.26430 0.72821 0.34524 0.52978
1403638614.2778294086 3.43138 7.83478 0.22043 -0.25326 0.73688 0.33159 0.53189
1403638614.3778295517 3.38154 7.72441 0.19233 -0.24463 0.74340 0.32201 0.53275
1403638614.4778294563 3.33054 7.61542 0.17353 -0.24113 0.74797 0.31298 0.53333
1403638614.5778295994 3.27930 7.50393 0.16300 -0.23721 0.75230 0.30456 0.53386
1403638614.6778295040 3.23147 7.39455 0.16048 -0.23415 0.75733 0.29248 0.53487
1403638614.7778294086 3.18721 7.28565 0.17026 -0.23239 0.76697 0.27575 0.53076
1403638614.8778295517 3.14641 7.17674 0.19003 -0.22483 0.77788 0.25803 0.52704
1403638614.9778294563 3.11273 7.06749 0.21706 -0.21166 0.78685 0.23877 0.52826
1403638615.0778295994 3.08646 6.95642 0.24903 -0.19350 0.79394 0.21791 0.53360
1403638615.1778295040 3.06673 6.84395 0.28622 -0.17185 0.79707 0.19578 0.54481
1403638615.2778294086 3.05024 6.72781 0.32658 -0.14665 0.79910 0.17437 0.55635
1403638615.3778295517 3.03392 6.61208 0.36272 -0.12513 0.80238 0.14894 0.56422
1403638615.4778294563 3.01755 6.49496 0.39242 -0.10474 0.80505 0.12305 0.57077
1403638615.5778295994 2.99920 6.37623 0.41453 -0.08761 0.80798 0.09870 0.57424
1403638615.6778295040 2.97973 6.25748 0.43220 -0.07441 0.80978 0.08141 0.57627
1403638615.7778294086 2.95978 6.14199 0.45557 -0.06673 0.81089 0.06897 0.57728
1403638615.8778295517 2.93771 6.02752 0.48651 -0.06155 0.81194 0.05720 0.57766
1403638615.9778294563 2.91600 5.91346 0.51559 -0.05440 0.81333 0.04533 0.57747
1403638616.0778295994 2.89322 5.79752 0.53818 -0.04557 0.81376 0.03314 0.57846
1403638616.1778295040 2.86957 5.68052 0.54785 -0.03590 0.81475 0.01913 0.57838
1403638616.2778294086 2.84553 5.56342 0.54040 -0.02535 0.81549 0.00100 0.57822
1403638616.3778295517 2.82089 5.44403 0.51860 -0.01222 0.81590 -0.01821 0.57778
1403638616.4778294563 2.79560 5.32319 0.48943 -0.00182 0.81613 -0.03603 0.57674
1403638616.5778295994 2.76991 5.20284 0.45689 0.00738 0.81761 -0.04847 0.57369
1403638616.6778295040 2.74488 5.08324 0.42043 0.01297 0.82210 -0.05813 0.56622
1403638616.7778294086 2.72115 4.96391 0.37947 0.00966 0.83039 -0.06848 0.55288
1403638616.8778295517 2.70329 4.84464 0.33810 0.00558 0.83602 -0.07532 0.54348
1403638616.9778294563 2.69358 4.72120 0.30531 0.01079 0.83432 -0.07289 0.54634
1403638617.0778295994 2.68973 4.59249 0.28262 0.01644 0.83078 -0.06776 0.55221
1403638617.1778295040 2.68893 4.46128 0.26814 0.02243 0.82806 -0.06079 0.55689
1403638617.2778294086 2.69134 4.32925 0.25825 0.02394 0.83053 -0.05612 0.55362
1403638617.3778295517 2.69807 4.19720 0.25340 0.02337 0.83463 -0.05327 0.54773
1403638617.4778294563 2.71075 4.06826 0.25730 0.02294 0.83747 -0.05006 0.54370
1403638617.5778295994 2.72972 3.94150 0.26942 0.02266 0.83827 -0.04709 0.54275
1403638617.6778295040 2.75590 3.81810 0.29010 0.02373 0.83697 -0.04309 0.54503
1403638617.7778294086 2.78938 3.69941 0.31930 0.02396 0.83544 -0.04037 0.54757
1403638617.8778295517 2.82704 3.58331 0.35516 0.02495 0.83552 -0.03699 0.54764
1403638617.9778294563 2.87021 3.47228 0.39509 0.02297 0.83451 -0.03649 0.54930
1403638618.0778295994 2.91799 3.36368 0.43005 0.02223 0.83418 -0.03516 0.54991
1403638618.1778295040 2.97045 3.25877 0.45865 0.01985 0.83436 -0.03504 0.54975
1403638618.2778294086 3.02597 3.15539 0.48100 0.02032 0.83440 -0.03352 0.54976
1403638618.3778295517 3.08551 3.05705 0.49975 0.02014 0.83372 -0.03244 0.55087
1403638618.4778294563 3.14856 2.95981 0.51564 0.01990 0.83388 -0.03119 0.55070
1403638618.5778295994 3.21595 2.86597 0.53016 0.02106 0.83293 -0.03032 0.55215
1403638618.6778295040 3.28654 2.77312 0.54183 0.02493 0.83277 -0.03340 0.55205
1403638618.7778294086 3.36217 2.68448 0.55844 0.02749 0.83206 -0.03652 0.55280
1403638618.8778295517 3.44106 2.59938 0.58100 0.03054 0.83030 -0.03978 0.55505
1403638618.9778294563 3.52218 2.51700 0.60526 0.03662 0.82608 -0.04860 0.56025
1403638619.0778295994 3.60442 2.43622 0.62239 0.04858 0.82231 -0.06216 0.56354
1403638619.1778295040 3.68709 2.35744 0.63190 0.06219 0.81849 -0.08090 0.56539
1403638619.2778294086 3.76975 2.28252 0.63395 0.07619 0.81420 -0.10486 0.56594
1403638619.3778295517 3.85163 2.21041 0.62668 0.09238 0.80934 -0.12923 0.56545
1403638619.4778294563 3.93333 2.14160 0.61555 0.10294 0.80473 -0.15030 0.56500
1403638619.5778295994 4.01606 2.07543 0.60321 0.10944 0.80082 -0.16591 0.56496
1403638619.6778295040 4.09757 2.01130 0.58795 0.10572 0.79705 -0.18224 0.56598
1403638619.7778294086 4.17656 1.94687 0.57044 0.10210 0.79440 -0.19371 0.56656
1403638619.8778295517 4.25186 1.88034 0.55158 0.10176 0.79215 -0.20009 0.56754
1403638619.9778294563 4.32234 1.81195 0.52755 0.10308 0.79123 -0.20372 0.56729
1403638620.0778295994 4.38661 1.73973 0.50855 0.10520 0.78866 -0.20522 0.56995
1403638620.1778295040 4.44635 1.66504 0.49238 0.10986 0.78562 -0.20405 0.57366
1403638620.2778294086 4.49606 1.58849 0.48626 0.11251 0.78620 -0.20284 0.57279
1403638620.3778295517 4.54156 1.51090 0.48528 0.11519 0.78763 -0.20069 0.57105
1403638620.4778294563 4.57808 1.43367 0.49246 0.11620 0.78878 -0.19857 0.57000
1403638620.5778295994 4.61430 1.35445 0.49692 0.11574 0.79016 -0.19698 0.56873
1403638620.6778295040 4.64606 1.27568 0.49636 0.11280 0.79267 -0.19688 0.56586
1403638620.7778294086 4.67003 1.19766 0.49161 0.10918 0.79601 -0.19726 0.56173
1403638620.8778295517 4.69716 1.11553 0.48153 0.11232 0.79926 -0.19276 0.55805
1403638620.9778294563 4.72228 1.03448 0.46843 0.11687 0.79994 -0.18683 0.55816
1403638621.0778295994 4.74270 0.95444 0.45580 0.12064 0.79844 -0.18169 0.56118
1403638621.1778295040 4.76750 0.87327 0.44598 0.11932 0.79725 -0.17983 0.56375
1403638621.2778294086 4.79101 0.79456 0.44424 0.11966 0.79619 -0.17716 0.56602
1403638621.3778295517 4.81406 0.71759 0.44565 0.12129 0.79710 -0.17412 0.56533
1403638621.4778294563 4.83431 0.64624 0.44434 0.12199 0.79537 -0.17203 0.56825
1403638621.5778295994 4.85559 0.57467 0.43514 0.12197 0.79324 -0.16992 0.57185
1403638621.6778295040 4.87286 0.50857 0.42154 0.12161 0.79228 -0.16887 0.57357
1403638621.7778294086 4.88538 0.44977 0.40539 0.12268 0.79071 -0.16759 0.57589
1403638621.8778295517 4.89650 0.38976 0.38409 0.12456 0.78730 -0.16569 0.58068
1403638621.9778294563 4.90304 0.33705 0.36047 0.12506 0.78477 -0.16502 0.58417
1403638622.0778295994 4.90349 0.29518 0.33435 0.12377 0.78437 -0.16615 0.58467
1403638622.1778295040 4.90109 0.24936 0.30318 0.12055 0.78530 -0.16804 0.58355
1403638622.2778294086 4.89363 0.20922 0.27667 0.11775 0.78460 -0.17042 0.58437
1403638622.3778295517 4.88113 0.17205 0.25779 0.11839 0.78558 -0.17095 0.58278
1403638622.4778294563 4.86087 0.14510 0.25059 0.12216 0.78641 -0.16943 0.58131
1403638622.5778295994 4.83843 0.11206 0.24672 0.12560 0.78625 -0.16809 0.58120
1403638622.6778295040 4.81054 0.09307 0.25525 0.12970 0.78223 -0.16639 0.58618
1403638622.7778294086 4.77868 0.07040 0.27086 0.13265 0.77108 -0.16482 0.60056
1403638622.8778295517 4.74216 0.05803 0.29382 0.13450 0.76633 -0.16437 0.60633
1403638622.9778294563 4.69641 0.05108 0.31374 0.13301 0.77014 -0.16686 0.60113
1403638623.0778295994 4.64129 0.04833 0.32579 0.12923 0.77657 -0.17045 0.59262
1403638623.1778295040 4.57957 0.05115 0.33290 0.12412 0.78042 -0.17426 0.58752
1403638623.2778294086 4.51080 0.06015 0.33601 0.12100 0.78375 -0.17674 0.58298
1403638623.3778295517 4.43977 0.06496 0.33400 0.11861 0.78632 -0.17848 0.57947
1403638623.4778294563 4.36333 0.07438 0.32874 0.11923 0.78800 -0.17839 0.57708
1403638623.5778295994 4.28667 0.08172 0.32475 0.12056 0.78816 -0.17766 0.57681
1403638623.6778295040 4.20448 0.09008 0.32939 0.12190 0.78865 -0.17714 0.57601
1403638623.7778294086 4.12029 0.09910 0.33993 0.12408 0.78969 -0.17688 0.57420
1403638623.8778295517 4.03173 0.11039 0.35568 0.12543 0.79084 -0.17695 0.57230
1403638623.9778294563 3.93917 0.12235 0.36990 0.12693 0.79197 -0.17748 0.57024
1403638624.0778295994 3.84686 0.13696 0.37943 0.12523 0.79224 -0.18023 0.56937
1403638624.1778295040 3.75298 0.15066 0.38420 0.12276 0.79211 -0.18265 0.56933
1403638624.2778294086 3.65757 0.16697 0.38307 0.12071 0.79174 -0.18526 0.56943
1403638624.3778295517 3.56294 0.18240 0.37900 0.12030 0.79124 -0.18699 0.56964
1403638624.4778294563 3.46976 0.19536 0.37356 0.12172 0.79108 -0.18727 0.56948
1403638624.5778295994 3.37141 0.21049 0.36080 0.11724 0.78270 -0.19188 0.58037
1403638624.6778295040 3.27122 0.22414 0.34607 0.11895 0.77850 -0.18949 0.58641
1403638624.7778294086 3.17174 0.23588 0.33649 0.12369 0.78468 -0.17964 0.58026
1403638624.8778295517 3.06282 0.25313 0.33248 0.12493 0.79090 -0.17147 0.57399
1403638624.9778294563 2.96303 0.26773 0.33713 0.11760 0.79424 -0.16941 0.57154
1403638625.0778295994 2.86255 0.28319 0.34275 0.10994 0.79533 -0.16847 0.57183
1403638625.1778295040 2.75307 0.30226 0.34280 0.10356 0.79622 -0.16866 0.57171
1403638625.2778294086 2.65266 0.31481 0.34068 0.10148 0.79718 -0.16707 0.57122
1403638625.3778295517 2.54378 0.33036 0.33564 0.10031 0.79735 -0.16601 0.57150
1403638625.4778294563 2.44324 0.33946 0.33812 0.09927 0.79688 -0.16562 0.57245
1403638625.5778295994 2.33517 0.35216 0.34469 0.09990 0.79746 -0.16487 0.57175
1403638625.6778295040 2.22909 0.36200 0.35888 0.09994 0.79910 -0.16479 0.56947
1403638625.7778294086 2.12198 0.37011 0.37596 0.09866 0.80360 -0.16593 0.56299
1403638625.8778295517 2.01573 0.37944 0.38684 0.09882 0.80620 -0.16636 0.55910
1403638625.9778294563 1.90956 0.38442 0.39417 0.09986 0.80660 -0.16647 0.55831
1403638626.0778295994 1.80884 0.38904 0.39528 0.09829 0.80785 -0.16827 0.55623
1403638626.1778295040 1.70933 0.39136 0.39194 0.09852 0.80822 -0.16867 0.55554
1403638626.2778294086 1.61421 0.39141 0.38432 0.10151 0.80680 -0.16723 0.55751
1403638626.3778295517 1.51415 0.39141 0.37359 0.10943 0.80497 -0.16188 0.56022
1403638626.4778294563 1.42404 0.39103 0.35947 0.11190 0.80379 -0.15966 0.56206
1403638626.5778295994 1.32900 0.39228 0.34357 0.11251 0.80611 -0.15875 0.55886
1403638626.6778295040 1.24373 0.39332 0.32908 0.11123 0.80802 -0.15917 0.55623
1403638626.7778294086 1.16034 0.39593 0.31818 0.10852 0.81189 -0.16094 0.55060
1403638626.8778295517 1.07759 0.39774 0.31507 0.10790 0.81458 -0.16074 0.54679
1403638626.9778294563 1.00191 0.39939 0.31863 0.10718 0.81548 -0.16087 0.54556
1403638627.0778295994 0.93466 0.40044 0.32066 0.10651 0.81559 -0.16046 0.54564
1403638627.1778295040 0.87085 0.39955 0.31678 0.10572 0.81553 -0.16033 0.54592
1403638627.2778294086 0.81482 0.39792 0.31149 0.10701 0.81560 -0.15895 0.54597
1403638627.3778295517 0.76318 0.39627 0.30346 0.10904 0.81506 -0.15703 0.54693
1403638627.4778294563 0.71647 0.39448 0.29215 0.10922 0.81547 -0.15671 0.54637
1403638627.5778295994 0.67494 0.39278 0.27893 0.11048 0.81435 -0.15626 0.54792
1403638627.6778295040 0.64352 0.39135 0.26205 0.11263 0.81141 -0.15551 0.55204
1403638627.7778294086 0.61243 0.39095 0.24704 0.11443 0.80958 -0.15456 0.55462
1403638627.8778295517 0.58336 0.39238 0.23059 0.11539 0.80894 -0.15454 0.55536
1403638627.9778294563 0.55446 0.39483 0.21445 0.11573 0.81089 -0.15466 0.55239
1403638628.0778295994 0.53626 0.39881 0.19530 0.11670 0.81204 -0.15500 0.55041
1403638628.1778295040 0.51482 0.40372 0.18260 0.11772 0.81261 -0.15546 0.54922
1403638628.2778294086 0.49960 0.41043 0.17084 0.11786 0.81283 -0.15613 0.54866
1403638628.3778295517 0.49161 0.41720 0.15859 0.11648 0.81340 -0.15768 0.54768
1403638628.4778294563 0.48278 0.42642 0.15353 0.11064 0.81055 -0.16226 0.55175
1403638628.5778295994 0.47822 0.43537 0.15166 0.10277 0.80333 -0.16783 0.56207
1403638628.6778295040 0.47361 0.44315 0.15107 0.09733 0.79924 -0.17175 0.56766
1403638628.7778294086 0.48482 0.45288 0.14951 0.09938 0.80050 -0.17124 0.56569
1403638628.8778295517 0.47569 0.45644 0.14090 0.10380 0.80116 -0.16845 0.56480
1403638628.9778294563 0.46670 0.45902 0.12950 0.10869 0.80188 -0.16550 0.56372
1403638629.0778295994 0.45691 0.46246 0.11985 0.11345 0.80309 -0.16207 0.56206
1403638629.1778295040 0.44104 0.46588 0.11412 0.11578 0.80426 -0.16001 0.56050
1403638629.2778294086 0.42945 0.47154 0.10934 0.11637 0.80457 -0.15921 0.56016
1403638629.3778295517 0.41859 0.47926 0.10527 0.11721 0.80756 -0.15933 0.55562
1403638629.4778294563 0.41274 0.48741 0.10322 0.11574 0.81195 -0.16113 0.54899
1403638629.5778295994 0.41471 0.49503 0.10263 0.11216 0.81487 -0.16397 0.54454
1403638629.6778295040 0.42137 0.50107 0.10467 0.10125 0.81265 -0.17226 0.54743
1403638629.7778294086 0.42915 0.50491 0.10795 0.09466 0.80696 -0.17749 0.55529
1403638629.8778295517 0.43658 0.50571 0.10741 0.09320 0.80052 -0.17902 0.56429
1403638629.9778294563 0.44232 0.50280 0.09884 0.10430 0.79508 -0.17209 0.57215
1403638630.0778295994 0.44441 0.49926 0.08029 0.11348 0.79161 -0.16592 0.57702
1403638630.1778295040 0.44403 0.49725 0.05175 0.11780 0.79443 -0.16253 0.57322
1403638630.2778294086 0.43997 0.49654 0.01727 0.11848 0.79899 -0.16184 0.56691
1403638630.3778295517 0.44114 0.49948 -0.00870 0.11419 0.81836 -0.16305 0.53914
1403638630.4778294563 0.45301 0.50039 0.00234 0.11403 0.80042 -0.16117 0.56600
1403638630.5778295994 0.46317 0.50122 0.00076 0.11366 0.79970 -0.16227 0.56677
1403638630.6778295040 0.47029 0.50204 -0.02171 0.11069 0.81866 -0.15950 0.54046
1403638630.7778294086 0.47112 0.49515 -0.02550 0.11312 0.82561 -0.15375 0.53097
1403638630.8778295517 0.46466 0.49455 -0.03041 0.10833 0.82431 -0.15473 0.53370
1403638630.9778294563 0.45991 0.49510 -0.03357 0.10851 0.82420 -0.15493 0.53378
1403638631.0778295994 0.45341 0.49609 -0.03793 0.10919 0.82428 -0.15442 0.53366
1403638631.1778295040 0.44739 0.49689 -0.04224 0.10911 0.82432 -0.15463 0.53355
1403638631.2778294086 0.44079 0.49785 -0.04608 0.10899 0.82440 -0.15458 0.53347
1403638631.3778295517 0.43441 0.49879 -0.04963 0.10872 0.82448 -0.15474 0.53335
1403638631.4778294563 0.42829 0.49975 -0.05288 0.10848 0.82443 -0.15499 0.53341
1403638631.5778295994 0.42195 0.50073 -0.05622 0.10837 0.82442 -0.15504 0.53343
1403638631.6778295040 0.41605 0.50160 -0.05937 0.10805 0.82443 -0.15541 0.53338
