1403638523.0778295994 0.03508 0.00498 0.36708 -0.07149 0.80853 0.01473 0.58391
1403638523.1778295040 0.03511 0.00037 0.39199 -0.07086 0.80751 0.01507 0.58539
1403638523.2778294086 0.03330 -0.00736 0.38505 -0.06157 0.80517 0.01496 0.58965
1403638523.3778295517 0.03294 -0.01245 0.35497 -0.05704 0.80414 0.01411 0.59153
1403638523.4778294563 0.03115 -0.01924 0.31279 -0.05261 0.80781 0.01664 0.58685
1403638523.5778295994 0.02778 -0.02615 0.26439 -0.04570 0.81715 0.02082 0.57423
1403638523.6778295040 0.02328 -0.03180 0.21501 -0.03877 0.82657 0.02353 0.56100
1403638523.7778294086 0.01778 -0.03675 0.16665 -0.03506 0.83115 0.02628 0.55432
1403638523.8778295517 0.01120 -0.04122 0.12462 -0.03170 0.83180 0.02917 0.55340
1403638523.9778294563 0.00305 -0.04566 0.09321 -0.02246 0.83185 0.03528 0.55343
1403638524.0778295994 -0.00228 -0.04862 0.08124 -0.01558 0.83495 0.04376 0.54836
1403638524.1778295040 -0.00436 -0.04813 0.09998 -0.01619 0.83952 0.04858 0.54091
1403638524.2778294086 -0.00375 -0.04892 0.14216 -0.02264 0.84047 0.04966 0.53911
1403638524.3778295517 -0.00007 -0.04917 0.19699 -0.03194 0.83769 0.04785 0.54311
1403638524.4778294563 0.00641 -0.04849 0.25741 -0.03887 0.83112 0.04595 0.55283
1403638524.5778295994 0.01493 -0.04649 0.31730 -0.04193 0.82231 0.04457 0.56575
1403638524.6778295040 0.02410 -0.04343 0.37138 -0.03768 0.81592 0.03898 0.57561
1403638524.7778294086 0.03133 -0.03905 0.41218 -0.02502 0.81212 0.03397 0.58196
1403638524.8778295517 0.03647 -0.03447 0.43839 -0.02109 0.81067 0.03122 0.58429
1403638524.9778294563 0.03836 -0.03115 0.44767 -0.02764 0.80913 0.03361 0.58602
1403638525.0778295994 0.03925 -0.02933 0.43526 -0.02532 0.80647 0.03706 0.58958
1403638525.1778295040 0.04033 -0.02764 0.40158 -0.02300 0.80503 0.04166 0.59133
1403638525.2778294086 0.03896 -0.02769 0.35545 -0.02304 0.80769 0.04673 0.58731
1403638525.3778295517 0.03688 -0.02694 0.30137 -0.02561 0.81658 0.05153 0.57435
1403638525.4778294563 0.03287 -0.02496 0.24773 -0.03413 0.82876 0.05324 0.55601
1403638525.5778295994 0.02777 -0.02564 0.20099 -0.04052 0.83775 0.05276 0.54198
1403638525.6778295040 0.02465 -0.02766 0.16163 -0.04162 0.84065 0.04984 0.53767
1403638525.7778294086 0.02363 -0.03188 0.13094 -0.03913 0.83911 0.04435 0.54074
1403638525.8778295517 0.02400 -0.03620 0.10985 -0.03246 0.83555 0.04039 0.54696
1403638525.9778294563 0.01984 -0.04512 0.09743 -0.02419 0.83415 0.03937 0.54961
1403638526.0778295994 0.01656 -0.06494 0.09779 -0.01986 0.83579 0.03734 0.54742
1403638526.1778295040 0.01383 -0.09411 0.10636 -0.01809 0.83819 0.02830 0.54435
1403638526.2778294086 0.00937 -0.13033 0.11980 -0.01473 0.83723 0.01929 0.54630
1403638526.3778295517 0.00210 -0.17133 0.13458 -0.01248 0.83309 0.01064 0.55290
1403638526.4778294563 -0.00779 -0.21703 0.14757 -0.01133 0.82800 -0.00027 0.56062
1403638526.5778295994 -0.01887 -0.26858 0.15689 -0.01001 0.82270 -0.01117 0.56828
1403638526.6778295040 -0.03149 -0.32852 0.16395 -0.00592 0.81761 -0.01933 0.57542
1403638526.7778294086 -0.04669 -0.39374 0.16906 0.00231 0.81458 -0.02469 0.57952
1403638526.8778295517 -0.06342 -0.45901 0.17206 0.01012 0.81390 -0.02785 0.58025
1403638526.9778294563 -0.08058 -0.52052 0.17475 0.01423 0.81703 -0.03415 0.57541
1403638527.0778295994 -0.09541 -0.57911 0.17837 0.02170 0.82156 -0.04714 0.56775
1403638527.1778295040 -0.10683 -0.63156 0.18396 0.02931 0.82333 -0.06220 0.56339
1403638527.2778294086 -0.11383 -0.67233 0.19087 0.04068 0.82040 -0.07583 0.56527
1403638527.3778295517 -0.11528 -0.69585 0.19749 0.05595 0.81532 -0.08447 0.57008
1403638527.4778294563 -0.11186 -0.69825 0.20182 0.06617 0.81176 -0.08877 0.57340
1403638527.5778295994 -0.10346 -0.68028 0.20336 0.06902 0.81114 -0.08984 0.57377
1403638527.6778295040 -0.09024 -0.64229 0.20165 0.06739 0.81167 -0.08641 0.57374
1403638527.7778294086 -0.07579 -0.59815 0.20217 0.06162 0.81313 -0.07902 0.57339
1403638527.8778295517 -0.06032 -0.54546 0.20521 0.04754 0.81629 -0.07412 0.57089
1403638527.9778294563 -0.04115 -0.48655 0.20856 0.03740 0.81718 -0.06925 0.57098
1403638528.0778295994 -0.02063 -0.42570 0.20949 0.03062 0.81596 -0.06183 0.57397
1403638528.1778295040 -0.00008 -0.36798 0.20622 0.02079 0.81642 -0.05289 0.57466
1403638528.2778294086 0.02523 -0.31623 0.19918 0.00821 0.81782 -0.04220 0.57386
1403638528.3778295517 0.05583 -0.27787 0.19297 0.00085 0.81753 -0.03389 0.57489
1403638528.4778294563 0.09152 -0.25135 0.18832 0.00211 0.81689 -0.03028 0.57600
1403638528.5778295994 0.12774 -0.23034 0.18544 0.00336 0.81890 -0.03450 0.57289
1403638528.6778295040 0.16328 -0.21621 0.18489 0.00187 0.82025 -0.04185 0.57048
1403638528.7778294086 0.19397 -0.20780 0.18797 0.00650 0.81951 -0.04667 0.57112
1403638528.8778295517 0.21016 -0.20150 0.19500 0.00239 0.81862 -0.05397 0.57180
1403638528.9778294563 0.21303 -0.19144 0.20682 -0.00447 0.81847 -0.06077 0.57131
1403638529.0778295994 0.19536 -0.18357 0.22325 -0.00348 0.81940 -0.06198 0.56985
1403638529.1778295040 0.16624 -0.16958 0.23396 0.01310 0.82044 -0.05485 0.56895
1403638529.2778294086 0.13015 -0.15106 0.23399 0.02446 0.82245 -0.04860 0.56623
1403638529.3778295517 0.09210 -0.12792 0.22078 0.02846 0.82768 -0.04426 0.55873
1403638529.4778294563 0.05988 -0.10935 0.19930 0.02700 0.83774 -0.04184 0.54379
1403638529.5778295994 0.03482 -0.09638 0.17367 0.02461 0.84792 -0.03892 0.52812
1403638529.6778295040 0.01781 -0.08584 0.14799 0.02586 0.85182 -0.03601 0.52196
1403638529.7778294086 0.00781 -0.07547 0.12465 0.02510 0.84832 -0.03540 0.52771
1403638529.8778295517 0.00299 -0.06670 0.10317 0.02362 0.84199 -0.03651 0.53774
1403638529.9778294563 -0.00104 -0.05937 0.08647 0.02300 0.83932 -0.03654 0.54193
1403638530.0778295994 0.00608 -0.05700 0.07456 0.02352 0.84075 -0.03693 0.53966
1403638530.1778295040 0.01897 -0.05745 0.06495 0.02443 0.84252 -0.04119 0.53654
1403638530.2778294086 0.03382 -0.05912 0.05475 0.02647 0.84212 -0.04701 0.53658
1403638530.3778295517 0.04698 -0.06248 0.04491 0.02881 0.84154 -0.05186 0.53693
1403638530.4778294563 0.05861 -0.06621 0.03734 0.02888 0.84131 -0.05544 0.53692
1403638530.5778295994 0.06631 -0.07039 0.03165 0.02798 0.84130 -0.05849 0.53666
1403638530.6778295040 0.07072 -0.07372 0.02636 0.02900 0.84427 -0.06048 0.53171
1403638530.7778294086 0.07382 -0.07579 0.02080 0.02882 0.84770 -0.06188 0.52606
1403638530.8778295517 0.07627 -0.07703 0.01586 0.02661 0.84834 -0.06119 0.52523
1403638530.9778294563 0.07741 -0.07731 0.01288 0.02525 0.84619 -0.06120 0.52876
1403638531.0778295994 0.07754 -0.07685 0.01084 0.02588 0.84282 -0.05972 0.53424
1403638531.1778295040 0.07737 -0.07504 0.01168 0.02657 0.84085 -0.05764 0.53753
1403638531.2778294086 0.07772 -0.07388 0.01021 0.02934 0.83975 -0.05613 0.53927
1403638531.3778295517 0.07758 -0.07300 0.00998 0.02940 0.83872 -0.05637 0.54084
1403638531.4778294563 0.07740 -0.07333 0.01009 0.02972 0.83772 -0.05668 0.54234
1403638531.5778295994 0.07722 -0.07338 0.00994 0.03032 0.83808 -0.05554 0.54186
1403638531.6778295040 0.07719 -0.07314 0.00980 0.02958 0.83819 -0.05611 0.54168
1403638531.7778294086 0.07726 -0.07317 0.00979 0.02999 0.83811 -0.05601 0.54179
1403638531.8778295517 0.07720 -0.07319 0.00976 0.03010 0.83819 -0.05587 0.54167
1403638531.9778294563 0.07723 -0.07323 0.00972 0.03031 0.83818 -0.05583 0.54168
1403638532.0778295994 0.07721 -0.07327 0.00966 0.03038 0.83822 -0.05572 0.54163
1403638532.1778295040 0.07722 -0.07326 0.00963 0.03026 0.83822 -0.05582 0.54162
1403638532.2778294086 0.07722 -0.07324 0.00961 0.03008 0.83822 -0.05601 0.54161
1403638532.3778295517 0.07720 -0.07322 0.00958 0.02995 0.83822 -0.05605 0.54161
1403638532.4778294563 0.07721 -0.07323 0.00957 0.02984 0.83821 -0.05616 0.54162
1403638532.5778295994 0.07720 -0.07323 0.00954 0.02981 0.83825 -0.05619 0.54156
1403638532.6778295040 0.07722 -0.07325 0.00954 0.02985 0.83822 -0.05615 0.54160
1403638532.7778294086 0.07718 -0.07326 0.00953 0.02990 0.83827 -0.05608 0.54153
1403638532.8778295517 0.07718 -0.07326 0.00952 0.02991 0.83828 -0.05612 0.54152
1403638532.9778294563 0.07718 -0.07327 0.00953 0.02990 0.83828 -0.05610 0.54152
1403638533.0778295994 0.07716 -0.07326 0.00952 0.02988 0.83831 -0.05612 0.54147
1403638533.1778295040 0.07717 -0.07326 0.00952 0.02983 0.83829 -0.05616 0.54150
1403638533.2778294086 0.07716 -0.07327 0.00951 0.02978 0.83830 -0.05618 0.54149
1403638533.3778295517 0.07716 -0.07327 0.00951 0.02980 0.83832 -0.05615 0.54147
1403638533.4778294563 0.07716 -0.07329 0.00952 0.02974 0.83832 -0.05617 0.54146
1403638533.5778295994 0.07714 -0.07327 0.00951 0.02972 0.83834 -0.05618 0.54142
1403638533.6778295040 0.07715 -0.07326 0.00952 0.02968 0.83835 -0.05621 0.54141
1403638533.7778294086 0.07714 -0.07325 0.00953 0.02966 0.83837 -0.05621 0.54139
1403638533.8778295517 0.07714 -0.07321 0.00953 0.02945 0.83842 -0.05595 0.54135
1403638533.9778294563 0.07715 -0.07324 0.00953 0.02960 0.83842 -0.05619 0.54131
1403638534.0778295994 0.07709 -0.07326 0.00954 0.02996 0.83839 -0.05649 0.54130
1403638534.1778295040 0.07712 -0.07327 0.00958 0.02958 0.83846 -0.05629 0.54124
1403638534.2778294086 0.07713 -0.07320 0.00960 0.02932 0.83855 -0.05619 0.54113
1403638534.3778295517 0.07714 -0.07319 0.00961 0.02930 0.83856 -0.05623 0.54110
1403638534.4778294563 0.07715 -0.07324 0.00958 0.02947 0.83858 -0.05650 0.54104
1403638534.5778295994 0.07716 -0.07321 0.00958 0.02934 0.83865 -0.05620 0.54097
1403638534.6778295040 0.07719 -0.07314 0.00959 0.02916 0.83865 -0.05598 0.54100
1403638534.7778294086 0.07716 -0.07316 0.00960 0.02929 0.83865 -0.05591 0.54100
1403638534.8778295517 0.07716 -0.07320 0.00959 0.02957 0.83862 -0.05606 0.54102
1403638534.9778294563 0.07715 -0.07324 0.00960 0.02963 0.83866 -0.05606 0.54094
1403638535.0778295994 0.07715 -0.07323 0.00960 0.02951 0.83872 -0.05605 0.54087
1403638535.1778295040 0.07716 -0.07323 0.00960 0.02943 0.83869 -0.05609 0.54091
1403638535.2778294086 0.07715 -0.07321 0.00960 0.02936 0.83871 -0.05607 0.54090
1403638535.3778295517 0.07714 -0.07319 0.00962 0.02938 0.83872 -0.05603 0.54088
1403638535.4778294563 0.07714 -0.07319 0.00963 0.02945 0.83873 -0.05602 0.54086
1403638535.5778295994 0.07715 -0.07318 0.00963 0.02939 0.83874 -0.05595 0.54085
1403638535.6778295040 0.07715 -0.07317 0.00962 0.02933 0.83872 -0.05599 0.54088
1403638535.7778294086 0.07714 -0.07318 0.00962 0.02936 0.83872 -0.05597 0.54088
1403638535.8778295517 0.07714 -0.07317 0.00963 0.02927 0.83874 -0.05591 0.54086
1403638535.9778294563 0.07712 -0.07316 0.00963 0.02923 0.83878 -0.05587 0.54080
1403638536.0778295994 0.07714 -0.07316 0.00963 0.02922 0.83874 -0.05590 0.54087
1403638536.1778295040 0.07713 -0.07316 0.00964 0.02922 0.83874 -0.05590 0.54087
1403638536.2778294086 0.07713 -0.07316 0.00964 0.02925 0.83875 -0.05585 0.54085
1403638536.3778295517 0.07713 -0.07315 0.00965 0.02926 0.83873 -0.05587 0.54088
1403638536.4778294563 0.07713 -0.07315 0.00965 0.02925 0.83873 -0.05584 0.54089
1403638536.5778295994 0.07713 -0.07314 0.00965 0.02917 0.83874 -0.05583 0.54087
1403638536.6778295040 0.07712 -0.07314 0.00965 0.02917 0.83875 -0.05578 0.54087
1403638536.7778294086 0.07711 -0.07313 0.00965 0.02922 0.83873 -0.05582 0.54090
1403638536.8778295517 0.07711 -0.07313 0.00965 0.02913 0.83871 -0.05588 0.54092
1403638536.9778294563 0.07712 -0.07313 0.00966 0.02908 0.83874 -0.05590 0.54088
1403638537.0778295994 0.07714 -0.07311 0.00967 0.02907 0.83873 -0.05582 0.54090
1403638537.1778295040 0.07714 -0.07310 0.00967 0.02915 0.83871 -0.05582 0.54093
1403638537.2778294086 0.07714 -0.07311 0.00968 0.02922 0.83874 -0.05577 0.54087
1403638537.3778295517 0.07713 -0.07313 0.00967 0.02919 0.83874 -0.05576 0.54088
1403638537.4778294563 0.07714 -0.07312 0.00967 0.02916 0.83874 -0.05575 0.54089
1403638537.5778295994 0.07713 -0.07311 0.00969 0.02916 0.83875 -0.05566 0.54087
1403638537.6778295040 0.07715 -0.07312 0.00971 0.02918 0.83875 -0.05569 0.54087
1403638537.7778294086 0.07714 -0.07311 0.00969 0.02912 0.83873 -0.05573 0.54090
1403638537.8778295517 0.07717 -0.07311 0.00972 0.02918 0.83877 -0.05566 0.54085
1403638537.9778294563 0.07715 -0.07311 0.00972 0.02919 0.83872 -0.05580 0.54091
1403638538.0778295994 0.07715 -0.07311 0.00974 0.02912 0.83871 -0.05582 0.54093
1403638538.1778295040 0.07715 -0.07312 0.00975 0.02913 0.83871 -0.05581 0.54092
1403638538.2778294086 0.07723 -0.07310 0.00976 0.02909 0.83873 -0.05572 0.54091
1403638538.3778295517 0.07719 -0.07313 0.00977 0.02922 0.83867 -0.05573 0.54099
1403638538.4778294563 0.07717 -0.07313 0.00981 0.02915 0.83867 -0.05573 0.54099
1403638538.5778295994 0.07721 -0.07314 0.00983 0.02928 0.83864 -0.05578 0.54103
1403638538.6778295040 0.07720 -0.07314 0.00989 0.02903 0.83850 -0.05589 0.54125
1403638538.7778294086 0.07731 -0.07320 0.01021 0.02876 0.83776 -0.05574 0.54242
1403638538.8778295517 0.07872 -0.07279 0.01061 0.02789 0.83684 -0.05527 0.54394
1403638538.9778294563 0.08215 -0.07256 0.01308 0.02862 0.83216 -0.05462 0.55109
1403638539.0778295994 0.08632 -0.07245 0.01675 0.02983 0.82666 -0.05622 0.55909
1403638539.1778295040 0.09434 -0.07262 0.02432 0.02881 0.82150 -0.05674 0.56665
1403638539.2778294086 0.10354 -0.07285 0.03959 0.02834 0.81788 -0.05593 0.57196
1403638539.3778295517 0.11248 -0.07335 0.06256 0.02770 0.81886 -0.05528 0.57066
1403638539.4778294563 0.12231 -0.07450 0.09172 0.02710 0.82095 -0.05407 0.56779
1403638539.5778295994 0.13327 -0.07629 0.12362 0.02667 0.82200 -0.05264 0.56642
1403638539.6778295040 0.14502 -0.07797 0.15047 0.02496 0.82269 -0.05213 0.56555
1403638539.7778294086 0.15591 -0.07892 0.16640 0.02531 0.82395 -0.05023 0.56386
1403638539.8778295517 0.16935 -0.07941 0.17491 0.02444 0.82653 -0.04950 0.56018
1403638539.9778294563 0.18542 -0.07913 0.18216 0.02284 0.83108 -0.04902 0.55352
1403638540.0778295994 0.20497 -0.07944 0.18891 0.02270 0.83690 -0.04866 0.54471
1403638540.1778295040 0.23068 -0.08187 0.19558 0.02216 0.84079 -0.04833 0.53874
1403638540.2778294086 0.26275 -0.07907 0.21239 0.02299 0.83654 -0.04708 0.54540
1403638540.3778295517 0.30314 -0.08016 0.21881 0.02374 0.83058 -0.04505 0.55457
1403638540.4778294563 0.34707 -0.07960 0.22603 0.02061 0.82836 -0.03904 0.55846
1403638540.5778295994 0.39407 -0.07715 0.23217 0.01335 0.82852 -0.02757 0.55913
1403638540.6778295040 0.44381 -0.07469 0.23896 0.00485 0.82852 -0.01051 0.55984
1403638540.7778294086 0.49485 -0.06917 0.24565 -0.00314 0.82746 0.01339 0.56135
1403638540.8778295517 0.54719 -0.06007 0.25122 -0.01351 0.82651 0.04125 0.56124
1403638540.9778294563 0.59927 -0.04611 0.25484 -0.02726 0.82465 0.06736 0.56095
1403638541.0778295994 0.65139 -0.02850 0.25621 -0.04103 0.82220 0.08665 0.56106
1403638541.1778295040 0.70450 -0.00713 0.25257 -0.05076 0.82025 0.09985 0.56094
1403638541.2778294086 0.75894 0.02060 0.24519 -0.05553 0.81935 0.10853 0.56019
1403638541.3778295517 0.81294 0.05247 0.24519 -0.05825 0.81910 0.11205 0.55958
1403638541.4778294563 0.86455 0.08731 0.25136 -0.05938 0.81884 0.11232 0.55978
1403638541.5778295994 0.91594 0.12749 0.26353 -0.05864 0.81735 0.11298 0.56191
1403638541.6778295040 0.96882 0.17510 0.28439 -0.06285 0.81552 0.11607 0.56347
1403638541.7778294086 1.02000 0.22656 0.31015 -0.07285 0.81395 0.12168 0.56335
1403638541.8778295517 1.06812 0.28265 0.34285 -0.08482 0.81225 0.13063 0.56213
1403638541.9778294563 1.11558 0.34046 0.37196 -0.09661 0.81079 0.14490 0.55883
1403638542.0778295994 1.15975 0.39846 0.39536 -0.11062 0.80829 0.16186 0.55519
1403638542.1778295040 1.20385 0.45828 0.41375 -0.12599 0.80408 0.18160 0.55191
1403638542.2778294086 1.24364 0.51843 0.42552 -0.14076 0.79971 0.20474 0.54656
1403638542.3778295517 1.28716 0.58132 0.43453 -0.15432 0.79169 0.22626 0.54610
1403638542.4778294563 1.32976 0.64518 0.44214 -0.16036 0.77796 0.24611 0.55543
1403638542.5778295994 1.36855 0.70993 0.44712 -0.15633 0.76588 0.26415 0.56499
1403638542.6778295040 1.40261 0.77945 0.45391 -0.15662 0.76250 0.27315 0.56520
1403638542.7778294086 1.42909 0.85245 0.46753 -0.16527 0.76666 0.27181 0.55771
1403638542.8778295517 1.44917 0.92818 0.48858 -0.17167 0.77211 0.26844 0.54983
1403638542.9778294563 1.46561 1.00563 0.51706 -0.17540 0.77683 0.26502 0.54363
1403638543.0778295994 1.47928 1.08307 0.54690 -0.17770 0.78051 0.26160 0.53925
1403638543.1778295040 1.49079 1.16091 0.57008 -0.17742 0.78181 0.25877 0.53882
1403638543.2778294086 1.50332 1.23770 0.58999 -0.17734 0.78223 0.25610 0.53952
1403638543.3778295517 1.51554 1.31732 0.60184 -0.17631 0.78346 0.25484 0.53867
1403638543.4778294563 1.52885 1.39889 0.61034 -0.17817 0.78249 0.25891 0.53752
1403638543.5778295994 1.54532 1.47987 0.61910 -0.18322 0.77958 0.26982 0.53468
1403638543.6778295040 1.56179 1.56348 0.62419 -0.18990 0.77403 0.28721 0.53135
1403638543.7778294086 1.57499 1.64602 0.63053 -0.19988 0.76608 0.30821 0.52743
1403638543.8778295517 1.58894 1.73297 0.64391 -0.21119 0.75613 0.33034 0.52397
1403638543.9778294563 1.60127 1.82062 0.66406 -0.22488 0.74780 0.34831 0.51856
1403638544.0778295994 1.61330 1.90925 0.68824 -0.23933 0.74404 0.35925 0.50997
1403638544.1778295040 1.62633 1.99800 0.71165 -0.24930 0.74113 0.36552 0.50495
1403638544.2778294086 1.63982 2.08756 0.72820 -0.25574 0.73868 0.36871 0.50299
1403638544.3778295517 1.65393 2.17842 0.73841 -0.25706 0.73812 0.37110 0.50138
1403638544.4778294563 1.67003 2.27153 0.74576 -0.25593 0.73873 0.37202 0.50038
1403638544.5778295994 1.68717 2.36459 0.75160 -0.25766 0.73608 0.37103 0.50412
1403638544.6778295040 1.70529 2.46077 0.76416 -0.26254 0.72958 0.37025 0.51157
1403638544.7778294086 1.72177 2.55148 0.77944 -0.26374 0.72873 0.37119 0.51149
1403638544.8778295517 1.73922 2.63886 0.79315 -0.26184 0.73195 0.37356 0.50611
1403638544.9778294563 1.75600 2.72737 0.80070 -0.26200 0.73274 0.37419 0.50441
1403638545.0778295994 1.77300 2.81514 0.80326 -0.26344 0.73149 0.37413 0.50552
1403638545.1778295040 1.78998 2.89594 0.80190 -0.26321 0.73112 0.37546 0.50518
1403638545.2778294086 1.80778 2.98421 0.79329 -0.26245 0.73056 0.37705 0.50521
1403638545.3778295517 1.82587 3.07319 0.78086 -0.26410 0.72793 0.37613 0.50883
1403638545.4778294563 1.84497 3.15892 0.76910 -0.26609 0.72802 0.37716 0.50689
1403638545.5778295994 1.86066 3.24836 0.75581 -0.27020 0.72581 0.38365 0.50300
1403638545.6778295040 1.87963 3.33792 0.75417 -0.27890 0.72041 0.39517 0.49707
1403638545.7778294086 1.89777 3.42644 0.75912 -0.28771 0.71283 0.41160 0.48958
1403638545.8778295517 1.91577 3.52093 0.77049 -0.29856 0.70241 0.43094 0.48143
1403638545.9778294563 1.93360 3.61365 0.78757 -0.30827 0.69014 0.45276 0.47295
1403638546.0778295994 1.95069 3.70516 0.80715 -0.31453 0.67838 0.47156 0.46745
1403638546.1778295040 1.96887 3.79914 0.82110 -0.32201 0.66991 0.48368 0.46216
1403638546.2778294086 1.98375 3.89030 0.82785 -0.32687 0.66528 0.49123 0.45745
1403638546.3778295517 1.99764 3.98210 0.82918 -0.33314 0.66375 0.49340 0.45278
1403638546.4778294563 2.01138 4.07482 0.82487 -0.33591 0.66345 0.49460 0.44985
1403638546.5778295994 2.02512 4.16988 0.82036 -0.33703 0.66145 0.49777 0.44846
1403638546.6778295040 2.03681 4.26605 0.82177 -0.34059 0.65672 0.50360 0.44621
1403638546.7778294086 2.04798 4.36249 0.83264 -0.34324 0.65215 0.50928 0.44442
1403638546.8778295517 2.05859 4.46402 0.85196 -0.34409 0.64850 0.51426 0.44338
1403638546.9778294563 2.06837 4.56762 0.86973 -0.34296 0.64524 0.51880 0.44372
1403638547.0778295994 2.07651 4.67214 0.88196 -0.34098 0.64284 0.52219 0.44476
1403638547.1778295040 2.08158 4.77698 0.88509 -0.33820 0.64082 0.52558 0.44580
1403638547.2778294086 2.08286 4.88287 0.88736 -0.33628 0.63952 0.52719 0.44721
1403638547.3778295517 2.07838 4.98772 0.88171 -0.33962 0.64087 0.52507 0.44524
1403638547.4778294563 2.07252 5.09678 0.87725 -0.34429 0.64404 0.52140 0.44139
1403638547.5778295994 2.06498 5.20756 0.86781 -0.34737 0.64752 0.51802 0.43784
1403638547.6778295040 2.05434 5.31563 0.84835 -0.34831 0.64854 0.51650 0.43739
1403638547.7778294086 2.04432 5.42935 0.83078 -0.34620 0.64803 0.51714 0.43906
1403638547.8778295517 2.03090 5.53975 0.80443 -0.34293 0.64499 0.51937 0.44343
1403638547.9778294563 2.01717 5.65711 0.78362 -0.34309 0.64492 0.51981 0.44291
1403638548.0778295994 2.00026 5.77917 0.76536 -0.34600 0.64434 0.52208 0.43879
1403638548.1778295040 1.98341 5.90369 0.75990 -0.35056 0.64058 0.52749 0.43419
1403638548.2778294086 1.96209 6.02823 0.75813 -0.35745 0.63400 0.53587 0.42792
1403638548.3778295517 1.93870 6.15274 0.76556 -0.36535 0.62443 0.54718 0.42096
1403638548.4778294563 1.91442 6.28241 0.78046 -0.37361 0.61478 0.55762 0.41415
1403638548.5778295994 1.88971 6.40291 0.79452 -0.38033 0.60678 0.56536 0.40932
1403638548.6778295040 1.86617 6.52953 0.80467 -0.38525 0.60128 0.57064 0.40548
1403638548.7778294086 1.84344 6.65370 0.81292 -0.38809 0.59740 0.57456 0.40297
1403638548.8778295517 1.82062 6.78162 0.82743 -0.38938 0.59531 0.57719 0.40105
1403638548.9778294563 1.79699 6.91133 0.84908 -0.39075 0.59425 0.57815 0.39990
1403638549.0778295994 1.77253 7.04007 0.87346 -0.39133 0.59397 0.57847 0.39929
1403638549.1778295040 1.74844 7.16945 0.90620 -0.39243 0.59399 0.57752 0.39957
1403638549.2778294086 1.72425 7.29866 0.94282 -0.39324 0.59485 0.57644 0.39903
1403638549.3778295517 1.69944 7.43365 0.98601 -0.39533 0.59649 0.57402 0.39801
1403638549.4778294563 1.67537 7.56516 1.02394 -0.39724 0.59792 0.57177 0.39721
1403638549.5778295994 1.65152 7.70198 1.05898 -0.39850 0.59819 0.56991 0.39821
1403638549.6778295040 1.62982 7.83741 1.08687 -0.39990 0.59771 0.56826 0.39989
1403638549.7778294086 1.61033 7.97142 1.11604 -0.39828 0.59807 0.56867 0.40038
1403638549.8778295517 1.59243 8.10605 1.15037 -0.39744 0.59952 0.56879 0.39886
1403638549.9778294563 1.57494 8.24293 1.19401 -0.39721 0.60059 0.56871 0.39761
1403638550.0778295994 1.55923 8.38082 1.24460 -0.39774 0.60091 0.56834 0.39711
1403638550.1778295040 1.54645 8.52369 1.30392 -0.39859 0.60167 0.56807 0.39551
1403638550.2778294086 1.53420 8.66499 1.36898 -0.39824 0.60123 0.56885 0.39539
1403638550.3778295517 1.52389 8.81196 1.43825 -0.39820 0.60063 0.56916 0.39590
1403638550.4778294563 1.51574 8.95520 1.49901 -0.40103 0.60120 0.56757 0.39446
1403638550.5778295994 1.51024 9.10604 1.55385 -0.40460 0.60232 0.56520 0.39251
1403638550.6778295040 1.50653 9.25221 1.60345 -0.40909 0.60109 0.56188 0.39450
1403638550.7778294086 1.50543 9.39376 1.64849 -0.41163 0.60066 0.55974 0.39555
1403638550.8778295517 1.50754 9.53730 1.69170 -0.41703 0.59720 0.55560 0.40094
1403638550.9778294563 1.51171 9.66994 1.72994 -0.42217 0.59331 0.55134 0.40715
1403638551.0778295994 1.51805 9.80588 1.76731 -0.42539 0.59107 0.54862 0.41073
1403638551.1778295040 1.52855 9.92957 1.80419 -0.42946 0.59159 0.54614 0.40904
1403638551.2778294086 1.54542 10.05013 1.84688 -0.42988 0.59334 0.54539 0.40706
1403638551.3778295517 1.57099 10.15738 1.89194 -0.42513 0.60107 0.54258 0.40445
1403638551.4778294563 1.59955 10.26919 1.93588 -0.41734 0.61359 0.53355 0.40577
1403638551.5778295994 1.63881 10.36858 1.97169 -0.41099 0.62872 0.51749 0.40988
1403638551.6778295040 1.68136 10.47262 2.00411 -0.40401 0.64546 0.49927 0.41337
1403638551.7778294086 1.73433 10.57095 2.03096 -0.39474 0.65943 0.48106 0.42179
1403638551.8778295517 1.79724 10.66261 2.05269 -0.38473 0.66986 0.46580 0.43164
1403638551.9778294563 1.86761 10.74799 2.07739 -0.37296 0.67315 0.45843 0.44454
1403638552.0778295994 1.94242 10.82642 2.10859 -0.36346 0.67459 0.45357 0.45507
1403638552.1778295040 2.02058 10.89784 2.14395 -0.35767 0.67934 0.45049 0.45566
1403638552.2778294086 2.10120 10.95826 2.18324 -0.35363 0.68316 0.44950 0.45408
1403638552.3778295517 2.18530 11.01254 2.22082 -0.35584 0.68398 0.44658 0.45400
1403638552.4778294563 2.27673 11.06475 2.25418 -0.36325 0.68025 0.44117 0.45899
1403638552.5778295994 2.36895 11.11041 2.28337 -0.36884 0.67628 0.43768 0.46371
1403638552.6778295040 2.46276 11.14386 2.30459 -0.36959 0.67368 0.43885 0.46580
1403638552.7778294086 2.56019 11.17000 2.32023 -0.36902 0.67287 0.44099 0.46540
1403638552.8778295517 2.66338 11.19010 2.32997 -0.36702 0.67139 0.44499 0.46532
1403638552.9778294563 2.76345 11.19492 2.33433 -0.36283 0.66875 0.45105 0.46656
1403638553.0778295994 2.87047 11.20247 2.33480 -0.35917 0.66643 0.45662 0.46729
1403638553.1778295040 2.96659 11.19210 2.32903 -0.36479 0.66214 0.45528 0.47034
1403638553.2778294086 3.07401 11.18696 2.32736 -0.37212 0.65633 0.45220 0.47568
1403638553.3778295517 3.17307 11.16373 2.32963 -0.37386 0.65088 0.45318 0.48085
1403638553.4778294563 3.27301 11.13209 2.33862 -0.37040 0.64532 0.45693 0.48743
1403638553.5778295994 3.37321 11.09330 2.35557 -0.36729 0.64100 0.46016 0.49241
1403638553.6778295040 3.47117 11.04196 2.37596 -0.36510 0.63998 0.46265 0.49304
1403638553.7778294086 3.56123 10.97896 2.40307 -0.36321 0.64041 0.46449 0.49214
1403638553.8778295517 3.64678 10.90855 2.43564 -0.36103 0.64208 0.46602 0.49012
1403638553.9778294563 3.72805 10.83290 2.46949 -0.36032 0.64507 0.46606 0.48666
1403638554.0778295994 3.80444 10.74776 2.49726 -0.35893 0.64818 0.46697 0.48268
1403638554.1778295040 3.88030 10.66252 2.52129 -0.35406 0.65112 0.47018 0.47918
1403638554.2778294086 3.95245 10.56882 2.53543 -0.34637 0.65683 0.47596 0.47125
1403638554.3778295517 4.02141 10.47849 2.54847 -0.34045 0.66023 0.48010 0.46658
1403638554.4778294563 4.08718 10.38969 2.56042 -0.33767 0.66183 0.48207 0.46430
1403638554.5778295994 4.14813 10.30363 2.56978 -0.33853 0.66298 0.48153 0.46260
1403638554.6778295040 4.21098 10.21345 2.57406 -0.34460 0.66511 0.47758 0.45913
1403638554.7778294086 4.26428 10.13050 2.58977 -0.34897 0.66621 0.47391 0.45804
1403638554.8778295517 4.32801 10.04310 2.60515 -0.35223 0.66620 0.47186 0.45766
1403638554.9778294563 4.39189 9.95535 2.62100 -0.35494 0.66676 0.46849 0.45823
1403638555.0778295994 4.44840 9.87615 2.63611 -0.35072 0.67038 0.46378 0.46097
1403638555.1778295040 4.51526 9.78673 2.63888 -0.34426 0.67634 0.45697 0.46392
1403638555.2778294086 4.58113 9.70702 2.64574 -0.33778 0.68273 0.44885 0.46724
1403638555.3778295517 4.65282 9.61902 2.64693 -0.33061 0.68599 0.44406 0.47215
1403638555.4778294563 4.72269 9.52866 2.64224 -0.32474 0.68809 0.44082 0.47618
1403638555.5778295994 4.79477 9.43850 2.63594 -0.32245 0.68936 0.43813 0.47838
1403638555.6778295040 4.86655 9.34894 2.63460 -0.32193 0.69102 0.43646 0.47787
1403638555.7778294086 4.93944 9.25645 2.64251 -0.32114 0.69211 0.43672 0.47658
1403638555.8778295517 5.00916 9.16397 2.65761 -0.32053 0.69207 0.43769 0.47617
1403638555.9778294563 5.08234 9.07853 2.67941 -0.31931 0.69078 0.43955 0.47714
1403638556.0778295994 5.15459 8.99176 2.70397 -0.31792 0.69078 0.44092 0.47680
1403638556.1778295040 5.23135 8.91351 2.72584 -0.31717 0.69513 0.44174 0.47017
1403638556.2778294086 5.30412 8.83157 2.73898 -0.31592 0.69825 0.44272 0.46545
1403638556.3778295517 5.38208 8.76487 2.75151 -0.31474 0.70050 0.44369 0.46193
1403638556.4778294563 5.46007 8.68914 2.75866 -0.31261 0.70338 0.44500 0.45771
1403638556.5778295994 5.54220 8.63233 2.76986 -0.31219 0.70643 0.44473 0.45354
1403638556.6778295040 5.62696 8.57889 2.78176 -0.31976 0.70900 0.43867 0.45016
1403638556.7778294086 5.71337 8.51995 2.79980 -0.32641 0.70574 0.43388 0.45512
1403638556.8778295517 5.79980 8.47415 2.82674 -0.33190 0.70444 0.42947 0.45735
1403638556.9778294563 5.88800 8.43134 2.85784 -0.33486 0.70324 0.42670 0.45962
1403638557.0778295994 5.98395 8.38706 2.88243 -0.33319 0.70201 0.42803 0.46147
1403638557.1778295040 6.08624 8.34065 2.89942 -0.33140 0.70058 0.42961 0.46346
1403638557.2778294086 6.19155 8.29243 2.91001 -0.33016 0.69965 0.43072 0.46473
1403638557.3778295517 6.30350 8.24298 2.91660 -0.32764 0.69853 0.43299 0.46608
1403638557.4778294563 6.41778 8.19533 2.92531 -0.32220 0.69560 0.43762 0.46991
1403638557.5778295994 6.53259 8.14739 2.93997 -0.31779 0.69323 0.44102 0.47323
1403638557.6778295040 6.64695 8.10059 2.95842 -0.31540 0.69198 0.44315 0.47466
1403638557.7778294086 6.76104 8.05347 2.97924 -0.31562 0.69156 0.44297 0.47530
1403638557.8778295517 6.87813 8.00404 2.99501 -0.31313 0.69134 0.44460 0.47573
1403638557.9778294563 6.98727 7.95782 3.00411 -0.31051 0.69250 0.44623 0.47425
1403638558.0778295994 7.09514 7.91306 3.00703 -0.30969 0.69613 0.44697 0.46873
1403638558.1778295040 7.20583 7.86945 3.00726 -0.30707 0.70177 0.44855 0.46046
1403638558.2778294086 7.31822 7.83084 3.01333 -0.30381 0.70580 0.45031 0.45471
1403638558.3778295517 7.42842 7.80174 3.02934 -0.29921 0.70712 0.45308 0.45296
1403638558.4778294563 7.54022 7.77836 3.05369 -0.29299 0.71079 0.45677 0.44755
1403638558.5778295994 7.65261 7.76499 3.08601 -0.29419 0.71343 0.45543 0.44390
1403638558.6778295040 7.76969 7.76163 3.12487 -0.30242 0.71423 0.44895 0.44369
1403638558.7778294086 7.88679 7.76587 3.16231 -0.31028 0.71390 0.44279 0.44498
1403638558.8778295517 8.00385 7.77675 3.19272 -0.31253 0.71288 0.44044 0.44737
1403638558.9778294563 8.12464 7.79143 3.21554 -0.31406 0.70829 0.43907 0.45487
1403638559.0778295994 8.25037 7.80810 3.23058 -0.31452 0.70394 0.43890 0.46141
1403638559.1778295040 8.37520 7.82816 3.23837 -0.31468 0.70060 0.43933 0.46597
1403638559.2778294086 8.50245 7.84919 3.23972 -0.31263 0.69774 0.44183 0.46926
1403638559.3778295517 8.63098 7.87049 3.23508 -0.30908 0.69540 0.44526 0.47185
1403638559.4778294563 8.74920 7.89318 3.22548 -0.30682 0.69315 0.44734 0.47465
1403638559.5778295994 8.86967 7.91645 3.21135 -0.30578 0.69098 0.44886 0.47704
1403638559.6778295040 8.98890 7.94195 3.19416 -0.30656 0.68989 0.44907 0.47792
1403638559.7778294086 9.10280 7.96823 3.18020 -0.30700 0.68899 0.44987 0.47819
1403638559.8778295517 9.21508 7.99791 3.17172 -0.30848 0.68973 0.44913 0.47686
1403638559.9778294563 9.32408 8.02827 3.16389 -0.30745 0.69322 0.44326 0.47795
1403638560.0778295994 9.43053 8.06060 3.15056 -0.30203 0.70114 0.43024 0.48174
1403638560.1778295040 9.53474 8.09180 3.12989 -0.29218 0.71086 0.41208 0.48939
1403638560.2778294086 9.63933 8.12377 3.10411 -0.27973 0.72160 0.39089 0.49824
1403638560.3778295517 9.74383 8.15517 3.07605 -0.26840 0.72935 0.36663 0.51147
1403638560.4778294563 9.84475 8.18511 3.04431 -0.25554 0.73733 0.34140 0.52392
1403638560.5778295994 9.94294 8.21058 3.00803 -0.24420 0.74651 0.31444 0.53312
1403638560.6778295040 10.03868 8.23126 2.96804 -0.23464 0.75695 0.28640 0.53847
1403638560.7778294086 10.12962 8.24534 2.93140 -0.22744 0.76567 0.26067 0.54229
1403638560.8778295517 10.21734 8.25094 2.90313 -0.21669 0.77208 0.23777 0.54809
1403638560.9778294563 10.30467 8.24844 2.88281 -0.20457 0.77626 0.21688 0.55546
1403638561.0778295994 10.39207 8.23785 2.87062 -0.19248 0.77870 0.19710 0.56367
1403638561.1778295040 10.47417 8.21834 2.86477 -0.18172 0.77997 0.17943 0.57134
1403638561.2778294086 10.55052 8.19150 2.86635 -0.17493 0.78019 0.16607 0.57717
1403638561.3778295517 10.62021 8.15641 2.87056 -0.16605 0.78473 0.16134 0.57498
1403638561.4778294563 10.68752 8.11614 2.86983 -0.15258 0.79054 0.16500 0.56968
1403638561.5778295994 10.75136 8.07298 2.86434 -0.14286 0.79402 0.16977 0.56595
1403638561.6778295040 10.81138 8.02928 2.85423 -0.13888 0.79572 0.17253 0.56371
1403638561.7778294086 10.86530 7.98480 2.83963 -0.13769 0.79600 0.17458 0.56299
1403638561.8778295517 10.91965 7.93680 2.81699 -0.13528 0.79535 0.17524 0.56427
1403638561.9778294563 10.96914 7.89010 2.79275 -0.12969 0.79647 0.17054 0.56545
1403638562.0778295994 11.01817 7.84071 2.76769 -0.12229 0.79820 0.16177 0.56723
1403638562.1778295040 11.05664 7.79270 2.75273 -0.11410 0.80014 0.15169 0.56899
1403638562.2778294086 11.09324 7.74664 2.74274 -0.10716 0.80124 0.14316 0.57100
1403638562.3778295517 11.12658 7.69866 2.73903 -0.10085 0.80212 0.13108 0.57380
1403638562.4778294563 11.15629 7.64963 2.73898 -0.09266 0.80439 0.11489 0.57547
1403638562.5778295994 11.18450 7.60112 2.74535 -0.08279 0.80656 0.09468 0.57762
1403638562.6778295040 11.20915 7.55285 2.75573 -0.07374 0.80913 0.07036 0.57872
1403638562.7778294086 11.23254 7.50143 2.76786 -0.06476 0.81049 0.04405 0.58050
1403638562.8778295517 11.25327 7.44516 2.77571 -0.05126 0.81145 0.01946 0.58185
1403638562.9778294563 11.27004 7.38577 2.77702 -0.03676 0.81192 -0.00328 0.58260
1403638563.0778295994 11.28217 7.32461 2.77275 -0.02766 0.81149 -0.02752 0.58306
1403638563.1778295040 11.28707 7.26063 2.76350 -0.01554 0.81098 -0.04750 0.58293
1403638563.2778294086 11.28725 7.19348 2.75001 -0.00372 0.80755 -0.06162 0.58656
1403638563.3778295517 11.28053 7.12416 2.73195 0.00337 0.79949 -0.07171 0.59637
1403638563.4778294563 11.26779 7.05071 2.70900 0.00507 0.79321 -0.07896 0.60379
1403638563.5778295994 11.24937 6.97052 2.68682 0.01073 0.79376 -0.07878 0.60301
1403638563.6778295040 11.22445 6.88464 2.67167 0.01078 0.79732 -0.07887 0.59828
1403638563.7778294086 11.19381 6.79398 2.66373 0.00773 0.79964 -0.07924 0.59518
1403638563.8778295517 11.15865 6.69955 2.66299 0.00460 0.79930 -0.07840 0.59578
1403638563.9778294563 11.11852 6.59986 2.67038 0.00123 0.79838 -0.07676 0.59724
1403638564.0778295994 11.07053 6.49647 2.67343 -0.00324 0.79908 -0.07459 0.59657
1403638564.1778295040 11.01711 6.38741 2.67171 -0.00497 0.79913 -0.06998 0.59705
1403638564.2778294086 10.96081 6.27291 2.67000 -0.00394 0.79775 -0.06450 0.59952
1403638564.3778295517 10.89583 6.15516 2.67050 -0.00406 0.79640 -0.05938 0.60183
1403638564.4778294563 10.82678 6.03378 2.68108 -0.00323 0.79533 -0.05507 0.60367
1403638564.5778295994 10.74680 5.91034 2.69229 -0.00599 0.79704 -0.05460 0.60142
1403638564.6778295040 10.66256 5.78614 2.70509 -0.01099 0.79875 -0.05750 0.59881
1403638564.7778294086 10.56863 5.65504 2.70789 -0.01475 0.79917 -0.06056 0.59787
1403638564.8778295517 10.47408 5.51966 2.70742 -0.01691 0.79868 -0.06304 0.59821
1403638564.9778294563 10.37211 5.37514 2.68475 -0.01875 0.79804 -0.06478 0.59882
1403638565.0778295994 10.26792 5.22845 2.65066 -0.02005 0.79846 -0.06560 0.59813
1403638565.1778295040 10.15968 5.07494 2.60141 -0.02065 0.79926 -0.06574 0.59702
1403638565.2778294086 10.04734 4.91695 2.54596 -0.01903 0.80025 -0.06496 0.59583
1403638565.3778295517 9.93155 4.75514 2.48757 -0.01623 0.80130 -0.06376 0.59464
1403638565.4778294563 9.81248 4.58647 2.42892 -0.01330 0.80066 -0.06269 0.59568
1403638565.5778295994 9.69052 4.41037 2.37647 -0.00688 0.79859 -0.06017 0.59882
1403638565.6778295040 9.56519 4.23452 2.33272 0.00476 0.79838 -0.05400 0.59971
1403638565.7778294086 9.43592 4.05717 2.29515 0.01362 0.80114 -0.04947 0.59627
1403638565.8778295517 9.29914 3.87954 2.26503 0.02057 0.80337 -0.04590 0.59335
1403638565.9778294563 9.15749 3.70361 2.23897 0.02276 0.80525 -0.04622 0.59069
1403638566.0778295994 9.01539 3.53442 2.20772 0.02421 0.80637 -0.04651 0.58908
1403638566.1778295040 8.87267 3.36875 2.16841 0.02205 0.80670 -0.04789 0.58860
1403638566.2778294086 8.72884 3.20684 2.12140 0.02256 0.80654 -0.04708 0.58888
1403638566.3778295517 8.58642 3.04855 2.06690 0.02272 0.80776 -0.04608 0.58727
1403638566.4778294563 8.44560 2.89472 2.00696 0.01930 0.80822 -0.04695 0.58669
1403638566.5778295994 8.30562 2.74357 1.94142 0.01843 0.81163 -0.04531 0.58212
1403638566.6778295040 8.16689 2.59720 1.86868 0.01746 0.82112 -0.04370 0.56882
1403638566.7778294086 8.03269 2.45346 1.79087 0.01649 0.83294 -0.04212 0.55151
1403638566.8778295517 7.90608 2.31127 1.71025 0.01466 0.84113 -0.04105 0.53908
1403638566.9778294563 7.78729 2.17000 1.62694 0.01446 0.84523 -0.03829 0.53283
1403638567.0778295994 7.67567 2.03193 1.54507 0.01416 0.83739 -0.03692 0.54517
1403638567.1778295040 7.57014 1.89728 1.45928 0.01621 0.82531 -0.03490 0.56337
1403638567.2778294086 7.46575 1.76198 1.36763 0.01914 0.81682 -0.03310 0.57562
1403638567.3778295517 7.36243 1.63293 1.27057 0.02196 0.81498 -0.03255 0.57816
1403638567.4778294563 7.25735 1.50538 1.17774 0.02365 0.81585 -0.03350 0.57680
1403638567.5778295994 7.15314 1.38414 1.09193 0.02484 0.81938 -0.03527 0.57162
1403638567.6778295040 7.04795 1.26287 1.01601 0.02807 0.82267 -0.03565 0.56671
1403638567.7778294086 6.94352 1.14362 0.94833 0.02991 0.82595 -0.03598 0.56180
1403638567.8778295517 6.84120 1.02792 0.88806 0.02879 0.82922 -0.03785 0.55690
1403638567.9778294563 6.74489 0.91430 0.83375 0.02823 0.83001 -0.03833 0.55571
1403638568.0778295994 6.65235 0.80286 0.78690 0.03042 0.82961 -0.03583 0.55637
1403638568.1778295040 6.56508 0.69694 0.74911 0.03176 0.82867 -0.03394 0.55781
1403638568.2778294086 6.48286 0.59407 0.71915 0.03181 0.82841 -0.03359 0.55821
1403638568.3778295517 6.40593 0.49687 0.68979 0.03102 0.82873 -0.03346 0.55779
1403638568.4778294563 6.33731 0.41306 0.65259 0.03157 0.82944 -0.03339 0.55670
1403638568.5778295994 6.26531 0.32965 0.61314 0.03195 0.83040 -0.03249 0.55530
1403638568.6778295040 6.20538 0.25256 0.57018 0.03308 0.83209 -0.03097 0.55279
1403638568.7778294086 6.14141 0.18455 0.53040 0.03258 0.83293 -0.03101 0.55155
1403638568.8778295517 6.08381 0.12923 0.50056 0.03102 0.83185 -0.03304 0.55315
1403638568.9778294563 6.03932 0.06651 0.47753 0.03253 0.83130 -0.03111 0.55400
1403638569.0778295994 5.99177 0.02380 0.46419 0.03462 0.83067 -0.03055 0.55485
1403638569.1778295040 5.95360 -0.02933 0.45457 0.03487 0.83138 -0.03023 0.55378
1403638569.2778294086 5.91175 -0.05515 0.44768 0.03793 0.83225 -0.03001 0.55229
1403638569.3778295517 5.88285 -0.09474 0.43466 0.03855 0.83213 -0.02965 0.55244
1403638569.4778294563 5.85625 -0.10618 0.42100 0.04032 0.83051 -0.03012 0.55472
1403638569.5778295994 5.83856 -0.13189 0.40165 0.04088 0.82924 -0.02972 0.55661
1403638569.6778295040 5.82631 -0.14696 0.38875 0.04015 0.82808 -0.03073 0.55833
1403638569.7778294086 5.81756 -0.15497 0.38290 0.04134 0.82725 -0.03022 0.55949
1403638569.8778295517 5.81440 -0.13767 0.39026 0.04370 0.82611 -0.03012 0.56101
1403638569.9778294563 5.81240 -0.13894 0.39490 0.04249 0.82464 -0.03098 0.56321
1403638570.0778295994 5.81432 -0.13032 0.39770 0.04050 0.82408 -0.03265 0.56408
1403638570.1778295040 5.81804 -0.11656 0.39392 0.03595 0.82420 -0.03565 0.56403
1403638570.2778294086 5.82259 -0.09928 0.38393 0.02887 0.82358 -0.04053 0.56501
1403638570.3778295517 5.82806 -0.08187 0.36917 0.02301 0.82317 -0.04806 0.56529
1403638570.4778294563 5.83421 -0.05692 0.35263 0.01974 0.82248 -0.06423 0.56480
1403638570.5778295994 5.83755 -0.05497 0.32388 0.01258 0.81941 -0.09115 0.56578
1403638570.6778295040 5.83893 -0.04914 0.29232 0.01405 0.81366 -0.12064 0.56852
1403638570.7778294086 5.83898 -0.05743 0.25629 0.02175 0.80202 -0.14823 0.57821
1403638570.8778295517 5.83339 -0.07804 0.21717 0.03465 0.78980 -0.17261 0.58756
1403638570.9778294563 5.82047 -0.10964 0.17461 0.05029 0.78117 -0.19382 0.59133
1403638571.0778295994 5.79889 -0.15069 0.12721 0.06723 0.77797 -0.21280 0.58733
1403638571.1778295040 5.76722 -0.19845 0.08202 0.08875 0.78020 -0.22510 0.57684
1403638571.2778294086 5.72865 -0.25377 0.04750 0.10897 0.78125 -0.23131 0.56945
1403638571.3778295517 5.68285 -0.31336 0.02262 0.12172 0.78034 -0.23651 0.56597
1403638571.4778294563 5.63250 -0.37637 0.00739 0.12779 0.77727 -0.24107 0.56692
1403638571.5778295994 5.57835 -0.44350 -0.00329 0.13467 0.77477 -0.24511 0.56703
1403638571.6778295040 5.52119 -0.51428 -0.01750 0.14068 0.77433 -0.25438 0.56206
1403638571.7778294086 5.46100 -0.58912 -0.03658 0.14848 0.77360 -0.26779 0.55479
1403638571.8778295517 5.39835 -0.66770 -0.05986 0.15553 0.77036 -0.28551 0.54848
1403638571.9778294563 5.33277 -0.74949 -0.08006 0.16315 0.76395 -0.30558 0.54441
1403638572.0778295994 5.26447 -0.83365 -0.09227 0.17247 0.75663 -0.32490 0.54055
1403638572.1778295040 5.19181 -0.92202 -0.09500 0.18824 0.74954 -0.34009 0.53581
1403638572.2778294086 5.11597 -1.01201 -0.09328 0.20238 0.74489 -0.35672 0.52624
1403638572.3778295517 5.03875 -1.10523 -0.09426 0.21549 0.73962 -0.37509 0.51560
1403638572.4778294563 4.96096 -1.20259 -0.09820 0.22943 0.73534 -0.38820 0.50591
1403638572.5778295994 4.88474 -1.30258 -0.10319 0.24037 0.73125 -0.39696 0.49991
1403638572.6778295040 4.80979 -1.40693 -0.10660 0.24619 0.72931 -0.40250 0.49548
1403638572.7778294086 4.73830 -1.51485 -0.10152 0.25403 0.73064 -0.40249 0.48952
1403638572.8778295517 4.67065 -1.62671 -0.08828 0.25764 0.73307 -0.40197 0.48440
1403638572.9778294563 4.60657 -1.74167 -0.07067 0.25823 0.73519 -0.40113 0.48157
1403638573.0778295994 4.54759 -1.85934 -0.05663 0.25758 0.73727 -0.40006 0.47962
1403638573.1778295040 4.49209 -1.98073 -0.04916 0.25573 0.73895 -0.39888 0.47902
1403638573.2778294086 4.44081 -2.10409 -0.04366 0.25399 0.74038 -0.39692 0.47935
1403638573.3778295517 4.39527 -2.23053 -0.03619 0.25324 0.74124 -0.39605 0.47913
1403638573.4778294563 4.35604 -2.35928 -0.02551 0.25636 0.74135 -0.39626 0.47714
1403638573.5778295994 4.32217 -2.49149 -0.00613 0.25817 0.74137 -0.39642 0.47599
1403638573.6778295040 4.29329 -2.62498 0.02010 0.26107 0.74186 -0.39676 0.47336
1403638573.7778294086 4.27021 -2.75983 0.05031 0.26799 0.73827 -0.39997 0.47241
1403638573.8778295517 4.25190 -2.89947 0.07988 0.28156 0.72809 -0.40518 0.47586
1403638573.9778294563 4.23884 -3.03850 0.10334 0.29324 0.71260 -0.41826 0.48090
1403638574.0778295994 4.22874 -3.17407 0.11951 0.29903 0.69211 -0.43936 0.48840
1403638574.1778295040 4.21955 -3.30481 0.12969 0.30514 0.66961 -0.46299 0.49412
1403638574.2778294086 4.20876 -3.42970 0.13363 0.31465 0.65054 -0.48500 0.49251
1403638574.3778295517 4.18857 -3.55511 0.13338 0.32680 0.63696 -0.50458 0.48257
1403638574.4778294563 4.16073 -3.67820 0.12935 0.33991 0.62513 -0.52226 0.47001
1403638574.5778295994 4.12915 -3.79516 0.12850 0.35020 0.61415 -0.53621 0.46115
1403638574.6778295040 4.09370 -3.91050 0.13607 0.36192 0.60751 -0.54324 0.45258
1403638574.7778294086 4.05782 -4.02556 0.15039 0.37267 0.60713 -0.54587 0.44106
1403638574.8778295517 4.02222 -4.13727 0.16868 0.37395 0.60901 -0.55039 0.43167
1403638574.9778294563 3.98566 -4.24626 0.18273 0.37241 0.61126 -0.55378 0.42544
1403638575.0778295994 3.94877 -4.35395 0.19038 0.36474 0.60980 -0.55918 0.42712
1403638575.1778295040 3.91122 -4.45998 0.19206 0.35889 0.60706 -0.56248 0.43162
1403638575.2778294086 3.87072 -4.56977 0.19120 0.35547 0.60571 -0.56327 0.43529
1403638575.3778295517 3.82785 -4.67851 0.18489 0.35243 0.60901 -0.56331 0.43310
1403638575.4778294563 3.78132 -4.79163 0.17547 0.35050 0.61449 -0.56177 0.42891
1403638575.5778295994 3.73327 -4.90542 0.16501 0.34970 0.61949 -0.55933 0.42554
1403638575.6778295040 3.68321 -5.02609 0.16145 0.35324 0.62587 -0.55418 0.42000
1403638575.7778294086 3.63066 -5.15583 0.16669 0.35410 0.63253 -0.55122 0.41313
1403638575.8778295517 3.58121 -5.28482 0.18102 0.35390 0.63680 -0.54914 0.40948
1403638575.9778294563 3.53624 -5.41679 0.20638 0.35337 0.63722 -0.54833 0.41038
1403638576.0778295994 3.49518 -5.55156 0.23893 0.35406 0.63792 -0.54689 0.41062
1403638576.1778295040 3.45718 -5.69182 0.27646 0.35495 0.63642 -0.54639 0.41284
1403638576.2778294086 3.42253 -5.83675 0.31121 0.35899 0.63709 -0.54382 0.41171
1403638576.3778295517 3.39101 -5.98631 0.33955 0.36348 0.63878 -0.54085 0.40905
1403638576.4778294563 3.36504 -6.13758 0.36194 0.36727 0.64147 -0.53836 0.40471
1403638576.5778295994 3.34481 -6.29311 0.37867 0.37176 0.64559 -0.53550 0.39780
1403638576.6778295040 3.33119 -6.45470 0.39097 0.37489 0.64709 -0.53331 0.39537
1403638576.7778294086 3.32642 -6.61917 0.39895 0.37982 0.64476 -0.52961 0.39941
1403638576.8778295517 3.32843 -6.78463 0.40194 0.38256 0.63980 -0.52777 0.40714
1403638576.9778294563 3.33818 -6.94769 0.39996 0.38067 0.63339 -0.52948 0.41660
1403638577.0778295994 3.35386 -7.10649 0.39707 0.37649 0.62953 -0.53282 0.42197
1403638577.1778295040 3.37315 -7.26335 0.40171 0.37376 0.62664 -0.53490 0.42604
1403638577.2778294086 3.39501 -7.42100 0.41280 0.37413 0.62716 -0.53465 0.42527
1403638577.3778295517 3.41944 -7.57840 0.43292 0.38072 0.63146 -0.52976 0.41913
1403638577.4778294563 3.44816 -7.73358 0.45861 0.38504 0.63398 -0.52655 0.41540
1403638577.5778295994 3.48235 -7.88740 0.48063 0.38207 0.63396 -0.52835 0.41588
1403638577.6778295040 3.52139 -8.03620 0.49658 0.37875 0.63284 -0.53050 0.41789
1403638577.7778294086 3.56387 -8.18253 0.50478 0.37603 0.63230 -0.53209 0.41915
1403638577.8778295517 3.61077 -8.32992 0.50818 0.37569 0.63248 -0.53190 0.41942
1403638577.9778294563 3.66087 -8.47117 0.50823 0.37644 0.63296 -0.53062 0.41964
1403638578.0778295994 3.71601 -8.61846 0.51521 0.37539 0.63222 -0.53057 0.42175
1403638578.1778295040 3.77428 -8.75607 0.52793 0.37086 0.62907 -0.53307 0.42728
1403638578.2778294086 3.83404 -8.89655 0.54672 0.36247 0.62403 -0.53864 0.43483
1403638578.3778295517 3.89207 -9.03579 0.56522 0.36047 0.62157 -0.54026 0.43798
1403638578.4778294563 3.94773 -9.17404 0.57735 0.36065 0.62117 -0.54056 0.43803
1403638578.5778295994 4.00121 -9.30954 0.58488 0.36069 0.62066 -0.54110 0.43806
1403638578.6778295040 4.05366 -9.44855 0.58804 0.36313 0.62056 -0.53992 0.43764
1403638578.7778294086 4.10320 -9.57941 0.58885 0.36847 0.62324 -0.53642 0.43365
1403638578.8778295517 4.15519 -9.71433 0.58518 0.37353 0.62612 -0.53284 0.42957
1403638578.9778294563 4.20737 -9.83583 0.58170 0.37609 0.62754 -0.53072 0.42788
1403638579.0778295994 4.26290 -9.96805 0.58599 0.37651 0.62828 -0.52964 0.42777
1403638579.1778295040 4.32054 -10.09208 0.59857 0.37710 0.62846 -0.52866 0.42820
1403638579.2778294086 4.38184 -10.21907 0.61686 0.37486 0.62754 -0.52968 0.43024
1403638579.3778295517 4.44510 -10.33589 0.63516 0.36937 0.62432 -0.53326 0.43523
1403638579.4778294563 4.50841 -10.45904 0.65169 0.36368 0.62004 -0.53709 0.44140
1403638579.5778295994 4.56940 -10.56848 0.66020 0.36266 0.61748 -0.53435 0.44907
1403638579.6778295040 4.63086 -10.68184 0.66428 0.36511 0.61820 -0.52227 0.46018
1403638579.7778294086 4.69022 -10.79085 0.66326 0.36370 0.62891 -0.50348 0.46765
1403638579.8778295517 4.74965 -10.89612 0.65556 0.35321 0.64921 -0.48262 0.46994
1403638579.9778294563 4.80997 -10.99804 0.64321 0.33624 0.66959 -0.45804 0.47832
1403638580.0778295994 4.86916 -11.08964 0.62881 0.32214 0.68455 -0.42392 0.49790
1403638580.1778295040 4.92805 -11.16877 0.61097 0.30270 0.69928 -0.38743 0.51892
1403638580.2778294086 4.98541 -11.23945 0.58856 0.27665 0.71672 -0.35308 0.53396
1403638580.3778295517 5.03995 -11.30324 0.56053 0.24665 0.73329 -0.32725 0.54254
1403638580.4778294563 5.08871 -11.36305 0.52868 0.22067 0.74518 -0.31109 0.54702
1403638580.5778295994 5.13351 -11.42170 0.49577 0.20325 0.75273 -0.29796 0.55073
1403638580.6778295040 5.17506 -11.47820 0.46302 0.18801 0.76310 -0.28359 0.54946
1403638580.7778294086 5.21243 -11.53273 0.43701 0.17768 0.77349 -0.26878 0.54580
1403638580.8778295517 5.24590 -11.58633 0.41966 0.17292 0.78064 -0.25798 0.54236
1403638580.9778294563 5.27995 -11.63938 0.41376 0.16718 0.78214 -0.25454 0.54362
1403638581.0778295994 5.31123 -11.68823 0.41686 0.16603 0.78313 -0.25273 0.54338
1403638581.1778295040 5.34047 -11.73549 0.42668 0.16859 0.78298 -0.25125 0.54350
1403638581.2778294086 5.36836 -11.77900 0.43723 0.17278 0.78289 -0.25104 0.54242
1403638581.3778295517 5.39620 -11.82001 0.45273 0.17610 0.78152 -0.25216 0.54280
1403638581.4778294563 5.42198 -11.85813 0.46601 0.17895 0.77914 -0.25382 0.54452
1403638581.5778295994 5.44860 -11.89124 0.49112 0.18207 0.77840 -0.25593 0.54355
1403638581.6778295040 5.47521 -11.92438 0.50959 0.18732 0.77403 -0.25585 0.54802
1403638581.7778294086 5.50116 -11.95538 0.52880 0.18922 0.77042 -0.25737 0.55173
1403638581.8778295517 5.52888 -11.98423 0.54162 0.19214 0.76739 -0.25743 0.55491
1403638581.9778294563 5.55727 -12.01077 0.54378 0.19633 0.75971 -0.25580 0.56468
1403638582.0778295994 5.58551 -12.03456 0.55126 0.19514 0.76152 -0.25787 0.56170
1403638582.1778295040 5.61214 -12.05532 0.56522 0.19102 0.76891 -0.26141 0.55132
1403638582.2778294086 5.63391 -12.07154 0.58661 0.19131 0.77179 -0.26155 0.54712
1403638582.3778295517 5.66274 -12.09055 0.62260 0.19390 0.76875 -0.25944 0.55147
1403638582.4778294563 5.68421 -12.10172 0.66243 0.19594 0.76754 -0.25776 0.55321
1403638582.5778295994 5.70407 -12.10927 0.71342 0.19685 0.76694 -0.25659 0.55427
1403638582.6778295040 5.73115 -12.12029 0.77416 0.19651 0.76835 -0.25678 0.55234
1403638582.7778294086 5.75083 -12.11662 0.84318 0.19472 0.76980 -0.25865 0.55009
1403638582.8778295517 5.76881 -12.10807 0.91434 0.19507 0.77110 -0.25928 0.54784
1403638582.9778294563 5.78610 -12.09758 0.97882 0.19370 0.77330 -0.26091 0.54444
1403638583.0778295994 5.80208 -12.08544 1.03520 0.19252 0.77580 -0.26260 0.54048
1403638583.1778295040 5.81794 -12.07066 1.08374 0.19227 0.77742 -0.26328 0.53789
1403638583.2778294086 5.83589 -12.05449 1.12622 0.19081 0.77807 -0.26452 0.53687
1403638583.3778295517 5.86525 -12.04902 1.15899 0.19072 0.77865 -0.26401 0.53631
1403638583.4778294563 5.88990 -12.03052 1.19537 0.19067 0.77957 -0.26412 0.53494
1403638583.5778295994 5.91474 -12.01058 1.23725 0.19065 0.77975 -0.26404 0.53471
1403638583.6778295040 5.94209 -11.98845 1.28659 0.19221 0.78029 -0.26288 0.53395
1403638583.7778294086 5.97196 -11.96491 1.33646 0.19180 0.78016 -0.26299 0.53422
1403638583.8778295517 6.00956 -11.94242 1.36264 0.19276 0.77989 -0.26281 0.53436
1403638583.9778294563 6.04011 -11.92130 1.40095 0.19289 0.78019 -0.26252 0.53402
1403638584.0778295994 6.06916 -11.89530 1.43257 0.19565 0.77710 -0.26029 0.53860
1403638584.1778295040 6.10237 -11.86476 1.44655 0.20020 0.76841 -0.25655 0.55104
1403638584.2778294086 6.13535 -11.82391 1.46931 0.20277 0.75975 -0.25417 0.56309
1403638584.3778295517 6.15930 -11.77736 1.47007 0.20460 0.75703 -0.25283 0.56668
1403638584.4778294563 6.18097 -11.72151 1.46792 0.20562 0.75692 -0.25225 0.56671
1403638584.5778295994 6.19527 -11.66727 1.47609 0.20507 0.75738 -0.25229 0.56629
1403638584.6778295040 6.20702 -11.60435 1.49044 0.20270 0.75935 -0.25348 0.56396
1403638584.7778294086 6.21998 -11.52526 1.50003 0.19936 0.76593 -0.25596 0.55506
1403638584.8778295517 6.22682 -11.45085 1.52554 0.19283 0.77358 -0.26052 0.54454
1403638584.9778294563 6.22225 -11.36669 1.52714 0.19087 0.77673 -0.26240 0.53982
1403638585.0778295994 6.21365 -11.28372 1.52109 0.19017 0.77751 -0.26295 0.53868
1403638585.1778295040 6.21450 -11.20872 1.52924 0.18748 0.77744 -0.26434 0.53903
1403638585.2778294086 6.21350 -11.12548 1.50796 0.18872 0.77506 -0.26366 0.54236
1403638585.3778295517 6.21837 -11.04810 1.50583 0.18923 0.77319 -0.26274 0.54528
1403638585.4778294563 6.21281 -10.97073 1.47963 0.18912 0.77288 -0.26309 0.54559
1403638585.5778295994 6.21533 -10.89342 1.48000 0.18802 0.77482 -0.26304 0.54324
1403638585.6778295040 6.22371 -10.81382 1.47217 0.18860 0.77700 -0.26312 0.53988
1403638585.7778294086 6.22918 -10.73399 1.48784 0.18521 0.78198 -0.26517 0.53281
1403638585.8778295517 6.23632 -10.65370 1.50132 0.18290 0.78528 -0.26731 0.52766
1403638585.9778294563 6.24979 -10.57270 1.52785 0.18142 0.78474 -0.26975 0.52773
1403638586.0778295994 6.26219 -10.49579 1.55822 0.18367 0.78035 -0.26920 0.53371
1403638586.1778295040 6.28121 -10.42114 1.58545 0.18567 0.77758 -0.26867 0.53731
1403638586.2778294086 6.29264 -10.33923 1.60426 0.18822 0.77470 -0.26764 0.54109
1403638586.3778295517 6.31041 -10.26571 1.62040 0.19416 0.77170 -0.26398 0.54506
1403638586.4778294563 6.31850 -10.17939 1.62868 0.20243 0.76985 -0.25902 0.54704
1403638586.5778295994 6.33307 -10.10248 1.63411 0.20459 0.76924 -0.25779 0.54768
1403638586.6778295040 6.34379 -10.01258 1.63019 0.20199 0.76990 -0.25994 0.54671
1403638586.7778294086 6.35975 -9.93068 1.62307 0.19795 0.76957 -0.26261 0.54737
1403638586.8778295517 6.36959 -9.84083 1.60915 0.19587 0.76833 -0.26351 0.54942
1403638586.9778294563 6.38220 -9.75404 1.59214 0.19608 0.76817 -0.26319 0.54972
1403638587.0778295994 6.39068 -9.65993 1.57228 0.19544 0.76784 -0.26387 0.55009
1403638587.1778295040 6.40128 -9.56835 1.55829 0.19497 0.76913 -0.26377 0.54849
1403638587.2778294086 6.41029 -9.47451 1.55123 0.19421 0.77078 -0.26406 0.54630
1403638587.3778295517 6.41884 -9.37902 1.55233 0.19359 0.77247 -0.26442 0.54397
1403638587.4778294563 6.42996 -9.27942 1.55644 0.19192 0.77255 -0.26636 0.54349
1403638587.5778295994 6.43860 -9.18186 1.55817 0.19113 0.77262 -0.26729 0.54322
1403638587.6778295040 6.45220 -9.08326 1.55383 0.19115 0.77227 -0.26782 0.54344
1403638587.7778294086 6.46184 -8.98647 1.54384 0.19119 0.77195 -0.26819 0.54370
1403638587.8778295517 6.47599 -8.88664 1.53250 0.19062 0.77167 -0.26921 0.54380
1403638587.9778294563 6.48600 -8.78946 1.51509 0.19049 0.77135 -0.26973 0.54405
1403638588.0778295994 6.49681 -8.69651 1.49571 0.19161 0.77113 -0.26861 0.54451
1403638588.1778295040 6.50397 -8.60375 1.46940 0.19815 0.77215 -0.26421 0.54288
1403638588.2778294086 6.51239 -8.50892 1.44751 0.20093 0.77325 -0.26177 0.54146
1403638588.3778295517 6.52227 -8.41088 1.42860 0.20163 0.77373 -0.26108 0.54086
1403638588.4778294563 6.53324 -8.30979 1.42179 0.19982 0.77391 -0.26205 0.54081
1403638588.5778295994 6.54372 -8.20631 1.41955 0.19749 0.77326 -0.26365 0.54180
1403638588.6778295040 6.54979 -8.10258 1.42823 0.19508 0.77266 -0.26478 0.54298
1403638588.7778294086 6.56010 -7.99415 1.44037 0.19372 0.77124 -0.26613 0.54483
1403638588.8778295517 6.56543 -7.89040 1.45167 0.19119 0.77072 -0.26828 0.54539
1403638588.9778294563 6.57257 -7.78386 1.45229 0.19159 0.77065 -0.26858 0.54520
1403638589.0778295994 6.57481 -7.68160 1.44882 0.19186 0.77092 -0.26866 0.54469
1403638589.1778295040 6.58160 -7.57358 1.43659 0.19347 0.77083 -0.26788 0.54464
1403638589.2778294086 6.58240 -7.47627 1.42416 0.19287 0.76992 -0.26779 0.54618
1403638589.3778295517 6.58639 -7.36841 1.40593 0.19315 0.76984 -0.26751 0.54634
1403638589.4778294563 6.58569 -7.26730 1.39559 0.19264 0.77077 -0.26794 0.54498
1403638589.5778295994 6.58674 -7.15922 1.38727 0.19202 0.77071 -0.26827 0.54513
1403638589.6778295040 6.58444 -7.05987 1.39154 0.19134 0.77139 -0.26806 0.54451
1403638589.7778294086 6.58480 -6.95348 1.39919 0.19176 0.77288 -0.26846 0.54204
1403638589.8778295517 6.57966 -6.85105 1.41102 0.19160 0.77344 -0.26926 0.54090
1403638589.9778294563 6.57901 -6.74640 1.41083 0.19192 0.77342 -0.26969 0.54061
1403638590.0778295994 6.56887 -6.64475 1.40753 0.19126 0.77321 -0.27037 0.54080
1403638590.1778295040 6.56678 -6.54040 1.39765 0.19199 0.77212 -0.27061 0.54198
1403638590.2778294086 6.55901 -6.44534 1.38708 0.19140 0.77128 -0.27117 0.54311
1403638590.3778295517 6.55762 -6.34212 1.36886 0.19172 0.77155 -0.27160 0.54239
1403638590.4778294563 6.54778 -6.25341 1.35132 0.19145 0.77216 -0.27180 0.54152
1403638590.5778295994 6.54278 -6.15391 1.33222 0.19036 0.77317 -0.27254 0.54008
1403638590.6778295040 6.53156 -6.06928 1.32265 0.18815 0.77489 -0.27334 0.53798
1403638590.7778294086 6.52961 -5.97123 1.32024 0.18753 0.77563 -0.27395 0.53683
1403638590.8778295517 6.52019 -5.88190 1.32570 0.18760 0.77645 -0.27381 0.53569
1403638590.9778294563 6.51927 -5.78672 1.33693 0.18650 0.77696 -0.27479 0.53483
1403638591.0778295994 6.50619 -5.69032 1.35209 0.18495 0.77772 -0.27607 0.53361
1403638591.1778295040 6.50660 -5.59719 1.36232 0.18407 0.78187 -0.27743 0.52710
1403638591.2778294086 6.49814 -5.50767 1.36412 0.18127 0.78755 -0.27964 0.51837
1403638591.3778295517 6.49589 -5.42633 1.36158 0.17765 0.79171 -0.28219 0.51186
1403638591.4778294563 6.50067 -5.34669 1.35317 0.17486 0.79425 -0.28434 0.50768
1403638591.5778295994 6.51157 -5.27233 1.33921 0.17205 0.79682 -0.28661 0.50332
1403638591.6778295040 6.52945 -5.20727 1.32071 0.17079 0.79690 -0.28779 0.50296
1403638591.7778294086 6.55490 -5.15069 1.30220 0.17284 0.79489 -0.28679 0.50600
1403638591.8778295517 6.58876 -5.11272 1.28772 0.17397 0.79262 -0.28592 0.50965
1403638591.9778294563 6.62710 -5.08505 1.28125 0.17481 0.79005 -0.28513 0.51377
1403638592.0778295994 6.66948 -5.06675 1.28200 0.17538 0.78746 -0.28403 0.51815
1403638592.1778295040 6.71703 -5.04674 1.29303 0.17359 0.78461 -0.28225 0.52401
1403638592.2778294086 6.76560 -5.03754 1.31551 0.16874 0.77922 -0.27682 0.53639
1403638592.3778295517 6.81407 -5.02899 1.34719 0.15990 0.77680 -0.26795 0.54701
1403638592.4778294563 6.86038 -5.02122 1.38637 0.14820 0.77958 -0.25410 0.55293
1403638592.5778295994 6.90295 -5.01774 1.43204 0.14033 0.78728 -0.23994 0.55039
1403638592.6778295040 6.94219 -5.01906 1.48346 0.13352 0.79503 -0.22870 0.54571
1403638592.7778294086 6.98035 -5.02431 1.53372 0.12808 0.80231 -0.22114 0.53944
1403638592.8778295517 7.01757 -5.03414 1.57802 0.12363 0.80747 -0.21631 0.53471
1403638592.9778294563 7.05651 -5.04622 1.61612 0.12263 0.81003 -0.21245 0.53262
1403638593.0778295994 7.10283 -5.06069 1.64806 0.12172 0.81074 -0.21119 0.53224
1403638593.1778295040 7.14998 -5.08063 1.68215 0.12168 0.80897 -0.21026 0.53531
1403638593.2778294086 7.20465 -5.10398 1.72056 0.12865 0.80573 -0.20647 0.54001
1403638593.3778295517 7.25697 -5.13136 1.76548 0.13741 0.80234 -0.20134 0.54483
1403638593.4778294563 7.30963 -5.15797 1.80761 0.14546 0.79772 -0.19735 0.55094
1403638593.5778295994 7.36400 -5.18293 1.84277 0.14984 0.79486 -0.19598 0.55439
1403638593.6778295040 7.41888 -5.20462 1.87083 0.15230 0.79361 -0.19551 0.55567
1403638593.7778294086 7.47433 -5.22264 1.89386 0.15347 0.79022 -0.19561 0.56012
1403638593.8778295517 7.52986 -5.23451 1.91704 0.14948 0.77971 -0.19553 0.57573
1403638593.9778294563 7.57905 -5.24330 1.94483 0.14277 0.77635 -0.19209 0.58310
1403638594.0778295994 7.62161 -5.24820 1.97599 0.13421 0.78191 -0.18991 0.57840
1403638594.1778295040 7.65819 -5.25081 2.01177 0.13175 0.78807 -0.18519 0.57210
1403638594.2778294086 7.68993 -5.25188 2.04522 0.13193 0.79044 -0.18019 0.57038
1403638594.3778295517 7.71926 -5.24776 2.07481 0.13451 0.78940 -0.17528 0.57274
1403638594.4778294563 7.74299 -5.24121 2.10950 0.13813 0.78800 -0.16969 0.57549
1403638594.5778295994 7.76508 -5.22807 2.14796 0.13264 0.78811 -0.17163 0.57606
1403638594.6778295040 7.78052 -5.21245 2.19504 0.12683 0.78847 -0.17478 0.57591
1403638594.7778294086 7.79505 -5.19498 2.23530 0.12473 0.78896 -0.17673 0.57511
1403638594.8778295517 7.80260 -5.17566 2.27223 0.12332 0.78877 -0.17828 0.57519
1403638594.9778294563 7.81156 -5.15492 2.29890 0.12442 0.79042 -0.17881 0.57252
1403638595.0778295994 7.81878 -5.13316 2.32044 0.12303 0.79140 -0.18061 0.57091
1403638595.1778295040 7.82469 -5.11103 2.33592 0.12288 0.79169 -0.18184 0.57014
1403638595.2778294086 7.82964 -5.08847 2.34559 0.12345 0.79198 -0.18212 0.56952
1403638595.3778295517 7.83084 -5.06309 2.35620 0.12323 0.79171 -0.18302 0.56965
1403638595.4778294563 7.82971 -5.04086 2.35323 0.12321 0.79191 -0.18323 0.56932
1403638595.5778295994 7.82948 -5.01764 2.35003 0.12326 0.79269 -0.18295 0.56832
1403638595.6778295040 7.82882 -4.99403 2.35312 0.12565 0.79284 -0.18125 0.56813
1403638595.7778294086 7.82752 -4.96905 2.36137 0.12988 0.79399 -0.17827 0.56651
1403638595.8778295517 7.82720 -4.94231 2.36705 0.13119 0.79453 -0.17760 0.56566
1403638595.9778294563 7.82677 -4.91461 2.35898 0.13363 0.79438 -0.17617 0.56574
1403638596.0778295994 7.83746 -4.88052 2.35193 0.14165 0.79601 -0.17175 0.56286
1403638596.1778295040 7.83507 -4.84736 2.33063 0.15280 0.79762 -0.16389 0.55999
1403638596.2778294086 7.83395 -4.80639 2.31663 0.16437 0.79952 -0.15535 0.55643
1403638596.3778295517 7.83823 -4.75489 2.31899 0.17370 0.80014 -0.14810 0.55468
1403638596.4778294563 7.84134 -4.69424 2.32221 0.17912 0.79992 -0.14325 0.55455
1403638596.5778295994 7.85358 -4.62188 2.34027 0.18581 0.80101 -0.13802 0.55209
1403638596.6778295040 7.86670 -4.53451 2.35930 0.19334 0.80133 -0.13206 0.55050
1403638596.7778294086 7.88662 -4.43090 2.38614 0.19720 0.80142 -0.12872 0.54978
1403638596.8778295517 7.91512 -4.31342 2.42408 0.20065 0.80093 -0.12585 0.54991
1403638596.9778294563 7.94319 -4.17780 2.45846 0.20237 0.79957 -0.12484 0.55150
1403638597.0778295994 7.97836 -4.02979 2.49020 0.20504 0.79866 -0.12370 0.55208
1403638597.1778295040 8.01666 -3.86701 2.51540 0.20724 0.79675 -0.12339 0.55410
1403638597.2778294086 8.05839 -3.68772 2.53421 0.20469 0.79394 -0.12630 0.55839
1403638597.3778295517 8.10556 -3.49213 2.54736 0.19991 0.79210 -0.13102 0.56164
1403638597.4778294563 8.15534 -3.28256 2.55811 0.19136 0.78872 -0.13802 0.56768
1403638597.5778295994 8.20095 -3.06245 2.56212 0.17852 0.78376 -0.14750 0.57628
1403638597.6778295040 8.24336 -2.83325 2.56108 0.17397 0.78116 -0.15150 0.58015
1403638597.7778294086 8.28270 -2.59641 2.55509 0.17794 0.78287 -0.14643 0.57793
1403638597.8778295517 8.32065 -2.35120 2.54506 0.18202 0.78562 -0.13508 0.57570
1403638597.9778294563 8.35769 -2.09619 2.53324 0.18309 0.78750 -0.12582 0.57488
1403638598.0778295994 8.39675 -1.82943 2.52653 0.17626 0.78787 -0.12311 0.57709
1403638598.1778295040 8.43410 -1.55044 2.52685 0.15466 0.78942 -0.13198 0.57921
1403638598.2778294086 8.47005 -1.26482 2.53191 0.13733 0.79140 -0.14021 0.57894
1403638598.3778295517 8.50543 -0.97829 2.53545 0.12658 0.79332 -0.14528 0.57750
1403638598.4778294563 8.54057 -0.69278 2.53418 0.12245 0.79589 -0.14677 0.57447
1403638598.5778295994 8.57405 -0.40827 2.52603 0.11766 0.79829 -0.14456 0.57270
1403638598.6778295040 8.60616 -0.12524 2.51220 0.11361 0.80109 -0.13595 0.57172
1403638598.7778294086 8.63572 0.15460 2.49918 0.10538 0.80378 -0.12505 0.57201
1403638598.8778295517 8.66178 0.43178 2.49179 0.09632 0.80532 -0.11047 0.57443
1403638598.9778294563 8.68378 0.70565 2.48732 0.08644 0.80831 -0.09400 0.57475
1403638599.0778295994 8.70466 0.97809 2.48845 0.07436 0.81027 -0.07724 0.57617
1403638599.1778295040 8.72349 1.24928 2.49657 0.06227 0.81218 -0.05958 0.57701
1403638599.2778294086 8.73925 1.51806 2.50976 0.05113 0.81475 -0.04052 0.57614
1403638599.3778295517 8.75324 1.78502 2.53068 0.03848 0.81849 -0.02319 0.57277
1403638599.4778294563 8.76621 2.05023 2.55630 0.02931 0.82102 -0.00992 0.57005
1403638599.5778295994 8.77841 2.31459 2.57911 0.02376 0.82355 -0.00154 0.56674
1403638599.6778295040 8.78942 2.57786 2.59244 0.02012 0.82514 0.00301 0.56456
1403638599.7778294086 8.80143 2.83971 2.59681 0.01883 0.82532 0.00412 0.56433
1403638599.8778295517 8.81624 3.09958 2.59396 0.01682 0.82660 0.00175 0.56253
1403638599.9778294563 8.83334 3.35794 2.58702 0.01308 0.82674 -0.00380 0.56242
1403638600.0778295994 8.85476 3.61405 2.57638 0.00669 0.82781 -0.01158 0.56085
1403638600.1778295040 8.87939 3.86429 2.56165 -0.00542 0.82937 -0.02338 0.55818
1403638600.2778294086 8.90532 4.10750 2.54117 -0.01541 0.83131 -0.03411 0.55454
1403638600.3778295517 8.93470 4.33953 2.51964 -0.02313 0.83258 -0.04272 0.55176
1403638600.4778294563 8.96682 4.55625 2.50411 -0.02964 0.83357 -0.04910 0.54943
1403638600.5778295994 9.00355 4.75845 2.49849 -0.02774 0.83409 -0.04965 0.54868
1403638600.6778295040 9.04417 4.94772 2.50050 -0.03054 0.83551 -0.05263 0.54609
1403638600.7778294086 9.09055 5.12477 2.50940 -0.03016 0.83920 -0.05262 0.54042
1403638600.8778295517 9.14353 5.29025 2.52295 -0.01903 0.84312 -0.04413 0.53558
1403638600.9778294563 9.20254 5.43905 2.53480 -0.00236 0.84549 -0.03070 0.53310
1403638601.0778295994 9.26680 5.57830 2.54023 0.00673 0.84597 -0.02258 0.53271
1403638601.1778295040 9.33998 5.71620 2.54135 0.01485 0.84467 -0.01626 0.53484
1403638601.2778294086 9.42084 5.85292 2.53970 0.02460 0.83844 -0.00865 0.54437
1403638601.3778295517 9.50609 5.98885 2.53650 0.02206 0.83345 -0.00457 0.55214
1403638601.4778294563 9.59582 6.12883 2.53751 0.00923 0.82914 0.00022 0.55897
1403638601.5778295994 9.68746 6.27016 2.54573 -0.00133 0.82455 0.01467 0.56559
1403638601.6778295040 9.77985 6.40970 2.55887 -0.01241 0.82224 0.03485 0.56794
1403638601.7778294086 9.87070 6.54830 2.57886 -0.02498 0.81968 0.06055 0.56906
1403638601.8778295517 9.95958 6.68686 2.60627 -0.03885 0.81502 0.08979 0.57111
1403638601.9778294563 10.04480 6.82738 2.63469 -0.05364 0.81214 0.11337 0.56983
1403638602.0778295994 10.12778 6.96912 2.65727 -0.06514 0.81068 0.13043 0.56705
1403638602.1778295040 10.20612 7.11104 2.67333 -0.07110 0.80611 0.14639 0.56894
1403638602.2778294086 10.28014 7.25580 2.68368 -0.07873 0.79921 0.16416 0.57281
1403638602.3778295517 10.34919 7.40512 2.69408 -0.10120 0.78823 0.17695 0.58063
1403638602.4778294563 10.41104 7.55597 2.71449 -0.13587 0.76623 0.18373 0.60056
1403638602.5778295994 10.46081 7.69984 2.74239 -0.17093 0.74453 0.18901 0.61703
1403638602.6778295040 10.49585 7.82982 2.77519 -0.19161 0.73426 0.20267 0.61893
1403638602.7778294086 10.51264 7.94165 2.81276 -0.20276 0.72996 0.22260 0.61359
1403638602.8778295517 10.50833 8.03388 2.85328 -0.21386 0.72651 0.24254 0.60632
1403638602.9778294563 10.48954 8.11272 2.89661 -0.23358 0.72654 0.25813 0.59241
1403638603.0778295994 10.46222 8.17860 2.93786 -0.25261 0.72149 0.27298 0.58406
1403638603.1778295040 10.43027 8.23298 2.97252 -0.26490 0.71416 0.28746 0.58067
1403638603.2778294086 10.39083 8.27426 2.99466 -0.26319 0.72164 0.30448 0.56326
1403638603.3778295517 10.34496 8.30302 3.00810 -0.25662 0.73454 0.31854 0.54142
1403638603.4778294563 10.29614 8.32562 3.01634 -0.25334 0.74296 0.32527 0.52728
1403638603.5778295994 10.24995 8.34680 3.02392 -0.25470 0.74092 0.32926 0.52702
1403638603.6778295040 10.20233 8.37064 3.02878 -0.25606 0.73375 0.33090 0.53530
1403638603.7778294086 10.15492 8.38410 3.02278 -0.24948 0.72518 0.33717 0.54607
1403638603.8778295517 10.10032 8.39914 3.01490 -0.24189 0.71822 0.34151 0.55590
1403638603.9778294563 10.03858 8.41262 3.00192 -0.23593 0.71207 0.34388 0.56483
1403638604.0778295994 9.96936 8.41725 2.97918 -0.22974 0.70865 0.34657 0.57002
1403638604.1778295040 9.88946 8.42261 2.96635 -0.22839 0.70842 0.34752 0.57027
1403638604.2778294086 9.79728 8.42096 2.95478 -0.23482 0.71229 0.34354 0.56522
1403638604.3778295517 9.69512 8.41446 2.95427 -0.24056 0.72004 0.34045 0.55476
1403638604.4778294563 9.58643 8.40354 2.95872 -0.23871 0.72798 0.34185 0.54425
1403638604.5778295994 9.47434 8.39204 2.96808 -0.23678 0.73276 0.34283 0.53803
1403638604.6778295040 9.35880 8.37967 2.97266 -0.23934 0.73604 0.34095 0.53359
1403638604.7778294086 9.24254 8.36466 2.97331 -0.24333 0.73802 0.33829 0.53074
1403638604.8778295517 9.12710 8.34509 2.97405 -0.24449 0.74113 0.33780 0.52616
1403638604.9778294563 9.01414 8.32195 2.97882 -0.24238 0.74709 0.33976 0.51737
1403638605.0778295994 8.90298 8.29931 2.98976 -0.24008 0.75354 0.34162 0.50778
1403638605.1778295040 8.79567 8.27762 3.00895 -0.23783 0.75751 0.34351 0.50162
1403638605.2778294086 8.69412 8.26168 3.03041 -0.23414 0.75842 0.34617 0.50015
1403638605.3778295517 8.59747 8.25009 3.04778 -0.22806 0.75388 0.35061 0.50668
1403638605.4778294563 8.50309 8.24499 3.06061 -0.22058 0.74398 0.35632 0.52045
1403638605.5778295994 8.41004 8.24085 3.06769 -0.21512 0.73573 0.36107 0.53109
1403638605.6778295040 8.31427 8.24098 3.07034 -0.21065 0.73000 0.36491 0.53811
1403638605.7778294086 8.21086 8.24583 3.07606 -0.20920 0.72906 0.36638 0.53895
1403638605.8778295517 8.10180 8.25797 3.09163 -0.20651 0.72908 0.36813 0.53878
1403638605.9778294563 7.98789 8.27499 3.11323 -0.20273 0.72829 0.37044 0.53970
1403638606.0778295994 7.86609 8.30049 3.13325 -0.20009 0.72851 0.37129 0.53981
1403638606.1778295040 7.73689 8.32715 3.14495 -0.19700 0.72812 0.37320 0.54014
1403638606.2778294086 7.60263 8.36518 3.15174 -0.19484 0.72939 0.37367 0.53889
1403638606.3778295517 7.46039 8.40538 3.14648 -0.20085 0.73758 0.36904 0.52863
1403638606.4778294563 7.31309 8.45207 3.13500 -0.20943 0.74746 0.36242 0.51584
1403638606.5778295994 7.16672 8.50480 3.11748 -0.21674 0.75575 0.35787 0.50378
1403638606.6778295040 7.02469 8.56582 3.09484 -0.22246 0.75880 0.35994 0.49516
1403638606.7778294086 6.88945 8.63506 3.06661 -0.22749 0.75875 0.36898 0.48621
1403638606.8778295517 6.76005 8.71066 3.03706 -0.23626 0.75526 0.38149 0.47773
1403638606.9778294563 6.63701 8.79368 3.01346 -0.24740 0.74823 0.39686 0.47058
1403638607.0778295994 6.52158 8.88347 3.00120 -0.26152 0.73973 0.41121 0.46402
1403638607.1778295040 6.41511 8.98059 2.99735 -0.27789 0.73026 0.41819 0.46326
1403638607.2778294086 6.31619 9.08167 2.99380 -0.29149 0.71695 0.42267 0.47155
1403638607.3778295517 6.21984 9.18478 2.98297 -0.30391 0.70871 0.42289 0.47595
1403638607.4778294563 6.12906 9.28740 2.96301 -0.30949 0.70581 0.42414 0.47555
1403638607.5778295994 6.04255 9.38707 2.93618 -0.31118 0.70496 0.42559 0.47443
1403638607.6778295040 5.95916 9.48395 2.90614 -0.31257 0.70337 0.42566 0.47580
1403638607.7778294086 5.88097 9.57926 2.87250 -0.31077 0.70200 0.42614 0.47856
1403638607.8778295517 5.80437 9.67275 2.83441 -0.31179 0.70428 0.42393 0.47650
1403638607.9778294563 5.73487 9.76194 2.79225 -0.31406 0.70868 0.42049 0.47151
1403638608.0778295994 5.67005 9.85077 2.74513 -0.31473 0.70745 0.41782 0.47527
1403638608.1778295040 5.61172 9.93383 2.69288 -0.31102 0.70433 0.41836 0.48183
1403638608.2778294086 5.55732 10.01270 2.63766 -0.30972 0.69971 0.41793 0.48971
1403638608.3778295517 5.50728 10.08388 2.57521 -0.31038 0.69364 0.41701 0.49864
1403638608.4778294563 5.45491 10.15407 2.50977 -0.31067 0.69348 0.41675 0.49888
1403638608.5778295994 5.40527 10.21533 2.43590 -0.30929 0.69472 0.41752 0.49738
1403638608.6778295040 5.35013 10.27795 2.36854 -0.31458 0.69198 0.41363 0.50111
1403638608.7778294086 5.29869 10.32927 2.30323 -0.31528 0.69191 0.41350 0.50088
1403638608.8778295517 5.24927 10.37327 2.24331 -0.31436 0.69510 0.41507 0.49571
1403638608.9778294563 5.19667 10.41468 2.19299 -0.31356 0.69920 0.41590 0.48972
1403638609.0778295994 5.14707 10.45075 2.14733 -0.31318 0.70181 0.41646 0.48575
1403638609.1778295040 5.09696 10.48406 2.10831 -0.31506 0.70219 0.41501 0.48521
1403638609.2778294086 5.04515 10.51521 2.06862 -0.32269 0.70230 0.40896 0.48517
1403638609.3778295517 5.00377 10.54025 2.02258 -0.32166 0.70247 0.40956 0.48511
1403638609.4778294563 4.95721 10.56506 1.96740 -0.31763 0.70260 0.41137 0.48605
1403638609.5778295994 4.92107 10.58083 1.90771 -0.31429 0.70250 0.41341 0.48664
1403638609.6778295040 4.87922 10.60295 1.83909 -0.31186 0.70165 0.41449 0.48850
1403638609.7778294086 4.84826 10.61298 1.77419 -0.31082 0.70166 0.41528 0.48848
1403638609.8778295517 4.81571 10.62832 1.71311 -0.31125 0.70194 0.41467 0.48831
1403638609.9778294563 4.78769 10.63253 1.66248 -0.31225 0.70136 0.41380 0.48925
1403638610.0778295994 4.75927 10.63992 1.61950 -0.31535 0.69931 0.41073 0.49277
1403638610.1778295040 4.73504 10.63943 1.58133 -0.31640 0.69620 0.40976 0.49728
1403638610.2778294086 4.71187 10.63427 1.53856 -0.31879 0.69485 0.40769 0.49934
1403638610.3778295517 4.68880 10.62453 1.48897 -0.31959 0.69449 0.40691 0.49996
1403638610.4778294563 4.66105 10.61149 1.43317 -0.31931 0.69314 0.40572 0.50298
1403638610.5778295994 4.63888 10.59180 1.37586 -0.32192 0.68793 0.40356 0.51016
1403638610.6778295040 4.61595 10.56437 1.31815 -0.32616 0.68288 0.40049 0.51663
1403638610.7778294086 4.59082 10.52577 1.26244 -0.32389 0.68818 0.40316 0.50888
1403638610.8778295517 4.56316 10.48048 1.21401 -0.32028 0.69447 0.40694 0.49953
1403638610.9778294563 4.53624 10.43820 1.17297 -0.32064 0.69513 0.40696 0.49837
1403638611.0778295994 4.50873 10.38728 1.12911 -0.32355 0.69244 0.40473 0.50202
1403638611.1778295040 4.48881 10.32896 1.08338 -0.32493 0.69147 0.40504 0.50223
1403638611.2778294086 4.46864 10.26409 1.03685 -0.32440 0.69107 0.40610 0.50226
1403638611.3778295517 4.44815 10.19187 0.99538 -0.31794 0.68873 0.41076 0.50580
1403638611.4778294563 4.41869 10.11958 0.95694 -0.30532 0.68491 0.41841 0.51245
1403638611.5778295994 4.39200 10.03925 0.92853 -0.29648 0.68455 0.42374 0.51374
1403638611.6778295040 4.35926 9.96211 0.90569 -0.29469 0.68716 0.42420 0.51090
1403638611.7778294086 4.32407 9.88451 0.88119 -0.30037 0.69304 0.41984 0.50319
1403638611.8778295517 4.28859 9.80246 0.85132 -0.30574 0.69854 0.41543 0.49597
1403638611.9778294563 4.25328 9.72367 0.81775 -0.30847 0.70197 0.41274 0.49166
1403638612.0778295994 4.21932 9.64378 0.78511 -0.30799 0.70397 0.41238 0.48940
1403638612.1778295040 4.18716 9.55990 0.75897 -0.30949 0.70520 0.41080 0.48801
1403638612.2778294086 4.16086 9.48104 0.74375 -0.31005 0.70530 0.41014 0.48807
1403638612.3778295517 4.13416 9.39687 0.73105 -0.30837 0.70486 0.41077 0.48923
1403638612.4778294563 4.11171 9.31190 0.71562 -0.30778 0.70365 0.41019 0.49183
1403638612.5778295994 4.08830 9.22517 0.69369 -0.30487 0.70147 0.41084 0.49619
1403638612.6778295040 4.06528 9.13884 0.66557 -0.29902 0.69960 0.41345 0.50021
1403638612.7778294086 4.04369 9.05314 0.63137 -0.29618 0.69865 0.41359 0.50309
1403638612.8778295517 4.01716 8.96588 0.59739 -0.29639 0.69746 0.41141 0.50641
1403638612.9778294563 3.99158 8.87604 0.56695 -0.29757 0.69799 0.40969 0.50638
1403638613.0778295994 3.96057 8.78968 0.54547 -0.29829 0.70074 0.40853 0.50308
1403638613.1778295040 3.92590 8.70218 0.53126 -0.29791 0.70310 0.40827 0.50021
1403638613.2778294086 3.89138 8.61294 0.52380 -0.29720 0.70340 0.40867 0.49989
1403638613.3778295517 3.85477 8.52505 0.52290 -0.29650 0.70291 0.40921 0.50055
1403638613.4778294563 3.81873 8.43413 0.52048 -0.29720 0.70223 0.40839 0.50176
1403638613.5778295994 3.78167 8.34692 0.51157 -0.29642 0.70340 0.40418 0.50398
1403638613.6778295040 3.74353 8.25983 0.49651 -0.30028 0.70388 0.39761 0.50625
1403638613.7778294086 3.70179 8.16797 0.47409 -0.30395 0.70244 0.39009 0.51188
1403638613.8778295517 3.66419 8.07481 0.44398 -0.30090 0.70448 0.38219 0.51682
1403638613.9778294563 3.61946 7.97402 0.40882 -0.29306 0.71034 0.37217 0.52060
1403638614.0778295994 3.57481 7.87250 0.37110 -0.28088 0.71830 0.36016 0.52482
1403638614.1778295040 3.52710 7.76538 0.33276 -0.26599 0.72843 0.34702 0.52746
1403638614.2778294086 3.47916 7.65437 0.29854 -0.25494 0.73711 0.33339 0.52964
1403638614.3778295517 3.42899 7.54336 0.26920 -0.24630 0.74361 0.32376 0.53062
1403638614.4778294563 3.37836 7.43364 0.24931 -0.24286 0.74814 0.31467 0.53131
1403638614.5778295994 3.32895 7.32221 0.23792 -0.23906 0.75241 0.30621 0.53195
1403638614.6778295040 3.28291 7.21228 0.23373 -0.23617 0.75735 0.29403 0.53310
1403638614.7778294086 3.23813 7.10190 0.24046 -0.23446 0.76686 0.27710 0.52931
1403638614.8778295517 3.19497 6.98961 0.25595 -0.22689 0.77761 0.25915 0.52601
1403638614.9778294563 3.15862 6.87436 0.27816 -0.21382 0.78642 0.23975 0.52758
1403638615.0778295994 3.13043 6.75673 0.30638 -0.19577 0.79342 0.21887 0.53315
1403638615.1778295040 3.10944 6.63948 0.34133 -0.17415 0.79650 0.19679 0.54455
1403638615.2778294086 3.09272 6.52008 0.38071 -0.14890 0.79857 0.17545 0.55618
1403638615.3778295517 3.07723 6.40365 0.41711 -0.12725 0.80194 0.15014 0.56405
1403638615.4778294563 3.06221 6.28774 0.44750 -0.10667 0.80475 0.12434 0.57057
1403638615.5778295994 3.04527 6.17027 0.47015 -0.08938 0.80778 0.10005 0.57401
1403638615.6778295040 3.02677 6.05278 0.48822 -0.07603 0.80968 0.08273 0.57601
1403638615.7778294086 3.00706 5.93837 0.51179 -0.06817 0.81083 0.07021 0.57704
1403638615.8778295517 2.98462 5.82448 0.54248 -0.06289 0.81189 0.05831 0.57747
1403638615.9778294563 2.96339 5.71145 0.57186 -0.05569 0.81339 0.04627 0.57720
1403638616.0778295994 2.94135 5.59603 0.59476 -0.04687 0.81394 0.03390 0.57806
1403638616.1778295040 2.91875 5.47904 0.60485 -0.03725 0.81507 0.01975 0.57782
1403638616.2778294086 2.89524 5.36183 0.59752 -0.02675 0.81590 0.00145 0.57757
1403638616.3778295517 2.87112 5.24208 0.57504 -0.01372 0.81633 -0.01785 0.57715
1403638616.4778294563 2.84631 5.12114 0.54423 -0.00351 0.81653 -0.03574 0.57618
1403638616.5778295994 2.82127 5.00085 0.51029 0.00549 0.81798 -0.04818 0.57320
1403638616.6778295040 2.79722 4.88074 0.47260 0.01077 0.82247 -0.05777 0.56576
1403638616.7778294086 2.77421 4.76068 0.43061 0.00718 0.83075 -0.06806 0.55242
1403638616.8778295517 2.75717 4.64019 0.38812 0.00275 0.83637 -0.07485 0.54302
1403638616.9778294563 2.74805 4.51634 0.35427 0.00773 0.83467 -0.07246 0.54591
1403638617.0778295994 2.74437 4.38654 0.33081 0.01315 0.83114 -0.06742 0.55181
1403638617.1778295040 2.74361 4.25318 0.31666 0.01904 0.82848 -0.06049 0.55642
1403638617.2778294086 2.74597 4.11920 0.30788 0.02057 0.83105 -0.05582 0.55301
1403638617.3778295517 2.75264 3.98659 0.30446 0.02013 0.83520 -0.05292 0.54702
1403638617.4778294563 2.76550 3.85748 0.30914 0.01980 0.83807 -0.04959 0.54294
1403638617.5778295994 2.78452 3.73087 0.32130 0.01962 0.83884 -0.04647 0.54203
1403638617.6778295040 2.81068 3.60713 0.34135 0.02079 0.83751 -0.04225 0.54438
1403638617.7778294086 2.84429 3.48666 0.37018 0.02091 0.83598 -0.03943 0.54695
1403638617.8778295517 2.88197 3.36979 0.40476 0.02204 0.83600 -0.03587 0.54711
1403638617.9778294563 2.92554 3.25854 0.44387 0.02017 0.83497 -0.03527 0.54880
1403638618.0778295994 2.97371 3.14914 0.47842 0.01939 0.83465 -0.03382 0.54941
1403638618.1778295040 3.02654 3.04449 0.50706 0.01707 0.83484 -0.03371 0.54919
1403638618.2778294086 3.08196 2.94011 0.52917 0.01754 0.83486 -0.03215 0.54924
1403638618.3778295517 3.14189 2.84264 0.54843 0.01742 0.83425 -0.03114 0.55024
1403638618.4778294563 3.20492 2.74421 0.56376 0.01716 0.83436 -0.02985 0.55014
1403638618.5778295994 3.27271 2.65120 0.57941 0.01830 0.83353 -0.02898 0.55141
1403638618.6778295040 3.34328 2.55698 0.59105 0.02209 0.83338 -0.03195 0.55133
1403638618.7778294086 3.41937 2.46893 0.60898 0.02463 0.83280 -0.03503 0.55192
1403638618.8778295517 3.49830 2.38493 0.63272 0.02769 0.83112 -0.03829 0.55409
1403638618.9778294563 3.57962 2.30219 0.65775 0.03377 0.82697 -0.04709 0.55925
1403638619.0778295994 3.66201 2.22082 0.67499 0.04575 0.82324 -0.06061 0.56260
1403638619.1778295040 3.74485 2.14123 0.68449 0.05943 0.81945 -0.07927 0.56453
1403638619.2778294086 3.82727 2.06542 0.68512 0.07347 0.81514 -0.10320 0.56525
1403638619.3778295517 3.90905 1.99210 0.67628 0.08968 0.81027 -0.12751 0.56494
1403638619.4778294563 3.99037 1.92196 0.66263 0.10024 0.80562 -0.14851 0.56469
1403638619.5778295994 4.07240 1.85499 0.64733 0.10676 0.80164 -0.16407 0.56484
1403638619.6778295040 4.15297 1.79105 0.62901 0.10312 0.79780 -0.18041 0.56598
1403638619.7778294086 4.23102 1.72779 0.60860 0.09960 0.79508 -0.19200 0.56663
1403638619.8778295517 4.30574 1.66221 0.58745 0.09937 0.79278 -0.19848 0.56765
1403638619.9778294563 4.37516 1.59379 0.56133 0.10068 0.79176 -0.20205 0.56759
1403638620.0778295994 4.43939 1.52291 0.54061 0.10295 0.78915 -0.20375 0.57020
1403638620.1778295040 4.49731 1.44826 0.52177 0.10758 0.78601 -0.20252 0.57411
1403638620.2778294086 4.54740 1.37262 0.51478 0.11042 0.78663 -0.20143 0.57311
1403638620.3778295517 4.59169 1.29499 0.51164 0.11308 0.78798 -0.19926 0.57148
1403638620.4778294563 4.63053 1.21676 0.52039 0.11414 0.78930 -0.19723 0.57015
1403638620.5778295994 4.66625 1.13840 0.52247 0.11375 0.79060 -0.19564 0.56898
1403638620.6778295040 4.69770 1.06053 0.52004 0.11087 0.79305 -0.19551 0.56618
1403638620.7778294086 4.72502 0.98121 0.51871 0.10728 0.79664 -0.19581 0.56171
1403638620.8778295517 4.75272 0.89990 0.50688 0.11055 0.79983 -0.19131 0.55808
1403638620.9778294563 4.77811 0.81928 0.49239 0.11513 0.80046 -0.18539 0.55825
1403638621.0778295994 4.80184 0.73696 0.48507 0.11878 0.79923 -0.18009 0.56097
1403638621.1778295040 4.82732 0.65557 0.47489 0.11746 0.79804 -0.17823 0.56353
1403638621.2778294086 4.85444 0.57559 0.47957 0.11773 0.79727 -0.17547 0.56543
1403638621.3778295517 4.87832 0.49890 0.48081 0.11941 0.79820 -0.17241 0.56470
1403638621.4778294563 4.90206 0.42901 0.48564 0.12017 0.79669 -0.17052 0.56724
1403638621.5778295994 4.92458 0.35773 0.47691 0.12016 0.79460 -0.16843 0.57079
1403638621.6778295040 4.94287 0.29213 0.46344 0.11987 0.79367 -0.16734 0.57246
1403638621.7778294086 4.95816 0.23613 0.45149 0.12113 0.79222 -0.16624 0.57452
1403638621.8778295517 4.97104 0.17605 0.43073 0.12302 0.78889 -0.16432 0.57924
1403638621.9778294563 4.97887 0.12337 0.40726 0.12350 0.78639 -0.16365 0.58272
1403638622.0778295994 4.98079 0.08348 0.38363 0.12233 0.78603 -0.16488 0.58310
1403638622.1778295040 4.97972 0.03749 0.35293 0.11909 0.78701 -0.16676 0.58191
1403638622.2778294086 4.97313 -0.00233 0.32646 0.11630 0.78633 -0.16913 0.58272
1403638622.3778295517 4.96027 -0.03874 0.30674 0.11690 0.78724 -0.16960 0.58122
1403638622.4778294563 4.93901 -0.06280 0.30003 0.12073 0.78801 -0.16814 0.57982
1403638622.5778295994 4.91724 -0.09548 0.29630 0.12407 0.78784 -0.16673 0.57975
1403638622.6778295040 4.88704 -0.11607 0.30312 0.12795 0.78371 -0.16498 0.58499
1403638622.7778294086 4.85672 -0.13845 0.31910 0.13087 0.77262 -0.16341 0.59935
1403638622.8778295517 4.81854 -0.15335 0.34171 0.13251 0.76787 -0.16297 0.60519
1403638622.9778294563 4.77151 -0.16196 0.36213 0.13083 0.77171 -0.16541 0.60000
1403638623.0778295994 4.71641 -0.16656 0.37320 0.12687 0.77812 -0.16887 0.59153
1403638623.1778295040 4.65435 -0.16573 0.37960 0.12160 0.78196 -0.17258 0.58648
1403638623.2778294086 4.58273 -0.15942 0.38173 0.11826 0.78523 -0.17499 0.58207
1403638623.3778295517 4.51217 -0.15679 0.37957 0.11578 0.78782 -0.17663 0.57856
1403638623.4778294563 4.43300 -0.15036 0.37286 0.11623 0.78940 -0.17649 0.57636
1403638623.5778295994 4.35671 -0.14486 0.36986 0.11744 0.78962 -0.17573 0.57604
1403638623.6778295040 4.27298 -0.13811 0.37319 0.11873 0.79003 -0.17518 0.57538
1403638623.7778294086 4.18939 -0.13060 0.38475 0.12085 0.79112 -0.17490 0.57352
1403638623.8778295517 4.10104 -0.12108 0.40077 0.12215 0.79227 -0.17492 0.57165
1403638623.9778294563 4.00814 -0.11020 0.41310 0.12368 0.79329 -0.17539 0.56976
1403638624.0778295994 3.91671 -0.09718 0.42226 0.12196 0.79350 -0.17814 0.56899
1403638624.1778295040 3.82441 -0.08304 0.42464 0.11968 0.79324 -0.18051 0.56909
1403638624.2778294086 3.73000 -0.06784 0.42323 0.11767 0.79278 -0.18312 0.56931
1403638624.3778295517 3.63655 -0.05369 0.41867 0.11726 0.79221 -0.18487 0.56963
1403638624.4778294563 3.54685 -0.03679 0.41106 0.11900 0.79194 -0.18528 0.56951
1403638624.5778295994 3.44939 -0.02253 0.39790 0.11456 0.78352 -0.18986 0.58046
1403638624.6778295040 3.35115 -0.00912 0.38352 0.11639 0.77934 -0.18743 0.58647
1403638624.7778294086 3.25624 0.00696 0.37379 0.12151 0.78556 -0.17764 0.58015
1403638624.8778295517 3.14868 0.02451 0.36937 0.12287 0.79170 -0.16950 0.57392
1403638624.9778294563 3.05290 0.04335 0.37467 0.11586 0.79507 -0.16767 0.57125
1403638625.0778295994 2.95574 0.06155 0.38102 0.10840 0.79615 -0.16699 0.57141
1403638625.1778295040 2.84800 0.08164 0.38008 0.10220 0.79697 -0.16724 0.57133
1403638625.2778294086 2.75088 0.09749 0.37989 0.10033 0.79794 -0.16594 0.57070
1403638625.3778295517 2.64372 0.11489 0.37387 0.09934 0.79802 -0.16500 0.57102
1403638625.4778294563 2.54602 0.12690 0.37916 0.09840 0.79762 -0.16484 0.57179
1403638625.5778295994 2.43963 0.14126 0.38465 0.09917 0.79812 -0.16413 0.57116
1403638625.6778295040 2.33531 0.15327 0.39755 0.09936 0.79969 -0.16411 0.56894
1403638625.7778294086 2.23058 0.16231 0.41641 0.09803 0.80426 -0.16536 0.56233
1403638625.8778295517 2.12663 0.17361 0.42563 0.09828 0.80676 -0.16594 0.55852
1403638625.9778294563 2.02167 0.17659 0.43505 0.09908 0.80726 -0.16602 0.55763
1403638626.0778295994 1.92338 0.18206 0.43510 0.09755 0.80847 -0.16785 0.55560
1403638626.1778295040 1.82314 0.18132 0.43440 0.09750 0.80894 -0.16814 0.55484
1403638626.2778294086 1.73081 0.18237 0.42673 0.10054 0.80751 -0.16675 0.55679
1403638626.3778295517 1.63091 0.18014 0.41806 0.10828 0.80579 -0.16125 0.55945
1403638626.4778294563 1.54330 0.18062 0.40465 0.11078 0.80464 -0.15909 0.56123
1403638626.5778295994 1.44813 0.17900 0.39042 0.11116 0.80704 -0.15802 0.55800
1403638626.6778295040 1.36473 0.18063 0.37603 0.10992 0.80895 -0.15850 0.55534
1403638626.7778294086 1.28235 0.18272 0.36563 0.10717 0.81283 -0.16022 0.54969
1403638626.8778295517 1.19724 0.18078 0.36510 0.10630 0.81561 -0.15981 0.54584
1403638626.9778294563 1.11994 0.17957 0.37111 0.10537 0.81659 -0.15981 0.54455
1403638627.0778295994 1.05443 0.18071 0.37418 0.10471 0.81677 -0.15943 0.54453
1403638627.1778295040 0.98912 0.17785 0.37287 0.10381 0.81678 -0.15921 0.54475
1403638627.2778294086 0.93458 0.17593 0.36932 0.10508 0.81694 -0.15784 0.54467
1403638627.3778295517 0.88364 0.17399 0.36285 0.10708 0.81646 -0.15592 0.54554
1403638627.4778294563 0.83724 0.17229 0.35295 0.10725 0.81690 -0.15560 0.54493
1403638627.5778295994 0.79556 0.17029 0.34190 0.10847 0.81585 -0.15515 0.54639
1403638627.6778295040 0.75989 0.16638 0.32655 0.11046 0.81290 -0.15427 0.55064
1403638627.7778294086 0.72982 0.16560 0.31410 0.11222 0.81119 -0.15337 0.55304
1403638627.8778295517 0.70008 0.16685 0.29963 0.11316 0.81062 -0.15334 0.55369
1403638627.9778294563 0.67013 0.16902 0.28569 0.11345 0.81264 -0.15347 0.55064
1403638628.0778295994 0.64758 0.17076 0.26534 0.11423 0.81365 -0.15374 0.54889
1403638628.1778295040 0.62577 0.17338 0.25515 0.11509 0.81433 -0.15417 0.54758
1403638628.2778294086 0.61123 0.17934 0.24500 0.11516 0.81462 -0.15484 0.54695
1403638628.3778295517 0.59921 0.18386 0.22967 0.11364 0.81502 -0.15628 0.54626
1403638628.4778294563 0.59162 0.19280 0.22669 0.10780 0.81224 -0.16089 0.55023
1403638628.5778295994 0.58842 0.20199 0.22621 0.09999 0.80506 -0.16655 0.56048
1403638628.6778295040 0.58584 0.20962 0.22700 0.09461 0.80102 -0.17051 0.56598
1403638628.7778294086 0.58816 0.21902 0.21686 0.09675 0.80201 -0.16984 0.56442
1403638628.8778295517 0.57959 0.22223 0.20922 0.10121 0.80270 -0.16701 0.56350
1403638628.9778294563 0.57149 0.22474 0.19794 0.10617 0.80341 -0.16397 0.56247
1403638629.0778295994 0.56256 0.22842 0.18825 0.11100 0.80458 -0.16046 0.56087
1403638629.1778295040 0.54495 0.23420 0.17684 0.11343 0.80555 -0.15830 0.55962
1403638629.2778294086 0.53404 0.23986 0.17200 0.11402 0.80584 -0.15749 0.55930
1403638629.3778295517 0.52137 0.24942 0.16306 0.11489 0.80868 -0.15759 0.55498
1403638629.4778294563 0.51524 0.25802 0.16020 0.11349 0.81301 -0.15932 0.54840
1403638629.5778295994 0.51660 0.26619 0.15761 0.10988 0.81591 -0.16220 0.54398
1403638629.6778295040 0.52290 0.27246 0.15887 0.09897 0.81369 -0.17052 0.54685
1403638629.7778294086 0.53046 0.27641 0.16200 0.09234 0.80800 -0.17580 0.55471
1403638629.8778295517 0.53799 0.27722 0.16131 0.09085 0.80154 -0.17738 0.56375
1403638629.9778294563 0.54380 0.27426 0.15270 0.10191 0.79607 -0.17046 0.57169
1403638630.0778295994 0.54595 0.27082 0.13420 0.11114 0.79263 -0.16425 0.57655
1403638630.1778295040 0.54555 0.26888 0.10569 0.11545 0.79546 -0.16091 0.57273
1403638630.2778294086 0.54153 0.26819 0.07109 0.11609 0.79997 -0.16036 0.56644
1403638630.3778295517 0.54270 0.27116 0.04510 0.11180 0.81932 -0.16152 0.53864
1403638630.4778294563 0.55459 0.27195 0.05608 0.11151 0.80138 -0.15979 0.56553
1403638630.5778295994 0.56473 0.27268 0.05445 0.11108 0.80066 -0.16089 0.56632
1403638630.6778295040 0.57181 0.27348 0.03195 0.10812 0.81958 -0.15803 0.54002
1403638630.7778294086 0.57268 0.26615 0.02845 0.11036 0.82656 -0.15231 0.53049
1403638630.8778295517 0.56651 0.26525 0.02376 0.10548 0.82531 -0.15329 0.53314
1403638630.9778294563 0.56182 0.26531 0.02075 0.10559 0.82520 -0.15346 0.53324
1403638631.0778295994 0.55531 0.26579 0.01645 0.10624 0.82528 -0.15294 0.53314
1403638631.1778295040 0.54914 0.26584 0.01225 0.10609 0.82531 -0.15312 0.53308
1403638631.2778294086 0.54223 0.26596 0.00855 0.10592 0.82535 -0.15305 0.53306
1403638631.3778295517 0.53544 0.26600 0.00516 0.10562 0.82539 -0.15320 0.53301
1403638631.4778294563 0.52876 0.26600 0.00206 0.10535 0.82529 -0.15342 0.53315
1403638631.5778295994 0.52190 0.26596 -0.00115 0.10520 0.82525 -0.15344 0.53325
1403638631.6778295040 0.51502 0.26559 -0.00417 0.10484 0.82519 -0.15378 0.53331
