1403638523.0778295994 0.01188 0.00325 0.34390 -0.07317 0.80518 0.01824 0.58821
1403638523.1778295040 0.00720 -0.00020 0.36659 -0.07201 0.80386 0.01844 0.59016
1403638523.2778294086 -0.00237 -0.00766 0.35518 -0.06264 0.80098 0.01829 0.59513
1403638523.3778295517 -0.01049 -0.01249 0.31804 -0.05796 0.79954 0.01732 0.59756
1403638523.4778294563 -0.01591 -0.01729 0.25954 -0.05333 0.80296 0.01995 0.59331
1403638523.5778295994 -0.02841 -0.02349 0.20189 -0.04602 0.81200 0.02408 0.58134
1403638523.6778295040 -0.04029 -0.02723 0.14092 -0.04032 0.82118 0.02788 0.56857
1403638523.7778294086 -0.04929 -0.03067 0.08220 -0.03659 0.82577 0.03079 0.56197
1403638523.8778295517 -0.06054 -0.03331 0.02745 -0.03322 0.82629 0.03369 0.56125
1403638523.9778294563 -0.06839 -0.03452 -0.01505 -0.02299 0.82631 0.03899 0.56140
1403638524.0778295994 -0.07286 -0.03647 -0.03671 -0.01593 0.82934 0.04735 0.55650
1403638524.1778295040 -0.07493 -0.03773 -0.03132 -0.01650 0.83385 0.05230 0.54926
1403638524.2778294086 -0.07693 -0.03752 0.00143 -0.02252 0.83482 0.05329 0.54748
1403638524.3778295517 -0.07890 -0.03748 0.04763 -0.03179 0.83199 0.05169 0.55146
1403638524.4778294563 -0.06416 -0.03984 0.03635 -0.03863 0.82645 0.04952 0.55949
1403638524.5778295994 -0.05448 -0.03830 0.08858 -0.04147 0.81785 0.04795 0.57193
1403638524.6778295040 -0.04242 -0.03572 0.13938 -0.03717 0.81160 0.04228 0.58150
1403638524.7778294086 -0.03136 -0.02884 0.18080 -0.02410 0.80798 0.03689 0.58756
1403638524.8778295517 -0.02143 -0.02643 0.20343 -0.02026 0.80672 0.03411 0.58960
1403638524.9778294563 -0.01880 -0.02323 0.20497 -0.02669 0.80527 0.03647 0.59118
1403638525.0778295994 -0.02202 -0.02082 0.18384 -0.02430 0.80249 0.03994 0.59484
1403638525.1778295040 -0.02439 -0.01728 0.14297 -0.02183 0.80096 0.04452 0.59666
1403638525.2778294086 -0.01362 -0.01776 0.10217 -0.02208 0.80392 0.04970 0.59224
1403638525.3778295517 -0.02185 -0.01503 0.03889 -0.02444 0.81275 0.05462 0.57954
1403638525.4778294563 -0.03337 -0.01097 -0.02454 -0.03276 0.82495 0.05650 0.56142
1403638525.5778295994 -0.04591 -0.00945 -0.07652 -0.03873 0.83398 0.05588 0.54759
1403638525.6778295040 -0.04921 -0.01176 -0.11760 -0.03986 0.83696 0.05298 0.54323
1403638525.7778294086 -0.04879 -0.01293 -0.15339 -0.03713 0.83544 0.04709 0.54630
1403638525.8778295517 -0.04519 -0.01835 -0.18241 -0.03041 0.83183 0.04286 0.55253
1403638525.9778294563 -0.04190 -0.03071 -0.20104 -0.02230 0.83055 0.04186 0.55493
1403638526.0778295994 -0.03792 -0.05738 -0.20761 -0.01830 0.83231 0.04002 0.55257
1403638526.1778295040 -0.03379 -0.09160 -0.20060 -0.01667 0.83486 0.03110 0.54933
1403638526.2778294086 -0.03250 -0.12864 -0.18378 -0.01327 0.83405 0.02219 0.55108
1403638526.3778295517 -0.03625 -0.16809 -0.16675 -0.01094 0.82997 0.01368 0.55753
1403638526.4778294563 -0.04324 -0.21047 -0.15455 -0.00957 0.82487 0.00270 0.56524
1403638526.5778295994 -0.05252 -0.25874 -0.14795 -0.00820 0.81950 -0.00822 0.57296
1403638526.6778295040 -0.06351 -0.31619 -0.14282 -0.00386 0.81434 -0.01646 0.58014
1403638526.7778294086 -0.07496 -0.37868 -0.13663 0.00455 0.81133 -0.02185 0.58417
1403638526.8778295517 -0.08303 -0.43813 -0.12516 0.01277 0.81085 -0.02510 0.58458
1403638526.9778294563 -0.09825 -0.51095 -0.12155 0.01589 0.81376 -0.03078 0.58017
1403638527.0778295994 -0.11698 -0.57231 -0.11722 0.02343 0.81825 -0.04378 0.57271
1403638527.1778295040 -0.13401 -0.62284 -0.11301 0.03134 0.81996 -0.05901 0.56851
1403638527.2778294086 -0.14761 -0.66134 -0.10893 0.04235 0.81689 -0.07251 0.57064
1403638527.3778295517 -0.14811 -0.69237 -0.10783 0.05762 0.81173 -0.08116 0.57549
1403638527.4778294563 -0.14924 -0.69503 -0.10900 0.06815 0.80798 -0.08567 0.57895
1403638527.5778295994 -0.14542 -0.67638 -0.11306 0.07144 0.80718 -0.08697 0.57947
1403638527.6778295040 -0.12933 -0.62555 -0.12012 0.07046 0.80760 -0.08364 0.57950
1403638527.7778294086 -0.12356 -0.57658 -0.12650 0.06543 0.80878 -0.07649 0.57943
1403638527.8778295517 -0.11779 -0.51923 -0.13065 0.05199 0.81178 -0.07172 0.57720
1403638527.9778294563 -0.11363 -0.47519 -0.12633 0.04219 0.81275 -0.06701 0.57721
1403638528.0778295994 -0.08960 -0.40939 -0.13073 0.03653 0.81147 -0.06026 0.58012
1403638528.1778295040 -0.07202 -0.33165 -0.13855 0.02831 0.81164 -0.05239 0.58111
1403638528.2778294086 -0.04719 -0.27978 -0.14628 0.01654 0.81315 -0.04213 0.58029
1403638528.3778295517 -0.02054 -0.24075 -0.15481 0.00982 0.81278 -0.03418 0.58149
1403638528.4778294563 0.01271 -0.21337 -0.16159 0.01184 0.81197 -0.03111 0.58275
1403638528.5778295994 0.04839 -0.19472 -0.16673 0.01361 0.81385 -0.03581 0.57981
1403638528.6778295040 0.06916 -0.17744 -0.17285 0.01290 0.81482 -0.04361 0.57792
1403638528.7778294086 0.08386 -0.16579 -0.17535 0.01835 0.81362 -0.04892 0.57905
1403638528.8778295517 0.08271 -0.15614 -0.17452 0.01494 0.81231 -0.05650 0.58029
1403638528.9778294563 0.09878 -0.15684 -0.16286 0.00879 0.81228 -0.06360 0.57973
1403638529.0778295994 0.06047 -0.14171 -0.15222 0.01047 0.81284 -0.06505 0.57875
1403638529.1778295040 0.01463 -0.12017 -0.14862 0.02789 0.81344 -0.05840 0.57803
1403638529.2778294086 -0.04113 -0.09321 -0.15525 0.03998 0.81506 -0.05259 0.57560
1403638529.3778295517 -0.07691 -0.05320 -0.16834 0.04456 0.82036 -0.04864 0.56804
1403638529.4778294563 -0.08511 -0.03639 -0.19460 0.04328 0.83074 -0.04640 0.55303
1403638529.5778295994 -0.09492 -0.02208 -0.22355 0.04104 0.84122 -0.04376 0.53735
1403638529.6778295040 -0.09890 -0.01063 -0.25337 0.04257 0.84524 -0.04106 0.53110
1403638529.7778294086 -0.10239 -0.00294 -0.28215 0.04194 0.84165 -0.04032 0.53688
1403638529.8778295517 -0.10435 0.00023 -0.30856 0.04053 0.83514 -0.04121 0.54699
1403638529.9778294563 -0.10120 0.00370 -0.32890 0.04007 0.83246 -0.04131 0.55108
1403638530.0778295994 -0.09418 0.00640 -0.34810 0.04066 0.83376 -0.04180 0.54904
1403638530.1778295040 -0.08538 0.00622 -0.36505 0.04169 0.83534 -0.04622 0.54620
1403638530.2778294086 -0.08751 0.00945 -0.38155 0.04406 0.83457 -0.05229 0.54665
1403638530.3778295517 -0.07895 0.00688 -0.39772 0.04669 0.83376 -0.05751 0.54713
1403638530.4778294563 -0.06746 0.00286 -0.40919 0.04702 0.83346 -0.06133 0.54715
1403638530.5778295994 -0.05641 -0.00144 -0.41700 0.04630 0.83343 -0.06461 0.54688
1403638530.6778295040 -0.05390 -0.00310 -0.42483 0.04760 0.83622 -0.06693 0.54221
1403638530.7778294086 -0.07396 0.00853 -0.45465 0.04807 0.83906 -0.06879 0.53752
1403638530.8778295517 -0.07239 0.00880 -0.46134 0.04611 0.83973 -0.06801 0.53675
1403638530.9778294563 -0.06778 0.00533 -0.46570 0.04454 0.83755 -0.06759 0.54033
1403638531.0778295994 -0.08822 0.01281 -0.47767 0.04542 0.83385 -0.06608 0.54613
1403638531.1778295040 -0.08040 0.00921 -0.47506 0.04575 0.83175 -0.06355 0.54960
1403638531.2778294086 -0.10151 0.01960 -0.48516 0.04868 0.83030 -0.06216 0.55169
1403638531.3778295517 -0.13284 0.03231 -0.51355 0.04851 0.82839 -0.06220 0.55457
1403638531.4778294563 -0.16175 0.03995 -0.52444 0.04862 0.82709 -0.06242 0.55647
1403638531.5778295994 -0.19047 0.04843 -0.53534 0.04928 0.82723 -0.06124 0.55634
1403638531.6778295040 -0.22138 0.05770 -0.54634 0.04858 0.82714 -0.06174 0.55648
1403638531.7778294086 -0.25427 0.06737 -0.55734 0.04892 0.82689 -0.06172 0.55681
1403638531.8778295517 -0.28968 0.07779 -0.56875 0.04914 0.82675 -0.06155 0.55703
1403638531.9778294563 -0.32725 0.08879 -0.58054 0.04941 0.82656 -0.06150 0.55729
1403638532.0778295994 -0.36726 0.10105 -0.59271 0.04967 0.82637 -0.06132 0.55757
1403638532.1778295040 -0.40979 0.11428 -0.60504 0.04971 0.82618 -0.06132 0.55785
1403638532.2778294086 -0.45486 0.12869 -0.61753 0.04969 0.82598 -0.06143 0.55813
1403638532.3778295517 -0.50252 0.14423 -0.63030 0.04971 0.82579 -0.06138 0.55843
1403638532.4778294563 -0.55295 0.16024 -0.64332 0.04975 0.82558 -0.06140 0.55872
1403638532.5778295994 -0.60611 0.17766 -0.65672 0.04988 0.82542 -0.06138 0.55895
1403638532.6778295040 -0.66204 0.19568 -0.67031 0.05003 0.82523 -0.06131 0.55922
1403638532.7778294086 -0.72107 0.21486 -0.68421 0.05023 0.82507 -0.06113 0.55947
1403638532.8778295517 -0.78303 0.23502 -0.69845 0.05040 0.82488 -0.06108 0.55973
1403638532.9778294563 -0.84799 0.25652 -0.71286 0.05047 0.82468 -0.06101 0.56003
1403638533.0778295994 -0.91618 0.27894 -0.72763 0.05057 0.82450 -0.06097 0.56029
1403638533.1778295040 -0.98732 0.30278 -0.74266 0.05066 0.82429 -0.06095 0.56059
1403638533.2778294086 -1.06175 0.32772 -0.75792 0.05075 0.82410 -0.06092 0.56087
1403638533.3778295517 -1.13948 0.35374 -0.77355 0.05093 0.82391 -0.06083 0.56114
1403638533.4778294563 -1.22049 0.38088 -0.78943 0.05102 0.82373 -0.06078 0.56140
1403638533.5778295994 -1.30496 0.40973 -0.80556 0.05110 0.82354 -0.06075 0.56167
1403638533.6778295040 -1.39283 0.43985 -0.82211 0.05116 0.82334 -0.06075 0.56196
1403638533.7778294086 -1.48450 0.47077 -0.83896 0.05128 0.82314 -0.06074 0.56224
1403638533.8778295517 -1.58007 0.50309 -0.85582 0.05115 0.82301 -0.06040 0.56249
1403638533.9778294563 -1.67906 0.53480 -0.87401 0.05137 0.82282 -0.06056 0.56273
1403638534.0778295994 -1.78200 0.56854 -0.89231 0.05185 0.82255 -0.06097 0.56304
1403638534.1778295040 -1.88892 0.60586 -0.91030 0.05164 0.82237 -0.06074 0.56334
1403638534.2778294086 -2.00056 0.64488 -0.92776 0.05152 0.82227 -0.06053 0.56352
1403638534.3778295517 -2.11676 0.68677 -0.94543 0.05168 0.82204 -0.06051 0.56384
1403638534.4778294563 -2.23629 0.72273 -0.96572 0.05192 0.82186 -0.06071 0.56406
1403638534.5778295994 -2.35882 0.76193 -0.98710 0.05186 0.82176 -0.06035 0.56425
1403638534.6778295040 -2.48636 0.80525 -1.00804 0.05173 0.82161 -0.06007 0.56450
1403638534.7778294086 -2.61949 0.84934 -1.02870 0.05192 0.82142 -0.05989 0.56478
1403638534.8778295517 -2.75600 0.89244 -1.05140 0.05228 0.82119 -0.06003 0.56508
1403638534.9778294563 -2.89679 0.93742 -1.07471 0.05245 0.82102 -0.06007 0.56530
1403638535.0778295994 -3.04276 0.98455 -1.09784 0.05244 0.82088 -0.06001 0.56551
1403638535.1778295040 -3.19297 1.03505 -1.12114 0.05246 0.82067 -0.05996 0.56582
1403638535.2778294086 -3.34785 1.08688 -1.14504 0.05249 0.82047 -0.05987 0.56611
1403638535.3778295517 -3.50768 1.14060 -1.16883 0.05258 0.82029 -0.05980 0.56638
1403638535.4778294563 -3.67209 1.19609 -1.19291 0.05275 0.82013 -0.05979 0.56660
1403638535.5778295994 -3.84114 1.25291 -1.21759 0.05283 0.81997 -0.05969 0.56683
1403638535.6778295040 -4.01480 1.31225 -1.24267 0.05289 0.81979 -0.05968 0.56709
1403638535.7778294086 -4.19337 1.37307 -1.26835 0.05303 0.81957 -0.05964 0.56739
1403638535.8778295517 -4.37756 1.43387 -1.29438 0.05304 0.81940 -0.05953 0.56765
1403638535.9778294563 -4.56680 1.49719 -1.32079 0.05306 0.81926 -0.05949 0.56785
1403638536.0778295994 -4.76102 1.56353 -1.34730 0.05312 0.81904 -0.05954 0.56816
1403638536.1778295040 -4.96024 1.63136 -1.37434 0.05321 0.81885 -0.05953 0.56842
1403638536.2778294086 -5.16497 1.70023 -1.40158 0.05333 0.81869 -0.05944 0.56866
1403638536.3778295517 -5.37532 1.77022 -1.42878 0.05342 0.81849 -0.05940 0.56894
1403638536.4778294563 -5.59068 1.84242 -1.45664 0.05351 0.81829 -0.05932 0.56922
1403638536.5778295994 -5.81171 1.91646 -1.48469 0.05350 0.81813 -0.05928 0.56947
1403638536.6778295040 -6.03803 1.99319 -1.51319 0.05359 0.81795 -0.05922 0.56973
1403638536.7778294086 -6.27133 2.07265 -1.54205 0.05373 0.81771 -0.05924 0.57005
1403638536.8778295517 -6.50897 2.15391 -1.57126 0.05375 0.81746 -0.05929 0.57039
1403638536.9778294563 -6.75170 2.23695 -1.60119 0.05377 0.81730 -0.05932 0.57063
1403638537.0778295994 -7.00082 2.32091 -1.63199 0.05385 0.81712 -0.05918 0.57089
1403638537.1778295040 -7.25871 2.40917 -1.66340 0.05406 0.81689 -0.05914 0.57120
1403638537.2778294086 -7.51954 2.49832 -1.69465 0.05428 0.81674 -0.05906 0.57140
1403638537.3778295517 -7.78647 2.58825 -1.72640 0.05436 0.81655 -0.05901 0.57167
1403638537.4778294563 -8.05929 2.67990 -1.75875 0.05439 0.81637 -0.05896 0.57194
1403638537.5778295994 -8.33841 2.77260 -1.79191 0.05447 0.81620 -0.05881 0.57218
1403638537.6778295040 -8.62454 2.86584 -1.82575 0.05461 0.81601 -0.05874 0.57245
1403638537.7778294086 -8.91688 2.96202 -1.85993 0.05465 0.81578 -0.05868 0.57278
1403638537.8778295517 -9.21334 3.06082 -1.89479 0.05482 0.81565 -0.05853 0.57296
1403638537.9778294563 -9.51812 3.16273 -1.92996 0.05495 0.81543 -0.05860 0.57326
1403638538.0778295994 -9.82881 3.26646 -1.96572 0.05501 0.81518 -0.05852 0.57361
1403638538.1778295040 -10.14645 3.37055 -2.00192 0.05509 0.81497 -0.05846 0.57391
1403638538.2778294086 -10.46742 3.47859 -2.03935 0.05516 0.81482 -0.05831 0.57413
1403638538.3778295517 -10.79864 3.58764 -2.07715 0.05542 0.81455 -0.05824 0.57449
1403638538.4778294563 -11.13649 3.69735 -2.11492 0.05545 0.81436 -0.05816 0.57478
1403638538.5778295994 -11.48034 3.81118 -2.15362 0.05573 0.81409 -0.05815 0.57512
1403638538.6778295040 -11.83077 3.92785 -2.19296 0.05563 0.81370 -0.05817 0.57569
1403638538.7778294086 -12.18442 4.04239 -2.23418 0.05550 0.81268 -0.05787 0.57716
1403638538.8778295517 -12.55008 4.18535 -2.26858 0.05480 0.81143 -0.05717 0.57906
1403638538.9778294563 -12.94408 4.31339 -2.30085 0.05559 0.80613 -0.05623 0.58643
1403638539.0778295994 -13.11603 4.32943 -2.29476 0.05700 0.80009 -0.05748 0.59439
1403638539.1778295040 -13.30390 4.37898 -2.30328 0.05620 0.79446 -0.05758 0.60196
1403638539.2778294086 -13.58161 4.48334 -2.31590 0.05610 0.79046 -0.05655 0.60731
1403638539.3778295517 -13.86191 4.59075 -2.32670 0.05581 0.79136 -0.05596 0.60622
1403638539.4778294563 -14.13521 4.69254 -2.34041 0.05556 0.79346 -0.05493 0.60359
1403638539.5778295994 -14.35865 4.78461 -2.35212 0.05542 0.79448 -0.05359 0.60238
1403638539.6778295040 -14.75528 4.91848 -2.36008 0.05386 0.79503 -0.05309 0.60184
1403638539.7778294086 -15.01726 5.01652 -2.39800 0.05439 0.79627 -0.05128 0.60031
1403638539.8778295517 -15.41189 5.15678 -2.43791 0.05365 0.79878 -0.05069 0.59708
1403638539.9778294563 -15.82235 5.30392 -2.47068 0.05206 0.80344 -0.05044 0.59095
1403638540.0778295994 -16.12302 5.40613 -2.54535 0.05183 0.80966 -0.05044 0.58242
1403638540.1778295040 -16.53284 5.55744 -2.56775 0.05175 0.81370 -0.05030 0.57679
1403638540.2778294086 -16.94905 5.68495 -2.60227 0.05189 0.80902 -0.04844 0.58348
1403638540.3778295517 -17.35778 5.86470 -2.62936 0.05331 0.80239 -0.04650 0.59259
1403638540.4778294563 -17.77401 6.02258 -2.66312 0.05048 0.79986 -0.04022 0.59671
1403638540.5778295994 -18.24859 6.11289 -2.66530 0.04193 0.79988 -0.02703 0.59808
1403638540.6778295040 -18.54020 6.27453 -2.70333 0.03478 0.80051 -0.00977 0.59823
1403638540.7778294086 -18.97540 6.36305 -2.75059 0.02760 0.79959 0.01497 0.59972
1403638540.8778295517 -19.45454 6.62351 -2.78976 0.02081 0.79854 0.04180 0.60013
1403638540.9778294563 -20.01240 6.87502 -2.81535 0.01084 0.79491 0.06733 0.60288
1403638541.0778295994 -20.48341 7.05638 -2.86214 -0.00207 0.79273 0.08767 0.60323
1403638541.1778295040 -21.06978 6.92350 -2.95151 -0.01887 0.79158 0.10693 0.60134
1403638541.2778294086 -21.45011 7.07340 -2.97080 -0.02614 0.79277 0.11696 0.59762
1403638541.3778295517 -21.83664 7.24317 -2.98511 -0.03103 0.79502 0.12143 0.59350
1403638541.4778294563 -22.31893 7.43518 -3.02820 -0.03206 0.79446 0.12169 0.59413
1403638541.5778295994 -22.80436 7.63399 -3.06088 -0.03130 0.79273 0.12228 0.59636
1403638541.6778295040 -23.29635 7.84026 -3.08648 -0.03550 0.79079 0.12555 0.59803
1403638541.7778294086 -23.77370 8.11835 -3.11144 -0.04410 0.78982 0.13075 0.59761
1403638541.8778295517 -24.28425 8.34191 -3.12716 -0.05573 0.78841 0.14019 0.59637
1403638541.9778294563 -24.82033 8.57219 -3.15689 -0.06690 0.78709 0.15496 0.59330
1403638542.0778295994 -25.31838 8.80274 -3.11722 -0.08037 0.78529 0.17270 0.58910
1403638542.1778295040 -25.91059 9.11646 -3.18826 -0.09088 0.78093 0.19002 0.58803
1403638542.2778294086 -26.46873 9.47785 -3.31394 -0.10400 0.77768 0.21348 0.58208
1403638542.3778295517 -27.01008 9.71337 -3.32309 -0.11868 0.77037 0.23752 0.57969
1403638542.4778294563 -27.60375 10.01590 -3.38695 -0.12222 0.75613 0.25658 0.58948
1403638542.5778295994 -28.09921 10.36185 -3.40964 -0.11507 0.74362 0.27293 0.59942
1403638542.6778295040 -28.64595 10.17314 -3.41552 -0.13420 0.73793 0.29643 0.59125
1403638542.7778294086 -29.18497 10.86054 -3.48529 -0.13207 0.74368 0.28758 0.58889
1403638542.8778295517 -29.78497 11.17499 -3.52390 -0.13865 0.74923 0.28453 0.58178
1403638542.9778294563 -30.34955 10.84844 -3.53890 -0.16669 0.74929 0.29885 0.56699
1403638543.0778295994 -30.88120 11.31576 -3.56179 -0.16769 0.75434 0.29573 0.56160
1403638543.1778295040 -31.49665 11.57694 -3.59538 -0.16797 0.75526 0.29321 0.56160
1403638543.2778294086 -32.05107 11.76355 -3.59885 -0.17517 0.75488 0.29667 0.55809
1403638543.3778295517 -32.66395 12.02498 -3.64118 -0.17469 0.75581 0.29579 0.55745
1403638543.4778294563 -33.28246 12.28736 -3.68853 -0.17696 0.75437 0.30033 0.55624
1403638543.5778295994 -34.14351 12.90821 -3.70458 -0.16547 0.75491 0.29993 0.55926
1403638543.6778295040 -34.75302 13.07811 -3.71316 -0.17419 0.74839 0.31979 0.55435
1403638543.7778294086 -35.41763 13.39744 -3.76073 -0.18174 0.74017 0.33914 0.55145
1403638543.8778295517 -36.04929 13.72175 -3.78541 -0.19525 0.72881 0.36385 0.54619
1403638543.9778294563 -36.72747 14.00913 -3.82360 -0.20905 0.71975 0.38250 0.54033
1403638544.0778295994 -37.40842 14.32175 -3.85155 -0.22347 0.71563 0.39409 0.53162
1403638544.1778295040 -38.18090 14.47043 -3.88935 -0.23284 0.71317 0.40127 0.52551
1403638544.2778294086 -38.87578 14.78575 -3.92529 -0.23960 0.71038 0.40479 0.52355
1403638544.3778295517 -39.57602 15.10303 -3.96755 -0.24118 0.70946 0.40739 0.52205
1403638544.4778294563 -40.28145 15.42645 -4.01487 -0.24031 0.70978 0.40840 0.52122
1403638544.5778295994 -40.99451 15.74523 -4.06595 -0.24240 0.70683 0.40758 0.52489
1403638544.6778295040 -41.62141 16.06257 -4.06095 -0.25052 0.69848 0.40824 0.53170
1403638544.7778294086 -42.34083 16.38324 -4.09864 -0.25184 0.69747 0.40918 0.53167
1403638544.8778295517 -43.06570 16.71084 -4.13572 -0.24975 0.70062 0.41143 0.52677
1403638544.9778294563 -43.79882 17.03449 -4.18241 -0.24985 0.70135 0.41208 0.52523
1403638545.0778295994 -44.54019 17.36415 -4.23020 -0.25145 0.69983 0.41189 0.52664
1403638545.1778295040 -45.28661 17.69062 -4.28933 -0.25113 0.69930 0.41287 0.52674
1403638545.2778294086 -46.04007 18.01888 -4.35469 -0.25036 0.69846 0.41439 0.52702
1403638545.3778295517 -46.92138 18.27259 -4.44592 -0.24989 0.69592 0.41137 0.53293
1403638545.4778294563 -47.70321 18.57996 -4.52122 -0.25204 0.69576 0.41243 0.53130
1403638545.5778295994 -48.49303 18.91540 -4.58949 -0.25584 0.69335 0.41904 0.52746
1403638545.6778295040 -49.29170 19.24554 -4.65838 -0.26405 0.68765 0.43061 0.52153
1403638545.7778294086 -50.25154 19.58665 -4.77553 -0.26529 0.68153 0.43902 0.52192
1403638545.8778295517 -51.08945 19.92604 -4.82904 -0.27523 0.67087 0.45881 0.51349
1403638545.9778294563 -51.96158 20.31535 -4.91167 -0.28242 0.65900 0.47958 0.50592
1403638546.0778295994 -52.82385 20.66288 -4.95767 -0.28790 0.64697 0.49854 0.50000
1403638546.1778295040 -53.83872 20.80833 -5.03822 -0.29325 0.63855 0.50680 0.49942
1403638546.2778294086 -54.72878 21.14848 -5.10165 -0.29787 0.63389 0.51461 0.49460
1403638546.3778295517 -55.62832 21.49001 -5.17262 -0.30411 0.63245 0.51716 0.48997
1403638546.4778294563 -56.53854 21.83214 -5.24979 -0.30682 0.63209 0.51859 0.48722
1403638546.5778295994 -57.45988 22.17760 -5.32785 -0.30770 0.62995 0.52182 0.48599
1403638546.6778295040 -58.39469 22.51875 -5.40217 -0.31103 0.62506 0.52781 0.48372
1403638546.7778294086 -59.33959 22.87156 -5.46505 -0.31316 0.62044 0.53356 0.48197
1403638546.8778295517 -60.32003 23.23832 -5.52324 -0.31276 0.61714 0.53772 0.48186
1403638546.9778294563 -61.28996 23.60167 -5.57992 -0.31103 0.61379 0.54193 0.48253
1403638547.0778295994 -62.27410 23.95863 -5.64622 -0.30894 0.61104 0.54501 0.48388
1403638547.1778295040 -63.26846 24.32325 -5.71774 -0.30580 0.60878 0.54797 0.48538
1403638547.2778294086 -64.27863 24.68641 -5.79605 -0.30388 0.60712 0.54924 0.48723
1403638547.3778295517 -65.31314 25.01872 -5.88759 -0.30622 0.60906 0.54602 0.48697
1403638547.4778294563 -66.35445 25.37603 -5.97774 -0.31089 0.61236 0.54224 0.48409
1403638547.5778295994 -67.40039 25.75242 -6.06981 -0.31448 0.61571 0.53918 0.48093
1403638547.6778295040 -68.46287 26.12251 -6.16926 -0.31510 0.61688 0.53745 0.48096
1403638547.7778294086 -69.51067 26.53675 -6.27382 -0.31374 0.61560 0.53872 0.48206
1403638547.8778295517 -70.60061 26.90598 -6.38228 -0.30989 0.61245 0.54026 0.48682
1403638547.9778294563 -71.69850 27.28562 -6.49069 -0.31012 0.61216 0.54055 0.48672
1403638548.0778295994 -72.79726 27.66601 -6.57410 -0.31285 0.61175 0.54311 0.48262
1403638548.1778295040 -73.92524 28.05295 -6.66994 -0.31689 0.60812 0.54866 0.47827
1403638548.2778294086 -75.05788 28.46272 -6.75513 -0.32348 0.60166 0.55801 0.47116
1403638548.3778295517 -76.20972 28.85947 -6.83435 -0.33056 0.59238 0.56999 0.46360
1403638548.4778294563 -77.33260 29.29559 -6.90414 -0.33908 0.58237 0.58195 0.45519
1403638548.5778295994 -78.48274 29.75169 -6.98133 -0.34586 0.57405 0.59094 0.44904
1403638548.6778295040 -79.64449 30.21998 -7.07264 -0.35094 0.56835 0.59649 0.44500
1403638548.7778294086 -80.83644 30.62584 -7.16110 -0.35353 0.56438 0.60056 0.44250
1403638548.8778295517 -82.03955 31.03553 -7.24467 -0.35484 0.56209 0.60324 0.44072
1403638548.9778294563 -83.25554 31.44713 -7.32134 -0.35634 0.56084 0.60420 0.43979
1403638549.0778295994 -84.48538 31.85399 -7.39460 -0.35696 0.56042 0.60458 0.43930
1403638549.1778295040 -85.72716 32.26348 -7.46063 -0.35841 0.56003 0.60363 0.43994
1403638549.2778294086 -86.98144 32.67219 -7.52485 -0.35930 0.56074 0.60262 0.43969
1403638549.3778295517 -88.35147 33.12104 -7.60948 -0.35922 0.56343 0.60003 0.43986
1403638549.4778294563 -89.63717 33.53666 -7.67590 -0.36138 0.56469 0.59803 0.43919
1403638549.5778295994 -90.96648 33.95392 -7.75282 -0.36202 0.56514 0.59498 0.44222
1403638549.6778295040 -92.27905 34.36630 -7.83169 -0.36354 0.56433 0.59343 0.44408
1403638549.7778294086 -93.59998 34.78623 -7.90699 -0.36216 0.56412 0.59380 0.44498
1403638549.8778295517 -94.93294 35.20115 -7.98147 -0.36130 0.56555 0.59382 0.44383
1403638549.9778294563 -96.27682 35.62668 -8.04349 -0.36122 0.56614 0.59383 0.44313
1403638550.0778295994 -97.63270 36.04773 -8.10276 -0.36163 0.56634 0.59355 0.44293
1403638550.1778295040 -98.99991 36.47475 -8.14988 -0.36257 0.56657 0.59345 0.44199
1403638550.2778294086 -100.37960 36.89429 -8.19497 -0.36212 0.56596 0.59419 0.44215
1403638550.3778295517 -101.77046 37.31941 -8.23145 -0.36228 0.56459 0.59455 0.44329
1403638550.4778294563 -103.17022 37.73857 -8.28210 -0.36523 0.56503 0.59314 0.44219
1403638550.5778295994 -104.70524 38.13435 -8.34302 -0.36730 0.56671 0.58953 0.44315
1403638550.6778295040 -106.00817 38.57153 -8.34759 -0.37411 0.56371 0.58714 0.44446
1403638550.7778294086 -107.42039 38.97458 -8.42004 -0.37743 0.56244 0.58512 0.44592
1403638550.8778295517 -108.85375 39.38433 -8.48424 -0.38344 0.55805 0.58095 0.45173
1403638550.9778294563 -110.29054 39.78222 -8.55786 -0.38955 0.55300 0.57668 0.45813
1403638551.0778295994 -111.73964 40.18338 -8.63560 -0.39285 0.55030 0.57348 0.46256
1403638551.1778295040 -113.18855 40.59916 -8.71973 -0.39832 0.55007 0.57155 0.46054
1403638551.2778294086 -114.65353 40.95298 -8.78828 -0.39961 0.55146 0.57036 0.45923
1403638551.3778295517 -116.12818 41.31763 -8.85894 -0.39544 0.55911 0.56699 0.45775
1403638551.4778294563 -117.60418 41.70588 -8.93655 -0.38894 0.57138 0.55733 0.46004
1403638551.5778295994 -119.08862 42.06014 -9.01734 -0.38432 0.58598 0.54053 0.46557
1403638551.6778295040 -120.59989 42.42558 -9.10914 -0.37785 0.60315 0.52060 0.47160
1403638551.7778294086 -122.10863 42.78047 -9.22597 -0.36795 0.61754 0.49978 0.48320
1403638551.8778295517 -123.60776 43.13470 -9.31792 -0.35896 0.62710 0.48476 0.49284
1403638551.9778294563 -125.13370 43.31004 -9.42078 -0.35005 0.62853 0.47611 0.50570
1403638552.0778295994 -126.61291 43.77630 -9.51125 -0.34134 0.62885 0.47167 0.51533
1403638552.1778295040 -128.17775 43.91594 -9.58549 -0.33594 0.63369 0.46660 0.51755
1403638552.2778294086 -129.67167 44.27537 -9.66650 -0.33441 0.63643 0.46736 0.51449
1403638552.3778295517 -131.23554 44.53789 -9.76904 -0.33599 0.63759 0.46348 0.51554
1403638552.4778294563 -132.78995 44.81496 -9.85896 -0.34345 0.63332 0.45828 0.52051
1403638552.5778295994 -134.35100 45.08371 -9.95461 -0.34912 0.62904 0.45508 0.52471
1403638552.6778295040 -135.89682 45.31601 -10.04520 -0.35052 0.62598 0.45692 0.52585
1403638552.7778294086 -137.46428 45.55560 -10.15020 -0.35065 0.62475 0.45964 0.52485
1403638552.8778295517 -139.04813 45.79583 -10.26367 -0.34794 0.62340 0.46321 0.52512
1403638552.9778294563 -140.64133 46.01739 -10.38363 -0.34315 0.62091 0.46882 0.52624
1403638553.0778295994 -142.26597 46.20340 -10.49838 -0.33971 0.61809 0.47375 0.52737
1403638553.1778295040 -143.88052 46.39804 -10.62822 -0.34542 0.61367 0.47291 0.52959
1403638553.2778294086 -145.55270 46.54153 -10.78585 -0.35071 0.60812 0.46782 0.53698
1403638553.3778295517 -147.20319 46.74868 -10.90952 -0.35159 0.60265 0.46839 0.54204
1403638553.4778294563 -148.86146 46.92366 -11.03483 -0.34824 0.59635 0.47186 0.54814
1403638553.5778295994 -150.53721 47.00986 -11.15625 -0.34623 0.59082 0.47516 0.55251
1403638553.6778295040 -152.22543 47.07958 -11.20833 -0.34567 0.58871 0.47818 0.55251
1403638553.7778294086 -153.91564 46.83668 -11.31254 -0.34584 0.58789 0.48055 0.55122
1403638553.8778295517 -155.65040 46.90127 -11.42232 -0.34357 0.58969 0.48183 0.54961
1403638553.9778294563 -157.59722 47.52004 -11.66188 -0.33642 0.59625 0.47675 0.55137
1403638554.0778295994 -159.38524 47.60297 -11.79010 -0.33498 0.59969 0.47752 0.54785
1403638554.1778295040 -161.54837 48.16626 -12.02932 -0.32234 0.60660 0.47059 0.55378
1403638554.2778294086 -163.40553 48.24088 -12.18219 -0.31432 0.61325 0.47563 0.54672
1403638554.3778295517 -165.25715 48.56695 -12.31953 -0.30699 0.61772 0.47946 0.54249
1403638554.4778294563 -167.13894 48.64793 -12.47286 -0.30456 0.61908 0.48153 0.54047
1403638554.5778295994 -169.04470 48.79660 -12.66029 -0.30530 0.62012 0.48091 0.53942
1403638554.6778295040 -170.96375 48.87032 -12.83034 -0.31184 0.62208 0.47755 0.53639
1403638554.7778294086 -172.49048 46.82227 -11.91585 -0.34380 0.60573 0.49666 0.51791
1403638554.8778295517 -174.38996 46.69262 -11.96005 -0.34759 0.60528 0.49525 0.51724
1403638554.9778294563 -176.30579 46.60117 -12.04337 -0.35050 0.60570 0.49217 0.51774
1403638555.0778295994 -178.21370 46.35062 -12.02613 -0.34899 0.60767 0.48890 0.51953
1403638555.1778295040 -180.15083 46.24272 -12.13279 -0.34310 0.61378 0.48152 0.52316
1403638555.2778294086 -182.09608 46.13547 -12.22620 -0.33806 0.61983 0.47317 0.52692
1403638555.3778295517 -184.05533 45.98716 -12.33059 -0.33165 0.62283 0.46752 0.53246
1403638555.4778294563 -186.00814 45.79675 -12.37988 -0.32711 0.62424 0.46467 0.53611
1403638555.5778295994 -188.03359 45.85595 -12.75116 -0.32250 0.62672 0.45940 0.54052
1403638555.6778295040 -190.03669 45.72781 -12.87608 -0.32200 0.62840 0.45761 0.54039
1403638555.7778294086 -192.05489 45.51131 -12.99271 -0.32131 0.62946 0.45739 0.53975
1403638555.8778295517 -194.08580 45.34954 -13.10231 -0.32065 0.62927 0.45831 0.53959
1403638555.9778294563 -196.13122 45.18789 -13.21194 -0.31923 0.62772 0.45971 0.54104
1403638556.0778295994 -198.18812 44.99494 -13.31621 -0.31782 0.62761 0.46086 0.54102
1403638556.1778295040 -200.36394 45.66213 -13.40901 -0.30565 0.63836 0.44470 0.54892
1403638556.2778294086 -202.46653 45.56154 -13.52827 -0.30407 0.64201 0.44526 0.54508
1403638556.3778295517 -204.58761 45.48318 -13.65132 -0.30238 0.64449 0.44546 0.54292
1403638556.4778294563 -206.62730 45.00395 -13.76160 -0.30723 0.64406 0.45523 0.53251
1403638556.5778295994 -208.75666 44.85128 -13.88755 -0.30697 0.64709 0.45483 0.52931
1403638556.6778295040 -210.88180 44.63535 -14.01088 -0.31618 0.64870 0.45097 0.52522
1403638556.7778294086 -213.03579 44.47208 -14.12951 -0.32296 0.64470 0.44616 0.53010
1403638556.8778295517 -215.19809 44.29377 -14.24308 -0.32922 0.64246 0.44232 0.53218
1403638556.9778294563 -217.36767 44.09413 -14.35271 -0.33311 0.64033 0.43993 0.53430
1403638557.0778295994 -219.55215 43.90702 -14.46897 -0.33164 0.63851 0.44106 0.53645
1403638557.1778295040 -221.73437 43.67326 -14.57216 -0.33045 0.63631 0.44289 0.53829
1403638557.2778294086 -224.09183 44.07215 -15.31104 -0.32018 0.63940 0.43315 0.54866
1403638557.3778295517 -226.32555 43.82118 -15.29304 -0.31828 0.63759 0.43563 0.54991
1403638557.4778294563 -228.57222 43.63678 -15.48168 -0.31229 0.63432 0.43908 0.55437
1403638557.5778295994 -230.83050 43.26607 -15.23281 -0.30866 0.63109 0.44255 0.55732
1403638557.6778295040 -233.14573 42.61955 -14.36352 -0.30427 0.63030 0.44062 0.56214
1403638557.7778294086 -235.44974 42.35461 -14.41517 -0.30432 0.62969 0.44004 0.56324
1403638557.8778295517 -237.77084 41.91287 -14.22220 -0.30149 0.62935 0.44027 0.56496
1403638557.9778294563 -240.10764 41.56956 -14.19669 -0.29874 0.63062 0.44144 0.56410
1403638558.0778295994 -242.46754 41.25690 -14.24239 -0.29780 0.63475 0.44201 0.55949
1403638558.1778295040 -244.83024 40.95003 -14.29270 -0.29536 0.64115 0.44393 0.55191
1403638558.2778294086 -247.21895 40.62109 -14.33959 -0.29189 0.64579 0.44534 0.54720
1403638558.3778295517 -249.62315 40.29148 -14.37774 -0.28701 0.64736 0.44758 0.54610
1403638558.4778294563 -252.04041 39.95758 -14.40897 -0.28077 0.65158 0.45099 0.54149
1403638558.5778295994 -254.27752 39.25369 -14.42659 -0.28805 0.65100 0.45592 0.53419
1403638558.6778295040 -256.80476 39.04740 -14.44714 -0.29445 0.65239 0.44730 0.53629
1403638558.7778294086 -259.28325 38.72436 -14.46787 -0.30227 0.65155 0.44117 0.53803
1403638558.8778295517 -261.74428 38.34351 -14.49588 -0.30527 0.64956 0.43926 0.54031
1403638558.9778294563 -264.20372 37.92738 -14.53131 -0.30762 0.64343 0.43827 0.54707
1403638559.0778295994 -266.65917 37.50280 -14.57395 -0.30893 0.63770 0.43877 0.55262
1403638559.1778295040 -269.14710 37.09268 -14.62607 -0.30945 0.63346 0.43926 0.55679
1403638559.2778294086 -271.71403 36.74664 -14.68846 -0.30597 0.63073 0.43999 0.56122
1403638559.3778295517 -274.26496 36.33922 -14.79548 -0.30172 0.62830 0.44205 0.56461
1403638559.4778294563 -276.75903 35.91771 -15.10891 -0.29989 0.62542 0.44405 0.56722
1403638559.5778295994 -279.37020 35.47883 -14.94135 -0.29868 0.62289 0.44571 0.56933
1403638559.6778295040 -281.97135 35.04372 -15.03491 -0.29917 0.62151 0.44565 0.57063
1403638559.7778294086 -284.59574 34.62113 -15.12558 -0.29929 0.62046 0.44621 0.57127
1403638559.8778295517 -287.16811 33.97731 -14.95183 -0.30350 0.61989 0.44810 0.56818
1403638559.9778294563 -289.81187 33.48280 -14.93809 -0.30363 0.62296 0.44251 0.56913
1403638560.0778295994 -292.40518 32.85503 -15.00008 -0.30165 0.62978 0.43022 0.57210
1403638560.1778295040 -295.68925 33.38573 -15.09396 -0.28037 0.64449 0.39853 0.58923
1403638560.2778294086 -298.53207 33.12240 -15.18430 -0.26852 0.65518 0.37348 0.59930
1403638560.3778295517 -301.34030 32.75325 -15.27850 -0.25926 0.66168 0.34663 0.61222
1403638560.4778294563 -304.14420 32.30451 -15.37695 -0.24943 0.66825 0.31935 0.62389
1403638560.5778295994 -306.49330 30.79930 -15.46844 -0.25381 0.67341 0.30127 0.62557
1403638560.6778295040 -309.24503 30.14410 -15.57969 -0.24863 0.68322 0.27311 0.62993
1403638560.7778294086 -312.06263 29.55791 -15.69227 -0.24445 0.69160 0.24670 0.63331
1403638560.8778295517 -314.90414 28.91800 -15.80254 -0.23618 0.69772 0.22215 0.63879
1403638560.9778294563 -318.04621 28.39087 -15.91258 -0.21949 0.70197 0.18568 0.65161
1403638561.0778295994 -320.68461 27.81322 -16.10567 -0.20590 0.70416 0.16495 0.65921
1403638561.1778295040 -323.95017 28.19019 -16.35667 -0.18491 0.70527 0.13673 0.67060
1403638561.2778294086 -327.27559 27.99499 -16.58087 -0.17052 0.70310 0.10281 0.68265
1403638561.3778295517 -327.67590 23.68044 -16.36714 -0.23393 0.70926 0.21119 0.63057
1403638561.4778294563 -330.36413 24.13346 -16.35236 -0.20067 0.71826 0.19310 0.63761
1403638561.5778295994 -333.30874 23.50961 -16.61666 -0.19290 0.72208 0.20164 0.63304
1403638562.7778294086 0.10846 -0.56397 -0.06590 0.06796 0.79665 -0.12620 0.58720
1403638562.8778295517 0.09755 -0.61892 -0.05724 0.08236 0.79164 -0.15140 0.58618
1403638562.9778294563 0.08731 -0.67597 -0.05607 0.09658 0.78767 -0.17356 0.58320
1403638563.0778295994 0.06868 -0.73127 -0.05979 0.10576 0.78178 -0.19739 0.58196
1403638563.1778295040 0.04335 -0.78896 -0.06644 0.11811 0.77685 -0.21720 0.57911
1403638563.2778294086 0.01216 -0.85063 -0.07669 0.13007 0.77048 -0.22998 0.58013
1403638563.3778295517 -0.02553 -0.91488 -0.09118 0.13828 0.76065 -0.23736 0.58817
1403638563.4778294563 -0.07132 -0.97988 -0.11125 0.14093 0.75311 -0.24254 0.59509
1403638563.5778295994 -0.12515 -1.04914 -0.13167 0.14569 0.75390 -0.24200 0.59316
1403638563.6778295040 -0.18723 -1.13692 -0.14761 0.14248 0.75831 -0.24129 0.58860
1403638563.7778294086 -0.25485 -1.19852 -0.15577 0.13945 0.76031 -0.24249 0.58625
1403638563.8778295517 -0.33739 -1.26968 -0.15754 0.13627 0.76020 -0.24134 0.58761
1403638563.9778294563 -0.42008 -1.35305 -0.15183 0.13241 0.75994 -0.23897 0.58980
1403638564.0778295994 -0.51854 -1.42926 -0.15009 0.12771 0.76113 -0.23678 0.59017
1403638564.1778295040 -0.62494 -1.50826 -0.15351 0.12597 0.76215 -0.23208 0.59110
1403638564.2778294086 -0.72777 -1.60819 -0.15813 0.12650 0.76224 -0.22584 0.59329
1403638564.3778295517 -0.85070 -1.69064 -0.15873 0.12682 0.76196 -0.22050 0.59558
1403638564.4778294563 -0.96861 -1.79431 -0.15140 0.12732 0.76202 -0.21570 0.59715
1403638564.5778295994 -1.10891 -1.87848 -0.14152 0.12406 0.76384 -0.21554 0.59556
1403638564.6778295040 -1.24483 -1.97660 -0.13046 0.11824 0.76513 -0.21858 0.59398
1403638564.7778294086 -1.40137 -2.06323 -0.12881 0.11425 0.76500 -0.22162 0.59381
1403638564.8778295517 -1.55203 -2.16621 -0.13051 0.11205 0.76414 -0.22385 0.59450
1403638564.9778294563 -1.72176 -2.26330 -0.15599 0.11018 0.76324 -0.22527 0.59546
1403638565.0778295994 -1.88818 -2.37257 -0.19168 0.10875 0.76358 -0.22603 0.59501
1403638565.1778295040 -2.06100 -2.48185 -0.24237 0.10807 0.76434 -0.22644 0.59399
1403638565.2778294086 -2.21411 -2.55090 -0.30109 0.11006 0.76523 -0.22628 0.59254
1403638565.3778295517 -2.39959 -2.66581 -0.36153 0.11246 0.76654 -0.22524 0.59079
1403638565.4778294563 -2.59161 -2.78343 -0.42329 0.11548 0.76612 -0.22408 0.59120
1403638565.5778295994 -2.78759 -2.90254 -0.47918 0.12259 0.76449 -0.22137 0.59289
1403638565.6778295040 -2.98966 -3.02084 -0.52692 0.13427 0.76546 -0.21546 0.59129
1403638565.7778294086 -3.20121 -3.14494 -0.57197 0.14204 0.76905 -0.21153 0.58621
1403638565.8778295517 -3.42993 -3.27356 -0.61334 0.14720 0.77194 -0.20775 0.58248
1403638565.9778294563 -3.64823 -3.38364 -0.64693 0.14904 0.77357 -0.20875 0.57949
1403638566.0778295994 -3.86647 -3.48812 -0.68597 0.15022 0.77443 -0.20937 0.57781
1403638566.1778295040 -4.08716 -3.59073 -0.73439 0.14798 0.77426 -0.21065 0.57815
1403638566.2778294086 -4.30688 -3.68871 -0.79077 0.14864 0.77401 -0.20974 0.57864
1403638566.3778295517 -4.52580 -3.78518 -0.85566 0.14851 0.77519 -0.20887 0.57741
1403638566.4778294563 -4.74408 -3.87931 -0.92696 0.14505 0.77526 -0.20951 0.57797
1403638566.5778295994 -4.96025 -3.97012 -1.00424 0.14345 0.77871 -0.20846 0.57409
1403638566.6778295040 -5.17553 -4.05824 -1.08935 0.13994 0.78822 -0.20875 0.56173
1403638566.7778294086 -5.38676 -4.14526 -1.18065 0.13562 0.80006 -0.20954 0.54553
1403638566.8778295517 -5.59073 -4.23261 -1.27574 0.13146 0.80818 -0.21010 0.53424
1403638566.9778294563 -5.78643 -4.32098 -1.37381 0.13023 0.81261 -0.20820 0.52855
1403638567.0778295994 -5.97439 -4.40825 -1.47112 0.13271 0.80485 -0.20502 0.54090
1403638567.1778295040 -6.15312 -4.49601 -1.57098 0.13863 0.79307 -0.20033 0.55829
1403638567.2778294086 -6.32805 -4.58381 -1.67611 0.14429 0.78487 -0.19673 0.56961
1403638567.3778295517 -6.51148 -4.67763 -1.79283 0.14740 0.78303 -0.19548 0.57177
1403638567.4778294563 -6.68813 -4.75817 -1.90139 0.14907 0.78357 -0.19660 0.57021
1403638567.5778295994 -6.86269 -4.83387 -2.00345 0.14942 0.78655 -0.19909 0.56514
1403638567.6778295040 -7.03364 -4.90588 -2.09428 0.15179 0.78961 -0.20042 0.55974
1403638567.7778294086 -7.19794 -4.97435 -2.17531 0.15290 0.79267 -0.20179 0.55460
1403638567.8778295517 -7.35034 -5.03904 -2.24604 0.15123 0.79555 -0.20488 0.54977
1403638567.9778294563 -7.45658 -5.08482 -2.29105 0.15162 0.79634 -0.20663 0.54787
1403638568.0778295994 -7.58612 -5.14530 -2.34260 0.15479 0.79657 -0.20506 0.54723
1403638568.1778295040 -7.69687 -5.19682 -2.37751 0.15739 0.79614 -0.20401 0.54751
1403638568.2778294086 -7.77303 -5.23043 -2.38845 0.15893 0.79605 -0.20484 0.54689
1403638568.3778295517 -7.96882 -5.32103 -2.46117 0.15769 0.79630 -0.20429 0.54709
1403638568.4778294563 -8.09452 -5.37419 -2.50679 0.15784 0.79709 -0.20439 0.54585
1403638568.5778295994 -8.17815 -5.41250 -2.53549 0.15860 0.79864 -0.20444 0.54334
1403638568.6778295040 -8.28916 -5.46005 -2.58504 0.15928 0.80065 -0.20349 0.54054
1403638568.7778294086 -8.42313 -5.52155 -2.64259 0.15829 0.80189 -0.20367 0.53892
1403638568.8778295517 -8.52863 -5.56723 -2.68085 0.15674 0.80086 -0.20526 0.54030
1403638568.9778294563 -8.62451 -5.60861 -2.71255 0.15872 0.80064 -0.20347 0.54073
1403638569.0778295994 -8.65978 -5.62362 -2.70904 0.16077 0.80065 -0.20290 0.54033
1403638569.1778295040 -8.73604 -5.65717 -2.72166 0.16101 0.80141 -0.20303 0.53906
1403638569.2778294086 -8.77404 -5.67177 -2.71720 0.16317 0.80284 -0.20278 0.53638
1403638569.3778295517 -8.83886 -5.70059 -2.73422 0.16392 0.80278 -0.20247 0.53635
1403638569.4778294563 -8.84945 -5.70711 -2.73743 0.16541 0.80153 -0.20217 0.53789
1403638569.5778295994 -8.89823 -5.72899 -2.76116 0.16641 0.80032 -0.20149 0.53963
1403638569.6778295040 -8.93537 -5.74389 -2.77728 0.16590 0.79898 -0.20217 0.54152
1403638569.7778294086 -8.96923 -5.75480 -2.78735 0.16708 0.79825 -0.20138 0.54252
1403638569.8778295517 -8.90852 -5.72869 -2.76566 0.16940 0.79732 -0.20073 0.54341
1403638569.9778294563 -8.93004 -5.73146 -2.76542 0.16863 0.79561 -0.20116 0.54599
1403638570.0778295994 -8.94285 -5.72745 -2.76670 0.16660 0.79464 -0.20252 0.54751
1403638570.1778295040 -8.95422 -5.72092 -2.77514 0.16175 0.79415 -0.20526 0.54867
1403638570.2778294086 -8.96615 -5.71285 -2.79081 0.15452 0.79258 -0.20961 0.55137
1403638570.3778295517 -8.98122 -5.70583 -2.81269 0.14831 0.79066 -0.21661 0.55312
1403638570.4778294563 -9.13280 -5.74295 -2.87837 0.14514 0.78644 -0.23219 0.55366
1403638570.5778295994 -9.18930 -5.75338 -2.92240 0.13789 0.77777 -0.25760 0.55650
1403638570.6778295040 -9.10651 -5.73477 -2.93659 0.14013 0.76622 -0.28561 0.55830
1403638570.7778294086 -9.00542 -5.73403 -2.95744 0.15018 0.74931 -0.31063 0.56524
1403638570.8778295517 -8.94357 -5.74363 -2.99066 0.16505 0.73242 -0.33225 0.57090
1403638570.9778294563 -8.91451 -5.76176 -3.02482 0.18121 0.71949 -0.35142 0.57096
1403638571.0778295994 -8.93751 -5.78947 -3.07005 0.19678 0.71230 -0.36952 0.56334
1403638571.1778295040 -8.98161 -5.82145 -3.11457 0.21539 0.71173 -0.38232 0.54853
1403638571.2778294086 -9.03679 -5.85853 -3.14636 0.23338 0.71131 -0.38898 0.53690
1403638571.3778295517 -9.11191 -5.90278 -3.17843 0.24447 0.70934 -0.39391 0.53095
1403638571.4778294563 -9.19013 -5.94635 -3.19329 0.25023 0.70549 -0.39779 0.53051
1403638571.5778295994 -9.27087 -5.99465 -3.20721 0.25683 0.70217 -0.40121 0.52917
1403638571.6778295040 -9.38437 -6.05295 -3.23861 0.26051 0.70010 -0.40961 0.52364
1403638571.7778294086 -9.45568 -6.08140 -3.24328 0.27028 0.69515 -0.42519 0.51276
1403638571.8778295517 -9.53418 -6.08369 -3.24857 0.28002 0.68585 -0.44345 0.50454
1403638571.9778294563 -9.63467 -6.13172 -3.26712 0.28649 0.67518 -0.46154 0.49903
1403638572.0778295994 -9.74073 -6.18240 -3.27937 0.29439 0.66386 -0.47860 0.49352
1403638572.1778295040 -9.85253 -6.23307 -3.28257 0.30850 0.65354 -0.49173 0.48571
1403638572.2778294086 -9.98959 -6.29368 -3.28599 0.31990 0.64545 -0.50698 0.47332
1403638572.3778295517 -10.11065 -6.34769 -3.28711 0.33010 0.63633 -0.52366 0.46032
1403638572.4778294563 -10.23358 -6.39799 -3.28855 0.34156 0.62905 -0.53532 0.44840
1403638572.5778295994 -10.36341 -6.46054 -3.29326 0.35065 0.62331 -0.54282 0.44033
1403638572.6778295040 -10.49486 -6.52970 -3.29663 0.35517 0.62036 -0.54763 0.43487
1403638572.7778294086 -10.62135 -6.60093 -3.28877 0.36134 0.62179 -0.54776 0.42753
1403638572.8778295517 -10.74229 -6.67527 -3.27180 0.36374 0.62426 -0.54775 0.42185
1403638572.9778294563 -10.86509 -6.75729 -3.25036 0.36367 0.62661 -0.54733 0.41897
1403638573.0778295994 -10.98916 -6.84523 -3.23296 0.36246 0.62896 -0.54672 0.41729
1403638573.1778295040 -11.10320 -6.93467 -3.22128 0.36060 0.63078 -0.54607 0.41701
1403638573.2778294086 -11.22166 -7.02062 -3.21335 0.35903 0.63262 -0.54439 0.41777
1403638573.3778295517 -11.32912 -7.12034 -3.20199 0.35828 0.63354 -0.54390 0.41765
1403638573.4778294563 -11.44449 -7.21406 -3.18975 0.36078 0.63360 -0.54397 0.41532
1403638573.5778295994 -11.52057 -7.31082 -3.16486 0.36254 0.63319 -0.54457 0.41362
1403638573.6778295040 -11.81805 -7.56085 -3.13770 0.36250 0.63470 -0.54490 0.41090
1403638573.7778294086 -11.87931 -7.66193 -3.10267 0.36951 0.62998 -0.54774 0.40813
1403638573.8778295517 -11.91882 -7.75587 -3.07054 0.38430 0.61806 -0.55123 0.40799
1403638573.9778294563 -12.03758 -7.90915 -3.04131 0.39639 0.60001 -0.56088 0.41022
1403638574.0778295994 -12.12713 -8.04119 -3.01964 -0.40359 -0.57514 0.57723 -0.41609
1403638574.1778295040 -12.21844 -8.17261 -3.00288 -0.41057 -0.54789 0.59550 -0.42028
1403638574.2778294086 -12.42469 -8.37834 -2.97284 -0.42009 -0.52396 0.61350 -0.41546
1403638574.3778295517 -12.47762 -8.43765 -2.94266 -0.43945 -0.49874 0.63283 -0.39708
1403638574.4778294563 -12.57281 -8.54616 -2.93259 -0.44996 -0.48249 0.64768 -0.38113
1403638574.5778295994 -12.66874 -8.64704 -2.92010 -0.45834 -0.46816 0.65890 -0.36959
1403638574.6778295040 -12.78164 -8.75884 -2.89768 -0.46766 -0.46022 0.66425 -0.35814
1403638574.7778294086 -12.87716 -8.85731 -2.87454 -0.47580 -0.45895 0.66685 -0.34394
1403638574.8778295517 -12.97223 -8.95499 -2.84954 -0.47520 -0.45960 0.67182 -0.33410
1403638574.9778294563 -13.06197 -9.05179 -2.83204 -0.47278 -0.46071 0.67584 -0.32781
1403638575.0778295994 -13.16961 -9.17006 -2.82195 -0.46525 -0.45875 0.68069 -0.33130
1403638575.1778295040 -13.22990 -9.24232 -2.83160 -0.46219 -0.45384 0.68379 -0.33590
1403638575.2778294086 -13.33438 -9.32712 -2.82686 -0.45965 -0.45251 0.68420 -0.34032
1403638575.3778295517 -13.43870 -9.42058 -2.83230 -0.45611 -0.45570 0.68523 -0.33877
1403638575.4778294563 -13.54894 -9.50450 -2.83818 -0.45325 -0.46152 0.68501 -0.33516
1403638575.5778295994 -13.66288 -9.60002 -2.84698 -0.45153 -0.46701 0.68400 -0.33192
1403638575.6778295040 -13.78022 -9.69597 -2.84817 -0.45352 -0.47440 0.68065 -0.32554
1403638575.7778294086 -13.90821 -9.80156 -2.83988 -0.45258 -0.48159 0.67954 -0.31854
1403638575.8778295517 -14.03138 -9.90495 -2.82107 -0.45145 -0.48624 0.67870 -0.31483
1403638575.9778294563 -14.15046 -10.01148 -2.79199 -0.45109 -0.48679 0.67814 -0.31571
1403638576.0778295994 -14.27063 -10.12347 -2.75537 -0.45167 -0.48780 0.67699 -0.31581
1403638576.1778295040 -14.25296 -10.11543 -2.70966 -0.45672 -0.48330 0.67699 -0.31544
1403638576.2778294086 -14.35287 -10.22193 -2.67189 -0.46038 -0.48433 0.67479 -0.31328
1403638576.3778295517 -14.45602 -10.33804 -2.63990 -0.46406 -0.48649 0.67244 -0.30952
1403638576.4778294563 -14.54780 -10.45230 -2.61396 -0.46677 -0.48945 0.67083 -0.30422
1403638576.5778295994 -14.63601 -10.57248 -2.59257 -0.46951 -0.49392 0.66924 -0.29616
1403638576.6778295040 -14.71843 -10.69860 -2.57528 -0.47197 -0.49575 0.66765 -0.29277
1403638576.7778294086 -14.81083 -10.84474 -2.56635 -0.47923 -0.49283 0.66437 -0.29338
1403638576.8778295517 -14.88034 -10.98183 -2.55965 -0.48375 -0.48840 0.66144 -0.29991
1403638576.9778294563 -14.94483 -11.12154 -2.55799 -0.48410 -0.48188 0.66154 -0.30953
1403638577.0778295994 -15.00326 -11.25988 -2.55736 -0.48125 -0.47742 0.66388 -0.31579
1403638577.1778295040 -15.05751 -11.39724 -2.55004 -0.47947 -0.47423 0.66523 -0.32043
1403638577.2778294086 -15.02136 -11.40790 -2.55495 -0.48189 -0.47292 0.66527 -0.31866
1403638577.3778295517 -15.07408 -11.54137 -2.53026 -0.48628 -0.47852 0.66154 -0.31130
1403638577.4778294563 -15.08587 -11.61325 -2.50550 -0.49053 -0.48084 0.65911 -0.30619
1403638577.5778295994 -15.15430 -11.78692 -2.47522 -0.48728 -0.48081 0.66111 -0.30709
1403638577.6778295040 -15.14427 -11.82562 -2.47339 -0.48414 -0.47973 0.66159 -0.31269
1403638577.7778294086 -15.16258 -11.92041 -2.46356 -0.48147 -0.47921 0.66265 -0.31533
1403638577.8778295517 -15.17792 -12.02628 -2.45993 -0.48115 -0.47954 0.66236 -0.31594
1403638577.9778294563 -15.23512 -12.21654 -2.44040 -0.47856 -0.48352 0.65927 -0.32023
1403638578.0778295994 -15.24864 -12.32824 -2.43136 -0.47796 -0.48289 0.65891 -0.32282
1403638578.1778295040 -15.26120 -12.44585 -2.41838 -0.47461 -0.47965 0.66042 -0.32943
1403638578.2778294086 -15.26713 -12.53744 -2.40454 -0.46835 -0.47356 0.66441 -0.33903
1403638578.3778295517 -15.28044 -12.65159 -2.38729 -0.46688 -0.47107 0.66536 -0.34266
1403638578.4778294563 -15.29513 -12.76208 -2.37652 -0.46682 -0.47071 0.66563 -0.34270
1403638578.5778295994 -15.30210 -12.83396 -2.37470 -0.46667 -0.47009 0.66622 -0.34261
1403638578.6778295040 -15.31576 -12.92827 -2.37211 -0.46888 -0.47026 0.66500 -0.34173
1403638578.7778294086 -15.33352 -13.02711 -2.37225 -0.47290 -0.47363 0.66238 -0.33658
1403638578.8778295517 -15.34765 -13.11449 -2.37673 -0.47681 -0.47723 0.65951 -0.33159
1403638578.9778294563 -15.35946 -13.20933 -2.37951 -0.47870 -0.47912 0.65788 -0.32936
1403638579.0778295994 -15.36894 -13.29328 -2.37672 -0.47904 -0.48008 0.65697 -0.32928
1403638579.1778295040 -15.37029 -13.38287 -2.36055 -0.47973 -0.48031 0.65627 -0.32935
1403638579.2778294086 -15.37156 -13.46051 -2.34391 -0.47803 -0.47919 0.65697 -0.33205
1403638579.3778295517 -15.37357 -13.55831 -2.32483 -0.47351 -0.47539 0.65982 -0.33827
1403638579.4778294563 -15.37405 -13.63373 -2.31240 -0.46931 -0.47048 0.66237 -0.34592
1403638579.5778295994 -15.35549 -13.57556 -2.31176 -0.47011 -0.46891 0.65802 -0.35515
1403638579.6778295040 -15.35706 -13.65661 -2.30723 -0.47477 -0.47264 0.64644 -0.36514
1403638579.7778294086 -15.35765 -13.73835 -2.30802 -0.47505 -0.48764 0.63084 -0.37227
1403638579.8778295517 -15.35738 -13.81635 -2.31532 -0.46534 -0.51255 0.61560 -0.37656
1403638579.9778294563 -15.36705 -14.08921 -2.33312 -0.45720 -0.53162 0.60768 -0.37292
1403638580.0778295994 -15.36091 -14.15970 -2.34783 -0.44770 -0.55561 0.57808 -0.39583
1403638580.1778295040 -15.35125 -14.22450 -2.36566 0.43347 0.57985 -0.54621 0.42135
1403638580.2778294086 -15.34040 -14.28116 -2.38892 0.41139 0.60607 -0.51712 0.44274
1403638580.3778295517 -15.26014 -14.38013 -2.41665 0.39555 0.62247 -0.51221 0.44013
1403638580.4778294563 -15.23855 -14.43309 -2.44976 0.37066 0.63888 -0.49972 0.45247
1403638580.5778295994 -15.17989 -14.41025 -2.46960 0.35555 0.64883 -0.49296 0.45782
1403638580.6778295040 -15.14685 -14.45349 -2.50072 0.34023 0.66267 -0.48255 0.46071
1403638580.7778294086 -15.11750 -14.49680 -2.52684 0.32858 0.67683 -0.47129 0.46025
1403638580.8778295517 -15.08601 -14.54832 -2.54042 0.32237 0.68672 -0.46312 0.45828
1403638580.9778294563 -15.05615 -14.59680 -2.54860 0.31651 0.68937 -0.46009 0.46141
1403638581.0778295994 -15.03486 -14.65652 -2.55170 0.31428 0.69129 -0.45815 0.46199
1403638581.1778295040 -14.99863 -14.70065 -2.54710 0.31652 0.69175 -0.45643 0.46149
1403638581.2778294086 -14.96082 -14.74708 -2.53973 0.31982 0.69197 -0.45598 0.45932
1403638581.3778295517 -14.86719 -14.97721 -2.53936 0.31793 0.69323 -0.45721 0.45751
1403638581.4778294563 -14.81891 -15.04287 -2.53272 0.32084 0.69080 -0.45799 0.45837
1403638581.5778295994 -14.78234 -15.09566 -2.52522 0.32287 0.68995 -0.45900 0.45722
1403638581.6778295040 -14.72138 -15.16234 -2.51363 0.32846 0.68634 -0.45729 0.46037
1403638581.7778294086 -14.57843 -15.28623 -2.49463 0.33313 0.68211 -0.46058 0.46002
1403638581.8778295517 -14.52166 -15.36213 -2.50088 0.33969 0.67779 -0.46122 0.46096
1403638581.9778294563 -14.44740 -15.43242 -2.50544 0.34626 0.67125 -0.45737 0.46941
1403638582.0778295994 -14.38980 -15.52201 -2.51495 0.34395 0.67252 -0.45931 0.46740
1403638582.1778295040 -14.33100 -15.61016 -2.51658 0.33661 0.67861 -0.46415 0.45907
1403638582.2778294086 -14.25137 -15.68084 -2.50488 0.33565 0.68138 -0.46495 0.45484
1403638582.3778295517 -14.19143 -15.77529 -2.48219 0.33893 0.67928 -0.46136 0.45919
1403638582.4778294563 -14.10409 -15.84771 -2.45024 0.34134 0.67864 -0.45944 0.46027
1403638582.5778295994 -14.01363 -15.92006 -2.40729 0.34252 0.67840 -0.45817 0.46101
1403638582.6778295040 -13.95000 -16.01130 -2.35542 0.34143 0.67950 -0.45829 0.46009
1403638582.7778294086 -13.85213 -16.08337 -2.29702 0.33899 0.68041 -0.46042 0.45841
1403638582.8778295517 -13.75238 -16.15681 -2.23703 0.33866 0.68147 -0.46125 0.45624
1403638582.9778294563 -13.64906 -16.22972 -2.18360 0.33648 0.68303 -0.46337 0.45337
1403638583.0778295994 -13.54371 -16.30422 -2.13800 0.33432 0.68485 -0.46564 0.44988
1403638583.1778295040 -13.43506 -16.38070 -2.10011 0.33341 0.68612 -0.46671 0.44750
1403638583.2778294086 -13.32251 -16.46058 -2.06848 0.33182 0.68629 -0.46806 0.44702
1403638583.3778295517 -13.28378 -16.51473 -2.08046 0.33294 0.68524 -0.46709 0.44881
1403638583.4778294563 -13.16592 -16.59731 -2.05701 0.33267 0.68587 -0.46733 0.44780
1403638583.5778295994 -13.04292 -16.67918 -2.02771 0.33274 0.68586 -0.46718 0.44791
1403638583.6778295040 -12.91472 -16.76070 -1.99145 0.33416 0.68648 -0.46603 0.44710
1403638583.7778294086 -12.79062 -16.84988 -1.95408 0.33390 0.68622 -0.46586 0.44788
1403638583.8778295517 -12.84905 -16.93218 -1.93649 0.33302 0.68637 -0.46355 0.45068
1403638583.9778294563 -12.72049 -17.02087 -1.91324 0.33331 0.68647 -0.46320 0.45067
1403638584.0778295994 -12.59766 -17.11546 -1.89306 0.33732 0.68395 -0.45997 0.45481
1403638584.1778295040 -12.46455 -17.24249 -1.88082 0.34252 0.67812 -0.45312 0.46639
1403638584.2778294086 -12.31755 -17.33057 -1.87675 0.34823 0.67030 -0.44839 0.47790
1403638584.3778295517 -11.95894 -17.68213 -1.83408 0.35061 0.66923 -0.44780 0.47821
1403638584.4778294563 -11.85959 -17.39171 -1.82996 0.35553 0.66587 -0.44742 0.47963
1403638584.5778295994 -11.71176 -17.45747 -1.83418 0.35512 0.66599 -0.44751 0.47967
1403638584.6778295040 -11.56520 -17.52174 -1.82754 0.35223 0.66728 -0.44925 0.47838
1403638584.7778294086 -11.49652 -17.54631 -1.80908 0.34545 0.67305 -0.45220 0.47242
1403638584.8778295517 -11.34738 -17.60051 -1.79360 0.33634 0.67888 -0.45882 0.46419
1403638584.9778294563 -11.18680 -17.60670 -1.77150 0.33358 0.68134 -0.46177 0.45964
1403638585.0778295994 -11.03860 -17.62180 -1.74454 0.33300 0.68210 -0.46267 0.45802
1403638585.1778295040 -10.88879 -17.68199 -1.73695 0.33062 0.68152 -0.46413 0.45912
1403638585.2778294086 -11.68352 -16.74062 -1.72359 0.31182 0.68227 -0.43493 0.49811
1403638585.3778295517 -11.67804 -16.71296 -1.72961 0.31015 0.68165 -0.43162 0.50286
1403638585.4778294563 -14.73239 -15.07077 -1.69720 0.22973 0.69833 -0.34064 0.58611
1403638585.5778295994 -15.03115 -15.32488 -1.72955 0.20961 0.70905 -0.33397 0.58462
1403638586.7778294086 -0.24769 0.63892 0.00887 0.02987 0.81047 -0.01849 0.58473
1403638586.8778295517 -0.27579 0.72119 -0.01926 0.02693 0.80963 -0.01977 0.58599
1403638586.9778294563 -0.30102 0.79106 -0.05409 0.02614 0.80939 -0.01928 0.58638
1403638587.0778295994 -0.32977 0.86533 -0.09128 0.02581 0.80909 -0.02040 0.58676
1403638587.1778295040 -0.35827 0.93972 -0.12228 0.02637 0.81005 -0.02068 0.58540
1403638587.2778294086 -0.39128 1.01046 -0.14546 0.02579 0.81133 -0.02033 0.58367
1403638587.3778295517 -0.42709 1.08397 -0.15810 0.02519 0.81272 -0.02016 0.58176
1403638587.4778294563 -0.46395 1.15598 -0.17129 0.02311 0.81283 -0.02185 0.58164
1403638587.5778295994 -0.49811 1.22835 -0.18480 0.02219 0.81282 -0.02303 0.58164
1403638587.6778295040 -0.53603 1.29943 -0.20736 0.02153 0.81209 -0.02375 0.58266
1403638587.7778294086 -0.58854 1.39446 -0.23110 0.02198 0.81121 -0.02494 0.58381
1403638587.8778295517 -0.62324 1.46099 -0.26406 0.02053 0.81073 -0.02584 0.58449
1403638587.9778294563 -0.65866 1.53086 -0.29476 0.01998 0.81026 -0.02665 0.58512
1403638588.0778295994 -0.70035 1.60104 -0.33532 0.02063 0.80902 -0.02585 0.58686
1403638588.1778295040 -0.74036 1.66917 -0.37074 0.02724 0.80828 -0.02175 0.58777
1403638588.2778294086 -0.78691 1.73730 -0.41487 0.02998 0.80788 -0.01932 0.58827
1403638588.3778295517 -0.85306 1.86524 -0.46189 0.03214 0.80740 -0.02004 0.58878
1403638588.4778294563 -0.90330 1.93806 -0.49232 0.03005 0.80718 -0.02103 0.58916
1403638588.5778295994 -0.93119 1.88090 -0.45442 0.02119 0.80692 -0.01852 0.58999
1403638588.6778295040 -0.99346 1.94354 -0.46738 0.01818 0.80602 -0.02001 0.59127
1403638588.7778294086 -1.04065 2.02008 -0.46820 0.01627 0.80479 -0.02220 0.59292
1403638588.8778295517 -1.10928 2.07941 -0.47970 0.01328 0.80436 -0.02452 0.59349
1403638588.9778294563 -1.16088 2.15400 -0.49241 0.01376 0.80419 -0.02529 0.59368
1403638589.0778295994 -1.23477 2.20991 -0.52078 0.01393 0.80397 -0.02551 0.59396
1403638589.1778295040 -1.29020 2.28488 -0.54743 0.01569 0.80334 -0.02542 0.59477
1403638589.2778294086 -1.37030 2.33785 -0.58489 0.01457 0.80184 -0.02583 0.59681
1403638589.3778295517 -1.44016 2.43462 -0.62360 0.01541 0.80128 -0.02650 0.59750
1403638589.4778294563 -1.52774 2.48690 -0.65914 0.01503 0.80179 -0.02689 0.59682
1403638589.5778295994 -1.58435 2.55290 -0.67666 0.01444 0.80172 -0.02760 0.59689
1403638589.6778295040 -1.67859 2.60027 -0.69865 0.01380 0.80179 -0.02751 0.59681
1403638589.7778294086 -1.72472 2.66126 -0.71107 0.01235 0.80396 -0.02610 0.59398
1403638589.8778295517 -1.82263 2.70166 -0.72879 0.01225 0.80427 -0.02697 0.59352
1403638589.9778294563 -1.88976 2.78112 -0.73755 0.01340 0.80419 -0.02811 0.59355
1403638590.0778295994 -1.99350 2.81869 -0.76657 0.01258 0.80390 -0.02894 0.59393
1403638590.1778295040 -2.06034 2.89968 -0.78410 0.01357 0.80277 -0.03022 0.59537
1403638590.2778294086 -2.16789 2.93375 -0.82287 0.01253 0.80173 -0.03102 0.59676
1403638590.3778295517 -2.23634 3.02372 -0.84841 0.01398 0.80196 -0.03226 0.59634
1403638590.4778294563 -2.34935 3.05541 -0.89307 0.01386 0.80215 -0.03233 0.59609
1403638590.5778295994 -2.39938 3.12706 -0.91596 0.01423 0.80330 -0.03354 0.59446
1403638590.6778295040 -2.51577 3.15325 -0.95136 0.01250 0.80482 -0.03394 0.59242
1403638590.7778294086 -2.66087 3.30056 -0.98933 0.01487 0.80465 -0.03634 0.59245
1403638590.8778295517 -2.78580 3.32963 -1.00964 0.01499 0.80506 -0.03612 0.59191
1403638590.9778294563 -2.86801 3.44800 -1.01847 0.01593 0.80560 -0.03844 0.59100
1403638591.0778295994 -2.99853 3.47515 -1.02744 0.01448 0.80646 -0.03948 0.58979
1403638591.1778295040 -3.17143 3.48713 -1.04229 0.01834 0.80946 -0.04238 0.58535
1403638591.2778294086 -3.31153 3.51211 -1.06472 0.01798 0.81555 -0.04290 0.57681
1403638591.3778295517 -3.46022 3.57654 -1.09432 0.01696 0.82004 -0.04474 0.57031
1403638591.4778294563 -3.64213 3.66854 -1.12855 0.01757 0.82207 -0.04790 0.56710
1403638591.5778295994 -3.75536 3.76350 -1.16887 0.01753 0.82508 -0.05081 0.56246
1403638591.6778295040 -3.83321 3.73558 -1.17504 0.01423 0.82587 -0.05052 0.56141
1403638591.7778294086 -3.92984 3.80106 -1.21212 0.01611 0.82334 -0.05128 0.56500
1403638591.8778295517 -4.05320 3.81376 -1.25202 0.01564 0.82032 -0.05112 0.56940
1403638591.9778294563 -4.17486 3.82289 -1.28512 0.01488 0.81700 -0.05118 0.57416
1403638592.0778295994 -4.33339 3.88237 -1.30895 0.01490 0.81401 -0.05186 0.57833
1403638592.1778295040 -4.45694 3.88360 -1.32390 0.01111 0.81014 -0.05073 0.58393
1403638592.2778294086 -4.61788 3.90737 -1.32320 0.00290 0.80188 -0.04686 0.59563
1403638592.3778295517 -4.83532 3.86538 -1.36260 -0.01113 0.79366 -0.03628 0.60718
1403638592.4778294563 -4.93404 3.86780 -1.33402 -0.02361 0.79201 -0.02205 0.60965
1403638592.5778295994 -5.09038 3.87243 -1.31659 -0.02947 0.79494 -0.00661 0.60593
1403638592.6778295040 -5.25465 3.87395 -1.29366 -0.03368 0.79890 0.00593 0.60049
1403638592.7778294086 -5.42577 3.86901 -1.27313 -0.03638 0.80357 0.01479 0.59392
1403638592.8778295517 -5.60498 3.87169 -1.26702 -0.03842 0.80689 0.02015 0.58910
1403638592.9778294563 -5.80622 3.86907 -1.26917 -0.03646 0.80813 0.02273 0.58743
1403638593.0778295994 -5.99265 3.84107 -1.27032 -0.03743 0.80815 0.02399 0.58729
1403638593.1778295040 -6.29723 3.71450 -1.25881 -0.04032 0.80474 0.02605 0.59168
1403638593.2778294086 -6.50361 3.66463 -1.25277 -0.03527 0.79990 0.02840 0.59842
1403638593.3778295517 -6.71851 3.61345 -1.24283 -0.02798 0.79452 0.03186 0.60576
1403638593.4778294563 -6.93185 3.58342 -1.22744 -0.02111 0.78853 0.03327 0.61374
1403638593.5778295994 -7.16201 3.52893 -1.22625 -0.01802 0.78481 0.03353 0.61856
1403638593.6778295040 -7.40363 3.47928 -1.22553 -0.01602 0.78306 0.03323 0.62085
1403638593.7778294086 -7.65307 3.42399 -1.24070 -0.01657 0.77929 0.03209 0.62563
1403638593.8778295517 -7.91869 3.37050 -1.25372 -0.02528 0.76802 0.02952 0.63925
1403638593.9778294563 -8.20379 3.31908 -1.26678 -0.03364 0.76306 0.03190 0.64467
1403638594.0778295994 -8.50298 3.25763 -1.27578 -0.04061 0.76776 0.03575 0.63845
1403638594.1778295040 -8.85074 3.16062 -1.27879 -0.04373 0.76917 0.04393 0.63603
1403638594.2778294086 -9.21372 3.08500 -1.28763 -0.04300 0.76973 0.04911 0.63502
1403638594.3778295517 -9.57184 3.00909 -1.30536 -0.04133 0.76691 0.05333 0.63819
1403638594.4778294563 -9.96363 3.12395 -1.33040 -0.03302 0.76264 0.05431 0.64369
1403638594.5778295994 -10.36352 3.07067 -1.34379 -0.03883 0.76301 0.05275 0.64306
1403638594.6778295040 -10.77843 3.00014 -1.35413 -0.04501 0.76401 0.05025 0.64167
1403638594.7778294086 -11.21071 2.94100 -1.36956 -0.04712 0.76489 0.04843 0.64060
1403638594.8778295517 -11.65544 2.87258 -1.39179 -0.04877 0.76496 0.04677 0.64052
1403638594.9778294563 -12.11598 2.79953 -1.42563 -0.04735 0.76663 0.04657 0.63864
1403638595.0778295994 -12.59225 2.72366 -1.46860 -0.04866 0.76793 0.04514 0.63708
1403638595.1778295040 -13.08146 2.63900 -1.51951 -0.04909 0.76835 0.04404 0.63663
1403638595.2778294086 -13.58248 2.54229 -1.58030 -0.04896 0.76846 0.04390 0.63651
1403638595.3778295517 -14.09957 2.44771 -1.64784 -0.04975 0.76789 0.04308 0.63719
1403638595.4778294563 -14.86810 2.18962 -1.83422 -0.05232 0.76626 0.04447 0.63885
1403638595.5778295994 -15.43076 2.07550 -1.92070 -0.05238 0.76658 0.04488 0.63843
1403638595.6778295040 -16.00854 1.95748 -2.00170 -0.05036 0.76574 0.04623 0.63950
1403638595.7778294086 -16.60375 1.83474 -2.08037 -0.04605 0.76555 0.04890 0.63986
1403638595.8778295517 -17.21515 1.70221 -2.16562 -0.04509 0.76535 0.04951 0.64013
1403638595.9778294563 -17.83933 1.57429 -2.26704 -0.04315 0.76421 0.05052 0.64154
1403638596.0778295994 -18.19770 1.74501 -2.28938 -0.03194 0.76459 0.05189 0.64163
1403638596.1778295040 -18.83402 1.62321 -2.39998 -0.02021 0.76363 0.05894 0.64264
1403638596.2778294086 -19.49128 1.51051 -2.50705 -0.00771 0.76279 0.06670 0.64315
1403638596.3778295517 -20.24319 1.25328 -2.62628 -0.00003 0.76001 0.07471 0.64560
1403638596.4778294563 -20.94500 1.12298 -2.72213 0.00508 0.75793 0.07889 0.64753
1403638596.5778295994 -21.70052 1.09401 -2.80500 0.01306 0.75679 0.08302 0.64824
1403638596.6778295040 -22.44769 0.97367 -2.89053 0.02062 0.75506 0.08842 0.64934
1403638596.7778294086 -23.20973 0.87038 -2.96814 0.02425 0.75386 0.09149 0.65019
1403638596.8778295517 -22.80761 1.44097 -2.68940 0.03427 0.75645 0.08813 0.64718
1403638596.9778294563 -23.56549 1.32867 -2.75663 0.03437 0.75434 0.08922 0.64948
1403638597.0778295994 -23.58288 1.06705 -2.74734 0.03499 0.75493 0.09129 0.64848
1403638597.1778295040 -25.48571 0.85832 -3.08365 0.03655 0.74904 0.08947 0.65544
1403638597.2778294086 -26.33346 1.07748 -3.13665 0.03478 0.74727 0.08407 0.65826
1403638597.3778295517 -26.76331 1.20516 -3.17812 0.03075 0.74869 0.07763 0.65765
1403638597.4778294563 -27.39310 1.32348 -3.19848 0.02292 0.75098 0.06892 0.65632
1403638597.5778295994 -28.31438 1.80165 -3.30548 0.01462 0.74840 0.05430 0.66086
1403638597.6778295040 -29.42232 2.18060 -3.46256 0.02109 0.74153 0.03595 0.66963
1403638597.7778294086 -30.12964 1.81401 -3.47548 0.00716 0.74717 0.06194 0.66170
1403638597.8778295517 -31.22541 1.89027 -3.64061 0.01821 0.74350 0.06373 0.66545
1403638597.9778294563 -32.17135 1.94911 -3.73900 0.01980 0.74229 0.07260 0.66584
1403638598.0778295994 -33.11773 1.93682 -3.86822 0.01028 0.74117 0.07698 0.66681
1403638598.1778295040 -34.06191 1.71783 -4.10853 -0.01671 0.74451 0.07384 0.66330
1403638598.2778294086 -35.06529 1.73499 -4.23396 -0.03513 0.74807 0.06804 0.65919
1403638598.3778295517 -36.08823 1.77059 -4.36423 -0.04584 0.75079 0.06399 0.65584
1403638598.4778294563 -37.24137 2.39871 -4.50138 -0.04008 0.75508 0.05844 0.65179
1403638598.5778295994 -38.41299 2.67624 -4.68033 -0.03926 0.75467 0.05397 0.65270
1403638598.6778295040 -39.29560 2.57242 -4.67913 -0.04842 0.75679 0.07139 0.64794
1403638598.7778294086 -40.33310 3.79268 -4.85849 -0.02879 0.75376 0.05439 0.65426
1403638598.8778295517 -41.42176 3.94946 -4.99558 -0.03927 0.75196 0.07266 0.65401
1403638598.9778294563 -42.64553 3.45997 -4.94844 -0.07225 0.75267 0.11738 0.64380
1403638599.0778295994 -43.76722 3.41237 -5.07237 -0.08728 0.74937 0.13876 0.64153
1403638599.1778295040 -44.91848 3.47426 -5.18328 -0.09837 0.74570 0.15731 0.63993
1403638599.2778294086 -46.08547 3.55678 -5.29135 -0.10713 0.74251 0.17651 0.63722
1403638599.3778295517 -47.25478 3.22767 -5.37512 -0.12704 0.73930 0.20331 0.62926
1403638599.4778294563 -48.44641 3.18462 -5.47084 -0.13584 0.73741 0.21856 0.62450
1403638599.5778295994 -48.84814 0.91936 -5.31886 -0.19706 0.72927 0.27367 0.59534
1403638599.6778295040 -49.99224 0.82406 -5.40161 -0.19519 0.73085 0.27481 0.59350
1403638599.7778294086 -51.21674 0.75588 -5.51937 -0.19227 0.73067 0.27218 0.59588
1403638599.8778295517 -53.49218 3.72831 -5.92707 -0.11435 0.74272 0.19938 0.62892
1403638599.9778294563 -54.60324 0.98069 -5.94198 -0.17137 0.73449 0.24146 0.61062
1403638600.0778295994 -56.07396 1.14843 -5.98832 -0.16862 0.73869 0.22557 0.61238
1403638600.1778295040 -56.98020 0.33627 -6.28547 -0.19837 0.74207 0.23415 0.59595
1403638600.2778294086 -58.25875 0.13683 -6.43566 -0.20644 0.74763 0.22416 0.59007
1403638600.3778295517 -58.82899 -2.07172 -6.26121 -0.25422 0.74326 0.25593 0.56341
1403638600.4778294563 -60.31623 -1.43898 -6.32071 -0.22974 0.75077 0.21865 0.57945
1403638600.5778295994 -60.97927 -2.75993 -6.73057 -0.25605 0.73288 0.22464 0.58895
1403638600.6778295040 -62.02273 -3.60444 -6.86174 -0.26739 0.73305 0.23133 0.58106
1403638600.7778294086 -63.19358 -4.18346 -6.98745 -0.26540 0.73688 0.23272 0.57655
1403638600.8778295517 -62.50835 -8.36160 -6.82425 -0.30562 0.71466 0.28342 0.56172
1403638600.9778294563 -63.27053 -9.55955 -6.92380 -0.29505 0.71104 0.30196 0.56230
1403638602.1778295040 0.65991 1.32317 0.17985 -0.06413 0.80574 0.14424 0.57085
1403638602.2778294086 0.72263 1.46555 0.19262 -0.06890 0.79960 0.15990 0.57474
1403638602.3778295517 0.78608 1.60620 0.20169 -0.08948 0.79029 0.17119 0.58148
1403638602.4778294563 0.83763 1.74649 0.22200 -0.12210 0.76938 0.17682 0.60157
1403638602.5778295994 0.88243 1.88493 0.25010 -0.15567 0.74914 0.18117 0.61784
1403638602.6778295040 0.91141 2.00816 0.28436 -0.17585 0.74018 0.19406 0.61931
1403638602.7778294086 0.92226 2.11690 0.32387 -0.18597 0.73723 0.21272 0.61372
1403638602.8778295517 0.91479 2.21142 0.36839 -0.19590 0.73521 0.23114 0.60636
1403638602.9778294563 0.89466 2.29730 0.41563 -0.21409 0.73691 0.24487 0.59259
1403638603.0778295994 0.86929 2.37386 0.45915 -0.23152 0.73364 0.25829 0.58435
1403638603.1778295040 0.84184 2.44437 0.49617 -0.24193 0.72821 0.27143 0.58095
1403638603.2778294086 0.80752 2.50213 0.52077 -0.23885 0.73733 0.28668 0.56312
1403638603.3778295517 0.76518 2.54365 0.53532 -0.23120 0.75136 0.29902 0.54092
1403638603.4778294563 0.72907 2.59381 0.54652 -0.22589 0.76125 0.30387 0.52643
1403638603.5778295994 0.69403 2.64086 0.55473 -0.22482 0.76057 0.30632 0.52646
1403638603.6778295040 0.65705 2.68030 0.55726 -0.22489 0.75392 0.30796 0.53497
1403638603.7778294086 0.62309 2.71380 0.55024 -0.21702 0.74629 0.31409 0.54526
1403638603.8778295517 0.58206 2.74908 0.54231 -0.20830 0.73965 0.31838 0.55512
1403638603.9778294563 0.53386 2.77853 0.52883 -0.20187 0.73342 0.32098 0.56419
1403638604.0778295994 0.48415 2.80977 0.50382 -0.19465 0.73065 0.32324 0.56901
1403638604.1778295040 0.41530 2.84235 0.49134 -0.19216 0.73057 0.32308 0.57006
1403638604.2778294086 0.35139 2.87605 0.47677 -0.19786 0.73500 0.31829 0.56508
1403638604.3778295517 0.26024 2.90844 0.47777 -0.20236 0.74297 0.31340 0.55572
1403638604.4778294563 0.17856 2.92155 0.48200 -0.20057 0.75089 0.31433 0.54510
1403638604.5778295994 0.08267 2.94567 0.49413 -0.19785 0.75591 0.31439 0.53910
1403638604.6778295040 -0.01341 2.96718 0.50203 -0.19976 0.75939 0.31171 0.53504
1403638604.7778294086 -0.10509 2.97216 0.50822 -0.20342 0.76139 0.30831 0.53277
1403638604.8778295517 -0.17806 2.92655 0.51944 -0.20815 0.76317 0.30945 0.52772
1403638604.9778294563 -0.26831 2.92885 0.52783 -0.20566 0.76928 0.31028 0.51927
1403638605.0778295994 -0.35107 2.93017 0.54222 -0.20318 0.77583 0.31128 0.50981
1403638605.1778295040 -0.42649 2.93914 0.56181 -0.20024 0.78014 0.31221 0.50379
1403638605.2778294086 -0.49267 2.95435 0.58192 -0.19564 0.78142 0.31418 0.50240
1403638605.3778295517 -0.55606 2.97636 0.59622 -0.18825 0.77732 0.31808 0.50908
1403638605.4778294563 -0.60356 3.01896 0.60611 -0.17894 0.76826 0.32374 0.52244
1403638605.5778295994 -0.64000 3.04825 0.60790 -0.17523 0.75976 0.33081 0.53163
1403638605.6778295040 -0.70111 3.08836 0.60367 -0.16931 0.75454 0.33363 0.53916
1403638605.7778294086 -0.76740 3.13473 0.60279 -0.16669 0.75401 0.33386 0.54057
1403638605.8778295517 -0.82075 3.20182 0.61239 -0.16275 0.75465 0.33470 0.54036
1403638605.9778294563 -0.89721 3.26562 0.62728 -0.15768 0.75431 0.33571 0.54171
1403638606.0778295994 -0.95531 3.35395 0.64010 -0.15381 0.75510 0.33562 0.54178
1403638606.1778295040 -1.04612 3.43087 0.64455 -0.14943 0.75522 0.33621 0.54247
1403638606.2778294086 -1.11542 3.53596 0.64204 -0.14610 0.75705 0.33560 0.54121
1403638606.3778295517 -1.22421 3.62751 0.62745 -0.15130 0.76552 0.32887 0.53191
1403638606.4778294563 -1.34064 3.72456 0.60727 -0.15922 0.77559 0.32008 0.52025
1403638606.5778295994 -1.45675 3.82807 0.58059 -0.16592 0.78417 0.31348 0.50920
1403638606.6778295040 -1.56715 3.93960 0.54812 -0.17100 0.78788 0.31411 0.50134
1403638606.7778294086 -1.67512 4.05689 0.51082 -0.17545 0.78897 0.32199 0.49302
1403638606.8778295517 -1.78385 4.18645 0.47200 -0.18342 0.78700 0.33346 0.48557
1403638606.9778294563 -1.81326 4.30779 0.43059 -0.19512 0.78152 0.34942 0.47861
1403638607.0778295994 -1.87428 4.43891 0.40406 -0.20908 0.77465 0.36350 0.47336
1403638607.1778295040 -1.92940 4.58056 0.38676 -0.22463 0.76638 0.37029 0.47442
1403638607.2778294086 -1.98023 4.72820 0.37151 -0.23684 0.75405 0.37502 0.48443
1403638607.3778295517 -2.02514 4.87807 0.34898 -0.24822 0.74637 0.37498 0.49062
1403638607.4778294563 -2.06588 5.02931 0.31793 -0.25307 0.74397 0.37552 0.49136
1403638607.5778295994 -2.10673 5.19068 0.27570 -0.25389 0.74362 0.37596 0.49115
1403638607.6778295040 -2.14750 5.34455 0.23148 -0.25423 0.74244 0.37524 0.49330
1403638607.7778294086 -2.19203 5.49963 0.18089 -0.25109 0.74152 0.37488 0.49655
1403638607.8778295517 -2.23215 5.66051 0.12431 -0.25077 0.74431 0.37149 0.49509
1403638607.9778294563 -2.23906 5.82786 0.06542 -0.25213 0.74915 0.36686 0.49052
1403638608.0778295994 -2.28306 5.98467 -0.00047 -0.25106 0.74823 0.36347 0.49499
1403638608.1778295040 -2.35729 6.20506 -0.09246 -0.24217 0.74623 0.36117 0.50403
1403638608.2778294086 -2.36038 6.37972 -0.16789 -0.23885 0.74228 0.36042 0.51192
1403638608.3778295517 -2.41472 6.54258 -0.24678 -0.23639 0.73697 0.35856 0.52195
1403638608.4778294563 -2.42057 6.71543 -0.33421 -0.23529 0.73756 0.35743 0.52239
1403638608.5778295994 -2.48161 6.86698 -0.42365 -0.23202 0.73966 0.35647 0.52153
1403638608.6778295040 -2.48818 7.03730 -0.51368 -0.23607 0.73732 0.35233 0.52583
1403638608.7778294086 -2.57862 7.19050 -0.59580 -0.23461 0.73808 0.35032 0.52676
1403638608.8778295517 -2.65515 7.32827 -0.67171 -0.23224 0.74217 0.34956 0.52255
1403638608.9778294563 -2.67776 7.49282 -0.74399 -0.23078 0.74704 0.34901 0.51658
1403638609.0778295994 -2.76685 7.62168 -0.80636 -0.22922 0.75032 0.34770 0.51340
1403638609.1778295040 -2.89417 7.77976 -0.87829 -0.22926 0.75136 0.34460 0.51395
1403638609.2778294086 -2.91522 7.86000 -0.96789 -0.23482 0.74884 0.33289 0.52277
1403638609.3778295517 -2.94684 8.00990 -1.03879 -0.23260 0.74981 0.33272 0.52247
1403638609.4778294563 -3.07160 8.08057 -1.12207 -0.22816 0.74950 0.33283 0.52481
1403638609.5778295994 -3.10826 8.22423 -1.20767 -0.22346 0.75043 0.33411 0.52468
1403638609.6778295040 -3.06838 8.33871 -1.29469 -0.22513 0.75018 0.34049 0.52021
1403638609.7778294086 -3.09301 8.48319 -1.38695 -0.22269 0.75106 0.34044 0.52002
1403638609.8778295517 -3.08722 8.73515 -1.52540 -0.21981 0.75288 0.33793 0.52025
1403638609.9778294563 -3.11006 8.89443 -1.60667 -0.21923 0.75306 0.33632 0.52128
1403638610.0778295994 -3.21944 8.93029 -1.66489 -0.22156 0.75052 0.33282 0.52617
1403638610.1778295040 -3.24129 9.09248 -1.73729 -0.22078 0.74815 0.33181 0.53050
1403638610.2778294086 -3.26896 9.24438 -1.81104 -0.22174 0.74734 0.32931 0.53280
1403638610.3778295517 -3.29606 9.39767 -1.89141 -0.22133 0.74760 0.32795 0.53343
1403638610.4778294563 -3.38620 9.47735 -1.99034 -0.22047 0.74598 0.32652 0.53693
1403638610.5778295994 -3.41671 9.63152 -2.07947 -0.22110 0.74125 0.32457 0.54434
1403638610.6778295040 -3.45424 9.77761 -2.16975 -0.22354 0.73655 0.32160 0.55145
1403638610.7778294086 -3.49696 9.92072 -2.25816 -0.22099 0.74290 0.32235 0.54346
1403638610.8778295517 -3.53484 10.06460 -2.34047 -0.21742 0.75045 0.32419 0.53334
1403638610.9778294563 -3.64435 10.09592 -2.40883 -0.21635 0.75116 0.32205 0.53408
1403638611.0778295994 -3.63957 10.13168 -2.46188 -0.22183 0.74768 0.32271 0.53630
1403638611.1778295040 -3.69135 10.26700 -2.54723 -0.22181 0.74753 0.32211 0.53689
1403638611.2778294086 -3.73483 10.40018 -2.62689 -0.22012 0.74797 0.32232 0.53684
1403638611.3778295517 -3.78045 10.53312 -2.70176 -0.21210 0.74676 0.32636 0.53931
1403638611.4778294563 -3.88204 10.52356 -2.78024 -0.19988 0.74313 0.33493 0.54373
1403638611.5778295994 -3.92680 10.66721 -2.84343 -0.18966 0.74396 0.33932 0.54353
1403638611.6778295040 -3.91302 10.82984 -2.97632 -0.19069 0.74618 0.34104 0.53902
1403638611.7778294086 -3.93409 10.96251 -3.08050 -0.19811 0.75185 0.33668 0.53115
1403638611.8778295517 -3.98095 11.11662 -3.15325 -0.20301 0.75760 0.33044 0.52501
1403638611.9778294563 -4.06080 11.22721 -3.24275 -0.20423 0.76162 0.32582 0.52160
1403638612.0778295994 -4.18353 11.24311 -3.32173 -0.20346 0.76333 0.32370 0.52072
1403638612.1778295040 -4.23455 11.40554 -3.39195 -0.20370 0.76506 0.32106 0.51973
1403638612.2778294086 -4.31613 11.43231 -3.46188 -0.20584 0.76437 0.32123 0.51979
1403638612.3778295517 -4.35735 11.60205 -3.51862 -0.20265 0.76471 0.32103 0.52066
1403638612.4778294563 -4.39767 11.76858 -3.57879 -0.20036 0.76402 0.31986 0.52327
1403638612.5778295994 -4.47554 11.89297 -3.64234 -0.19222 0.76318 0.31678 0.52939
1403638612.6778295040 -4.51555 12.06993 -3.71629 -0.18465 0.76210 0.31886 0.53238
1403638612.7778294086 -4.55806 12.25254 -3.79706 -0.18007 0.76168 0.31813 0.53498
1403638612.8778295517 -4.64249 12.33595 -3.88154 -0.18015 0.76009 0.31619 0.53837
1403638612.9778294563 -4.69046 12.53068 -3.96116 -0.17970 0.76101 0.31319 0.53897
1403638613.0778295994 -4.74025 12.73046 -4.03332 -0.17955 0.76424 0.31061 0.53594
1403638613.1778295040 -4.74006 12.98449 -4.05889 -0.17986 0.76660 0.30984 0.53289
1403638613.2778294086 -4.79030 13.20299 -4.11650 -0.17779 0.76769 0.30905 0.53248
1403638613.3778295517 -4.77042 13.46338 -4.19651 -0.17757 0.76801 0.31127 0.53079
1403638613.4778294563 -4.81747 13.69565 -4.25260 -0.17682 0.76785 0.30945 0.53233
1403638613.5778295994 -4.85776 13.93899 -4.31482 -0.17444 0.76893 0.30422 0.53457
1403638613.6778295040 -4.89728 14.19003 -4.38423 -0.17667 0.76917 0.29678 0.53767
1403638613.7778294086 -4.76149 14.61891 -4.46755 -0.17673 0.76898 0.29081 0.54117
1403638613.8778295517 -4.79187 14.89622 -4.55260 -0.17140 0.77012 0.28169 0.54607
1403638613.9778294563 -4.89686 15.41487 -4.66600 -0.14919 0.77733 0.26254 0.55187
1403638614.0778295994 -4.77271 15.72087 -4.79826 -0.13814 0.78314 0.25201 0.55145
1403638614.1778295040 -5.03790 15.91988 -4.87650 -0.11587 0.78993 0.23060 0.55624
1403638614.2778294086 -5.03440 16.40057 -5.00938 -0.09368 0.79678 0.20817 0.55950
1403638614.3778295517 -5.04941 16.52058 -5.10929 -0.09545 0.79948 0.20342 0.55708
1403638614.4778294563 -5.07090 16.98546 -5.19835 -0.08383 0.80343 0.18856 0.55850
1403638614.5778295994 -5.17186 17.21487 -5.33147 -0.07830 0.80556 0.17692 0.56003
1403638614.6778295040 -5.20770 17.72355 -5.42532 -0.07052 0.80840 0.16072 0.56185
1403638614.7778294086 -5.18148 18.20673 -5.50728 -0.05563 0.81618 0.13366 0.55937
1403638614.8778295517 -5.21407 18.60706 -5.57622 -0.04762 0.82285 0.11294 0.55489
1403638614.9778294563 -5.29197 18.89691 -5.56586 -0.03222 0.82581 0.08893 0.55596
1403638615.0778295994 -5.29104 19.26609 -5.67145 -0.01560 0.82679 0.06817 0.55814
1403638615.1778295040 -5.23323 19.73333 -5.71964 0.00327 0.82568 0.05251 0.56167
1403638615.2778294086 -5.21061 20.13944 -5.76514 0.02610 0.82232 0.03507 0.56734
1403638615.3778295517 -5.25107 20.61758 -5.83103 0.05594 0.81722 0.00336 0.57360
1403638615.4778294563 -5.24440 21.04997 -5.89232 0.07834 0.81287 -0.02326 0.57668
1403638615.5778295994 -5.22540 21.62219 -5.97130 0.10490 0.80755 -0.05424 0.57786
1403638615.6778295040 -5.05814 22.21991 -6.12313 0.12921 0.80380 -0.07720 0.57554
1403638615.7778294086 -5.08397 22.74474 -6.23194 0.14730 0.79819 -0.09781 0.57588
1403638615.8778295517 -5.06911 23.23428 -6.31115 0.15541 0.79427 -0.11289 0.57640
1403638615.9778294563 -5.20415 23.66387 -6.36364 0.16171 0.79070 -0.12642 0.57676
1403638616.0778295994 -4.98622 24.35348 -6.67926 0.17977 0.78642 -0.14332 0.57332
1403638616.1778295040 -4.63019 25.40200 -6.76578 0.18934 0.78778 -0.15353 0.56567
1403638616.2778294086 -4.33340 26.08984 -6.88502 0.21630 0.77521 -0.18463 0.56408
1403638616.3778295517 -5.21412 26.10613 -7.05811 0.21831 0.76821 -0.20093 0.56730
1403638616.4778294563 -5.23080 26.70742 -7.22073 0.22858 0.76253 -0.21922 0.56412
1403638616.5778295994 -5.07380 27.39202 -7.37423 0.24135 0.75765 -0.23610 0.55855
1403638616.6778295040 -5.08598 28.01497 -7.49210 0.24268 0.76049 -0.24568 0.54991
1403638617.8778295517 0.40784 -1.03731 0.03044 -0.04728 0.82908 0.08096 0.55122
1403638617.9778294563 0.47197 -1.12187 0.06674 -0.04934 0.82814 0.08119 0.55241
1403638618.0778295994 0.54052 -1.20394 0.09818 -0.05011 0.82771 0.08240 0.55281
1403638618.1778295040 0.61167 -1.28229 0.12381 -0.05210 0.82795 0.08228 0.55228
1403638618.2778294086 0.68361 -1.35754 0.14435 -0.05123 0.82776 0.08346 0.55246
1403638618.3778295517 0.75885 -1.42896 0.15988 -0.05127 0.82699 0.08421 0.55350
1403638618.4778294563 0.83784 -1.49740 0.17308 -0.05129 0.82709 0.08531 0.55318
1403638618.5778295994 0.91922 -1.56314 0.18551 -0.05028 0.82604 0.08597 0.55474
1403638618.6778295040 1.00447 -1.62591 0.19403 -0.04632 0.82638 0.08273 0.55507
1403638618.7778294086 1.09177 -1.68543 0.21044 -0.04383 0.82611 0.07944 0.55616
1403638618.8778295517 1.18107 -1.74077 0.23215 -0.04104 0.82479 0.07588 0.55881
1403638618.9778294563 1.27104 -1.79309 0.25604 -0.03568 0.82174 0.06645 0.56485
1403638619.0778295994 1.36140 -1.84338 0.27220 -0.02428 0.81974 0.05236 0.56982
1403638619.1778295040 1.45060 -1.89138 0.28065 -0.01108 0.81837 0.03309 0.57363
1403638619.2778294086 1.53931 -1.93661 0.28189 0.00264 0.81726 0.00859 0.57620
1403638619.3778295517 1.62702 -1.97995 0.27374 0.01868 0.81567 -0.01641 0.57798
1403638619.4778294563 1.71221 -2.01966 0.26158 0.02916 0.81389 -0.03809 0.57904
1403638619.5778295994 1.79769 -2.05685 0.24827 0.03551 0.81208 -0.05418 0.57994
1403638619.6778295040 1.88208 -2.09351 0.23311 0.03155 0.81057 -0.07086 0.58048
1403638619.7778294086 1.96533 -2.13184 0.21725 0.02778 0.80956 -0.08256 0.58053
1403638619.8778295517 2.04090 -2.17106 0.20106 0.02749 0.80819 -0.08932 0.58145
1403638619.9778294563 2.11491 -2.21659 0.17501 0.02880 0.80778 -0.09308 0.58137
1403638620.0778295994 2.18942 -2.26571 0.16143 0.03070 0.80550 -0.09498 0.58413
1403638620.1778295040 2.25524 -2.31956 0.14344 0.03491 0.80231 -0.09433 0.58838
1403638620.2778294086 2.32532 -2.37689 0.14470 0.03809 0.80288 -0.09323 0.58757
1403638620.3778295517 2.38170 -2.43690 0.14248 0.04115 0.80405 -0.09105 0.58611
1403638620.4778294563 2.44017 -2.49713 0.15599 0.04265 0.80503 -0.08894 0.58497
1403638620.5778295994 2.49018 -2.56203 0.15954 0.04248 0.80625 -0.08727 0.58355
1403638620.6778295040 2.53890 -2.62804 0.15866 0.04007 0.80883 -0.08693 0.58020
1403638620.7778294086 2.59349 -2.69236 0.15891 0.03739 0.81239 -0.08704 0.57537
1403638620.8778295517 2.63959 -2.76386 0.14804 0.04109 0.81507 -0.08227 0.57202
1403638620.9778294563 2.68618 -2.83561 0.13489 0.04568 0.81501 -0.07638 0.57257
1403638621.0778295994 2.74049 -2.90269 0.12694 0.04937 0.81296 -0.07167 0.57577
1403638621.1778295040 2.78429 -2.97316 0.11705 0.04782 0.81157 -0.07007 0.57806
1403638621.2778294086 2.83491 -3.03943 0.11875 0.04805 0.81023 -0.06769 0.58020
1403638621.3778295517 2.87496 -3.10552 0.12011 0.04987 0.81075 -0.06469 0.57967
1403638621.4778294563 2.91867 -3.16650 0.12060 0.05032 0.80878 -0.06291 0.58256
1403638621.5778295994 2.95536 -3.22771 0.11119 0.04991 0.80639 -0.06120 0.58609
1403638621.6778295040 2.98846 -3.28520 0.09789 0.04942 0.80531 -0.06041 0.58769
1403638621.7778294086 3.02033 -3.33639 0.08413 0.05027 0.80360 -0.05937 0.59007
1403638621.8778295517 3.04631 -3.39112 0.06255 0.05155 0.79995 -0.05802 0.59502
1403638621.9778294563 3.06715 -3.44048 0.03903 0.05163 0.79736 -0.05779 0.59851
1403638622.0778295994 3.08213 -3.48056 0.01564 0.05030 0.79713 -0.05896 0.59882
1403638622.1778295040 3.09342 -3.52713 -0.01581 0.04729 0.79833 -0.06083 0.59727
1403638622.2778294086 3.09874 -3.56954 -0.04202 0.04444 0.79798 -0.06336 0.59770
1403638622.3778295517 3.09689 -3.60931 -0.06061 0.04533 0.79901 -0.06388 0.59620
1403638622.4778294563 3.08653 -3.64014 -0.06428 0.04927 0.79963 -0.06223 0.59522
1403638622.5778295994 3.07366 -3.67799 -0.06985 0.05274 0.79925 -0.06107 0.59555
1403638622.6778295040 3.05298 -3.70205 -0.05894 0.05624 0.79501 -0.05989 0.60101
1403638622.7778294086 3.02640 -3.73149 -0.04441 0.05725 0.78368 -0.05982 0.61563
1403638622.8778295517 2.99886 -3.75909 -0.02207 0.05863 0.77887 -0.06010 0.62154
1403638622.9778294563 2.95681 -3.77382 -0.00040 0.05793 0.78300 -0.06208 0.61620
1403638623.0778295994 2.90367 -3.78933 0.01110 0.05537 0.78987 -0.06496 0.60731
1403638623.1778295040 2.84323 -3.80173 0.01762 0.05104 0.79421 -0.06837 0.60162
1403638623.2778294086 2.77701 -3.80856 0.02168 0.04866 0.79789 -0.07039 0.59669
1403638623.3778295517 2.70713 -3.82229 0.01830 0.04678 0.80067 -0.07191 0.59293
1403638623.4778294563 2.63399 -3.83158 0.01389 0.04783 0.80235 -0.07158 0.59061
1403638623.5778295994 2.55810 -3.84467 0.00841 0.04920 0.80239 -0.07095 0.59053
1403638623.6778295040 2.47877 -3.85745 0.01395 0.05072 0.80283 -0.07032 0.58987
1403638623.7778294086 2.39495 -3.87049 0.02240 0.05314 0.80378 -0.07005 0.58839
1403638623.8778295517 2.30679 -3.88149 0.03620 0.05479 0.80490 -0.07010 0.58670
1403638623.9778294563 2.21638 -3.89202 0.05120 0.05666 0.80610 -0.07047 0.58483
1403638624.0778295994 2.12272 -3.90170 0.05717 0.05511 0.80669 -0.07329 0.58382
1403638624.1778295040 2.02978 -3.91082 0.06202 0.05275 0.80688 -0.07572 0.58347
1403638624.2778294086 1.93244 -3.92011 0.05685 0.05071 0.80682 -0.07845 0.58337
1403638624.3778295517 1.83608 -3.92938 0.04910 0.05031 0.80651 -0.08033 0.58357
1403638624.4778294563 1.72973 -3.94050 0.04514 0.05221 0.80622 -0.08090 0.58373
1403638624.5778295994 1.62857 -3.95185 0.02849 0.04631 0.79846 -0.08659 0.59399
1403638624.6778295040 1.52535 -3.96449 0.01025 0.04725 0.79392 -0.08483 0.60022
1403638624.7778294086 1.46406 -3.97159 0.00487 0.05314 0.79905 -0.07461 0.59425
1403638624.8778295517 1.34263 -3.98504 -0.00241 0.05523 0.80408 -0.06586 0.58827
1403638624.9778294563 1.23643 -3.99732 0.00298 0.04808 0.80711 -0.06311 0.58505
1403638625.0778295994 1.13195 -4.00728 0.00882 0.04048 0.80809 -0.06196 0.58439
1403638625.1778295040 1.02038 -4.01736 0.00468 0.03419 0.80901 -0.06213 0.58350
1403638625.2778294086 0.91866 -4.03126 0.00335 0.03199 0.80980 -0.06020 0.58273
1403638625.3778295517 0.80811 -4.04465 -0.00552 0.03082 0.80981 -0.05923 0.58288
1403638625.4778294563 0.70935 -4.06302 -0.00141 0.02922 0.80929 -0.05847 0.58376
1403638625.5778295994 0.60003 -4.07935 0.00108 0.02996 0.80973 -0.05777 0.58318
1403638625.6778295040 0.49398 -4.09658 0.01214 0.03036 0.81133 -0.05760 0.58095
1403638625.7778294086 0.38678 -4.11323 0.03215 0.03005 0.81597 -0.05821 0.57437
1403638625.8778295517 0.28054 -4.13162 0.03929 0.03075 0.81859 -0.05843 0.57057
1403638625.9778294563 0.17282 -4.15215 0.04904 0.03198 0.81899 -0.05849 0.56992
1403638626.0778295994 0.07243 -4.17357 0.04653 0.03072 0.82045 -0.06023 0.56771
1403638626.1778295040 -0.02183 -4.19481 0.04604 0.03113 0.82088 -0.06059 0.56702
1403638626.2778294086 -0.11642 -4.21994 0.03501 0.03384 0.81922 -0.05943 0.56938
1403638626.3778295517 -0.21212 -4.24377 0.02624 0.04144 0.81669 -0.05437 0.57301
1403638626.4778294563 -0.30264 -4.26831 0.00868 0.04365 0.81517 -0.05240 0.57519
1403638626.5778295994 -0.39550 -4.28915 -0.00546 0.04479 0.81737 -0.05125 0.57208
1403638626.6778295040 -0.48267 -4.31105 -0.02336 0.04387 0.81930 -0.05152 0.56936
1403638626.7778294086 -0.56670 -4.33042 -0.03711 0.04195 0.82336 -0.05291 0.56348
1403638626.8778295517 -0.65646 -4.34924 -0.03799 0.04189 0.82602 -0.05237 0.55964
1403638626.9778294563 -0.73076 -4.36578 -0.03382 0.04140 0.82694 -0.05240 0.55832
1403638627.0778295994 -0.79727 -4.38195 -0.03461 0.04076 0.82698 -0.05210 0.55833
1403638627.1778295040 -0.78738 -4.39567 -0.04075 0.03848 0.82642 -0.05067 0.55945
1403638627.2778294086 -0.84113 -4.41127 -0.04902 0.03982 0.82628 -0.04944 0.55967
1403638627.3778295517 -0.88914 -4.42477 -0.05896 0.04182 0.82548 -0.04776 0.56084
1403638627.4778294563 -0.93174 -4.43708 -0.07203 0.04219 0.82585 -0.04754 0.56029
1403638627.5778295994 -0.96956 -4.44810 -0.08690 0.04333 0.82467 -0.04738 0.56196
1403638627.6778295040 -0.98929 -4.45315 -0.09960 0.04510 0.82170 -0.04708 0.56619
1403638627.7778294086 -1.02169 -4.46247 -0.11674 0.04657 0.81972 -0.04648 0.56897
1403638627.8778295517 -1.04974 -4.46826 -0.13448 0.04749 0.81906 -0.04666 0.56983
1403638627.9778294563 -1.07592 -4.47186 -0.15381 0.04830 0.82101 -0.04668 0.56694
1403638628.0778295994 -1.13766 -4.48551 -0.17184 0.04918 0.82210 -0.04645 0.56530
1403638628.1778295040 -1.16837 -4.48830 -0.18783 0.05037 0.82268 -0.04694 0.56432
1403638628.2778294086 -1.18934 -4.48723 -0.20224 0.05061 0.82297 -0.04768 0.56381
1403638628.3778295517 -1.19779 -4.47402 -0.21062 0.05054 0.82420 -0.05005 0.56182
1403638628.4778294563 -1.21047 -4.46796 -0.22026 0.04420 0.82195 -0.05501 0.56518
1403638628.5778295994 -1.21767 -4.46066 -0.22530 0.03504 0.81548 -0.06145 0.57445
1403638628.6778295040 -1.22525 -4.45420 -0.22940 0.02894 0.81191 -0.06590 0.57933
1403638628.7778294086 -1.21417 -4.44060 -0.22823 0.03116 0.81310 -0.06517 0.57763
1403638628.8778295517 -1.22782 -4.44124 -0.24210 0.03566 0.81333 -0.06242 0.57734
1403638628.9778294563 -1.23728 -4.44134 -0.25740 0.04068 0.81363 -0.05952 0.57689
1403638629.0778295994 -1.24930 -4.44175 -0.27027 0.04562 0.81435 -0.05606 0.57586
1403638629.1778295040 -1.26070 -4.42475 -0.26281 0.04877 0.81536 -0.05418 0.57434
1403638629.2778294086 -1.27766 -4.42334 -0.27241 0.04937 0.81555 -0.05342 0.57410
1403638629.3778295517 -1.28669 -4.41514 -0.26252 0.05091 0.81870 -0.05321 0.56948
1403638629.4778294563 -1.29240 -4.40919 -0.26389 0.05031 0.82335 -0.05458 0.56266
1403638629.5778295994 -1.28042 -4.40210 -0.25041 0.04746 0.82685 -0.05701 0.55751
1403638629.6778295040 -1.26409 -4.39620 -0.24002 0.03621 0.82584 -0.06540 0.55893
1403638629.7778294086 -1.25534 -4.39189 -0.23581 0.02861 0.82091 -0.07122 0.56588
1403638629.8778295517 -1.24729 -4.38970 -0.23580 0.02601 0.81470 -0.07351 0.57462
1403638629.9778294563 -1.24800 -4.38858 -0.24754 0.03578 0.80879 -0.06714 0.58316
1403638630.0778295994 -1.24601 -4.39079 -0.26674 0.04430 0.80451 -0.06151 0.58908
1403638630.1778295040 -1.24563 -4.39333 -0.29591 0.04910 0.80686 -0.05785 0.58585
1403638630.2778294086 -1.24871 -4.39566 -0.33189 0.05065 0.81127 -0.05673 0.57970
1403638630.3778295517 -1.24840 -4.39356 -0.35923 0.04981 0.83057 -0.05552 0.55190
1403638630.4778294563 -1.23719 -4.39045 -0.34994 0.04617 0.81247 -0.05582 0.57849
1403638630.5778295994 -1.22756 -4.38830 -0.35370 0.04568 0.81188 -0.05705 0.57923
1403638630.6778295040 -1.22083 -4.38746 -0.37867 0.04615 0.83040 -0.05212 0.55280
1403638630.7778294086 -1.22024 -4.39304 -0.38665 0.05001 0.83651 -0.04574 0.54374
1403638630.8778295517 -1.22785 -4.39553 -0.39601 0.04496 0.83532 -0.04694 0.54590
1403638630.9778294563 -1.23385 -4.39755 -0.40333 0.04514 0.83519 -0.04725 0.54606
1403638631.0778295994 -1.24133 -4.40023 -0.41228 0.04581 0.83518 -0.04681 0.54606
1403638631.1778295040 -1.24845 -4.40328 -0.42156 0.04573 0.83523 -0.04708 0.54597
1403638631.2778294086 -1.25642 -4.40659 -0.43100 0.04561 0.83527 -0.04711 0.54591
1403638631.3778295517 -1.26436 -4.41027 -0.44054 0.04534 0.83535 -0.04733 0.54580
1403638631.4778294563 -1.27208 -4.41419 -0.45021 0.04508 0.83531 -0.04766 0.54586
1403638631.5778295994 -1.28014 -4.41848 -0.46035 0.04496 0.83528 -0.04779 0.54589
1403638631.6778295040 -1.28786 -4.42321 -0.47059 0.04462 0.83531 -0.04824 0.54584
