1403638523.0778295994 0.01188 0.00325 0.34390 -0.07317 0.80518 0.01824 0.58821
1403638523.1778295040 0.00615 -0.00110 0.36722 -0.07226 0.80399 0.01856 0.58994
1403638523.2778294086 -0.00311 -0.00862 0.35520 -0.06278 0.80137 0.01833 0.59458
1403638523.3778295517 -0.01064 -0.01378 0.31740 -0.05810 0.80015 0.01734 0.59673
1403638523.4778294563 -0.01384 -0.01997 0.29219 -0.05276 0.80394 0.01951 0.59204
1403638523.5778295994 -0.02469 -0.02826 0.23359 -0.04526 0.81317 0.02351 0.57979
1403638523.6778295040 -0.02972 -0.03394 0.16793 -0.03753 0.82274 0.02586 0.56659
1403638523.7778294086 -0.03874 -0.03914 0.10777 -0.03433 0.82730 0.02909 0.55996
1403638523.8778295517 -0.04882 -0.04403 0.05207 -0.03107 0.82781 0.03206 0.55923
1403638523.9778294563 -0.05731 -0.05105 0.00990 -0.02181 0.82778 0.03803 0.55934
1403638524.0778295994 -0.05716 -0.04920 -0.01115 -0.01449 0.83090 0.04618 0.55431
1403638524.1778295040 -0.05968 -0.05392 -0.00424 -0.01536 0.83537 0.05134 0.54708
1403638524.2778294086 -0.05848 -0.05265 0.03080 -0.02121 0.83637 0.05219 0.54526
1403638524.3778295517 -0.05499 -0.05276 0.08105 -0.03042 0.83365 0.05051 0.54913
1403638524.4778294563 -0.04365 -0.05056 0.14040 -0.03722 0.82705 0.04863 0.55879
1403638524.5778295994 -0.04145 -0.04618 0.19383 -0.03990 0.81813 0.04701 0.57172
1403638524.6778295040 -0.03717 -0.04243 0.24047 -0.03568 0.81157 0.04140 0.58169
1403638524.7778294086 -0.03786 -0.04332 0.27399 -0.02343 0.80755 0.03652 0.58819
1403638524.8778295517 -0.04215 -0.04003 0.29405 -0.01950 0.80577 0.03372 0.59094
1403638524.9778294563 -0.04399 -0.03676 0.29988 -0.02594 0.80424 0.03608 0.59264
1403638525.0778295994 -0.05478 -0.03472 0.28174 -0.02353 0.80140 0.03956 0.59636
1403638525.1778295040 -0.06552 -0.03240 0.24259 -0.02103 0.79983 0.04413 0.59823
1403638525.2778294086 -0.05256 -0.03204 0.19328 -0.02103 0.80267 0.04914 0.59402
1403638525.3778295517 -0.06880 -0.03061 0.13141 -0.02348 0.81152 0.05413 0.58134
1403638525.4778294563 -0.09117 -0.02771 0.07040 -0.03178 0.82376 0.05601 0.56326
1403638525.5778295994 -0.10145 -0.02908 0.01773 -0.03818 0.83283 0.05567 0.54939
1403638525.6778295040 -0.14235 -0.03371 -0.04284 -0.03909 0.83480 0.05265 0.54663
1403638525.7778294086 -0.14325 -0.03303 -0.08544 -0.03525 0.83352 0.04608 0.54943
1403638525.8778295517 -0.14122 -0.03178 -0.11953 -0.02845 0.82983 0.04184 0.55572
1403638525.9778294563 -0.13563 -0.04532 -0.14066 -0.02035 0.82846 0.04079 0.55818
1403638526.0778295994 -0.12169 -0.06598 -0.15023 -0.01593 0.83032 0.03857 0.55573
1403638526.1778295040 -0.11413 -0.08949 -0.14924 -0.01379 0.83290 0.02921 0.55249
1403638526.2778294086 -0.11365 -0.12341 -0.14106 -0.01014 0.83175 0.01992 0.55470
1403638526.3778295517 -0.12247 -0.16490 -0.13091 -0.00805 0.82757 0.01157 0.56118
1403638526.4778294563 -0.13545 -0.21070 -0.12361 -0.00687 0.82237 0.00068 0.56892
1403638526.5778295994 -0.15247 -0.26276 -0.11882 -0.00577 0.81691 -0.01011 0.57665
1403638526.6778295040 -0.17222 -0.32468 -0.11564 -0.00167 0.81163 -0.01824 0.58389
1403638526.7778294086 -0.19401 -0.38947 -0.11375 0.00666 0.80827 -0.02364 0.58830
1403638526.8778295517 -0.21298 -0.45538 -0.11393 0.01451 0.80750 -0.02672 0.58908
1403638526.9778294563 -0.23493 -0.51244 -0.10866 0.01912 0.81067 -0.03322 0.58424
1403638527.0778295994 -0.25594 -0.56111 -0.10574 0.02689 0.81507 -0.04647 0.57687
1403638527.1778295040 -0.27708 -0.60818 -0.09996 0.03484 0.81686 -0.06175 0.57246
1403638527.2778294086 -0.29560 -0.64420 -0.09487 0.04649 0.81380 -0.07559 0.57433
1403638527.3778295517 -0.31296 -0.65721 -0.08969 0.06239 0.80846 -0.08460 0.57909
1403638527.4778294563 -0.32362 -0.66773 -0.08921 0.07240 0.80475 -0.08875 0.58246
1403638527.5778295994 -0.33100 -0.63676 -0.09062 0.07589 0.80384 -0.09018 0.58305
1403638527.6778295040 -0.33205 -0.59554 -0.09437 0.07437 0.80429 -0.08659 0.58317
1403638527.7778294086 -0.34576 -0.53863 -0.10085 0.06955 0.80548 -0.07952 0.58313
1403638527.8778295517 -0.36138 -0.47635 -0.10412 0.05615 0.80853 -0.07472 0.58098
1403638527.9778294563 -0.34820 -0.45072 -0.10694 0.04598 0.80995 -0.06960 0.58054
1403638528.0778295994 -0.32983 -0.38754 -0.10838 0.04013 0.80875 -0.06258 0.58343
1403638528.1778295040 -0.30952 -0.32774 -0.11590 0.03142 0.80921 -0.05413 0.58418
1403638528.2778294086 -0.27397 -0.25852 -0.12347 0.02048 0.81088 -0.04436 0.58317
1403638528.3778295517 -0.26132 -0.22774 -0.12945 0.01375 0.81043 -0.03621 0.58456
1403638528.4778294563 -0.25288 -0.18148 -0.13219 0.01665 0.80936 -0.03360 0.58612
1403638528.5778295994 -0.27048 -0.13408 -0.12845 0.02095 0.81038 -0.03959 0.58418
1403638528.6778295040 -0.27642 -0.10934 -0.13363 0.02030 0.81134 -0.04752 0.58228
1403638528.7778294086 -0.29102 -0.08853 -0.13377 0.02574 0.81005 -0.05284 0.58340
1403638528.8778295517 -0.32359 -0.06887 -0.13075 0.02229 0.80867 -0.06038 0.58472
1403638528.9778294563 -0.34066 -0.05295 -0.11799 0.01575 0.80842 -0.06709 0.58456
1403638529.0778295994 -0.41484 -0.02590 -0.10661 0.01736 0.80897 -0.06852 0.58359
1403638529.1778295040 -0.49804 0.00703 -0.10138 0.03477 0.80954 -0.06195 0.58276
1403638529.2778294086 -0.59077 0.04548 -0.10636 0.04684 0.81116 -0.05620 0.58023
1403638529.3778295517 -0.64277 0.08723 -0.11920 0.05131 0.81656 -0.05213 0.57260
1403638529.4778294563 -0.68335 0.12153 -0.14226 0.05030 0.82694 -0.05011 0.55779
1403638529.5778295994 -0.71741 0.15425 -0.16978 0.04835 0.83749 -0.04768 0.54222
1403638529.6778295040 -0.71239 0.12940 -0.20884 0.04902 0.84155 -0.04422 0.53613
1403638529.7778294086 -0.75069 0.17114 -0.24340 0.04870 0.83734 -0.04320 0.54279
1403638529.8778295517 -0.76628 0.20485 -0.27407 0.04791 0.83082 -0.04417 0.55272
1403638529.9778294563 -0.77907 0.23149 -0.30095 0.04778 0.82814 -0.04426 0.55672
1403638530.0778295994 -0.80973 0.25464 -0.32531 0.04851 0.82950 -0.04482 0.55459
1403638530.1778295040 -0.84238 0.27515 -0.34873 0.04958 0.83104 -0.04926 0.55181
1403638530.2778294086 -0.91021 0.32027 -0.37741 0.05237 0.83005 -0.05567 0.55243
1403638530.3778295517 -0.95269 0.34285 -0.40068 0.05497 0.82916 -0.06084 0.55297
1403638530.4778294563 -0.96455 0.34086 -0.42828 0.05457 0.82885 -0.06411 0.55309
1403638530.5778295994 -1.02020 0.36939 -0.44558 0.05428 0.82870 -0.06762 0.55294
1403638530.6778295040 -1.09714 0.40861 -0.46628 0.05590 0.83149 -0.07019 0.54824
1403638530.7778294086 -1.17265 0.44468 -0.48960 0.05635 0.83473 -0.07204 0.54300
1403638530.8778295517 -1.25781 0.49106 -0.51257 0.05474 0.83536 -0.07145 0.54228
1403638530.9778294563 -1.33621 0.53201 -0.53362 0.05377 0.83296 -0.07136 0.54608
1403638531.0778295994 -1.42034 0.57349 -0.55078 0.05464 0.82924 -0.06976 0.55183
1403638531.1778295040 -1.47733 0.61107 -0.57058 0.05586 0.82686 -0.06774 0.55551
1403638531.2778294086 -1.56720 0.65328 -0.58803 0.05857 0.82541 -0.06620 0.55757
1403638531.3778295517 -1.65686 0.71296 -0.61344 0.05896 0.82400 -0.06653 0.55957
1403638531.4778294563 -1.75426 0.76112 -0.63039 0.05907 0.82269 -0.06673 0.56147
1403638531.5778295994 -1.85556 0.80825 -0.64909 0.05966 0.82284 -0.06550 0.56133
1403638531.6778295040 -1.96016 0.85917 -0.66737 0.05894 0.82275 -0.06597 0.56148
1403638531.7778294086 -2.06840 0.91230 -0.68513 0.05927 0.82250 -0.06594 0.56181
1403638531.8778295517 -2.18072 0.96631 -0.70389 0.05947 0.82236 -0.06575 0.56202
1403638531.9778294563 -2.29673 1.02252 -0.72273 0.05973 0.82217 -0.06568 0.56227
1403638532.0778295994 -2.41669 1.08078 -0.74212 0.05997 0.82198 -0.06548 0.56255
1403638532.1778295040 -2.54057 1.14138 -0.76166 0.06000 0.82179 -0.06547 0.56283
1403638532.2778294086 -2.66857 1.20407 -0.78140 0.05997 0.82159 -0.06557 0.56311
1403638532.3778295517 -2.80079 1.26851 -0.80148 0.05996 0.82140 -0.06550 0.56340
1403638532.4778294563 -2.93717 1.33521 -0.82165 0.05998 0.82120 -0.06551 0.56369
1403638532.5778295994 -3.07792 1.40378 -0.84233 0.06009 0.82103 -0.06548 0.56392
1403638532.6778295040 -3.22276 1.47475 -0.86312 0.06023 0.82084 -0.06541 0.56419
1403638532.7778294086 -3.37230 1.54713 -0.88447 0.06042 0.82068 -0.06522 0.56443
1403638532.8778295517 -3.52615 1.62234 -0.90595 0.06058 0.82049 -0.06516 0.56469
1403638532.9778294563 -3.68454 1.69955 -0.92771 0.06064 0.82029 -0.06509 0.56498
1403638533.0778295994 -3.84759 1.77862 -0.94996 0.06073 0.82011 -0.06504 0.56524
1403638533.1778295040 -4.01510 1.86036 -0.97236 0.06081 0.81991 -0.06502 0.56554
1403638533.2778294086 -4.18847 1.94403 -0.99518 0.06088 0.81970 -0.06499 0.56583
1403638533.3778295517 -4.36564 2.03017 -1.01815 0.06105 0.81951 -0.06489 0.56610
1403638533.4778294563 -4.54760 2.11869 -1.04126 0.06113 0.81933 -0.06484 0.56635
1403638533.5778295994 -4.73463 2.20916 -1.06482 0.06119 0.81915 -0.06480 0.56662
1403638533.6778295040 -4.92662 2.30188 -1.08867 0.06124 0.81894 -0.06480 0.56690
1403638533.7778294086 -5.12486 2.39678 -1.11299 0.06134 0.81873 -0.06479 0.56720
1403638533.8778295517 -5.32725 2.49369 -1.13759 0.06120 0.81861 -0.06444 0.56744
1403638533.9778294563 -5.53536 2.59245 -1.16227 0.06142 0.81841 -0.06461 0.56768
1403638534.0778295994 -5.74834 2.69638 -1.18703 0.06189 0.81812 -0.06503 0.56799
1403638534.1778295040 -5.96710 2.79996 -1.21271 0.06166 0.81795 -0.06479 0.56829
1403638534.2778294086 -6.19160 2.90621 -1.23851 0.06152 0.81785 -0.06458 0.56847
1403638534.3778295517 -6.42145 3.01733 -1.26467 0.06166 0.81763 -0.06455 0.56878
1403638534.4778294563 -6.65760 3.12943 -1.29124 0.06191 0.81744 -0.06477 0.56900
1403638534.5778295994 -6.89879 3.24450 -1.31904 0.06187 0.81734 -0.06441 0.56920
1403638534.6778295040 -7.14673 3.36187 -1.34635 0.06172 0.81719 -0.06414 0.56945
1403638534.7778294086 -7.40026 3.48165 -1.37406 0.06190 0.81700 -0.06396 0.56973
1403638534.8778295517 -7.65886 3.60381 -1.40304 0.06227 0.81676 -0.06411 0.57002
1403638534.9778294563 -7.92330 3.72935 -1.43250 0.06245 0.81658 -0.06415 0.57024
1403638535.0778295994 -8.19426 3.85687 -1.46232 0.06243 0.81644 -0.06408 0.57045
1403638535.1778295040 -8.47131 3.98714 -1.49245 0.06245 0.81623 -0.06404 0.57076
1403638535.2778294086 -8.75482 4.11963 -1.52303 0.06246 0.81603 -0.06394 0.57106
1403638535.3778295517 -9.04433 4.25528 -1.55392 0.06255 0.81584 -0.06387 0.57132
1403638535.4778294563 -9.33946 4.39515 -1.58515 0.06272 0.81568 -0.06386 0.57154
1403638535.5778295994 -9.64073 4.53807 -1.61683 0.06280 0.81552 -0.06376 0.57176
1403638535.6778295040 -9.94835 4.68367 -1.64895 0.06285 0.81533 -0.06376 0.57203
1403638535.7778294086 -10.26271 4.83108 -1.68165 0.06299 0.81512 -0.06371 0.57232
1403638535.8778295517 -10.58356 4.98136 -1.71479 0.06299 0.81495 -0.06360 0.57258
1403638535.9778294563 -10.91086 5.13522 -1.74846 0.06302 0.81481 -0.06356 0.57278
1403638536.0778295994 -11.24435 5.29280 -1.78256 0.06308 0.81458 -0.06361 0.57309
1403638536.1778295040 -11.58449 5.45349 -1.81700 0.06316 0.81439 -0.06360 0.57335
1403638536.2778294086 -11.93179 5.61509 -1.85185 0.06328 0.81423 -0.06350 0.57358
1403638536.3778295517 -12.28577 5.77938 -1.88695 0.06338 0.81403 -0.06346 0.57386
1403638536.4778294563 -12.64635 5.94745 -1.92255 0.06347 0.81384 -0.06339 0.57413
1403638536.5778295994 -13.01368 6.11896 -1.95859 0.06347 0.81367 -0.06334 0.57437
1403638536.6778295040 -13.38771 6.29405 -1.99522 0.06356 0.81349 -0.06328 0.57462
1403638536.7778294086 -13.76865 6.47273 -2.03251 0.06370 0.81325 -0.06330 0.57494
1403638536.8778295517 -14.15651 6.65506 -2.07015 0.06373 0.81301 -0.06335 0.57527
1403638536.9778294563 -14.55171 6.84040 -2.10830 0.06375 0.81285 -0.06337 0.57550
1403638537.0778295994 -14.95452 7.02840 -2.14702 0.06384 0.81266 -0.06324 0.57576
1403638537.1778295040 -15.36418 7.22043 -2.18626 0.06405 0.81244 -0.06319 0.57606
1403638537.2778294086 -15.78027 7.41692 -2.22615 0.06428 0.81230 -0.06311 0.57625
1403638537.3778295517 -16.20395 7.61533 -2.26664 0.06436 0.81211 -0.06306 0.57650
1403638537.4778294563 -16.63550 7.81605 -2.30753 0.06441 0.81193 -0.06300 0.57677
1403638537.5778295994 -17.07497 8.01942 -2.34905 0.06449 0.81176 -0.06286 0.57700
1403638537.6778295040 -17.51644 8.22303 -2.39098 0.06463 0.81157 -0.06278 0.57726
1403638537.7778294086 -17.97146 8.43221 -2.43372 0.06468 0.81134 -0.06271 0.57758
1403638537.8778295517 -18.43355 8.64600 -2.47668 0.06486 0.81122 -0.06257 0.57776
1403638537.9778294563 -18.90258 8.86530 -2.52034 0.06501 0.81099 -0.06263 0.57805
1403638538.0778295994 -19.38046 9.08649 -2.56454 0.06507 0.81074 -0.06256 0.57840
1403638538.1778295040 -19.86667 9.31025 -2.60920 0.06516 0.81053 -0.06249 0.57869
1403638538.2778294086 -20.35907 9.53994 -2.65486 0.06523 0.81039 -0.06235 0.57891
1403638538.3778295517 -20.85947 9.77325 -2.70138 0.06551 0.81012 -0.06227 0.57926
1403638538.4778294563 -21.36878 10.00870 -2.74809 0.06556 0.80992 -0.06218 0.57954
1403638538.5778295994 -21.88688 10.24978 -2.79508 0.06584 0.80965 -0.06217 0.57988
1403638538.6778295040 -22.41230 10.49580 -2.84299 0.06576 0.80926 -0.06218 0.58044
1403638538.7778294086 -22.94814 10.74628 -2.89033 0.06564 0.80822 -0.06188 0.58193
1403638538.8778295517 -23.49010 11.00264 -2.93769 0.06495 0.80698 -0.06116 0.58380
1403638538.9778294563 -24.04447 11.28173 -2.98079 0.06583 0.80165 -0.06014 0.59111
1403638539.0778295994 -24.40091 11.87987 -2.92243 0.06848 0.79576 -0.06238 0.59849
1403638539.1778295040 -23.79099 11.25363 -2.76246 0.06590 0.79114 -0.06126 0.60498
1403638539.2778294086 -24.31088 11.81916 -2.61230 0.06724 0.78703 -0.06218 0.61008
1403638539.3778295517 -24.83984 11.99884 -2.63373 0.06686 0.78791 -0.06161 0.60904
1403638539.4778294563 -25.35444 12.19669 -2.64963 0.06655 0.78999 -0.06062 0.60647
1403638539.5778295994 -25.90955 12.46876 -2.65498 0.06642 0.79082 -0.05925 0.60555
1403638539.6778295040 -26.49068 12.78440 -2.69252 0.06486 0.79133 -0.05866 0.60510
1403638539.7778294086 -27.08871 13.06492 -2.71851 0.06547 0.79247 -0.05688 0.60372
1403638539.8778295517 -27.67378 13.34391 -2.75439 0.06472 0.79500 -0.05634 0.60051
1403638539.9778294563 -28.26162 13.62424 -2.79161 0.06307 0.79970 -0.05618 0.59442
1403638540.0778295994 -28.81334 13.84744 -2.84541 0.06278 0.80586 -0.05629 0.58608
1403638540.1778295040 -29.39588 14.13487 -2.87442 0.06265 0.80992 -0.05623 0.58046
1403638540.2778294086 -29.93506 14.34658 -2.92435 0.06306 0.80539 -0.05455 0.58685
1403638540.3778295517 -30.49663 14.65564 -2.96199 0.06418 0.79878 -0.05216 0.59591
1403638540.4778294563 -31.08800 14.95217 -3.00177 0.06142 0.79632 -0.04581 0.60000
1403638540.5778295994 -31.71836 15.22025 -3.03875 0.05445 0.79666 -0.03367 0.60103
1403638540.6778295040 -32.32748 15.44531 -3.22879 0.04687 0.79703 -0.01590 0.60191
1403638540.7778294086 -32.92517 15.80689 -3.18173 0.04028 0.79690 0.00849 0.60271
1403638540.8778295517 -33.86787 16.03262 -3.18737 0.03007 0.79593 0.03810 0.60344
1403638540.9778294563 -34.44736 16.42862 -3.16504 0.01977 0.79406 0.06360 0.60418
1403638541.0778295994 -35.02782 16.69602 -3.21876 0.00645 0.79366 0.08401 0.60250
1403638541.1778295040 -35.67730 17.05997 -3.24833 -0.00269 0.79199 0.09788 0.60264
1403638541.2778294086 -36.36687 17.38139 -3.30037 -0.00783 0.79083 0.10734 0.60250
1403638541.3778295517 -37.02847 17.75599 -3.34658 -0.01042 0.79068 0.11093 0.60200
1403638541.4778294563 -37.71718 18.07639 -3.38920 -0.01270 0.79030 0.11211 0.60224
1403638541.5778295994 -38.41690 18.43956 -3.42676 -0.01197 0.78851 0.11279 0.60447
1403638541.6778295040 -39.12210 18.82015 -3.45764 -0.01612 0.78664 0.11615 0.60617
1403638541.7778294086 -39.80983 19.23084 -3.46104 -0.02670 0.78574 0.12299 0.60562
1403638541.8778295517 -40.53854 19.62970 -3.48220 -0.03817 0.78458 0.13250 0.60450
1403638541.9778294563 -41.25495 20.06089 -3.49414 -0.04998 0.78415 0.14786 0.60062
1403638542.0778295994 -41.97546 20.45053 -3.52956 -0.06385 0.78264 0.16611 0.59649
1403638542.1778295040 -42.72919 20.92325 -3.57436 -0.07723 0.77948 0.18603 0.59316
1403638542.2778294086 -43.48437 21.42878 -3.62439 -0.08729 0.77604 0.20677 0.58939
1403638542.3778295517 -44.28160 21.94194 -3.68481 -0.09557 0.76896 0.22579 0.59041
1403638542.4778294563 -45.06600 22.40081 -3.73756 -0.10056 0.75521 0.24683 0.59885
1403638542.5778295994 -45.85943 23.11593 -3.79202 -0.08537 0.74306 0.25695 0.61200
1403638542.6778295040 -46.67798 23.58859 -3.84515 -0.08681 0.73958 0.26761 0.61144
1403638542.7778294086 -47.51306 24.01728 -3.88614 -0.10046 0.74356 0.27046 0.60322
1403638542.8778295517 -48.43919 24.62901 -3.95965 -0.09980 0.74918 0.26048 0.60077
1403638542.9778294563 -49.41128 25.03749 -4.00499 -0.10403 0.75352 0.25684 0.59618
1403638543.0778295994 -50.31565 25.57538 -4.04918 -0.10674 0.75696 0.25344 0.59278
1403638543.1778295040 -51.23672 26.09985 -4.10039 -0.10730 0.75780 0.25107 0.59262
1403638543.2778294086 -52.12953 26.64576 -4.17823 -0.10884 0.75777 0.25006 0.59279
1403638543.3778295517 -53.06969 27.18317 -4.24515 -0.10853 0.75860 0.24911 0.59219
1403638543.4778294563 -54.01997 27.72770 -4.31712 -0.11074 0.75761 0.25382 0.59105
1403638543.5778295994 -54.86673 27.48346 -4.28655 -0.13498 0.75287 0.28209 0.57913
1403638543.6778295040 -55.76278 28.57513 -4.47637 -0.13039 0.75006 0.29259 0.57862
1403638543.7778294086 -56.71780 29.12191 -4.56316 -0.14001 0.74275 0.31510 0.57397
1403638543.8778295517 -57.69500 29.69900 -4.63509 -0.15025 0.73357 0.33817 0.57004
1403638543.9778294563 -58.68453 30.27595 -4.69966 -0.16334 0.72598 0.35731 0.56444
1403638544.0778295994 -59.61132 31.06260 -4.75773 -0.17606 0.72386 0.36961 0.55535
1403638544.1778295040 -60.61176 31.64584 -4.81551 -0.18671 0.72112 0.37716 0.55034
1403638544.2778294086 -61.62566 32.26183 -4.88399 -0.19339 0.71866 0.38094 0.54864
1403638544.3778295517 -62.64927 32.88223 -4.96029 -0.19483 0.71800 0.38354 0.54719
1403638544.4778294563 -63.66905 33.14743 -4.94585 -0.20140 0.71551 0.38928 0.54401
1403638544.5778295994 -64.71189 33.73125 -5.02241 -0.20339 0.71246 0.38869 0.54768
1403638544.6778295040 -65.77827 34.61678 -5.15629 -0.20281 0.70751 0.38507 0.55680
1403638544.7778294086 -66.84849 35.23832 -5.23086 -0.20411 0.70656 0.38609 0.55682
1403638544.8778295517 -67.91024 35.88761 -5.33908 -0.20217 0.70998 0.38825 0.55165
1403638544.9778294563 -69.00171 36.52053 -5.42609 -0.20233 0.71078 0.38884 0.55014
1403638545.0778295994 -70.10411 37.17232 -5.51501 -0.20377 0.70930 0.38877 0.55157
1403638545.1778295040 -71.21823 37.81614 -5.61579 -0.20339 0.70882 0.38975 0.55164
1403638545.2778294086 -72.34298 38.46415 -5.72323 -0.20260 0.70804 0.39129 0.55184
1403638545.3778295517 -73.51211 39.25963 -5.81779 -0.20268 0.70544 0.38952 0.55637
1403638545.4778294563 -74.66499 39.92407 -5.93637 -0.20483 0.70535 0.39043 0.55506
1403638545.5778295994 -75.84355 40.61039 -6.05045 -0.20841 0.70347 0.39694 0.55148
1403638545.6778295040 -77.02697 41.29081 -6.16138 -0.21665 0.69864 0.40889 0.54568
1403638545.7778294086 -78.23590 41.97706 -6.26957 -0.22447 0.69183 0.42563 0.53836
1403638545.8778295517 -79.48147 42.71742 -6.37368 -0.23361 0.68259 0.44515 0.53041
1403638545.9778294563 -80.71475 43.42274 -6.46551 -0.24232 0.67139 0.46771 0.52131
1403638546.0778295994 -81.95482 44.13418 -6.55252 -0.24803 0.66025 0.48727 0.51490
1403638546.1778295040 -83.23760 44.83758 -6.65017 -0.25464 0.65252 0.49956 0.50971
1403638546.2778294086 -84.50618 45.55882 -6.75348 -0.25952 0.64823 0.50751 0.50486
1403638546.3778295517 -85.78883 46.28747 -6.86470 -0.26594 0.64703 0.51006 0.50047
1403638546.4778294563 -87.08228 47.02130 -6.98168 -0.26883 0.64675 0.51153 0.49778
1403638546.5778295994 -88.38864 47.76168 -7.09980 -0.26989 0.64466 0.51489 0.49645
1403638546.6778295040 -89.71305 48.50806 -7.21511 -0.27329 0.64008 0.52104 0.49410
1403638546.7778294086 -91.04889 49.27592 -7.31966 -0.27555 0.63569 0.52702 0.49216
1403638546.8778295517 -92.41559 50.06037 -7.42141 -0.27535 0.63243 0.53159 0.49155
1403638546.9778294563 -93.78123 50.83592 -7.52024 -0.27395 0.62898 0.53601 0.49197
1403638547.0778295994 -95.16551 51.61592 -7.62990 -0.27181 0.62627 0.53917 0.49316
1403638547.1778295040 -96.58511 52.42154 -7.74664 -0.26809 0.62427 0.54181 0.49483
1403638547.2778294086 -98.00203 53.21731 -7.86957 -0.26612 0.62258 0.54316 0.49654
1403638547.3778295517 -99.40460 53.99389 -7.98810 -0.27006 0.62374 0.54141 0.49487
1403638547.4778294563 -100.85212 54.80153 -8.12032 -0.27504 0.62696 0.53782 0.49196
1403638547.5778295994 -102.31230 55.61516 -8.25704 -0.27849 0.63043 0.53439 0.48931
1403638547.6778295040 -103.78765 56.43555 -8.40101 -0.27913 0.63154 0.53266 0.48941
1403638547.7778294086 -105.28524 57.26469 -8.54973 -0.27684 0.63068 0.53293 0.49153
1403638547.8778295517 -106.78965 58.09805 -8.70443 -0.27303 0.62735 0.53479 0.49587
1403638547.9778294563 -108.31138 58.93854 -8.85954 -0.27326 0.62708 0.53509 0.49577
1403638548.0778295994 -109.84947 59.78852 -9.00912 -0.27590 0.62695 0.53742 0.49192
1403638548.1778295040 -111.40610 60.64577 -9.15266 -0.28016 0.62361 0.54317 0.48743
1403638548.2778294086 -112.97989 61.51356 -9.28810 -0.28645 0.61794 0.55220 0.48080
1403638548.3778295517 -114.57491 62.45869 -9.40902 -0.29337 0.60948 0.56454 0.47304
1403638548.4778294563 -116.18543 63.34341 -9.53274 -0.30103 0.60076 0.57585 0.46569
1403638548.5778295994 -117.80650 64.23150 -9.66038 -0.30731 0.59339 0.58442 0.46034
1403638548.6778295040 -119.44749 65.12643 -9.79695 -0.31188 0.58833 0.59024 0.45630
1403638548.7778294086 -121.09636 66.02481 -9.93521 -0.31460 0.58459 0.59452 0.45369
1403638548.8778295517 -122.77752 66.95105 -10.07966 -0.31542 0.58276 0.59705 0.45214
1403638548.9778294563 -124.46035 67.86343 -10.21007 -0.31696 0.58162 0.59808 0.45118
1403638549.0778295994 -126.16031 68.77854 -10.33732 -0.31760 0.58122 0.59847 0.45071
1403638549.1778295040 -127.87400 69.69823 -10.45683 -0.31911 0.58079 0.59765 0.45131
1403638549.2778294086 -129.60501 70.62466 -10.57609 -0.32002 0.58148 0.59662 0.45112
1403638549.3778295517 -131.36960 71.60091 -10.70324 -0.32193 0.58306 0.59403 0.45114
1403638549.4778294563 -133.13197 72.54055 -10.82512 -0.32408 0.58434 0.59193 0.45071
1403638549.5778295994 -134.90904 73.48886 -10.94939 -0.32576 0.58393 0.59028 0.45219
1403638549.6778295040 -136.69769 74.43678 -11.08350 -0.32731 0.58305 0.58885 0.45407
1403638549.7778294086 -138.45346 75.39320 -11.23464 -0.32633 0.58263 0.58932 0.45470
1403638549.8778295517 -140.26420 76.35565 -11.36630 -0.32550 0.58405 0.58927 0.45353
1403638549.9778294563 -142.09228 77.32349 -11.48609 -0.32540 0.58467 0.58920 0.45290
1403638550.0778295994 -143.93460 78.29600 -11.60390 -0.32582 0.58487 0.58891 0.45273
1403638550.1778295040 -145.79160 79.27732 -11.70907 -0.32677 0.58514 0.58876 0.45187
1403638550.2778294086 -147.66386 80.25759 -11.81377 -0.32631 0.58455 0.58953 0.45197
1403638550.3778295517 -149.55046 81.24696 -11.90926 -0.32644 0.58318 0.58992 0.45313
1403638550.4778294563 -151.44963 82.23455 -12.01971 -0.32944 0.58365 0.58852 0.45218
1403638550.5778295994 -153.46768 83.18201 -12.15303 -0.33180 0.58523 0.58432 0.45385
1403638550.6778295040 -155.22881 84.36879 -12.25345 -0.33983 0.58183 0.58202 0.45524
1403638550.7778294086 -157.15991 85.37123 -12.37438 -0.34298 0.58063 0.58006 0.45691
1403638550.8778295517 -159.10233 86.37369 -12.49865 -0.34913 0.57600 0.57642 0.46267
1403638550.9778294563 -161.05200 87.36334 -12.62823 -0.35816 0.56946 0.57346 0.46753
1403638551.0778295994 -163.03736 88.35890 -12.71809 -0.36071 0.56687 0.57104 0.47165
1403638551.1778295040 -165.02133 89.39248 -12.85623 -0.36382 0.56784 0.56821 0.47152
1403638551.2778294086 -166.97121 90.42501 -12.99752 -0.36803 0.56791 0.56802 0.46838
1403638551.3778295517 -168.96530 91.40410 -13.12623 -0.36394 0.57536 0.56437 0.46691
1403638551.4778294563 -171.04377 92.38841 -13.28154 -0.35384 0.58864 0.55337 0.47126
1403638551.5778295994 -173.06494 93.36390 -13.42260 -0.34906 0.60251 0.53613 0.47718
1403638551.6778295040 -175.06272 94.54950 -13.52250 -0.34326 0.61802 0.52082 0.47850
1403638551.7778294086 -177.05618 95.43575 -13.69664 -0.33956 0.62898 0.50239 0.48650
1403638551.8778295517 -179.09492 96.31945 -13.85029 -0.33472 0.63647 0.48708 0.49560
1403638551.9778294563 -181.28603 96.97365 -13.97836 -0.32459 0.63798 0.47696 0.51003
1403638552.0778295994 -183.06509 98.41515 -14.08042 -0.31948 0.63621 0.47852 0.51400
1403638552.1778295040 -185.48407 98.44982 -14.22638 -0.31391 0.64181 0.46659 0.52138
1403638552.2778294086 -187.37899 99.68193 -14.35911 -0.31312 0.64362 0.47193 0.51477
1403638552.3778295517 -189.49576 100.87296 -14.71226 -0.30655 0.64876 0.45787 0.52488
1403638552.4778294563 -191.59109 101.79640 -14.86274 -0.31467 0.64412 0.45352 0.52954
1403638552.5778295994 -193.70357 102.71977 -15.02735 -0.32034 0.63980 0.45056 0.53388
1403638552.6778295040 -195.87528 103.50377 -15.19045 -0.31814 0.63819 0.44995 0.53763
1403638552.7778294086 -198.00220 104.38299 -15.36224 -0.31497 0.63841 0.44981 0.53935
1403638552.8778295517 -200.15370 105.27955 -15.54486 -0.31222 0.63714 0.45341 0.53944
1403638552.9778294563 -202.32001 106.15971 -15.73411 -0.30735 0.63476 0.45906 0.54026
1403638553.0778295994 -204.55573 106.27171 -15.94639 -0.32280 0.62343 0.47440 0.53112
1403638553.1778295040 -206.74739 107.05772 -16.14941 -0.32849 0.61907 0.47367 0.53337
1403638553.2778294086 -209.19313 107.14089 -16.36794 -0.33729 0.61137 0.46759 0.54206
1403638553.3778295517 -211.42854 107.87282 -16.56552 -0.33871 0.60561 0.46860 0.54674
1403638553.4778294563 -213.62390 109.15321 -16.37902 -0.33154 0.60096 0.46909 0.55577
1403638553.5778295994 -215.85864 109.73616 -16.54694 -0.33213 0.59417 0.47440 0.55821
1403638553.6778295040 -218.10971 110.58821 -16.69461 -0.32772 0.59411 0.47623 0.55933
1403638553.7778294086 -220.69289 110.56161 -16.97562 -0.32983 0.59177 0.47338 0.56296
1403638553.8778295517 -223.04125 111.19729 -17.14545 -0.32759 0.59360 0.47461 0.56131
1403638553.9778294563 -224.89352 114.80029 -17.34773 -0.28993 0.61616 0.45737 0.57192
1403638554.0778295994 -227.26449 115.66593 -17.53009 -0.28838 0.61980 0.45778 0.56844
1403638554.1778295040 -228.83980 116.40667 -18.05377 -0.30944 0.60942 0.47676 0.55277
1403638554.2778294086 -231.17226 117.26295 -18.27161 -0.30101 0.61625 0.48165 0.54556
1403638554.3778295517 -233.50205 118.14963 -18.50394 -0.29456 0.62012 0.48500 0.54171
1403638554.4778294563 -235.86272 118.40603 -18.72217 -0.29942 0.61762 0.49189 0.53566
1403638554.5778295994 -238.24743 119.17443 -18.92585 -0.30091 0.61825 0.49175 0.53423
1403638554.6778295040 -240.65984 119.92038 -19.15952 -0.30741 0.62032 0.48835 0.53123
1403638554.7778294086 -243.07571 120.60347 -19.38854 -0.31386 0.62001 0.48641 0.52961
1403638554.8778295517 -245.51482 121.35195 -19.61614 -0.31719 0.61987 0.48463 0.52942
1403638554.9778294563 -247.96757 122.09941 -19.84455 -0.32011 0.62021 0.48157 0.53006
1403638555.0778295994 -250.26917 117.91877 -19.98359 -0.36080 0.59839 0.50303 0.50864
1403638555.1778295040 -252.70746 118.31061 -20.21890 -0.35514 0.60455 0.49596 0.51227
1403638555.2778294086 -255.03593 120.28169 -20.43776 -0.34213 0.61224 0.49402 0.51385
1403638555.3778295517 -257.32988 122.21176 -20.74645 -0.32269 0.62429 0.47131 0.53292
1403638555.4778294563 -259.86031 122.94321 -20.94732 -0.31702 0.62509 0.47252 0.53431
1403638555.5778295994 -262.24319 122.69802 -21.29650 -0.32507 0.62080 0.47898 0.52869
1403638555.6778295040 -264.76838 123.13996 -21.57511 -0.32409 0.62248 0.47860 0.52767
1403638555.7778294086 -267.30812 123.46252 -21.76236 -0.32404 0.62312 0.47955 0.52607
1403638555.8778295517 -269.85978 124.35853 -22.15653 -0.31904 0.62499 0.47638 0.52978
1403638555.9778294563 -272.39220 124.80206 -22.39139 -0.31858 0.62295 0.47843 0.53061
1403638556.0778295994 -274.94596 125.30033 -22.63582 -0.31711 0.62282 0.47960 0.53058
1403638556.1778295040 -277.51264 125.77366 -22.85009 -0.31643 0.62728 0.48043 0.52496
1403638556.2778294086 -280.09160 126.25945 -23.10451 -0.31498 0.63065 0.48151 0.52079
1403638557.4778294563 -0.04535 -1.12229 0.16705 -0.01939 0.81979 0.00981 0.57226
1403638557.5778295994 -0.03939 -1.25003 0.18415 -0.01348 0.81933 0.01363 0.57300
1403638557.6778295040 -0.03350 -1.37941 0.20661 -0.01029 0.81921 0.01574 0.57318
1403638557.7778294086 -0.02795 -1.50114 0.23175 -0.01002 0.81856 0.01576 0.57412
1403638557.8778295517 -0.02299 -1.62216 0.25167 -0.00761 0.81908 0.01727 0.57336
1403638557.9778294563 -0.01705 -1.73606 0.26405 -0.00617 0.82091 0.01808 0.57074
1403638558.0778295994 -0.00928 -1.85282 0.27092 -0.00864 0.82447 0.01700 0.56559
1403638558.1778295040 0.00031 -1.97033 0.27537 -0.01070 0.83018 0.01534 0.55719
1403638558.2778294086 0.01503 -2.08647 0.28516 -0.01086 0.83457 0.01474 0.55060
1403638558.3778295517 0.03650 -2.19229 0.30457 -0.00768 0.83708 0.01632 0.54679
1403638558.4778294563 0.06132 -2.27912 0.32998 -0.00449 0.84209 0.01699 0.53905
1403638558.5778295994 0.09912 -2.38835 0.36459 -0.00764 0.84365 0.01470 0.53664
1403638558.6778295040 0.14590 -2.49128 0.40525 -0.01466 0.84087 0.00876 0.54097
1403638558.7778294086 0.20051 -2.59199 0.44515 -0.02068 0.83739 0.00378 0.54619
1403638558.8778295517 0.26244 -2.69716 0.47714 -0.02175 0.83525 0.00265 0.54944
1403638558.9778294563 0.33029 -2.80507 0.50220 -0.01945 0.83055 0.00415 0.55659
1403638559.0778295994 0.40075 -2.91049 0.51869 -0.01659 0.82670 0.00637 0.56236
1403638559.1778295040 0.47457 -3.01536 0.52839 -0.01451 0.82405 0.00853 0.56626
1403638559.2778294086 0.55908 -3.14079 0.53610 -0.01139 0.82307 0.01225 0.56770
1403638559.3778295517 0.63645 -3.24737 0.53392 -0.00690 0.82287 0.01620 0.56796
1403638559.4778294563 0.71006 -3.34380 0.52620 -0.00365 0.82204 0.01922 0.56910
1403638559.5778295994 0.78528 -3.44137 0.51424 -0.00152 0.82102 0.02166 0.57049
1403638559.6778295040 0.86170 -3.53623 0.49959 -0.00157 0.82025 0.02236 0.57157
1403638559.7778294086 0.93685 -3.62710 0.48768 -0.00174 0.81991 0.02340 0.57202
1403638559.8778295517 1.00596 -3.70276 0.48071 -0.00331 0.82010 0.02222 0.57177
1403638559.9778294563 1.08206 -3.78633 0.47511 -0.00179 0.81999 0.01532 0.57218
1403638560.0778295994 1.15995 -3.86900 0.46469 0.00474 0.81986 0.00021 0.57254
1403638560.1778295040 1.23567 -3.95030 0.44686 0.01700 0.81847 -0.02030 0.57393
1403638560.2778294086 1.31223 -4.03140 0.42369 0.03207 0.81634 -0.04403 0.57500
1403638560.3778295517 1.38741 -4.11192 0.39842 0.04850 0.81001 -0.06876 0.58035
1403638560.4778294563 1.45842 -4.18953 0.36961 0.06578 0.80338 -0.09437 0.58426
1403638560.5778295994 1.52237 -4.26461 0.33637 0.08020 0.79683 -0.12209 0.58628
1403638560.6778295040 1.58144 -4.33916 0.29905 0.09123 0.79081 -0.15143 0.58598
1403638560.7778294086 1.63210 -4.41306 0.26521 0.09927 0.78460 -0.17780 0.58561
1403638560.8778295517 1.67572 -4.49043 0.23875 0.11137 0.77791 -0.20060 0.58499
1403638560.9778294563 1.71110 -4.56885 0.22057 0.12564 0.77034 -0.22068 0.58488
1403638561.0778295994 1.73928 -4.64993 0.21018 0.14035 0.76187 -0.23895 0.58546
1403638561.1778295040 1.75676 -4.73096 0.20631 0.15361 0.75357 -0.25472 0.58623
1403638561.2778294086 1.76804 -4.81443 0.20847 0.16255 0.74667 -0.26625 0.58751
1403638561.3778295517 1.76326 -4.88975 0.21488 0.16917 0.74795 -0.27288 0.58093
1403638561.4778294563 1.75478 -4.96956 0.21551 0.17782 0.75486 -0.27298 0.56926
1403638561.5778295994 1.74183 -5.04914 0.21087 0.18402 0.76031 -0.27086 0.56098
1403638561.6778295040 1.72613 -5.12721 0.20163 0.18608 0.76324 -0.26934 0.55704
1403638561.7778294086 1.70743 -5.20224 0.18743 0.18655 0.76459 -0.26757 0.55588
1403638561.8778295517 1.68339 -5.27579 0.16596 0.18929 0.76441 -0.26667 0.55564
1403638561.9778294563 1.66126 -5.35074 0.14106 0.19436 0.76292 -0.27098 0.55385
1403638562.0778295994 1.63160 -5.42092 0.11722 0.20144 0.75978 -0.27931 0.55150
1403638562.1778295040 1.60181 -5.48808 0.10081 0.20883 0.75616 -0.28863 0.54892
1403638562.2778294086 1.57210 -5.55226 0.08907 0.21544 0.75263 -0.29626 0.54714
1403638562.3778295517 1.54070 -5.61430 0.08367 0.22207 0.74703 -0.30696 0.54626
1403638562.4778294563 1.50605 -5.67312 0.08231 0.22973 0.74045 -0.32193 0.54344
1403638562.5778295994 1.47055 -5.72950 0.08815 0.23897 0.73170 -0.34029 0.54011
1403638562.6778295040 1.43287 -5.78224 0.09916 0.24689 0.72119 -0.36234 0.53632
1403638562.7778294086 1.39173 -5.83445 0.11198 0.25525 0.70854 -0.38546 0.53314
1403638562.8778295517 1.34473 -5.88453 0.12120 0.26732 0.69641 -0.40699 0.52717
1403638562.9778294563 1.29178 -5.93358 0.12502 0.27983 0.68495 -0.42657 0.52017
1403638563.0778295994 1.23363 -5.98044 0.12374 0.28748 0.67205 -0.44685 0.51579
1403638563.1778295040 1.16798 -6.02293 0.11830 0.29719 0.66146 -0.46338 0.50934
1403638563.2778294086 1.09541 -6.06353 0.10853 0.30855 0.65153 -0.47331 0.50625
1403638563.3778295517 1.01594 -6.09904 0.09335 0.31905 0.63985 -0.47725 0.51091
1403638563.4778294563 0.93040 -6.12765 0.07095 0.32394 0.63099 -0.47987 0.51637
1403638563.5778295994 0.83891 -6.14833 0.04696 0.32841 0.63156 -0.48004 0.51268
1403638563.6778295040 0.74042 -6.16301 0.02794 0.32630 0.63440 -0.48214 0.50854
1403638563.7778294086 0.63083 -6.17814 0.01567 0.32224 0.63610 -0.48371 0.50752
1403638563.8778295517 0.51045 -6.19474 0.01329 0.31984 0.63632 -0.48271 0.50969
1403638563.9778294563 0.38439 -6.20530 0.01577 0.31781 0.63629 -0.48078 0.51281
1403638564.0778295994 0.24786 -6.21342 0.01754 0.31364 0.63811 -0.47922 0.51459
1403638564.1778295040 0.10281 -6.21842 0.01386 0.31245 0.64060 -0.47521 0.51593
1403638564.2778294086 -0.04801 -6.21799 0.00771 0.31473 0.64213 -0.46975 0.51764
1403638564.3778295517 -0.20800 -6.21658 0.00718 0.31581 0.64372 -0.46470 0.51957
1403638564.4778294563 -0.37114 -6.20553 0.01467 0.31764 0.64489 -0.46044 0.52078
1403638564.5778295994 -0.54544 -6.19273 0.02595 0.31403 0.64672 -0.46096 0.52025
1403638564.6778295040 -0.71815 -6.16726 0.03872 0.30856 0.64658 -0.46439 0.52065
1403638564.7778294086 -0.90664 -6.14411 0.04195 0.30473 0.64548 -0.46726 0.52168
1403638564.8778295517 -1.13750 -6.12390 0.03813 0.30260 0.64396 -0.46856 0.52364
1403638564.9778294563 -1.34936 -6.10046 0.01264 0.30120 0.64267 -0.46966 0.52505
1403638565.0778295994 -1.55419 -6.06097 -0.02140 0.30017 0.64245 -0.47062 0.52504
1403638565.1778295040 -1.76773 -6.02259 -0.07242 0.29948 0.64288 -0.47131 0.52429
1403638565.2778294086 -1.98197 -5.98398 -0.13012 0.30063 0.64399 -0.47145 0.52215
1403638565.3778295517 -2.20348 -5.94601 -0.19205 0.30262 0.64543 -0.47113 0.51950
1403638565.4778294563 -2.43208 -5.90883 -0.25649 0.30594 0.64529 -0.47013 0.51863
1403638565.5778295994 -2.66561 -5.87159 -0.31542 0.31349 0.64457 -0.46728 0.51760
1403638565.6778295040 -2.90320 -5.83146 -0.36633 0.32426 0.64737 -0.46232 0.51189
1403638565.7778294086 -3.14215 -5.78834 -0.41249 0.33038 0.65186 -0.46030 0.50403
1403638565.8778295517 -3.43774 -5.73699 -0.46232 0.33386 0.65600 -0.45726 0.49912
1403638565.9778294563 -3.68557 -5.67992 -0.49956 0.33479 0.65711 -0.45888 0.49552
1403638566.0778295994 -3.93224 -5.61940 -0.54206 0.33550 0.65767 -0.45987 0.49339
1403638566.1778295040 -4.17881 -5.55646 -0.59277 0.33372 0.65700 -0.46123 0.49422
1403638566.2778294086 -4.42701 -5.49031 -0.65230 0.33458 0.65708 -0.46032 0.49437
1403638566.3778295517 -4.66913 -5.42247 -0.71931 0.33423 0.65842 -0.46005 0.49308
1403638566.4778294563 -4.91199 -5.35411 -0.79257 0.33127 0.65824 -0.46075 0.49466
1403638566.5778295994 -5.14926 -5.28417 -0.87149 0.32857 0.66181 -0.46101 0.49144
1403638566.6778295040 -5.38265 -5.21266 -0.95800 0.32119 0.67062 -0.46458 0.48091
1403638566.7778294086 -5.60914 -5.14337 -1.05003 0.31178 0.68142 -0.46949 0.46694
1403638566.8778295517 -5.82767 -5.07890 -1.14570 0.30423 0.68878 -0.47296 0.45752
1403638566.9778294563 -6.03185 -5.01987 -1.24279 0.30145 0.69345 -0.47298 0.45228
1403638567.0778295994 -6.21167 -4.96653 -1.33502 0.30850 0.68702 -0.46788 0.46252
1403638567.1778295040 -6.38976 -4.91672 -1.43161 0.32046 0.67736 -0.45985 0.47648
1403638567.2778294086 -6.49012 -4.88408 -1.51147 0.33088 0.67037 -0.45495 0.48389
1403638567.3778295517 -6.62332 -4.84525 -1.60445 0.33539 0.66875 -0.45408 0.48383
1403638567.4778294563 -6.78124 -4.79975 -1.70152 0.33666 0.66879 -0.45559 0.48147
1403638567.5778295994 -6.98756 -4.74064 -1.81086 0.33492 0.67089 -0.45873 0.47676
1403638567.6778295040 -7.13105 -4.69561 -1.88675 0.33543 0.67327 -0.46122 0.47060
1403638567.7778294086 -7.27936 -4.64881 -1.95679 0.33471 0.67569 -0.46363 0.46526
1403638567.8778295517 -7.28818 -4.64183 -1.95856 0.33208 0.67721 -0.46824 0.46028
1403638567.9778294563 -7.45053 -4.59476 -2.02606 0.33126 0.67745 -0.46953 0.45921
1403638568.0778295994 -7.66932 -4.53579 -2.11517 0.33327 0.67845 -0.46740 0.45845
1403638568.1778295040 -7.86638 -4.48247 -2.18698 0.33515 0.67863 -0.46548 0.45877
1403638568.2778294086 -7.96906 -4.45250 -2.20880 0.33629 0.67825 -0.46594 0.45802
1403638568.3778295517 -8.10996 -4.41229 -2.25008 0.33602 0.67842 -0.46655 0.45735
1403638568.4778294563 -8.22358 -4.37866 -2.28812 0.33582 0.67912 -0.46704 0.45595
1403638568.5778295994 -8.24912 -4.36855 -2.29052 0.33596 0.68043 -0.46787 0.45303
1403638568.6778295040 -8.34031 -4.34141 -2.33022 0.33574 0.68262 -0.46780 0.44997
1403638568.7778294086 -8.40657 -4.32121 -2.35836 0.33471 0.68356 -0.46893 0.44813
1403638568.8778295517 -8.54637 -4.27749 -2.40937 0.33366 0.68205 -0.46989 0.45020
1403638568.9778294563 -8.62507 -4.25543 -2.43329 0.33573 0.68247 -0.46822 0.44976
1403638569.0778295994 -8.87588 -4.17324 -2.51062 0.33768 0.68243 -0.46735 0.44927
1403638569.1778295040 -8.96159 -4.14923 -2.52570 0.33748 0.68313 -0.46775 0.44795
1403638569.2778294086 -9.01188 -4.13052 -2.52528 0.33855 0.68456 -0.46792 0.44475
1403638569.3778295517 -9.07966 -4.11213 -2.54231 0.33930 0.68462 -0.46768 0.44434
1403638569.4778294563 -9.10519 -4.10243 -2.54854 0.34140 0.68345 -0.46700 0.44525
1403638569.5778295994 -9.15597 -4.08916 -2.57250 0.34299 0.68257 -0.46602 0.44641
1403638569.6778295040 -9.19532 -4.07754 -2.58941 0.34322 0.68109 -0.46625 0.44825
1403638569.7778294086 -9.22864 -4.06573 -2.60002 0.34472 0.68070 -0.46531 0.44867
1403638569.8778295517 -9.20694 -4.06600 -2.58834 0.34716 0.68005 -0.46424 0.44889
1403638569.9778294563 -9.22949 -4.05474 -2.58910 0.34735 0.67832 -0.46408 0.45151
1403638570.0778295994 -9.24105 -4.04311 -2.59127 0.34602 0.67696 -0.46507 0.45355
1403638570.1778295040 -9.24916 -4.03065 -2.60097 0.34191 0.67555 -0.46753 0.45623
1403638570.2778294086 -9.25504 -4.01762 -2.61773 0.33611 0.67260 -0.47113 0.46117
1403638570.3778295517 -9.26137 -4.00462 -2.64026 0.33096 0.66839 -0.47711 0.46485
1403638570.4778294563 -9.16788 -4.02971 -2.63852 0.32804 0.65926 -0.49061 0.46591
1403638570.5778295994 -9.17603 -4.02085 -2.67036 0.32260 0.64229 -0.51172 0.47067
1403638570.6778295040 -9.08440 -4.06832 -2.68300 0.32562 0.62158 -0.53396 0.47170
1403638570.7778294086 -9.05780 -4.09521 -2.71649 0.33721 0.59698 -0.55123 0.47545
1403638570.8778295517 -9.06581 -4.10906 -2.75452 0.35287 0.57359 -0.56532 0.47632
1403638570.9778294563 -9.09467 -4.11758 -2.79717 -0.36780 -0.55489 0.57867 -0.47113
1403638571.0778295994 -9.13886 -4.12132 -2.84494 -0.37964 -0.54194 0.59311 -0.45869
1403638571.1778295040 -9.19541 -4.11877 -2.88979 -0.39181 -0.53711 0.60492 -0.43826
1403638571.2778294086 -9.26297 -4.11312 -2.92138 -0.40456 -0.53451 0.61093 -0.42118
1403638571.3778295517 -9.34128 -4.10120 -2.94378 -0.41303 -0.53096 0.61499 -0.41142
1403638571.4778294563 -9.42509 -4.08543 -2.95610 -0.41832 -0.52601 0.61732 -0.40896
1403638571.5778295994 -9.51372 -4.06566 -2.96438 -0.42405 -0.52168 0.61944 -0.40537
1403638571.6778295040 -9.61513 -4.04114 -2.98150 -0.42628 -0.51640 0.62686 -0.39833
1403638571.7778294086 -9.71368 -4.01684 -2.99945 -0.42912 -0.50848 0.63777 -0.38801
1403638571.8778295517 -9.81646 -3.99129 -3.02178 -0.43187 -0.49617 0.65092 -0.37896
1403638571.9778294563 -9.92498 -3.96407 -3.04089 -0.43616 -0.48006 0.66424 -0.37160
1403638572.0778295994 -10.03878 -3.93493 -3.05225 -0.44181 -0.46365 0.67641 -0.36372
1403638572.1778295040 -10.15766 -3.90300 -3.05438 -0.45257 -0.44948 0.68528 -0.35149
1403638572.2778294086 -10.27977 -3.86860 -3.05146 -0.45934 -0.43660 0.69677 -0.33600
1403638572.3778295517 -10.40528 -3.83441 -3.05034 -0.46469 -0.42227 0.70944 -0.32007
1403638572.4778294563 -10.53512 -3.80096 -3.05180 -0.47125 -0.41158 0.71820 -0.30449
1403638572.5778295994 -10.66735 -3.77010 -3.05401 -0.47724 -0.40348 0.72335 -0.29361
1403638572.6778295040 -10.80259 -3.74210 -3.05469 -0.47983 -0.39891 0.72691 -0.28676
1403638572.7778294086 -10.94005 -3.71864 -3.04646 -0.48328 -0.40007 0.72756 -0.27756
1403638572.8778295517 -11.07790 -3.70051 -3.02965 -0.48366 -0.40236 0.72841 -0.27130
1403638572.9778294563 -11.21316 -3.68814 -3.00737 -0.48277 -0.40453 0.72887 -0.26837
1403638573.0778295994 -11.34716 -3.68167 -2.98936 -0.48132 -0.40673 0.72915 -0.26691
1403638573.1778295040 -11.48726 -3.67955 -2.97813 -0.47953 -0.40866 0.72913 -0.26725
1403638573.2778294086 -11.62783 -3.67946 -2.96849 -0.47831 -0.41091 0.72827 -0.26832
1403638573.3778295517 -11.76160 -3.68983 -2.95766 -0.47773 -0.41183 0.72813 -0.26831
1403638573.4778294563 -11.90257 -3.70114 -2.94311 -0.47928 -0.41180 0.72834 -0.26500
1403638573.5778295994 -12.04440 -3.72458 -2.92036 -0.48019 -0.41145 0.72867 -0.26302
1403638573.6778295040 -12.17751 -3.75371 -2.89147 -0.48132 -0.41121 0.72949 -0.25900
1403638573.7778294086 -12.31205 -3.78983 -2.85865 -0.48666 -0.40609 0.73050 -0.25421
1403638573.8778295517 -12.44707 -3.83145 -2.82678 0.50002 0.39423 -0.72958 0.24955
1403638573.9778294563 -12.58689 -3.87631 -2.79926 0.51253 0.37381 -0.73240 0.24733
1403638574.0778295994 -12.70011 -3.92151 -2.78125 0.52160 0.34472 -0.73924 0.25024
1403638574.1778295040 -12.82080 -3.96468 -2.76795 0.52980 0.31281 -0.74705 0.25176
1403638574.2778294086 -12.93682 -4.00245 -2.75977 0.53688 0.28477 -0.75532 0.24527
1403638574.3778295517 -13.25799 -4.04913 -2.72118 0.54010 0.26414 -0.76487 0.23130
1403638574.4778294563 -13.40052 -4.07502 -2.71455 0.54449 0.24440 -0.77354 0.21315
1403638574.5778295994 -13.54398 -4.09579 -2.70480 0.54829 0.22766 -0.77951 0.19980
1403638574.6778295040 -13.57615 -4.08494 -2.70139 0.55509 0.21679 -0.78132 0.18551
1403638574.7778294086 -13.70592 -4.10196 -2.68084 0.55788 0.21507 -0.78341 0.16964
1403638574.8778295517 -13.83304 -4.11859 -2.65775 0.55393 0.21425 -0.78831 0.16069
1403638574.9778294563 -13.97478 -4.13746 -2.63646 0.54924 0.21458 -0.79239 0.15622
1403638575.0778295994 -14.10428 -4.15722 -2.62803 0.54382 0.21032 -0.79626 0.16127
1403638575.1778295040 -14.23449 -4.17355 -2.62605 0.54138 0.20607 -0.79768 0.16779
1403638575.2778294086 -14.36687 -4.17747 -2.62123 0.54044 0.20456 -0.79767 0.17261
1403638575.3778295517 -14.50071 -4.18682 -2.62773 0.53669 0.20712 -0.79965 0.17212
1403638575.4778294563 -14.63830 -4.18683 -2.63288 0.53282 0.21259 -0.80137 0.16947
1403638575.5778295994 -14.77799 -4.19253 -2.64453 0.53034 0.21793 -0.80215 0.16674
1403638575.6778295040 -14.92113 -4.19742 -2.64898 0.53035 0.22590 -0.80133 0.15992
1403638575.7778294086 -15.06876 -4.20217 -2.64365 0.52751 0.23290 -0.80246 0.15348
1403638575.8778295517 -15.22139 -4.20794 -2.62636 0.52541 0.23745 -0.80312 0.15018
1403638575.9778294563 -15.37805 -4.21962 -2.59883 0.52546 0.23808 -0.80274 0.15103
1403638576.0778295994 -15.53013 -4.23459 -2.56334 0.52624 0.23923 -0.80195 0.15072
1403638576.1778295040 -15.68161 -4.25443 -2.52215 0.52830 0.23797 -0.80074 0.15195
1403638576.2778294086 -15.84001 -4.27993 -2.48437 0.53114 0.23969 -0.79895 0.14874
1403638576.3778295517 -15.99393 -4.31088 -2.45173 0.53366 0.24233 -0.79738 0.14374
1403638576.4778294563 -16.14610 -4.34712 -2.42455 0.53463 0.24563 -0.79678 0.13774
1403638576.5778295994 -16.28839 -4.39013 -2.40193 0.53484 0.25028 -0.79665 0.12902
1403638576.6778295040 -16.42542 -4.44179 -2.38460 0.53632 0.25234 -0.79569 0.12472
1403638576.7778294086 -16.57397 -4.50378 -2.37193 0.54268 0.25216 -0.79139 0.12499
1403638576.8778295517 -16.72025 -4.57217 -2.36534 0.54920 0.24882 -0.78720 0.12958
1403638576.9778294563 -16.85606 -4.64462 -2.36552 0.55285 0.24238 -0.78516 0.13830
1403638577.0778295994 -16.98514 -4.72005 -2.36733 0.55234 0.23720 -0.78591 0.14488
1403638577.1778295040 -17.11272 -4.79783 -2.36141 0.55231 0.23357 -0.78614 0.14960
1403638577.2778294086 -17.28116 -4.88909 -2.34413 0.55193 0.23417 -0.78642 0.14858
1403638577.3778295517 -17.41694 -4.97487 -2.32239 0.55411 0.24024 -0.78470 0.13961
1403638577.4778294563 -17.54677 -5.06210 -2.29558 0.55574 0.24398 -0.78337 0.13401
1403638577.5778295994 -17.66966 -5.15126 -2.27181 0.55362 0.24294 -0.78485 0.13601
1403638577.6778295040 -17.78961 -5.24387 -2.25353 0.55197 0.24085 -0.78604 0.13946
1403638577.7778294086 -17.90600 -5.33879 -2.24252 0.55044 0.23955 -0.78707 0.14194
1403638577.8778295517 -18.02518 -5.43630 -2.23623 0.55029 0.23991 -0.78697 0.14246
1403638577.9778294563 -18.10870 -5.52340 -2.23617 0.55131 0.24099 -0.78598 0.14218
1403638578.0778295994 -18.22072 -5.62653 -2.22610 0.55157 0.24044 -0.78553 0.14462
1403638578.1778295040 -18.31580 -5.72916 -2.21160 0.55086 0.23655 -0.78588 0.15162
1403638578.2778294086 -18.41518 -5.83399 -2.19082 0.54800 0.22946 -0.78780 0.16253
1403638578.3778295517 -18.49784 -5.92622 -2.17161 0.54808 0.22666 -0.78775 0.16639
1403638578.4778294563 -18.59830 -6.02712 -2.15737 0.54820 0.22606 -0.78787 0.16620
1403638578.5778295994 -18.51002 -5.98398 -2.16628 0.54891 0.22595 -0.78699 0.16822
1403638578.6778295040 -18.59604 -6.06553 -2.16227 0.55070 0.22645 -0.78596 0.16649
1403638578.7778294086 -18.67611 -6.13988 -2.16174 0.55290 0.23052 -0.78451 0.16037
1403638578.8778295517 -18.76080 -6.21863 -2.16351 0.55488 0.23484 -0.78305 0.15423
1403638578.9778294563 -18.88480 -6.33810 -2.16100 0.55590 0.23692 -0.78235 0.15093
1403638579.0778295994 -18.96843 -6.42284 -2.15541 0.55613 0.23809 -0.78190 0.15057
1403638579.1778295040 -19.04890 -6.51559 -2.14059 0.55682 0.23851 -0.78132 0.15033
1403638579.2778294086 -19.12281 -6.60047 -2.12052 0.55605 0.23717 -0.78170 0.15331
1403638579.3778295517 -19.23242 -6.72609 -2.09794 0.55393 0.23235 -0.78328 0.16016
1403638579.4778294563 -19.30617 -6.81541 -2.08092 0.55249 0.22674 -0.78419 0.16851
1403638579.5778295994 -19.78448 -7.26760 -2.04522 0.55419 0.22540 -0.78244 0.17278
1403638579.6778295040 -19.85468 -7.35828 -2.03947 0.56210 0.23300 -0.77261 0.18119
1403638579.7778294086 -19.92797 -7.45432 -2.03826 0.56493 0.25238 -0.76272 0.18820
1403638579.8778295517 -20.01580 -7.56785 -2.04316 0.55727 0.28074 -0.75659 0.19549
1403638579.9778294563 -20.09718 -7.67777 -2.05434 0.54757 0.31132 -0.74735 0.21145
1403638580.0778295994 -20.33427 -7.89126 -2.07811 0.54421 0.34571 -0.72586 0.23966
1403638580.1778295040 -20.36978 -7.96946 -2.09394 0.53944 0.37772 -0.70352 0.26720
1403638580.2778294086 -20.42778 -8.07018 -2.11463 0.52574 0.41095 -0.68456 0.29342
1403638580.3778295517 -20.28042 -7.96667 -2.14560 0.50673 0.43951 -0.67007 0.31791
1403638580.4778294563 -20.31160 -8.03204 -2.17787 -0.48747 -0.45825 0.66314 -0.33559
1403638580.5778295994 -20.34397 -8.09352 -2.21008 -0.47493 -0.47169 0.65638 -0.34802
1403638580.6778295040 -20.37947 -8.15454 -2.24149 -0.46141 -0.48809 0.65021 -0.35509
1403638580.7778294086 -20.41725 -8.21216 -2.26650 -0.45062 -0.50477 0.64368 -0.35752
1403638580.8778295517 -20.45498 -8.26437 -2.28320 -0.44460 -0.51658 0.63864 -0.35723
1403638580.9778294563 -20.49096 -8.31537 -2.28821 -0.44030 -0.51980 0.63661 -0.36149
1403638581.0778295994 -20.52350 -8.36276 -2.28341 -0.43910 -0.52168 0.63568 -0.36188
1403638581.1778295040 -20.55801 -8.41006 -2.27225 -0.44118 -0.52252 0.63431 -0.36053
1403638581.2778294086 -20.58999 -8.45505 -2.25953 -0.44385 -0.52275 0.63410 -0.35728
1403638581.3778295517 -20.61212 -8.49479 -2.23980 -0.44691 -0.52097 0.63439 -0.35553
1403638581.4778294563 -20.64011 -8.53587 -2.22372 -0.44996 -0.51830 0.63455 -0.35532
1403638581.5778295994 -20.65003 -8.56471 -2.19095 -0.45220 -0.51649 0.63597 -0.35255
1403638581.6778295040 -20.66987 -8.60292 -2.16789 -0.45879 -0.51311 0.63359 -0.35327
1403638581.7778294086 -20.67588 -8.63168 -2.14486 -0.46278 -0.50912 0.63293 -0.35502
1403638581.8778295517 -20.68793 -8.66827 -2.13273 -0.46712 -0.50656 0.63118 -0.35609
1403638581.9778294563 -20.70288 -8.70555 -2.12741 -0.47567 -0.50131 0.62553 -0.36214
1403638582.0778295994 -20.68768 -8.69875 -2.12406 -0.47348 -0.50158 0.62784 -0.36062
1403638582.1778295040 -20.68692 -8.71294 -2.11283 -0.46443 -0.50588 0.63464 -0.35444
1403638582.2778294086 -20.69199 -8.73884 -2.09040 -0.46225 -0.50840 0.63631 -0.35066
1403638582.3778295517 -20.69990 -8.77521 -2.05574 -0.46680 -0.50707 0.63260 -0.35326
1403638582.4778294563 -20.69804 -8.79948 -2.01374 -0.46939 -0.50700 0.63061 -0.35348
1403638582.5778295994 -20.69182 -8.82091 -1.95930 -0.47074 -0.50711 0.62940 -0.35370
1403638582.6778295040 -20.69246 -8.85077 -1.90016 -0.46959 -0.50793 0.63017 -0.35267
1403638582.7778294086 -20.68089 -8.87151 -1.82887 -0.46675 -0.50826 0.63255 -0.35171
1403638582.8778295517 -20.66584 -8.88968 -1.75675 -0.46582 -0.50906 0.63375 -0.34962
1403638582.9778294563 -20.64673 -8.90493 -1.69115 -0.46292 -0.50999 0.63633 -0.34742
1403638583.0778295994 -20.62592 -8.91790 -1.63336 -0.45988 -0.51111 0.63914 -0.34463
1403638583.1778295040 -20.60324 -8.93178 -1.58350 -0.45836 -0.51202 0.64064 -0.34251
1403638583.2778294086 -20.57948 -8.94828 -1.53973 -0.45671 -0.51181 0.64204 -0.34241
1403638583.3778295517 -20.56128 -8.97034 -1.50899 -0.45730 -0.51183 0.64146 -0.34269
1403638583.4778294563 -20.53398 -8.98989 -1.47126 -0.45677 -0.51237 0.64192 -0.34172
1403638583.5778295994 -20.50638 -9.01067 -1.42790 -0.45684 -0.51243 0.64182 -0.34174
1403638583.6778295040 -20.47677 -9.03194 -1.37693 -0.45792 -0.51338 0.64095 -0.34048
1403638583.7778294086 -20.44445 -9.05440 -1.32543 -0.45794 -0.51315 0.64078 -0.34112
1403638583.8778295517 -20.40125 -9.06279 -1.30351 -0.45936 -0.51264 0.63987 -0.34168
1403638583.9778294563 -20.36345 -9.08917 -1.26520 -0.45962 -0.51287 0.63962 -0.34147
1403638584.0778295994 -20.32516 -9.11284 -1.23303 -0.46469 -0.51131 0.63583 -0.34401
1403638584.1778295040 -20.28521 -9.13166 -1.22612 -0.47517 -0.50582 0.62790 -0.35228
1403638584.2778294086 -20.23888 -9.15446 -1.20178 -0.48384 -0.49970 0.62094 -0.36144
1403638584.3778295517 -20.18713 -9.15626 -1.21506 -0.48732 -0.49803 0.61831 -0.36358
1403638584.4778294563 -20.14555 -9.11318 -1.26536 -0.48773 -0.49854 0.61743 -0.36380
1403638584.5778295994 -20.08955 -9.10778 -1.26213 -0.48730 -0.49868 0.61760 -0.36390
1403638584.6778295040 -20.02984 -9.09700 -1.25142 -0.48416 -0.49946 0.61971 -0.36343
1403638584.7778294086 -19.96558 -9.06010 -1.26564 -0.47630 -0.50378 0.62534 -0.35818
1403638584.8778295517 -19.89900 -9.04007 -1.24056 -0.46519 -0.50759 0.63347 -0.35307
1403638584.9778294563 -19.83140 -8.99830 -1.24905 -0.46075 -0.50941 0.63702 -0.34989
1403638585.0778295994 -19.76162 -8.96110 -1.25781 -0.45940 -0.51004 0.63821 -0.34857
1403638585.1778295040 -19.69348 -8.93906 -1.25119 -0.45751 -0.50904 0.63947 -0.35020
1403638585.2778294086 -19.63362 -8.88821 -1.28422 -0.45988 -0.50794 0.63757 -0.35215
1403638585.3778295517 -19.56613 -8.86269 -1.29193 -0.46200 -0.50665 0.63581 -0.35441
1403638585.4778294563 -19.50215 -8.82754 -1.30739 -0.46171 -0.50678 0.63600 -0.35427
1403638585.5778295994 -19.43494 -8.80268 -1.30954 -0.45960 -0.50825 0.63714 -0.35285
1403638585.6778295040 -19.37665 -8.77492 -1.30828 -0.45745 -0.51052 0.63841 -0.35007
1403638585.7778294086 -19.30755 -8.75133 -1.29437 -0.45078 -0.51351 0.64302 -0.34588
1403638585.8778295517 -19.23748 -8.72567 -1.27243 -0.44562 -0.51558 0.64673 -0.34255
1403638585.9778294563 -19.27587 -8.72973 -1.24757 -0.44225 -0.51610 0.64743 -0.34481
1403638586.0778295994 -19.21113 -8.71461 -1.21727 -0.44724 -0.51284 0.64463 -0.34846
1403638586.1778295040 -19.14525 -8.70678 -1.19252 -0.45089 -0.51068 0.64273 -0.35043
1403638586.2778294086 -19.06772 -8.68612 -1.17411 -0.45509 -0.50880 0.64045 -0.35189
1403638586.3778295517 -19.00982 -8.68073 -1.15893 -0.46211 -0.50830 0.63573 -0.35204
1403638586.4778294563 -18.88249 -8.63699 -1.14730 -0.47069 -0.50887 0.63092 -0.34848
1403638586.5778295994 -18.81711 -8.62585 -1.14349 -0.47287 -0.50896 0.62955 -0.34788
1403638586.6778295040 -18.77204 -8.61711 -1.14943 -0.46745 -0.51049 0.63126 -0.34987
1403638586.7778294086 -18.70745 -8.60968 -1.15853 -0.46422 -0.50884 0.63334 -0.35279
1403638586.8778295517 -18.62293 -8.56964 -1.18087 -0.46425 -0.50679 0.63353 -0.35536
1403638586.9778294563 -18.55493 -8.55397 -1.20089 -0.46459 -0.50676 0.63316 -0.35560
1403638587.0778295994 -18.46989 -8.51385 -1.22354 -0.46465 -0.50591 0.63349 -0.35616
1403638587.1778295040 -18.39760 -8.49418 -1.23997 -0.46337 -0.50697 0.63414 -0.35516
1403638587.2778294086 -18.31191 -8.45678 -1.24669 -0.46189 -0.50804 0.63519 -0.35367
1403638587.3778295517 -18.23879 -8.43287 -1.24938 -0.46009 -0.50920 0.63638 -0.35220
1403638587.4778294563 -18.15043 -8.39754 -1.24639 -0.45867 -0.50811 0.63789 -0.35291
1403638587.5778295994 -18.07406 -8.37274 -1.24714 -0.45781 -0.50764 0.63874 -0.35317
1403638587.6778295040 -17.98962 -8.34214 -1.25265 -0.45804 -0.50689 0.63892 -0.35361
1403638587.7778294086 -17.91414 -8.31694 -1.26426 -0.45816 -0.50636 0.63905 -0.35397
1403638587.8778295517 -17.83347 -8.29066 -1.27860 -0.45780 -0.50550 0.63955 -0.35477
1403638587.9778294563 -17.75859 -8.26630 -1.29786 -0.45781 -0.50491 0.63976 -0.35523
1403638588.0778295994 -17.72496 -8.26118 -1.31958 -0.45871 -0.50541 0.63882 -0.35504
1403638588.1778295040 -17.65507 -8.23795 -1.34612 -0.46341 -0.50852 0.63560 -0.35024
1403638588.2778294086 -17.57801 -8.21071 -1.37035 -0.46533 -0.51036 0.63408 -0.34776
1403638588.3778295517 -17.50477 -8.18645 -1.38968 -0.46560 -0.51107 0.63368 -0.34709
1403638588.4778294563 -17.45613 -8.17851 -1.40961 -0.46008 -0.51409 0.63219 -0.35266
1403638588.5778295994 -17.38359 -8.15483 -1.41326 -0.45859 -0.51268 0.63310 -0.35502
1403638588.6778295040 -17.29500 -8.11577 -1.40682 -0.45802 -0.51071 0.63403 -0.35693
1403638588.7778294086 -17.22139 -8.08843 -1.39867 -0.45776 -0.50875 0.63434 -0.35951
1403638588.8778295517 -17.13335 -8.04863 -1.39171 -0.45654 -0.50655 0.63614 -0.36097
1403638588.9778294563 -17.05981 -8.01813 -1.39310 -0.45669 -0.50634 0.63634 -0.36074
1403638589.0778295994 -16.97496 -7.98011 -1.40045 -0.45712 -0.50602 0.63687 -0.35968
1403638589.1778295040 -16.90259 -7.95025 -1.41477 -0.45848 -0.50624 0.63617 -0.35889
1403638589.2778294086 -16.81788 -7.91402 -1.42956 -0.45939 -0.50499 0.63591 -0.35993
1403638589.3778295517 -16.74453 -7.87954 -1.44827 -0.45971 -0.50494 0.63566 -0.36006
1403638589.4778294563 -16.65789 -7.84222 -1.45917 -0.45903 -0.50501 0.63683 -0.35875
1403638589.5778295994 -16.58504 -7.80460 -1.46729 -0.45851 -0.50476 0.63714 -0.35922
1403638589.6778295040 -16.50108 -7.77092 -1.46352 -0.45804 -0.50500 0.63769 -0.35851
1403638589.7778294086 -16.42845 -7.73395 -1.45664 -0.45698 -0.50607 0.63888 -0.35622
1403638589.8778295517 -16.34670 -7.69550 -1.44614 -0.45656 -0.50578 0.64013 -0.35493
1403638589.9778294563 -16.27413 -7.65787 -1.44698 -0.45671 -0.50550 0.64052 -0.35443
1403638590.0778295994 -16.19078 -7.61578 -1.44926 -0.45656 -0.50481 0.64127 -0.35424
1403638590.1778295040 -16.11938 -7.57864 -1.45841 -0.45772 -0.50376 0.64094 -0.35484
1403638590.2778294086 -16.05822 -7.54865 -1.46742 -0.45816 -0.50264 0.64112 -0.35553
1403638590.3778295517 -15.98969 -7.51209 -1.48359 -0.45795 -0.50265 0.64166 -0.35482
1403638590.4778294563 -15.91596 -7.47635 -1.49969 -0.45768 -0.50284 0.64234 -0.35369
1403638590.5778295994 -15.84843 -7.43930 -1.51598 -0.45596 -0.50335 0.64352 -0.35301
1403638590.6778295040 -15.77069 -7.40198 -1.52347 -0.45335 -0.50400 0.64545 -0.35192
1403638590.7778294086 -15.70640 -7.36741 -1.52428 -0.45205 -0.50443 0.64630 -0.35142
1403638590.8778295517 -15.63306 -7.32982 -1.51735 -0.45172 -0.50495 0.64685 -0.35010
1403638590.9778294563 -15.57118 -7.29722 -1.50519 -0.45014 -0.50496 0.64791 -0.35015
1403638591.0778295994 -15.49666 -7.25558 -1.49142 -0.44840 -0.50471 0.64962 -0.34956
1403638591.1778295040 -15.43596 -7.22513 -1.48110 -0.44406 -0.50753 0.65298 -0.34474
1403638591.2778294086 -15.36138 -7.18579 -1.48420 -0.43730 -0.51096 0.65811 -0.33850
1403638591.3778295517 -15.29374 -7.15571 -1.48987 -0.43101 -0.51293 0.66270 -0.33461
1403638591.4778294563 -15.22732 -7.13287 -1.49864 -0.42654 -0.51380 0.66609 -0.33226
1403638591.5778295994 -15.16419 -7.11727 -1.51261 -0.42194 -0.51459 0.66961 -0.32982
1403638591.6778295040 -15.10325 -7.10833 -1.53012 -0.42073 -0.51395 0.67079 -0.32997
1403638591.7778294086 -15.04723 -7.10728 -1.54741 -0.42402 -0.51278 0.66892 -0.33136
1403638591.8778295517 -15.00130 -7.11860 -1.56301 -0.42698 -0.51125 0.66694 -0.33394
1403638591.9778294563 -14.95759 -7.13638 -1.57145 -0.43002 -0.50937 0.66488 -0.33700
1403638592.0778295994 -14.91021 -7.15558 -1.57051 -0.43304 -0.50765 0.66256 -0.34027
1403638592.1778295040 -14.87350 -7.18705 -1.56231 -0.43472 -0.50625 0.65945 -0.34619
1403638592.2778294086 -14.83040 -7.21664 -1.54088 -0.43759 -0.50453 0.65197 -0.35903
1403638592.3778295517 -14.79481 -7.25096 -1.50990 -0.43610 -0.50724 0.64322 -0.37255
1403638592.4778294563 -14.76277 -7.28958 -1.47364 -0.42876 -0.51756 0.63325 -0.38379
1403638592.5778295994 -14.76572 -7.30977 -1.42972 -0.42131 -0.53161 0.62450 -0.38717
1403638592.6778295040 -14.74093 -7.34306 -1.38202 -0.41338 -0.54401 0.61941 -0.38666
1403638592.7778294086 -14.72366 -7.37742 -1.33584 -0.40573 -0.55403 0.61719 -0.38407
1403638592.8778295517 -14.69102 -7.42666 -1.28793 -0.39946 -0.56090 0.61621 -0.38224
1403638592.9778294563 -14.68161 -7.46858 -1.24959 -0.39763 -0.56506 0.61455 -0.38069
1403638593.0778295994 -14.67935 -7.51638 -1.21773 -0.39648 -0.56642 0.61390 -0.38091
1403638593.1778295040 -14.67527 -7.57060 -1.18114 -0.39820 -0.56548 0.61225 -0.38317
1403638593.2778294086 -14.67799 -7.62939 -1.14218 -0.40640 -0.56490 0.60722 -0.38342
1403638593.3778295517 -14.67773 -7.69634 -1.09156 -0.41630 -0.56498 0.60112 -0.38230
1403638593.4778294563 -14.68161 -7.74794 -1.05463 -0.42672 -0.56319 0.59519 -0.38273
1403638593.5778295994 -14.67986 -7.81331 -1.01314 -0.43231 -0.56155 0.59253 -0.38299
1403638593.6778295040 -14.67571 -7.87265 -0.98282 -0.43519 -0.56069 0.59158 -0.38245
1403638593.7778294086 -14.66864 -7.91899 -0.96600 -0.43906 -0.55749 0.58995 -0.38521
1403638593.8778295517 -14.65905 -7.97424 -0.94242 -0.44404 -0.54889 0.58410 -0.40047
1403638593.9778294563 -14.64366 -8.03450 -0.90377 -0.44240 -0.54792 0.57968 -0.40992
1403638594.0778295994 -14.62847 -8.07995 -0.86694 -0.43278 -0.55369 0.58115 -0.41037
1403638594.1778295040 -14.61404 -8.11671 -0.82818 -0.42738 -0.56132 0.58079 -0.40615
1403638594.2778294086 -14.60010 -8.14065 -0.79420 -0.42650 -0.56604 0.57783 -0.40475
1403638594.3778295517 -14.58573 -8.16620 -0.76323 -0.42975 -0.56796 0.57321 -0.40518
1403638594.4778294563 -14.56778 -8.19010 -0.72429 0.43417 0.56992 -0.56795 0.40512
1403638594.5778295994 -14.54830 -8.20565 -0.68465 -0.42969 -0.56913 0.56970 -0.40853
1403638594.6778295040 -14.52645 -8.20560 -0.64133 -0.42484 -0.56775 0.57280 -0.41117
1403638594.7778294086 -14.50590 -8.21314 -0.59990 -0.42240 -0.56725 0.57489 -0.41147
1403638594.8778295517 -14.48459 -8.20751 -0.56496 -0.42130 -0.56627 0.57635 -0.41190
1403638594.9778294563 -14.46373 -8.20890 -0.53744 -0.42059 -0.56750 0.57783 -0.40886
1403638595.0778295994 -14.44198 -8.20845 -0.51512 -0.41841 -0.56747 0.58002 -0.40802
1403638595.1778295040 -14.42059 -8.20734 -0.49842 -0.41772 -0.56718 0.58134 -0.40724
1403638595.2778294086 -14.39955 -8.20522 -0.48738 -0.41773 -0.56740 0.58184 -0.40623
1403638595.3778295517 -14.37466 -8.19271 -0.47815 -0.41791 -0.56661 0.58233 -0.40644
1403638595.4778294563 -14.35564 -8.18643 -0.47957 -0.41764 -0.56678 0.58271 -0.40594
1403638595.5778295994 -14.33589 -8.17930 -0.48175 -0.41710 -0.56761 0.58292 -0.40503
1403638595.6778295040 -14.31595 -8.17004 -0.47901 -0.41905 -0.56858 0.58157 -0.40360
1403638595.7778294086 -14.29420 -8.15896 -0.47171 -0.42183 -0.57101 0.57969 -0.39996
1403638595.8778295517 -14.27072 -8.14785 -0.46684 -0.42255 -0.57170 0.57939 -0.39864
1403638595.9778294563 -14.24664 -8.13628 -0.47529 -0.42470 -0.57227 0.57804 -0.39750
1403638596.0778295994 -14.21466 -8.12090 -0.49084 0.43037 0.57540 -0.57449 0.39200
1403638596.1778295040 -14.18678 -8.10711 -0.51154 0.43815 0.58099 -0.56875 0.38341
1403638596.2778294086 -14.15044 -8.09076 -0.52523 0.44596 0.58721 -0.56252 0.37399
1403638596.3778295517 -14.10392 -8.06853 -0.53161 0.45325 0.59142 -0.55642 0.36767
1403638596.4778294563 -14.04875 -8.04923 -0.52917 0.45766 0.59392 -0.55219 0.36454
1403638596.5778295994 -13.98000 -8.02435 -0.51593 0.46251 0.59721 -0.54822 0.35899
1403638596.6778295040 -13.89769 -8.00300 -0.49672 0.46782 0.60081 -0.54338 0.35342
1403638596.7778294086 -13.79661 -7.98026 -0.46975 0.47056 0.60281 -0.54062 0.35062
1403638596.8778295517 -13.67635 -7.95687 -0.43548 0.47367 0.60390 -0.53781 0.34885
1403638596.9778294563 -13.54128 -7.92944 -0.40005 0.47585 0.60338 -0.53632 0.34907
1403638597.0778295994 -13.38926 -7.90198 -0.36989 0.47844 0.60324 -0.53492 0.34794
1403638597.1778295040 -13.22177 -7.87234 -0.34528 0.48136 0.60188 -0.53365 0.34821
1403638597.2778294086 -13.04041 -7.83844 -0.32815 0.48155 0.59801 -0.53461 0.35310
1403638597.3778295517 -12.84354 -7.80227 -0.31736 0.47927 0.59394 -0.53765 0.35843
1403638597.4778294563 -12.63201 -7.76173 -0.30859 0.47536 0.58740 -0.54166 0.36823
1403638597.5778295994 -12.41145 -7.71585 -0.30518 0.46923 0.57841 -0.54692 0.38227
1403638597.6778295040 -12.18430 -7.66433 -0.30680 0.46746 0.57430 -0.54894 0.38771
1403638597.7778294086 -11.95014 -7.60698 -0.31366 0.46955 0.57861 -0.54569 0.38334
1403638597.8778295517 -11.70756 -7.54440 -0.32477 0.47171 0.58711 -0.53772 0.37902
1403638597.9778294563 -11.45268 -7.47624 -0.33880 0.47213 0.59366 -0.53102 0.37772
1403638598.0778295994 -11.19158 -7.40501 -0.34867 0.46764 0.59532 -0.52904 0.38343
1403638598.1778295040 -10.91498 -7.32685 -0.35247 0.45082 0.59162 -0.53757 0.39720
1403638598.2778294086 -10.63366 -7.24390 -0.35193 0.43622 0.58862 -0.54573 0.40671
1403638598.3778295517 -10.44633 -7.16706 -0.35041 0.42529 0.58791 -0.55038 0.41301
1403638598.4778294563 -10.16927 -7.08428 -0.35751 0.42030 0.58887 -0.55324 0.41293
1403638598.5778295994 -9.90041 -7.00034 -0.37243 0.41540 0.59172 -0.55276 0.41445
1403638598.6778295040 -9.64780 -6.91625 -0.39201 0.41132 0.59858 -0.54689 0.41645
1403638598.7778294086 -9.38058 -6.83087 -0.41181 0.40469 0.60650 -0.53923 0.42143
1403638598.8778295517 -9.12872 -6.74513 -0.42412 0.39836 0.61559 -0.52779 0.42872
1403638598.9778294563 -8.87177 -6.65659 -0.43389 0.39035 0.62689 -0.51562 0.43448
1403638599.0778295994 -8.62353 -6.56867 -0.43892 0.38110 0.63752 -0.50257 0.44244
1403638599.1778295040 -8.37663 -6.47959 -0.43812 0.37164 0.64861 -0.48867 0.44988
1403638599.2778294086 -8.12766 -6.38797 -0.43333 0.36216 0.66093 -0.47406 0.45527
1403638599.3778295517 -7.88532 -6.29595 -0.42100 0.34994 0.67339 -0.46151 0.45945
1403638599.4778294563 -7.65632 -6.20470 -0.40284 0.34080 0.68279 -0.45150 0.46239
1403638599.5778295994 -7.42442 -6.11244 -0.38685 0.33432 0.68955 -0.44562 0.46278
1403638599.6778295040 -7.19252 -6.02029 -0.37958 0.33006 0.69342 -0.44254 0.46303
1403638599.7778294086 -6.95820 -5.92986 -0.38098 0.32890 0.69414 -0.44170 0.46356
1403638599.8778295517 -6.72298 -5.84332 -0.38928 0.32633 0.69389 -0.44447 0.46312
1403638599.9778294563 -6.49690 -5.76096 -0.40130 0.32304 0.69101 -0.44915 0.46519
1403638600.0778295994 -6.26539 -5.68266 -0.41721 0.31688 0.68766 -0.45629 0.46745
1403638600.1778295040 -6.03286 -5.60851 -0.43687 0.30543 0.68256 -0.46711 0.47184
1403638600.2778294086 -5.78201 -5.53380 -0.46280 0.29563 0.67814 -0.47754 0.47400
1403638600.3778295517 -5.56111 -5.47112 -0.48906 0.28787 0.67450 -0.48556 0.47583
1403638600.4778294563 -5.35040 -5.41679 -0.50860 0.28145 0.67179 -0.49167 0.47722
1403638600.5778295994 -5.13120 -5.36751 -0.51882 0.28314 0.67167 -0.49277 0.47526
1403638600.6778295040 -4.92154 -5.32660 -0.52165 0.27973 0.67102 -0.49635 0.47447
1403638600.7778294086 -4.71708 -5.29492 -0.51799 0.27726 0.67397 -0.49857 0.46939
1403638600.8778295517 -4.72757 -5.32606 -0.49970 0.28194 0.68292 -0.49211 0.46038
1403638600.9778294563 -4.55115 -5.32669 -0.49752 0.29601 0.69117 -0.48262 0.44916
1403638601.0778295994 -4.40255 -5.33035 -0.49537 0.30371 0.69574 -0.47632 0.44364
1403638601.1778295040 -4.30557 -5.35180 -0.49454 0.31082 0.69844 -0.46953 0.44173
1403638601.2778294086 -4.14110 -5.37456 -0.50072 0.32328 0.69759 -0.45928 0.44488
1403638601.3778295517 -4.01356 -5.40041 -0.50743 0.32528 0.69550 -0.45305 0.45301
1403638601.4778294563 -3.83881 -5.41521 -0.50629 0.31799 0.69463 -0.44694 0.46543
1403638601.5778295994 -3.67028 -5.44561 -0.50301 0.31309 0.69846 -0.43263 0.47640
1403638601.6778295040 -3.51736 -5.47053 -0.49141 0.30510 0.70751 -0.41447 0.48430
1403638601.7778294086 -3.35536 -5.50239 -0.47658 0.29490 0.71948 -0.39156 0.49200
1403638601.8778295517 -3.20130 -5.52287 -0.44953 0.28443 0.73155 -0.36461 0.50100
1403638601.9778294563 -3.04790 -5.54091 -0.42124 0.27128 0.74203 -0.34340 0.50781
1403638602.0778295994 -2.89502 -5.55725 -0.39892 0.26009 0.75016 -0.32841 0.51162
1403638602.1778295040 -2.74242 -5.56955 -0.38281 0.25617 0.75500 -0.31278 0.51626
1403638602.2778294086 -2.58752 -5.57756 -0.37148 0.25190 0.75893 -0.29439 0.52336
1403638602.3778295517 -2.43194 -5.57953 -0.36026 0.23731 0.75685 -0.27780 0.54193
1403638602.4778294563 -2.27861 -5.57487 -0.33868 0.21895 0.74233 -0.26015 0.57735
1403638602.5778295994 -2.13650 -5.56207 -0.30949 0.19840 0.72730 -0.24395 0.61006
1403638602.6778295040 -2.01157 -5.54128 -0.27520 0.18200 0.72634 -0.22713 0.62267
1403638602.7778294086 -1.90772 -5.51156 -0.23618 0.16974 0.73375 -0.20850 0.62397
1403638602.8778295517 -1.82673 -5.47167 -0.19283 0.15629 0.74192 -0.19041 0.62360
1403638602.9778294563 -1.76567 -5.42315 -0.14726 0.13209 0.75068 -0.17787 0.62241
1403638603.0778295994 -1.71873 -5.37205 -0.10492 0.11167 0.75481 -0.16305 0.62547
1403638603.1778295040 -1.68786 -5.32176 -0.06981 0.09957 0.75677 -0.14718 0.62907
1403638603.2778294086 -1.67140 -5.27208 -0.04672 0.09135 0.77244 -0.13724 0.61332
1403638603.3778295517 -1.66715 -5.22279 -0.03294 0.08490 0.79101 -0.13260 0.59120
1403638603.4778294563 -1.66585 -5.17462 -0.02326 0.07995 0.80192 -0.13154 0.57725
1403638603.5778295994 -1.66420 -5.12867 -0.01583 0.07885 0.80251 -0.12701 0.57761
1403638603.6778295040 -1.66216 -5.08235 -0.01216 0.08185 0.79745 -0.12098 0.58544
1403638603.7778294086 -1.66761 -5.04101 -0.01695 0.09293 0.79378 -0.11088 0.59076
1403638603.8778295517 -1.67795 -4.99247 -0.02610 0.10410 0.79012 -0.10258 0.59527
1403638603.9778294563 -1.69406 -4.93930 -0.04042 0.11351 0.78601 -0.09661 0.59997
1403638604.0778295994 -1.71436 -4.88284 -0.06192 0.12132 0.78462 -0.09241 0.60092
1403638604.1778295040 -1.74002 -4.81310 -0.07739 0.12277 0.78459 -0.09142 0.60082
1403638604.2778294086 -1.77296 -4.74075 -0.08730 0.11441 0.78584 -0.09673 0.60001
1403638604.3778295517 -1.81571 -4.65698 -0.08881 0.10422 0.79049 -0.10360 0.59458
1403638604.4778294563 -1.86533 -4.56543 -0.08348 0.10030 0.79785 -0.10671 0.58480
1403638604.5778295994 -1.91602 -4.47340 -0.07381 0.09856 0.80238 -0.10834 0.57856
1403638604.6778295040 -1.96193 -4.42072 -0.06319 0.09349 0.80447 -0.11137 0.57593
1403638604.7778294086 -2.01441 -4.33837 -0.06184 0.08826 0.80468 -0.11462 0.57582
1403638604.8778295517 -2.06633 -4.26240 -0.06100 0.08470 0.80703 -0.11689 0.57259
1403638604.9778294563 -2.11689 -4.21205 -0.05333 0.07978 0.81351 -0.11709 0.56403
1403638605.0778295994 -2.17201 -4.13669 -0.04463 0.07676 0.81986 -0.11917 0.55474
1403638605.1778295040 -2.23427 -4.03838 -0.02900 0.07622 0.82398 -0.12043 0.54840
1403638605.2778294086 -2.27534 -3.97598 -0.01062 0.07852 0.82618 -0.11850 0.54518
1403638605.3778295517 -2.31278 -3.90944 0.00257 0.08738 0.82463 -0.11239 0.54747
1403638605.4778294563 -2.33969 -3.84645 0.01429 0.10104 0.81933 -0.10211 0.55503
1403638605.5778295994 -2.37901 -3.75478 0.01412 0.11257 0.81445 -0.09454 0.56131
1403638605.6778295040 -2.40788 -3.67964 0.00957 0.12044 0.81140 -0.08859 0.56504
1403638605.7778294086 -2.43553 -3.59611 0.00850 0.12239 0.81118 -0.08717 0.56516
1403638605.8778295517 -2.45437 -3.50897 0.02070 0.12462 0.81204 -0.08575 0.56365
1403638605.9778294563 -2.47662 -3.40777 0.03466 0.12873 0.81240 -0.08380 0.56250
1403638606.0778295994 -2.48795 -3.30527 0.05058 0.13097 0.81292 -0.08324 0.56132
1403638606.1778295040 -2.51541 -3.17392 0.05574 0.13436 0.81340 -0.08200 0.56000
1403638606.2778294086 -2.52393 -3.05108 0.05820 0.13547 0.81460 -0.08238 0.55793
1403638606.3778295517 -2.54766 -2.90704 0.04715 0.12517 0.81888 -0.09117 0.55267
1403638606.4778294563 -2.56633 -2.75850 0.03215 0.11122 0.82359 -0.10241 0.54666
1403638606.5778295994 -2.57836 -2.61073 0.01261 0.09862 0.82808 -0.11101 0.54059
1403638606.6778295040 -2.58302 -2.46269 -0.00976 0.08917 0.83179 -0.11102 0.53652
1403638606.7778294086 -2.58006 -2.31547 -0.03596 0.08012 0.83672 -0.10338 0.53178
1403638606.8778295517 -2.56744 -2.16806 -0.06413 0.06834 0.84065 -0.09095 0.52950
1403638606.9778294563 -2.54202 -2.02783 -0.08780 0.05529 0.84318 -0.07416 0.52961
1403638607.0778295994 -2.50635 -1.88499 -0.10140 0.04017 0.84389 -0.05757 0.53190
1403638607.1778295040 -2.45937 -1.75345 -0.10721 0.02614 0.83973 -0.04643 0.54039
1403638607.2778294086 -2.40597 -1.62249 -0.11379 0.01944 0.83088 -0.03539 0.55498
1403638607.3778295517 -2.34676 -1.44840 -0.13321 0.01258 0.82388 -0.03148 0.56574
1403638607.4778294563 -2.28597 -1.30108 -0.15979 0.00813 0.82196 -0.02917 0.56874
1403638607.5778295994 -2.21144 -1.07327 -0.20313 0.00838 0.82190 -0.02904 0.56883
1403638607.6778295040 -2.15265 -0.96073 -0.23768 0.00750 0.82047 -0.02787 0.57096
1403638607.7778294086 -2.09647 -0.87239 -0.27418 0.00961 0.81946 -0.02622 0.57246
1403638607.8778295517 -2.03979 -0.76839 -0.31552 0.00732 0.82012 -0.02910 0.57141
1403638607.9778294563 -1.97918 -0.66610 -0.36219 0.00266 0.82191 -0.03436 0.56857
1403638608.0778295994 -1.90915 -0.52773 -0.41727 0.00467 0.81950 -0.03613 0.57192
1403638608.1778295040 -1.86170 -0.46126 -0.46908 0.01101 0.81707 -0.03376 0.57544
1403638608.2778294086 -1.80445 -0.37903 -0.52879 0.01642 0.81285 -0.03167 0.58138
1403638608.3778295517 -1.77238 -0.33497 -0.58587 0.02051 0.80717 -0.02899 0.58925
1403638608.4778294563 -1.72261 -0.25727 -0.65499 0.02056 0.80687 -0.02924 0.58965
1403638608.5778295994 -1.68402 -0.17794 -0.72985 0.02115 0.80843 -0.02951 0.58747
1403638608.6778295040 -1.64193 -0.10438 -0.80097 0.01853 0.80398 -0.03119 0.59354
1403638608.7778294086 -1.61622 -0.02700 -0.86860 0.01801 0.80383 -0.03149 0.59375
1403638608.8778295517 -1.59628 0.04377 -0.93061 0.01620 0.80735 -0.03224 0.58896
1403638608.9778294563 -1.57386 0.11070 -0.98394 0.01361 0.81125 -0.03381 0.58356
1403638609.0778295994 -1.55624 0.18673 -1.03725 0.01195 0.81376 -0.03495 0.58003
1403638609.1778295040 -1.55488 0.22973 -1.06701 0.00980 0.81325 -0.03622 0.58070
1403638609.2778294086 -1.54895 0.28493 -1.10509 0.00293 0.81012 -0.04100 0.58483
1403638609.3778295517 -1.53798 0.33437 -1.15284 0.00385 0.81060 -0.04072 0.58418
1403638609.4778294563 -1.53788 0.37691 -1.20270 0.00719 0.81179 -0.03893 0.58261
1403638609.5778295994 -1.53471 0.41633 -1.26299 0.01034 0.81285 -0.03727 0.58119
1403638609.6778295040 -1.53430 0.45467 -1.32745 0.01288 0.81281 -0.03546 0.58131
1403638609.7778294086 -1.53350 0.48705 -1.39363 0.01379 0.81331 -0.03488 0.58062
1403638609.8778295517 -1.53481 0.51869 -1.45213 0.01316 0.81327 -0.03524 0.58067
1403638609.9778294563 -1.53635 0.54549 -1.50347 0.01280 0.81242 -0.03564 0.58184
1403638610.0778295994 -1.54259 0.56912 -1.54513 0.01173 0.80911 -0.03647 0.58641
1403638610.1778295040 -1.54837 0.58859 -1.58334 0.01318 0.80606 -0.03545 0.59062
1403638610.2778294086 -1.55871 0.60567 -1.62582 0.01222 0.80387 -0.03637 0.59357
1403638610.3778295517 -1.57325 0.62015 -1.67521 0.01177 0.80318 -0.03671 0.59448
1403638610.4778294563 -1.59931 0.63080 -1.72779 0.01301 0.80147 -0.03616 0.59680
1403638610.5778295994 -1.62246 0.63923 -1.78572 0.01459 0.79589 -0.03504 0.60425
1403638610.6778295040 -1.65467 0.64577 -1.84453 0.01445 0.78988 -0.03484 0.61210
1403638610.7778294086 -1.69667 0.65184 -1.90065 0.01219 0.79580 -0.03561 0.60439
1403638610.8778295517 -1.74260 0.65535 -1.94803 0.01002 0.80330 -0.03593 0.59441
1403638610.9778294563 -1.80217 0.65704 -1.98671 0.00890 0.80369 -0.03589 0.59390
1403638611.0778295994 -1.86033 0.65517 -2.02692 0.00822 0.80027 -0.03582 0.59852
1403638611.1778295040 -1.91700 0.64754 -2.07310 0.00719 0.79958 -0.03513 0.59949
1403638611.2778294086 -1.97924 0.63810 -2.12062 0.00767 0.79980 -0.03410 0.59925
1403638611.3778295517 -2.04846 0.62623 -2.16391 0.01503 0.80028 -0.02907 0.59873
1403638611.4778294563 -2.13006 0.61947 -2.20084 0.02915 0.80107 -0.02020 0.59752
1403638611.5778295994 -2.20731 0.60861 -2.22930 0.03725 0.80363 -0.01563 0.59376
1403638611.6778295040 -2.29797 0.60961 -2.25391 0.03744 0.80579 -0.01671 0.59078
1403638611.7778294086 -2.38670 0.61056 -2.27689 0.02862 0.80822 -0.02353 0.58771
1403638611.8778295517 -2.47216 0.60846 -2.30642 0.02017 0.81048 -0.03029 0.58464
1403638611.9778294563 -2.56045 0.60994 -2.33756 0.01567 0.81183 -0.03436 0.58267
1403638612.0778295994 -2.65484 0.61033 -2.37649 0.01489 0.81327 -0.03564 0.58060
1403638612.1778295040 -2.74088 0.60496 -2.40270 0.01293 0.81344 -0.03762 0.58029
1403638612.2778294086 -2.82530 0.60001 -2.41945 0.01267 0.81305 -0.03821 0.58080
1403638612.3778295517 -2.90873 0.58923 -2.43188 0.01465 0.81301 -0.03747 0.58086
1403638612.4778294563 -2.98933 0.57887 -2.44501 0.01679 0.81160 -0.03744 0.58277
1403638612.5778295994 -3.07316 0.56462 -2.46622 0.02162 0.81010 -0.03577 0.58480
1403638612.6778295040 -3.15760 0.55108 -2.49471 0.02879 0.80984 -0.03269 0.58503
1403638612.7778294086 -3.24529 0.54142 -2.53109 0.03303 0.80894 -0.03236 0.58607
1403638612.8778295517 -3.33076 0.53054 -2.56417 0.03471 0.80671 -0.03362 0.58896
1403638612.9778294563 -3.42546 0.52562 -2.59721 0.03421 0.80601 -0.03573 0.58983
1403638613.0778295994 -3.51215 0.51971 -2.61792 0.03187 0.80771 -0.03826 0.58747
1403638613.1778295040 -3.60181 0.51630 -2.63164 0.03065 0.80959 -0.03985 0.58484
1403638613.2778294086 -3.69909 0.51665 -2.63976 0.03126 0.81004 -0.04000 0.58417
1403638613.3778295517 -3.78862 0.51469 -2.64003 0.03219 0.80996 -0.03934 0.58428
1403638613.4778294563 -3.95084 0.50763 -2.66246 0.03174 0.80865 -0.03947 0.58611
1403638613.5778295994 -4.04534 0.50661 -2.67194 0.03359 0.80731 -0.04380 0.58754
1403638613.6778295040 -4.13947 0.50730 -2.68721 0.03157 0.80413 -0.04973 0.59153
1403638613.7778294086 -4.27552 0.50882 -2.71886 0.03144 0.79864 -0.05527 0.59844
1403638613.8778295517 -4.37783 0.50711 -2.75052 0.03676 0.79593 -0.06324 0.60095
1403638613.9778294563 -4.47248 0.50976 -2.78173 0.04542 0.79537 -0.07497 0.59975
1403638614.0778295994 -4.58449 0.50828 -2.82049 0.05777 0.79538 -0.08937 0.59670
1403638614.1778295040 -4.72090 0.50590 -2.86394 0.07150 0.79657 -0.10590 0.59089
1403638614.2778294086 -4.83959 0.50487 -2.89790 0.08192 0.79635 -0.12218 0.58667
1403638614.3778295517 -4.95786 0.50499 -2.92591 0.08961 0.79658 -0.13385 0.58268
1403638614.4778294563 -5.08844 0.50656 -2.94735 0.09285 0.79543 -0.14397 0.58133
1403638614.5778295994 -5.22589 0.50745 -2.96173 0.09641 0.79440 -0.15345 0.57973
1403638614.6778295040 -5.34210 0.50630 -2.96395 0.09956 0.79199 -0.16644 0.57891
1403638614.7778294086 -5.51807 0.50146 -2.96896 0.09855 0.79068 -0.18567 0.57501
1403638614.8778295517 -5.39384 0.50339 -2.89050 0.10467 0.79111 -0.20786 0.56567
1403638614.9778294563 -5.50006 0.49151 -2.86604 0.11634 0.78791 -0.22899 0.55967
1403638615.0778295994 -5.60540 0.47258 -2.83822 0.13448 0.78220 -0.25047 0.55438
1403638615.1778295040 -5.65462 0.44944 -2.80022 0.15912 0.77264 -0.27108 0.55157
1403638615.2778294086 -5.78520 0.41998 -2.76762 0.18628 0.76227 -0.29004 0.54784
1403638615.3778295517 -5.91377 0.38964 -2.73751 0.20836 0.75078 -0.31308 0.54304
1403638615.4778294563 -6.01685 0.36003 -2.71340 0.22902 0.73861 -0.33637 0.53747
1403638615.5778295994 -6.07148 0.34161 -2.70165 0.24626 0.72747 -0.35912 0.53026
1403638615.6778295040 -6.22042 0.30849 -2.68265 0.25752 0.71943 -0.37408 0.52552
1403638615.7778294086 -6.32401 0.28408 -2.66393 0.26462 0.71338 -0.38523 0.52218
1403638615.8778295517 -6.42916 0.26286 -2.63694 0.26924 0.70768 -0.39577 0.51968
1403638615.9778294563 -6.35415 0.26647 -2.64530 0.27969 0.70145 -0.40959 0.51184
1403638616.0778295994 -6.44639 0.24949 -2.62966 0.28747 0.69499 -0.41992 0.50795
1403638616.1778295040 -6.53836 0.23452 -2.62471 0.29556 0.68788 -0.43220 0.50266
1403638616.2778294086 -6.58418 0.22759 -2.64428 0.30549 0.67798 -0.44856 0.49579
1403638616.3778295517 -6.65473 0.20515 -2.67330 0.31637 0.66797 -0.46520 0.48715
1403638616.4778294563 -6.74762 0.18873 -2.70430 0.32437 0.65819 -0.48006 0.48075
1403638616.5778295994 -6.85146 0.17022 -2.73481 0.33015 0.65251 -0.49107 0.47338
1403638616.6778295040 -6.94892 0.15249 -2.76750 0.33064 0.65086 -0.50152 0.46426
1403638616.7778294086 -7.03354 0.12689 -2.80739 0.32032 0.65217 -0.51453 0.45534
1403638616.8778295517 -7.13460 0.10008 -2.83881 0.31147 0.65325 -0.52304 0.45020
1403638616.9778294563 -7.24250 0.06139 -2.85387 0.31694 0.65342 -0.51960 0.45011
1403638617.0778295994 -7.30382 0.02774 -2.85071 0.32566 0.65290 -0.51402 0.45106
1403638617.1778295040 -7.44304 -0.02491 -2.85960 0.33214 0.65503 -0.50570 0.45264
1403638617.2778294086 -7.97912 -0.13259 -2.93493 0.32104 0.66551 -0.49463 0.45757
1403638617.3778295517 -8.11132 -0.20362 -2.93911 0.31701 0.67084 -0.49450 0.45272
1403638617.4778294563 -8.23988 -0.27570 -2.93412 0.31465 0.67492 -0.49360 0.44926
1403638617.5778295994 -8.36125 -0.35242 -2.91983 0.31420 0.67709 -0.49191 0.44817
1403638617.6778295040 -8.47659 -0.43479 -2.89611 0.31661 0.67804 -0.48821 0.44908
1403638617.7778294086 -8.59695 -0.51684 -2.86646 0.31822 0.67818 -0.48511 0.45109
1403638617.8778295517 -8.68866 -0.60610 -2.82324 0.31959 0.67988 -0.48285 0.44999
1403638617.9778294563 -8.76655 -0.69758 -2.77498 0.31939 0.67909 -0.48242 0.45178
1403638618.0778295994 -8.84284 -0.79269 -2.73311 0.31961 0.67934 -0.48160 0.45212
1403638618.1778295040 -8.90743 -0.88818 -2.69888 0.31817 0.67930 -0.48213 0.45263
1403638618.2778294086 -8.99864 -0.98767 -2.67347 0.31853 0.68017 -0.48086 0.45240
1403638618.3778295517 -9.04822 -1.08563 -2.64970 0.31971 0.67988 -0.48015 0.45278
1403638618.4778294563 -9.13069 -1.18974 -2.63081 0.31935 0.68072 -0.47914 0.45283
1403638618.5778295994 -9.17024 -1.29039 -2.61288 0.32186 0.68008 -0.47847 0.45274
1403638618.6778295040 -9.24405 -1.39999 -2.59799 0.32496 0.67826 -0.48093 0.45062
1403638618.7778294086 -9.27252 -1.50187 -2.58031 0.32821 0.67565 -0.48365 0.44928
1403638618.8778295517 -9.30840 -1.60949 -2.55652 0.33244 0.67219 -0.48575 0.44910
1403638618.9778294563 -9.34710 -1.71807 -2.53138 0.34066 0.66365 -0.49101 0.44992
1403638619.0778295994 -9.37770 -1.81603 -2.51581 0.35277 0.65281 -0.50042 0.44606
1403638619.1778295040 -9.42007 -1.92828 -2.50455 0.36513 0.63926 -0.51403 0.44023
1403638619.2778294086 -9.18767 -1.65372 -2.59484 0.38281 0.61773 -0.53326 0.43302
1403638619.3778295517 -9.20773 -1.70248 -2.60817 0.39621 0.59971 -0.55102 0.42397
1403638619.4778294563 -9.23896 -1.77714 -2.61878 0.40440 0.58424 -0.56601 0.41804
1403638619.5778295994 -9.25730 -1.83643 -2.63261 -0.40969 -0.57224 0.57683 -0.41468
1403638619.6778295040 -9.26681 -1.87450 -2.64870 -0.40725 -0.55982 0.58825 -0.41799
1403638619.7778294086 -9.29250 -1.93982 -2.66045 -0.40430 -0.55143 0.59627 -0.42062
1403638619.8778295517 -9.32839 -2.02357 -2.67097 -0.40408 -0.54640 0.60031 -0.42165
1403638619.9778294563 -9.35889 -2.08181 -2.69464 -0.40498 -0.54366 0.60287 -0.42068
1403638620.0778295994 -9.40786 -2.17819 -2.70148 -0.40781 -0.54110 0.60277 -0.42139
1403638620.1778295040 -9.45071 -2.23233 -2.71650 -0.41366 -0.53922 0.60014 -0.42185
1403638620.2778294086 -9.49527 -2.30272 -2.70698 -0.41548 -0.54044 0.59972 -0.41909
1403638620.3778295517 -9.54637 -2.34814 -2.70618 -0.41672 -0.54285 0.59880 -0.41605
1403638620.4778294563 -9.78286 -2.82760 -2.73893 -0.41394 -0.54777 0.59784 -0.41376
1403638620.5778295994 -9.85242 -2.90093 -2.73336 -0.41273 -0.54991 0.59725 -0.41298
1403638620.6778295040 -9.92860 -2.97763 -2.73437 -0.40866 -0.55212 0.59861 -0.41210
1403638620.7778294086 -10.01475 -3.10670 -2.74175 -0.40336 -0.55477 0.60111 -0.41011
1403638620.8778295517 -10.09703 -3.18120 -2.75259 -0.40389 -0.56001 0.59919 -0.40526
1403638620.9778294563 -10.18023 -3.25581 -2.76687 -0.40772 -0.56385 0.59466 -0.40276
1403638621.0778295994 -10.23369 -3.30422 -2.77678 -0.41291 -0.56515 0.58972 -0.40292
1403638621.1778295040 -10.31450 -3.37116 -2.78764 -0.41322 -0.56518 0.58753 -0.40575
1403638621.2778294086 -10.38440 -3.43453 -2.78937 -0.41555 -0.56514 0.58521 -0.40678
1403638621.3778295517 -10.46660 -3.50586 -2.78962 -0.41643 -0.56763 0.58322 -0.40526
1403638621.4778294563 -10.41035 -3.39817 -2.76764 -0.41913 -0.56713 0.58027 -0.40741
1403638621.5778295994 -10.47384 -3.44316 -2.77522 -0.42118 -0.56644 0.57738 -0.41035
1403638621.6778295040 -10.53398 -3.48708 -2.78803 -0.42188 -0.56617 0.57604 -0.41188
1403638621.7778294086 -10.51706 -3.44361 -2.79226 -0.42461 -0.56520 0.57428 -0.41287
1403638621.8778295517 -10.56967 -3.47153 -2.81123 -0.42883 -0.56337 0.57085 -0.41576
1403638621.9778294563 -10.61700 -3.49521 -2.83311 -0.43120 -0.56158 0.56894 -0.41832
1403638622.0778295994 -10.75280 -3.60358 -2.87397 -0.43031 -0.56083 0.56928 -0.41979
1403638622.1778295040 -10.80667 -3.62438 -2.90558 -0.42699 -0.56055 0.57145 -0.42060
1403638622.2778294086 -10.84795 -3.62810 -2.93149 -0.42519 -0.55861 0.57311 -0.42275
1403638622.3778295517 -10.88838 -3.62557 -2.95005 -0.42491 -0.55906 0.57416 -0.42101
1403638622.4778294563 -10.84583 -3.56212 -2.94599 -0.42772 -0.56029 0.57373 -0.41709
1403638622.5778295994 -10.88665 -3.55097 -2.94934 -0.43053 -0.56083 0.57258 -0.41505
1403638622.6778295040 -10.89506 -3.52234 -2.93800 -0.43682 -0.55836 0.56900 -0.41672
1403638622.7778294086 -10.93210 -3.49906 -2.92137 -0.44714 -0.54994 0.56146 -0.42707
1403638622.8778295517 -10.95859 -3.47277 -2.89901 -0.45205 -0.54616 0.55847 -0.43067
1403638622.9778294563 -11.07532 -3.47431 -2.89954 -0.44827 -0.54776 0.56245 -0.42739
1403638623.0778295994 -11.10841 -3.42508 -2.88756 -0.44042 -0.55113 0.56910 -0.42240
1403638623.1778295040 -11.13369 -3.36454 -2.87975 -0.43336 -0.55220 0.57449 -0.42099
1403638623.2778294086 -11.24592 -3.32119 -2.89776 -0.42892 -0.55323 0.57815 -0.41916
1403638623.3778295517 -11.29127 -3.25656 -2.90374 -0.42493 -0.55441 0.58108 -0.41762
1403638623.4778294563 -11.28003 -3.16233 -2.90298 -0.42456 -0.55566 0.58202 -0.41502
1403638623.5778295994 -11.31362 -3.08546 -2.90922 -0.42549 -0.55616 0.58154 -0.41407
1403638623.6778295040 -11.17384 -3.00822 -2.86938 -0.42515 -0.55773 0.58190 -0.41179
1403638623.7778294086 -11.19913 -2.92652 -2.85932 -0.42589 -0.55874 0.58225 -0.40916
1403638623.8778295517 -11.22387 -2.84027 -2.84390 -0.42601 -0.55959 0.58301 -0.40678
1403638623.9778294563 -11.24567 -2.74685 -2.83052 -0.42624 -0.56018 0.58413 -0.40411
1403638624.0778295994 -11.27079 -2.65537 -2.82099 -0.42434 -0.55885 0.58662 -0.40435
1403638624.1778295040 -11.37314 -2.39711 -2.82536 -0.42500 -0.55546 0.58803 -0.40628
1403638624.2778294086 -11.40324 -2.28573 -2.82777 -0.42351 -0.55353 0.59019 -0.40734
1403638624.3778295517 -11.43027 -2.17554 -2.83281 -0.42329 -0.55211 0.59138 -0.40776
1403638624.4778294563 -11.39213 -2.24540 -2.83277 -0.42215 -0.55349 0.59201 -0.40616
1403638624.5778295994 -11.41815 -2.14846 -2.84615 -0.42423 -0.54410 0.59106 -0.41789
1403638624.6778295040 -11.44641 -2.04726 -2.86186 -0.42902 -0.54188 0.58675 -0.42194
1403638624.7778294086 -11.46626 -1.96579 -2.87203 -0.42925 -0.55274 0.58205 -0.41405
1403638624.8778295517 -11.49517 -1.85663 -2.87647 -0.42682 -0.56241 0.57876 -0.40812
1403638624.9778294563 -11.52353 -1.72901 -2.87415 -0.41987 -0.56600 0.57894 -0.41010
1403638625.0778295994 -11.51510 -1.80327 -2.86840 -0.41213 -0.56869 0.57890 -0.41427
1403638625.1778295040 -11.54150 -1.70460 -2.86916 -0.40662 -0.56943 0.57949 -0.41785
1403638625.2778294086 -11.54947 -1.66727 -2.87105 -0.40449 -0.57121 0.57894 -0.41826
1403638625.3778295517 -11.57785 -1.57195 -2.87640 -0.40365 -0.57193 0.57816 -0.41917
1403638625.4778294563 -11.62521 -1.31100 -2.87576 -0.40471 -0.57091 0.57725 -0.42078
1403638625.5778295994 -11.65869 -1.20038 -2.86992 -0.40495 -0.57167 0.57706 -0.41978
1403638625.6778295040 -11.69184 -1.09785 -2.85616 -0.40374 -0.57304 0.57795 -0.41785
1403638625.7778294086 -11.72861 -0.98411 -2.83992 -0.39869 -0.57650 0.58121 -0.41338
1403638625.8778295517 -11.76649 -0.87442 -2.82950 -0.39665 -0.57840 0.58303 -0.41012
1403638625.9778294563 -11.78377 -0.91147 -2.82519 -0.39617 -0.57940 0.58329 -0.40880
1403638626.0778295994 -11.82175 -0.82018 -2.82459 -0.39365 -0.57946 0.58547 -0.40803
1403638626.1778295040 -11.79573 -0.99294 -2.82730 -0.39298 -0.57979 0.58692 -0.40612
1403638626.2778294086 -11.83160 -0.92781 -2.83614 -0.39646 -0.57943 0.58486 -0.40622
1403638626.3778295517 -11.84911 -0.85453 -2.84802 0.40493 0.58062 -0.57954 0.40378
1403638626.4778294563 -11.88213 -0.79292 -2.86291 0.40800 0.58083 -0.57704 0.40398
1403638626.5778295994 -11.90060 -0.71652 -2.87813 0.40708 0.58303 -0.57768 0.40080
1403638626.6778295040 -11.92918 -0.65757 -2.89328 0.40457 0.58434 -0.57913 0.39934
1403638626.7778294086 -11.95546 -0.60060 -2.90461 0.39922 0.58653 -0.58278 0.39619
1403638626.8778295517 -12.35723 0.68969 -2.92488 0.39677 0.58909 -0.57953 0.39962
1403638626.9778294563 -12.42198 0.84930 -2.92187 0.39572 0.58962 -0.58018 0.39893
1403638627.0778295994 -12.46809 0.95981 -2.91845 0.39517 0.58992 -0.57995 0.39936
1403638627.1778295040 -12.57782 1.36515 -2.91828 0.39480 0.59007 -0.57612 0.40502
1403638627.2778294086 -12.62332 1.50593 -2.91964 0.39623 0.59061 -0.57485 0.40464
1403638627.3778295517 -12.67434 1.62952 -2.92573 0.39842 0.59116 -0.57300 0.40430
1403638627.4778294563 -12.72463 1.74971 -2.93486 0.39823 0.59166 -0.57300 0.40375
1403638627.5778295994 -12.77415 1.86771 -2.94518 0.40010 0.59093 -0.57202 0.40438
1403638627.6778295040 -12.79528 1.83194 -2.96283 0.40402 0.58889 -0.57069 0.40532
1403638627.7778294086 -12.84653 1.94859 -2.97589 0.40682 0.58788 -0.56869 0.40680
1403638627.8778295517 -12.89118 2.05430 -2.98869 0.40798 0.58733 -0.56831 0.40697
1403638627.9778294563 -12.93392 2.16041 -3.00180 0.40663 0.58889 -0.56952 0.40436
1403638628.0778295994 -12.93418 2.12824 -3.02642 0.40636 0.58969 -0.57146 0.40071
1403638628.1778295040 -12.97773 2.23794 -3.03549 0.40648 0.58992 -0.57204 0.39942
1403638628.2778294086 -13.01458 2.33402 -3.04413 0.40626 0.58973 -0.57271 0.39897
1403638628.3778295517 -13.00589 2.31182 -3.06584 0.40459 0.58940 -0.57528 0.39746
1403638628.4778294563 -13.04085 2.40633 -3.06886 0.40181 0.58454 -0.57736 0.40438
1403638628.5778295994 -13.06946 2.48796 -3.06843 -0.40081 -0.57544 0.57792 -0.41742
1403638628.6778295040 -13.10088 2.57168 -3.06635 -0.39927 -0.56985 0.57886 -0.42518
1403638628.7778294086 -12.98511 2.10013 -3.11540 -0.39927 -0.57156 0.58086 -0.42012
1403638628.8778295517 -13.02728 2.16996 -3.12529 -0.40227 -0.57370 0.57868 -0.41735
1403638628.9778294563 -13.06282 2.22621 -3.13871 -0.40569 -0.57590 0.57664 -0.41380
1403638629.0778295994 -13.09818 2.28201 -3.14963 0.40869 0.57877 -0.57448 0.40983
1403638629.1778295040 -13.02661 2.23259 -3.17299 0.41025 0.58072 -0.57450 0.40548
1403638629.2778294086 -13.06636 2.29363 -3.18053 0.41038 0.58148 -0.57393 0.40506
1403638629.3778295517 -12.99337 2.25745 -3.20820 0.40898 0.58383 -0.57662 0.39923
1403638629.4778294563 -13.02929 2.31662 -3.21056 0.40386 0.58655 -0.58050 0.39479
1403638629.5778295994 -13.07148 2.48296 -3.25094 0.39802 0.58785 -0.58397 0.39370
1403638629.6778295040 -13.00473 2.41076 -3.26061 -0.39089 -0.58125 0.59036 -0.40103
1403638629.7778294086 -12.65957 1.76711 -3.20474 -0.39063 -0.57326 0.59376 -0.40771
1403638629.8778295517 -12.60116 1.70413 -3.16817 -0.39505 -0.56671 0.59201 -0.41508
1403638629.9778294563 -12.59722 1.89025 -3.22534 -0.40939 -0.56627 0.58801 -0.40740
1403638630.0778295994 -12.59431 1.88734 -3.24815 -0.41950 -0.56698 0.58095 -0.40626
1403638630.1778295040 -12.59423 1.87655 -3.27839 -0.42086 -0.57120 0.57963 -0.40079
1403638630.2778294086 -12.59175 1.86789 -3.31331 -0.41789 -0.57526 0.58168 -0.39509
1403638630.3778295517 -12.58523 1.85602 -3.33920 -0.39872 -0.59034 0.59359 -0.37440
1403638630.4778294563 -12.57793 1.83215 -3.32927 -0.41359 -0.57681 0.58192 -0.39699
1403638630.5778295994 -12.57142 1.80907 -3.33345 -0.41373 -0.57556 0.58246 -0.39787
1403638630.6778295040 -12.56708 1.78834 -3.35800 0.39639 0.59258 -0.59076 0.37779
1403638630.7778294086 -12.57667 1.78593 -3.36480 0.39297 0.60157 -0.58884 0.37007
1403638630.8778295517 -12.58002 1.79136 -3.37089 0.39066 0.59994 -0.58836 0.37587
1403638630.9778294563 -12.57870 1.78595 -3.37536 0.39091 0.59967 -0.58840 0.37599
1403638631.0778295994 -12.57609 1.77681 -3.38228 0.39142 0.59997 -0.58804 0.37554
1403638631.1778295040 -12.57476 1.76569 -3.38952 0.39123 0.59989 -0.58823 0.37558
1403638631.2778294086 -12.57385 1.75296 -3.39545 0.39100 0.59999 -0.58824 0.37565
1403638631.3778295517 -12.57496 1.73778 -3.39984 0.39059 0.60000 -0.58840 0.37580
1403638631.4778294563 -12.57300 1.71966 -3.40566 0.39036 0.59981 -0.58863 0.37599
1403638631.5778295994 -12.56908 1.69633 -3.41311 0.39022 0.59975 -0.58878 0.37599
1403638631.6778295040 -12.56893 1.67458 -3.42011 0.38983 0.59956 -0.58911 0.37618
