1403638523.0778295994 0.01188 0.00324 0.34368 -0.07317 0.80519 0.01824 0.58821
1403638523.1778295040 0.00671 -0.00125 0.36816 -0.07229 0.80402 0.01857 0.58990
1403638523.2778294086 -0.00215 -0.00888 0.35670 -0.06285 0.80140 0.01836 0.59453
1403638523.3778295517 -0.00987 -0.01404 0.31874 -0.05816 0.80018 0.01738 0.59668
1403638523.4778294563 -0.01400 -0.02051 0.26126 -0.05339 0.80377 0.01991 0.59220
1403638523.5778295994 -0.02628 -0.02676 0.20096 -0.04614 0.81293 0.02408 0.58003
1403638523.6778295040 -0.03283 -0.03188 0.13938 -0.03857 0.82241 0.02654 0.56696
1403638523.7778294086 -0.04171 -0.03737 0.08012 -0.03445 0.82701 0.02914 0.56038
1403638523.8778295517 -0.05173 -0.04237 0.02709 -0.03087 0.82742 0.03189 0.55983
1403638523.9778294563 -0.05942 -0.04696 -0.01367 -0.02041 0.82699 0.03711 0.56061
1403638524.0778295994 -0.06025 -0.04827 -0.03369 -0.01250 0.83012 0.04483 0.55563
1403638524.1778295040 -0.06009 -0.05363 -0.02744 -0.01244 0.83532 0.04910 0.54742
1403638524.2778294086 -0.05976 -0.05581 0.00828 -0.01778 0.83704 0.04928 0.54462
1403638524.3778295517 -0.05556 -0.05664 0.05990 -0.02688 0.83460 0.04743 0.54816
1403638524.4778294563 -0.05168 -0.05776 0.11740 -0.03378 0.82808 0.04568 0.55772
1403638524.5778295994 -0.04693 -0.05554 0.17240 -0.03652 0.81923 0.04419 0.57059
1403638524.6778295040 -0.04004 -0.05209 0.22219 -0.03215 0.81275 0.03855 0.58045
1403638524.7778294086 -0.03517 -0.04810 0.25983 -0.01916 0.80889 0.03326 0.58670
1403638524.8778295517 -0.03226 -0.04365 0.28383 -0.01501 0.80743 0.03035 0.58899
1403638524.9778294563 -0.03078 -0.04028 0.29239 -0.02145 0.80600 0.03273 0.59062
1403638525.0778295994 -0.03817 -0.03888 0.27571 -0.01897 0.80322 0.03618 0.59428
1403638525.1778295040 -0.04397 -0.03714 0.23896 -0.01639 0.80174 0.04071 0.59606
1403638525.2778294086 -0.03428 -0.03633 0.19303 -0.01637 0.80465 0.04567 0.59176
1403638525.3778295517 -0.04660 -0.03590 0.13251 -0.01886 0.81352 0.05055 0.57902
1403638525.4778294563 -0.06325 -0.03376 0.07354 -0.02723 0.82578 0.05228 0.56090
1403638525.5778295994 -0.06874 -0.03603 0.02009 -0.03375 0.83495 0.05189 0.54683
1403638525.6778295040 -0.07215 -0.03976 -0.02535 -0.03476 0.83789 0.04887 0.54253
1403638525.7778294086 -0.07223 -0.04414 -0.06180 -0.03210 0.83629 0.04306 0.54565
1403638525.8778295517 -0.06770 -0.04694 -0.08831 -0.02505 0.83264 0.03866 0.55190
1403638525.9778294563 -0.06414 -0.06311 -0.10406 -0.01707 0.83126 0.03774 0.55434
1403638526.0778295994 -0.05893 -0.09173 -0.10568 -0.01311 0.83300 0.03589 0.55196
1403638526.1778295040 -0.05151 -0.12321 -0.09106 -0.01121 0.83563 0.02672 0.54853
1403638526.2778294086 -0.03879 -0.15276 -0.06374 -0.00729 0.83505 0.01747 0.54984
1403638526.3778295517 -0.03096 -0.18249 -0.02554 -0.00442 0.83135 0.00876 0.55566
1403638526.4778294563 -0.03919 -0.22745 -0.01182 -0.00335 0.82627 -0.00192 0.56326
1403638526.5778295994 -0.05143 -0.27988 -0.00305 -0.00204 0.82088 -0.01271 0.57096
1403638526.6778295040 -0.06740 -0.34145 0.00524 0.00239 0.81573 -0.02092 0.57805
1403638526.7778294086 -0.08638 -0.40797 0.01144 0.01082 0.81268 -0.02625 0.58202
1403638526.8778295517 -0.10689 -0.47345 0.01511 0.01827 0.81203 -0.02906 0.58260
1403638526.9778294563 -0.13025 -0.53414 0.01758 0.02363 0.81479 -0.03614 0.57815
1403638527.0778295994 -0.15328 -0.59069 0.02087 0.03332 0.81882 -0.05058 0.57084
1403638527.1778295040 -0.17457 -0.64335 0.02642 0.04289 0.82006 -0.06690 0.56674
1403638527.2778294086 -0.19354 -0.68531 0.03175 0.05753 0.81602 -0.08261 0.56919
1403638527.3778295517 -0.20774 -0.71199 0.03580 0.07622 0.80975 -0.09333 0.57427
1403638527.4778294563 -0.21613 -0.71952 0.03708 0.08906 0.80556 -0.09921 0.57732
1403638527.5778295994 -0.21791 -0.70708 0.03425 0.09344 0.80443 -0.10125 0.57784
1403638527.6778295040 -0.21023 -0.66567 0.02893 0.09422 0.80467 -0.09932 0.57772
1403638527.7778294086 -0.20360 -0.61558 0.02538 0.09011 0.80604 -0.09285 0.57755
1403638527.8778295517 -0.19918 -0.55894 0.02394 0.07706 0.80926 -0.08851 0.57561
1403638527.9778294563 -0.17681 -0.49565 0.02096 0.06691 0.81048 -0.08351 0.57591
1403638528.0778295994 -0.14919 -0.43263 0.01790 0.06084 0.80965 -0.07635 0.57874
1403638528.1778295040 -0.11740 -0.37514 0.00718 0.05263 0.81022 -0.06838 0.57975
1403638528.2778294086 -0.08130 -0.33024 -0.00456 0.04246 0.81174 -0.05928 0.57945
1403638528.3778295517 -0.04220 -0.30074 -0.01543 0.03622 0.81169 -0.05167 0.58067
1403638528.4778294563 -0.00098 -0.28234 -0.02126 0.03684 0.81143 -0.04777 0.58132
1403638528.5778295994 0.04168 -0.26691 -0.02600 0.03697 0.81332 -0.05150 0.57835
1403638528.6778295040 0.06428 -0.25317 -0.02996 0.03590 0.81411 -0.05913 0.57657
1403638528.7778294086 0.08318 -0.24545 -0.03065 0.04116 0.81282 -0.06428 0.57749
1403638528.8778295517 0.08704 -0.23902 -0.02786 0.03761 0.81144 -0.07173 0.57879
1403638528.9778294563 0.12071 -0.23095 -0.02105 0.03300 0.81074 -0.07989 0.57899
1403638529.0778295994 0.09722 -0.21685 -0.01089 0.03618 0.81118 -0.08249 0.57782
1403638529.1778295040 0.06286 -0.19531 -0.00661 0.05425 0.81174 -0.07636 0.57646
1403638529.2778294086 0.01870 -0.16867 -0.01232 0.06657 0.81342 -0.07085 0.57350
1403638529.3778295517 0.05084 -0.11853 -0.03477 0.06892 0.81897 -0.06577 0.56587
1403638529.4778294563 0.02938 -0.09667 -0.06023 0.06851 0.82890 -0.06494 0.55137
1403638529.5778295994 0.00745 -0.08516 -0.08701 0.06655 0.83929 -0.06339 0.53586
1403638529.6778295040 -0.00796 -0.07228 -0.11124 0.06871 0.84337 -0.06162 0.52935
1403638529.7778294086 -0.01938 -0.06258 -0.13177 0.06753 0.84023 -0.06025 0.53463
1403638529.8778295517 -0.02750 -0.05511 -0.15110 0.06680 0.83345 -0.06116 0.54513
1403638529.9778294563 -0.02835 -0.05100 -0.16709 0.06742 0.83054 -0.06190 0.54939
1403638530.0778295994 -0.02716 -0.04589 -0.17982 0.06858 0.83200 -0.06295 0.54690
1403638530.1778295040 -0.03626 -0.03659 -0.19666 0.06774 0.83372 -0.06607 0.54403
1403638530.2778294086 -0.03796 -0.03570 -0.20977 0.06957 0.83272 -0.07171 0.54460
1403638530.3778295517 -0.03121 -0.03950 -0.22166 0.07298 0.83159 -0.07748 0.54510
1403638530.4778294563 -0.01697 -0.04740 -0.22706 0.07349 0.83127 -0.08145 0.54494
1403638530.5778295994 0.01054 -0.06322 -0.21664 0.07245 0.83143 -0.08452 0.54436
1403638530.6778295040 0.05962 -0.07972 -0.20540 0.07259 0.83482 -0.08634 0.53885
1403638530.7778294086 0.06959 -0.08366 -0.21171 0.07168 0.83835 -0.08751 0.53327
1403638530.8778295517 0.07524 -0.08614 -0.21850 0.06959 0.83910 -0.08670 0.53250
1403638530.9778294563 0.07767 -0.08709 -0.22217 0.06800 0.83722 -0.08615 0.53574
1403638531.0778295994 0.07799 -0.08670 -0.22455 0.06858 0.83385 -0.08425 0.54119
1403638531.1778295040 0.07782 -0.08536 -0.22363 0.07152 0.83212 -0.08326 0.54362
1403638531.2778294086 0.07824 -0.08473 -0.22542 0.07581 0.83097 -0.08268 0.54490
1403638531.3778295517 0.07802 -0.08398 -0.22566 0.07664 0.82982 -0.08321 0.54644
1403638531.4778294563 0.07799 -0.08442 -0.22561 0.07740 0.82876 -0.08379 0.54786
1403638531.5778295994 0.07788 -0.08450 -0.22577 0.07833 0.82912 -0.08286 0.54732
1403638531.6778295040 0.07784 -0.08423 -0.22586 0.07772 0.82921 -0.08348 0.54717
1403638531.7778294086 0.07785 -0.08423 -0.22580 0.07805 0.82915 -0.08348 0.54722
1403638531.8778295517 0.07774 -0.08416 -0.22582 0.07809 0.82922 -0.08326 0.54714
1403638531.9778294563 0.07773 -0.08412 -0.22580 0.07813 0.82924 -0.08312 0.54713
1403638532.0778295994 0.07767 -0.08403 -0.22582 0.07805 0.82926 -0.08282 0.54715
1403638532.1778295040 0.07765 -0.08390 -0.22580 0.07773 0.82928 -0.08269 0.54719
1403638532.2778294086 0.07762 -0.08376 -0.22578 0.07734 0.82930 -0.08266 0.54722
1403638532.3778295517 0.07758 -0.08364 -0.22577 0.07698 0.82931 -0.08248 0.54727
1403638532.4778294563 0.07756 -0.08354 -0.22574 0.07664 0.82932 -0.08238 0.54732
1403638532.5778295994 0.07751 -0.08343 -0.22574 0.07638 0.82938 -0.08222 0.54729
1403638532.6778295040 0.07751 -0.08336 -0.22569 0.07617 0.82940 -0.08202 0.54733
1403638532.7778294086 0.07746 -0.08327 -0.22568 0.07598 0.82947 -0.08172 0.54729
1403638532.8778295517 0.07744 -0.08317 -0.22565 0.07578 0.82950 -0.08156 0.54729
1403638532.9778294563 0.07742 -0.08309 -0.22561 0.07551 0.82952 -0.08138 0.54733
1403638533.0778295994 0.07737 -0.08300 -0.22560 0.07527 0.82957 -0.08123 0.54731
1403638533.1778295040 0.07736 -0.08292 -0.22557 0.07501 0.82957 -0.08113 0.54736
1403638533.2778294086 0.07732 -0.08284 -0.22556 0.07477 0.82960 -0.08101 0.54737
1403638533.3778295517 0.07730 -0.08276 -0.22553 0.07460 0.82963 -0.08084 0.54737
1403638533.4778294563 0.07729 -0.08271 -0.22550 0.07437 0.82966 -0.08072 0.54737
1403638533.5778295994 0.07726 -0.08263 -0.22549 0.07414 0.82971 -0.08062 0.54735
1403638533.6778295040 0.07724 -0.08256 -0.22545 0.07391 0.82973 -0.08055 0.54735
1403638533.7778294086 0.07721 -0.08248 -0.22544 0.07373 0.82976 -0.08046 0.54735
1403638533.8778295517 0.07722 -0.08240 -0.22542 0.07330 0.82986 -0.08008 0.54731
1403638533.9778294563 0.07718 -0.08236 -0.22537 0.07324 0.82989 -0.08019 0.54726
1403638534.0778295994 0.07709 -0.08229 -0.22535 0.07347 0.82982 -0.08048 0.54729
1403638534.1778295040 0.07707 -0.08223 -0.22530 0.07294 0.82990 -0.08020 0.54728
1403638534.2778294086 0.07705 -0.08210 -0.22525 0.07251 0.83004 -0.07997 0.54715
1403638534.3778295517 0.07701 -0.08201 -0.22520 0.07234 0.83008 -0.07990 0.54713
1403638534.4778294563 0.07649 -0.08179 -0.22512 0.07236 0.83005 -0.08008 0.54714
1403638534.5778295994 0.07489 -0.08063 -0.22491 0.07228 0.82998 -0.07969 0.54732
1403638534.6778295040 0.07419 -0.08011 -0.22483 0.07201 0.82994 -0.07940 0.54745
1403638534.7778294086 0.07380 -0.07988 -0.22479 0.07198 0.82995 -0.07921 0.54747
1403638534.8778295517 0.07391 -0.07996 -0.22479 0.07211 0.82994 -0.07933 0.54746
1403638534.9778294563 0.07365 -0.07985 -0.22473 0.07205 0.82998 -0.07932 0.54740
1403638535.0778295994 0.07330 -0.07957 -0.22468 0.07178 0.83005 -0.07922 0.54734
1403638535.1778295040 0.07332 -0.07949 -0.22463 0.07155 0.83006 -0.07917 0.54736
1403638535.2778294086 0.07311 -0.07931 -0.22458 0.07133 0.83008 -0.07906 0.54738
1403638535.3778295517 0.07322 -0.07938 -0.22447 0.07119 0.83014 -0.07897 0.54732
1403638535.4778294563 0.07352 -0.07953 -0.22441 0.07110 0.83022 -0.07894 0.54721
1403638535.5778295994 0.07376 -0.07958 -0.22439 0.07091 0.83031 -0.07882 0.54713
1403638535.6778295040 0.07400 -0.07965 -0.22439 0.07069 0.83036 -0.07880 0.54708
1403638535.7778294086 0.07403 -0.07966 -0.22437 0.07058 0.83038 -0.07873 0.54706
1403638535.8778295517 0.07413 -0.07966 -0.22435 0.07034 0.83045 -0.07862 0.54701
1403638535.9778294563 0.07429 -0.07978 -0.22434 0.07012 0.83056 -0.07855 0.54688
1403638536.0778295994 0.07475 -0.08003 -0.22437 0.06992 0.83060 -0.07857 0.54685
1403638536.1778295040 0.07514 -0.08025 -0.22438 0.06973 0.83067 -0.07853 0.54677
1403638536.2778294086 0.07562 -0.08056 -0.22444 0.06957 0.83078 -0.07842 0.54665
1403638536.3778295517 0.07639 -0.08103 -0.22457 0.06937 0.83086 -0.07836 0.54656
1403638536.4778294563 0.07687 -0.08134 -0.22472 0.06917 0.83095 -0.07824 0.54646
1403638536.5778295994 0.07692 -0.08136 -0.22473 0.06896 0.83101 -0.07818 0.54641
1403638536.6778295040 0.07691 -0.08134 -0.22471 0.06883 0.83104 -0.07810 0.54638
1403638536.7778294086 0.07689 -0.08131 -0.22470 0.06877 0.83104 -0.07810 0.54639
1403638536.8778295517 0.07687 -0.08128 -0.22470 0.06858 0.83101 -0.07815 0.54645
1403638536.9778294563 0.07687 -0.08127 -0.22467 0.06840 0.83107 -0.07814 0.54638
1403638537.0778295994 0.07689 -0.08123 -0.22464 0.06826 0.83112 -0.07798 0.54635
1403638537.1778295040 0.07688 -0.08119 -0.22463 0.06828 0.83111 -0.07790 0.54638
1403638537.2778294086 0.07688 -0.08116 -0.22459 0.06829 0.83116 -0.07780 0.54631
1403638537.3778295517 0.07687 -0.08115 -0.22459 0.06816 0.83118 -0.07773 0.54631
1403638537.4778294563 0.07687 -0.08113 -0.22457 0.06800 0.83120 -0.07766 0.54631
1403638537.5778295994 0.07686 -0.08110 -0.22452 0.06790 0.83127 -0.07748 0.54623
1403638537.6778295040 0.07688 -0.08109 -0.22446 0.06781 0.83133 -0.07740 0.54617
1403638537.7778294086 0.07687 -0.08107 -0.22446 0.06763 0.83133 -0.07736 0.54620
1403638537.8778295517 0.07689 -0.08104 -0.22443 0.06762 0.83136 -0.07721 0.54617
1403638537.9778294563 0.07687 -0.08103 -0.22439 0.06755 0.83136 -0.07727 0.54618
1403638538.0778295994 0.07687 -0.08100 -0.22435 0.06740 0.83137 -0.07722 0.54619
1403638538.1778295040 0.07686 -0.08099 -0.22434 0.06733 0.83137 -0.07714 0.54620
1403638538.2778294086 0.07694 -0.08095 -0.22433 0.06721 0.83137 -0.07697 0.54624
1403638538.3778295517 0.07689 -0.08095 -0.22428 0.06725 0.83135 -0.07689 0.54627
1403638538.4778294563 0.07687 -0.08093 -0.22421 0.06712 0.83140 -0.07681 0.54623
1403638538.5778295994 0.07690 -0.08092 -0.22416 0.06725 0.83140 -0.07678 0.54622
1403638538.6778295040 0.07689 -0.08089 -0.22411 0.06698 0.83124 -0.07683 0.54649
1403638538.7778294086 0.07699 -0.08091 -0.22378 0.06671 0.83050 -0.07654 0.54769
1403638538.8778295517 0.07836 -0.08055 -0.22336 0.06590 0.82954 -0.07594 0.54932
1403638538.9778294563 0.08153 -0.08035 -0.22077 0.06694 0.82481 -0.07511 0.55638
1403638539.0778295994 0.08445 -0.07983 -0.21626 0.06708 0.81866 -0.07511 0.56538
1403638539.1778295040 0.09142 -0.07999 -0.20855 0.06721 0.81416 -0.07575 0.57174
1403638539.2778294086 0.09915 -0.07993 -0.19303 0.06766 0.81040 -0.07512 0.57709
1403638539.3778295517 0.10626 -0.07966 -0.16996 0.06743 0.81132 -0.07480 0.57586
1403638539.4778294563 0.11410 -0.07991 -0.14061 0.06701 0.81341 -0.07392 0.57307
1403638539.5778295994 0.12277 -0.08080 -0.10860 0.06664 0.81443 -0.07264 0.57182
1403638539.6778295040 0.13231 -0.08197 -0.08175 0.06492 0.81509 -0.07225 0.57113
1403638539.7778294086 0.14042 -0.08199 -0.06551 0.06527 0.81641 -0.07048 0.56943
1403638539.8778295517 0.15011 -0.08201 -0.05639 0.06426 0.81901 -0.06998 0.56586
1403638539.9778294563 0.16280 -0.08192 -0.04862 0.06233 0.82364 -0.06989 0.55933
1403638540.0778295994 0.18276 -0.08257 -0.04286 0.06189 0.82962 -0.07003 0.55046
1403638540.1778295040 0.20603 -0.08358 -0.03645 0.06145 0.83361 -0.06995 0.54445
1403638540.2778294086 0.24018 -0.08972 -0.02477 0.06183 0.82951 -0.06823 0.55085
1403638540.3778295517 0.27562 -0.09113 -0.01743 0.06276 0.82347 -0.06588 0.56001
1403638540.4778294563 0.31586 -0.09245 -0.01083 0.05966 0.82143 -0.05971 0.56403
1403638540.5778295994 0.36310 -0.09256 -0.00617 0.05242 0.82219 -0.04819 0.56474
1403638540.6778295040 0.41345 -0.09315 -0.00076 0.04407 0.82305 -0.03094 0.56541
1403638540.7778294086 0.46515 -0.09242 0.00210 0.03604 0.82305 -0.00677 0.56678
1403638540.8778295517 0.51730 -0.08896 0.00209 0.02550 0.82334 0.02145 0.56657
1403638540.9778294563 0.57031 -0.08005 0.00310 0.01158 0.82272 0.04794 0.56630
1403638541.0778295994 0.62165 -0.06712 0.00038 -0.00233 0.82122 0.06762 0.56658
1403638541.1778295040 0.67692 -0.05128 -0.00505 -0.01225 0.81993 0.08108 0.56656
1403638541.2778294086 0.73503 -0.03097 -0.01283 -0.01750 0.81941 0.08998 0.56583
1403638541.3778295517 0.79542 -0.00539 -0.01316 -0.02067 0.81934 0.09371 0.56522
1403638541.4778294563 0.85341 0.02534 -0.00794 -0.02211 0.81913 0.09414 0.56540
1403638541.5778295994 0.91191 0.06335 0.00346 -0.02158 0.81768 0.09493 0.56739
1403638541.6778295040 0.97400 0.10794 0.02316 -0.02600 0.81608 0.09817 0.56894
1403638541.7778294086 1.03518 0.15897 0.04836 -0.03610 0.81500 0.10393 0.56892
1403638541.8778295517 1.09409 0.21461 0.08118 -0.04835 0.81395 0.11310 0.56776
1403638541.9778294563 1.15126 0.27340 0.11103 -0.06055 0.81335 0.12769 0.56435
1403638542.0778295994 1.20450 0.33347 0.13440 -0.07499 0.81176 0.14504 0.56070
1403638542.1778295040 1.25765 0.39544 0.15199 -0.09081 0.80851 0.16528 0.55744
1403638542.2778294086 1.30712 0.45790 0.16286 -0.10613 0.80515 0.18887 0.55209
1403638542.3778295517 1.35815 0.52253 0.17083 -0.12022 0.79794 0.21109 0.55162
1403638542.4778294563 1.40881 0.58806 0.17640 -0.12679 0.78459 0.23208 0.56078
1403638542.5778295994 1.45636 0.65394 0.17916 -0.12332 0.77260 0.25122 0.56989
1403638542.6778295040 1.49942 0.72474 0.18353 -0.12454 0.76907 0.26099 0.57001
1403638542.7778294086 1.53347 0.79986 0.19453 -0.13428 0.77294 0.26014 0.56291
1403638542.8778295517 1.56024 0.87847 0.21232 -0.14177 0.77799 0.25724 0.55539
1403638542.9778294563 1.58342 0.96016 0.23719 -0.14655 0.78228 0.25430 0.54945
1403638543.0778295994 1.60431 1.04287 0.26432 -0.14983 0.78558 0.25141 0.54518
1403638543.1778295040 1.62840 1.12876 0.28726 -0.15039 0.78658 0.24915 0.54461
1403638543.2778294086 1.64290 1.21032 0.30517 -0.15117 0.78657 0.24713 0.54533
1403638543.3778295517 1.66762 1.29852 0.31531 -0.15093 0.78753 0.24636 0.54435
1403638543.4778294563 1.69218 1.38739 0.32166 -0.15354 0.78647 0.25102 0.54303
1403638543.5778295994 1.70027 1.46923 0.32800 -0.15932 0.78342 0.26247 0.54035
1403638543.6778295040 1.70920 1.55277 0.33014 -0.16689 0.77782 0.28050 0.53708
1403638543.7778294086 1.71822 1.63826 0.33498 -0.17762 0.77001 0.30213 0.53315
1403638543.8778295517 1.73131 1.72965 0.34788 -0.18967 0.76023 0.32491 0.52963
1403638543.9778294563 1.74296 1.82019 0.36696 -0.20415 0.75197 0.34345 0.52432
1403638544.0778295994 1.75648 1.91433 0.39027 -0.21945 0.74814 0.35489 0.51593
1403638544.1778295040 1.76973 2.00617 0.41256 -0.23032 0.74499 0.36164 0.51103
1403638544.2778294086 1.78630 2.10208 0.42824 -0.23745 0.74235 0.36524 0.50905
1403638544.3778295517 1.80679 2.20413 0.43761 -0.23918 0.74166 0.36789 0.50733
1403638544.4778294563 1.82994 2.31005 0.44512 -0.23842 0.74216 0.36902 0.50614
1403638544.5778295994 1.85705 2.41603 0.45038 -0.24035 0.73943 0.36831 0.50972
1403638544.6778295040 1.88042 2.52513 0.46424 -0.24554 0.73281 0.36788 0.51706
1403638544.7778294086 1.90702 2.63096 0.47948 -0.24693 0.73197 0.36891 0.51687
1403638544.8778295517 1.92270 2.72790 0.49596 -0.24536 0.73506 0.37125 0.51152
1403638544.9778294563 1.94868 2.83182 0.50466 -0.24563 0.73589 0.37196 0.50968
1403638545.0778295994 1.97448 2.93439 0.50715 -0.24727 0.73460 0.37199 0.51073
1403638545.1778295040 1.98274 3.01388 0.50657 -0.24742 0.73401 0.37323 0.51060
1403638545.2778294086 2.00937 3.11392 0.49660 -0.24675 0.73340 0.37488 0.51059
1403638545.3778295517 2.03484 3.21129 0.48196 -0.24866 0.73066 0.37413 0.51414
1403638545.4778294563 2.04047 3.28498 0.46712 -0.25121 0.73032 0.37512 0.51266
1403638545.5778295994 2.06284 3.38240 0.45217 -0.25546 0.72818 0.38175 0.50868
1403638545.6778295040 2.06972 3.45769 0.44612 -0.26475 0.72256 0.39343 0.50301
1403638545.7778294086 2.08170 3.53919 0.44694 -0.27398 0.71486 0.41010 0.49571
1403638545.8778295517 2.09782 3.63054 0.45462 -0.28521 0.70438 0.42979 0.48764
1403638545.9778294563 2.11540 3.72392 0.46924 -0.29526 0.69215 0.45193 0.47907
1403638546.0778295994 2.13289 3.81413 0.48713 -0.30195 0.68033 0.47107 0.47336
1403638546.1778295040 2.15360 3.91226 0.49976 -0.30980 0.67176 0.48352 0.46795
1403638546.2778294086 2.17214 4.00961 0.50480 -0.31494 0.66709 0.49118 0.46320
1403638546.3778295517 2.19172 4.11340 0.50511 -0.32134 0.66559 0.49338 0.45858
1403638546.4778294563 2.21033 4.21887 0.50034 -0.32414 0.66526 0.49465 0.45573
1403638546.5778295994 2.22813 4.32561 0.49541 -0.32519 0.66325 0.49787 0.45440
1403638546.6778295040 2.24672 4.43701 0.49560 -0.32879 0.65851 0.50379 0.45216
1403638546.7778294086 2.26061 4.54498 0.50604 -0.33130 0.65401 0.50951 0.45047
1403638546.8778295517 2.27487 4.66090 0.52535 -0.33193 0.65045 0.51439 0.44960
1403638546.9778294563 2.28786 4.77775 0.54247 -0.33058 0.64724 0.51875 0.45022
1403638547.0778295994 2.30295 4.90161 0.55394 -0.32852 0.64479 0.52205 0.45143
1403638547.1778295040 2.31153 5.02583 0.55641 -0.32544 0.64281 0.52518 0.45284
1403638547.2778294086 2.31941 5.15339 0.55757 -0.32344 0.64145 0.52665 0.45451
1403638547.3778295517 2.31564 5.27486 0.55015 -0.32639 0.64302 0.52423 0.45296
1403638547.4778294563 2.31495 5.40557 0.54419 -0.33100 0.64619 0.52043 0.44948
1403638547.5778295994 2.31244 5.53976 0.53299 -0.33407 0.64965 0.51694 0.44624
1403638547.6778295040 2.29986 5.66871 0.51070 -0.33465 0.65084 0.51516 0.44613
1403638547.7778294086 2.29386 5.80347 0.48985 -0.33247 0.65024 0.51565 0.44806
1403638547.8778295517 2.27541 5.92665 0.45774 -0.32881 0.64737 0.51761 0.45263
1403638547.9778294563 2.26437 6.06457 0.43360 -0.32893 0.64727 0.51793 0.45233
1403638548.0778295994 2.24034 6.19435 0.40965 -0.33167 0.64689 0.52010 0.44836
1403638548.1778295040 2.22459 6.34448 0.40174 -0.33608 0.64326 0.52555 0.44391
1403638548.2778294086 2.19536 6.47862 0.39712 -0.34283 0.63700 0.53408 0.43756
1403638548.3778295517 2.17050 6.63388 0.40301 -0.35047 0.62788 0.54557 0.43046
1403638548.4778294563 2.14500 6.79032 0.41739 -0.35872 0.61850 0.55632 0.42342
1403638548.5778295994 2.11820 6.93397 0.43222 -0.36542 0.61069 0.56433 0.41840
1403638548.6778295040 2.09232 7.08363 0.44325 -0.37038 0.60528 0.56983 0.41443
1403638548.7778294086 2.06598 7.22953 0.45337 -0.37331 0.60139 0.57389 0.41185
1403638548.8778295517 2.03942 7.38079 0.46936 -0.37475 0.59922 0.57658 0.40993
1403638548.9778294563 2.01223 7.53268 0.49399 -0.37629 0.59810 0.57756 0.40878
1403638549.0778295994 1.98591 7.69317 0.51987 -0.37683 0.59782 0.57801 0.40806
1403638549.1778295040 1.95733 7.83841 0.55722 -0.37827 0.59757 0.57714 0.40833
1403638549.2778294086 1.93055 8.00040 0.59550 -0.37901 0.59841 0.57617 0.40778
1403638549.3778295517 1.90152 8.14757 0.64374 -0.38153 0.59973 0.57386 0.40675
1403638549.4778294563 1.87488 8.31394 0.68367 -0.38338 0.60115 0.57172 0.40592
1403638549.5778295994 1.84492 8.49611 0.72483 -0.38464 0.60126 0.56992 0.40710
1403638549.6778295040 1.81988 8.67147 0.75499 -0.38594 0.60073 0.56843 0.40874
1403638549.7778294086 1.79377 8.81299 0.79127 -0.38466 0.60072 0.56900 0.40916
1403638549.8778295517 1.77173 8.98457 0.82922 -0.38370 0.60222 0.56914 0.40766
1403638549.9778294563 1.74398 9.18988 0.88334 -0.38333 0.60315 0.56902 0.40679
1403638550.0778295994 1.72295 9.37612 0.93877 -0.38358 0.60352 0.56876 0.40638
1403638550.1778295040 1.70003 9.55148 1.00834 -0.38452 0.60393 0.56861 0.40508
1403638550.2778294086 1.68394 9.73937 1.07942 -0.38400 0.60351 0.56949 0.40498
1403638550.3778295517 1.66492 9.92272 1.16002 -0.38412 0.60250 0.56986 0.40585
1403638550.4778294563 1.65222 10.11456 1.22758 -0.38685 0.60308 0.56835 0.40451
1403638550.5778295994 1.63937 10.30146 1.29479 -0.39088 0.60368 0.56596 0.40307
1403638550.6778295040 1.62991 10.47278 1.35723 -0.39602 0.60188 0.56264 0.40539
1403638550.7778294086 1.62514 10.63493 1.41396 -0.39928 0.60093 0.56050 0.40656
1403638550.8778295517 1.62727 10.80572 1.46723 -0.40542 0.59693 0.55638 0.41200
1403638550.9778294563 1.63286 10.95055 1.50920 -0.41145 0.59244 0.55209 0.41824
1403638551.0778295994 1.64065 11.08893 1.54685 -0.41550 0.58967 0.54934 0.42176
1403638551.1778295040 1.65170 11.20890 1.58019 -0.42039 0.58983 0.54663 0.42020
1403638551.2778294086 1.66778 11.32698 1.61738 -0.42143 0.59135 0.54556 0.41841
1403638551.3778295517 1.68881 11.46691 1.66873 -0.41682 0.59898 0.54243 0.41624
1403638551.4778294563 1.71934 11.56906 1.70506 -0.40987 0.61116 0.53307 0.41752
1403638551.5778295994 1.75518 11.69226 1.74587 -0.40383 0.62600 0.51661 0.42208
1403638551.6778295040 1.79909 11.78671 1.77254 -0.39744 0.64257 0.49802 0.42558
1403638551.7778294086 1.85193 11.88232 1.79466 -0.38847 0.65638 0.47937 0.43413
1403638551.8778295517 1.91075 11.95419 1.80815 -0.37843 0.66672 0.46365 0.44420
1403638551.9778294563 1.97763 12.02305 1.82693 -0.36675 0.66979 0.45596 0.45715
1403638552.0778295994 2.05018 12.08615 1.85399 -0.35737 0.67108 0.45092 0.46756
1403638552.1778295040 2.12461 12.13719 1.88621 -0.35180 0.67578 0.44780 0.46802
1403638552.2778294086 2.20063 12.18201 1.92354 -0.34786 0.67965 0.44673 0.46637
1403638552.3778295517 2.27749 12.22109 1.95956 -0.34997 0.68059 0.44383 0.46620
1403638552.4778294563 2.36384 12.27533 1.99486 -0.35718 0.67686 0.43837 0.47129
1403638552.5778295994 2.45063 12.30623 2.02253 -0.36277 0.67302 0.43498 0.47564
1403638552.6778295040 2.53915 12.32910 2.04381 -0.36333 0.67071 0.43617 0.47738
1403638552.7778294086 2.63283 12.34677 2.05971 -0.36276 0.67004 0.43841 0.47670
1403638552.8778295517 2.73186 12.36476 2.07155 -0.36057 0.66872 0.44233 0.47660
1403638552.9778294563 2.82928 12.36500 2.07783 -0.35613 0.66642 0.44832 0.47756
1403638553.0778295994 2.93264 12.37007 2.08023 -0.35236 0.66425 0.45369 0.47831
1403638553.1778295040 3.02819 12.35962 2.07793 -0.35758 0.66041 0.45232 0.48103
1403638553.2778294086 3.13156 12.35230 2.07885 -0.36470 0.65467 0.44915 0.48649
1403638553.3778295517 3.22893 12.32933 2.08290 -0.36614 0.64947 0.45000 0.49156
1403638553.4778294563 3.32564 12.29744 2.09269 -0.36241 0.64406 0.45355 0.49814
1403638553.5778295994 3.42669 12.25692 2.11001 -0.35904 0.63991 0.45653 0.50318
1403638553.6778295040 3.52551 12.20454 2.13121 -0.35692 0.63891 0.45895 0.50375
1403638553.7778294086 3.61424 12.13952 2.16039 -0.35500 0.63946 0.46081 0.50271
1403638553.8778295517 3.69466 12.06358 2.19487 -0.35266 0.64136 0.46220 0.50065
1403638553.9778294563 3.78097 11.98735 2.23349 -0.35229 0.64427 0.46280 0.49661
1403638554.0778295994 3.85197 11.89654 2.26315 -0.35071 0.64765 0.46359 0.49258
1403638554.1778295040 3.93615 11.81161 2.29418 -0.34599 0.65056 0.46734 0.48852
1403638554.2778294086 4.00542 11.71361 2.31202 -0.33806 0.65657 0.47300 0.48052
1403638554.3778295517 4.08368 11.62535 2.33177 -0.33282 0.65948 0.47790 0.47532
1403638554.4778294563 4.15500 11.53522 2.34777 -0.33026 0.66087 0.48012 0.47293
1403638554.5778295994 4.22113 11.44575 2.35911 -0.33141 0.66175 0.47983 0.47119
1403638554.6778295040 4.28372 11.35199 2.36828 -0.33734 0.66399 0.47601 0.46770
1403638554.7778294086 4.34792 11.26403 2.38571 -0.34265 0.66437 0.47300 0.46634
1403638554.8778295517 4.41149 11.17241 2.40624 -0.34573 0.66450 0.47104 0.46587
1403638554.9778294563 4.47646 11.08159 2.42785 -0.34829 0.66517 0.46785 0.46623
1403638555.0778295994 4.54205 10.99737 2.44447 -0.34444 0.66850 0.46338 0.46878
1403638555.1778295040 4.60986 10.90273 2.45293 -0.33781 0.67451 0.45661 0.47162
1403638555.2778294086 4.69201 10.79810 2.46207 -0.33111 0.68105 0.44818 0.47505
1403638555.3778295517 4.76937 10.70506 2.46406 -0.32415 0.68413 0.44355 0.47975
1403638555.4778294563 4.84449 10.61225 2.46084 -0.31845 0.68614 0.44050 0.48349
1403638555.5778295994 4.91846 10.51958 2.45594 -0.31614 0.68743 0.43782 0.48560
1403638555.6778295040 4.98822 10.43296 2.45623 -0.31585 0.68898 0.43622 0.48503
1403638555.7778294086 5.06158 10.33512 2.46667 -0.31475 0.69027 0.43630 0.48384
1403638555.8778295517 5.13408 10.23524 2.48533 -0.31405 0.69031 0.43728 0.48335
1403638555.9778294563 5.20629 10.14457 2.50942 -0.31274 0.68905 0.43896 0.48448
1403638556.0778295994 5.28081 10.05067 2.53839 -0.31120 0.68919 0.44031 0.48405
1403638556.1778295040 5.35497 9.96546 2.56255 -0.31031 0.69361 0.44080 0.47781
1403638556.2778294086 5.43065 9.87669 2.58099 -0.30886 0.69694 0.44181 0.47295
1403638556.3778295517 5.50837 9.79914 2.59523 -0.30756 0.69918 0.44252 0.46981
1403638556.4778294563 5.58868 9.71501 2.60749 -0.30520 0.70231 0.44378 0.46548
1403638556.5778295994 5.67514 9.64588 2.62072 -0.30436 0.70559 0.44326 0.46155
1403638556.6778295040 5.75787 9.59200 2.63440 -0.31185 0.70815 0.43717 0.45842
1403638556.7778294086 5.84764 9.52328 2.65713 -0.31839 0.70492 0.43248 0.46333
1403638556.8778295517 5.93843 9.47411 2.68595 -0.32402 0.70352 0.42819 0.46554
1403638556.9778294563 6.03406 9.42848 2.71798 -0.32736 0.70214 0.42564 0.46762
1403638557.0778295994 6.13430 9.38314 2.74395 -0.32582 0.70081 0.42702 0.46942
1403638557.1778295040 6.23851 9.33735 2.76279 -0.32416 0.69930 0.42857 0.47141
1403638557.2778294086 6.34736 9.28837 2.77538 -0.32312 0.69824 0.42968 0.47268
1403638557.3778295517 6.46432 9.23513 2.78365 -0.32073 0.69702 0.43189 0.47410
1403638557.4778294563 6.57858 9.18677 2.79349 -0.31527 0.69400 0.43635 0.47809
1403638557.5778295994 6.70009 9.13322 2.80967 -0.31076 0.69165 0.43959 0.48147
1403638557.6778295040 6.81389 9.08533 2.83014 -0.30817 0.69050 0.44148 0.48304
1403638557.7778294086 6.92974 9.03516 2.85402 -0.30817 0.69018 0.44119 0.48377
1403638557.8778295517 7.04726 8.98283 2.87261 -0.30533 0.69014 0.44265 0.48429
1403638557.9778294563 7.15794 8.93393 2.88541 -0.30258 0.69138 0.44426 0.48277
1403638558.0778295994 7.26760 8.88628 2.89228 -0.30156 0.69521 0.44495 0.47724
1403638558.1778295040 7.37836 8.84048 2.89660 -0.29871 0.70106 0.44640 0.46905
1403638558.2778294086 7.48933 8.80056 2.90629 -0.29520 0.70523 0.44804 0.46343
1403638558.3778295517 7.60510 8.76602 2.92628 -0.29018 0.70678 0.45062 0.46174
1403638558.4778294563 7.72787 8.73419 2.95449 -0.28367 0.71065 0.45418 0.45633
1403638558.5778295994 7.84189 8.71931 2.98982 -0.28493 0.71322 0.45285 0.45283
1403638558.6778295040 7.96256 8.71298 3.03120 -0.29314 0.71399 0.44638 0.45281
1403638558.7778294086 8.08172 8.71454 3.07298 -0.30086 0.71368 0.44025 0.45423
1403638558.8778295517 8.19604 8.72788 3.10453 -0.30350 0.71237 0.43806 0.45664
1403638558.9778294563 8.32020 8.74169 3.12950 -0.30530 0.70755 0.43688 0.46401
1403638559.0778295994 8.45609 8.75428 3.14655 -0.30556 0.70328 0.43667 0.47048
1403638559.1778295040 8.58671 8.77292 3.15670 -0.30582 0.69990 0.43714 0.47489
1403638559.2778294086 8.71299 8.79475 3.16126 -0.30402 0.69691 0.43958 0.47817
1403638559.3778295517 8.84284 8.81603 3.15843 -0.30034 0.69466 0.44284 0.48078
1403638559.4778294563 8.96630 8.83899 3.15123 -0.29823 0.69234 0.44504 0.48339
1403638559.5778295994 9.08925 8.86260 3.13868 -0.29711 0.69020 0.44656 0.48573
1403638559.6778295040 9.21242 8.88839 3.12355 -0.29772 0.68916 0.44675 0.48665
1403638559.7778294086 9.33082 8.91277 3.11237 -0.29807 0.68832 0.44747 0.48697
1403638559.8778295517 9.44891 8.94376 3.10485 -0.29954 0.68906 0.44681 0.48564
1403638559.9778294563 9.56388 8.97251 3.09985 -0.29844 0.69253 0.44086 0.48680
1403638560.0778295994 9.67344 9.00649 3.08733 -0.29299 0.70028 0.42787 0.49060
1403638560.1778295040 9.77975 9.03898 3.06776 -0.28315 0.70978 0.40960 0.49826
1403638560.2778294086 9.88719 9.07227 3.04318 -0.27081 0.72028 0.38824 0.50707
1403638560.3778295517 9.99513 9.10415 3.01691 -0.25954 0.72773 0.36384 0.52026
1403638560.4778294563 10.11192 9.13460 2.98689 -0.24656 0.73550 0.33851 0.53260
1403638560.5778295994 10.21555 9.16088 2.95219 -0.23535 0.74433 0.31159 0.54175
1403638560.6778295040 10.31680 9.18296 2.91317 -0.22576 0.75445 0.28347 0.54725
1403638560.7778294086 10.40699 9.19703 2.87792 -0.21861 0.76288 0.25769 0.55120
1403638560.8778295517 10.49339 9.20202 2.85127 -0.20787 0.76900 0.23465 0.55711
1403638560.9778294563 10.57832 9.19862 2.83278 -0.19546 0.77296 0.21343 0.56460
1403638561.0778295994 10.66537 9.18814 2.82160 -0.18319 0.77520 0.19343 0.57279
1403638561.1778295040 10.74924 9.16886 2.81640 -0.17239 0.77629 0.17580 0.58030
1403638561.2778294086 10.82643 9.14123 2.81864 -0.16552 0.77635 0.16239 0.58610
1403638561.3778295517 10.90002 9.10510 2.82318 -0.15655 0.78089 0.15754 0.58385
1403638561.4778294563 10.96838 9.06231 2.82377 -0.14305 0.78681 0.16103 0.57839
1403638561.5778295994 11.03474 9.01544 2.81880 -0.13350 0.79032 0.16573 0.57454
1403638561.6778295040 11.10063 8.96601 2.80922 -0.12974 0.79203 0.16860 0.57221
1403638561.7778294086 11.14647 8.91908 2.79649 -0.12892 0.79210 0.17089 0.57162
1403638561.8778295517 11.19994 8.86600 2.77487 -0.12643 0.79146 0.17157 0.57286
1403638561.9778294563 11.25701 8.81224 2.74960 -0.12127 0.79241 0.16719 0.57396
1403638562.0778295994 11.30503 8.75590 2.72560 -0.11395 0.79407 0.15844 0.57565
1403638562.1778295040 11.34922 8.70006 2.70938 -0.10633 0.79581 0.14863 0.57731
1403638562.2778294086 11.38770 8.64836 2.69823 -0.09991 0.79671 0.14038 0.57929
1403638562.3778295517 11.42753 8.59413 2.69279 -0.09390 0.79750 0.12843 0.58197
1403638562.4778294563 11.46382 8.53799 2.69133 -0.08604 0.79967 0.11235 0.58352
1403638562.5778295994 11.49964 8.48000 2.69663 -0.07647 0.80181 0.09217 0.58546
1403638562.6778295040 11.53917 8.40956 2.70615 -0.06744 0.80457 0.06775 0.58612
1403638562.7778294086 11.57437 8.34020 2.71812 -0.05873 0.80593 0.04157 0.58762
1403638562.8778295517 11.59900 8.27669 2.72755 -0.04548 0.80681 0.01703 0.58881
1403638562.9778294563 11.61883 8.20914 2.73181 -0.03121 0.80724 -0.00557 0.58937
1403638563.0778295994 11.63178 8.14195 2.73085 -0.02245 0.80677 -0.02957 0.58970
1403638563.1778295040 11.64033 8.06503 2.72548 -0.01075 0.80638 -0.04917 0.58925
1403638563.2778294086 11.64395 7.98284 2.71564 0.00060 0.80311 -0.06281 0.59252
1403638563.3778295517 11.64194 7.89172 2.70033 0.00722 0.79529 -0.07224 0.60187
1403638563.4778294563 11.62957 7.80169 2.67793 0.00859 0.78915 -0.07908 0.60903
1403638563.5778295994 11.60648 7.71262 2.65407 0.01428 0.78971 -0.07888 0.60822
1403638563.6778295040 11.57574 7.61663 2.63520 0.01457 0.79325 -0.07913 0.60356
1403638563.7778294086 11.53901 7.51236 2.62339 0.01169 0.79556 -0.07962 0.60051
1403638563.8778295517 11.49732 7.39980 2.62149 0.00863 0.79527 -0.07871 0.60107
1403638563.9778294563 11.44917 7.28118 2.62460 0.00515 0.79429 -0.07700 0.60262
1403638564.0778295994 11.39259 7.15758 2.62698 0.00078 0.79506 -0.07480 0.60190
1403638564.1778295040 11.32931 7.02896 2.62419 -0.00089 0.79511 -0.07011 0.60240
1403638564.2778294086 11.26177 6.89271 2.61928 0.00002 0.79364 -0.06459 0.60495
1403638564.3778295517 11.18520 6.75308 2.61953 0.00007 0.79239 -0.05953 0.60710
1403638564.4778294563 11.10307 6.60765 2.62771 0.00069 0.79122 -0.05514 0.60904
1403638564.5778295994 11.00917 6.46086 2.63986 -0.00192 0.79308 -0.05476 0.60664
1403638564.6778295040 10.91009 6.31243 2.65340 -0.00700 0.79482 -0.05769 0.60406
1403638564.7778294086 10.79980 6.15596 2.65770 -0.01063 0.79543 -0.06084 0.60289
1403638564.8778295517 10.68701 5.99679 2.65956 -0.01268 0.79494 -0.06342 0.60324
1403638564.9778294563 10.56544 5.82196 2.63611 -0.01444 0.79445 -0.06517 0.60365
1403638565.0778295994 10.43836 5.64738 2.60245 -0.01550 0.79485 -0.06607 0.60299
1403638565.1778295040 10.31601 5.48178 2.55186 -0.01609 0.79557 -0.06617 0.60202
1403638565.2778294086 10.18162 5.29946 2.49481 -0.01420 0.79662 -0.06564 0.60074
1403638565.3778295517 10.04666 5.11503 2.43403 -0.01133 0.79771 -0.06450 0.59948
1403638565.4778294563 9.90880 4.92618 2.37118 -0.00820 0.79708 -0.06362 0.60046
1403638565.5778295994 9.76882 4.73340 2.31411 -0.00137 0.79499 -0.06145 0.60350
1403638565.6778295040 9.62709 4.54217 2.26544 0.01067 0.79478 -0.05564 0.60424
1403638565.7778294086 9.47992 4.34988 2.22148 0.01985 0.79754 -0.05145 0.60073
1403638565.8778295517 9.32262 4.15868 2.18500 0.02739 0.79977 -0.04847 0.59771
1403638565.9778294563 9.16477 3.97260 2.15164 0.02988 0.80151 -0.04909 0.59521
1403638566.0778295994 9.00165 3.78680 2.11371 0.03162 0.80253 -0.04968 0.59370
1403638566.1778295040 8.83635 3.60305 2.06781 0.02973 0.80270 -0.05124 0.59343
1403638566.2778294086 8.66760 3.42101 2.01318 0.03045 0.80232 -0.05048 0.59398
1403638566.3778295517 8.49780 3.24124 1.95084 0.03088 0.80337 -0.04962 0.59260
1403638566.4778294563 8.33498 3.07100 1.88427 0.02777 0.80366 -0.05055 0.59229
1403638566.5778295994 8.16477 2.89494 1.81023 0.02710 0.80690 -0.04892 0.58804
1403638566.6778295040 7.92228 2.66441 1.73282 0.02646 0.81674 -0.04779 0.57441
1403638566.7778294086 7.73001 2.47333 1.64952 0.02504 0.82861 -0.04590 0.55739
1403638566.8778295517 7.52642 2.27870 1.56300 0.02301 0.83679 -0.04466 0.54522
1403638566.9778294563 7.35184 2.10102 1.47221 0.02276 0.84077 -0.04172 0.53930
1403638567.0778295994 7.36833 2.08808 1.36493 0.02390 0.83120 -0.04071 0.55397
1403638567.1778295040 7.24856 1.95422 1.26909 0.02649 0.81883 -0.03856 0.57212
1403638567.2778294086 7.13758 1.82357 1.16945 0.03007 0.81024 -0.03684 0.58416
1403638567.3778295517 7.02535 1.69737 1.06621 0.03330 0.80840 -0.03642 0.58657
1403638567.4778294563 6.91466 1.57626 0.96819 0.03549 0.80928 -0.03757 0.58515
1403638567.5778295994 6.80008 1.45536 0.87630 0.03697 0.81284 -0.03952 0.57997
1403638567.6778295040 6.68353 1.33582 0.79413 0.04041 0.81615 -0.04021 0.57502
1403638567.7778294086 6.56552 1.21673 0.71920 0.04243 0.81941 -0.04087 0.57018
1403638567.8778295517 6.45720 1.10576 0.65452 0.04171 0.82284 -0.04327 0.56508
1403638567.9778294563 6.35869 0.99994 0.59691 0.04180 0.82384 -0.04437 0.56354
1403638568.0778295994 6.26929 0.90137 0.55042 0.04499 0.82379 -0.04270 0.56349
1403638568.1778295040 6.18321 0.80704 0.51357 0.04721 0.82316 -0.04151 0.56432
1403638568.2778294086 6.10520 0.72337 0.48820 0.04841 0.82312 -0.04194 0.56424
1403638568.3778295517 6.02842 0.64129 0.46182 0.04862 0.82366 -0.04242 0.56340
1403638568.4778294563 5.94897 0.55982 0.42563 0.04919 0.82452 -0.04243 0.56210
1403638568.5778295994 5.87910 0.48589 0.39080 0.05020 0.82594 -0.04195 0.55995
1403638568.6778295040 5.80893 0.41334 0.34864 0.05157 0.82775 -0.04068 0.55723
1403638568.7778294086 5.75145 0.35307 0.31555 0.05135 0.82912 -0.04091 0.55519
1403638568.8778295517 5.69707 0.29792 0.29027 0.04958 0.82849 -0.04266 0.55618
1403638568.9778294563 5.64462 0.24284 0.26850 0.05157 0.82798 -0.04098 0.55688
1403638569.0778295994 5.60161 0.19771 0.26006 0.05324 0.82779 -0.04008 0.55706
1403638569.1778295040 5.55843 0.15221 0.25333 0.05386 0.82860 -0.04010 0.55580
1403638569.2778294086 5.52361 0.11817 0.25196 0.05605 0.82987 -0.03923 0.55374
1403638569.3778295517 5.49097 0.08347 0.24129 0.05695 0.82980 -0.03899 0.55377
1403638569.4778294563 5.46827 0.05748 0.22853 0.05759 0.82842 -0.03859 0.55580
1403638569.5778295994 5.44772 0.03426 0.21025 0.05837 0.82717 -0.03822 0.55761
1403638569.6778295040 5.43397 0.01867 0.19821 0.05755 0.82605 -0.03915 0.55929
1403638569.7778294086 5.42415 0.00913 0.19263 0.05856 0.82525 -0.03852 0.56040
1403638569.8778295517 5.42206 0.00639 0.19239 0.05967 0.82405 -0.03747 0.56212
1403638569.9778294563 5.41837 0.00589 0.19668 0.05848 0.82255 -0.03825 0.56439
1403638570.0778295994 5.42004 0.01241 0.19870 0.05620 0.82196 -0.03977 0.56536
1403638570.1778295040 5.42463 0.02310 0.19448 0.05126 0.82212 -0.04257 0.56541
1403638570.2778294086 5.43094 0.03613 0.18394 0.04372 0.82155 -0.04719 0.56649
1403638570.3778295517 5.43892 0.05017 0.16859 0.03742 0.82117 -0.05451 0.56684
1403638570.4778294563 5.44977 0.06315 0.14729 0.03317 0.82034 -0.07013 0.56659
1403638570.5778295994 5.45423 0.06958 0.12037 0.02617 0.81708 -0.09706 0.56769
1403638570.6778295040 5.46065 0.07025 0.08884 0.02707 0.81117 -0.12621 0.57039
1403638570.7778294086 5.46449 0.06037 0.05457 0.03453 0.79934 -0.15354 0.57990
1403638570.8778295517 5.46195 0.03955 0.01813 0.04733 0.78696 -0.17773 0.58896
1403638570.9778294563 5.45154 0.00816 -0.02164 0.06284 0.77815 -0.19890 0.59243
1403638571.0778295994 5.43225 -0.03319 -0.06579 0.07959 0.77479 -0.21797 0.58809
1403638571.1778295040 5.40256 -0.08238 -0.10757 0.10082 0.77694 -0.23050 0.57712
1403638571.2778294086 5.36549 -0.13923 -0.13944 0.12075 0.77790 -0.23695 0.56933
1403638571.3778295517 5.32066 -0.19978 -0.16086 0.13327 0.77700 -0.24232 0.56550
1403638571.4778294563 5.27046 -0.26335 -0.17241 0.13920 0.77400 -0.24697 0.56617
1403638571.5778295994 5.21496 -0.32963 -0.18008 0.14606 0.77145 -0.25108 0.56613
1403638571.6778295040 5.15549 -0.39873 -0.19196 0.15211 0.77084 -0.26042 0.56112
1403638571.7778294086 5.09279 -0.47090 -0.20880 0.15998 0.76987 -0.27381 0.55384
1403638571.8778295517 5.02763 -0.54660 -0.23008 0.16713 0.76635 -0.29142 0.54758
1403638571.9778294563 4.95920 -0.62628 -0.24791 0.17474 0.75970 -0.31121 0.54356
1403638572.0778295994 4.88738 -0.70950 -0.25792 0.18380 0.75219 -0.33020 0.53981
1403638572.1778295040 4.81099 -0.79603 -0.25881 0.19946 0.74485 -0.34516 0.53506
1403638572.2778294086 4.73109 -0.88461 -0.25485 0.21342 0.73998 -0.36165 0.52544
1403638572.3778295517 4.65011 -0.97617 -0.25271 0.22638 0.73453 -0.37991 0.51468
1403638572.4778294563 4.56833 -1.07206 -0.25367 0.24017 0.73008 -0.39291 0.50489
1403638572.5778295994 4.48773 -1.17126 -0.25553 0.25102 0.72594 -0.40151 0.49879
1403638572.6778295040 4.40879 -1.27402 -0.25600 0.25680 0.72397 -0.40688 0.49434
1403638572.7778294086 4.33307 -1.38108 -0.24805 0.26449 0.72534 -0.40671 0.48838
1403638572.8778295517 4.26119 -1.49185 -0.23202 0.26799 0.72779 -0.40611 0.48330
1403638572.9778294563 4.19349 -1.60571 -0.21109 0.26856 0.72997 -0.40519 0.48045
1403638573.0778295994 4.13054 -1.72234 -0.19446 0.26784 0.73209 -0.40409 0.47856
1403638573.1778295040 4.07110 -1.84228 -0.18437 0.26606 0.73374 -0.40296 0.47797
1403638573.2778294086 4.01456 -1.96336 -0.17504 0.26443 0.73523 -0.40101 0.47824
1403638573.3778295517 3.96454 -2.08948 -0.16581 0.26371 0.73603 -0.40022 0.47806
1403638573.4778294563 3.91849 -2.21641 -0.15142 0.26677 0.73613 -0.40038 0.47607
1403638573.5778295994 3.88059 -2.34869 -0.13108 0.26850 0.73602 -0.40076 0.47494
1403638573.6778295040 3.84782 -2.48210 -0.10354 0.27141 0.73631 -0.40141 0.47228
1403638573.7778294086 3.82204 -2.61619 -0.07189 0.27838 0.73255 -0.40487 0.47113
1403638573.8778295517 3.80353 -2.74945 -0.04142 0.29205 0.72209 -0.41025 0.47433
1403638573.9778294563 3.78787 -2.88471 -0.01566 0.30386 0.70627 -0.42339 0.47916
1403638574.0778295994 3.77402 -3.01770 0.00319 0.30974 0.68541 -0.44442 0.48659
1403638574.1778295040 3.76170 -3.14362 0.01576 0.31581 0.66258 -0.46787 0.49229
1403638574.2778294086 3.74656 -3.26507 0.02347 0.32521 0.64327 -0.48969 0.49055
1403638574.3778295517 3.72345 -3.38443 0.02762 0.33739 0.62939 -0.50925 0.48031
1403638574.4778294563 3.69308 -3.50254 0.02836 0.35059 0.61726 -0.52696 0.46732
1403638574.5778295994 3.65968 -3.61327 0.03168 0.36083 0.60620 -0.54083 0.45806
1403638574.6778295040 3.62254 -3.72269 0.04306 0.37250 0.59960 -0.54773 0.44913
1403638574.7778294086 3.58559 -3.83735 0.06029 0.38305 0.59937 -0.55026 0.43731
1403638574.8778295517 3.54872 -3.94901 0.08149 0.38421 0.60142 -0.55470 0.42777
1403638574.9778294563 3.51116 -4.06121 0.09766 0.38266 0.60382 -0.55802 0.42140
1403638575.0778295994 3.47389 -4.17290 0.10526 0.37513 0.60244 -0.56336 0.42305
1403638575.1778295040 3.43432 -4.28154 0.10749 0.36936 0.59978 -0.56661 0.42754
1403638575.2778294086 3.39047 -4.38980 0.10953 0.36600 0.59852 -0.56743 0.43109
1403638575.3778295517 3.34490 -4.50167 0.10340 0.36282 0.60191 -0.56756 0.42888
1403638575.4778294563 3.29484 -4.61348 0.09644 0.36091 0.60749 -0.56608 0.42456
1403638575.5778295994 3.24313 -4.73004 0.08640 0.35999 0.61261 -0.56371 0.42113
1403638575.6778295040 3.18809 -4.85097 0.08441 0.36335 0.61911 -0.55857 0.41555
1403638575.7778294086 3.13075 -4.98022 0.09116 0.36416 0.62578 -0.55570 0.40865
1403638575.8778295517 3.07716 -5.10812 0.10772 0.36399 0.63008 -0.55370 0.40488
1403638575.9778294563 3.02814 -5.23909 0.13455 0.36353 0.63045 -0.55295 0.40573
1403638576.0778295994 2.98312 -5.37141 0.16850 0.36424 0.63108 -0.55159 0.40597
1403638576.1778295040 2.94055 -5.50999 0.20769 0.36516 0.62950 -0.55113 0.40822
1403638576.2778294086 2.90164 -5.65303 0.24356 0.36922 0.63006 -0.54863 0.40707
1403638576.3778295517 2.86599 -5.80055 0.27350 0.37377 0.63164 -0.54574 0.40435
1403638576.4778294563 2.83611 -5.94859 0.29780 0.37755 0.63428 -0.54333 0.39992
1403638576.5778295994 2.81111 -6.10307 0.31716 0.38198 0.63840 -0.54059 0.39281
1403638576.6778295040 2.79444 -6.25919 0.33150 0.38510 0.63991 -0.53846 0.39022
1403638576.7778294086 2.78598 -6.42013 0.34138 0.39008 0.63763 -0.53475 0.39409
1403638576.8778295517 2.78400 -6.58359 0.34618 0.39293 0.63271 -0.53288 0.40164
1403638576.9778294563 2.78902 -6.74691 0.34604 0.39114 0.62633 -0.53457 0.41104
1403638577.0778295994 2.80101 -6.90280 0.34446 0.38702 0.62248 -0.53791 0.41640
1403638577.1778295040 2.81530 -7.06213 0.35108 0.38431 0.61964 -0.54004 0.42037
1403638577.2778294086 2.83219 -7.22352 0.36414 0.38471 0.62016 -0.53985 0.41949
1403638577.3778295517 2.85133 -7.38745 0.38595 0.39126 0.62444 -0.53510 0.41310
1403638577.4778294563 2.87683 -7.53091 0.41212 0.39549 0.62698 -0.53181 0.40946
1403638577.5778295994 2.90642 -7.68052 0.43524 0.39254 0.62695 -0.53358 0.41004
1403638577.6778295040 2.94053 -7.82098 0.45275 0.38922 0.62586 -0.53559 0.41225
1403638577.7778294086 2.97798 -7.96827 0.46238 0.38652 0.62536 -0.53712 0.41355
1403638577.8778295517 3.01950 -8.11491 0.46767 0.38618 0.62560 -0.53687 0.41384
1403638577.9778294563 3.06466 -8.25640 0.46868 0.38699 0.62617 -0.53549 0.41401
1403638578.0778295994 3.11442 -8.40224 0.47790 0.38593 0.62545 -0.53542 0.41617
1403638578.1778295040 3.16864 -8.54491 0.49162 0.38150 0.62242 -0.53784 0.42164
1403638578.2778294086 3.22366 -8.68554 0.51152 0.37320 0.61748 -0.54327 0.42930
1403638578.3778295517 3.27594 -8.81781 0.53100 0.37114 0.61515 -0.54477 0.43251
1403638578.4778294563 3.32720 -8.95576 0.54453 0.37129 0.61475 -0.54516 0.43246
1403638578.5778295994 3.37636 -9.09140 0.55325 0.37129 0.61419 -0.54584 0.43240
1403638578.6778295040 3.42396 -9.22911 0.55827 0.37372 0.61410 -0.54468 0.43190
1403638578.7778294086 3.46877 -9.36014 0.56005 0.37894 0.61672 -0.54132 0.42783
1403638578.8778295517 3.51503 -9.49448 0.55876 0.38392 0.61961 -0.53774 0.42370
1403638578.9778294563 3.56328 -9.61874 0.55595 0.38638 0.62101 -0.53569 0.42202
1403638579.0778295994 3.61427 -9.75046 0.56226 0.38681 0.62174 -0.53468 0.42183
1403638579.1778295040 3.66741 -9.87306 0.57545 0.38737 0.62184 -0.53379 0.42228
1403638579.2778294086 3.72433 -9.99971 0.59613 0.38519 0.62089 -0.53486 0.42432
1403638579.3778295517 3.78260 -10.11567 0.61599 0.37963 0.61765 -0.53849 0.42943
1403638579.4778294563 3.84194 -10.23891 0.63449 0.37402 0.61337 -0.54231 0.43564
1403638579.5778295994 3.89973 -10.35088 0.64416 0.37299 0.61097 -0.53954 0.44328
1403638579.6778295040 3.95436 -10.45785 0.64957 0.37534 0.61199 -0.52737 0.45438
1403638579.7778294086 4.00986 -10.56725 0.65009 0.37390 0.62306 -0.50869 0.46177
1403638579.8778295517 4.06429 -10.66936 0.64311 0.36328 0.64373 -0.48810 0.46410
1403638579.9778294563 4.11924 -10.76759 0.63085 0.34631 0.66460 -0.46371 0.47260
1403638580.0778295994 4.17463 -10.86046 0.61728 0.33224 0.68022 -0.42969 0.49223
1403638580.1778295040 4.23113 -10.94495 0.60056 0.31279 0.69564 -0.39331 0.51338
1403638580.2778294086 4.28412 -11.01675 0.57881 0.28670 0.71369 -0.35909 0.52868
1403638580.3778295517 4.33443 -11.08199 0.55127 0.25659 0.73073 -0.33339 0.53764
1403638580.4778294563 4.37866 -11.14141 0.51910 0.23052 0.74287 -0.31733 0.54250
1403638580.5778295994 4.41917 -11.19965 0.48585 0.21301 0.75062 -0.30424 0.54647
1403638580.6778295040 4.45669 -11.25635 0.45318 0.19756 0.76118 -0.28997 0.54544
1403638580.7778294086 4.49017 -11.31109 0.42745 0.18700 0.77175 -0.27524 0.54191
1403638580.8778295517 4.51811 -11.36102 0.41160 0.18196 0.77902 -0.26445 0.53859
1403638580.9778294563 4.54985 -11.41489 0.40641 0.17606 0.78064 -0.26098 0.53989
1403638581.0778295994 4.58066 -11.46604 0.41028 0.17486 0.78174 -0.25918 0.53957
1403638581.1778295040 4.61042 -11.51702 0.42175 0.17741 0.78173 -0.25762 0.53950
1403638581.2778294086 4.63886 -11.56503 0.43503 0.18146 0.78182 -0.25733 0.53815
1403638581.3778295517 4.66681 -11.60585 0.45259 0.18489 0.78055 -0.25845 0.53830
1403638581.4778294563 4.69378 -11.64737 0.46976 0.18768 0.77838 -0.26007 0.53969
1403638581.5778295994 4.71862 -11.67510 0.49949 0.19088 0.77774 -0.26213 0.53849
1403638581.6778295040 4.74669 -11.70930 0.52269 0.19614 0.77363 -0.26197 0.54258
1403638581.7778294086 4.76950 -11.72949 0.54492 0.19844 0.76999 -0.26345 0.54621
1403638581.8778295517 4.79546 -11.75343 0.55722 0.20154 0.76690 -0.26333 0.54946
1403638581.9778294563 4.82450 -11.78274 0.56264 0.20563 0.75943 -0.26143 0.55913
1403638582.0778295994 4.84931 -11.80313 0.56885 0.20435 0.76112 -0.26324 0.55645
1403638582.1778295040 4.87226 -11.81973 0.58198 0.20005 0.76835 -0.26670 0.54634
1403638582.2778294086 4.89657 -11.83602 0.60536 0.20036 0.77134 -0.26678 0.54196
1403638582.3778295517 4.92098 -11.84925 0.63969 0.20293 0.76816 -0.26439 0.54667
1403638582.4778294563 4.94864 -11.86176 0.68330 0.20510 0.76704 -0.26278 0.54821
1403638582.5778295994 4.97515 -11.86873 0.73884 0.20619 0.76648 -0.26171 0.54909
1403638582.6778295040 4.99921 -11.87426 0.79756 0.20591 0.76751 -0.26196 0.54764
1403638582.7778294086 5.02613 -11.87379 0.87006 0.20412 0.76903 -0.26381 0.54528
1403638582.8778295517 5.05262 -11.87048 0.94354 0.20451 0.77034 -0.26441 0.54299
1403638582.9778294563 5.07904 -11.86288 1.01079 0.20329 0.77250 -0.26610 0.53955
1403638583.0778295994 5.10500 -11.85263 1.07054 0.20227 0.77494 -0.26789 0.53552
1403638583.1778295040 5.13288 -11.84176 1.12240 0.20218 0.77652 -0.26868 0.53288
1403638583.2778294086 5.16322 -11.83033 1.16807 0.20091 0.77708 -0.27000 0.53187
1403638583.3778295517 5.18849 -11.81273 1.19906 0.20138 0.77673 -0.26949 0.53246
1403638583.4778294563 5.22348 -11.79863 1.23874 0.20152 0.77743 -0.26963 0.53132
1403638583.5778295994 5.25969 -11.78346 1.28391 0.20166 0.77741 -0.26953 0.53134
1403638583.6778295040 5.29699 -11.76659 1.33680 0.20332 0.77775 -0.26831 0.53083
1403638583.7778294086 5.33666 -11.74785 1.39036 0.20307 0.77745 -0.26832 0.53135
1403638583.8778295517 5.36325 -11.70077 1.41133 0.20402 0.77652 -0.26777 0.53262
1403638583.9778294563 5.40972 -11.67794 1.45154 0.20445 0.77657 -0.26747 0.53254
1403638584.0778295994 5.45225 -11.65031 1.48496 0.20748 0.77322 -0.26514 0.53739
1403638584.1778295040 5.48331 -11.60733 1.48989 0.21201 0.76432 -0.26135 0.55006
1403638584.2778294086 5.52813 -11.57143 1.51531 0.21456 0.75542 -0.25880 0.56243
1403638584.3778295517 5.54951 -11.51773 1.50110 0.21631 0.75261 -0.25740 0.56616
1403638584.4778294563 5.55995 -11.45532 1.47956 0.21708 0.75246 -0.25665 0.56640
1403638584.5778295994 5.58586 -11.39884 1.48601 0.21672 0.75267 -0.25676 0.56622
1403638584.6778295040 5.60912 -11.33701 1.50068 0.21436 0.75445 -0.25815 0.56411
1403638584.7778294086 5.59563 -11.25776 1.48106 0.21032 0.76112 -0.26046 0.55554
1403638584.8778295517 5.61415 -11.18449 1.51025 0.20374 0.76864 -0.26533 0.54524
1403638584.9778294563 5.59355 -11.10305 1.49202 0.20147 0.77210 -0.26722 0.54024
1403638585.0778295994 5.58285 -11.02172 1.47577 0.20090 0.77329 -0.26780 0.53846
1403638585.1778295040 5.59913 -10.94617 1.48515 0.19852 0.77311 -0.26944 0.53879
1403638585.2778294086 5.56717 -10.87126 1.44379 0.19922 0.77123 -0.26827 0.54180
1403638585.3778295517 5.57180 -10.79615 1.43325 0.19980 0.76919 -0.26743 0.54489
1403638585.4778294563 5.55345 -10.72618 1.41165 0.19929 0.76943 -0.26733 0.54479
1403638585.5778295994 5.56278 -10.65104 1.40951 0.19833 0.77127 -0.26751 0.54244
1403638585.6778295040 5.55582 -10.58010 1.40957 0.19790 0.77382 -0.26732 0.53905
1403638585.7778294086 5.56648 -10.50309 1.42372 0.19455 0.77879 -0.26962 0.53192
1403638585.8778295517 5.56705 -10.42925 1.44590 0.19177 0.78254 -0.27148 0.52646
1403638585.9778294563 5.57568 -10.35457 1.47772 0.18994 0.78235 -0.27349 0.52636
1403638586.0778295994 5.58721 -10.28201 1.51113 0.19203 0.77818 -0.27268 0.53218
1403638586.1778295040 5.60981 -10.21129 1.53699 0.19402 0.77538 -0.27215 0.53579
1403638586.2778294086 5.62153 -10.13407 1.55789 0.19645 0.77272 -0.27096 0.53935
1403638586.3778295517 5.64341 -10.06574 1.57390 0.20239 0.76975 -0.26727 0.54322
1403638586.4778294563 5.65170 -9.98017 1.58364 0.21060 0.76804 -0.26229 0.54495
1403638586.5778295994 5.67149 -9.90719 1.58817 0.21285 0.76736 -0.26111 0.54560
1403638586.6778295040 5.67576 -9.81467 1.58337 0.21004 0.76801 -0.26329 0.54472
1403638586.7778294086 5.69437 -9.73836 1.57474 0.20596 0.76763 -0.26600 0.54550
1403638586.8778295517 5.69934 -9.64873 1.55989 0.20381 0.76639 -0.26680 0.54765
1403638586.9778294563 5.71446 -9.56841 1.54084 0.20403 0.76616 -0.26652 0.54803
1403638587.0778295994 5.71870 -9.47768 1.52067 0.20326 0.76588 -0.26699 0.54847
1403638587.1778295040 5.73212 -9.39250 1.50485 0.20277 0.76711 -0.26700 0.54694
1403638587.2778294086 5.73875 -9.29961 1.49755 0.20200 0.76874 -0.26718 0.54484
1403638587.3778295517 5.74916 -9.21145 1.49597 0.20131 0.77034 -0.26757 0.54264
1403638587.4778294563 5.75760 -9.11670 1.49713 0.19952 0.77033 -0.26935 0.54243
1403638587.5778295994 5.76873 -9.02449 1.49757 0.19871 0.77037 -0.27034 0.54218
1403638587.6778295040 5.78020 -8.93134 1.49027 0.19857 0.76991 -0.27086 0.54262
1403638587.7778294086 5.79105 -8.84132 1.47891 0.19852 0.76953 -0.27127 0.54298
1403638587.8778295517 5.80319 -8.75065 1.46231 0.19772 0.76912 -0.27211 0.54344
1403638587.9778294563 5.81358 -8.66103 1.44298 0.19751 0.76871 -0.27260 0.54383
1403638588.0778295994 5.82446 -8.57648 1.41805 0.19858 0.76830 -0.27141 0.54462
1403638588.1778295040 5.83242 -8.49002 1.39061 0.20513 0.76922 -0.26703 0.54307
1403638588.2778294086 5.84095 -8.40487 1.36252 0.20785 0.77008 -0.26458 0.54201
1403638588.3778295517 5.85028 -8.31360 1.34264 0.20847 0.77046 -0.26387 0.54157
1403638588.4778294563 5.86206 -8.22139 1.32933 0.20674 0.77038 -0.26489 0.54186
1403638588.5778295994 5.87187 -8.12440 1.32532 0.20434 0.76962 -0.26651 0.54304
1403638588.6778295040 5.87931 -8.02574 1.32776 0.20200 0.76881 -0.26778 0.54444
1403638588.7778294086 5.88774 -7.92346 1.33782 0.20053 0.76728 -0.26913 0.54647
1403638588.8778295517 5.89524 -7.82462 1.34345 0.19807 0.76667 -0.27140 0.54710
1403638588.9778294563 5.90059 -7.72501 1.34280 0.19833 0.76660 -0.27168 0.54697
1403638589.0778295994 5.90638 -7.62873 1.33460 0.19874 0.76683 -0.27196 0.54636
1403638589.1778295040 5.91108 -7.52723 1.31989 0.20036 0.76662 -0.27127 0.54641
1403638589.2778294086 5.91644 -7.43241 1.30351 0.20007 0.76562 -0.27136 0.54787
1403638589.3778295517 5.91819 -7.33020 1.28418 0.20028 0.76544 -0.27117 0.54814
1403638589.4778294563 5.92168 -7.23284 1.27119 0.19989 0.76630 -0.27180 0.54676
1403638589.5778295994 5.92056 -7.12999 1.26279 0.19923 0.76625 -0.27220 0.54688
1403638589.6778295040 5.92562 -7.03445 1.26483 0.19879 0.76689 -0.27225 0.54611
1403638589.7778294086 5.92462 -6.93361 1.27206 0.19910 0.76843 -0.27269 0.54361
1403638589.8778295517 5.92405 -6.83767 1.28280 0.19904 0.76899 -0.27366 0.54236
1403638589.9778294563 5.92253 -6.73706 1.28229 0.19942 0.76897 -0.27413 0.54200
1403638590.0778295994 5.91946 -6.64035 1.28172 0.19900 0.76893 -0.27490 0.54183
1403638590.1778295040 5.91722 -6.54073 1.27248 0.19966 0.76787 -0.27517 0.54296
1403638590.2778294086 5.91512 -6.44969 1.26379 0.19931 0.76714 -0.27571 0.54383
1403638590.3778295517 5.91184 -6.35195 1.24670 0.19952 0.76743 -0.27616 0.54311
1403638590.4778294563 5.90899 -6.26579 1.22958 0.19950 0.76805 -0.27639 0.54213
1403638590.5778295994 5.90381 -6.17050 1.21171 0.19840 0.76911 -0.27711 0.54067
1403638590.6778295040 5.90042 -6.08175 1.20210 0.19640 0.77082 -0.27812 0.53844
1403638590.7778294086 5.89621 -5.98963 1.20113 0.19560 0.77162 -0.27862 0.53733
1403638590.8778295517 5.89221 -5.90202 1.20640 0.19572 0.77247 -0.27859 0.53607
1403638590.9778294563 5.88922 -5.81138 1.21914 0.19441 0.77303 -0.27951 0.53525
1403638591.0778295994 5.88260 -5.71709 1.23329 0.19300 0.77385 -0.28090 0.53386
1403638591.1778295040 5.88143 -5.62741 1.24368 0.19195 0.77800 -0.28225 0.52745
1403638591.2778294086 5.87804 -5.53966 1.24325 0.18930 0.78374 -0.28461 0.51858
1403638591.3778295517 5.87942 -5.45376 1.23953 0.18583 0.78794 -0.28728 0.51194
1403638591.4778294563 5.88690 -5.37818 1.23157 0.18307 0.79059 -0.28951 0.50759
1403638591.5778295994 5.90012 -5.30943 1.21798 0.18026 0.79324 -0.29188 0.50308
1403638591.6778295040 5.91886 -5.24912 1.20071 0.17890 0.79346 -0.29302 0.50256
1403638591.7778294086 5.94364 -5.19836 1.18371 0.18070 0.79161 -0.29190 0.50546
1403638591.8778295517 5.97604 -5.16176 1.16875 0.18167 0.78936 -0.29095 0.50917
1403638591.9778294563 6.01312 -5.13378 1.16157 0.18242 0.78679 -0.29009 0.51335
1403638592.0778295994 6.05384 -5.11262 1.16268 0.18286 0.78429 -0.28886 0.51770
1403638592.1778295040 6.10047 -5.09477 1.17317 0.18099 0.78153 -0.28692 0.52358
1403638592.2778294086 6.14763 -5.08529 1.19553 0.17616 0.77624 -0.28135 0.53597
1403638592.3778295517 6.19541 -5.07644 1.22717 0.16740 0.77394 -0.27240 0.54662
1403638592.4778294563 6.24167 -5.06869 1.26584 0.15581 0.77685 -0.25863 0.55258
1403638592.5778295994 6.28447 -5.06498 1.31012 0.14797 0.78462 -0.24462 0.55012
1403638592.6778295040 6.32460 -5.06469 1.35994 0.14129 0.79240 -0.23356 0.54552
1403638592.7778294086 6.36325 -5.06920 1.40853 0.13603 0.79965 -0.22621 0.53934
1403638592.8778295517 6.40275 -5.07679 1.45249 0.13180 0.80482 -0.22170 0.53455
1403638592.9778294563 6.44400 -5.08792 1.49129 0.13107 0.80744 -0.21806 0.53227
1403638593.0778295994 6.48983 -5.10558 1.52367 0.12999 0.80824 -0.21677 0.53185
1403638593.1778295040 6.53839 -5.12635 1.55874 0.13016 0.80657 -0.21577 0.53475
1403638593.2778294086 6.59245 -5.15306 1.59794 0.13700 0.80340 -0.21185 0.53935
1403638593.3778295517 6.64685 -5.18079 1.64477 0.14608 0.80012 -0.20659 0.54386
1403638593.4778294563 6.70115 -5.20792 1.68874 0.15442 0.79557 -0.20247 0.54975
1403638593.5778295994 6.75728 -5.23311 1.72611 0.15907 0.79274 -0.20108 0.55301
1403638593.6778295040 6.81422 -5.25479 1.75672 0.16180 0.79151 -0.20073 0.55412
1403638593.7778294086 6.87172 -5.27291 1.78233 0.16320 0.78817 -0.20093 0.55837
1403638593.8778295517 6.92899 -5.28725 1.80686 0.15930 0.77779 -0.20064 0.57394
1403638593.9778294563 6.98079 -5.29483 1.83713 0.15292 0.77451 -0.19742 0.58119
1403638594.0778295994 7.02545 -5.29869 1.87008 0.14454 0.78014 -0.19558 0.57640
1403638594.1778295040 7.06437 -5.30046 1.90769 0.14220 0.78638 -0.19116 0.56995
1403638594.2778294086 7.09934 -5.30041 1.94372 0.14253 0.78893 -0.18644 0.56790
1403638594.3778295517 7.13179 -5.29748 1.97513 0.14507 0.78809 -0.18151 0.57002
1403638594.4778294563 7.15742 -5.28979 2.01200 0.14884 0.78689 -0.17600 0.57243
1403638594.5778295994 7.18288 -5.27790 2.05219 0.14329 0.78714 -0.17793 0.57291
1403638594.6778295040 7.19944 -5.26061 2.10092 0.13762 0.78761 -0.18116 0.57263
1403638594.7778294086 7.21833 -5.24401 2.14320 0.13547 0.78828 -0.18321 0.57157
1403638594.8778295517 7.22542 -5.22282 2.18181 0.13422 0.78822 -0.18490 0.57140
1403638594.9778294563 7.23875 -5.20327 2.21014 0.13530 0.79004 -0.18549 0.56845
1403638595.0778295994 7.24886 -5.18188 2.23279 0.13394 0.79116 -0.18735 0.56660
1403638595.1778295040 7.25739 -5.16017 2.24940 0.13382 0.79159 -0.18861 0.56560
1403638595.2778294086 7.26427 -5.13814 2.26012 0.13439 0.79201 -0.18891 0.56477
1403638595.3778295517 7.25986 -5.10989 2.27026 0.13433 0.79159 -0.18966 0.56513
1403638595.4778294563 7.26388 -5.08801 2.26873 0.13442 0.79191 -0.18990 0.56457
1403638595.5778295994 7.26553 -5.06534 2.26588 0.13447 0.79271 -0.18964 0.56353
1403638595.6778295040 7.26538 -5.04183 2.26796 0.13689 0.79279 -0.18797 0.56339
1403638595.7778294086 7.26430 -5.01619 2.27488 0.14118 0.79383 -0.18506 0.56183
1403638595.8778295517 7.26396 -4.98917 2.27935 0.14248 0.79424 -0.18443 0.56112
1403638595.9778294563 7.26322 -4.96164 2.27024 0.14491 0.79400 -0.18298 0.56133
1403638596.0778295994 7.25642 -4.92851 2.25318 0.15239 0.79478 -0.17816 0.55978
1403638596.1778295040 7.25706 -4.89551 2.23226 0.16360 0.79643 -0.17032 0.55670
1403638596.2778294086 7.25831 -4.85429 2.21804 0.17525 0.79837 -0.16172 0.55294
1403638596.3778295517 7.25782 -4.80141 2.21475 0.18459 0.79869 -0.15419 0.55159
1403638596.4778294563 7.26518 -4.74083 2.21748 0.19009 0.79851 -0.14935 0.55131
1403638596.5778295994 7.27543 -4.66743 2.23106 0.19680 0.79940 -0.14396 0.54910
1403638596.6778295040 7.29314 -4.58018 2.25070 0.20436 0.79982 -0.13796 0.54726
1403638596.7778294086 7.31752 -4.47675 2.27757 0.20825 0.80002 -0.13458 0.54635
1403638596.8778295517 7.34738 -4.35728 2.31292 0.21183 0.79944 -0.13171 0.54651
1403638596.9778294563 7.38265 -4.22066 2.34830 0.21366 0.79820 -0.13075 0.54784
1403638597.0778295994 7.42212 -4.07032 2.37996 0.21643 0.79734 -0.12967 0.54826
1403638597.1778295040 7.46640 -3.90546 2.40586 0.21878 0.79552 -0.12936 0.55005
1403638597.2778294086 7.51432 -3.72358 2.42442 0.21642 0.79275 -0.13233 0.55426
1403638597.3778295517 7.56606 -3.52761 2.43612 0.21168 0.79090 -0.13710 0.55756
1403638597.4778294563 7.62063 -3.31673 2.44554 0.20320 0.78750 -0.14403 0.56375
1403638597.5778295994 7.67503 -3.09426 2.44976 0.19065 0.78269 -0.15340 0.57230
1403638597.6778295040 7.72713 -2.86310 2.44906 0.18632 0.78027 -0.15737 0.57593
1403638597.7778294086 7.77600 -2.62472 2.44294 0.19043 0.78217 -0.15233 0.57336
1403638597.8778295517 7.82281 -2.37835 2.43237 0.19455 0.78507 -0.14106 0.57090
1403638597.9778294563 7.86782 -2.12233 2.41876 0.19562 0.78696 -0.13194 0.57010
1403638598.0778295994 7.91480 -1.85516 2.40957 0.18882 0.78726 -0.12943 0.57255
1403638598.1778295040 7.96036 -1.57672 2.40639 0.16727 0.78862 -0.13868 0.57521
1403638598.2778294086 8.00374 -1.29187 2.40779 0.14983 0.79038 -0.14719 0.57548
1403638598.3778295517 8.04617 -1.00555 2.40725 0.13886 0.79213 -0.15252 0.57444
1403638598.4778294563 8.08828 -0.72144 2.40055 0.13462 0.79439 -0.15442 0.57183
1403638598.5778295994 8.12770 -0.43791 2.38598 0.12966 0.79650 -0.15248 0.57055
1403638598.6778295040 8.16519 -0.15751 2.36591 0.12533 0.79911 -0.14402 0.57007
1403638598.7778294086 8.20072 0.12073 2.34699 0.11692 0.80170 -0.13322 0.57084
1403638598.8778295517 8.23397 0.39778 2.33468 0.10773 0.80327 -0.11876 0.57363
1403638598.9778294563 8.26366 0.67126 2.32574 0.09779 0.80632 -0.10241 0.57428
1403638599.0778295994 8.29226 0.94247 2.32111 0.08576 0.80831 -0.08576 0.57613
1403638599.1778295040 8.31875 1.21312 2.32229 0.07376 0.81027 -0.06810 0.57740
1403638599.2778294086 8.34213 1.48144 2.32780 0.06271 0.81291 -0.04907 0.57692
1403638599.3778295517 8.36343 1.74744 2.34063 0.05009 0.81672 -0.03179 0.57397
1403638599.4778294563 8.38253 2.01247 2.35866 0.04090 0.81933 -0.01842 0.57157
1403638599.5778295994 8.40037 2.27623 2.37497 0.03529 0.82189 -0.00989 0.56846
1403638599.6778295040 8.41815 2.54123 2.38270 0.03163 0.82349 -0.00527 0.56642
1403638599.7778294086 8.43758 2.80386 2.38209 0.03040 0.82364 -0.00418 0.56628
1403638599.8778295517 8.46002 3.06357 2.37488 0.02844 0.82488 -0.00663 0.56456
1403638599.9778294563 8.48439 3.32301 2.36364 0.02471 0.82494 -0.01222 0.56455
1403638600.0778295994 8.51337 3.57878 2.34849 0.01836 0.82589 -0.02007 0.56318
1403638600.1778295040 8.54518 3.83069 2.32969 0.00625 0.82733 -0.03188 0.56077
1403638600.2778294086 8.57843 4.07414 2.30512 -0.00372 0.82916 -0.04264 0.55737
1403638600.3778295517 8.61519 4.30665 2.27943 -0.01132 0.83035 -0.05130 0.55475
1403638600.4778294563 8.65474 4.52145 2.26049 -0.01760 0.83133 -0.05782 0.55248
1403638600.5778295994 8.69873 4.72494 2.25183 -0.01552 0.83185 -0.05850 0.55168
1403638600.6778295040 8.74574 4.91359 2.25103 -0.01838 0.83324 -0.06157 0.54917
1403638600.7778294086 8.79765 5.08901 2.25719 -0.01814 0.83693 -0.06156 0.54353
1403638600.8778295517 8.85473 5.25091 2.26839 -0.00720 0.84090 -0.05294 0.53854
1403638600.9778294563 8.91778 5.39575 2.27746 0.00947 0.84332 -0.03951 0.53587
1403638601.0778295994 8.98665 5.53292 2.28153 0.01856 0.84390 -0.03145 0.53525
1403638601.1778295040 9.06234 5.66165 2.28149 0.02646 0.84264 -0.02494 0.53724
1403638601.2778294086 9.14603 5.79003 2.27794 0.03610 0.83640 -0.01720 0.54665
1403638601.3778295517 9.23375 5.91603 2.27316 0.03351 0.83140 -0.01311 0.55450
1403638601.4778294563 9.32681 6.05135 2.27235 0.02064 0.82717 -0.00828 0.56152
1403638601.5778295994 9.42047 6.18606 2.27962 0.01004 0.82280 0.00619 0.56820
1403638601.6778295040 9.51549 6.32215 2.29208 -0.00106 0.82083 0.02635 0.57056
1403638601.7778294086 9.60903 6.45867 2.31164 -0.01360 0.81872 0.05194 0.57167
1403638601.8778295517 9.69365 6.57965 2.33869 -0.02737 0.81445 0.08123 0.57387
1403638601.9778294563 9.78181 6.72025 2.36777 -0.04221 0.81203 0.10472 0.57259
1403638602.0778295994 9.86769 6.86058 2.39080 -0.05376 0.81093 0.12170 0.56982
1403638602.1778295040 9.94905 7.00062 2.40734 -0.05956 0.80669 0.13748 0.57167
1403638602.2778294086 10.02642 7.14386 2.41924 -0.06705 0.80020 0.15514 0.57543
1403638602.3778295517 10.09861 7.29046 2.43096 -0.08929 0.78958 0.16799 0.58341
1403638602.4778294563 10.16597 7.44313 2.45362 -0.12374 0.76794 0.17508 0.60358
1403638602.5778295994 10.21977 7.58607 2.48362 -0.15851 0.74661 0.18064 0.62034
1403638602.6778295040 10.25345 7.70612 2.51781 -0.17897 0.73677 0.19423 0.62243
1403638602.7778294086 10.27455 7.82103 2.55790 -0.19011 0.73307 0.21395 0.61700
1403638602.8778295517 10.27326 7.91358 2.60178 -0.20129 0.73029 0.23357 0.60960
1403638602.9778294563 10.25588 7.99274 2.64828 -0.22120 0.73094 0.24883 0.59572
1403638603.0778295994 10.22970 8.06028 2.69160 -0.24019 0.72645 0.26356 0.58747
1403638603.1778295040 10.19560 8.10942 2.72730 -0.25233 0.71959 0.27798 0.58416
1403638603.2778294086 10.15551 8.14559 2.75093 -0.25090 0.72746 0.29472 0.56655
1403638603.3778295517 10.11150 8.17537 2.76590 -0.24477 0.74058 0.30872 0.54436
1403638603.4778294563 10.06575 8.19724 2.77572 -0.24160 0.74914 0.31553 0.52996
1403638603.5778295994 10.02224 8.21726 2.78273 -0.24279 0.74712 0.31975 0.52974
1403638603.6778295040 9.97749 8.23644 2.78615 -0.24493 0.73935 0.32265 0.53783
1403638603.7778294086 9.93559 8.24997 2.78133 -0.23841 0.73083 0.32927 0.54830
1403638603.8778295517 9.88386 8.25727 2.77154 -0.23151 0.72322 0.33445 0.55812
1403638603.9778294563 9.82560 8.26435 2.75699 -0.22625 0.71646 0.33746 0.56711
1403638604.0778295994 9.76300 8.27046 2.73532 -0.22010 0.71305 0.34024 0.57215
1403638604.1778295040 9.68605 8.27588 2.71915 -0.21879 0.71249 0.34102 0.57289
1403638604.2778294086 9.60301 8.27661 2.70931 -0.22535 0.71637 0.33716 0.56776
1403638604.3778295517 9.50515 8.27312 2.70734 -0.23100 0.72397 0.33379 0.55776
1403638604.4778294563 9.40141 8.26573 2.71237 -0.22913 0.73182 0.33514 0.54737
1403638604.5778295994 9.29810 8.25479 2.72320 -0.22792 0.73642 0.33684 0.54062
1403638604.6778295040 9.19129 8.24436 2.72875 -0.23072 0.73963 0.33516 0.53608
1403638604.7778294086 9.08366 8.23151 2.72902 -0.23500 0.74154 0.33246 0.53325
1403638604.8778295517 8.97763 8.21707 2.72884 -0.23619 0.74470 0.33173 0.52876
1403638604.9778294563 8.87299 8.19945 2.73221 -0.23401 0.75072 0.33336 0.52012
1403638605.0778295994 8.77161 8.18028 2.74235 -0.23170 0.75719 0.33514 0.51055
1403638605.1778295040 8.67378 8.16222 2.76059 -0.22938 0.76117 0.33702 0.50441
1403638605.2778294086 8.58241 8.15067 2.78030 -0.22553 0.76206 0.33962 0.50305
1403638605.3778295517 8.49379 8.14378 2.79478 -0.21927 0.75747 0.34396 0.50976
1403638605.4778294563 8.41139 8.14424 2.80684 -0.21164 0.74753 0.34976 0.52352
1403638605.5778295994 8.32038 8.14500 2.80907 -0.20587 0.73925 0.35422 0.53447
1403638605.6778295040 8.22818 8.15063 2.80623 -0.20114 0.73352 0.35759 0.54186
1403638605.7778294086 8.12908 8.16101 2.80713 -0.19952 0.73261 0.35865 0.54300
1403638605.8778295517 8.03040 8.17949 2.82071 -0.19674 0.73260 0.36029 0.54294
1403638605.9778294563 7.92041 8.20309 2.83629 -0.19267 0.73184 0.36212 0.54420
1403638606.0778295994 7.80897 8.23435 2.85361 -0.19006 0.73199 0.36283 0.54445
1403638606.1778295040 7.68343 8.26763 2.85958 -0.18667 0.73175 0.36433 0.54494
1403638606.2778294086 7.55861 8.31027 2.86300 -0.18459 0.73296 0.36466 0.54380
1403638606.3778295517 7.41795 8.35419 2.85308 -0.19053 0.74128 0.35960 0.53375
1403638606.4778294563 7.27529 8.40464 2.83954 -0.19910 0.75129 0.35268 0.52110
1403638606.5778295994 7.13336 8.46084 2.82107 -0.20645 0.75970 0.34784 0.50916
1403638606.6778295040 6.99590 8.52364 2.79916 -0.21223 0.76287 0.34988 0.50057
1403638606.7778294086 6.86333 8.59250 2.77308 -0.21737 0.76297 0.35906 0.49163
1403638606.8778295517 6.73620 8.66836 2.74520 -0.22621 0.75964 0.37181 0.48326
1403638606.9778294563 6.61620 8.75315 2.72204 -0.23735 0.75279 0.38742 0.47632
1403638607.0778295994 6.50765 8.84377 2.70933 -0.25161 0.74441 0.40205 0.47000
1403638607.1778295040 6.40729 8.94180 2.70430 -0.26807 0.73491 0.40933 0.46956
1403638607.2778294086 6.31294 9.04431 2.69878 -0.28167 0.72149 0.41402 0.47822
1403638607.3778295517 6.22145 9.14881 2.68460 -0.29424 0.71306 0.41424 0.48308
1403638607.4778294563 6.13344 9.25307 2.66122 -0.30002 0.71001 0.41542 0.48301
1403638607.5778295994 6.04946 9.35435 2.63052 -0.30197 0.70898 0.41673 0.48218
1403638607.6778295040 5.96802 9.45239 2.59696 -0.30356 0.70722 0.41675 0.48374
1403638607.7778294086 5.89096 9.54846 2.56055 -0.30186 0.70576 0.41720 0.48655
1403638607.8778295517 5.81569 9.64281 2.52068 -0.30296 0.70797 0.41500 0.48453
1403638607.9778294563 5.75104 9.73411 2.47671 -0.30528 0.71232 0.41149 0.47968
1403638608.0778295994 5.68678 9.82419 2.42919 -0.30586 0.71100 0.40893 0.48342
1403638608.1778295040 5.62755 9.91042 2.37692 -0.30183 0.70795 0.40937 0.49002
1403638608.2778294086 5.57598 9.99243 2.31987 -0.30033 0.70332 0.40880 0.49802
1403638608.3778295517 5.52192 10.06933 2.25888 -0.30040 0.69744 0.40774 0.50703
1403638608.4778294563 5.47060 10.14331 2.19230 -0.30052 0.69733 0.40734 0.50745
1403638608.5778295994 5.41706 10.20981 2.12126 -0.29881 0.69882 0.40795 0.50592
1403638608.6778295040 5.36646 10.27401 2.05283 -0.30423 0.69596 0.40410 0.50970
1403638608.7778294086 5.30940 10.32995 1.98993 -0.30481 0.69597 0.40379 0.50957
1403638608.8778295517 5.25541 10.37691 1.92948 -0.30342 0.69961 0.40501 0.50444
1403638608.9778294563 5.20364 10.42061 1.87872 -0.30266 0.70374 0.40575 0.49851
1403638609.0778295994 5.15226 10.45825 1.83457 -0.30220 0.70646 0.40616 0.49460
1403638609.1778295040 5.10207 10.49210 1.79678 -0.30414 0.70684 0.40478 0.49399
1403638609.2778294086 5.05450 10.52285 1.75851 -0.31213 0.70680 0.39904 0.49374
1403638609.3778295517 5.01262 10.55121 1.71266 -0.31094 0.70707 0.39952 0.49371
1403638609.4778294563 4.97204 10.57473 1.65997 -0.30722 0.70717 0.40164 0.49417
1403638609.5778295994 4.93600 10.59261 1.60134 -0.30374 0.70721 0.40361 0.49467
1403638609.6778295040 4.90126 10.61223 1.53665 -0.30163 0.70626 0.40512 0.49609
1403638609.7778294086 4.87053 10.62478 1.47262 -0.30043 0.70638 0.40586 0.49603
1403638609.8778295517 4.84157 10.63972 1.41479 -0.30094 0.70659 0.40554 0.49569
1403638609.9778294563 4.81488 10.64741 1.36569 -0.30183 0.70610 0.40474 0.49650
1403638610.0778295994 4.79242 10.65377 1.32530 -0.30514 0.70379 0.40225 0.49975
1403638610.1778295040 4.77084 10.65592 1.28871 -0.30612 0.70070 0.40148 0.50410
1403638610.2778294086 4.74962 10.65328 1.24792 -0.30846 0.69937 0.39952 0.50608
1403638610.3778295517 4.72919 10.64524 1.20031 -0.30931 0.69898 0.39886 0.50662
1403638610.4778294563 4.70991 10.62918 1.14765 -0.30945 0.69734 0.39843 0.50913
1403638610.5778295994 4.69008 10.61056 1.09127 -0.31206 0.69207 0.39637 0.51628
1403638610.6778295040 4.66847 10.58338 1.03439 -0.31633 0.68691 0.39332 0.52286
1403638610.7778294086 4.64335 10.54789 0.97974 -0.31408 0.69232 0.39583 0.51513
1403638610.8778295517 4.61817 10.50714 0.93380 -0.31054 0.69880 0.39957 0.50555
1403638610.9778294563 4.59379 10.46049 0.89409 -0.31120 0.69916 0.39981 0.50445
1403638611.0778295994 4.57037 10.40961 0.85279 -0.31427 0.69626 0.39802 0.50797
1403638611.1778295040 4.55004 10.35502 0.80759 -0.31559 0.69533 0.39822 0.50828
1403638611.2778294086 4.52972 10.29388 0.76178 -0.31503 0.69497 0.39919 0.50835
1403638611.3778295517 4.50869 10.22479 0.72026 -0.30853 0.69268 0.40370 0.51189
1403638611.4778294563 4.48197 10.15113 0.68302 -0.29608 0.68856 0.41162 0.51845
1403638611.5778295994 4.45594 10.07712 0.65510 -0.28717 0.68829 0.41685 0.51963
1403638611.6778295040 4.41803 9.99789 0.62859 -0.28549 0.69071 0.41710 0.51715
1403638611.7778294086 4.37943 9.91903 0.60245 -0.29136 0.69639 0.41263 0.50979
1403638611.8778295517 4.34285 9.84133 0.57352 -0.29678 0.70192 0.40810 0.50268
1403638611.9778294563 4.30407 9.76253 0.53902 -0.29954 0.70527 0.40537 0.49855
1403638612.0778295994 4.26786 9.68510 0.50729 -0.29901 0.70722 0.40502 0.49638
1403638612.1778295040 4.23421 9.60547 0.48147 -0.30045 0.70843 0.40342 0.49508
1403638612.2778294086 4.20369 9.52846 0.46509 -0.30097 0.70843 0.40273 0.49533
1403638612.3778295517 4.17613 9.44882 0.45316 -0.29929 0.70800 0.40333 0.49647
1403638612.4778294563 4.14918 9.36690 0.43737 -0.29858 0.70675 0.40263 0.49924
1403638612.5778295994 4.12437 9.28545 0.41671 -0.29555 0.70460 0.40323 0.50357
1403638612.6778295040 4.09903 9.20361 0.38869 -0.28960 0.70274 0.40570 0.50763
1403638612.7778294086 4.07089 9.11952 0.35234 -0.28667 0.70176 0.40553 0.51078
1403638612.8778295517 4.04271 9.03858 0.31995 -0.28676 0.70057 0.40327 0.51415
1403638612.9778294563 4.00739 8.95133 0.28718 -0.28768 0.70110 0.40115 0.51457
1403638613.0778295994 3.97425 8.87131 0.26680 -0.28836 0.70389 0.39991 0.51134
1403638613.1778295040 3.93762 8.78891 0.25324 -0.28797 0.70632 0.39957 0.50846
1403638613.2778294086 3.89670 8.70027 0.24449 -0.28717 0.70676 0.39974 0.50817
1403638613.3778295517 3.85850 8.61888 0.24441 -0.28642 0.70633 0.40025 0.50878
1403638613.4778294563 3.81567 8.52882 0.24009 -0.28702 0.70576 0.39920 0.51006
1403638613.5778295994 3.77552 8.44713 0.23156 -0.28619 0.70694 0.39483 0.51230
1403638613.6778295040 3.73396 8.36514 0.21695 -0.29001 0.70743 0.38810 0.51461
1403638613.7778294086 3.68834 8.27461 0.19363 -0.29371 0.70589 0.38048 0.52028
1403638613.8778295517 3.64611 8.18795 0.16409 -0.29050 0.70787 0.37231 0.52528
1403638613.9778294563 3.59983 8.08854 0.12883 -0.28275 0.71358 0.36219 0.52884
1403638614.0778295994 3.55455 7.98861 0.09062 -0.27073 0.72126 0.35007 0.53287
1403638614.1778295040 3.50738 7.88592 0.05287 -0.25599 0.73113 0.33679 0.53525
1403638614.2778294086 3.45757 7.77853 0.01995 -0.24496 0.73962 0.32298 0.53725
1403638614.3778295517 3.40577 7.67044 -0.00764 -0.23636 0.74602 0.31328 0.53800
1403638614.4778294563 3.35366 7.56579 -0.02553 -0.23288 0.75049 0.30418 0.53853
1403638614.5778295994 3.30099 7.45871 -0.03512 -0.22895 0.75473 0.29567 0.53902
1403638614.6778295040 3.25136 7.35332 -0.03666 -0.22588 0.75961 0.28348 0.54001
1403638614.7778294086 3.20486 7.24761 -0.02610 -0.22420 0.76905 0.26658 0.53594
1403638614.8778295517 3.16088 7.14042 -0.00619 -0.21671 0.77974 0.24864 0.53218
1403638614.9778294563 3.12394 7.03310 0.02060 -0.20354 0.78845 0.22917 0.53329
1403638615.0778295994 3.09311 6.92187 0.05151 -0.18533 0.79524 0.20810 0.53847
1403638615.1778295040 3.06759 6.80620 0.08722 -0.16363 0.79799 0.18581 0.54947
1403638615.2778294086 3.04621 6.68877 0.12698 -0.13830 0.79968 0.16425 0.56072
1403638615.3778295517 3.02827 6.57946 0.16289 -0.11666 0.80262 0.13866 0.56829
1403638615.4778294563 3.00805 6.46319 0.19230 -0.09621 0.80492 0.11261 0.57460
1403638615.5778295994 2.98543 6.34384 0.21429 -0.07906 0.80749 0.08812 0.57787
1403638615.6778295040 2.96163 6.22496 0.23194 -0.06580 0.80906 0.07069 0.57974
1403638615.7778294086 2.93722 6.10879 0.25538 -0.05808 0.80998 0.05817 0.58066
1403638615.8778295517 2.91104 5.99566 0.28616 -0.05287 0.81088 0.04631 0.58098
1403638615.9778294563 2.88437 5.88086 0.31569 -0.04569 0.81210 0.03435 0.58071
1403638616.0778295994 2.85683 5.76559 0.33865 -0.03677 0.81236 0.02206 0.58158
1403638616.1778295040 2.82828 5.65153 0.34876 -0.02682 0.81319 0.00782 0.58132
1403638616.2778294086 2.79901 5.53397 0.34200 -0.01622 0.81365 -0.01043 0.58103
1403638616.3778295517 2.76918 5.41570 0.32064 -0.00293 0.81378 -0.02982 0.58041
1403638616.4778294563 2.73822 5.29554 0.29199 0.00773 0.81378 -0.04787 0.57914
1403638616.5778295994 2.70570 5.17329 0.26014 0.01748 0.81520 -0.06074 0.57572
1403638616.6778295040 2.67667 5.05590 0.22384 0.02294 0.81952 -0.07050 0.56823
1403638616.7778294086 2.64546 4.93141 0.18355 0.01970 0.82775 -0.08117 0.55484
1403638616.8778295517 2.62206 4.81031 0.14258 0.01552 0.83333 -0.08813 0.54549
1403638616.9778294563 2.60800 4.68673 0.11001 0.02076 0.83162 -0.08564 0.54830
1403638617.0778295994 2.59840 4.55524 0.08774 0.02658 0.82818 -0.08051 0.55402
1403638617.1778295040 2.59122 4.41971 0.07388 0.03275 0.82560 -0.07354 0.55849
1403638617.2778294086 2.58833 4.28570 0.06484 0.03429 0.82818 -0.06895 0.55514
1403638617.3778295517 2.59033 4.15245 0.06135 0.03379 0.83239 -0.06629 0.54918
1403638617.4778294563 2.60078 4.02818 0.06685 0.03338 0.83527 -0.06317 0.54518
1403638617.5778295994 2.61522 3.90151 0.08052 0.03333 0.83616 -0.06038 0.54412
1403638617.6778295040 2.63774 3.77972 0.10294 0.03463 0.83497 -0.05649 0.54629
1403638617.7778294086 2.66524 3.65933 0.13368 0.03500 0.83348 -0.05380 0.54880
1403638617.8778295517 2.70008 3.54414 0.17115 0.03618 0.83367 -0.05056 0.54875
1403638617.9778294563 2.74057 3.43429 0.21239 0.03439 0.83272 -0.05015 0.55035
1403638618.0778295994 2.78514 3.32605 0.24830 0.03381 0.83245 -0.04893 0.55089
1403638618.1778295040 2.83478 3.22060 0.27759 0.03160 0.83269 -0.04894 0.55066
1403638618.2778294086 2.88564 3.11541 0.30139 0.03215 0.83278 -0.04747 0.55063
1403638618.3778295517 2.94254 3.01975 0.32001 0.03212 0.83211 -0.04646 0.55173
1403638618.4778294563 3.00100 2.92080 0.33718 0.03195 0.83230 -0.04525 0.55155
1403638618.5778295994 3.06549 2.82773 0.35143 0.03321 0.83135 -0.04440 0.55297
1403638618.6778295040 3.13123 2.73284 0.36433 0.03712 0.83112 -0.04752 0.55281
1403638618.7778294086 3.20566 2.63845 0.38085 0.03985 0.83047 -0.05077 0.55332
1403638618.8778295517 3.28152 2.55390 0.40286 0.04296 0.82862 -0.05400 0.55555
1403638618.9778294563 3.36053 2.46810 0.42713 0.04915 0.82421 -0.06276 0.56064
1403638619.0778295994 3.44024 2.38433 0.44415 0.06115 0.82016 -0.07626 0.56372
1403638619.1778295040 3.52113 2.30115 0.45383 0.07477 0.81597 -0.09495 0.56532
1403638619.2778294086 3.60182 2.22279 0.45586 0.08876 0.81122 -0.11887 0.56561
1403638619.3778295517 3.68276 2.14545 0.44901 0.10492 0.80589 -0.14319 0.56482
1403638619.4778294563 3.76303 2.07274 0.43855 0.11544 0.80088 -0.16420 0.56418
1403638619.5778295994 3.84436 2.00252 0.42701 0.12194 0.79669 -0.17977 0.56401
1403638619.6778295040 3.92470 1.93394 0.41246 0.11826 0.79264 -0.19605 0.56507
1403638619.7778294086 4.00289 1.86499 0.39561 0.11469 0.78982 -0.20752 0.56566
1403638619.8778295517 4.07522 1.79658 0.37741 0.11441 0.78744 -0.21390 0.56665
1403638619.9778294563 4.14288 1.72443 0.35403 0.11579 0.78646 -0.21756 0.56634
1403638620.0778295994 4.20640 1.64921 0.33559 0.11804 0.78387 -0.21908 0.56887
1403638620.1778295040 4.26342 1.57083 0.31999 0.12280 0.78087 -0.21788 0.57244
1403638620.2778294086 4.31414 1.49066 0.31410 0.12553 0.78151 -0.21674 0.57141
1403638620.3778295517 4.35763 1.40939 0.31377 0.12821 0.78300 -0.21467 0.56955
1403638620.4778294563 4.39678 1.32732 0.32109 0.12925 0.78425 -0.21261 0.56838
1403638620.5778295994 4.43127 1.24413 0.32633 0.12880 0.78569 -0.21108 0.56705
1403638620.6778295040 4.46175 1.16164 0.32661 0.12583 0.78823 -0.21107 0.56418
1403638620.7778294086 4.49080 1.07595 0.32143 0.12212 0.79165 -0.21154 0.56003
1403638620.8778295517 4.51634 0.98990 0.31173 0.12523 0.79500 -0.20716 0.55622
1403638620.9778294563 4.53986 0.90517 0.29918 0.12982 0.79580 -0.20128 0.55618
1403638621.0778295994 4.56656 0.81345 0.28516 0.13358 0.79447 -0.19611 0.55903
1403638621.1778295040 4.58928 0.72842 0.27534 0.13236 0.79333 -0.19426 0.56158
1403638621.2778294086 4.61658 0.63820 0.27264 0.13265 0.79235 -0.19155 0.56382
1403638621.3778295517 4.63840 0.55589 0.27421 0.13431 0.79334 -0.18859 0.56304
1403638621.4778294563 4.65730 0.48292 0.27339 0.13505 0.79163 -0.18644 0.56597
1403638621.5778295994 4.67649 0.40683 0.26428 0.13515 0.78954 -0.18434 0.56954
1403638621.6778295040 4.69238 0.33669 0.25077 0.13486 0.78861 -0.18332 0.57123
1403638621.7778294086 4.70606 0.27028 0.23441 0.13593 0.78707 -0.18198 0.57353
1403638621.8778295517 4.71481 0.20733 0.21290 0.13795 0.78370 -0.18006 0.57824
1403638621.9778294563 4.71963 0.15239 0.18891 0.13855 0.78118 -0.17938 0.58171
1403638622.0778295994 4.72064 0.10361 0.16178 0.13724 0.78075 -0.18048 0.58225
1403638622.1778295040 4.71478 0.05866 0.12999 0.13408 0.78163 -0.18247 0.58119
1403638622.2778294086 4.70500 0.01885 0.10276 0.13135 0.78088 -0.18488 0.58207
1403638622.3778295517 4.69004 -0.01713 0.08315 0.13201 0.78182 -0.18549 0.58046
1403638622.4778294563 4.66750 -0.03892 0.07649 0.13582 0.78266 -0.18401 0.57891
1403638622.5778295994 4.64172 -0.07060 0.07191 0.13931 0.78248 -0.18275 0.57872
1403638622.6778295040 4.61143 -0.08071 0.08223 0.14357 0.77847 -0.18099 0.58363
1403638622.7778294086 4.57737 -0.10211 0.09735 0.14682 0.76734 -0.17921 0.59793
1403638622.8778295517 4.53948 -0.11105 0.12134 0.14880 0.76259 -0.17866 0.60365
1403638622.9778294563 4.49286 -0.11440 0.14225 0.14724 0.76633 -0.18124 0.59851
1403638623.0778295994 4.43699 -0.11565 0.15436 0.14335 0.77268 -0.18505 0.59006
1403638623.1778295040 4.37484 -0.10866 0.16184 0.13819 0.77645 -0.18901 0.58507
1403638623.2778294086 4.30601 -0.09010 0.16638 0.13506 0.77971 -0.19156 0.58062
1403638623.3778295517 4.23399 -0.08196 0.16437 0.13265 0.78224 -0.19343 0.57714
1403638623.4778294563 4.15784 -0.06291 0.16043 0.13329 0.78390 -0.19337 0.57475
1403638623.5778295994 4.08028 -0.05209 0.15641 0.13465 0.78407 -0.19272 0.57443
1403638623.6778295040 4.00149 -0.03377 0.16307 0.13605 0.78461 -0.19225 0.57351
1403638623.7778294086 3.91673 -0.02085 0.17372 0.13821 0.78564 -0.19206 0.57164
1403638623.8778295517 3.82798 -0.00511 0.18965 0.13956 0.78678 -0.19222 0.56970
1403638623.9778294563 3.73548 0.01240 0.20495 0.14106 0.78794 -0.19279 0.56753
1403638624.0778295994 3.64352 0.03154 0.21484 0.13936 0.78816 -0.19560 0.56668
1403638624.1778295040 3.54703 0.04977 0.22038 0.13681 0.78803 -0.19795 0.56667
1403638624.2778294086 3.45250 0.07066 0.21983 0.13478 0.78761 -0.20060 0.56680
1403638624.3778295517 3.35791 0.09077 0.21598 0.13441 0.78707 -0.20238 0.56701
1403638624.4778294563 3.26122 0.10782 0.20977 0.13578 0.78690 -0.20257 0.56685
1403638624.5778295994 3.16370 0.12764 0.19752 0.13153 0.77844 -0.20705 0.57781
1403638624.6778295040 3.06309 0.14617 0.18285 0.13339 0.77428 -0.20461 0.58381
1403638624.7778294086 2.95556 0.16270 0.17222 0.13791 0.78066 -0.19482 0.57758
1403638624.8778295517 2.84691 0.18503 0.16843 0.13905 0.78704 -0.18685 0.57124
1403638624.9778294563 2.73762 0.20466 0.17207 0.13160 0.79041 -0.18476 0.56904
1403638625.0778295994 2.62629 0.22589 0.17716 0.12384 0.79156 -0.18374 0.56951
1403638625.1778295040 2.51540 0.24986 0.17764 0.11746 0.79247 -0.18398 0.56951
1403638625.2778294086 2.40345 0.26911 0.17495 0.11533 0.79345 -0.18235 0.56912
1403638625.3778295517 2.29229 0.28995 0.17021 0.11419 0.79364 -0.18135 0.56939
1403638625.4778294563 2.18351 0.30538 0.17221 0.11318 0.79315 -0.18091 0.57042
1403638625.5778295994 2.07216 0.32371 0.17920 0.11382 0.79374 -0.18023 0.56969
1403638625.6778295040 1.96247 0.33920 0.19385 0.11387 0.79537 -0.18024 0.56740
1403638625.7778294086 1.85124 0.35424 0.21086 0.11251 0.79981 -0.18150 0.56099
1403638625.8778295517 1.74162 0.36921 0.22245 0.11264 0.80240 -0.18206 0.55707
1403638625.9778294563 1.63902 0.37919 0.22956 0.11373 0.80274 -0.18218 0.55632
1403638626.0778295994 1.53490 0.38916 0.23103 0.11216 0.80395 -0.18408 0.55426
1403638626.1778295040 1.43109 0.39717 0.22768 0.11239 0.80432 -0.18448 0.55354
1403638626.2778294086 1.33132 0.40204 0.22023 0.11543 0.80291 -0.18305 0.55543
1403638626.3778295517 1.23099 0.40656 0.20983 0.12346 0.80120 -0.17769 0.55790
1403638626.4778294563 1.13575 0.41078 0.19576 0.12597 0.80005 -0.17548 0.55969
1403638626.5778295994 1.04085 0.41586 0.18003 0.12655 0.80242 -0.17464 0.55642
1403638626.6778295040 0.95097 0.42105 0.16550 0.12523 0.80432 -0.17515 0.55382
1403638626.7778294086 0.86456 0.42798 0.15473 0.12244 0.80814 -0.17707 0.54824
1403638626.8778295517 0.77917 0.43416 0.15163 0.12175 0.81087 -0.17692 0.54439
1403638626.9778294563 0.69829 0.44019 0.15503 0.12101 0.81177 -0.17706 0.54318
1403638627.0778295994 0.62736 0.44482 0.15750 0.12036 0.81189 -0.17670 0.54326
1403638627.1778295040 0.56142 0.44680 0.15363 0.11962 0.81183 -0.17658 0.54355
1403638627.2778294086 0.50130 0.44822 0.14874 0.12093 0.81191 -0.17525 0.54357
1403638627.3778295517 0.44684 0.44936 0.14099 0.12301 0.81140 -0.17336 0.54446
1403638627.4778294563 0.39780 0.45018 0.12998 0.12321 0.81181 -0.17310 0.54389
1403638627.5778295994 0.35407 0.45084 0.11700 0.12453 0.81069 -0.17266 0.54540
1403638627.6778295040 0.32513 0.44912 0.09837 0.12683 0.80770 -0.17183 0.54956
1403638627.7778294086 0.28964 0.45074 0.08356 0.12871 0.80587 -0.17089 0.55209
1403638627.8778295517 0.25857 0.45364 0.06719 0.12970 0.80521 -0.17089 0.55281
1403638627.9778294563 0.22872 0.45783 0.05094 0.13001 0.80716 -0.17110 0.54983
1403638628.0778295994 0.22309 0.46018 0.02985 0.13095 0.80828 -0.17144 0.54786
1403638628.1778295040 0.19884 0.46725 0.01732 0.13199 0.80882 -0.17198 0.54664
1403638628.2778294086 0.18197 0.47500 0.00555 0.13214 0.80902 -0.17269 0.54609
1403638628.3778295517 0.18266 0.48125 -0.00759 0.13080 0.80954 -0.17429 0.54513
1403638628.4778294563 0.17257 0.49166 -0.01290 0.12505 0.80660 -0.17883 0.54935
1403638628.5778295994 0.16795 0.50135 -0.01495 0.11741 0.79926 -0.18425 0.55986
1403638628.6778295040 0.16293 0.51008 -0.01550 0.11211 0.79508 -0.18810 0.56559
1403638628.7778294086 0.18317 0.51808 -0.01859 0.11409 0.79633 -0.18760 0.56360
1403638628.8778295517 0.17594 0.52313 -0.02728 0.11853 0.79704 -0.18489 0.56258
1403638628.9778294563 0.16705 0.52630 -0.03928 0.12340 0.79781 -0.18199 0.56138
1403638629.0778295994 0.15675 0.53024 -0.04937 0.12811 0.79908 -0.17861 0.55961
1403638629.1778295040 0.14788 0.53220 -0.05513 0.13037 0.80032 -0.17657 0.55796
1403638629.2778294086 0.13471 0.53929 -0.06027 0.13098 0.80064 -0.17583 0.55758
1403638629.3778295517 0.12488 0.54675 -0.06359 0.13169 0.80367 -0.17601 0.55299
1403638629.4778294563 0.11890 0.55542 -0.06532 0.13011 0.80802 -0.17799 0.54635
1403638629.5778295994 0.12314 0.56186 -0.06519 0.12645 0.81088 -0.18089 0.54200
1403638629.6778295040 0.13190 0.56652 -0.06263 0.11560 0.80849 -0.18911 0.54518
1403638629.7778294086 0.14050 0.56969 -0.05917 0.10918 0.80270 -0.19418 0.55321
1403638629.8778295517 0.14834 0.57013 -0.05951 0.10789 0.79624 -0.19555 0.56224
1403638629.9778294563 0.15435 0.56671 -0.06798 0.11912 0.79093 -0.18847 0.56985
1403638630.0778295994 0.15671 0.56239 -0.08623 0.12834 0.78756 -0.18218 0.57453
1403638630.1778295040 0.15627 0.56017 -0.11472 0.13260 0.79045 -0.17888 0.57062
1403638630.2778294086 0.15198 0.55938 -0.14908 0.13317 0.79501 -0.17835 0.56428
1403638630.3778295517 0.15321 0.56202 -0.17489 0.12829 0.81433 -0.18005 0.53665
1403638630.4778294563 0.16499 0.56226 -0.16363 0.12869 0.79643 -0.17771 0.56352
1403638630.5778295994 0.17480 0.56250 -0.16455 0.12836 0.79563 -0.17882 0.56437
1403638630.6778295040 0.18165 0.56258 -0.18669 0.12484 0.81466 -0.17656 0.53811
1403638630.7778294086 0.18155 0.55549 -0.18955 0.12711 0.82170 -0.17101 0.52859
1403638630.8778295517 0.17466 0.55513 -0.19393 0.12241 0.82037 -0.17199 0.53144
1403638630.9778294563 0.16959 0.55558 -0.19685 0.12261 0.82024 -0.17222 0.53153
1403638631.0778295994 0.16261 0.55635 -0.20062 0.12329 0.82032 -0.17176 0.53139
1403638631.1778295040 0.15610 0.55686 -0.20417 0.12322 0.82035 -0.17200 0.53128
1403638631.2778294086 0.14899 0.55751 -0.20727 0.12311 0.82042 -0.17199 0.53121
1403638631.3778295517 0.14203 0.55806 -0.21006 0.12285 0.82049 -0.17219 0.53110
1403638631.4778294563 0.13538 0.55858 -0.21255 0.12262 0.82042 -0.17247 0.53116
1403638631.5778295994 0.12841 0.55906 -0.21500 0.12251 0.82040 -0.17256 0.53118
1403638631.6778295040 0.12186 0.55929 -0.21710 0.12220 0.82039 -0.17297 0.53114
