1403638523.0778295994 0.01195 0.00324 0.34331 -0.07317 0.80520 0.01825 0.58819
1403638523.1778295040 0.00685 -0.00126 0.36767 -0.07230 0.80405 0.01858 0.58986
1403638523.2778294086 -0.00188 -0.00892 0.35625 -0.06288 0.80145 0.01838 0.59446
1403638523.3778295517 -0.00942 -0.01411 0.31835 -0.05819 0.80025 0.01740 0.59658
1403638523.4778294563 -0.01353 -0.02070 0.26319 -0.05348 0.80382 0.01997 0.59213
1403638523.5778295994 -0.02554 -0.02676 0.20284 -0.04615 0.81297 0.02409 0.57998
1403638523.6778295040 -0.03170 -0.03199 0.14043 -0.03860 0.82250 0.02657 0.56683
1403638523.7778294086 -0.04029 -0.03773 0.08160 -0.03455 0.82713 0.02920 0.56018
1403638523.8778295517 -0.04996 -0.04339 0.02657 -0.03091 0.82770 0.03189 0.55942
1403638523.9778294563 -0.05784 -0.05092 -0.01416 -0.02144 0.82763 0.03772 0.55959
1403638524.0778295994 -0.06176 -0.05398 -0.03826 -0.01402 0.83089 0.04577 0.55437
1403638524.1778295040 -0.06252 -0.05896 -0.03134 -0.01445 0.83557 0.05057 0.54687
1403638524.2778294086 -0.05973 -0.05811 0.00529 -0.01982 0.83674 0.05099 0.54486
1403638524.3778295517 -0.05670 -0.05864 0.05512 -0.02889 0.83409 0.04919 0.54867
1403638524.4778294563 -0.05138 -0.05810 0.11448 -0.03564 0.82755 0.04731 0.55826
1403638524.5778295994 -0.04626 -0.05560 0.17050 -0.03844 0.81867 0.04582 0.57115
1403638524.6778295040 -0.03828 -0.05257 0.22150 -0.03410 0.81220 0.04015 0.58100
1403638524.7778294086 -0.03286 -0.04867 0.25984 -0.02121 0.80836 0.03488 0.58728
1403638524.8778295517 -0.02953 -0.04406 0.28388 -0.01714 0.80687 0.03199 0.58961
1403638524.9778294563 -0.02709 -0.04013 0.29335 -0.02349 0.80545 0.03430 0.59120
1403638525.0778295994 -0.03342 -0.03848 0.27745 -0.02100 0.80270 0.03772 0.59481
1403638525.1778295040 -0.03750 -0.03628 0.24184 -0.01839 0.80127 0.04223 0.59653
1403638525.2778294086 -0.02852 -0.03551 0.19713 -0.01849 0.80415 0.04726 0.59225
1403638525.3778295517 -0.03930 -0.03468 0.13777 -0.02096 0.81306 0.05217 0.57946
1403638525.4778294563 -0.05379 -0.03233 0.08017 -0.02933 0.82537 0.05397 0.56124
1403638525.5778295994 -0.05837 -0.03481 0.02750 -0.03602 0.83462 0.05373 0.54702
1403638525.6778295040 -0.06055 -0.03887 -0.01615 -0.03720 0.83763 0.05083 0.54259
1403638525.7778294086 -0.05927 -0.04263 -0.05066 -0.03455 0.83612 0.04500 0.54561
1403638525.8778295517 -0.05338 -0.04435 -0.07516 -0.02748 0.83257 0.04055 0.55174
1403638525.9778294563 -0.04841 -0.05946 -0.08913 -0.01952 0.83128 0.03964 0.55409
1403638526.0778295994 -0.04104 -0.08744 -0.09000 -0.01594 0.83301 0.03808 0.55172
1403638526.1778295040 -0.02935 -0.11568 -0.06936 -0.01400 0.83579 0.02890 0.54812
1403638526.2778294086 -0.01758 -0.14145 -0.03025 -0.00988 0.83539 0.01948 0.54923
1403638526.3778295517 -0.02232 -0.17986 -0.01094 -0.00752 0.83141 0.01099 0.55549
1403638526.4778294563 -0.03227 -0.22503 0.00162 -0.00631 0.82635 0.00016 0.56313
1403638526.5778295994 -0.04381 -0.27660 0.01022 -0.00502 0.82105 -0.01068 0.57074
1403638526.6778295040 -0.05849 -0.33714 0.01800 -0.00074 0.81595 -0.01886 0.57782
1403638526.7778294086 -0.07606 -0.40234 0.02365 0.00764 0.81286 -0.02423 0.58191
1403638526.8778295517 -0.09559 -0.46684 0.02692 0.01591 0.81203 -0.02759 0.58274
1403638526.9778294563 -0.11692 -0.52759 0.02941 0.02120 0.81490 -0.03462 0.57818
1403638527.0778295994 -0.13665 -0.58472 0.03275 0.02981 0.81917 -0.04837 0.57073
1403638527.1778295040 -0.15392 -0.63622 0.03811 0.03846 0.82067 -0.06411 0.56649
1403638527.2778294086 -0.16682 -0.67739 0.04408 0.05083 0.81737 -0.07836 0.56849
1403638527.3778295517 -0.17550 -0.70285 0.04916 0.06736 0.81177 -0.08773 0.57340
1403638527.4778294563 -0.17930 -0.70767 0.05164 0.07898 0.80784 -0.09290 0.57666
1403638527.5778295994 -0.17703 -0.69115 0.05063 0.08306 0.80685 -0.09478 0.57716
1403638527.6778295040 -0.16272 -0.64872 0.04746 0.08290 0.80729 -0.09224 0.57697
1403638527.7778294086 -0.15509 -0.60117 0.04529 0.07846 0.80860 -0.08560 0.57678
1403638527.8778295517 -0.14672 -0.54543 0.04532 0.06549 0.81175 -0.08135 0.57460
1403638527.9778294563 -0.12213 -0.48368 0.04541 0.05598 0.81287 -0.07690 0.57462
1403638528.0778295994 -0.09436 -0.42281 0.04511 0.05028 0.81198 -0.07015 0.57727
1403638528.1778295040 -0.06590 -0.36779 0.03783 0.04218 0.81246 -0.06236 0.57814
1403638528.2778294086 -0.03545 -0.32153 0.03182 0.02985 0.81424 -0.05189 0.57743
1403638528.3778295517 -0.00387 -0.28751 0.02525 0.02277 0.81411 -0.04378 0.57861
1403638528.4778294563 0.03174 -0.26539 0.02080 0.02386 0.81339 -0.04007 0.57984
1403638528.5778295994 0.06942 -0.24855 0.01778 0.02488 0.81523 -0.04431 0.57691
1403638528.6778295040 0.09710 -0.23583 0.01647 0.02368 0.81626 -0.05188 0.57486
1403638528.7778294086 0.12003 -0.22844 0.01870 0.02868 0.81521 -0.05693 0.57564
1403638528.8778295517 0.12887 -0.22286 0.02470 0.02477 0.81411 -0.06425 0.57661
1403638528.9778294563 0.13933 -0.21510 0.03706 0.01702 0.81404 -0.07024 0.57630
1403638529.0778295994 0.10983 -0.20278 0.05405 0.01778 0.81491 -0.07116 0.57493
1403638529.1778295040 0.07590 -0.18341 0.06402 0.03432 0.81593 -0.06398 0.57357
1403638529.2778294086 0.03531 -0.15924 0.06388 0.04552 0.81799 -0.05766 0.57052
1403638529.3778295517 0.01835 -0.12925 0.05087 0.04847 0.82367 -0.05269 0.56253
1403638529.4778294563 -0.00353 -0.11065 0.02851 0.04619 0.83416 -0.05002 0.54731
1403638529.5778295994 -0.02307 -0.09671 0.00342 0.04315 0.84472 -0.04704 0.53139
1403638529.6778295040 -0.03601 -0.08239 -0.02177 0.04409 0.84889 -0.04403 0.52489
1403638529.7778294086 -0.04405 -0.07275 -0.04556 0.04303 0.84553 -0.04298 0.53046
1403638529.8778295517 -0.04626 -0.06685 -0.06748 0.04139 0.83923 -0.04368 0.54044
1403638529.9778294563 -0.03658 -0.06454 -0.08299 0.04092 0.83675 -0.04381 0.54429
1403638530.0778295994 -0.01697 -0.06839 -0.08943 0.04138 0.83838 -0.04436 0.54169
1403638530.1778295040 -0.00289 -0.07031 -0.09661 0.04239 0.84011 -0.04883 0.53854
1403638530.2778294086 0.01177 -0.07269 -0.10607 0.04456 0.83958 -0.05482 0.53863
1403638530.3778295517 0.02471 -0.07652 -0.11556 0.04719 0.83886 -0.06005 0.53896
1403638530.4778294563 0.03618 -0.08071 -0.12300 0.04763 0.83855 -0.06401 0.53894
1403638530.5778295994 0.04390 -0.08522 -0.12886 0.04697 0.83851 -0.06736 0.53867
1403638530.6778295040 0.04864 -0.08887 -0.13460 0.04818 0.84144 -0.06968 0.53367
1403638530.7778294086 0.05188 -0.09126 -0.14027 0.04831 0.84482 -0.07138 0.52806
1403638530.8778295517 0.05430 -0.09279 -0.14505 0.04647 0.84549 -0.07081 0.52723
1403638530.9778294563 0.05557 -0.09335 -0.14804 0.04566 0.84317 -0.07101 0.53098
1403638531.0778295994 0.05575 -0.09310 -0.15006 0.04674 0.83968 -0.06975 0.53655
1403638531.1778295040 0.05583 -0.09073 -0.14938 0.04490 0.83767 -0.06591 0.54032
1403638531.2778294086 0.05632 -0.08908 -0.15085 0.04533 0.83662 -0.06301 0.54226
1403638531.3778295517 0.05616 -0.08789 -0.15108 0.04332 0.83557 -0.06194 0.54416
1403638531.4778294563 0.05604 -0.08793 -0.15097 0.04171 0.83463 -0.06121 0.54581
1403638531.5778295994 0.05593 -0.08772 -0.15111 0.04074 0.83505 -0.05914 0.54546
1403638531.6778295040 0.05595 -0.08726 -0.15124 0.03867 0.83522 -0.05890 0.54538
1403638531.7778294086 0.05607 -0.08713 -0.15124 0.03790 0.83521 -0.05827 0.54551
1403638531.8778295517 0.05605 -0.08698 -0.15127 0.03713 0.83532 -0.05759 0.54548
1403638531.9778294563 0.05612 -0.08690 -0.15130 0.03659 0.83535 -0.05714 0.54552
1403638532.0778295994 0.05613 -0.08681 -0.15134 0.03613 0.83538 -0.05664 0.54556
1403638532.1778295040 0.05617 -0.08670 -0.15136 0.03559 0.83539 -0.05642 0.54560
1403638532.2778294086 0.05619 -0.08661 -0.15137 0.03509 0.83539 -0.05637 0.54563
1403638532.3778295517 0.05619 -0.08654 -0.15140 0.03472 0.83538 -0.05621 0.54568
1403638532.4778294563 0.05622 -0.08651 -0.15140 0.03445 0.83537 -0.05618 0.54573
1403638532.5778295994 0.05621 -0.08648 -0.15142 0.03432 0.83540 -0.05613 0.54570
1403638532.6778295040 0.05625 -0.08649 -0.15141 0.03429 0.83537 -0.05607 0.54574
1403638532.7778294086 0.05622 -0.08649 -0.15143 0.03434 0.83540 -0.05594 0.54571
1403638532.8778295517 0.05622 -0.08648 -0.15142 0.03439 0.83539 -0.05595 0.54572
1403638532.9778294563 0.05622 -0.08650 -0.15142 0.03439 0.83537 -0.05596 0.54575
1403638533.0778295994 0.05620 -0.08651 -0.15143 0.03444 0.83537 -0.05601 0.54573
1403638533.1778295040 0.05622 -0.08652 -0.15143 0.03448 0.83533 -0.05610 0.54578
1403638533.2778294086 0.05620 -0.08654 -0.15144 0.03453 0.83532 -0.05617 0.54580
1403638533.3778295517 0.05620 -0.08655 -0.15144 0.03468 0.83530 -0.05620 0.54581
1403638533.4778294563 0.05621 -0.08659 -0.15143 0.03475 0.83529 -0.05628 0.54582
1403638533.5778295994 0.05618 -0.08659 -0.15145 0.03484 0.83529 -0.05637 0.54580
1403638533.6778295040 0.05619 -0.08661 -0.15144 0.03492 0.83527 -0.05649 0.54582
1403638533.7778294086 0.05617 -0.08662 -0.15145 0.03504 0.83525 -0.05659 0.54582
1403638533.8778295517 0.05617 -0.08661 -0.15145 0.03492 0.83529 -0.05639 0.54580
1403638533.9778294563 0.05619 -0.08667 -0.15145 0.03517 0.83528 -0.05669 0.54576
1403638534.0778295994 0.05611 -0.08671 -0.15146 0.03566 0.83521 -0.05715 0.54578
1403638534.1778295040 0.05613 -0.08673 -0.15142 0.03540 0.83525 -0.05702 0.54577
1403638534.2778294086 0.05613 -0.08669 -0.15140 0.03523 0.83533 -0.05695 0.54565
1403638534.3778295517 0.05614 -0.08669 -0.15139 0.03533 0.83533 -0.05703 0.54564
1403638534.4778294563 0.05615 -0.08676 -0.15143 0.03556 0.83535 -0.05736 0.54557
1403638534.5778295994 0.05615 -0.08674 -0.15142 0.03548 0.83543 -0.05710 0.54547
1403638534.6778295040 0.05618 -0.08670 -0.15140 0.03534 0.83544 -0.05693 0.54548
1403638534.7778294086 0.05616 -0.08674 -0.15140 0.03551 0.83544 -0.05688 0.54547
1403638534.8778295517 0.05615 -0.08679 -0.15141 0.03586 0.83539 -0.05710 0.54550
1403638534.9778294563 0.05614 -0.08685 -0.15140 0.03599 0.83543 -0.05719 0.54543
1403638535.0778295994 0.05613 -0.08686 -0.15139 0.03592 0.83549 -0.05722 0.54534
1403638535.1778295040 0.05614 -0.08687 -0.15140 0.03589 0.83546 -0.05728 0.54538
1403638535.2778294086 0.05612 -0.08687 -0.15140 0.03587 0.83546 -0.05730 0.54538
1403638535.3778295517 0.05611 -0.08686 -0.15138 0.03596 0.83546 -0.05731 0.54537
1403638535.4778294563 0.05612 -0.08688 -0.15137 0.03610 0.83547 -0.05736 0.54534
1403638535.5778295994 0.05612 -0.08687 -0.15136 0.03612 0.83549 -0.05734 0.54531
1403638535.6778295040 0.05612 -0.08688 -0.15137 0.03612 0.83548 -0.05741 0.54532
1403638535.7778294086 0.05611 -0.08690 -0.15138 0.03620 0.83546 -0.05744 0.54534
1403638535.8778295517 0.05611 -0.08691 -0.15137 0.03616 0.83548 -0.05742 0.54532
1403638535.9778294563 0.05609 -0.08691 -0.15137 0.03616 0.83553 -0.05744 0.54524
1403638536.0778295994 0.05610 -0.08692 -0.15137 0.03617 0.83548 -0.05753 0.54530
1403638536.1778295040 0.05610 -0.08693 -0.15136 0.03620 0.83548 -0.05757 0.54530
1403638536.2778294086 0.05610 -0.08694 -0.15136 0.03627 0.83549 -0.05755 0.54528
1403638536.3778295517 0.05610 -0.08695 -0.15136 0.03632 0.83545 -0.05759 0.54533
1403638536.4778294563 0.05609 -0.08695 -0.15136 0.03635 0.83545 -0.05758 0.54533
1403638536.5778295994 0.05609 -0.08696 -0.15136 0.03630 0.83546 -0.05760 0.54531
1403638536.6778295040 0.05608 -0.08696 -0.15136 0.03632 0.83547 -0.05759 0.54530
1403638536.7778294086 0.05607 -0.08696 -0.15137 0.03639 0.83544 -0.05765 0.54534
1403638536.8778295517 0.05607 -0.08697 -0.15138 0.03633 0.83539 -0.05776 0.54540
1403638536.9778294563 0.05607 -0.08697 -0.15137 0.03629 0.83543 -0.05781 0.54535
1403638537.0778295994 0.05609 -0.08695 -0.15135 0.03631 0.83544 -0.05773 0.54534
1403638537.1778295040 0.05609 -0.08695 -0.15135 0.03647 0.83540 -0.05772 0.54539
1403638537.2778294086 0.05609 -0.08695 -0.15133 0.03662 0.83543 -0.05767 0.54534
1403638537.3778295517 0.05609 -0.08696 -0.15134 0.03662 0.83541 -0.05767 0.54536
1403638537.4778294563 0.05610 -0.08696 -0.15134 0.03659 0.83541 -0.05766 0.54537
1403638537.5778295994 0.05609 -0.08695 -0.15130 0.03663 0.83545 -0.05755 0.54532
1403638537.6778295040 0.05611 -0.08696 -0.15126 0.03668 0.83548 -0.05755 0.54527
1403638537.7778294086 0.05610 -0.08695 -0.15127 0.03663 0.83545 -0.05757 0.54532
1403638537.8778295517 0.05613 -0.08695 -0.15125 0.03674 0.83545 -0.05748 0.54531
1403638537.9778294563 0.05612 -0.08694 -0.15123 0.03678 0.83543 -0.05760 0.54534
1403638538.0778295994 0.05612 -0.08693 -0.15121 0.03673 0.83541 -0.05759 0.54536
1403638538.1778295040 0.05612 -0.08694 -0.15120 0.03676 0.83539 -0.05756 0.54539
1403638538.2778294086 0.05621 -0.08691 -0.15121 0.03676 0.83538 -0.05745 0.54543
1403638538.3778295517 0.05616 -0.08694 -0.15118 0.03693 0.83533 -0.05743 0.54549
1403638538.4778294563 0.05614 -0.08693 -0.15111 0.03689 0.83535 -0.05740 0.54547
1403638538.5778295994 0.05618 -0.08693 -0.15107 0.03710 0.83533 -0.05741 0.54548
1403638538.6778295040 0.05617 -0.08692 -0.15103 0.03691 0.83516 -0.05749 0.54575
1403638538.7778294086 0.05628 -0.08697 -0.15070 0.03672 0.83439 -0.05730 0.54696
1403638538.8778295517 0.05767 -0.08655 -0.15030 0.03597 0.83339 -0.05678 0.54858
1403638538.9778294563 0.06101 -0.08636 -0.14780 0.03677 0.82866 -0.05607 0.55572
1403638539.0778295994 0.06511 -0.08618 -0.14415 0.03834 0.82309 -0.05759 0.56368
1403638539.1778295040 0.07257 -0.08603 -0.13630 0.03757 0.81786 -0.05802 0.57126
1403638539.2778294086 0.08155 -0.08605 -0.12094 0.03731 0.81422 -0.05726 0.57652
1403638539.3778295517 0.08791 -0.08593 -0.09790 0.03699 0.81517 -0.05678 0.57524
1403638539.4778294563 0.09653 -0.08666 -0.06878 0.03674 0.81725 -0.05583 0.57239
1403638539.5778295994 0.10616 -0.08801 -0.03705 0.03654 0.81823 -0.05456 0.57113
1403638539.6778295040 0.11671 -0.08930 -0.01040 0.03500 0.81885 -0.05421 0.57036
1403638539.7778294086 0.12608 -0.08988 0.00554 0.03551 0.82010 -0.05247 0.56870
1403638539.8778295517 0.13712 -0.09003 0.01439 0.03473 0.82266 -0.05193 0.56509
1403638539.9778294563 0.15155 -0.08988 0.02177 0.03310 0.82724 -0.05171 0.55849
1403638540.0778295994 0.17306 -0.08978 0.02731 0.03304 0.83318 -0.05165 0.54959
1403638540.1778295040 0.19674 -0.09074 0.03409 0.03282 0.83713 -0.05143 0.54359
1403638540.2778294086 0.23065 -0.09146 0.04873 0.03342 0.83297 -0.05017 0.55003
1403638540.3778295517 0.26758 -0.09239 0.05600 0.03420 0.82687 -0.04818 0.55928
1403638540.4778294563 0.30927 -0.09245 0.06285 0.03107 0.82458 -0.04221 0.56331
1403638540.5778295994 0.35586 -0.09166 0.06821 0.02391 0.82486 -0.03079 0.56399
1403638540.6778295040 0.40417 -0.09031 0.07256 0.01561 0.82499 -0.01362 0.56477
1403638540.7778294086 0.45408 -0.08662 0.07630 0.00760 0.82402 0.01049 0.56641
1403638540.8778295517 0.50588 -0.07977 0.07964 -0.00301 0.82326 0.03873 0.56633
1403638540.9778294563 0.55767 -0.06796 0.08147 -0.01702 0.82162 0.06526 0.56604
1403638541.0778295994 0.60944 -0.05243 0.08072 -0.03104 0.81928 0.08496 0.56621
1403638541.1778295040 0.66306 -0.03374 0.07553 -0.04105 0.81741 0.09844 0.56609
1403638541.2778294086 0.71717 -0.01011 0.06808 -0.04634 0.81654 0.10737 0.56533
1403638541.3778295517 0.77139 0.01818 0.06815 -0.04949 0.81630 0.11111 0.56467
1403638541.4778294563 0.82457 0.05101 0.07418 -0.05080 0.81608 0.11144 0.56482
1403638541.5778295994 0.87686 0.08992 0.08629 -0.05020 0.81460 0.11207 0.56687
1403638541.6778295040 0.93204 0.13593 0.10708 -0.05461 0.81285 0.11523 0.56835
1403638541.7778294086 0.98490 0.18707 0.13287 -0.06471 0.81142 0.12095 0.56814
1403638541.8778295517 1.03555 0.24256 0.16694 -0.07679 0.80993 0.13001 0.56676
1403638541.9778294563 1.08438 0.30035 0.19789 -0.08861 0.80873 0.14440 0.56325
1403638542.0778295994 1.13133 0.35949 0.22250 -0.10258 0.80648 0.16148 0.55946
1403638542.1778295040 1.17711 0.41991 0.24112 -0.11790 0.80248 0.18138 0.55608
1403638542.2778294086 1.22179 0.48188 0.25346 -0.13264 0.79834 0.20465 0.55062
1403638542.3778295517 1.26709 0.54505 0.26268 -0.14625 0.79046 0.22637 0.55004
1403638542.4778294563 1.31126 0.60794 0.26966 -0.15246 0.77667 0.24654 0.55924
1403638542.5778295994 1.35320 0.67184 0.27358 -0.14862 0.76443 0.26490 0.56867
1403638542.6778295040 1.38937 0.73938 0.27907 -0.14922 0.76090 0.27420 0.56885
1403638542.7778294086 1.41847 0.81130 0.29119 -0.15818 0.76498 0.27314 0.56142
1403638542.8778295517 1.44227 0.88751 0.31068 -0.16478 0.77040 0.26997 0.55358
1403638542.9778294563 1.46198 0.96580 0.33738 -0.16870 0.77509 0.26672 0.54739
1403638543.0778295994 1.47886 1.04442 0.36609 -0.17119 0.77878 0.26350 0.54293
1403638543.1778295040 1.49527 1.12466 0.38921 -0.17104 0.78014 0.26082 0.54231
1403638543.2778294086 1.51148 1.20408 0.40844 -0.17095 0.78060 0.25826 0.54290
1403638543.3778295517 1.52849 1.28636 0.41962 -0.17003 0.78188 0.25709 0.54190
1403638543.4778294563 1.54576 1.36956 0.42748 -0.17204 0.78096 0.26136 0.54055
1403638543.5778295994 1.55813 1.44937 0.43519 -0.17724 0.77796 0.27247 0.53771
1403638543.6778295040 1.57083 1.53297 0.43855 -0.18420 0.77226 0.29011 0.53434
1403638543.7778294086 1.58202 1.61798 0.44389 -0.19447 0.76415 0.31142 0.53035
1403638543.8778295517 1.59273 1.70367 0.45669 -0.20621 0.75400 0.33390 0.52675
1403638543.9778294563 1.60487 1.79289 0.47599 -0.22023 0.74548 0.35216 0.52129
1403638544.0778295994 1.61702 1.88226 0.49898 -0.23505 0.74152 0.36339 0.51268
1403638544.1778295040 1.63076 1.97238 0.52139 -0.24538 0.73846 0.36988 0.50761
1403638544.2778294086 1.64610 2.06533 0.53764 -0.25214 0.73592 0.37324 0.50551
1403638544.3778295517 1.66196 2.15909 0.54780 -0.25371 0.73529 0.37583 0.50373
1403638544.4778294563 1.67968 2.25477 0.55573 -0.25287 0.73584 0.37695 0.50249
1403638544.5778295994 1.69907 2.35300 0.56180 -0.25477 0.73319 0.37611 0.50603
1403638544.6778295040 1.71801 2.45176 0.57630 -0.25997 0.72665 0.37551 0.51321
1403638544.7778294086 1.73662 2.54837 0.59214 -0.26133 0.72581 0.37651 0.51298
1403638544.8778295517 1.75312 2.64114 0.60877 -0.25958 0.72898 0.37891 0.50758
1403638544.9778294563 1.77125 2.73624 0.61805 -0.25985 0.72979 0.37966 0.50571
1403638545.0778295994 1.78939 2.82961 0.62171 -0.26152 0.72850 0.37966 0.50671
1403638545.1778295040 1.80276 2.91335 0.62157 -0.26165 0.72794 0.38094 0.50648
1403638545.2778294086 1.82087 3.00658 0.61313 -0.26107 0.72728 0.38262 0.50646
1403638545.3778295517 1.83915 3.09661 0.60046 -0.26304 0.72456 0.38181 0.50994
1403638545.4778294563 1.85101 3.17250 0.58616 -0.26555 0.72430 0.38291 0.50819
1403638545.5778295994 1.86720 3.26464 0.57267 -0.26977 0.72203 0.38956 0.50413
1403638545.6778295040 1.87890 3.34228 0.56794 -0.27883 0.71628 0.40115 0.49827
1403638545.7778294086 1.89081 3.42034 0.57000 -0.28791 0.70831 0.41777 0.49079
1403638545.8778295517 1.90409 3.50467 0.57880 -0.29894 0.69751 0.43730 0.48258
1403638545.9778294563 1.91856 3.59049 0.59432 -0.30880 0.68490 0.45926 0.47395
1403638546.0778295994 1.93435 3.67929 0.61272 -0.31526 0.67283 0.47818 0.46825
1403638546.1778295040 1.95151 3.77246 0.62567 -0.32289 0.66411 0.49044 0.46278
1403638546.2778294086 1.96737 3.86723 0.63156 -0.32787 0.65936 0.49803 0.45794
1403638546.3778295517 1.98238 3.96357 0.63231 -0.33417 0.65782 0.50025 0.45316
1403638546.4778294563 1.99634 4.06038 0.62749 -0.33693 0.65746 0.50154 0.45019
1403638546.5778295994 2.00965 4.15893 0.62260 -0.33799 0.65540 0.50477 0.44880
1403638546.6778295040 2.02148 4.25981 0.62310 -0.34158 0.65055 0.51063 0.44652
1403638546.7778294086 2.03248 4.36189 0.63395 -0.34410 0.64594 0.51632 0.44471
1403638546.8778295517 2.04224 4.46737 0.65340 -0.34484 0.64225 0.52124 0.44374
1403638546.9778294563 2.05109 4.57661 0.67071 -0.34358 0.63895 0.52563 0.44431
1403638547.0778295994 2.05897 4.68833 0.68193 -0.34158 0.63645 0.52891 0.44555
1403638547.1778295040 2.06291 4.80213 0.68445 -0.33867 0.63438 0.53214 0.44687
1403638547.2778294086 2.06354 4.91617 0.68536 -0.33676 0.63298 0.53362 0.44853
1403638547.3778295517 2.05750 5.03075 0.67896 -0.33991 0.63445 0.53135 0.44677
1403638547.4778294563 2.05009 5.14828 0.67309 -0.34450 0.63762 0.52763 0.44314
1403638547.5778295994 2.04044 5.26644 0.66193 -0.34756 0.64110 0.52423 0.43975
1403638547.6778295040 2.02614 5.38036 0.64191 -0.34825 0.64228 0.52261 0.43941
1403638547.7778294086 2.01339 5.50098 0.62164 -0.34614 0.64168 0.52313 0.44133
1403638547.8778295517 1.99536 5.61221 0.59345 -0.34273 0.63875 0.52518 0.44577
1403638547.9778294563 1.97796 5.73633 0.57024 -0.34288 0.63863 0.52552 0.44543
1403638548.0778295994 1.95510 5.85330 0.55084 -0.34568 0.63816 0.52780 0.44123
1403638548.1778295040 1.93422 5.99121 0.54460 -0.35002 0.63440 0.53321 0.43669
1403638548.2778294086 1.90880 6.12137 0.54435 -0.35666 0.62797 0.54171 0.43012
1403638548.3778295517 1.88214 6.25443 0.55382 -0.36435 0.61848 0.55314 0.42281
1403638548.4778294563 1.85449 6.38854 0.57085 -0.37254 0.60880 0.56378 0.41561
1403638548.5778295994 1.82769 6.51912 0.58750 -0.37911 0.60082 0.57166 0.41048
1403638548.6778295040 1.80176 6.64873 0.60043 -0.38400 0.59527 0.57711 0.40638
1403638548.7778294086 1.77613 6.77981 0.61113 -0.38680 0.59135 0.58111 0.40374
1403638548.8778295517 1.74943 6.91362 0.62720 -0.38815 0.58917 0.58379 0.40176
1403638548.9778294563 1.72217 7.04745 0.65088 -0.38959 0.58808 0.58476 0.40054
1403638549.0778295994 1.69304 7.18588 0.67691 -0.39012 0.58780 0.58520 0.39981
1403638549.1778295040 1.66520 7.31667 0.71190 -0.39141 0.58768 0.58430 0.40004
1403638549.2778294086 1.63563 7.45523 0.75002 -0.39213 0.58855 0.58334 0.39946
1403638549.3778295517 1.60756 7.58915 0.79507 -0.39448 0.59000 0.58103 0.39835
1403638549.4778294563 1.57820 7.73097 0.83453 -0.39632 0.59145 0.57892 0.39745
1403638549.5778295994 1.55117 7.86768 0.87144 -0.39779 0.59148 0.57724 0.39839
1403638549.6778295040 1.52384 8.01340 0.90060 -0.39913 0.59097 0.57573 0.39999
1403638549.7778294086 1.50017 8.14981 0.93256 -0.39763 0.59112 0.57628 0.40046
1403638549.8778295517 1.47552 8.29444 0.96847 -0.39665 0.59262 0.57647 0.39895
1403638549.9778294563 1.45195 8.43647 1.01515 -0.39639 0.59347 0.57654 0.39783
1403638550.0778295994 1.42863 8.58626 1.06801 -0.39670 0.59380 0.57629 0.39739
1403638550.1778295040 1.40902 8.73076 1.12991 -0.39757 0.59425 0.57619 0.39600
1403638550.2778294086 1.38977 8.88531 1.19738 -0.39707 0.59380 0.57706 0.39592
1403638550.3778295517 1.37255 9.03439 1.26866 -0.39723 0.59279 0.57745 0.39670
1403638550.4778294563 1.35607 9.19233 1.33235 -0.39992 0.59337 0.57593 0.39532
1403638550.5778295994 1.34410 9.34395 1.38784 -0.40390 0.59403 0.57356 0.39373
1403638550.6778295040 1.33561 9.49192 1.43743 -0.40894 0.59240 0.57017 0.39591
1403638550.7778294086 1.33106 9.63524 1.48219 -0.41205 0.59160 0.56798 0.39701
1403638550.8778295517 1.33056 9.78034 1.52385 -0.41807 0.58783 0.56372 0.40236
1403638550.9778294563 1.33213 9.92200 1.56074 -0.42383 0.58364 0.55922 0.40865
1403638551.0778295994 1.33536 10.05600 1.59395 -0.42758 0.58115 0.55631 0.41226
1403638551.1778295040 1.34185 10.18238 1.62726 -0.43202 0.58159 0.55353 0.41076
1403638551.2778294086 1.35306 10.30318 1.66521 -0.43271 0.58332 0.55243 0.40905
1403638551.3778295517 1.37046 10.41844 1.70997 -0.42804 0.59101 0.54947 0.40691
1403638551.4778294563 1.39448 10.52525 1.74748 -0.42071 0.60361 0.54025 0.40840
1403638551.5778295994 1.42599 10.62957 1.78245 -0.41464 0.61879 0.52406 0.41296
1403638551.6778295040 1.46382 10.73243 1.81104 -0.40791 0.63589 0.50572 0.41653
1403638551.7778294086 1.51106 10.83311 1.83520 -0.39884 0.65015 0.48733 0.42514
1403638551.8778295517 1.56684 10.92813 1.85498 -0.38884 0.66084 0.47183 0.43529
1403638551.9778294563 1.63042 11.01512 1.87762 -0.37707 0.66426 0.46416 0.44847
1403638552.0778295994 1.69954 11.09203 1.90736 -0.36764 0.66580 0.45915 0.45906
1403638552.1778295040 1.77173 11.15993 1.94178 -0.36185 0.67067 0.45610 0.45960
1403638552.2778294086 1.84722 11.22087 1.98138 -0.35775 0.67463 0.45514 0.45796
1403638552.3778295517 1.92568 11.27608 2.02000 -0.35979 0.67566 0.45231 0.45766
1403638552.4778294563 2.00906 11.33013 2.05356 -0.36708 0.67201 0.44679 0.46263
1403638552.5778295994 2.09561 11.37077 2.08224 -0.37268 0.66828 0.44334 0.46686
1403638552.6778295040 2.18514 11.40289 2.10435 -0.37333 0.66594 0.44458 0.46851
1403638552.7778294086 2.27828 11.42603 2.11995 -0.37279 0.66522 0.44686 0.46779
1403638552.8778295517 2.37558 11.44698 2.13044 -0.37067 0.66380 0.45082 0.46769
1403638552.9778294563 2.47371 11.45322 2.13662 -0.36636 0.66137 0.45685 0.46867
1403638553.0778295994 2.57553 11.46181 2.13757 -0.36270 0.65908 0.46224 0.46946
1403638553.1778295040 2.67339 11.45731 2.13572 -0.36815 0.65517 0.46092 0.47198
1403638553.2778294086 2.77594 11.45419 2.13522 -0.37544 0.64944 0.45766 0.47730
1403638553.3778295517 2.87450 11.43550 2.13898 -0.37707 0.64420 0.45847 0.48232
1403638553.4778294563 2.97253 11.40772 2.14821 -0.37356 0.63870 0.46199 0.48895
1403638553.5778295994 3.06987 11.37062 2.16411 -0.37048 0.63438 0.46497 0.49407
1403638553.6778295040 3.16539 11.32141 2.18388 -0.36823 0.63343 0.46730 0.49478
1403638553.7778294086 3.25670 11.26083 2.21211 -0.36634 0.63392 0.46921 0.49375
1403638553.8778295517 3.34005 11.18977 2.24522 -0.36408 0.63572 0.47071 0.49166
1403638553.9778294563 3.42589 11.11718 2.28270 -0.36334 0.63879 0.47119 0.48776
1403638554.0778295994 3.49986 11.03084 2.31083 -0.36179 0.64208 0.47212 0.48368
1403638554.1778295040 3.58268 10.95066 2.34053 -0.35690 0.64500 0.47585 0.47976
1403638554.2778294086 3.65453 10.85754 2.35662 -0.34897 0.65082 0.48172 0.47181
1403638554.3778295517 3.73090 10.77256 2.37521 -0.34301 0.65408 0.48632 0.46693
1403638554.4778294563 3.80206 10.68682 2.38987 -0.34029 0.65552 0.48850 0.46460
1403638554.5778295994 3.86881 10.60186 2.39992 -0.34139 0.65642 0.48820 0.46285
1403638554.6778295040 3.93295 10.51315 2.40743 -0.34732 0.65864 0.48444 0.45921
1403638554.7778294086 3.99629 10.42944 2.42374 -0.35217 0.65938 0.48116 0.45792
1403638554.8778295517 4.06110 10.34298 2.44244 -0.35526 0.65951 0.47921 0.45738
1403638554.9778294563 4.12747 10.25721 2.46241 -0.35782 0.66022 0.47603 0.45767
1403638555.0778295994 4.19580 10.17748 2.47844 -0.35418 0.66352 0.47174 0.46017
1403638555.1778295040 4.26488 10.08847 2.48497 -0.34759 0.66963 0.46513 0.46307
1403638555.2778294086 4.33684 10.00855 2.49164 -0.34144 0.67599 0.45711 0.46638
1403638555.3778295517 4.41056 9.92443 2.49265 -0.33433 0.67929 0.45238 0.47132
1403638555.4778294563 4.48466 9.83817 2.48909 -0.32853 0.68145 0.44929 0.47522
1403638555.5778295994 4.55920 9.75085 2.48394 -0.32617 0.68284 0.44660 0.47738
1403638555.6778295040 4.63369 9.66263 2.48431 -0.32556 0.68459 0.44493 0.47684
1403638555.7778294086 4.70683 9.57266 2.49362 -0.32459 0.68579 0.44510 0.47563
1403638555.8778295517 4.77911 9.48111 2.51051 -0.32393 0.68579 0.44609 0.47515
1403638555.9778294563 4.85198 9.39481 2.53366 -0.32261 0.68452 0.44772 0.47634
1403638556.0778295994 4.92616 9.30898 2.56056 -0.32109 0.68462 0.44908 0.47594
1403638556.1778295040 4.99899 9.22972 2.58336 -0.32005 0.68905 0.44960 0.46973
1403638556.2778294086 5.07415 9.14925 2.59981 -0.31856 0.69232 0.45067 0.46488
1403638556.3778295517 5.14849 9.07941 2.61245 -0.31718 0.69455 0.45137 0.46180
1403638556.4778294563 5.22764 9.00479 2.62278 -0.31479 0.69762 0.45270 0.45749
1403638556.5778295994 5.30509 8.94792 2.63408 -0.31416 0.70070 0.45227 0.45364
1403638556.6778295040 5.38551 8.89627 2.64636 -0.32152 0.70335 0.44612 0.45045
1403638556.7778294086 5.47219 8.83763 2.66683 -0.32813 0.70018 0.44136 0.45527
1403638556.8778295517 5.55935 8.79182 2.69408 -0.33380 0.69881 0.43697 0.45748
1403638556.9778294563 5.65144 8.74822 2.72469 -0.33716 0.69746 0.43431 0.45962
1403638557.0778295994 5.74983 8.70438 2.74900 -0.33572 0.69607 0.43567 0.46149
1403638557.1778295040 5.85378 8.65943 2.76608 -0.33412 0.69453 0.43721 0.46351
1403638557.2778294086 5.96047 8.61355 2.77681 -0.33303 0.69351 0.43828 0.46481
1403638557.3778295517 6.07193 8.56685 2.78289 -0.33057 0.69230 0.44043 0.46633
1403638557.4778294563 6.18506 8.52112 2.79123 -0.32511 0.68929 0.44485 0.47041
1403638557.5778295994 6.29758 8.47572 2.80534 -0.32066 0.68690 0.44802 0.47395
1403638557.6778295040 6.41022 8.43102 2.82423 -0.31814 0.68573 0.44995 0.47551
1403638557.7778294086 6.52125 8.38704 2.84601 -0.31814 0.68542 0.44964 0.47625
1403638557.8778295517 6.63284 8.34164 2.86273 -0.31524 0.68537 0.45104 0.47692
1403638557.9778294563 6.74155 8.29736 2.87382 -0.31242 0.68662 0.45266 0.47544
1403638558.0778295994 6.84900 8.25453 2.87913 -0.31135 0.69039 0.45343 0.46992
1403638558.1778295040 6.95768 8.21359 2.88177 -0.30836 0.69620 0.45497 0.46176
1403638558.2778294086 7.06777 8.17763 2.88991 -0.30474 0.70034 0.45669 0.45616
1403638558.3778295517 7.17744 8.15022 2.90807 -0.29994 0.70169 0.45941 0.45453
1403638558.4778294563 7.28693 8.12928 2.93395 -0.29351 0.70538 0.46305 0.44931
1403638558.5778295994 7.39761 8.11801 2.96721 -0.29467 0.70797 0.46174 0.44580
1403638558.6778295040 7.51149 8.11682 3.00651 -0.30291 0.70877 0.45521 0.44572
1403638558.7778294086 7.62676 8.12314 3.04552 -0.31072 0.70849 0.44908 0.44701
1403638558.8778295517 7.74639 8.13449 3.07637 -0.31332 0.70728 0.44687 0.44932
1403638558.9778294563 7.86922 8.15031 3.09996 -0.31518 0.70252 0.44559 0.45669
1403638559.0778295994 7.99530 8.16868 3.11563 -0.31588 0.69807 0.44540 0.46318
1403638559.1778295040 8.12128 8.19039 3.12423 -0.31624 0.69467 0.44578 0.46766
1403638559.2778294086 8.24692 8.21356 3.12631 -0.31419 0.69184 0.44808 0.47102
1403638559.3778295517 8.37281 8.23717 3.12224 -0.31058 0.68954 0.45132 0.47370
1403638559.4778294563 8.49374 8.26198 3.11375 -0.30848 0.68722 0.45348 0.47637
1403638559.5778295994 8.61270 8.28780 3.10051 -0.30744 0.68505 0.45498 0.47873
1403638559.6778295040 8.72826 8.31590 3.08426 -0.30805 0.68402 0.45514 0.47966
1403638559.7778294086 8.83961 8.34447 3.07117 -0.30840 0.68316 0.45582 0.48001
1403638559.8778295517 8.94758 8.37668 3.06364 -0.30969 0.68395 0.45506 0.47877
1403638559.9778294563 9.05391 8.40936 3.05694 -0.30856 0.68753 0.44914 0.47997
1403638560.0778295994 9.16020 8.44405 3.04511 -0.30318 0.69548 0.43630 0.48377
1403638560.1778295040 9.26472 8.47775 3.02602 -0.29345 0.70528 0.41824 0.49148
1403638560.2778294086 9.36872 8.51232 3.00164 -0.28117 0.71616 0.39707 0.50040
1403638560.3778295517 9.47193 8.54592 2.97526 -0.27001 0.72404 0.37281 0.51368
1403638560.4778294563 9.57142 8.57738 2.94532 -0.25737 0.73213 0.34767 0.52618
1403638560.5778295994 9.66686 8.60422 2.91075 -0.24614 0.74142 0.32081 0.53552
1403638560.6778295040 9.75860 8.62674 2.87228 -0.23652 0.75200 0.29284 0.54111
1403638560.7778294086 9.84670 8.64238 2.83718 -0.22934 0.76085 0.26725 0.54506
1403638560.8778295517 9.93219 8.64965 2.81014 -0.21862 0.76736 0.24439 0.55103
1403638560.9778294563 10.01752 8.65010 2.79094 -0.20638 0.77170 0.22343 0.55854
1403638561.0778295994 10.10148 8.64289 2.77972 -0.19417 0.77429 0.20352 0.56688
1403638561.1778295040 10.18086 8.62656 2.77497 -0.18329 0.77569 0.18581 0.57461
1403638561.2778294086 10.25563 8.60279 2.77711 -0.17645 0.77599 0.17242 0.58050
1403638561.3778295517 10.32299 8.57059 2.78195 -0.16741 0.78060 0.16765 0.57839
1403638561.4778294563 10.38688 8.53208 2.78258 -0.15386 0.78643 0.17127 0.57316
1403638561.5778295994 10.44930 8.49019 2.77747 -0.14426 0.78987 0.17603 0.56948
1403638561.6778295040 10.50911 8.44713 2.76775 -0.14048 0.79151 0.17894 0.56723
1403638561.7778294086 10.56563 8.40279 2.75276 -0.13960 0.79166 0.18127 0.56650
1403638561.8778295517 10.61836 8.35582 2.73085 -0.13714 0.79101 0.18194 0.56779
1403638561.9778294563 10.67139 8.30843 2.70560 -0.13200 0.79201 0.17759 0.56899
1403638562.0778295994 10.71914 8.25898 2.68165 -0.12471 0.79380 0.16891 0.57079
1403638562.1778295040 10.76267 8.20876 2.66529 -0.11712 0.79569 0.15919 0.57256
1403638562.2778294086 10.80394 8.16049 2.65358 -0.11066 0.79676 0.15095 0.57458
1403638562.3778295517 10.84219 8.11168 2.64843 -0.10466 0.79771 0.13904 0.57738
1403638562.4778294563 10.87639 8.06122 2.64756 -0.09675 0.80012 0.12300 0.57907
1403638562.5778295994 10.90832 8.01104 2.65393 -0.08720 0.80251 0.10293 0.58119
1403638562.6778295040 10.93717 7.96003 2.66503 -0.07848 0.80541 0.07878 0.58220
1403638562.7778294086 10.96392 7.90685 2.67750 -0.06969 0.80708 0.05255 0.58395
1403638562.8778295517 10.98676 7.84969 2.68591 -0.05624 0.80835 0.02795 0.58535
1403638562.9778294563 11.00577 7.78876 2.68830 -0.04180 0.80913 0.00533 0.58611
1403638563.0778295994 11.02047 7.72504 2.68552 -0.03288 0.80907 -0.01869 0.58649
1403638563.1778295040 11.02845 7.65672 2.67870 -0.02104 0.80896 -0.03834 0.58624
1403638563.2778294086 11.03229 7.58373 2.66786 -0.00961 0.80588 -0.05207 0.58971
1403638563.3778295517 11.02922 7.50699 2.65217 -0.00308 0.79813 -0.06168 0.59931
1403638563.4778294563 11.01861 7.42712 2.63031 -0.00179 0.79207 -0.06863 0.60656
1403638563.5778295994 11.00094 7.34217 2.60776 0.00386 0.79265 -0.06834 0.60582
1403638563.6778295040 10.97644 7.25248 2.59101 0.00411 0.79619 -0.06846 0.60115
1403638563.7778294086 10.94647 7.15658 2.58116 0.00111 0.79848 -0.06879 0.59808
1403638563.8778295517 10.91167 7.05532 2.58000 -0.00203 0.79813 -0.06785 0.59864
1403638563.9778294563 10.87173 6.94859 2.58478 -0.00553 0.79712 -0.06617 0.60016
1403638564.0778295994 10.82388 6.83712 2.58749 -0.00997 0.79781 -0.06391 0.59943
1403638564.1778295040 10.77012 6.72003 2.58503 -0.01167 0.79778 -0.05921 0.59992
1403638564.2778294086 10.71318 6.59623 2.58042 -0.01084 0.79622 -0.05370 0.60252
1403638564.3778295517 10.64802 6.46955 2.58124 -0.01093 0.79486 -0.04859 0.60474
1403638564.4778294563 10.57774 6.33881 2.58942 -0.01020 0.79364 -0.04431 0.60669
1403638564.5778295994 10.49695 6.20563 2.60157 -0.01291 0.79544 -0.04380 0.60431
1403638564.6778295040 10.41078 6.07160 2.61383 -0.01791 0.79720 -0.04673 0.60163
1403638564.7778294086 10.31555 5.93136 2.61845 -0.02162 0.79781 -0.04979 0.60046
1403638564.8778295517 10.21836 5.78806 2.61810 -0.02365 0.79735 -0.05237 0.60078
1403638564.9778294563 10.11503 5.63245 2.59573 -0.02550 0.79684 -0.05402 0.60123
1403638565.0778295994 10.00734 5.47562 2.56105 -0.02659 0.79723 -0.05487 0.60058
1403638565.1778295040 9.89636 5.31383 2.51078 -0.02692 0.79801 -0.05520 0.59950
1403638565.2778294086 9.78227 5.14714 2.45416 -0.02515 0.79901 -0.05451 0.59832
1403638565.3778295517 9.66543 4.97608 2.39451 -0.02226 0.80005 -0.05337 0.59714
1403638565.4778294563 9.54567 4.79994 2.33399 -0.01915 0.79939 -0.05250 0.59821
1403638565.5778295994 9.42365 4.61986 2.27967 -0.01242 0.79726 -0.05032 0.60140
1403638565.6778295040 9.29722 4.43778 2.23407 -0.00051 0.79697 -0.04442 0.60239
1403638565.7778294086 9.16806 4.25574 2.19404 0.00865 0.79966 -0.04012 0.59905
1403638565.8778295517 9.03133 4.07524 2.16174 0.01599 0.80182 -0.03688 0.59622
1403638565.9778294563 8.89037 3.89729 2.13300 0.01851 0.80361 -0.03749 0.59368
1403638566.0778295994 8.74775 3.72358 2.09853 0.02012 0.80461 -0.03791 0.59225
1403638566.1778295040 8.60368 3.55264 2.05515 0.01809 0.80477 -0.03935 0.59200
1403638566.2778294086 8.45777 3.38470 2.00317 0.01872 0.80437 -0.03852 0.59259
1403638566.3778295517 8.31270 3.22002 1.94279 0.01898 0.80535 -0.03746 0.59131
1403638566.4778294563 8.16859 3.05857 1.87648 0.01563 0.80559 -0.03817 0.59103
1403638566.5778295994 8.02556 2.90130 1.80403 0.01494 0.80874 -0.03640 0.58685
1403638566.6778295040 7.88330 2.74846 1.72422 0.01419 0.81804 -0.03458 0.57395
1403638566.7778294086 7.74629 2.60013 1.63934 0.01352 0.82971 -0.03278 0.55706
1403638566.8778295517 7.61735 2.45528 1.55154 0.01192 0.83774 -0.03155 0.54503
1403638566.9778294563 7.49721 2.31362 1.46186 0.01197 0.84166 -0.02869 0.53912
1403638567.0778295994 7.38522 2.17660 1.37421 0.01176 0.83353 -0.02723 0.55168
1403638567.1778295040 7.28069 2.04211 1.28397 0.01375 0.82116 -0.02513 0.56998
1403638567.2778294086 7.17770 1.90891 1.18895 0.01682 0.81246 -0.02331 0.58231
1403638567.3778295517 7.07415 1.78015 1.08906 0.01973 0.81052 -0.02270 0.58494
1403638567.4778294563 6.96921 1.65486 0.99363 0.02192 0.81126 -0.02378 0.58379
1403638567.5778295994 6.86524 1.53518 0.90548 0.02335 0.81479 -0.02552 0.57872
1403638567.6778295040 6.75921 1.41575 0.82706 0.02671 0.81806 -0.02599 0.57393
1403638567.7778294086 6.65440 1.30006 0.75743 0.02875 0.82131 -0.02651 0.56914
1403638567.8778295517 6.55491 1.18975 0.69688 0.02798 0.82472 -0.02873 0.56412
1403638567.9778294563 6.46375 1.08485 0.64290 0.02798 0.82565 -0.02972 0.56270
1403638568.0778295994 6.37811 0.98452 0.59755 0.03104 0.82548 -0.02795 0.56288
1403638568.1778295040 6.29655 0.88926 0.56170 0.03312 0.82476 -0.02667 0.56389
1403638568.2778294086 6.21851 0.79972 0.53326 0.03414 0.82462 -0.02696 0.56401
1403638568.3778295517 6.14473 0.71468 0.50526 0.03425 0.82510 -0.02732 0.56329
1403638568.4778294563 6.07400 0.63517 0.46965 0.03479 0.82593 -0.02728 0.56204
1403638568.5778295994 6.00822 0.55948 0.43403 0.03573 0.82730 -0.02667 0.55999
1403638568.6778295040 5.94605 0.48879 0.39263 0.03710 0.82906 -0.02532 0.55735
1403638568.7778294086 5.88927 0.42421 0.35738 0.03678 0.83038 -0.02541 0.55540
1403638568.8778295517 5.83737 0.36714 0.33132 0.03488 0.82973 -0.02710 0.55641
1403638568.9778294563 5.79096 0.31314 0.30942 0.03682 0.82917 -0.02542 0.55720
1403638569.0778295994 5.74851 0.26486 0.29959 0.03838 0.82893 -0.02444 0.55750
1403638569.1778295040 5.70957 0.21958 0.29211 0.03900 0.82972 -0.02442 0.55629
1403638569.2778294086 5.67252 0.18064 0.28844 0.04112 0.83092 -0.02344 0.55437
1403638569.3778295517 5.64306 0.14614 0.27694 0.04199 0.83083 -0.02319 0.55446
1403638569.4778294563 5.61672 0.11474 0.26184 0.04250 0.82938 -0.02277 0.55660
1403638569.5778295994 5.59853 0.09174 0.24296 0.04321 0.82810 -0.02241 0.55846
1403638569.6778295040 5.58501 0.07463 0.22978 0.04230 0.82698 -0.02335 0.56016
1403638569.7778294086 5.57474 0.06326 0.22301 0.04325 0.82615 -0.02272 0.56133
1403638569.8778295517 5.56820 0.05643 0.22208 0.04423 0.82490 -0.02165 0.56313
1403638569.9778294563 5.56470 0.05547 0.22548 0.04297 0.82339 -0.02247 0.56540
1403638570.0778295994 5.56493 0.06053 0.22656 0.04065 0.82282 -0.02399 0.56634
1403638570.1778295040 5.56741 0.06964 0.22168 0.03569 0.82299 -0.02679 0.56630
1403638570.2778294086 5.57140 0.08122 0.21087 0.02810 0.82248 -0.03142 0.56722
1403638570.3778295517 5.57697 0.09403 0.19553 0.02178 0.82222 -0.03874 0.56743
1403638570.4778294563 5.58376 0.10518 0.17476 0.01750 0.82170 -0.05434 0.56706
1403638570.5778295994 5.58803 0.11188 0.14752 0.01050 0.81899 -0.08137 0.56791
1403638570.6778295040 5.59251 0.11153 0.11671 0.01135 0.81372 -0.11063 0.57052
1403638570.7778294086 5.59577 0.10124 0.08302 0.01865 0.80253 -0.13823 0.58008
1403638570.8778295517 5.59371 0.08028 0.04716 0.03129 0.79073 -0.16271 0.58932
1403638570.9778294563 5.58433 0.04860 0.00776 0.04679 0.78244 -0.18409 0.59304
1403638571.0778295994 5.56678 0.00679 -0.03609 0.06370 0.77957 -0.20323 0.58898
1403638571.1778295040 5.53936 -0.04319 -0.07791 0.08519 0.78208 -0.21568 0.57843
1403638571.2778294086 5.50497 -0.10095 -0.11039 0.10533 0.78324 -0.22210 0.57106
1403638571.3778295517 5.46333 -0.16268 -0.13247 0.11797 0.78250 -0.22749 0.56748
1403638571.4778294563 5.41661 -0.22781 -0.14479 0.12392 0.77960 -0.23222 0.56828
1403638571.5778295994 5.36474 -0.29598 -0.15341 0.13081 0.77713 -0.23639 0.56840
1403638571.6778295040 5.30927 -0.36681 -0.16606 0.13699 0.77674 -0.24573 0.56350
1403638571.7778294086 5.25069 -0.44105 -0.18395 0.14505 0.77606 -0.25912 0.55637
1403638571.8778295517 5.18993 -0.51880 -0.20618 0.15234 0.77294 -0.27676 0.55023
1403638571.9778294563 5.12630 -0.60067 -0.22501 0.16005 0.76674 -0.29666 0.54634
1403638572.0778295994 5.05944 -0.68627 -0.23606 0.16920 0.75966 -0.31577 0.54275
1403638572.1778295040 4.98840 -0.77545 -0.23806 0.18497 0.75268 -0.33087 0.53831
1403638572.2778294086 4.91435 -0.86662 -0.23521 0.19915 0.74821 -0.34743 0.52897
1403638572.3778295517 4.83940 -0.96117 -0.23443 0.21233 0.74319 -0.36573 0.51849
1403638572.4778294563 4.76377 -1.05983 -0.23666 0.22633 0.73907 -0.37878 0.50900
1403638572.5778295994 4.69004 -1.16136 -0.23991 0.23727 0.73515 -0.38741 0.50316
1403638572.6778295040 4.61759 -1.26701 -0.24208 0.24313 0.73330 -0.39277 0.49888
1403638572.7778294086 4.54840 -1.37660 -0.23595 0.25095 0.73467 -0.39255 0.49315
1403638572.8778295517 4.48283 -1.48992 -0.22183 0.25454 0.73709 -0.39185 0.48823
1403638572.9778294563 4.42122 -1.60601 -0.20274 0.25516 0.73922 -0.39084 0.48548
1403638573.0778295994 4.36392 -1.72524 -0.18795 0.25445 0.74129 -0.38963 0.48367
1403638573.1778295040 4.31036 -1.84800 -0.17977 0.25263 0.74290 -0.38839 0.48314
1403638573.2778294086 4.26166 -1.97218 -0.17281 0.25098 0.74432 -0.38638 0.48343
1403638573.3778295517 4.21723 -2.10061 -0.16556 0.25018 0.74511 -0.38547 0.48336
1403638573.4778294563 4.18025 -2.23043 -0.15382 0.25327 0.74522 -0.38561 0.48147
1403638573.5778295994 4.14818 -2.36447 -0.13523 0.25499 0.74511 -0.38591 0.48047
1403638573.6778295040 4.12203 -2.49855 -0.10945 0.25791 0.74544 -0.38652 0.47792
1403638573.7778294086 4.10186 -2.63353 -0.07922 0.26484 0.74176 -0.38997 0.47705
1403638573.8778295517 4.08685 -2.77232 -0.04966 0.27841 0.73144 -0.39554 0.48065
1403638573.9778294563 4.07745 -2.90991 -0.02546 0.29011 0.71595 -0.40902 0.48575
1403638574.0778295994 4.07089 -3.04395 -0.00845 0.29582 0.69557 -0.43053 0.49327
1403638574.1778295040 4.06494 -3.17337 0.00248 0.30178 0.67327 -0.45451 0.49906
1403638574.2778294086 4.05745 -3.29676 0.00798 0.31123 0.65448 -0.47677 0.49748
1403638574.3778295517 4.04118 -3.42005 0.01003 0.32363 0.64110 -0.49663 0.48746
1403638574.4778294563 4.01775 -3.54140 0.00857 0.33708 0.62943 -0.51458 0.47476
1403638574.5778295994 3.98969 -3.65836 0.01061 0.34750 0.61873 -0.52866 0.46577
1403638574.6778295040 3.95740 -3.77436 0.02113 0.35936 0.61233 -0.53569 0.45711
1403638574.7778294086 3.92420 -3.89172 0.03783 0.37014 0.61219 -0.53817 0.44563
1403638574.8778295517 3.89135 -4.00553 0.05808 0.37150 0.61430 -0.54253 0.43621
1403638574.9778294563 3.85746 -4.11705 0.07362 0.37008 0.61674 -0.54573 0.42994
1403638575.0778295994 3.82329 -4.22701 0.08199 0.36250 0.61543 -0.55102 0.43153
1403638575.1778295040 3.78793 -4.33530 0.08439 0.35662 0.61280 -0.55428 0.43597
1403638575.2778294086 3.75000 -4.44653 0.08477 0.35317 0.61154 -0.55510 0.43950
1403638575.3778295517 3.70888 -4.55713 0.07887 0.35003 0.61493 -0.55507 0.43731
1403638575.4778294563 3.66493 -4.67123 0.07053 0.34821 0.62046 -0.55342 0.43302
1403638575.5778295994 3.61852 -4.78600 0.06077 0.34736 0.62551 -0.55086 0.42968
1403638575.6778295040 3.56998 -4.90773 0.05802 0.35088 0.63189 -0.54556 0.42423
1403638575.7778294086 3.51926 -5.03886 0.06385 0.35181 0.63852 -0.54247 0.41743
1403638575.8778295517 3.47207 -5.16960 0.07911 0.35171 0.64277 -0.54034 0.41373
1403638575.9778294563 3.42963 -5.30229 0.10517 0.35121 0.64313 -0.53955 0.41463
1403638576.0778295994 3.39113 -5.43710 0.13830 0.35190 0.64373 -0.53814 0.41494
1403638576.1778295040 3.35558 -5.57743 0.17652 0.35277 0.64214 -0.53770 0.41725
1403638576.2778294086 3.32338 -5.72278 0.21164 0.35684 0.64266 -0.53514 0.41626
1403638576.3778295517 3.29469 -5.87253 0.24045 0.36143 0.64420 -0.53217 0.41372
1403638576.4778294563 3.27161 -6.02410 0.26362 0.36530 0.64681 -0.52967 0.40946
1403638576.5778295994 3.25488 -6.17892 0.28149 0.36990 0.65087 -0.52678 0.40255
1403638576.6778295040 3.24483 -6.33951 0.29508 0.37305 0.65235 -0.52458 0.40010
1403638576.7778294086 3.24375 -6.50279 0.30426 0.37794 0.64999 -0.52092 0.40413
1403638576.8778295517 3.24967 -6.66686 0.30840 0.38060 0.64501 -0.51916 0.41180
1403638576.9778294563 3.26301 -6.82871 0.30751 0.37859 0.63864 -0.52096 0.42120
1403638577.0778295994 3.28217 -6.98640 0.30578 0.37431 0.63485 -0.52438 0.42648
1403638577.1778295040 3.30484 -7.14259 0.31174 0.37148 0.63205 -0.52651 0.43047
1403638577.2778294086 3.33010 -7.29938 0.32391 0.37184 0.63259 -0.52626 0.42967
1403638577.3778295517 3.35784 -7.45583 0.34490 0.37848 0.63682 -0.52132 0.42360
1403638577.4778294563 3.38971 -7.60994 0.37133 0.38283 0.63929 -0.51806 0.41996
1403638577.5778295994 3.42690 -7.76278 0.39406 0.37987 0.63930 -0.51982 0.42045
1403638577.6778295040 3.46890 -7.91118 0.41095 0.37652 0.63825 -0.52193 0.42244
1403638577.7778294086 3.51430 -8.05683 0.41993 0.37380 0.63778 -0.52346 0.42368
1403638577.8778295517 3.56405 -8.20338 0.42417 0.37348 0.63798 -0.52320 0.42397
1403638577.9778294563 3.61725 -8.34457 0.42473 0.37431 0.63851 -0.52181 0.42417
1403638578.0778295994 3.67518 -8.49071 0.43266 0.37322 0.63777 -0.52175 0.42631
1403638578.1778295040 3.73665 -8.62778 0.44583 0.36865 0.63476 -0.52419 0.43175
1403638578.2778294086 3.79957 -8.76779 0.46521 0.36018 0.62990 -0.52973 0.43918
1403638578.3778295517 3.86099 -8.90659 0.48452 0.35814 0.62754 -0.53137 0.44224
1403638578.4778294563 3.92025 -9.04409 0.49758 0.35831 0.62714 -0.53177 0.44220
1403638578.5778295994 3.97732 -9.17894 0.50602 0.35834 0.62657 -0.53245 0.44216
1403638578.6778295040 4.03311 -9.31725 0.51020 0.36079 0.62645 -0.53129 0.44173
1403638578.7778294086 4.08602 -9.44828 0.51172 0.36613 0.62899 -0.52788 0.43779
1403638578.8778295517 4.14093 -9.58271 0.50879 0.37124 0.63179 -0.52425 0.43380
1403638578.9778294563 4.19614 -9.70460 0.50546 0.37376 0.63312 -0.52215 0.43222
1403638579.0778295994 4.25520 -9.83658 0.51081 0.37420 0.63383 -0.52112 0.43206
1403638579.1778295040 4.31620 -9.96070 0.52382 0.37475 0.63390 -0.52023 0.43255
1403638579.2778294086 4.38120 -10.08735 0.54294 0.37254 0.63295 -0.52131 0.43454
1403638579.3778295517 4.44729 -10.20455 0.56234 0.36686 0.62977 -0.52501 0.43951
1403638579.4778294563 4.51404 -10.32771 0.57986 0.36109 0.62555 -0.52890 0.44560
1403638579.5778295994 4.57792 -10.43757 0.58946 0.35989 0.62304 -0.52618 0.45325
1403638579.6778295040 4.64155 -10.55091 0.59476 0.36204 0.62372 -0.51404 0.46440
1403638579.7778294086 4.70367 -10.66041 0.59472 0.36045 0.63430 -0.49509 0.47183
1403638579.8778295517 4.76564 -10.76628 0.58781 0.34980 0.65445 -0.47399 0.47400
1403638579.9778294563 4.82853 -10.86876 0.57579 0.33267 0.67467 -0.44907 0.48217
1403638580.0778295994 4.88993 -10.96133 0.56225 0.31821 0.68938 -0.41465 0.50156
1403638580.1778295040 4.95020 -11.04117 0.54513 0.29834 0.70382 -0.37783 0.52238
1403638580.2778294086 5.00826 -11.11172 0.52294 0.27198 0.72094 -0.34311 0.53716
1403638580.3778295517 5.06310 -11.17554 0.49470 0.24172 0.73728 -0.31692 0.54548
1403638580.4778294563 5.11155 -11.23409 0.46186 0.21558 0.74898 -0.30050 0.54978
1403638580.5778295994 5.15606 -11.29132 0.42782 0.19802 0.75636 -0.28718 0.55338
1403638580.6778295040 5.19738 -11.34713 0.39418 0.18264 0.76654 -0.27261 0.55203
1403638580.7778294086 5.23458 -11.40122 0.36746 0.17221 0.77675 -0.25761 0.54831
1403638580.8778295517 5.26856 -11.45497 0.34958 0.16738 0.78374 -0.24672 0.54486
1403638580.9778294563 5.30397 -11.50876 0.34329 0.16149 0.78525 -0.24322 0.54603
1403638581.0778295994 5.33752 -11.55855 0.34653 0.16030 0.78629 -0.24141 0.54569
1403638581.1778295040 5.36961 -11.60773 0.35694 0.16286 0.78623 -0.23986 0.54569
1403638581.2778294086 5.39992 -11.65388 0.36891 0.16695 0.78631 -0.23958 0.54446
1403638581.3778295517 5.42903 -11.69232 0.38706 0.17037 0.78506 -0.24075 0.54469
1403638581.4778294563 5.45732 -11.73236 0.40190 0.17312 0.78293 -0.24243 0.54615
1403638581.5778295994 5.48120 -11.75521 0.43395 0.17634 0.78233 -0.24451 0.54505
1403638581.6778295040 5.50909 -11.78647 0.45595 0.18148 0.77822 -0.24446 0.54926
1403638581.7778294086 5.52890 -11.79984 0.48175 0.18370 0.77459 -0.24605 0.55292
1403638581.8778295517 5.55388 -11.82018 0.49597 0.18670 0.77151 -0.24604 0.55621
1403638581.9778294563 5.58313 -11.84690 0.50056 0.19059 0.76398 -0.24436 0.56595
1403638582.0778295994 5.60868 -11.86667 0.50789 0.18933 0.76576 -0.24616 0.56318
1403638582.1778295040 5.63456 -11.88595 0.52170 0.18525 0.77313 -0.24947 0.55291
1403638582.2778294086 5.65874 -11.90123 0.54482 0.18565 0.77614 -0.24948 0.54854
1403638582.3778295517 5.68717 -11.91867 0.58002 0.18814 0.77292 -0.24724 0.55324
1403638582.4778294563 5.71183 -11.92764 0.62206 0.19026 0.77175 -0.24564 0.55486
1403638582.5778295994 5.73555 -11.93147 0.67659 0.19132 0.77115 -0.24458 0.55579
1403638582.6778295040 5.76253 -11.94100 0.73563 0.19104 0.77223 -0.24480 0.55429
1403638582.7778294086 5.78537 -11.93658 0.80769 0.18930 0.77379 -0.24661 0.55191
1403638582.8778295517 5.80723 -11.92857 0.88039 0.18975 0.77510 -0.24718 0.54966
1403638582.9778294563 5.82832 -11.91564 0.94663 0.18861 0.77728 -0.24880 0.54622
1403638583.0778295994 5.84883 -11.89993 1.00510 0.18769 0.77977 -0.25052 0.54219
1403638583.1778295040 5.87041 -11.88263 1.05570 0.18767 0.78135 -0.25127 0.53957
1403638583.2778294086 5.89448 -11.86491 1.10022 0.18643 0.78193 -0.25256 0.53856
1403638583.3778295517 5.92242 -11.84951 1.13016 0.18686 0.78160 -0.25208 0.53911
1403638583.4778294563 5.95221 -11.82838 1.16839 0.18706 0.78229 -0.25220 0.53798
1403638583.5778295994 5.98261 -11.80708 1.21197 0.18720 0.78227 -0.25210 0.53801
1403638583.6778295040 6.01403 -11.78362 1.26309 0.18889 0.78257 -0.25088 0.53755
1403638583.7778294086 6.04750 -11.75815 1.31483 0.18863 0.78227 -0.25090 0.53808
1403638583.8778295517 6.08191 -11.72323 1.33453 0.18946 0.78139 -0.25042 0.53928
1403638583.9778294563 6.12217 -11.69320 1.37240 0.18990 0.78141 -0.25013 0.53923
1403638584.0778295994 6.16111 -11.66021 1.40323 0.19285 0.77799 -0.24792 0.54412
1403638584.1778295040 6.19833 -11.62969 1.40920 0.19698 0.76905 -0.24440 0.55681
1403638584.2778294086 6.23397 -11.58822 1.43372 0.19923 0.76005 -0.24205 0.56924
1403638584.3778295517 6.25936 -11.54375 1.42263 0.20080 0.75727 -0.24074 0.57295
1403638584.4778294563 6.27116 -11.48603 1.40569 0.20149 0.75715 -0.24001 0.57317
1403638584.5778295994 6.28882 -11.42477 1.40953 0.20113 0.75734 -0.24010 0.57300
1403638584.6778295040 6.30329 -11.35795 1.42052 0.19883 0.75915 -0.24143 0.57085
1403638584.7778294086 6.29838 -11.28330 1.41006 0.19501 0.76594 -0.24365 0.56208
1403638584.8778295517 6.30827 -11.20529 1.43675 0.18867 0.77358 -0.24830 0.55165
1403638584.9778294563 6.29432 -11.12532 1.42549 0.18657 0.77713 -0.25017 0.54651
1403638585.0778295994 6.28748 -11.04274 1.41595 0.18612 0.77835 -0.25077 0.54465
1403638585.1778295040 6.29356 -10.96213 1.42284 0.18372 0.77817 -0.25239 0.54497
1403638585.2778294086 6.27855 -10.88526 1.39600 0.18461 0.77629 -0.25146 0.54778
1403638585.3778295517 6.28263 -10.80466 1.38922 0.18518 0.77422 -0.25073 0.55084
1403638585.4778294563 6.27339 -10.72955 1.37277 0.18487 0.77446 -0.25080 0.55057
1403638585.5778295994 6.27755 -10.64889 1.37093 0.18397 0.77630 -0.25093 0.54822
1403638585.6778295040 6.27284 -10.57270 1.37144 0.18371 0.77887 -0.25076 0.54473
1403638585.7778294086 6.27879 -10.48994 1.38605 0.18052 0.78389 -0.25293 0.53755
1403638585.8778295517 6.27837 -10.41149 1.40824 0.17787 0.78771 -0.25473 0.53197
1403638585.9778294563 6.28425 -10.33278 1.44040 0.17602 0.78758 -0.25673 0.53181
1403638586.0778295994 6.29199 -10.25785 1.47482 0.17791 0.78342 -0.25597 0.53766
1403638586.1778295040 6.30976 -10.18215 1.50101 0.17980 0.78062 -0.25549 0.54133
1403638586.2778294086 6.31774 -10.10450 1.52319 0.18205 0.77798 -0.25430 0.54492
1403638586.3778295517 6.33485 -10.02972 1.53928 0.18792 0.77492 -0.25070 0.54894
1403638586.4778294563 6.33957 -9.94628 1.55065 0.19599 0.77317 -0.24571 0.55084
1403638586.5778295994 6.35412 -9.86703 1.55526 0.19822 0.77245 -0.24455 0.55156
1403638586.6778295040 6.35720 -9.77770 1.55275 0.19535 0.77323 -0.24667 0.55055
1403638586.7778294086 6.37124 -9.69496 1.54451 0.19127 0.77288 -0.24940 0.55124
1403638586.8778295517 6.37516 -9.60565 1.53125 0.18904 0.77173 -0.25024 0.55325
1403638586.9778294563 6.38588 -9.51967 1.51250 0.18926 0.77148 -0.24997 0.55364
1403638587.0778295994 6.38841 -9.42810 1.49289 0.18846 0.77124 -0.25045 0.55402
1403638587.1778295040 6.39725 -9.33744 1.47735 0.18802 0.77246 -0.25043 0.55249
1403638587.2778294086 6.40117 -9.24516 1.46955 0.18723 0.77413 -0.25055 0.55035
1403638587.3778295517 6.40694 -9.15158 1.46841 0.18661 0.77573 -0.25091 0.54814
1403638587.4778294563 6.41234 -9.05674 1.46884 0.18478 0.77579 -0.25267 0.54787
1403638587.5778295994 6.41861 -8.95931 1.46956 0.18399 0.77584 -0.25366 0.54761
1403638587.6778295040 6.42737 -8.86424 1.46171 0.18381 0.77542 -0.25419 0.54802
1403638587.7778294086 6.43379 -8.76937 1.45025 0.18376 0.77504 -0.25460 0.54838
1403638587.8778295517 6.44267 -8.67622 1.43299 0.18292 0.77466 -0.25545 0.54881
1403638587.9778294563 6.44839 -8.58144 1.41345 0.18271 0.77426 -0.25595 0.54921
1403638588.0778295994 6.45575 -8.49444 1.38776 0.18374 0.77384 -0.25476 0.55001
1403638588.1778295040 6.45905 -8.40333 1.35989 0.19033 0.77466 -0.25036 0.54863
1403638588.2778294086 6.46390 -8.31634 1.33099 0.19304 0.77549 -0.24787 0.54764
1403638588.3778295517 6.46846 -8.22014 1.31068 0.19367 0.77585 -0.24716 0.54723
1403638588.4778294563 6.47598 -8.12525 1.29690 0.19190 0.77580 -0.24815 0.54747
1403638588.5778295994 6.48081 -8.02311 1.29270 0.18949 0.77508 -0.24979 0.54860
1403638588.6778295040 6.48421 -7.92342 1.29540 0.18707 0.77431 -0.25106 0.54993
1403638588.7778294086 6.48766 -7.81627 1.30531 0.18558 0.77280 -0.25246 0.55191
1403638588.8778295517 6.49147 -7.71560 1.31145 0.18308 0.77226 -0.25473 0.55246
1403638588.9778294563 6.49191 -7.61118 1.31048 0.18335 0.77218 -0.25502 0.55234
1403638589.0778295994 6.49367 -7.51161 1.30260 0.18376 0.77244 -0.25529 0.55172
1403638589.1778295040 6.49287 -7.40428 1.28708 0.18539 0.77219 -0.25461 0.55183
1403638589.2778294086 6.49411 -7.30665 1.27110 0.18505 0.77122 -0.25472 0.55326
1403638589.3778295517 6.49072 -7.19912 1.25103 0.18526 0.77102 -0.25454 0.55355
1403638589.4778294563 6.48966 -7.09940 1.23843 0.18487 0.77191 -0.25514 0.55216
1403638589.5778295994 6.48338 -6.99142 1.22937 0.18423 0.77186 -0.25554 0.55227
1403638589.6778295040 6.48362 -6.89265 1.23200 0.18378 0.77251 -0.25558 0.55148
1403638589.7778294086 6.47705 -6.78693 1.23883 0.18415 0.77405 -0.25598 0.54900
1403638589.8778295517 6.47206 -6.68770 1.25046 0.18411 0.77464 -0.25694 0.54774
1403638589.9778294563 6.46492 -6.58254 1.24962 0.18451 0.77463 -0.25740 0.54741
1403638590.0778295994 6.45792 -6.48428 1.25066 0.18407 0.77462 -0.25817 0.54720
1403638590.1778295040 6.45066 -6.37994 1.24117 0.18471 0.77356 -0.25847 0.54835
1403638590.2778294086 6.44451 -6.28709 1.23398 0.18431 0.77286 -0.25903 0.54920
1403638590.3778295517 6.43602 -6.18438 1.21646 0.18454 0.77316 -0.25948 0.54849
1403638590.4778294563 6.42902 -6.09306 1.20000 0.18452 0.77381 -0.25969 0.54748
1403638590.5778295994 6.41850 -5.99242 1.18154 0.18345 0.77487 -0.26038 0.54600
1403638590.6778295040 6.41092 -5.90465 1.17224 0.18144 0.77664 -0.26132 0.54371
1403638590.7778294086 6.40156 -5.80794 1.17097 0.18068 0.77744 -0.26179 0.54259
1403638590.8778295517 6.39353 -5.72203 1.17660 0.18078 0.77833 -0.26171 0.54132
1403638590.9778294563 6.38537 -5.62821 1.18930 0.17949 0.77890 -0.26261 0.54049
1403638591.0778295994 6.37473 -5.53329 1.20429 0.17807 0.77977 -0.26397 0.53904
1403638591.1778295040 6.36854 -5.44075 1.21469 0.17717 0.78396 -0.26520 0.53262
1403638591.2778294086 6.36128 -5.35003 1.21568 0.17466 0.78979 -0.26738 0.52367
1403638591.3778295517 6.35908 -5.26834 1.21303 0.17130 0.79408 -0.26992 0.51695
1403638591.4778294563 6.36298 -5.19042 1.20569 0.16861 0.79679 -0.27206 0.51251
1403638591.5778295994 6.37307 -5.11891 1.19258 0.16589 0.79951 -0.27436 0.50792
1403638591.6778295040 6.38925 -5.05685 1.17569 0.16454 0.79977 -0.27548 0.50735
1403638591.7778294086 6.41212 -5.00403 1.15908 0.16626 0.79791 -0.27442 0.51028
1403638591.8778295517 6.44314 -4.96702 1.14427 0.16713 0.79565 -0.27352 0.51400
1403638591.9778294563 6.47920 -4.93963 1.13728 0.16776 0.79308 -0.27272 0.51818
1403638592.0778295994 6.51946 -4.92296 1.13888 0.16803 0.79057 -0.27154 0.52252
1403638592.1778295040 6.56474 -4.90408 1.14984 0.16600 0.78776 -0.26966 0.52836
1403638592.2778294086 6.61198 -4.89808 1.17286 0.16083 0.78234 -0.26421 0.54061
1403638592.3778295517 6.65939 -4.89015 1.20487 0.15181 0.77981 -0.25533 0.55105
1403638592.4778294563 6.70491 -4.88199 1.24375 0.14006 0.78235 -0.24147 0.55678
1403638592.5778295994 6.74685 -4.87800 1.28816 0.13226 0.78977 -0.22725 0.55419
1403638592.6778295040 6.78611 -4.87744 1.33807 0.12567 0.79727 -0.21598 0.54947
1403638592.7778294086 6.82491 -4.88018 1.38704 0.12051 0.80437 -0.20843 0.54317
1403638592.8778295517 6.86386 -4.88675 1.43084 0.11639 0.80942 -0.20377 0.53830
1403638592.9778294563 6.90475 -4.89628 1.46941 0.11570 0.81195 -0.20006 0.53603
1403638593.0778295994 6.95056 -4.91162 1.50159 0.11464 0.81271 -0.19874 0.53559
1403638593.1778295040 6.99967 -4.93024 1.53635 0.11474 0.81101 -0.19781 0.53848
1403638593.2778294086 7.05390 -4.95419 1.57514 0.12149 0.80776 -0.19399 0.54327
1403638593.3778295517 7.10918 -4.97950 1.62150 0.13049 0.80437 -0.18885 0.54799
1403638593.4778294563 7.16431 -5.00408 1.66507 0.13870 0.79974 -0.18487 0.55408
1403638593.5778295994 7.22101 -5.02657 1.70191 0.14329 0.79689 -0.18357 0.55744
1403638593.6778295040 7.27814 -5.04545 1.73195 0.14598 0.79566 -0.18326 0.55860
1403638593.7778294086 7.33592 -5.06074 1.75714 0.14730 0.79232 -0.18357 0.56288
1403638593.8778295517 7.39255 -5.07196 1.78128 0.14306 0.78189 -0.18357 0.57834
1403638593.9778294563 7.44433 -5.07714 1.81122 0.13654 0.77851 -0.18045 0.58542
1403638594.0778295994 7.48921 -5.07910 1.84415 0.12826 0.78409 -0.17845 0.58043
1403638594.1778295040 7.52776 -5.07913 1.88145 0.12606 0.79024 -0.17387 0.57394
1403638594.2778294086 7.56213 -5.07757 1.91721 0.12644 0.79268 -0.16909 0.57190
1403638594.3778295517 7.59332 -5.07299 1.94836 0.12894 0.79172 -0.16419 0.57410
1403638594.4778294563 7.61940 -5.06461 1.98563 0.13265 0.79041 -0.15873 0.57659
1403638594.5778295994 7.64311 -5.05153 2.02549 0.12709 0.79069 -0.16065 0.57693
1403638594.6778295040 7.65968 -5.03411 2.07457 0.12143 0.79124 -0.16388 0.57649
1403638594.7778294086 7.67668 -5.01668 2.11661 0.11931 0.79195 -0.16591 0.57538
1403638594.8778295517 7.68443 -4.99573 2.15603 0.11804 0.79196 -0.16759 0.57514
1403638594.9778294563 7.69582 -4.97546 2.18425 0.11919 0.79378 -0.16814 0.57222
1403638595.0778295994 7.70489 -4.95362 2.20728 0.11788 0.79495 -0.16996 0.57033
1403638595.1778295040 7.71268 -4.93155 2.22442 0.11779 0.79542 -0.17122 0.56931
1403638595.2778294086 7.71917 -4.90929 2.23581 0.11839 0.79586 -0.17152 0.56849
1403638595.3778295517 7.71643 -4.88167 2.24730 0.11831 0.79547 -0.17229 0.56880
1403638595.4778294563 7.71885 -4.85940 2.24590 0.11842 0.79581 -0.17253 0.56825
1403638595.5778295994 7.71976 -4.83644 2.24357 0.11850 0.79660 -0.17224 0.56721
1403638595.6778295040 7.71881 -4.81268 2.24616 0.12093 0.79665 -0.17058 0.56712
1403638595.7778294086 7.71690 -4.78692 2.25354 0.12526 0.79763 -0.16766 0.56567
1403638595.8778295517 7.71557 -4.75975 2.25844 0.12659 0.79804 -0.16703 0.56499
1403638595.9778294563 7.71383 -4.73193 2.24974 0.12902 0.79777 -0.16559 0.56525
1403638596.0778295994 7.70792 -4.69881 2.23341 0.13656 0.79848 -0.16077 0.56385
1403638596.1778295040 7.70641 -4.66530 2.21249 0.14784 0.79997 -0.15291 0.56107
1403638596.2778294086 7.70548 -4.62356 2.19846 0.15959 0.80174 -0.14427 0.55762
1403638596.3778295517 7.70314 -4.57065 2.19559 0.16897 0.80191 -0.13676 0.55649
1403638596.4778294563 7.70686 -4.50915 2.19851 0.17449 0.80163 -0.13194 0.55636
1403638596.5778295994 7.71421 -4.43511 2.21260 0.18127 0.80242 -0.12654 0.55430
1403638596.6778295040 7.72694 -4.34662 2.23233 0.18889 0.80272 -0.12054 0.55266
1403638596.7778294086 7.74593 -4.24197 2.25945 0.19282 0.80285 -0.11717 0.55184
1403638596.8778295517 7.77067 -4.12214 2.29543 0.19641 0.80224 -0.11433 0.55205
1403638596.9778294563 7.79860 -3.98404 2.33080 0.19821 0.80097 -0.11341 0.55344
1403638597.0778295994 7.83126 -3.83359 2.36315 0.20097 0.80012 -0.11237 0.55389
1403638597.1778295040 7.86800 -3.66734 2.38978 0.20329 0.79830 -0.11212 0.55572
1403638597.2778294086 7.90698 -3.48447 2.40914 0.20083 0.79560 -0.11517 0.55984
1403638597.3778295517 7.94950 -3.28645 2.42179 0.19603 0.79385 -0.12000 0.56300
1403638597.4778294563 7.99427 -3.07297 2.43226 0.18743 0.79059 -0.12703 0.56895
1403638597.5778295994 8.03803 -2.84847 2.43762 0.17469 0.78596 -0.13653 0.57716
1403638597.6778295040 8.07913 -2.61527 2.43824 0.17029 0.78362 -0.14057 0.58067
1403638597.7778294086 8.11682 -2.37455 2.43359 0.17447 0.78541 -0.13548 0.57821
1403638597.8778295517 8.15204 -2.12543 2.42436 0.17867 0.78805 -0.12415 0.57588
1403638597.9778294563 8.18503 -1.86682 2.41199 0.17979 0.78973 -0.11500 0.57514
1403638598.0778295994 8.21941 -1.59680 2.40406 0.17295 0.78995 -0.11248 0.57743
1403638598.1778295040 8.25190 -1.31492 2.40219 0.15134 0.79147 -0.12166 0.57954
1403638598.2778294086 8.28184 -1.02660 2.40490 0.13388 0.79340 -0.13010 0.57936
1403638598.3778295517 8.31089 -0.73775 2.40569 0.12297 0.79523 -0.13540 0.57806
1403638598.4778294563 8.33942 -0.45021 2.40046 0.11876 0.79756 -0.13717 0.57530
1403638598.5778295994 8.36545 -0.16418 2.38728 0.11382 0.79963 -0.13518 0.57391
1403638598.6778295040 8.38985 0.12012 2.36857 0.10950 0.80205 -0.12664 0.57332
1403638598.7778294086 8.41222 0.40155 2.35107 0.10109 0.80437 -0.11578 0.57390
1403638598.8778295517 8.43197 0.68034 2.34023 0.09186 0.80556 -0.10128 0.57653
1403638598.9778294563 8.44795 0.95558 2.33276 0.08189 0.80820 -0.08482 0.57698
1403638599.0778295994 8.46273 1.22885 2.32961 0.06979 0.80978 -0.06808 0.57858
1403638599.1778295040 8.47545 1.50087 2.33219 0.05777 0.81127 -0.05037 0.57963
1403638599.2778294086 8.48516 1.77063 2.33901 0.04677 0.81340 -0.03128 0.57897
1403638599.3778295517 8.49284 2.03879 2.35315 0.03424 0.81678 -0.01390 0.57577
1403638599.4778294563 8.49824 2.30526 2.37243 0.02513 0.81903 -0.00046 0.57319
1403638599.5778295994 8.50289 2.57094 2.39015 0.01959 0.82140 0.00813 0.56996
1403638599.6778295040 8.50725 2.83574 2.39935 0.01597 0.82289 0.01279 0.56783
1403638599.7778294086 8.51312 3.09983 2.40008 0.01473 0.82302 0.01389 0.56765
1403638599.8778295517 8.52225 3.36199 2.39417 0.01283 0.82432 0.01146 0.56586
1403638599.9778294563 8.53314 3.62175 2.38423 0.00908 0.82450 0.00589 0.56575
1403638600.0778295994 8.54863 3.87957 2.37041 0.00273 0.82563 -0.00191 0.56420
1403638600.1778295040 8.56722 4.13138 2.35284 -0.00933 0.82733 -0.01366 0.56148
1403638600.2778294086 8.58747 4.37583 2.32956 -0.01925 0.82940 -0.02433 0.55780
1403638600.3778295517 8.61176 4.60987 2.30517 -0.02678 0.83079 -0.03295 0.55497
1403638600.4778294563 8.64033 4.83072 2.28764 -0.03297 0.83193 -0.03945 0.55250
1403638600.5778295994 8.67406 5.03576 2.28082 -0.03089 0.83250 -0.04010 0.55171
1403638600.6778295040 8.71136 5.22560 2.28172 -0.03372 0.83398 -0.04309 0.54907
1403638600.7778294086 8.75386 5.40154 2.28955 -0.03341 0.83771 -0.04293 0.54341
1403638600.8778295517 8.80346 5.56143 2.30284 -0.02248 0.84156 -0.03411 0.53862
1403638600.9778294563 8.85865 5.70923 2.31315 -0.00578 0.84373 -0.02060 0.53634
1403638601.0778295994 8.92010 5.84805 2.31832 0.00330 0.84416 -0.01252 0.53594
1403638601.1778295040 8.98937 5.98281 2.31918 0.01115 0.84280 -0.00606 0.53807
1403638601.2778294086 9.06643 6.11684 2.31645 0.02056 0.83643 0.00151 0.54769
1403638601.3778295517 9.14855 6.25086 2.31252 0.01781 0.83139 0.00542 0.55538
1403638601.4778294563 9.23430 6.38875 2.31237 0.00475 0.82701 0.01014 0.56208
1403638601.5778295994 9.32129 6.52879 2.32034 -0.00600 0.82229 0.02448 0.56851
1403638601.6778295040 9.40864 6.66748 2.33336 -0.01717 0.81980 0.04459 0.57065
1403638601.7778294086 9.49437 6.80652 2.35347 -0.02975 0.81704 0.07012 0.57152
1403638601.8778295517 9.57767 6.94591 2.38185 -0.04360 0.81217 0.09922 0.57327
1403638601.9778294563 9.65709 7.08704 2.41137 -0.05842 0.80913 0.12267 0.57171
1403638602.0778295994 9.73414 7.22915 2.43494 -0.06993 0.80757 0.13963 0.56873
1403638602.1778295040 9.80729 7.37316 2.45217 -0.07581 0.80294 0.15531 0.57046
1403638602.2778294086 9.87650 7.52023 2.46480 -0.08336 0.79600 0.17279 0.57409
1403638602.3778295517 9.94090 7.67112 2.47747 -0.10578 0.78503 0.18536 0.58153
1403638602.4778294563 9.99777 7.82301 2.50053 -0.14060 0.76310 0.19184 0.60093
1403638602.5778295994 10.04301 7.96805 2.53126 -0.17571 0.74154 0.19682 0.61685
1403638602.6778295040 10.07433 8.09880 2.56723 -0.19635 0.73138 0.21023 0.61833
1403638602.7778294086 10.08822 8.21261 2.60797 -0.20733 0.72718 0.22985 0.61270
1403638602.8778295517 10.08275 8.30812 2.65290 -0.21840 0.72390 0.24944 0.60502
1403638602.9778294563 10.06244 8.38958 2.70053 -0.23797 0.72415 0.26475 0.59066
1403638603.0778295994 10.03310 8.45703 2.74502 -0.25675 0.71928 0.27938 0.58194
1403638603.1778295040 9.99849 8.51074 2.78282 -0.26891 0.71207 0.29370 0.57826
1403638603.2778294086 9.95687 8.54881 2.80823 -0.26716 0.71954 0.31075 0.56064
1403638603.3778295517 9.91022 8.57493 2.82398 -0.26041 0.73236 0.32503 0.53869
1403638603.4778294563 9.86236 8.59592 2.83522 -0.25695 0.74076 0.33213 0.52435
1403638603.5778295994 9.81647 8.61541 2.84383 -0.25825 0.73860 0.33641 0.52402
1403638603.6778295040 9.76905 8.63217 2.84804 -0.26033 0.73088 0.33886 0.53219
1403638603.7778294086 9.72321 8.64362 2.84402 -0.25406 0.72222 0.34524 0.54283
1403638603.8778295517 9.66911 8.64927 2.83487 -0.24743 0.71452 0.35026 0.55278
1403638603.9778294563 9.60862 8.65364 2.82024 -0.24237 0.70772 0.35309 0.56189
1403638604.0778295994 9.54189 8.65577 2.79859 -0.23635 0.70426 0.35579 0.56707
1403638604.1778295040 9.46291 8.65767 2.78188 -0.23511 0.70369 0.35663 0.56777
1403638604.2778294086 9.37460 8.65284 2.77209 -0.24154 0.70765 0.35286 0.56248
1403638604.3778295517 9.27419 8.64482 2.76915 -0.24695 0.71534 0.34972 0.55226
1403638604.4778294563 9.16789 8.63197 2.77322 -0.24483 0.72322 0.35129 0.54186
1403638604.5778295994 9.05920 8.61689 2.78287 -0.24290 0.72789 0.35257 0.53560
1403638604.6778295040 8.94775 8.60048 2.78791 -0.24556 0.73114 0.35095 0.53101
1403638604.7778294086 8.83618 8.58219 2.78784 -0.24968 0.73313 0.34826 0.52810
1403638604.8778295517 8.72513 8.56165 2.78743 -0.25074 0.73633 0.34761 0.52356
1403638604.9778294563 8.61648 8.53832 2.79047 -0.24834 0.74233 0.34939 0.51497
1403638605.0778295994 8.51006 8.51330 2.80131 -0.24582 0.74876 0.35136 0.50544
1403638605.1778295040 8.40754 8.48944 2.82050 -0.24335 0.75271 0.35338 0.49933
1403638605.2778294086 8.31002 8.47195 2.84116 -0.23951 0.75354 0.35606 0.49803
1403638605.3778295517 8.21616 8.45951 2.85648 -0.23340 0.74888 0.36032 0.50486
1403638605.4778294563 8.12612 8.45358 2.86844 -0.22609 0.73882 0.36585 0.51883
1403638605.5778295994 8.03239 8.44988 2.87154 -0.22052 0.73047 0.37005 0.52994
1403638605.6778295040 7.93612 8.45034 2.87000 -0.21598 0.72471 0.37334 0.53737
1403638605.7778294086 7.83277 8.45547 2.87208 -0.21440 0.72380 0.37443 0.53847
1403638605.8778295517 7.72629 8.46699 2.88597 -0.21162 0.72375 0.37606 0.53850
1403638605.9778294563 7.61231 8.48559 2.90316 -0.20757 0.72304 0.37797 0.53969
1403638606.0778295994 7.49241 8.50949 2.92108 -0.20496 0.72317 0.37868 0.54001
1403638606.1778295040 7.36384 8.53832 2.92847 -0.20155 0.72296 0.38022 0.54050
1403638606.2778294086 7.23074 8.57406 2.93293 -0.19941 0.72419 0.38056 0.53941
1403638606.3778295517 7.08955 8.61561 2.92493 -0.20502 0.73271 0.37575 0.52907
1403638606.4778294563 6.94311 8.66225 2.91257 -0.21321 0.74292 0.36908 0.51614
1403638606.5778295994 6.79657 8.71425 2.89471 -0.22022 0.75147 0.36445 0.50396
1403638606.6778295040 6.65226 8.77315 2.87307 -0.22573 0.75461 0.36656 0.49522
1403638606.7778294086 6.51246 8.83882 2.84702 -0.23059 0.75453 0.37574 0.48615
1403638606.8778295517 6.37893 8.91101 2.81916 -0.23922 0.75089 0.38841 0.47757
1403638606.9778294563 6.25280 8.99143 2.79633 -0.25021 0.74367 0.40390 0.47034
1403638607.0778295994 6.13450 9.07891 2.78390 -0.26427 0.73494 0.41832 0.46371
1403638607.1778295040 6.02525 9.17357 2.77924 -0.28073 0.72525 0.42536 0.46290
1403638607.2778294086 5.92347 9.27218 2.77430 -0.29455 0.71170 0.42977 0.47119
1403638607.3778295517 5.82514 9.37260 2.76085 -0.30728 0.70324 0.42982 0.47569
1403638607.4778294563 5.73145 9.47272 2.73834 -0.31311 0.70014 0.43097 0.47542
1403638607.5778295994 5.64224 9.56972 2.70858 -0.31509 0.69910 0.43232 0.47442
1403638607.6778295040 5.55643 9.66401 2.67599 -0.31671 0.69739 0.43232 0.47585
1403638607.7778294086 5.47649 9.75651 2.64063 -0.31513 0.69594 0.43278 0.47860
1403638607.8778295517 5.39799 9.84771 2.60131 -0.31623 0.69820 0.43068 0.47648
1403638607.9778294563 5.32655 9.93561 2.55797 -0.31843 0.70262 0.42729 0.47154
1403638608.0778295994 5.25972 10.02314 2.51052 -0.31912 0.70140 0.42473 0.47519
1403638608.1778295040 5.19753 10.10671 2.45822 -0.31524 0.69839 0.42513 0.48181
1403638608.2778294086 5.13987 10.18521 2.40161 -0.31393 0.69379 0.42446 0.48984
1403638608.3778295517 5.08375 10.25998 2.34031 -0.31421 0.68799 0.42328 0.49878
1403638608.4778294563 5.02701 10.33097 2.27396 -0.31433 0.68788 0.42288 0.49918
1403638608.5778295994 4.97139 10.39581 2.20192 -0.31257 0.68939 0.42357 0.49762
1403638608.6778295040 4.91541 10.45680 2.13349 -0.31806 0.68664 0.41963 0.50127
1403638608.7778294086 4.85915 10.50971 2.06896 -0.31855 0.68676 0.41936 0.50103
1403638608.8778295517 4.80415 10.55558 2.00953 -0.31731 0.69016 0.42072 0.49598
1403638608.9778294563 4.74880 10.59655 1.95858 -0.31644 0.69425 0.42158 0.49005
1403638609.0778295994 4.69567 10.63372 1.91352 -0.31588 0.69697 0.42210 0.48609
1403638609.1778295040 4.64426 10.66636 1.87530 -0.31781 0.69740 0.42074 0.48539
1403638609.2778294086 4.59482 10.69559 1.83637 -0.32578 0.69749 0.41501 0.48491
1403638609.3778295517 4.55003 10.72134 1.79011 -0.32461 0.69775 0.41549 0.48492
1403638609.4778294563 4.50822 10.74332 1.73693 -0.32094 0.69780 0.41764 0.48543
1403638609.5778295994 4.46998 10.75922 1.67782 -0.31749 0.69779 0.41961 0.48602
1403638609.6778295040 4.43341 10.77832 1.61193 -0.31541 0.69683 0.42110 0.48745
1403638609.7778294086 4.40057 10.78909 1.54748 -0.31421 0.69694 0.42186 0.48742
1403638609.8778295517 4.37039 10.80351 1.48885 -0.31473 0.69716 0.42157 0.48703
1403638609.9778294563 4.34206 10.80920 1.43940 -0.31565 0.69668 0.42075 0.48783
1403638610.0778295994 4.31969 10.81466 1.39903 -0.31910 0.69442 0.41825 0.49095
1403638610.1778295040 4.29688 10.81505 1.36209 -0.32019 0.69135 0.41739 0.49528
1403638610.2778294086 4.27501 10.81078 1.32094 -0.32259 0.69006 0.41539 0.49719
1403638610.3778295517 4.25428 10.80103 1.27296 -0.32345 0.68969 0.41473 0.49770
1403638610.4778294563 4.23708 10.78450 1.22113 -0.32371 0.68803 0.41425 0.50023
1403638610.5778295994 4.21726 10.76441 1.16436 -0.32650 0.68281 0.41204 0.50734
1403638610.6778295040 4.19614 10.73595 1.10684 -0.33092 0.67774 0.40884 0.51381
1403638610.7778294086 4.17203 10.69909 1.05140 -0.32849 0.68307 0.41151 0.50612
1403638610.8778295517 4.14798 10.65670 1.00466 -0.32473 0.68945 0.41543 0.49662
1403638610.9778294563 4.12609 10.60981 0.96413 -0.32536 0.68982 0.41570 0.49546
1403638611.0778295994 4.10510 10.55799 0.92220 -0.32850 0.68698 0.41383 0.49889
1403638611.1778295040 4.08670 10.50149 0.87645 -0.32985 0.68602 0.41399 0.49918
1403638611.2778294086 4.06865 10.43839 0.83003 -0.32931 0.68564 0.41496 0.49927
1403638611.3778295517 4.05031 10.36733 0.78787 -0.32291 0.68325 0.41942 0.50298
1403638611.4778294563 4.02676 10.29208 0.74900 -0.31060 0.67903 0.42729 0.50978
1403638611.5778295994 4.00339 10.21566 0.72034 -0.30174 0.67864 0.43252 0.51120
1403638611.6778295040 3.97012 10.13481 0.69404 -0.29999 0.68106 0.43285 0.50873
1403638611.7778294086 3.93562 10.05389 0.66784 -0.30565 0.68685 0.42852 0.50118
1403638611.8778295517 3.90208 9.97311 0.63829 -0.31090 0.69246 0.42411 0.49393
1403638611.9778294563 3.86723 9.89207 0.60396 -0.31356 0.69586 0.42147 0.48972
1403638612.0778295994 3.83409 9.81153 0.57142 -0.31296 0.69782 0.42117 0.48756
1403638612.1778295040 3.80359 9.72893 0.54505 -0.31438 0.69906 0.41959 0.48623
1403638612.2778294086 3.77644 9.64944 0.52838 -0.31489 0.69909 0.41890 0.48646
1403638612.3778295517 3.75216 9.56713 0.51601 -0.31325 0.69864 0.41949 0.48765
1403638612.4778294563 3.72888 9.48314 0.50028 -0.31260 0.69744 0.41875 0.49042
1403638612.5778295994 3.70726 9.39881 0.47900 -0.30968 0.69527 0.41931 0.49485
1403638612.6778295040 3.68511 9.31419 0.45041 -0.30384 0.69337 0.42174 0.49906
1403638612.7778294086 3.66075 9.22824 0.41416 -0.30094 0.69245 0.42155 0.50223
1403638612.8778295517 3.63552 9.14382 0.38099 -0.30110 0.69131 0.41926 0.50561
1403638612.9778294563 3.60411 9.05424 0.34797 -0.30202 0.69191 0.41715 0.50599
1403638613.0778295994 3.57400 8.97053 0.32687 -0.30262 0.69472 0.41598 0.50274
1403638613.1778295040 3.54061 8.88480 0.31287 -0.30216 0.69715 0.41570 0.49988
1403638613.2778294086 3.50428 8.79560 0.30461 -0.30133 0.69760 0.41589 0.49959
1403638613.3778295517 3.46914 8.71031 0.30406 -0.30058 0.69717 0.41638 0.50023
1403638613.4778294563 3.43081 8.61870 0.30000 -0.30124 0.69660 0.41530 0.50152
1403638613.5778295994 3.39380 8.53338 0.29108 -0.30045 0.69790 0.41095 0.50378
1403638613.6778295040 3.35538 8.44807 0.27622 -0.30431 0.69856 0.40421 0.50599
1403638613.7778294086 3.31407 8.35560 0.25319 -0.30811 0.69722 0.39655 0.51156
1403638613.8778295517 3.27490 8.26470 0.22290 -0.30501 0.69942 0.38843 0.51663
1403638613.9778294563 3.23335 8.16344 0.18772 -0.29733 0.70539 0.37847 0.52036
1403638614.0778295994 3.19260 8.06148 0.14955 -0.28536 0.71342 0.36658 0.52462
1403638614.1778295040 3.14929 7.95436 0.11114 -0.27065 0.72364 0.35358 0.52732
1403638614.2778294086 3.10377 7.84311 0.07761 -0.25964 0.73249 0.34001 0.52956
1403638614.3778295517 3.05675 7.73226 0.04971 -0.25103 0.73914 0.33049 0.53050
1403638614.4778294563 3.00868 7.62304 0.03115 -0.24753 0.74383 0.32150 0.53111
1403638614.5778295994 2.96019 7.51120 0.02081 -0.24360 0.74829 0.31311 0.53168
1403638614.6778295040 2.91495 7.40144 0.01846 -0.24053 0.75347 0.30105 0.53273
1403638614.7778294086 2.87323 7.29214 0.02839 -0.23870 0.76334 0.28439 0.52865
1403638614.8778295517 2.83478 7.18250 0.04812 -0.23108 0.77446 0.26675 0.52503
1403638614.9778294563 2.80330 7.07255 0.07491 -0.21791 0.78366 0.24753 0.52642
1403638615.0778295994 2.77879 6.96026 0.10637 -0.19979 0.79099 0.22668 0.53200
1403638615.1778295040 2.76067 6.84620 0.14298 -0.17827 0.79437 0.20451 0.54349
1403638615.2778294086 2.74608 6.72887 0.18300 -0.15318 0.79664 0.18305 0.55533
1403638615.3778295517 2.73192 6.61191 0.21895 -0.13175 0.80020 0.15759 0.56346
1403638615.4778294563 2.71781 6.49368 0.24858 -0.11144 0.80315 0.13167 0.57025
1403638615.5778295994 2.70190 6.37397 0.27068 -0.09432 0.80636 0.10729 0.57391
1403638615.6778295040 2.68481 6.25439 0.28838 -0.08109 0.80837 0.08995 0.57609
1403638615.7778294086 2.66712 6.13766 0.31176 -0.07338 0.80961 0.07747 0.57719
1403638615.8778295517 2.64718 6.02189 0.34271 -0.06817 0.81079 0.06566 0.57763
1403638615.9778294563 2.62741 5.90657 0.37184 -0.06097 0.81231 0.05375 0.57754
1403638616.0778295994 2.60661 5.78971 0.39447 -0.05208 0.81287 0.04150 0.57863
1403638616.1778295040 2.58488 5.67197 0.40419 -0.04233 0.81400 0.02742 0.57867
1403638616.2778294086 2.56276 5.55380 0.39680 -0.03171 0.81491 0.00923 0.57864
1403638616.3778295517 2.54000 5.43344 0.37498 -0.01850 0.81552 -0.01006 0.57835
1403638616.4778294563 2.51661 5.31199 0.34574 -0.00798 0.81593 -0.02797 0.57742
1403638616.5778295994 2.49285 5.19151 0.31300 0.00136 0.81752 -0.04049 0.57447
1403638616.6778295040 2.46957 5.07151 0.27637 0.00713 0.82210 -0.05018 0.56708
1403638616.7778294086 2.44758 4.95153 0.23524 0.00404 0.83048 -0.06051 0.55373
1403638616.8778295517 2.43145 4.83153 0.19372 0.00013 0.83617 -0.06735 0.54431
1403638616.9778294563 2.42356 4.70760 0.16073 0.00542 0.83443 -0.06500 0.54724
1403638617.0778295994 2.42183 4.57845 0.13790 0.01110 0.83084 -0.05997 0.55316
1403638617.1778295040 2.42328 4.44689 0.12333 0.01714 0.82804 -0.05307 0.55789
1403638617.2778294086 2.42796 4.31441 0.11336 0.01876 0.83047 -0.04843 0.55463
1403638617.3778295517 2.43708 4.18239 0.10860 0.01835 0.83456 -0.04560 0.54873
1403638617.4778294563 2.45215 4.05374 0.11270 0.01805 0.83737 -0.04242 0.54468
1403638617.5778295994 2.47339 3.92736 0.12511 0.01789 0.83815 -0.03951 0.54371
1403638617.6778295040 2.50189 3.80475 0.14619 0.01903 0.83683 -0.03559 0.54597
1403638617.7778294086 2.53741 3.68635 0.17570 0.01929 0.83527 -0.03290 0.54851
1403638617.8778295517 2.57725 3.57177 0.21219 0.02036 0.83533 -0.02958 0.54857
1403638617.9778294563 2.62244 3.46213 0.25271 0.01843 0.83433 -0.02914 0.55019
1403638618.0778295994 2.67214 3.35476 0.28819 0.01774 0.83399 -0.02786 0.55078
1403638618.1778295040 2.72650 3.25114 0.31723 0.01541 0.83417 -0.02777 0.55059
1403638618.2778294086 2.78398 3.14851 0.33990 0.01591 0.83420 -0.02627 0.55060
1403638618.3778295517 2.84535 3.05163 0.35899 0.01577 0.83350 -0.02523 0.55171
1403638618.4778294563 2.91026 2.95524 0.37516 0.01555 0.83365 -0.02399 0.55155
1403638618.5778295994 2.97931 2.86305 0.38994 0.01674 0.83268 -0.02317 0.55302
1403638618.6778295040 3.05170 2.77115 0.40186 0.02064 0.83254 -0.02627 0.55296
1403638618.7778294086 3.12879 2.68457 0.41856 0.02323 0.83184 -0.02944 0.55375
1403638618.8778295517 3.20927 2.60119 0.44112 0.02629 0.83009 -0.03274 0.55605
1403638618.9778294563 3.29197 2.52058 0.46533 0.03235 0.82592 -0.04162 0.56132
1403638619.0778295994 3.37581 2.44141 0.48243 0.04428 0.82224 -0.05524 0.56472
1403638619.1778295040 3.46013 2.36428 0.49184 0.05787 0.81855 -0.07405 0.56669
1403638619.2778294086 3.54458 2.29067 0.49392 0.07187 0.81445 -0.09809 0.56735
1403638619.3778295517 3.62807 2.21999 0.48671 0.08806 0.80977 -0.12255 0.56700
1403638619.4778294563 3.71129 2.15269 0.47572 0.09865 0.80533 -0.14371 0.56662
1403638619.5778295994 3.79546 2.08814 0.46358 0.10518 0.80154 -0.15941 0.56662
1403638619.6778295040 3.87843 2.02548 0.44852 0.10149 0.79789 -0.17581 0.56759
1403638619.7778294086 3.95882 1.96247 0.43116 0.09790 0.79533 -0.18735 0.56812
1403638619.8778295517 4.03558 1.89720 0.41243 0.09760 0.79314 -0.19378 0.56908
1403638619.9778294563 4.10750 1.82978 0.38856 0.09896 0.79224 -0.19746 0.56883
1403638620.0778295994 4.17351 1.75863 0.36963 0.10112 0.78968 -0.19903 0.57146
1403638620.1778295040 4.23505 1.68460 0.35365 0.10578 0.78663 -0.19793 0.57520
1403638620.2778294086 4.28710 1.60887 0.34755 0.10851 0.78720 -0.19676 0.57431
1403638620.3778295517 4.33475 1.53154 0.34679 0.11123 0.78862 -0.19464 0.57256
1403638620.4778294563 4.37391 1.45462 0.35398 0.11230 0.78976 -0.19255 0.57149
1403638620.5778295994 4.41237 1.37530 0.35870 0.11189 0.79113 -0.19098 0.57019
1403638620.6778295040 4.44656 1.29629 0.35836 0.10899 0.79365 -0.19090 0.56727
1403638620.7778294086 4.47345 1.21809 0.35360 0.10543 0.79701 -0.19128 0.56310
1403638620.8778295517 4.50299 1.13557 0.34367 0.10863 0.80023 -0.18680 0.55941
1403638620.9778294563 4.53048 1.05409 0.33069 0.11321 0.80087 -0.18090 0.55952
1403638621.0778295994 4.55310 0.97418 0.31791 0.11697 0.79933 -0.17580 0.56257
1403638621.1778295040 4.57995 0.89287 0.30812 0.11567 0.79812 -0.17398 0.56512
1403638621.2778294086 4.60504 0.81450 0.30605 0.11598 0.79702 -0.17133 0.56741
1403638621.3778295517 4.63008 0.73726 0.30759 0.11766 0.79791 -0.16833 0.56671
1403638621.4778294563 4.65139 0.66624 0.30597 0.11831 0.79614 -0.16623 0.56967
1403638621.5778295994 4.67438 0.59454 0.29683 0.11830 0.79399 -0.16417 0.57327
1403638621.6778295040 4.69315 0.52846 0.28328 0.11796 0.79302 -0.16317 0.57496
1403638621.7778294086 4.70604 0.47007 0.26691 0.11897 0.79141 -0.16186 0.57733
1403638621.8778295517 4.71866 0.40988 0.24568 0.12085 0.78799 -0.16003 0.58212
1403638621.9778294563 4.72627 0.35730 0.22198 0.12134 0.78545 -0.15942 0.58561
1403638622.0778295994 4.72593 0.31634 0.19556 0.11998 0.78504 -0.16049 0.58614
1403638622.1778295040 4.72419 0.27097 0.16442 0.11680 0.78598 -0.16243 0.58499
1403638622.2778294086 4.71711 0.23150 0.13790 0.11402 0.78529 -0.16485 0.58578
1403638622.3778295517 4.70506 0.19494 0.11893 0.11469 0.78626 -0.16542 0.58419
1403638622.4778294563 4.68344 0.16934 0.11173 0.11840 0.78709 -0.16383 0.58278
1403638622.5778295994 4.66145 0.13633 0.10774 0.12186 0.78689 -0.16255 0.58270
1403638622.6778295040 4.63285 0.11821 0.11626 0.12590 0.78284 -0.16085 0.58774
1403638622.7778294086 4.60131 0.09513 0.13180 0.12875 0.77166 -0.15939 0.60213
1403638622.8778295517 4.56466 0.08314 0.15478 0.13054 0.76689 -0.15894 0.60793
1403638622.9778294563 4.51892 0.07603 0.17471 0.12906 0.77071 -0.16137 0.60275
1403638623.0778295994 4.46383 0.07282 0.18700 0.12537 0.77717 -0.16497 0.59420
1403638623.1778295040 4.40195 0.07561 0.19425 0.12032 0.78104 -0.16881 0.58907
1403638623.2778294086 4.33283 0.08527 0.19743 0.11726 0.78439 -0.17124 0.58451
1403638623.3778295517 4.26161 0.08961 0.19546 0.11492 0.78697 -0.17302 0.58099
1403638623.4778294563 4.18508 0.09937 0.19032 0.11559 0.78865 -0.17290 0.57860
1403638623.5778295994 4.10822 0.10597 0.18630 0.11694 0.78879 -0.17222 0.57834
1403638623.6778295040 4.02606 0.11436 0.19115 0.11834 0.78929 -0.17168 0.57754
1403638623.7778294086 3.94156 0.12253 0.20160 0.12055 0.79031 -0.17147 0.57574
1403638623.8778295517 3.85272 0.13320 0.21720 0.12194 0.79144 -0.17158 0.57385
1403638623.9778294563 3.75999 0.14499 0.23145 0.12351 0.79257 -0.17210 0.57180
1403638624.0778295994 3.66719 0.15875 0.24079 0.12184 0.79285 -0.17490 0.57093
1403638624.1778295040 3.57286 0.17216 0.24545 0.11940 0.79272 -0.17732 0.57087
1403638624.2778294086 3.47692 0.18764 0.24419 0.11737 0.79236 -0.17998 0.57096
1403638624.3778295517 3.38174 0.20243 0.23989 0.11699 0.79185 -0.18177 0.57118
1403638624.4778294563 3.28783 0.21461 0.23388 0.11842 0.79168 -0.18201 0.57104
1403638624.5778295994 3.18896 0.22892 0.22102 0.11388 0.78330 -0.18672 0.58189
1403638624.6778295040 3.08805 0.24203 0.20596 0.11559 0.77907 -0.18441 0.58795
1403638624.7778294086 2.98760 0.25294 0.19562 0.12037 0.78517 -0.17451 0.58186
1403638624.8778295517 2.87779 0.26924 0.19141 0.12170 0.79133 -0.16636 0.57560
1403638624.9778294563 2.77673 0.28284 0.19528 0.11437 0.79464 -0.16424 0.57314
1403638625.0778295994 2.67487 0.29734 0.20039 0.10672 0.79572 -0.16327 0.57340
1403638625.1778295040 2.56432 0.31562 0.20022 0.10036 0.79660 -0.16350 0.57325
1403638625.2778294086 2.46233 0.32744 0.19747 0.09829 0.79754 -0.16188 0.57277
1403638625.3778295517 2.35228 0.34232 0.19220 0.09715 0.79769 -0.16087 0.57304
1403638625.4778294563 2.25008 0.35075 0.19419 0.09611 0.79721 -0.16046 0.57400
1403638625.5778295994 2.14072 0.36279 0.20054 0.09677 0.79776 -0.15976 0.57331
1403638625.6778295040 2.03355 0.37216 0.21455 0.09686 0.79939 -0.15972 0.57103
1403638625.7778294086 1.92570 0.37915 0.23143 0.09561 0.80393 -0.16082 0.56454
1403638625.8778295517 1.81825 0.38772 0.24217 0.09582 0.80652 -0.16128 0.56065
1403638625.9778294563 1.71207 0.39163 0.24958 0.09687 0.80694 -0.16139 0.55984
1403638626.0778295994 1.61003 0.39561 0.25039 0.09533 0.80819 -0.16322 0.55776
1403638626.1778295040 1.51048 0.39686 0.24689 0.09556 0.80858 -0.16360 0.55704
1403638626.2778294086 1.41403 0.39621 0.23889 0.09856 0.80713 -0.16221 0.55904
1403638626.3778295517 1.31424 0.39521 0.22815 0.10649 0.80528 -0.15688 0.56176
1403638626.4778294563 1.22280 0.39415 0.21365 0.10896 0.80407 -0.15471 0.56363
1403638626.5778295994 1.12834 0.39436 0.19763 0.10959 0.80640 -0.15377 0.56041
1403638626.6778295040 1.04202 0.39469 0.18278 0.10834 0.80831 -0.15422 0.55778
1403638626.7778294086 0.95790 0.39690 0.17168 0.10569 0.81218 -0.15602 0.55214
1403638626.8778295517 0.87632 0.39807 0.16848 0.10512 0.81489 -0.15580 0.54830
1403638626.9778294563 0.80121 0.39916 0.17180 0.10442 0.81579 -0.15593 0.54705
1403638627.0778295994 0.73311 0.39982 0.17362 0.10376 0.81589 -0.15556 0.54714
1403638627.1778295040 0.66964 0.39862 0.16937 0.10300 0.81583 -0.15543 0.54741
1403638627.2778294086 0.61282 0.39680 0.16385 0.10430 0.81587 -0.15409 0.54748
1403638627.3778295517 0.56092 0.39513 0.15554 0.10636 0.81530 -0.15222 0.54845
1403638627.4778294563 0.51421 0.39341 0.14400 0.10657 0.81570 -0.15194 0.54790
1403638627.5778295994 0.47290 0.39183 0.13052 0.10784 0.81456 -0.15153 0.54945
1403638627.6778295040 0.44418 0.38950 0.11281 0.10994 0.81161 -0.15075 0.55360
1403638627.7778294086 0.41245 0.38906 0.09762 0.11173 0.80976 -0.14986 0.55619
1403638627.8778295517 0.38372 0.39048 0.08095 0.11270 0.80910 -0.14988 0.55695
1403638627.9778294563 0.35534 0.39340 0.06432 0.11308 0.81105 -0.15003 0.55399
1403638628.0778295994 0.33998 0.39683 0.04474 0.11405 0.81220 -0.15031 0.55202
1403638628.1778295040 0.31760 0.40233 0.03196 0.11511 0.81276 -0.15083 0.55084
1403638628.2778294086 0.30199 0.40957 0.02000 0.11527 0.81297 -0.15154 0.55030
1403638628.3778295517 0.29664 0.41638 0.00757 0.11390 0.81355 -0.15307 0.54930
1403638628.4778294563 0.28733 0.42597 0.00212 0.10804 0.81071 -0.15769 0.55336
1403638628.5778295994 0.28286 0.43535 -0.00009 0.10011 0.80350 -0.16332 0.56364
1403638628.6778295040 0.27808 0.44366 -0.00097 0.09465 0.79941 -0.16728 0.56921
1403638628.7778294086 0.29154 0.45214 -0.00322 0.09660 0.80067 -0.16668 0.56729
1403638628.8778295517 0.28224 0.45611 -0.01212 0.10104 0.80129 -0.16394 0.56644
1403638628.9778294563 0.27300 0.45881 -0.02398 0.10594 0.80199 -0.16102 0.56539
1403638629.0778295994 0.26260 0.46219 -0.03395 0.11071 0.80316 -0.15761 0.56376
1403638629.1778295040 0.24860 0.46433 -0.03946 0.11301 0.80436 -0.15553 0.56217
1403638629.2778294086 0.23595 0.47035 -0.04448 0.11363 0.80466 -0.15477 0.56183
1403638629.3778295517 0.22611 0.47687 -0.04729 0.11447 0.80771 -0.15486 0.55724
1403638629.4778294563 0.22074 0.48482 -0.04855 0.11305 0.81212 -0.15669 0.55057
1403638629.5778295994 0.22411 0.49154 -0.04785 0.10947 0.81510 -0.15949 0.54607
1403638629.6778295040 0.23166 0.49690 -0.04510 0.09852 0.81294 -0.16776 0.54889
1403638629.7778294086 0.23980 0.50043 -0.04154 0.09187 0.80729 -0.17300 0.55670
1403638629.8778295517 0.24735 0.50120 -0.04194 0.09037 0.80086 -0.17458 0.56567
1403638629.9778294563 0.25312 0.49835 -0.05049 0.10143 0.79536 -0.16769 0.57358
1403638630.0778295994 0.25522 0.49480 -0.06906 0.11057 0.79184 -0.16156 0.57850
1403638630.1778295040 0.25489 0.49275 -0.09764 0.11493 0.79464 -0.15817 0.57474
1403638630.2778294086 0.25044 0.49196 -0.13200 0.11566 0.79918 -0.15749 0.56844
1403638630.3778295517 0.25144 0.49477 -0.15798 0.11152 0.81858 -0.15861 0.54068
1403638630.4778294563 0.26301 0.49567 -0.14691 0.11124 0.80059 -0.15684 0.56752
1403638630.5778295994 0.27281 0.49644 -0.14846 0.11086 0.79987 -0.15797 0.56830
1403638630.6778295040 0.27945 0.49705 -0.17090 0.10803 0.81884 -0.15513 0.54200
1403638630.7778294086 0.27933 0.49000 -0.17438 0.11054 0.82575 -0.14936 0.53255
1403638630.8778295517 0.27217 0.48939 -0.17933 0.10577 0.82443 -0.15038 0.53527
1403638630.9778294563 0.26682 0.48966 -0.18261 0.10595 0.82430 -0.15061 0.53537
1403638631.0778295994 0.25940 0.49019 -0.18682 0.10664 0.82437 -0.15014 0.53526
1403638631.1778295040 0.25234 0.49041 -0.19099 0.10656 0.82440 -0.15037 0.53516
1403638631.2778294086 0.24463 0.49084 -0.19478 0.10645 0.82446 -0.15036 0.53509
1403638631.3778295517 0.23702 0.49117 -0.19828 0.10619 0.82453 -0.15056 0.53498
1403638631.4778294563 0.22962 0.49149 -0.20156 0.10596 0.82447 -0.15085 0.53504
1403638631.5778295994 0.22180 0.49175 -0.20494 0.10586 0.82445 -0.15093 0.53507
1403638631.6778295040 0.21431 0.49182 -0.20806 0.10554 0.82444 -0.15134 0.53503
